# Temperatura_=_41.49
# Concentracion g/m^3_=_11780.0
# C_Vs_to_Am_M_A/Vsm_=_59384043850.047264
# pendiente_HvsI_1/m_=_3716.3
# ordenada_HvsI_A/m_=_1297.0
# frecuencia_Hz_=_301534.1505378915

Tiempo_(s)	Campo_(V.s)	Magnetizacion_(V.s)	Campo_(kA/m)	Magnetizacion_(A/m)
0.000000e+00	-8.084830e-06	-1.509109e-08	-5.691910e+01	-8.959182e+02
1.000000e-08	-8.082049e-06	-1.508881e-08	-5.689952e+01	-8.956721e+02
2.000000e-08	-8.076610e-06	-1.508723e-08	-5.686123e+01	-8.953399e+02
3.000000e-08	-8.068565e-06	-1.508169e-08	-5.680460e+01	-8.949545e+02
4.000000e-08	-8.057613e-06	-1.507423e-08	-5.672749e+01	-8.945219e+02
5.000000e-08	-8.043721e-06	-1.506401e-08	-5.662968e+01	-8.940169e+02
6.000000e-08	-8.026973e-06	-1.505585e-08	-5.651178e+01	-8.933913e+02
7.000000e-08	-8.007645e-06	-1.505458e-08	-5.637570e+01	-8.925919e+02
8.000000e-08	-7.985812e-06	-1.500997e-08	-5.622199e+01	-8.915803e+02
9.000000e-08	-7.960807e-06	-1.495493e-08	-5.604595e+01	-8.903490e+02
1.000000e-07	-7.932469e-06	-1.495658e-08	-5.584644e+01	-8.889259e+02
1.100000e-07	-7.901283e-06	-1.496815e-08	-5.562689e+01	-8.873659e+02
1.200000e-07	-7.867375e-06	-1.494100e-08	-5.538817e+01	-8.857324e+02
1.300000e-07	-7.830912e-06	-1.490057e-08	-5.513146e+01	-8.840756e+02
1.400000e-07	-7.792360e-06	-1.490972e-08	-5.486005e+01	-8.824146e+02
1.500000e-07	-7.751571e-06	-1.484698e-08	-5.457288e+01	-8.807313e+02
1.600000e-07	-7.707879e-06	-1.479736e-08	-5.426528e+01	-8.789773e+02
1.700000e-07	-7.661361e-06	-1.480217e-08	-5.393778e+01	-8.770912e+02
1.800000e-07	-7.612049e-06	-1.470985e-08	-5.359061e+01	-8.750202e+02
1.900000e-07	-7.559542e-06	-1.470289e-08	-5.322096e+01	-8.727390e+02
2.000000e-07	-7.504141e-06	-1.468626e-08	-5.283092e+01	-8.702568e+02
2.100000e-07	-7.446034e-06	-1.462082e-08	-5.242183e+01	-8.676130e+02
2.200000e-07	-7.385261e-06	-1.457746e-08	-5.199397e+01	-8.648609e+02
2.300000e-07	-7.321862e-06	-1.451255e-08	-5.154763e+01	-8.620476e+02
2.400000e-07	-7.255726e-06	-1.449400e-08	-5.108201e+01	-8.591961e+02
2.500000e-07	-7.186997e-06	-1.442180e-08	-5.059815e+01	-8.562968e+02
2.600000e-07	-7.115622e-06	-1.436264e-08	-5.009565e+01	-8.533118e+02
2.700000e-07	-7.041424e-06	-1.432675e-08	-4.957328e+01	-8.501886e+02
2.800000e-07	-6.964414e-06	-1.427652e-08	-4.903111e+01	-8.468796e+02
2.900000e-07	-6.884634e-06	-1.421822e-08	-4.846944e+01	-8.433591e+02
3.000000e-07	-6.802370e-06	-1.412640e-08	-4.789029e+01	-8.396319e+02
3.100000e-07	-6.717907e-06	-1.407694e-08	-4.729565e+01	-8.357307e+02
3.200000e-07	-6.631208e-06	-1.401170e-08	-4.668527e+01	-8.317031e+02
3.300000e-07	-6.542160e-06	-1.394666e-08	-4.605834e+01	-8.275943e+02
3.400000e-07	-6.450738e-06	-1.387661e-08	-4.541471e+01	-8.234305e+02
3.500000e-07	-6.357028e-06	-1.379745e-08	-4.475497e+01	-8.192102e+02
3.600000e-07	-6.260995e-06	-1.373281e-08	-4.407887e+01	-8.149057e+02
3.700000e-07	-6.162622e-06	-1.365103e-08	-4.338631e+01	-8.104741e+02
3.800000e-07	-6.062072e-06	-1.356828e-08	-4.267841e+01	-8.058731e+02
3.900000e-07	-5.959372e-06	-1.347598e-08	-4.195538e+01	-8.010761e+02
4.000000e-07	-5.854427e-06	-1.340820e-08	-4.121654e+01	-7.960806e+02
4.100000e-07	-5.747355e-06	-1.333184e-08	-4.046273e+01	-7.909074e+02
4.200000e-07	-5.638363e-06	-1.324018e-08	-3.969540e+01	-7.855912e+02
4.300000e-07	-5.527462e-06	-1.314431e-08	-3.891463e+01	-7.801657e+02
4.400000e-07	-5.414396e-06	-1.305234e-08	-3.811862e+01	-7.746508e+02
4.500000e-07	-5.299019e-06	-1.296052e-08	-3.730634e+01	-7.690438e+02
4.600000e-07	-5.181566e-06	-1.285602e-08	-3.647944e+01	-7.633208e+02
4.700000e-07	-5.062323e-06	-1.275455e-08	-3.563995e+01	-7.574450e+02
4.800000e-07	-4.941253e-06	-1.265306e-08	-3.478759e+01	-7.513801e+02
4.900000e-07	-4.818349e-06	-1.255915e-08	-3.392231e+01	-7.451034e+02
5.000000e-07	-4.693767e-06	-1.245127e-08	-3.304522e+01	-7.386133e+02
5.100000e-07	-4.567582e-06	-1.233431e-08	-3.215685e+01	-7.319287e+02
5.200000e-07	-4.439792e-06	-1.221531e-08	-3.125718e+01	-7.250815e+02
5.300000e-07	-4.310295e-06	-1.210093e-08	-3.034549e+01	-7.181030e+02
5.400000e-07	-4.179187e-06	-1.197858e-08	-2.942246e+01	-7.110113e+02
5.500000e-07	-4.046590e-06	-1.185017e-08	-2.848895e+01	-7.038032e+02
5.600000e-07	-3.912571e-06	-1.172878e-08	-2.754542e+01	-6.964540e+02
5.700000e-07	-3.777170e-06	-1.161066e-08	-2.659216e+01	-6.889239e+02
5.800000e-07	-3.640303e-06	-1.148488e-08	-2.562859e+01	-6.811710e+02
5.900000e-07	-3.501990e-06	-1.134556e-08	-2.465483e+01	-6.731637e+02
6.000000e-07	-3.362284e-06	-1.120638e-08	-2.367127e+01	-6.648898e+02
6.100000e-07	-3.221198e-06	-1.106574e-08	-2.267799e+01	-6.563586e+02
6.200000e-07	-3.078727e-06	-1.091984e-08	-2.167496e+01	-6.475951e+02
6.300000e-07	-2.934999e-06	-1.076401e-08	-2.066308e+01	-6.386291e+02
6.400000e-07	-2.790227e-06	-1.060912e-08	-1.964385e+01	-6.294825e+02
6.500000e-07	-2.644554e-06	-1.045845e-08	-1.861828e+01	-6.201599e+02
6.600000e-07	-2.497994e-06	-1.030311e-08	-1.758646e+01	-6.106453e+02
6.700000e-07	-2.350615e-06	-1.013728e-08	-1.654888e+01	-6.009058e+02
6.800000e-07	-2.202521e-06	-9.964062e-09	-1.550626e+01	-5.909009e+02
6.900000e-07	-2.053711e-06	-9.791654e-09	-1.445861e+01	-5.805947e+02
7.000000e-07	-1.904187e-06	-9.615163e-09	-1.340593e+01	-5.699652e+02
7.100000e-07	-1.754038e-06	-9.429620e-09	-1.234884e+01	-5.590087e+02
7.200000e-07	-1.603322e-06	-9.237469e-09	-1.128777e+01	-5.477375e+02
7.300000e-07	-1.452029e-06	-9.046648e-09	-1.022263e+01	-5.361715e+02
7.400000e-07	-1.300134e-06	-8.853115e-09	-9.153251e+00	-5.243276e+02
7.500000e-07	-1.147679e-06	-8.647480e-09	-8.079927e+00	-5.122093e+02
7.600000e-07	-9.947608e-07	-8.432219e-09	-7.003350e+00	-4.998010e+02
7.700000e-07	-8.414180e-07	-8.217345e-09	-5.923781e+00	-4.870679e+02
7.800000e-07	-6.877141e-07	-8.002563e-09	-4.841669e+00	-4.739613e+02
7.900000e-07	-5.338082e-07	-7.776588e-09	-3.758135e+00	-4.604265e+02
8.000000e-07	-3.797337e-07	-7.537137e-09	-2.673414e+00	-4.464107e+02
8.100000e-07	-2.254937e-07	-7.288769e-09	-1.587528e+00	-4.318678e+02
8.200000e-07	-7.112891e-08	-7.035379e-09	-5.007642e-01	-4.167587e+02
8.300000e-07	8.328382e-08	-6.772353e-09	5.863377e-01	-4.010485e+02
8.400000e-07	2.376087e-07	-6.495916e-09	1.672821e+00	-3.847015e+02
8.500000e-07	3.918356e-07	-6.207950e-09	2.758615e+00	-3.676782e+02
8.600000e-07	5.459586e-07	-5.910656e-09	3.843677e+00	-3.499355e+02
8.700000e-07	6.998975e-07	-5.599938e-09	4.927443e+00	-3.314304e+02
8.800000e-07	8.535773e-07	-5.269575e-09	6.009384e+00	-3.121255e+02
8.900000e-07	1.006927e-06	-4.925248e-09	7.089002e+00	-2.919938e+02
9.000000e-07	1.159818e-06	-4.573237e-09	8.165390e+00	-2.710188e+02
9.100000e-07	1.312164e-06	-4.211526e-09	9.237944e+00	-2.491879e+02
9.200000e-07	1.463930e-06	-3.831839e-09	1.030641e+01	-2.264800e+02
9.300000e-07	1.615122e-06	-3.431068e-09	1.137084e+01	-2.028506e+02
9.400000e-07	1.765753e-06	-3.012532e-09	1.243131e+01	-1.782194e+02
9.500000e-07	1.915725e-06	-2.576118e-09	1.348715e+01	-1.524664e+02
9.600000e-07	2.065012e-06	-2.117990e-09	1.453817e+01	-1.254399e+02
9.700000e-07	2.213602e-06	-1.634372e-09	1.558428e+01	-9.697748e+01
9.800000e-07	2.361420e-06	-1.126513e-09	1.662495e+01	-6.693710e+01
9.900000e-07	2.508444e-06	-5.941124e-10	1.766004e+01	-3.523072e+01
1.000000e-06	2.654632e-06	-3.129510e-11	1.868923e+01	-1.853449e+00
1.010000e-06	2.799915e-06	5.639449e-10	1.971206e+01	3.309949e+01
1.020000e-06	2.944166e-06	1.181360e-09	2.072762e+01	6.943177e+01
1.030000e-06	3.087302e-06	1.811544e-09	2.173533e+01	1.068609e+02
1.040000e-06	3.229258e-06	2.455002e-09	2.273474e+01	1.450447e+02
1.050000e-06	3.369994e-06	3.108757e-09	2.372555e+01	1.836122e+02
1.060000e-06	3.509462e-06	3.762527e-09	2.470744e+01	2.221929e+02
1.070000e-06	3.647570e-06	4.406212e-09	2.567975e+01	2.604372e+02
1.080000e-06	3.784238e-06	5.037912e-09	2.664192e+01	2.980281e+02
1.090000e-06	3.919499e-06	5.657414e-09	2.759419e+01	3.346848e+02
1.100000e-06	4.053418e-06	6.258460e-09	2.853702e+01	3.701627e+02
1.110000e-06	4.185911e-06	6.832106e-09	2.946980e+01	4.042534e+02
1.120000e-06	4.316904e-06	7.377836e-09	3.039202e+01	4.367883e+02
1.130000e-06	4.446255e-06	7.898504e-09	3.130268e+01	4.676458e+02
1.140000e-06	4.573917e-06	8.391260e-09	3.220145e+01	4.967586e+02
1.150000e-06	4.700011e-06	8.851414e-09	3.308918e+01	5.241171e+02
1.160000e-06	4.824575e-06	9.278296e-09	3.396614e+01	5.497664e+02
1.170000e-06	4.947494e-06	9.680381e-09	3.483152e+01	5.737930e+02
1.180000e-06	5.068574e-06	1.006151e-08	3.568395e+01	5.963060e+02
1.190000e-06	5.187787e-06	1.041706e-08	3.652324e+01	6.174150e+02
1.200000e-06	5.305130e-06	1.074703e-08	3.734936e+01	6.372130e+02
1.210000e-06	5.420448e-06	1.105751e-08	3.816123e+01	6.557674e+02
1.220000e-06	5.533581e-06	1.135036e-08	3.895771e+01	6.731228e+02
1.230000e-06	5.644617e-06	1.162259e-08	3.973943e+01	6.893131e+02
1.240000e-06	5.753745e-06	1.187310e-08	4.050771e+01	7.043777e+02
1.250000e-06	5.860885e-06	1.210754e-08	4.126201e+01	7.183750e+02
1.260000e-06	5.965852e-06	1.232971e-08	4.200100e+01	7.313879e+02
1.270000e-06	6.068652e-06	1.253518e-08	4.272474e+01	7.435184e+02
1.280000e-06	6.169355e-06	1.272252e-08	4.343371e+01	7.548728e+02
1.290000e-06	6.267767e-06	1.289785e-08	4.412655e+01	7.655435e+02
1.300000e-06	6.363766e-06	1.306767e-08	4.480241e+01	7.755939e+02
1.310000e-06	6.457537e-06	1.322969e-08	4.546258e+01	7.850522e+02
1.320000e-06	6.549144e-06	1.337898e-08	4.610751e+01	7.939180e+02
1.330000e-06	6.638423e-06	1.351542e-08	4.673606e+01	8.021774e+02
1.340000e-06	6.725357e-06	1.364269e-08	4.734809e+01	8.098241e+02
1.350000e-06	6.810041e-06	1.376032e-08	4.794429e+01	8.168758e+02
1.360000e-06	6.892339e-06	1.386574e-08	4.852369e+01	8.233818e+02
1.370000e-06	6.972086e-06	1.396274e-08	4.908513e+01	8.294180e+02
1.380000e-06	7.049307e-06	1.405859e-08	4.962878e+01	8.350712e+02
1.390000e-06	7.123878e-06	1.415440e-08	5.015377e+01	8.404186e+02
1.400000e-06	7.195761e-06	1.424221e-08	5.065985e+01	8.455099e+02
1.410000e-06	7.265160e-06	1.432131e-08	5.114843e+01	8.503593e+02
1.420000e-06	7.331995e-06	1.439754e-08	5.161897e+01	8.549493e+02
1.430000e-06	7.396131e-06	1.447182e-08	5.207050e+01	8.592459e+02
1.440000e-06	7.457732e-06	1.453919e-08	5.250419e+01	8.632183e+02
1.450000e-06	7.516794e-06	1.459643e-08	5.292000e+01	8.668567e+02
1.460000e-06	7.573163e-06	1.464992e-08	5.331685e+01	8.701802e+02
1.470000e-06	7.626723e-06	1.470513e-08	5.369392e+01	8.732337e+02
1.480000e-06	7.677116e-06	1.475816e-08	5.404870e+01	8.760732e+02
1.490000e-06	7.724442e-06	1.480379e-08	5.438188e+01	8.787477e+02
1.500000e-06	7.769099e-06	1.484362e-08	5.469629e+01	8.812832e+02
1.510000e-06	7.810970e-06	1.488418e-08	5.499107e+01	8.836755e+02
1.520000e-06	7.849966e-06	1.492321e-08	5.526561e+01	8.858954e+02
1.530000e-06	7.886316e-06	1.495389e-08	5.552152e+01	8.879030e+02
1.540000e-06	7.919946e-06	1.497922e-08	5.575828e+01	8.896659e+02
1.550000e-06	7.950753e-06	1.500584e-08	5.597517e+01	8.911750e+02
1.560000e-06	7.978878e-06	1.503183e-08	5.617318e+01	8.924501e+02
1.570000e-06	8.004131e-06	1.505121e-08	5.635096e+01	8.935341e+02
1.580000e-06	8.026471e-06	1.506441e-08	5.650824e+01	8.944788e+02
1.590000e-06	8.046153e-06	1.507732e-08	5.664681e+01	8.953266e+02
1.600000e-06	8.063054e-06	1.509248e-08	5.676579e+01	8.960960e+02
1.610000e-06	8.076953e-06	1.510328e-08	5.686364e+01	8.967770e+02
1.620000e-06	8.087665e-06	1.510757e-08	5.693906e+01	8.973378e+02
1.630000e-06	8.095281e-06	1.511237e-08	5.699268e+01	8.977396e+02
1.640000e-06	8.100151e-06	1.511911e-08	5.702697e+01	8.979548e+02
1.650000e-06	8.102215e-06	1.511902e-08	5.704150e+01	8.979800e+02
1.660000e-06	8.101443e-06	1.511717e-08	5.703606e+01	8.978387e+02
1.670000e-06	8.098046e-06	1.511577e-08	5.701214e+01	8.975737e+02
1.680000e-06	8.091937e-06	1.511307e-08	5.696914e+01	8.972299e+02
1.690000e-06	8.083121e-06	1.510656e-08	5.690707e+01	8.968363e+02
1.700000e-06	8.071628e-06	1.509305e-08	5.682616e+01	8.963931e+02
1.710000e-06	8.057309e-06	1.507530e-08	5.672535e+01	8.958701e+02
1.720000e-06	8.040384e-06	1.504821e-08	5.660619e+01	8.952170e+02
1.730000e-06	8.021218e-06	1.504895e-08	5.647126e+01	8.943814e+02
1.740000e-06	7.999408e-06	1.508805e-08	5.631771e+01	8.933297e+02
1.750000e-06	7.974099e-06	1.506193e-08	5.613953e+01	8.920609e+02
1.760000e-06	7.944985e-06	1.500085e-08	5.593456e+01	8.906084e+02
1.770000e-06	7.912615e-06	1.497302e-08	5.570667e+01	8.890304e+02
1.780000e-06	7.877807e-06	1.493310e-08	5.546161e+01	8.873895e+02
1.790000e-06	7.840634e-06	1.486051e-08	5.519990e+01	8.857313e+02
1.800000e-06	7.801252e-06	1.491177e-08	5.492265e+01	8.840683e+02
1.810000e-06	7.759674e-06	1.484809e-08	5.462993e+01	8.823764e+02
1.820000e-06	7.715475e-06	1.478030e-08	5.431876e+01	8.806030e+02
1.830000e-06	7.668630e-06	1.484056e-08	5.398896e+01	8.786868e+02
1.840000e-06	7.618840e-06	1.474327e-08	5.363842e+01	8.765788e+02
1.850000e-06	7.566001e-06	1.474458e-08	5.326643e+01	8.742597e+02
1.860000e-06	7.510338e-06	1.466057e-08	5.287454e+01	8.717448e+02
1.870000e-06	7.451935e-06	1.460645e-08	5.246337e+01	8.690773e+02
1.880000e-06	7.390982e-06	1.461152e-08	5.203425e+01	8.663111e+02
1.890000e-06	7.327236e-06	1.450792e-08	5.158546e+01	8.634899e+02
1.900000e-06	7.260742e-06	1.451233e-08	5.111733e+01	8.606311e+02
1.910000e-06	7.191526e-06	1.442996e-08	5.063003e+01	8.577196e+02
1.920000e-06	7.119479e-06	1.439213e-08	5.012280e+01	8.547136e+02
1.930000e-06	7.044862e-06	1.435692e-08	4.959748e+01	8.515599e+02
1.940000e-06	6.967497e-06	1.426928e-08	4.905282e+01	8.482139e+02
1.950000e-06	6.887501e-06	1.423555e-08	4.848963e+01	8.446549e+02
1.960000e-06	6.805087e-06	1.413855e-08	4.790941e+01	8.408933e+02
1.970000e-06	6.720194e-06	1.410907e-08	4.731174e+01	8.369656e+02
1.980000e-06	6.632793e-06	1.402037e-08	4.669642e+01	8.329202e+02
1.990000e-06	6.543029e-06	1.394237e-08	4.606446e+01	8.288001e+02
2.000000e-06	6.451079e-06	1.388612e-08	4.541711e+01	8.246268e+02
2.010000e-06	6.356828e-06	1.380865e-08	4.475356e+01	8.203938e+02
2.020000e-06	6.260334e-06	1.375289e-08	4.407422e+01	8.160696e+02
2.030000e-06	6.161644e-06	1.365627e-08	4.337943e+01	8.116102e+02
2.040000e-06	6.060711e-06	1.359904e-08	4.266883e+01	8.069752e+02
2.050000e-06	5.957513e-06	1.350813e-08	4.194229e+01	8.021419e+02
2.060000e-06	5.852130e-06	1.342526e-08	4.120037e+01	7.971123e+02
2.070000e-06	5.744747e-06	1.332365e-08	4.044437e+01	7.919106e+02
2.080000e-06	5.635301e-06	1.323188e-08	3.967384e+01	7.865722e+02
2.090000e-06	5.523788e-06	1.315086e-08	3.888877e+01	7.811296e+02
2.100000e-06	5.410235e-06	1.306032e-08	3.808932e+01	7.755988e+02
2.110000e-06	5.294557e-06	1.296964e-08	3.727493e+01	7.699731e+02
2.120000e-06	5.176756e-06	1.286663e-08	3.644558e+01	7.642253e+02
2.130000e-06	5.057033e-06	1.277228e-08	3.560270e+01	7.583179e+02
2.140000e-06	4.935546e-06	1.266145e-08	3.474740e+01	7.522160e+02
2.150000e-06	4.812283e-06	1.255307e-08	3.387960e+01	7.459003e+02
2.160000e-06	4.687182e-06	1.243831e-08	3.299887e+01	7.393732e+02
2.170000e-06	4.560280e-06	1.233301e-08	3.210544e+01	7.326568e+02
2.180000e-06	4.431822e-06	1.222147e-08	3.120107e+01	7.257838e+02
2.190000e-06	4.301905e-06	1.210820e-08	3.028642e+01	7.187839e+02
2.200000e-06	4.170502e-06	1.198522e-08	2.936131e+01	7.116720e+02
2.210000e-06	4.037525e-06	1.186123e-08	2.842512e+01	7.044408e+02
2.220000e-06	3.903004e-06	1.173499e-08	2.747807e+01	6.970621e+02
2.230000e-06	3.767089e-06	1.160194e-08	2.652119e+01	6.894948e+02
2.240000e-06	3.629878e-06	1.146665e-08	2.555519e+01	6.816980e+02
2.250000e-06	3.491328e-06	1.133062e-08	2.457977e+01	6.736430e+02
2.260000e-06	3.351443e-06	1.119760e-08	2.359494e+01	6.653216e+02
2.270000e-06	3.210268e-06	1.105539e-08	2.260104e+01	6.567465e+02
2.280000e-06	3.067778e-06	1.090738e-08	2.159788e+01	6.479444e+02
2.290000e-06	2.924131e-06	1.075248e-08	2.058657e+01	6.389446e+02
2.300000e-06	2.779470e-06	1.059530e-08	1.956812e+01	6.297665e+02
2.310000e-06	2.633866e-06	1.043341e-08	1.854304e+01	6.204111e+02
2.320000e-06	2.487437e-06	1.026925e-08	1.751214e+01	6.108588e+02
2.330000e-06	2.340220e-06	1.010604e-08	1.647570e+01	6.010745e+02
2.340000e-06	2.192104e-06	9.943316e-09	1.543293e+01	5.910179e+02
2.350000e-06	2.043111e-06	9.772801e-09	1.438398e+01	5.806548e+02
2.360000e-06	1.893363e-06	9.591828e-09	1.332972e+01	5.699663e+02
2.370000e-06	1.742932e-06	9.401659e-09	1.227065e+01	5.589520e+02
2.380000e-06	1.591901e-06	9.208952e-09	1.120736e+01	5.476263e+02
2.390000e-06	1.440326e-06	9.011754e-09	1.014023e+01	5.360094e+02
2.400000e-06	1.288296e-06	8.810043e-09	9.069906e+00	5.241164e+02
2.410000e-06	1.135814e-06	8.604180e-09	7.996396e+00	5.119477e+02
2.420000e-06	9.829128e-07	8.397543e-09	6.919937e+00	4.994841e+02
2.430000e-06	8.296681e-07	8.187883e-09	5.841059e+00	4.866879e+02
2.440000e-06	6.761251e-07	7.965346e-09	4.760080e+00	4.735085e+02
2.450000e-06	5.223757e-07	7.732536e-09	3.677648e+00	4.598912e+02
2.460000e-06	3.684623e-07	7.491655e-09	2.594061e+00	4.457842e+02
2.470000e-06	2.144450e-07	7.245108e-09	1.509743e+00	4.311425e+02
2.480000e-06	6.036961e-08	6.988812e-09	4.250162e-01	4.159283e+02
2.490000e-06	-9.374854e-08	6.722484e-09	-6.600118e-01	4.001068e+02
2.500000e-06	-2.477731e-07	6.447684e-09	-1.744381e+00	3.836417e+02
2.510000e-06	-4.016747e-07	6.163036e-09	-2.827884e+00	3.664929e+02
2.520000e-06	-5.554742e-07	5.864648e-09	-3.910669e+00	3.486168e+02
2.530000e-06	-7.090508e-07	5.548003e-09	-4.991884e+00	3.299710e+02
2.540000e-06	-8.623460e-07	5.215519e-09	-6.071119e+00	3.105198e+02
2.550000e-06	-1.015367e-06	4.871392e-09	-7.148425e+00	2.902382e+02
2.560000e-06	-1.168018e-06	4.516005e-09	-8.223119e+00	2.691110e+02
2.570000e-06	-1.320193e-06	4.148808e-09	-9.294466e+00	2.471252e+02
2.580000e-06	-1.471887e-06	3.767791e-09	-1.036243e+01	2.242566e+02
2.590000e-06	-1.623069e-06	3.371804e-09	-1.142679e+01	2.004550e+02
2.600000e-06	-1.773713e-06	2.957926e-09	-1.248736e+01	1.756331e+02
2.610000e-06	-1.923738e-06	2.520540e-09	-1.354357e+01	1.496641e+02
2.620000e-06	-2.073018e-06	2.058374e-09	-1.459454e+01	1.223926e+02
2.630000e-06	-2.221434e-06	1.572399e-09	-1.563941e+01	9.365743e+01
2.640000e-06	-2.368960e-06	1.062515e-09	-1.667804e+01	6.332361e+01
2.650000e-06	-2.515697e-06	5.280899e-10	-1.771110e+01	3.131615e+01
2.660000e-06	-2.661629e-06	-3.275522e-11	-1.873849e+01	-2.352787e+00
2.670000e-06	-2.806683e-06	-6.204769e-10	-1.975971e+01	-3.756951e+01
2.680000e-06	-2.950753e-06	-1.230413e-09	-2.077399e+01	-7.412082e+01
2.690000e-06	-3.093745e-06	-1.859411e-09	-2.178069e+01	-1.117114e+02
2.700000e-06	-3.235560e-06	-2.503983e-09	-2.277910e+01	-1.499915e+02
2.710000e-06	-3.376055e-06	-3.156676e-09	-2.376822e+01	-1.885885e+02
2.720000e-06	-3.515158e-06	-3.805891e-09	-2.474754e+01	-2.271343e+02
2.730000e-06	-3.652945e-06	-4.445016e-09	-2.571759e+01	-2.652844e+02
2.740000e-06	-3.789399e-06	-5.072619e-09	-2.667826e+01	-3.027283e+02
2.750000e-06	-3.924451e-06	-5.684698e-09	-2.762906e+01	-3.391918e+02
2.760000e-06	-4.058102e-06	-6.275187e-09	-2.856999e+01	-3.744365e+02
2.770000e-06	-4.190291e-06	-6.841755e-09	-2.950063e+01	-4.082608e+02
2.780000e-06	-4.321039e-06	-7.385562e-09	-3.042113e+01	-4.405040e+02
2.790000e-06	-4.450342e-06	-7.905046e-09	-3.133146e+01	-4.710535e+02
2.800000e-06	-4.578104e-06	-8.393551e-09	-3.223093e+01	-4.998523e+02
2.810000e-06	-4.704206e-06	-8.848233e-09	-3.311872e+01	-5.269013e+02
2.820000e-06	-4.828563e-06	-9.272266e-09	-3.399422e+01	-5.522538e+02
2.830000e-06	-4.951209e-06	-9.670368e-09	-3.485767e+01	-5.760022e+02
2.840000e-06	-5.072151e-06	-1.004596e-08	-3.570914e+01	-5.982570e+02
2.850000e-06	-5.191197e-06	-1.039873e-08	-3.654725e+01	-6.191261e+02
2.860000e-06	-5.308123e-06	-1.073157e-08	-3.737044e+01	-6.386982e+02
2.870000e-06	-5.422901e-06	-1.104533e-08	-3.817850e+01	-6.570360e+02
2.880000e-06	-5.535520e-06	-1.133687e-08	-3.897136e+01	-6.741812e+02
2.890000e-06	-5.645931e-06	-1.160438e-08	-3.974868e+01	-6.901676e+02
2.900000e-06	-5.754322e-06	-1.185116e-08	-4.051178e+01	-7.050369e+02
2.910000e-06	-5.860885e-06	-1.208279e-08	-4.126201e+01	-7.188520e+02
2.920000e-06	-5.965468e-06	-1.230022e-08	-4.199830e+01	-7.316998e+02
2.930000e-06	-6.067774e-06	-1.250319e-08	-4.271855e+01	-7.436844e+02
2.940000e-06	-6.167817e-06	-1.269468e-08	-4.342288e+01	-7.549110e+02
2.950000e-06	-6.265793e-06	-1.287601e-08	-4.411266e+01	-7.654676e+02
2.960000e-06	-6.361626e-06	-1.304558e-08	-4.478734e+01	-7.754114e+02
2.970000e-06	-6.455123e-06	-1.320212e-08	-4.544558e+01	-7.847649e+02
2.980000e-06	-6.546346e-06	-1.334685e-08	-4.608782e+01	-7.935238e+02
2.990000e-06	-6.635400e-06	-1.348470e-08	-4.671478e+01	-8.016741e+02
3.000000e-06	-6.722052e-06	-1.361484e-08	-4.732483e+01	-8.092127e+02
3.010000e-06	-6.806190e-06	-1.373458e-08	-4.791718e+01	-8.161627e+02
3.020000e-06	-6.888012e-06	-1.384343e-08	-4.849322e+01	-8.225790e+02
3.030000e-06	-6.967405e-06	-1.394317e-08	-4.905217e+01	-8.285408e+02
3.040000e-06	-7.044093e-06	-1.403831e-08	-4.959207e+01	-8.341346e+02
3.050000e-06	-7.118121e-06	-1.412706e-08	-5.011324e+01	-8.394339e+02
3.060000e-06	-7.189585e-06	-1.421036e-08	-5.061637e+01	-8.444824e+02
3.070000e-06	-7.258397e-06	-1.429071e-08	-5.110082e+01	-8.492878e+02
3.080000e-06	-7.324644e-06	-1.436901e-08	-5.156722e+01	-8.538284e+02
3.090000e-06	-7.388380e-06	-1.443981e-08	-5.201593e+01	-8.580692e+02
3.100000e-06	-7.449428e-06	-1.450497e-08	-5.244572e+01	-8.619822e+02
3.110000e-06	-7.507807e-06	-1.456506e-08	-5.285673e+01	-8.655625e+02
3.120000e-06	-7.563529e-06	-1.462049e-08	-5.324902e+01	-8.688343e+02
3.130000e-06	-7.616340e-06	-1.467172e-08	-5.362082e+01	-8.718457e+02
3.140000e-06	-7.666060e-06	-1.471794e-08	-5.397086e+01	-8.746529e+02
3.150000e-06	-7.712777e-06	-1.476287e-08	-5.429977e+01	-8.773019e+02
3.160000e-06	-7.756901e-06	-1.480696e-08	-5.461040e+01	-8.798132e+02
3.170000e-06	-7.798545e-06	-1.484570e-08	-5.490359e+01	-8.821778e+02
3.180000e-06	-7.837432e-06	-1.487861e-08	-5.517736e+01	-8.843631e+02
3.190000e-06	-7.873540e-06	-1.491174e-08	-5.543157e+01	-8.863291e+02
3.200000e-06	-7.906990e-06	-1.494407e-08	-5.566706e+01	-8.880469e+02
3.210000e-06	-7.937601e-06	-1.497153e-08	-5.588258e+01	-8.895123e+02
3.220000e-06	-7.965267e-06	-1.499216e-08	-5.607735e+01	-8.907499e+02
3.230000e-06	-7.990195e-06	-1.500976e-08	-5.625285e+01	-8.918056e+02
3.240000e-06	-8.012303e-06	-1.502698e-08	-5.640850e+01	-8.927308e+02
3.250000e-06	-8.031536e-06	-1.504283e-08	-5.654390e+01	-8.935644e+02
3.260000e-06	-8.047934e-06	-1.505415e-08	-5.665935e+01	-8.943198e+02
3.270000e-06	-8.061264e-06	-1.506329e-08	-5.675319e+01	-8.949824e+02
3.280000e-06	-8.071561e-06	-1.507283e-08	-5.682568e+01	-8.955179e+02
3.290000e-06	-8.078964e-06	-1.508352e-08	-5.687780e+01	-8.958881e+02
3.300000e-06	-8.083475e-06	-1.509082e-08	-5.690956e+01	-8.960692e+02
3.310000e-06	-8.085264e-06	-1.509347e-08	-5.692216e+01	-8.960625e+02
