# Temperatura_=_30.5
# Concentracion g/m^3_=_11780.0
# C_Vs_to_Am_M_A/Vsm_=_59384043850.047264
# pendiente_HvsI_1/m_=_3716.3
# ordenada_HvsI_A/m_=_1297.0
# frecuencia_Hz_=_301534.2536679899

Tiempo_(s)	Campo_(V.s)	Magnetizacion_(V.s)	Campo_(kA/m)	Magnetizacion_(A/m)
0.000000e+00	-8.123928e-06	-1.508979e-08	-5.691868e+01	-8.962167e+02
1.000000e-08	-8.120767e-06	-1.508314e-08	-5.689654e+01	-8.958976e+02
2.000000e-08	-8.114917e-06	-1.507868e-08	-5.685555e+01	-8.955313e+02
3.000000e-08	-8.106364e-06	-1.507221e-08	-5.679563e+01	-8.951655e+02
4.000000e-08	-8.094932e-06	-1.506568e-08	-5.671553e+01	-8.947985e+02
5.000000e-08	-8.080578e-06	-1.505856e-08	-5.661496e+01	-8.943794e+02
6.000000e-08	-8.063373e-06	-1.505717e-08	-5.649442e+01	-8.938258e+02
7.000000e-08	-8.043649e-06	-1.505576e-08	-5.635623e+01	-8.930552e+02
8.000000e-08	-8.021335e-06	-1.498267e-08	-5.619989e+01	-8.920163e+02
9.000000e-08	-7.995788e-06	-1.493652e-08	-5.602089e+01	-8.907092e+02
1.000000e-07	-7.966901e-06	-1.496364e-08	-5.581851e+01	-8.891876e+02
1.100000e-07	-7.935166e-06	-1.496584e-08	-5.559616e+01	-8.875404e+02
1.200000e-07	-7.900761e-06	-1.492145e-08	-5.535511e+01	-8.858608e+02
1.300000e-07	-7.863850e-06	-1.488911e-08	-5.509650e+01	-8.842135e+02
1.400000e-07	-7.824815e-06	-1.491643e-08	-5.482301e+01	-8.826125e+02
1.500000e-07	-7.783375e-06	-1.482485e-08	-5.453267e+01	-8.810163e+02
1.600000e-07	-7.739038e-06	-1.480378e-08	-5.422203e+01	-8.793437e+02
1.700000e-07	-7.691977e-06	-1.477885e-08	-5.389231e+01	-8.775029e+02
1.800000e-07	-7.641999e-06	-1.468119e-08	-5.354214e+01	-8.754233e+02
1.900000e-07	-7.588848e-06	-1.471875e-08	-5.316975e+01	-8.730789e+02
2.000000e-07	-7.532892e-06	-1.466463e-08	-5.277771e+01	-8.704945e+02
2.100000e-07	-7.474218e-06	-1.462107e-08	-5.236662e+01	-8.677335e+02
2.200000e-07	-7.412921e-06	-1.456678e-08	-5.193716e+01	-8.648723e+02
2.300000e-07	-7.348964e-06	-1.449157e-08	-5.148906e+01	-8.619708e+02
2.400000e-07	-7.282153e-06	-1.447349e-08	-5.102095e+01	-8.590510e+02
2.500000e-07	-7.212725e-06	-1.438668e-08	-5.053452e+01	-8.560904e+02
2.600000e-07	-7.140673e-06	-1.434386e-08	-5.002970e+01	-8.530327e+02
2.700000e-07	-7.065826e-06	-1.430948e-08	-4.950530e+01	-8.498109e+02
2.800000e-07	-6.988142e-06	-1.427467e-08	-4.896103e+01	-8.463739e+02
2.900000e-07	-6.907667e-06	-1.420482e-08	-4.839719e+01	-8.427061e+02
3.000000e-07	-6.824709e-06	-1.410340e-08	-4.781597e+01	-8.388331e+02
3.100000e-07	-6.739519e-06	-1.405438e-08	-4.721910e+01	-8.348112e+02
3.200000e-07	-6.652101e-06	-1.396899e-08	-4.660662e+01	-8.307053e+02
3.300000e-07	-6.562312e-06	-1.391567e-08	-4.597753e+01	-8.265642e+02
3.400000e-07	-6.470170e-06	-1.385326e-08	-4.533196e+01	-8.224018e+02
3.500000e-07	-6.375771e-06	-1.378356e-08	-4.467057e+01	-8.181916e+02
3.600000e-07	-6.279049e-06	-1.371870e-08	-4.399291e+01	-8.138774e+02
3.700000e-07	-6.179951e-06	-1.363244e-08	-4.329860e+01	-8.093936e+02
3.800000e-07	-6.078649e-06	-1.354816e-08	-4.258884e+01	-8.046897e+02
3.900000e-07	-5.975182e-06	-1.344380e-08	-4.186393e+01	-7.997484e+02
4.000000e-07	-5.869537e-06	-1.337414e-08	-4.112374e+01	-7.945908e+02
4.100000e-07	-5.761748e-06	-1.329501e-08	-4.036854e+01	-7.892673e+02
4.200000e-07	-5.651904e-06	-1.321479e-08	-3.959894e+01	-7.838377e+02
4.300000e-07	-5.540020e-06	-1.311962e-08	-3.881505e+01	-7.783478e+02
4.400000e-07	-5.425991e-06	-1.302228e-08	-3.801612e+01	-7.728119e+02
4.500000e-07	-5.309783e-06	-1.292584e-08	-3.720194e+01	-7.672068e+02
4.600000e-07	-5.191546e-06	-1.281948e-08	-3.637353e+01	-7.614800e+02
4.700000e-07	-5.071422e-06	-1.271905e-08	-3.553191e+01	-7.555690e+02
4.800000e-07	-4.949513e-06	-1.261519e-08	-3.467778e+01	-7.494235e+02
4.900000e-07	-4.825828e-06	-1.252298e-08	-3.381120e+01	-7.430234e+02
5.000000e-07	-4.700363e-06	-1.241401e-08	-3.293215e+01	-7.363856e+02
5.100000e-07	-4.573266e-06	-1.229689e-08	-3.204168e+01	-7.295566e+02
5.200000e-07	-4.444557e-06	-1.217049e-08	-3.113991e+01	-7.225948e+02
5.300000e-07	-4.314249e-06	-1.205206e-08	-3.022693e+01	-7.155481e+02
5.400000e-07	-4.182240e-06	-1.193443e-08	-2.930203e+01	-7.084357e+02
5.500000e-07	-4.048783e-06	-1.181274e-08	-2.836699e+01	-7.012398e+02
5.600000e-07	-3.913954e-06	-1.168991e-08	-2.742234e+01	-6.939108e+02
5.700000e-07	-3.777543e-06	-1.156558e-08	-2.646661e+01	-6.863835e+02
5.800000e-07	-3.639757e-06	-1.144032e-08	-2.550123e+01	-6.785984e+02
5.900000e-07	-3.500636e-06	-1.129850e-08	-2.452651e+01	-6.705206e+02
6.000000e-07	-3.359994e-06	-1.115313e-08	-2.354113e+01	-6.621494e+02
6.100000e-07	-3.217957e-06	-1.100690e-08	-2.254598e+01	-6.535156e+02
6.200000e-07	-3.074744e-06	-1.086501e-08	-2.154258e+01	-6.446677e+02
6.300000e-07	-2.930464e-06	-1.071711e-08	-2.053171e+01	-6.356522e+02
6.400000e-07	-2.785056e-06	-1.056190e-08	-1.951294e+01	-6.264947e+02
6.500000e-07	-2.638500e-06	-1.040386e-08	-1.848612e+01	-6.171899e+02
6.600000e-07	-2.491131e-06	-1.024550e-08	-1.745361e+01	-6.077017e+02
6.700000e-07	-2.343048e-06	-1.008335e-08	-1.641610e+01	-5.979754e+02
6.800000e-07	-2.194127e-06	-9.910620e-09	-1.537272e+01	-5.879551e+02
6.900000e-07	-2.044443e-06	-9.736750e-09	-1.432398e+01	-5.776013e+02
7.000000e-07	-1.894104e-06	-9.561296e-09	-1.327066e+01	-5.669022e+02
7.100000e-07	-1.743165e-06	-9.380578e-09	-1.221314e+01	-5.558734e+02
7.200000e-07	-1.591606e-06	-9.185816e-09	-1.115127e+01	-5.445482e+02
7.300000e-07	-1.439381e-06	-8.986563e-09	-1.008474e+01	-5.329608e+02
7.400000e-07	-1.286553e-06	-8.790043e-09	-9.013977e+00	-5.211299e+02
7.500000e-07	-1.133273e-06	-8.588938e-09	-7.940051e+00	-5.090465e+02
7.600000e-07	-9.796411e-07	-8.379780e-09	-6.863661e+00	-4.966732e+02
7.700000e-07	-8.256869e-07	-8.164717e-09	-5.785011e+00	-4.839517e+02
7.800000e-07	-6.714539e-07	-7.949261e-09	-4.704408e+00	-4.708165e+02
7.900000e-07	-5.169972e-07	-7.724570e-09	-3.622238e+00	-4.572105e+02
8.000000e-07	-3.623776e-07	-7.484670e-09	-2.538926e+00	-4.430937e+02
8.100000e-07	-2.076221e-07	-7.231858e-09	-1.454663e+00	-4.284443e+02
8.200000e-07	-5.273748e-08	-6.974612e-09	-3.694947e-01	-4.132511e+02
8.300000e-07	1.021598e-07	-6.713380e-09	7.157623e-01	-3.975011e+02
8.400000e-07	2.569679e-07	-6.439496e-09	1.800395e+00	-3.811677e+02
8.500000e-07	4.116532e-07	-6.152146e-09	2.884166e+00	-3.642051e+02
8.600000e-07	5.661772e-07	-5.855973e-09	3.966808e+00	-3.465518e+02
8.700000e-07	7.205028e-07	-5.549832e-09	5.048060e+00	-3.281426e+02
8.800000e-07	8.746001e-07	-5.224262e-09	6.127711e+00	-3.089239e+02
8.900000e-07	1.028432e-06	-4.880726e-09	7.205505e+00	-2.888653e+02
9.000000e-07	1.181916e-06	-4.527529e-09	8.280858e+00	-2.679633e+02
9.100000e-07	1.334988e-06	-4.167148e-09	9.353325e+00	-2.462314e+02
9.200000e-07	1.487605e-06	-3.790933e-09	1.042261e+01	-2.236806e+02
9.300000e-07	1.639621e-06	-3.393736e-09	1.148768e+01	-2.002950e+02
9.400000e-07	1.790994e-06	-2.980931e-09	1.254825e+01	-1.760119e+02
9.500000e-07	1.941758e-06	-2.554968e-09	1.360454e+01	-1.507143e+02
9.600000e-07	2.091828e-06	-2.108650e-09	1.465598e+01	-1.242420e+02
9.700000e-07	2.241185e-06	-1.633851e-09	1.570242e+01	-9.641830e+01
9.800000e-07	2.389738e-06	-1.136057e-09	1.674322e+01	-6.708929e+01
9.900000e-07	2.537337e-06	-6.179750e-10	1.777735e+01	-3.616269e+01
1.000000e-06	2.684002e-06	-7.145845e-11	1.880493e+01	-3.637730e+00
1.010000e-06	2.829782e-06	5.089844e-10	1.982630e+01	3.038277e+01
1.020000e-06	2.974555e-06	1.111150e-09	2.084063e+01	6.570011e+01
1.030000e-06	3.118175e-06	1.722063e-09	2.184687e+01	1.020438e+02
1.040000e-06	3.260648e-06	2.344639e-09	2.284508e+01	1.391035e+02
1.050000e-06	3.401939e-06	2.979284e-09	2.383501e+01	1.765596e+02
1.060000e-06	3.541888e-06	3.616302e-09	2.481554e+01	2.141040e+02
1.070000e-06	3.680475e-06	4.244205e-09	2.578651e+01	2.514483e+02
1.080000e-06	3.817690e-06	4.862897e-09	2.674789e+01	2.883211e+02
1.090000e-06	3.953476e-06	5.476851e-09	2.769924e+01	3.244616e+02
1.100000e-06	4.087842e-06	6.076707e-09	2.864065e+01	3.596161e+02
1.110000e-06	4.220768e-06	6.648253e-09	2.957197e+01	3.935435e+02
1.120000e-06	4.352175e-06	7.190664e-09	3.049265e+01	4.260303e+02
1.130000e-06	4.482013e-06	7.709592e-09	3.140233e+01	4.569126e+02
1.140000e-06	4.610241e-06	8.202112e-09	3.230074e+01	4.860948e+02
1.150000e-06	4.736826e-06	8.663426e-09	3.318763e+01	5.135598e+02
1.160000e-06	4.861778e-06	9.094274e-09	3.406308e+01	5.393623e+02
1.170000e-06	4.985005e-06	9.502787e-09	3.492644e+01	5.636077e+02
1.180000e-06	5.106420e-06	9.892011e-09	3.577712e+01	5.864205e+02
1.190000e-06	5.226001e-06	1.025492e-08	3.661494e+01	6.079126e+02
1.200000e-06	5.343641e-06	1.059036e-08	3.743916e+01	6.281612e+02
1.210000e-06	5.459214e-06	1.090616e-08	3.824890e+01	6.472027e+02
1.220000e-06	5.572705e-06	1.120724e-08	3.904405e+01	6.650449e+02
1.230000e-06	5.684155e-06	1.148802e-08	3.982490e+01	6.816905e+02
1.240000e-06	5.793639e-06	1.174597e-08	4.059198e+01	6.971628e+02
1.250000e-06	5.901073e-06	1.198795e-08	4.134469e+01	7.115237e+02
1.260000e-06	6.006297e-06	1.221783e-08	4.208192e+01	7.248757e+02
1.270000e-06	6.109343e-06	1.242869e-08	4.280390e+01	7.373474e+02
1.280000e-06	6.210237e-06	1.261980e-08	4.351079e+01	7.490673e+02
1.290000e-06	6.308857e-06	1.280175e-08	4.420175e+01	7.601361e+02
1.300000e-06	6.405121e-06	1.297962e-08	4.487621e+01	7.706080e+02
1.310000e-06	6.499161e-06	1.314814e-08	4.553508e+01	7.804884e+02
1.320000e-06	6.591001e-06	1.330192e-08	4.617853e+01	7.897487e+02
1.330000e-06	6.680473e-06	1.344412e-08	4.680541e+01	7.983536e+02
1.340000e-06	6.767566e-06	1.357839e-08	4.741560e+01	8.062897e+02
1.350000e-06	6.852380e-06	1.370207e-08	4.800984e+01	8.135848e+02
1.360000e-06	6.934842e-06	1.381178e-08	4.858759e+01	8.203113e+02
1.370000e-06	7.014774e-06	1.391150e-08	4.914762e+01	8.265710e+02
1.380000e-06	7.092106e-06	1.401000e-08	4.968943e+01	8.324687e+02
1.390000e-06	7.166755e-06	1.410860e-08	5.021244e+01	8.380835e+02
1.400000e-06	7.238727e-06	1.420104e-08	5.071670e+01	8.434495e+02
1.410000e-06	7.308132e-06	1.428472e-08	5.120297e+01	8.485534e+02
1.420000e-06	7.374953e-06	1.436455e-08	5.167114e+01	8.533494e+02
1.430000e-06	7.439139e-06	1.444146e-08	5.212085e+01	8.577860e+02
1.440000e-06	7.500780e-06	1.451005e-08	5.255272e+01	8.618342e+02
1.450000e-06	7.559805e-06	1.456906e-08	5.296627e+01	8.655058e+02
1.460000e-06	7.616083e-06	1.462416e-08	5.336057e+01	8.688549e+02
1.470000e-06	7.669574e-06	1.467816e-08	5.373535e+01	8.719626e+02
1.480000e-06	7.719977e-06	1.472944e-08	5.408848e+01	8.749093e+02
1.490000e-06	7.767301e-06	1.477648e-08	5.442005e+01	8.777475e+02
1.500000e-06	7.811814e-06	1.482204e-08	5.473192e+01	8.804845e+02
1.510000e-06	7.853534e-06	1.486837e-08	5.502422e+01	8.830823e+02
1.520000e-06	7.892445e-06	1.491003e-08	5.529685e+01	8.854746e+02
1.530000e-06	7.928645e-06	1.494357e-08	5.555047e+01	8.875957e+02
1.540000e-06	7.962088e-06	1.497201e-08	5.578478e+01	8.894081e+02
1.550000e-06	7.992697e-06	1.499756e-08	5.599924e+01	8.909199e+02
1.560000e-06	8.020574e-06	1.501884e-08	5.619456e+01	8.921842e+02
1.570000e-06	8.045566e-06	1.503692e-08	5.636965e+01	8.932810e+02
1.580000e-06	8.067725e-06	1.505429e-08	5.652491e+01	8.942885e+02
1.590000e-06	8.087248e-06	1.507340e-08	5.666169e+01	8.952547e+02
1.600000e-06	8.103883e-06	1.509139e-08	5.677824e+01	8.961813e+02
1.610000e-06	8.117419e-06	1.510231e-08	5.687308e+01	8.970245e+02
1.620000e-06	8.127795e-06	1.510911e-08	5.694578e+01	8.977141e+02
1.630000e-06	8.135140e-06	1.511745e-08	5.699724e+01	8.981832e+02
1.640000e-06	8.139717e-06	1.512465e-08	5.702931e+01	8.983956e+02
1.650000e-06	8.141457e-06	1.512265e-08	5.704150e+01	8.983624e+02
1.660000e-06	8.140375e-06	1.512279e-08	5.703392e+01	8.981390e+02
1.670000e-06	8.136659e-06	1.512059e-08	5.700788e+01	8.978058e+02
1.680000e-06	8.130188e-06	1.511615e-08	5.696255e+01	8.974368e+02
1.690000e-06	8.121013e-06	1.510909e-08	5.689826e+01	8.970719e+02
1.700000e-06	8.109123e-06	1.509739e-08	5.681495e+01	8.967001e+02
1.710000e-06	8.094417e-06	1.508339e-08	5.671192e+01	8.962629e+02
1.720000e-06	8.077140e-06	1.505836e-08	5.659088e+01	8.956756e+02
1.730000e-06	8.057547e-06	1.509273e-08	5.645360e+01	8.948591e+02
1.740000e-06	8.035202e-06	1.512378e-08	5.629705e+01	8.937701e+02
1.750000e-06	8.009286e-06	1.505901e-08	5.611547e+01	8.924190e+02
1.760000e-06	7.979651e-06	1.499915e-08	5.590784e+01	8.908673e+02
1.770000e-06	7.946924e-06	1.498497e-08	5.567854e+01	8.892074e+02
1.780000e-06	7.911679e-06	1.493184e-08	5.543161e+01	8.875295e+02
1.790000e-06	7.874032e-06	1.488403e-08	5.516784e+01	8.858907e+02
1.800000e-06	7.834253e-06	1.495443e-08	5.488914e+01	8.842945e+02
1.810000e-06	7.792187e-06	1.484068e-08	5.459440e+01	8.826908e+02
1.820000e-06	7.747471e-06	1.483742e-08	5.428112e+01	8.809942e+02
1.830000e-06	7.700070e-06	1.485892e-08	5.394901e+01	8.791143e+02
1.840000e-06	7.649673e-06	1.474156e-08	5.359591e+01	8.769874e+02
1.850000e-06	7.596260e-06	1.477497e-08	5.322169e+01	8.745964e+02
1.860000e-06	7.539998e-06	1.462761e-08	5.282750e+01	8.719745e+02
1.870000e-06	7.481006e-06	1.463852e-08	5.241418e+01	8.691897e+02
1.880000e-06	7.419422e-06	1.461961e-08	5.198271e+01	8.663172e+02
1.890000e-06	7.355050e-06	1.452311e-08	5.153169e+01	8.634116e+02
1.900000e-06	7.287984e-06	1.454313e-08	5.106181e+01	8.604869e+02
1.910000e-06	7.218100e-06	1.442533e-08	5.057218e+01	8.575133e+02
1.920000e-06	7.145374e-06	1.441481e-08	5.006264e+01	8.544306e+02
1.930000e-06	7.070040e-06	1.432481e-08	4.953483e+01	8.511727e+02
1.940000e-06	6.991912e-06	1.426664e-08	4.898744e+01	8.476940e+02
1.950000e-06	6.911204e-06	1.422759e-08	4.842198e+01	8.439860e+02
1.960000e-06	6.828092e-06	1.413261e-08	4.783967e+01	8.400812e+02
1.970000e-06	6.742549e-06	1.412945e-08	4.724033e+01	8.360391e+02
1.980000e-06	6.654452e-06	1.400349e-08	4.662309e+01	8.319237e+02
1.990000e-06	6.563937e-06	1.394351e-08	4.598892e+01	8.277785e+02
2.000000e-06	6.471242e-06	1.385323e-08	4.533947e+01	8.236100e+02
2.010000e-06	6.376171e-06	1.378907e-08	4.467337e+01	8.193855e+02
2.020000e-06	6.278859e-06	1.372554e-08	4.399158e+01	8.150451e+02
2.030000e-06	6.179317e-06	1.363753e-08	4.329416e+01	8.105244e+02
2.040000e-06	6.077559e-06	1.359531e-08	4.258121e+01	8.057778e+02
2.050000e-06	5.973592e-06	1.349133e-08	4.185278e+01	8.007948e+02
2.060000e-06	5.867530e-06	1.341350e-08	4.110968e+01	7.956027e+02
2.070000e-06	5.759492e-06	1.328735e-08	4.035274e+01	7.902555e+02
2.080000e-06	5.649313e-06	1.320503e-08	3.958079e+01	7.848120e+02
2.090000e-06	5.537013e-06	1.311092e-08	3.879398e+01	7.793134e+02
2.100000e-06	5.422549e-06	1.302994e-08	3.799201e+01	7.737674e+02
2.110000e-06	5.306016e-06	1.293779e-08	3.717554e+01	7.681445e+02
2.120000e-06	5.187387e-06	1.283899e-08	3.634440e+01	7.623888e+02
2.130000e-06	5.066779e-06	1.274430e-08	3.549938e+01	7.564384e+02
2.140000e-06	4.944427e-06	1.262812e-08	3.464214e+01	7.502473e+02
2.150000e-06	4.820242e-06	1.251759e-08	3.377207e+01	7.438021e+02
2.160000e-06	4.694303e-06	1.239373e-08	3.288970e+01	7.371256e+02
2.170000e-06	4.566683e-06	1.229511e-08	3.199556e+01	7.302681e+02
2.180000e-06	4.437488e-06	1.217704e-08	3.109038e+01	7.232877e+02
2.190000e-06	4.306814e-06	1.206521e-08	3.017484e+01	7.162284e+02
2.200000e-06	4.174518e-06	1.193408e-08	2.924793e+01	7.091029e+02
2.210000e-06	4.040769e-06	1.181442e-08	2.831084e+01	7.018871e+02
2.220000e-06	3.905583e-06	1.168704e-08	2.736369e+01	6.945271e+02
2.230000e-06	3.768878e-06	1.155709e-08	2.640590e+01	6.869572e+02
2.240000e-06	3.630786e-06	1.142321e-08	2.543838e+01	6.791209e+02
2.250000e-06	3.491278e-06	1.128911e-08	2.446095e+01	6.709892e+02
2.260000e-06	3.350437e-06	1.115835e-08	2.347417e+01	6.625676e+02
2.270000e-06	3.208399e-06	1.101031e-08	2.247901e+01	6.538913e+02
2.280000e-06	3.065172e-06	1.085928e-08	2.147552e+01	6.450100e+02
2.290000e-06	2.920732e-06	1.069923e-08	2.046353e+01	6.359675e+02
2.300000e-06	2.775283e-06	1.054659e-08	1.944447e+01	6.267845e+02
2.310000e-06	2.628913e-06	1.038465e-08	1.841896e+01	6.174498e+02
2.320000e-06	2.481578e-06	1.022315e-08	1.738668e+01	6.079230e+02
2.330000e-06	2.333327e-06	1.005940e-08	1.634799e+01	5.981475e+02
2.340000e-06	2.184236e-06	9.896347e-09	1.530341e+01	5.880693e+02
2.350000e-06	2.034513e-06	9.723634e-09	1.425441e+01	5.776534e+02
2.360000e-06	1.884220e-06	9.539614e-09	1.320141e+01	5.668930e+02
2.370000e-06	1.733262e-06	9.351042e-09	1.214376e+01	5.558081e+02
2.380000e-06	1.581593e-06	9.158564e-09	1.108111e+01	5.444332e+02
2.390000e-06	1.429257e-06	8.962073e-09	1.001381e+01	5.328012e+02
2.400000e-06	1.276356e-06	8.760123e-09	8.942535e+00	5.209262e+02
2.410000e-06	1.122959e-06	8.554878e-09	7.867791e+00	5.087940e+02
2.420000e-06	9.691905e-07	8.347911e-09	6.790441e+00	4.963628e+02
2.430000e-06	8.151431e-07	8.137451e-09	5.711138e+00	4.835715e+02
2.440000e-06	6.608611e-07	7.914263e-09	4.630192e+00	4.703556e+02
2.450000e-06	5.063115e-07	7.680278e-09	3.547371e+00	4.566603e+02
2.460000e-06	3.515609e-07	7.437570e-09	2.463141e+00	4.424490e+02
2.470000e-06	1.967559e-07	7.189231e-09	1.378531e+00	4.277026e+02
2.480000e-06	4.188458e-08	6.928450e-09	2.934560e-01	4.124107e+02
2.490000e-06	-1.129893e-07	6.659083e-09	-7.916373e-01	3.965585e+02
2.500000e-06	-2.677955e-07	6.384546e-09	-1.876256e+00	3.801162e+02
2.510000e-06	-4.224967e-07	6.103560e-09	-2.960139e+00	3.630345e+02
2.520000e-06	-5.770702e-07	5.807743e-09	-4.043128e+00	3.452503e+02
2.530000e-06	-7.314644e-07	5.491095e-09	-5.124860e+00	3.266995e+02
2.540000e-06	-8.855517e-07	5.159698e-09	-6.204442e+00	3.073317e+02
2.550000e-06	-1.039284e-06	4.816967e-09	-7.281538e+00	2.871216e+02
2.560000e-06	-1.192613e-06	4.461550e-09	-8.355806e+00	2.660696e+02
2.570000e-06	-1.345467e-06	4.091510e-09	-9.426744e+00	2.441906e+02
2.580000e-06	-1.497797e-06	3.711958e-09	-1.049402e+01	2.214926e+02
2.590000e-06	-1.649591e-06	3.323293e-09	-1.155753e+01	1.979524e+02
2.600000e-06	-1.800743e-06	2.917669e-09	-1.261655e+01	1.734977e+02
2.610000e-06	-1.951191e-06	2.487516e-09	-1.367063e+01	1.480025e+02
2.620000e-06	-2.100964e-06	2.035124e-09	-1.471999e+01	1.213011e+02
2.630000e-06	-2.250035e-06	1.562091e-09	-1.576442e+01	9.321814e+01
2.640000e-06	-2.398350e-06	1.064175e-09	-1.680356e+01	6.360778e+01
2.650000e-06	-2.545812e-06	5.391527e-10	-1.783673e+01	3.239237e+01
2.660000e-06	-2.692368e-06	-9.763403e-12	-1.886354e+01	-4.106843e-01
2.670000e-06	-2.837985e-06	-5.789885e-10	-1.988378e+01	-3.468030e+01
2.680000e-06	-2.982591e-06	-1.168359e-09	-2.089693e+01	-7.020285e+01
2.690000e-06	-3.126068e-06	-1.778680e-09	-2.190217e+01	-1.066983e+02
2.700000e-06	-3.268308e-06	-2.404485e-09	-2.289875e+01	-1.438526e+02
2.710000e-06	-3.409295e-06	-3.037299e-09	-2.388654e+01	-1.813470e+02
2.720000e-06	-3.548967e-06	-3.670561e-09	-2.486513e+01	-2.188768e+02
2.730000e-06	-3.687273e-06	-4.298440e-09	-2.583414e+01	-2.561569e+02
2.740000e-06	-3.824216e-06	-4.915259e-09	-2.679361e+01	-2.929184e+02
2.750000e-06	-3.959777e-06	-5.516876e-09	-2.774339e+01	-3.289017e+02
2.760000e-06	-4.093874e-06	-6.101207e-09	-2.868291e+01	-3.638548e+02
2.770000e-06	-4.226463e-06	-6.666418e-09	-2.961187e+01	-3.975399e+02
2.780000e-06	-4.357612e-06	-7.210448e-09	-3.053074e+01	-4.297510e+02
2.790000e-06	-4.487316e-06	-7.727783e-09	-3.143949e+01	-4.603350e+02
2.800000e-06	-4.615421e-06	-8.215630e-09	-3.233703e+01	-4.892101e+02
2.810000e-06	-4.741849e-06	-8.674911e-09	-3.322282e+01	-5.163729e+02
2.820000e-06	-4.866607e-06	-9.106341e-09	-3.409691e+01	-5.418891e+02
2.830000e-06	-4.989607e-06	-9.509307e-09	-3.495869e+01	-5.658701e+02
2.840000e-06	-5.110821e-06	-9.887595e-09	-3.580795e+01	-5.884401e+02
2.850000e-06	-5.230141e-06	-1.024678e-08	-3.664394e+01	-6.097062e+02
2.860000e-06	-5.347451e-06	-1.058746e-08	-3.746585e+01	-6.297381e+02
2.870000e-06	-5.462595e-06	-1.090676e-08	-3.827259e+01	-6.485659e+02
2.880000e-06	-5.575480e-06	-1.120344e-08	-3.906349e+01	-6.661945e+02
2.890000e-06	-5.686237e-06	-1.147927e-08	-3.983949e+01	-6.826284e+02
2.900000e-06	-5.795006e-06	-1.173708e-08	-4.060156e+01	-6.978970e+02
2.910000e-06	-5.901830e-06	-1.197667e-08	-4.135000e+01	-7.120697e+02
2.920000e-06	-6.006580e-06	-1.219962e-08	-4.208391e+01	-7.252552e+02
2.930000e-06	-6.109156e-06	-1.240939e-08	-4.280259e+01	-7.375842e+02
2.940000e-06	-6.209550e-06	-1.260718e-08	-4.350598e+01	-7.491821e+02
2.950000e-06	-6.307791e-06	-1.279189e-08	-4.419428e+01	-7.601423e+02
2.960000e-06	-6.403797e-06	-1.296376e-08	-4.486693e+01	-7.705100e+02
2.970000e-06	-6.497462e-06	-1.312627e-08	-4.552318e+01	-7.802828e+02
2.980000e-06	-6.588844e-06	-1.328036e-08	-4.616343e+01	-7.894289e+02
2.990000e-06	-6.677946e-06	-1.342668e-08	-4.678770e+01	-7.979149e+02
3.000000e-06	-6.764659e-06	-1.356249e-08	-4.739524e+01	-8.057336e+02
3.010000e-06	-6.848928e-06	-1.368649e-08	-4.798565e+01	-8.129213e+02
3.020000e-06	-6.930834e-06	-1.379913e-08	-4.855951e+01	-8.195569e+02
3.030000e-06	-7.010286e-06	-1.390208e-08	-4.911617e+01	-8.257452e+02
3.040000e-06	-7.087014e-06	-1.399763e-08	-4.965375e+01	-8.315883e+02
3.050000e-06	-7.161053e-06	-1.408948e-08	-5.017250e+01	-8.371581e+02
3.060000e-06	-7.232493e-06	-1.417866e-08	-5.067302e+01	-8.424800e+02
3.070000e-06	-7.301290e-06	-1.426488e-08	-5.115503e+01	-8.475333e+02
3.080000e-06	-7.367541e-06	-1.434683e-08	-5.161921e+01	-8.522691e+02
3.090000e-06	-7.431242e-06	-1.442284e-08	-5.206552e+01	-8.566380e+02
3.100000e-06	-7.492262e-06	-1.449313e-08	-5.249305e+01	-8.606173e+02
3.110000e-06	-7.550634e-06	-1.455351e-08	-5.290202e+01	-8.642268e+02
3.120000e-06	-7.606278e-06	-1.460497e-08	-5.329187e+01	-8.675270e+02
3.130000e-06	-7.658979e-06	-1.465157e-08	-5.366111e+01	-8.706010e+02
3.140000e-06	-7.708607e-06	-1.469909e-08	-5.400882e+01	-8.735261e+02
3.150000e-06	-7.755252e-06	-1.474866e-08	-5.433563e+01	-8.763477e+02
3.160000e-06	-7.799289e-06	-1.479714e-08	-5.464417e+01	-8.790643e+02
3.170000e-06	-7.840823e-06	-1.484141e-08	-5.493517e+01	-8.816311e+02
3.180000e-06	-7.879591e-06	-1.488147e-08	-5.520679e+01	-8.839798e+02
3.190000e-06	-7.915607e-06	-1.491581e-08	-5.545913e+01	-8.860479e+02
3.200000e-06	-7.948936e-06	-1.494411e-08	-5.569264e+01	-8.878051e+02
3.210000e-06	-7.979364e-06	-1.496732e-08	-5.590583e+01	-8.892682e+02
3.220000e-06	-8.006878e-06	-1.498721e-08	-5.609860e+01	-8.904969e+02
3.230000e-06	-8.031634e-06	-1.500650e-08	-5.627205e+01	-8.915731e+02
3.240000e-06	-8.053544e-06	-1.502641e-08	-5.642555e+01	-8.925714e+02
3.250000e-06	-8.072601e-06	-1.504520e-08	-5.655908e+01	-8.935323e+02
3.260000e-06	-8.088808e-06	-1.506056e-08	-5.667263e+01	-8.944488e+02
3.270000e-06	-8.101879e-06	-1.507213e-08	-5.676421e+01	-8.952706e+02
3.280000e-06	-8.111924e-06	-1.508144e-08	-5.683458e+01	-8.959257e+02
3.290000e-06	-8.119084e-06	-1.509022e-08	-5.688474e+01	-8.963509e+02
3.300000e-06	-8.123302e-06	-1.509628e-08	-5.691430e+01	-8.965177e+02
3.310000e-06	-8.124747e-06	-1.509868e-08	-5.692442e+01	-8.964459e+02
