# Temperatura_=_30.85
# Concentracion g/m^3_=_11780.0
# C_Vs_to_Am_M_A/Vsm_=_59384043850.047264
# pendiente_HvsI_1/m_=_3716.3
# ordenada_HvsI_A/m_=_1297.0
# frecuencia_Hz_=_301535.83924417035

Tiempo_(s)	Campo_(V.s)	Magnetizacion_(V.s)	Campo_(kA/m)	Magnetizacion_(A/m)
0.000000e+00	-8.166885e-06	-1.517495e-08	-5.692109e+01	-9.009079e+02
1.000000e-08	-8.163943e-06	-1.517551e-08	-5.690058e+01	-9.007208e+02
2.000000e-08	-8.158326e-06	-1.517091e-08	-5.686143e+01	-9.003746e+02
3.000000e-08	-8.149984e-06	-1.516052e-08	-5.680329e+01	-8.999100e+02
4.000000e-08	-8.138747e-06	-1.514959e-08	-5.672497e+01	-8.993649e+02
5.000000e-08	-8.124581e-06	-1.513824e-08	-5.662624e+01	-8.987585e+02
6.000000e-08	-8.107536e-06	-1.512709e-08	-5.650744e+01	-8.980821e+02
7.000000e-08	-8.087989e-06	-1.511593e-08	-5.637120e+01	-8.973019e+02
8.000000e-08	-8.065838e-06	-1.506977e-08	-5.621681e+01	-8.963724e+02
9.000000e-08	-8.040343e-06	-1.504311e-08	-5.603912e+01	-8.952555e+02
1.000000e-07	-8.011475e-06	-1.505097e-08	-5.583792e+01	-8.939377e+02
1.100000e-07	-7.979773e-06	-1.504040e-08	-5.561696e+01	-8.924380e+02
1.200000e-07	-7.945384e-06	-1.500801e-08	-5.537728e+01	-8.908036e+02
1.300000e-07	-7.908469e-06	-1.497865e-08	-5.512000e+01	-8.890938e+02
1.400000e-07	-7.869382e-06	-1.498064e-08	-5.484757e+01	-8.873581e+02
1.500000e-07	-7.827961e-06	-1.492018e-08	-5.455887e+01	-8.856171e+02
1.600000e-07	-7.783680e-06	-1.488305e-08	-5.425024e+01	-8.838538e+02
1.700000e-07	-7.736588e-06	-1.484969e-08	-5.392203e+01	-8.820177e+02
1.800000e-07	-7.686588e-06	-1.478875e-08	-5.357354e+01	-8.800423e+02
1.900000e-07	-7.633438e-06	-1.479160e-08	-5.320310e+01	-8.778677e+02
2.000000e-07	-7.577436e-06	-1.475217e-08	-5.281278e+01	-8.754618e+02
2.100000e-07	-7.518683e-06	-1.470673e-08	-5.240328e+01	-8.728305e+02
2.200000e-07	-7.457275e-06	-1.465281e-08	-5.197529e+01	-8.700141e+02
2.300000e-07	-7.393235e-06	-1.459649e-08	-5.152894e+01	-8.670712e+02
2.400000e-07	-7.326379e-06	-1.455226e-08	-5.106297e+01	-8.640562e+02
2.500000e-07	-7.256799e-06	-1.447399e-08	-5.057802e+01	-8.609989e+02
2.600000e-07	-7.184507e-06	-1.443298e-08	-5.007417e+01	-8.578938e+02
2.700000e-07	-7.109394e-06	-1.439231e-08	-4.955065e+01	-8.547030e+02
2.800000e-07	-7.031458e-06	-1.434850e-08	-4.900745e+01	-8.513722e+02
2.900000e-07	-6.950796e-06	-1.428898e-08	-4.844526e+01	-8.478515e+02
3.000000e-07	-6.867721e-06	-1.420687e-08	-4.786625e+01	-8.441149e+02
3.100000e-07	-6.782403e-06	-1.413971e-08	-4.727160e+01	-8.401700e+02
3.200000e-07	-6.694738e-06	-1.406151e-08	-4.666060e+01	-8.360547e+02
3.300000e-07	-6.604692e-06	-1.399907e-08	-4.603301e+01	-8.318217e+02
3.400000e-07	-6.512272e-06	-1.392772e-08	-4.538886e+01	-8.275183e+02
3.500000e-07	-6.417513e-06	-1.386342e-08	-4.472841e+01	-8.231677e+02
3.600000e-07	-6.320372e-06	-1.379555e-08	-4.405137e+01	-8.187605e+02
3.700000e-07	-6.220921e-06	-1.371189e-08	-4.335822e+01	-8.142584e+02
3.800000e-07	-6.119318e-06	-1.362977e-08	-4.265007e+01	-8.096088e+02
3.900000e-07	-6.015465e-06	-1.353736e-08	-4.192624e+01	-8.047649e+02
4.000000e-07	-5.909336e-06	-1.345909e-08	-4.118655e+01	-7.997027e+02
4.100000e-07	-5.801124e-06	-1.337521e-08	-4.043234e+01	-7.944288e+02
4.200000e-07	-5.690887e-06	-1.329267e-08	-3.966402e+01	-7.889763e+02
4.300000e-07	-5.578568e-06	-1.319990e-08	-3.888118e+01	-7.833906e+02
4.400000e-07	-5.464109e-06	-1.310435e-08	-3.808343e+01	-7.777099e+02
4.500000e-07	-5.347488e-06	-1.300447e-08	-3.727061e+01	-7.719504e+02
4.600000e-07	-5.228882e-06	-1.290074e-08	-3.644396e+01	-7.660987e+02
4.700000e-07	-5.108400e-06	-1.280004e-08	-3.560423e+01	-7.601172e+02
4.800000e-07	-4.986003e-06	-1.269428e-08	-3.475116e+01	-7.539585e+02
4.900000e-07	-4.861778e-06	-1.259256e-08	-3.388534e+01	-7.475835e+02
5.000000e-07	-4.735865e-06	-1.248482e-08	-3.300776e+01	-7.409763e+02
5.100000e-07	-4.608253e-06	-1.237257e-08	-3.211834e+01	-7.341499e+02
5.200000e-07	-4.478956e-06	-1.225019e-08	-3.121717e+01	-7.271410e+02
5.300000e-07	-4.347999e-06	-1.212968e-08	-3.030443e+01	-7.199949e+02
5.400000e-07	-4.215488e-06	-1.200897e-08	-2.938087e+01	-7.127471e+02
5.500000e-07	-4.081553e-06	-1.188550e-08	-2.844737e+01	-7.054089e+02
5.600000e-07	-3.946098e-06	-1.175772e-08	-2.750329e+01	-6.979610e+02
5.700000e-07	-3.809077e-06	-1.162916e-08	-2.654829e+01	-6.903589e+02
5.800000e-07	-3.670608e-06	-1.150154e-08	-2.558319e+01	-6.825466e+02
5.900000e-07	-3.530718e-06	-1.136730e-08	-2.460820e+01	-6.744750e+02
6.000000e-07	-3.389396e-06	-1.122703e-08	-2.362322e+01	-6.661164e+02
6.100000e-07	-3.246721e-06	-1.107894e-08	-2.262881e+01	-6.574720e+02
6.200000e-07	-3.102773e-06	-1.092893e-08	-2.162553e+01	-6.485679e+02
6.300000e-07	-2.957720e-06	-1.077611e-08	-2.061455e+01	-6.394432e+02
6.400000e-07	-2.811657e-06	-1.062113e-08	-1.959653e+01	-6.301338e+02
6.500000e-07	-2.664639e-06	-1.046260e-08	-1.857185e+01	-6.206576e+02
6.600000e-07	-2.516695e-06	-1.030167e-08	-1.754072e+01	-6.110076e+02
6.700000e-07	-2.367892e-06	-1.013855e-08	-1.650360e+01	-6.011533e+02
6.800000e-07	-2.218360e-06	-9.967796e-09	-1.546140e+01	-5.910504e+02
6.900000e-07	-2.068046e-06	-9.789133e-09	-1.441375e+01	-5.806553e+02
7.000000e-07	-1.916898e-06	-9.607156e-09	-1.336029e+01	-5.699370e+02
7.100000e-07	-1.765042e-06	-9.423311e-09	-1.230189e+01	-5.588846e+02
7.200000e-07	-1.612646e-06	-9.233271e-09	-1.123973e+01	-5.475067e+02
7.300000e-07	-1.459663e-06	-9.037386e-09	-1.017348e+01	-5.358235e+02
7.400000e-07	-1.306077e-06	-8.838299e-09	-9.103023e+00	-5.238554e+02
7.500000e-07	-1.151982e-06	-8.634065e-09	-8.029021e+00	-5.116109e+02
7.600000e-07	-9.974478e-07	-8.421139e-09	-6.951954e+00	-4.990802e+02
7.700000e-07	-8.426339e-07	-8.200571e-09	-5.872941e+00	-4.862330e+02
7.800000e-07	-6.875623e-07	-7.977661e-09	-4.792132e+00	-4.730232e+02
7.900000e-07	-5.322101e-07	-7.751214e-09	-3.709367e+00	-4.593965e+02
8.000000e-07	-3.766639e-07	-7.515485e-09	-2.625250e+00	-4.452984e+02
8.100000e-07	-2.209708e-07	-7.267240e-09	-1.540110e+00	-4.306793e+02
8.200000e-07	-6.521383e-08	-7.010127e-09	-4.545236e-01	-4.154963e+02
8.300000e-07	9.057307e-08	-6.747323e-09	6.312710e-01	-3.997112e+02
8.400000e-07	2.463348e-07	-6.471330e-09	1.716890e+00	-3.832875e+02
8.500000e-07	4.019540e-07	-6.180113e-09	2.801516e+00	-3.661877e+02
8.600000e-07	5.574199e-07	-5.878204e-09	3.885073e+00	-3.483731e+02
8.700000e-07	7.126964e-07	-5.567191e-09	4.967311e+00	-3.298068e+02
8.800000e-07	8.676837e-07	-5.240987e-09	6.047532e+00	-3.104566e+02
8.900000e-07	1.022331e-06	-4.898405e-09	7.125385e+00	-2.902980e+02
9.000000e-07	1.176643e-06	-4.545218e-09	8.200896e+00	-2.693131e+02
9.100000e-07	1.330577e-06	-4.182724e-09	9.273777e+00	-2.474849e+02
9.200000e-07	1.484075e-06	-3.803899e-09	1.034362e+01	-2.247871e+02
9.300000e-07	1.637068e-06	-3.402800e-09	1.140994e+01	-2.011732e+02
9.400000e-07	1.789432e-06	-2.983334e-09	1.247188e+01	-1.765669e+02
9.500000e-07	1.941110e-06	-2.548358e-09	1.352904e+01	-1.508601e+02
9.600000e-07	2.092025e-06	-2.093725e-09	1.458087e+01	-1.239199e+02
9.700000e-07	2.242110e-06	-1.613194e-09	1.562693e+01	-9.560490e+01
9.800000e-07	2.391321e-06	-1.108667e-09	1.666689e+01	-6.579039e+01
9.900000e-07	2.539677e-06	-5.817508e-10	1.770090e+01	-3.439591e+01
1.000000e-06	2.687156e-06	-2.746498e-11	1.872878e+01	-1.410457e+00
1.010000e-06	2.833714e-06	5.580341e-10	1.975026e+01	3.309057e+01
1.020000e-06	2.979335e-06	1.167504e-09	2.076520e+01	6.894044e+01
1.030000e-06	3.123873e-06	1.790778e-09	2.177259e+01	1.058892e+02
1.040000e-06	3.267245e-06	2.427694e-09	2.277185e+01	1.436228e+02
1.050000e-06	3.409377e-06	3.075634e-09	2.376248e+01	1.817891e+02
1.060000e-06	3.550174e-06	3.724577e-09	2.474380e+01	2.200252e+02
1.070000e-06	3.689615e-06	4.362910e-09	2.571567e+01	2.579807e+02
1.080000e-06	3.827712e-06	4.988673e-09	2.667816e+01	2.953351e+02
1.090000e-06	3.964390e-06	5.604220e-09	2.763078e+01	3.318067e+02
1.100000e-06	4.099605e-06	6.204833e-09	2.857319e+01	3.671555e+02
1.110000e-06	4.233296e-06	6.779836e-09	2.950498e+01	4.011828e+02
1.120000e-06	4.365449e-06	7.326392e-09	3.042605e+01	4.337307e+02
1.130000e-06	4.496111e-06	7.848626e-09	3.133674e+01	4.646826e+02
1.140000e-06	4.625160e-06	8.343939e-09	3.223618e+01	4.939656e+02
1.150000e-06	4.752509e-06	8.807438e-09	3.312376e+01	5.215532e+02
1.160000e-06	4.878191e-06	9.238117e-09	3.399974e+01	5.474649e+02
1.170000e-06	5.002152e-06	9.644598e-09	3.486371e+01	5.717613e+02
1.180000e-06	5.124374e-06	1.003039e-08	3.571557e+01	5.945329e+02
1.190000e-06	5.244742e-06	1.039061e-08	3.655450e+01	6.158849e+02
1.200000e-06	5.363142e-06	1.072401e-08	3.737972e+01	6.359205e+02
1.210000e-06	5.479564e-06	1.103705e-08	3.819115e+01	6.547273e+02
1.220000e-06	5.593901e-06	1.133475e-08	3.898805e+01	6.723702e+02
1.230000e-06	5.706060e-06	1.161381e-08	3.976977e+01	6.888936e+02
1.240000e-06	5.816120e-06	1.187161e-08	4.053686e+01	7.043303e+02
1.250000e-06	5.924205e-06	1.211269e-08	4.129018e+01	7.187150e+02
1.260000e-06	6.030215e-06	1.234112e-08	4.202905e+01	7.320966e+02
1.270000e-06	6.134008e-06	1.255199e-08	4.275246e+01	7.445448e+02
1.280000e-06	6.235561e-06	1.274350e-08	4.346026e+01	7.561473e+02
1.290000e-06	6.334866e-06	1.292342e-08	4.415239e+01	7.669998e+02
1.300000e-06	6.431843e-06	1.309658e-08	4.482829e+01	7.771906e+02
1.310000e-06	6.526494e-06	1.326025e-08	4.548798e+01	7.867865e+02
1.320000e-06	6.618895e-06	1.341169e-08	4.613200e+01	7.958245e+02
1.330000e-06	6.709007e-06	1.355275e-08	4.676005e+01	8.043133e+02
1.340000e-06	6.796696e-06	1.368583e-08	4.737122e+01	8.122448e+02
1.350000e-06	6.882038e-06	1.380869e-08	4.796603e+01	8.196103e+02
1.360000e-06	6.965105e-06	1.391923e-08	4.854499e+01	8.264171e+02
1.370000e-06	7.045663e-06	1.402042e-08	4.910646e+01	8.326986e+02
1.380000e-06	7.123601e-06	1.411843e-08	4.964966e+01	8.385146e+02
1.390000e-06	7.198865e-06	1.421418e-08	5.017423e+01	8.439404e+02
1.400000e-06	7.271406e-06	1.430223e-08	5.067983e+01	8.490500e+02
1.410000e-06	7.341342e-06	1.438269e-08	5.116727e+01	8.538986e+02
1.420000e-06	7.408652e-06	1.446095e-08	5.163640e+01	8.585110e+02
1.430000e-06	7.473279e-06	1.453650e-08	5.208683e+01	8.628810e+02
1.440000e-06	7.535333e-06	1.460389e-08	5.251933e+01	8.669811e+02
1.450000e-06	7.594841e-06	1.466225e-08	5.293409e+01	8.707797e+02
1.460000e-06	7.651645e-06	1.471917e-08	5.332999e+01	8.742592e+02
1.470000e-06	7.705640e-06	1.477714e-08	5.370633e+01	8.774278e+02
1.480000e-06	7.756543e-06	1.482991e-08	5.406111e+01	8.803206e+02
1.490000e-06	7.804300e-06	1.487530e-08	5.439396e+01	8.829901e+02
1.500000e-06	7.849270e-06	1.491640e-08	5.470739e+01	8.854897e+02
1.510000e-06	7.891516e-06	1.495655e-08	5.500184e+01	8.878552e+02
1.520000e-06	7.930911e-06	1.499320e-08	5.527640e+01	8.900944e+02
1.530000e-06	7.967579e-06	1.502535e-08	5.553197e+01	8.921858e+02
1.540000e-06	8.001482e-06	1.505569e-08	5.576827e+01	8.940895e+02
1.550000e-06	8.032490e-06	1.508537e-08	5.598439e+01	8.957647e+02
1.560000e-06	8.060712e-06	1.511072e-08	5.618109e+01	8.971875e+02
1.570000e-06	8.086049e-06	1.512882e-08	5.635768e+01	8.983623e+02
1.580000e-06	8.108535e-06	1.514357e-08	5.651440e+01	8.993226e+02
1.590000e-06	8.128276e-06	1.515906e-08	5.665199e+01	9.001197e+02
1.600000e-06	8.145130e-06	1.517320e-08	5.676946e+01	9.008054e+02
1.610000e-06	8.158995e-06	1.518102e-08	5.686610e+01	9.014145e+02
1.620000e-06	8.169724e-06	1.518619e-08	5.694087e+01	9.019534e+02
1.630000e-06	8.177339e-06	1.519396e-08	5.699395e+01	9.024010e+02
1.640000e-06	8.182162e-06	1.520140e-08	5.702756e+01	9.027193e+02
1.650000e-06	8.184162e-06	1.520207e-08	5.704150e+01	9.028707e+02
1.660000e-06	8.183279e-06	1.520342e-08	5.703535e+01	9.028346e+02
1.670000e-06	8.179752e-06	1.520313e-08	5.701077e+01	9.026165e+02
1.680000e-06	8.173502e-06	1.519908e-08	5.696721e+01	9.022459e+02
1.690000e-06	8.164530e-06	1.518957e-08	5.690468e+01	9.017644e+02
1.700000e-06	8.152799e-06	1.517479e-08	5.682291e+01	9.012077e+02
1.710000e-06	8.138211e-06	1.515974e-08	5.672123e+01	9.005901e+02
1.720000e-06	8.121033e-06	1.514131e-08	5.660151e+01	8.998981e+02
1.730000e-06	8.101494e-06	1.515953e-08	5.646533e+01	8.990946e+02
1.740000e-06	8.079231e-06	1.516864e-08	5.631016e+01	8.981339e+02
1.750000e-06	8.053467e-06	1.512917e-08	5.613059e+01	8.969811e+02
1.760000e-06	8.023968e-06	1.509048e-08	5.592499e+01	8.956284e+02
1.770000e-06	7.991288e-06	1.506610e-08	5.569722e+01	8.941005e+02
1.780000e-06	7.956026e-06	1.502050e-08	5.545146e+01	8.924482e+02
1.790000e-06	7.918326e-06	1.496890e-08	5.518869e+01	8.907307e+02
1.800000e-06	7.878463e-06	1.498471e-08	5.491086e+01	8.889934e+02
1.810000e-06	7.836389e-06	1.492803e-08	5.461761e+01	8.872508e+02
1.820000e-06	7.791670e-06	1.491578e-08	5.430593e+01	8.854788e+02
1.830000e-06	7.744254e-06	1.490903e-08	5.397545e+01	8.836228e+02
1.840000e-06	7.693806e-06	1.484561e-08	5.362385e+01	8.816155e+02
1.850000e-06	7.640276e-06	1.483846e-08	5.325076e+01	8.794009e+02
1.860000e-06	7.583993e-06	1.474272e-08	5.285848e+01	8.769531e+02
1.870000e-06	7.524980e-06	1.472257e-08	5.244718e+01	8.742849e+02
1.880000e-06	7.463280e-06	1.468033e-08	5.201714e+01	8.714413e+02
1.890000e-06	7.398764e-06	1.462235e-08	5.156748e+01	8.684820e+02
1.900000e-06	7.331537e-06	1.461109e-08	5.109893e+01	8.654582e+02
1.910000e-06	7.261540e-06	1.452536e-08	5.061107e+01	8.623937e+02
1.920000e-06	7.188674e-06	1.449013e-08	5.010321e+01	8.592767e+02
1.930000e-06	7.113053e-06	1.441102e-08	4.957615e+01	8.560650e+02
1.940000e-06	7.034659e-06	1.435512e-08	4.902977e+01	8.527034e+02
1.950000e-06	6.953750e-06	1.430014e-08	4.846584e+01	8.491450e+02
1.960000e-06	6.870430e-06	1.423054e-08	4.788513e+01	8.453696e+02
1.970000e-06	6.784585e-06	1.419889e-08	4.728681e+01	8.413907e+02
1.980000e-06	6.696252e-06	1.410864e-08	4.667115e+01	8.372503e+02
1.990000e-06	6.605616e-06	1.404318e-08	4.603944e+01	8.330017e+02
2.000000e-06	6.512667e-06	1.394754e-08	4.539162e+01	8.286889e+02
2.010000e-06	6.417294e-06	1.388171e-08	4.472689e+01	8.243298e+02
2.020000e-06	6.319651e-06	1.380632e-08	4.404634e+01	8.199091e+02
2.030000e-06	6.219779e-06	1.372893e-08	4.335026e+01	8.153845e+02
2.040000e-06	6.117620e-06	1.366536e-08	4.263824e+01	8.107031e+02
2.050000e-06	6.013218e-06	1.357759e-08	4.191058e+01	8.058210e+02
2.060000e-06	5.906762e-06	1.349902e-08	4.116861e+01	8.007196e+02
2.070000e-06	5.798299e-06	1.338832e-08	4.041265e+01	7.954107e+02
2.080000e-06	5.687689e-06	1.329715e-08	3.964173e+01	7.899310e+02
2.090000e-06	5.574934e-06	1.319634e-08	3.885585e+01	7.843259e+02
2.100000e-06	5.459963e-06	1.311359e-08	3.805454e+01	7.786307e+02
2.110000e-06	5.342831e-06	1.301436e-08	3.723816e+01	7.728565e+02
2.120000e-06	5.223634e-06	1.291521e-08	3.640738e+01	7.669848e+02
2.130000e-06	5.102538e-06	1.281372e-08	3.556338e+01	7.609751e+02
2.140000e-06	4.979641e-06	1.270901e-08	3.470681e+01	7.547800e+02
2.150000e-06	4.854925e-06	1.259755e-08	3.383757e+01	7.483638e+02
2.160000e-06	4.728465e-06	1.247770e-08	3.295619e+01	7.417155e+02
2.170000e-06	4.600334e-06	1.236676e-08	3.206314e+01	7.348534e+02
2.180000e-06	4.470672e-06	1.224773e-08	3.115943e+01	7.278166e+02
2.190000e-06	4.339439e-06	1.213378e-08	3.024478e+01	7.206501e+02
2.200000e-06	4.206592e-06	1.200358e-08	2.931886e+01	7.133862e+02
2.210000e-06	4.072206e-06	1.188116e-08	2.838222e+01	7.060306e+02
2.220000e-06	3.936381e-06	1.175142e-08	2.743556e+01	6.985589e+02
2.230000e-06	3.799134e-06	1.162571e-08	2.647898e+01	6.909233e+02
2.240000e-06	3.660428e-06	1.148946e-08	2.551224e+01	6.830678e+02
2.250000e-06	3.520308e-06	1.135384e-08	2.453564e+01	6.749461e+02
2.260000e-06	3.378821e-06	1.121650e-08	2.354951e+01	6.665355e+02
2.270000e-06	3.236016e-06	1.107224e-08	2.255420e+01	6.578421e+02
2.280000e-06	3.092039e-06	1.091964e-08	2.155072e+01	6.488955e+02
2.290000e-06	2.947054e-06	1.075812e-08	2.054021e+01	6.397356e+02
2.300000e-06	2.801085e-06	1.060158e-08	1.952284e+01	6.303956e+02
2.310000e-06	2.654078e-06	1.044008e-08	1.849824e+01	6.208896e+02
2.320000e-06	2.506075e-06	1.027636e-08	1.746670e+01	6.112058e+02
2.330000e-06	2.357195e-06	1.010731e-08	1.642904e+01	6.013104e+02
2.340000e-06	2.207439e-06	9.943211e-09	1.538528e+01	5.911583e+02
2.350000e-06	2.056909e-06	9.771897e-09	1.433613e+01	5.807071e+02
2.360000e-06	1.905705e-06	9.588705e-09	1.328227e+01	5.699292e+02
2.370000e-06	1.753768e-06	9.394907e-09	1.222331e+01	5.588175e+02
2.380000e-06	1.601245e-06	9.199302e-09	1.116027e+01	5.473834e+02
2.390000e-06	1.448288e-06	9.001580e-09	1.009419e+01	5.356480e+02
2.400000e-06	1.294842e-06	8.798321e-09	9.024713e+00	5.236303e+02
2.410000e-06	1.140895e-06	8.590164e-09	7.951746e+00	5.113360e+02
2.420000e-06	9.864985e-07	8.383483e-09	6.875641e+00	4.987514e+02
2.430000e-06	8.317012e-07	8.175771e-09	5.796743e+00	4.858430e+02
2.440000e-06	6.766007e-07	7.952385e-09	4.715733e+00	4.725628e+02
2.450000e-06	5.212119e-07	7.713154e-09	3.632713e+00	4.588558e+02
2.460000e-06	3.655921e-07	7.466772e-09	2.548083e+00	4.446680e+02
2.470000e-06	2.098961e-07	7.218634e-09	1.462922e+00	4.299511e+02
2.480000e-06	5.417436e-08	6.961402e-09	3.775814e-01	4.146632e+02
2.490000e-06	-1.015161e-07	6.693267e-09	-7.075407e-01	3.987667e+02
2.500000e-06	-2.571694e-07	6.418707e-09	-1.792404e+00	3.822250e+02
2.510000e-06	-4.127555e-07	6.137836e-09	-2.876800e+00	3.650002e+02
2.520000e-06	-5.681620e-07	5.839790e-09	-3.959943e+00	3.470540e+02
2.530000e-06	-7.233451e-07	5.518608e-09	-5.041529e+00	3.283498e+02
2.540000e-06	-8.782397e-07	5.181422e-09	-6.121104e+00	3.088567e+02
2.550000e-06	-1.032737e-06	4.836466e-09	-7.197910e+00	2.885516e+02
2.560000e-06	-1.186789e-06	4.481907e-09	-8.271613e+00	2.674174e+02
2.570000e-06	-1.340359e-06	4.111880e-09	-9.341957e+00	2.454362e+02
2.580000e-06	-1.493449e-06	3.728548e-09	-1.040895e+01	2.225790e+02
2.590000e-06	-1.646013e-06	3.335482e-09	-1.147229e+01	1.987943e+02
2.600000e-06	-1.797945e-06	2.924879e-09	-1.253121e+01	1.740002e+02
2.610000e-06	-1.949192e-06	2.487068e-09	-1.358537e+01	1.480834e+02
2.620000e-06	-2.099770e-06	2.023975e-09	-1.463486e+01	1.209078e+02
2.630000e-06	-2.249693e-06	1.541420e-09	-1.567978e+01	9.233319e+01
2.640000e-06	-2.398843e-06	1.037600e-09	-1.671932e+01	6.224065e+01
2.650000e-06	-2.547068e-06	5.067236e-10	-1.775241e+01	3.056047e+01
2.660000e-06	-2.694346e-06	-5.073036e-11	-1.877890e+01	-2.703871e+00
2.670000e-06	-2.840687e-06	-6.303961e-10	-1.979886e+01	-3.746065e+01
2.680000e-06	-2.986041e-06	-1.231016e-09	-2.081194e+01	-7.352731e+01
2.690000e-06	-3.130279e-06	-1.851735e-09	-2.181724e+01	-1.106408e+02
2.700000e-06	-3.273319e-06	-2.487972e-09	-2.281419e+01	-1.484783e+02
2.710000e-06	-3.415166e-06	-3.130958e-09	-2.380283e+01	-1.866836e+02
2.720000e-06	-3.555691e-06	-3.771741e-09	-2.478225e+01	-2.248946e+02
2.730000e-06	-3.694820e-06	-4.408296e-09	-2.575194e+01	-2.627654e+02
2.740000e-06	-3.832590e-06	-5.036453e-09	-2.671217e+01	-2.999817e+02
2.750000e-06	-3.968962e-06	-5.647149e-09	-2.766264e+01	-3.362693e+02
2.760000e-06	-4.103936e-06	-6.234305e-09	-2.860338e+01	-3.713955e+02
2.770000e-06	-4.237482e-06	-6.799068e-09	-2.953416e+01	-4.051692e+02
2.780000e-06	-4.369439e-06	-7.342850e-09	-3.045387e+01	-4.374395e+02
2.790000e-06	-4.499801e-06	-7.861088e-09	-3.136245e+01	-4.680975e+02
2.800000e-06	-4.628638e-06	-8.348802e-09	-3.226041e+01	-4.970784e+02
2.810000e-06	-4.755875e-06	-8.809302e-09	-3.314723e+01	-5.243641e+02
2.820000e-06	-4.881437e-06	-9.245264e-09	-3.402236e+01	-5.499820e+02
2.830000e-06	-5.005252e-06	-9.652774e-09	-3.488532e+01	-5.739989e+02
2.840000e-06	-5.127309e-06	-1.003068e-08	-3.573603e+01	-5.965092e+02
2.850000e-06	-5.247521e-06	-1.038447e-08	-3.657387e+01	-6.176189e+02
2.860000e-06	-5.365738e-06	-1.072176e-08	-3.739782e+01	-6.374293e+02
2.870000e-06	-5.481739e-06	-1.103953e-08	-3.820631e+01	-6.560243e+02
2.880000e-06	-5.595451e-06	-1.133277e-08	-3.899885e+01	-6.734646e+02
2.890000e-06	-5.707000e-06	-1.160428e-08	-3.977632e+01	-6.897918e+02
2.900000e-06	-5.816442e-06	-1.186100e-08	-4.053910e+01	-7.050379e+02
2.910000e-06	-5.923913e-06	-1.210242e-08	-4.128815e+01	-7.192394e+02
2.920000e-06	-6.029405e-06	-1.232635e-08	-4.202340e+01	-7.324487e+02
2.930000e-06	-6.132759e-06	-1.253289e-08	-4.274375e+01	-7.447391e+02
2.940000e-06	-6.233862e-06	-1.272671e-08	-4.344841e+01	-7.562007e+02
2.950000e-06	-6.332724e-06	-1.291015e-08	-4.413745e+01	-7.669291e+02
2.960000e-06	-6.429420e-06	-1.307887e-08	-4.481140e+01	-7.770097e+02
2.970000e-06	-6.523843e-06	-1.323484e-08	-4.546951e+01	-7.865042e+02
2.980000e-06	-6.615876e-06	-1.338467e-08	-4.611095e+01	-7.954442e+02
2.990000e-06	-6.705620e-06	-1.353121e-08	-4.673645e+01	-8.038345e+02
3.000000e-06	-6.793043e-06	-1.366825e-08	-4.734576e+01	-8.116654e+02
3.010000e-06	-6.877964e-06	-1.379261e-08	-4.793764e+01	-8.189299e+02
3.020000e-06	-6.960491e-06	-1.390607e-08	-4.851283e+01	-8.256397e+02
3.030000e-06	-7.040669e-06	-1.401072e-08	-4.907165e+01	-8.318332e+02
3.040000e-06	-7.118154e-06	-1.410460e-08	-4.961170e+01	-8.375738e+02
3.050000e-06	-7.192825e-06	-1.418987e-08	-5.013214e+01	-8.429381e+02
3.060000e-06	-7.264815e-06	-1.427216e-08	-5.063389e+01	-8.479980e+02
3.070000e-06	-7.334178e-06	-1.435517e-08	-5.111733e+01	-8.528036e+02
3.080000e-06	-7.400989e-06	-1.443687e-08	-5.158299e+01	-8.573741e+02
3.090000e-06	-7.465277e-06	-1.451201e-08	-5.203106e+01	-8.616983e+02
3.100000e-06	-7.526935e-06	-1.458203e-08	-5.246080e+01	-8.657468e+02
3.110000e-06	-7.585868e-06	-1.464541e-08	-5.287155e+01	-8.694891e+02
3.120000e-06	-7.642035e-06	-1.470001e-08	-5.326302e+01	-8.729118e+02
3.130000e-06	-7.695309e-06	-1.474574e-08	-5.363433e+01	-8.760279e+02
3.140000e-06	-7.745497e-06	-1.478948e-08	-5.398412e+01	-8.788768e+02
3.150000e-06	-7.792591e-06	-1.483645e-08	-5.431235e+01	-8.815125e+02
3.160000e-06	-7.837004e-06	-1.488348e-08	-5.462190e+01	-8.839862e+02
3.170000e-06	-7.878931e-06	-1.492511e-08	-5.491412e+01	-8.863296e+02
3.180000e-06	-7.918138e-06	-1.496199e-08	-5.518738e+01	-8.885448e+02
3.190000e-06	-7.954540e-06	-1.499653e-08	-5.544109e+01	-8.906060e+02
3.200000e-06	-7.988211e-06	-1.502786e-08	-5.567577e+01	-8.924717e+02
3.210000e-06	-8.019071e-06	-1.505333e-08	-5.589086e+01	-8.941029e+02
3.220000e-06	-8.047020e-06	-1.507348e-08	-5.608566e+01	-8.954802e+02
3.230000e-06	-8.072129e-06	-1.509303e-08	-5.626066e+01	-8.966137e+02
3.240000e-06	-8.094345e-06	-1.511419e-08	-5.641550e+01	-8.975409e+02
3.250000e-06	-8.113696e-06	-1.513183e-08	-5.655037e+01	-8.983147e+02
3.260000e-06	-8.130213e-06	-1.514253e-08	-5.666549e+01	-8.989850e+02
3.270000e-06	-8.143590e-06	-1.515083e-08	-5.675873e+01	-8.995820e+02
3.280000e-06	-8.153886e-06	-1.515874e-08	-5.683049e+01	-9.001069e+02
3.290000e-06	-8.161296e-06	-1.516604e-08	-5.688213e+01	-9.005345e+02
3.300000e-06	-8.165781e-06	-1.517142e-08	-5.691339e+01	-9.008255e+02
3.310000e-06	-8.167474e-06	-1.517520e-08	-5.692519e+01	-9.009443e+02
