# Temperatura_=_65.56
# Concentracion g/m^3_=_11780.0
# C_Vs_to_Am_M_A/Vsm_=_59384043850.047264
# pendiente_HvsI_1/m_=_3716.3
# ordenada_HvsI_A/m_=_1297.0
# frecuencia_Hz_=_301537.4650640275

Tiempo_(s)	Campo_(V.s)	Magnetizacion_(V.s)	Campo_(kA/m)	Magnetizacion_(A/m)
0.000000e+00	-8.132331e-06	-1.570656e-08	-5.691508e+01	-9.324838e+02
1.000000e-08	-8.129348e-06	-1.570333e-08	-5.689420e+01	-9.322356e+02
2.000000e-08	-8.123673e-06	-1.570115e-08	-5.685448e+01	-9.318746e+02
3.000000e-08	-8.115316e-06	-1.569324e-08	-5.679600e+01	-9.314302e+02
4.000000e-08	-8.104068e-06	-1.568086e-08	-5.671728e+01	-9.309149e+02
5.000000e-08	-8.089848e-06	-1.566662e-08	-5.661776e+01	-9.303183e+02
6.000000e-08	-8.072740e-06	-1.565790e-08	-5.649803e+01	-9.296082e+02
7.000000e-08	-8.053141e-06	-1.565224e-08	-5.636086e+01	-9.287422e+02
8.000000e-08	-8.031021e-06	-1.560038e-08	-5.620605e+01	-9.276827e+02
9.000000e-08	-8.005715e-06	-1.555993e-08	-5.602894e+01	-9.264116e+02
1.000000e-07	-7.977062e-06	-1.557012e-08	-5.582841e+01	-9.249387e+02
1.100000e-07	-7.945505e-06	-1.556934e-08	-5.560756e+01	-9.233001e+02
1.200000e-07	-7.911254e-06	-1.553152e-08	-5.536784e+01	-9.215472e+02
1.300000e-07	-7.874496e-06	-1.549044e-08	-5.511059e+01	-9.197296e+02
1.400000e-07	-7.835588e-06	-1.549624e-08	-5.483829e+01	-9.178792e+02
1.500000e-07	-7.794343e-06	-1.543068e-08	-5.454963e+01	-9.159991e+02
1.600000e-07	-7.750254e-06	-1.539238e-08	-5.424107e+01	-9.140632e+02
1.700000e-07	-7.703386e-06	-1.537286e-08	-5.391305e+01	-9.120253e+02
1.800000e-07	-7.653599e-06	-1.528999e-08	-5.356462e+01	-9.098345e+02
1.900000e-07	-7.600635e-06	-1.529603e-08	-5.319394e+01	-9.074525e+02
2.000000e-07	-7.544860e-06	-1.525950e-08	-5.280360e+01	-9.048650e+02
2.100000e-07	-7.486353e-06	-1.519566e-08	-5.239413e+01	-9.020849e+02
2.200000e-07	-7.425169e-06	-1.513697e-08	-5.196593e+01	-8.991453e+02
2.300000e-07	-7.361330e-06	-1.507810e-08	-5.151914e+01	-8.960867e+02
2.400000e-07	-7.294690e-06	-1.505369e-08	-5.105275e+01	-8.929413e+02
2.500000e-07	-7.225384e-06	-1.496819e-08	-5.056770e+01	-8.897219e+02
2.600000e-07	-7.153426e-06	-1.491330e-08	-5.006410e+01	-8.864184e+02
2.700000e-07	-7.078702e-06	-1.487685e-08	-4.954113e+01	-8.830027e+02
2.800000e-07	-7.001125e-06	-1.483177e-08	-4.899820e+01	-8.794401e+02
2.900000e-07	-6.920802e-06	-1.475877e-08	-4.843605e+01	-8.757025e+02
3.000000e-07	-6.838077e-06	-1.466389e-08	-4.785709e+01	-8.717789e+02
3.100000e-07	-6.753107e-06	-1.461191e-08	-4.726242e+01	-8.676782e+02
3.200000e-07	-6.665847e-06	-1.454138e-08	-4.665172e+01	-8.634257e+02
3.300000e-07	-6.576225e-06	-1.447568e-08	-4.602449e+01	-8.590515e+02
3.400000e-07	-6.484237e-06	-1.439360e-08	-4.538070e+01	-8.545794e+02
3.500000e-07	-6.389947e-06	-1.431591e-08	-4.472080e+01	-8.500167e+02
3.600000e-07	-6.293301e-06	-1.425029e-08	-4.404441e+01	-8.453513e+02
3.700000e-07	-6.194305e-06	-1.416426e-08	-4.335157e+01	-8.405558e+02
3.800000e-07	-6.093090e-06	-1.407143e-08	-4.264321e+01	-8.355973e+02
3.900000e-07	-5.989674e-06	-1.397283e-08	-4.191944e+01	-8.304490e+02
4.000000e-07	-5.884056e-06	-1.390115e-08	-4.118026e+01	-8.251000e+02
4.100000e-07	-5.776314e-06	-1.381466e-08	-4.042622e+01	-8.195582e+02
4.200000e-07	-5.666582e-06	-1.371486e-08	-3.965824e+01	-8.138476e+02
4.300000e-07	-5.554790e-06	-1.361043e-08	-3.887586e+01	-8.079983e+02
4.400000e-07	-5.440788e-06	-1.351455e-08	-3.807800e+01	-8.020357e+02
4.500000e-07	-5.324627e-06	-1.341481e-08	-3.726503e+01	-7.959704e+02
4.600000e-07	-5.206465e-06	-1.330046e-08	-3.643806e+01	-7.897940e+02
4.700000e-07	-5.086399e-06	-1.319129e-08	-3.559777e+01	-7.834819e+02
4.800000e-07	-4.964480e-06	-1.308614e-08	-3.474450e+01	-7.770017e+02
4.900000e-07	-4.840796e-06	-1.298556e-08	-3.387888e+01	-7.703239e+02
5.000000e-07	-4.715376e-06	-1.286653e-08	-3.300112e+01	-7.634323e+02
5.100000e-07	-4.588289e-06	-1.274093e-08	-3.211168e+01	-7.563291e+02
5.200000e-07	-4.459530e-06	-1.261582e-08	-3.121055e+01	-7.490331e+02
5.300000e-07	-4.329133e-06	-1.249523e-08	-3.029795e+01	-7.415720e+02
5.400000e-07	-4.197153e-06	-1.236578e-08	-2.937427e+01	-7.339718e+02
5.500000e-07	-4.063689e-06	-1.223133e-08	-2.844021e+01	-7.262455e+02
5.600000e-07	-3.928806e-06	-1.210255e-08	-2.749621e+01	-7.183873e+02
5.700000e-07	-3.792356e-06	-1.197454e-08	-2.654125e+01	-7.103719e+02
5.800000e-07	-3.654445e-06	-1.183786e-08	-2.557607e+01	-7.021617e+02
5.900000e-07	-3.515248e-06	-1.168779e-08	-2.460188e+01	-6.937169e+02
6.000000e-07	-3.374616e-06	-1.153863e-08	-2.361765e+01	-6.850073e+02
6.100000e-07	-3.232532e-06	-1.138992e-08	-2.262326e+01	-6.760201e+02
6.200000e-07	-3.089197e-06	-1.123829e-08	-2.162011e+01	-6.667624e+02
6.300000e-07	-2.944767e-06	-1.107808e-08	-2.060930e+01	-6.572557e+02
6.400000e-07	-2.799270e-06	-1.091680e-08	-1.959102e+01	-6.475272e+02
6.500000e-07	-2.652764e-06	-1.075416e-08	-1.856569e+01	-6.375971e+02
6.600000e-07	-2.505356e-06	-1.058352e-08	-1.753403e+01	-6.274702e+02
6.700000e-07	-2.357076e-06	-1.040379e-08	-1.649628e+01	-6.171313e+02
6.800000e-07	-2.208017e-06	-1.022110e-08	-1.545307e+01	-6.065479e+02
6.900000e-07	-2.058262e-06	-1.004169e-08	-1.440499e+01	-5.956790e+02
7.000000e-07	-1.907838e-06	-9.858270e-09	-1.335223e+01	-5.844860e+02
7.100000e-07	-1.756731e-06	-9.665409e-09	-1.229469e+01	-5.729429e+02
7.200000e-07	-1.605018e-06	-9.464006e-09	-1.123291e+01	-5.610416e+02
7.300000e-07	-1.452735e-06	-9.259865e-09	-1.016714e+01	-5.487913e+02
7.400000e-07	-1.299881e-06	-9.050193e-09	-9.097369e+00	-5.362103e+02
7.500000e-07	-1.146525e-06	-8.829914e-09	-8.024093e+00	-5.233156e+02
7.600000e-07	-9.927115e-07	-8.602967e-09	-6.947609e+00	-5.101110e+02
7.700000e-07	-8.385082e-07	-8.375898e-09	-5.868399e+00	-4.965790e+02
7.800000e-07	-6.839995e-07	-8.147595e-09	-4.787051e+00	-4.826788e+02
7.900000e-07	-5.292823e-07	-7.908904e-09	-3.704244e+00	-4.683499e+02
8.000000e-07	-3.744083e-07	-7.657200e-09	-2.620341e+00	-4.535209e+02
8.100000e-07	-2.193811e-07	-7.395389e-09	-1.535364e+00	-4.381198e+02
8.200000e-07	-6.428517e-08	-7.124520e-09	-4.499074e-01	-4.220824e+02
8.300000e-07	9.073589e-08	-6.842021e-09	6.350259e-01	-4.053576e+02
8.400000e-07	2.456780e-07	-6.546104e-09	1.719407e+00	-3.879073e+02
8.500000e-07	4.005708e-07	-6.239693e-09	2.803442e+00	-3.697025e+02
8.600000e-07	5.553619e-07	-5.923768e-09	3.886766e+00	-3.507184e+02
8.700000e-07	7.099905e-07	-5.593555e-09	4.968953e+00	-3.309291e+02
8.800000e-07	8.643742e-07	-5.243856e-09	6.049425e+00	-3.103040e+02
8.900000e-07	1.018439e-06	-4.878460e-09	7.127668e+00	-2.888062e+02
9.000000e-07	1.172089e-06	-4.501890e-09	8.203003e+00	-2.663904e+02
9.100000e-07	1.325247e-06	-4.109723e-09	9.274897e+00	-2.430011e+02
9.200000e-07	1.477973e-06	-3.696174e-09	1.034377e+01	-2.185677e+02
9.300000e-07	1.630249e-06	-3.262226e-09	1.140949e+01	-1.929992e+02
9.400000e-07	1.781923e-06	-2.809241e-09	1.247100e+01	-1.661806e+02
9.500000e-07	1.932919e-06	-2.332865e-09	1.352776e+01	-1.379738e+02
9.600000e-07	2.083124e-06	-1.828510e-09	1.457899e+01	-1.082271e+02
9.700000e-07	2.232554e-06	-1.293563e-09	1.562479e+01	-7.679394e+01
9.800000e-07	2.381290e-06	-7.307825e-10	1.666574e+01	-4.356142e+01
9.900000e-07	2.529187e-06	-1.400289e-10	1.770082e+01	-8.481452e+00
1.000000e-06	2.676166e-06	4.829977e-10	1.872946e+01	2.840020e+01
1.010000e-06	2.822185e-06	1.137134e-09	1.975140e+01	6.692521e+01
1.020000e-06	2.967188e-06	1.813006e-09	2.076622e+01	1.068198e+02
1.030000e-06	3.111139e-06	2.503636e-09	2.177367e+01	1.477094e+02
1.040000e-06	3.253898e-06	3.206078e-09	2.277279e+01	1.891498e+02
1.050000e-06	3.395434e-06	3.910029e-09	2.376335e+01	2.306663e+02
1.060000e-06	3.535719e-06	4.603006e-09	2.474515e+01	2.717955e+02
1.070000e-06	3.674606e-06	5.279076e-09	2.571716e+01	3.121192e+02
1.080000e-06	3.812058e-06	5.938763e-09	2.667914e+01	3.512868e+02
1.090000e-06	3.948081e-06	6.577151e-09	2.763111e+01	3.890235e+02
1.100000e-06	4.082626e-06	7.187044e-09	2.857274e+01	4.251266e+02
1.110000e-06	4.215746e-06	7.764830e-09	2.950440e+01	4.594557e+02
1.120000e-06	4.347440e-06	8.311192e-09	3.042608e+01	4.919212e+02
1.130000e-06	4.477488e-06	8.826532e-09	3.133623e+01	5.224760e+02
1.140000e-06	4.605917e-06	9.307596e-09	3.223505e+01	5.511119e+02
1.150000e-06	4.732753e-06	9.755905e-09	3.312273e+01	5.778582e+02
1.160000e-06	4.857899e-06	1.017486e-08	3.399858e+01	6.027814e+02
1.170000e-06	4.981372e-06	1.056651e-08	3.486272e+01	6.259804e+02
1.180000e-06	5.103111e-06	1.092978e-08	3.571472e+01	6.475769e+02
1.190000e-06	5.223019e-06	1.126581e-08	3.655391e+01	6.677019e+02
1.200000e-06	5.340961e-06	1.157785e-08	3.737935e+01	6.864801e+02
1.210000e-06	5.456879e-06	1.187022e-08	3.819062e+01	7.040184e+02
1.220000e-06	5.570731e-06	1.214545e-08	3.898742e+01	7.204000e+02
1.230000e-06	5.682421e-06	1.240322e-08	3.976910e+01	7.356871e+02
1.240000e-06	5.792068e-06	1.264475e-08	4.053648e+01	7.499305e+02
1.250000e-06	5.899766e-06	1.286936e-08	4.129021e+01	7.631810e+02
1.260000e-06	6.005351e-06	1.307667e-08	4.202916e+01	7.755001e+02
1.270000e-06	6.108722e-06	1.326764e-08	4.275261e+01	7.869628e+02
1.280000e-06	6.209916e-06	1.344410e-08	4.346083e+01	7.976543e+02
1.290000e-06	6.308832e-06	1.360941e-08	4.415310e+01	8.076598e+02
1.300000e-06	6.405330e-06	1.376617e-08	4.482846e+01	8.170519e+02
1.310000e-06	6.499559e-06	1.391518e-08	4.548793e+01	8.258821e+02
1.320000e-06	6.591642e-06	1.405624e-08	4.613239e+01	8.341777e+02
1.330000e-06	6.681361e-06	1.418804e-08	4.676030e+01	8.419476e+02
1.340000e-06	6.768653e-06	1.430811e-08	4.737122e+01	8.491941e+02
1.350000e-06	6.853682e-06	1.441786e-08	4.796631e+01	8.559263e+02
1.360000e-06	6.936394e-06	1.451987e-08	4.854517e+01	8.621706e+02
1.370000e-06	7.016590e-06	1.461411e-08	4.910644e+01	8.679727e+02
1.380000e-06	7.094210e-06	1.470285e-08	4.964967e+01	8.733928e+02
1.390000e-06	7.169154e-06	1.479037e-08	5.017417e+01	8.784930e+02
1.400000e-06	7.241360e-06	1.487511e-08	5.067951e+01	8.833238e+02
1.410000e-06	7.311039e-06	1.495413e-08	5.116717e+01	8.879143e+02
1.420000e-06	7.378189e-06	1.502849e-08	5.163712e+01	8.922694e+02
1.430000e-06	7.442643e-06	1.509754e-08	5.208822e+01	8.963757e+02
1.440000e-06	7.504491e-06	1.516103e-08	5.252106e+01	9.002136e+02
1.450000e-06	7.563777e-06	1.521793e-08	5.293599e+01	9.037707e+02
1.460000e-06	7.620378e-06	1.527099e-08	5.333212e+01	9.070514e+02
1.470000e-06	7.674169e-06	1.532231e-08	5.370858e+01	9.100792e+02
1.480000e-06	7.724858e-06	1.537268e-08	5.406333e+01	9.128906e+02
1.490000e-06	7.772429e-06	1.542071e-08	5.439626e+01	9.155235e+02
1.500000e-06	7.817184e-06	1.546297e-08	5.470949e+01	9.180043e+02
1.510000e-06	7.859118e-06	1.550128e-08	5.500297e+01	9.203400e+02
1.520000e-06	7.898236e-06	1.553676e-08	5.527674e+01	9.225171e+02
1.530000e-06	7.934720e-06	1.556838e-08	5.553208e+01	9.245089e+02
1.540000e-06	7.968433e-06	1.559545e-08	5.576802e+01	9.262880e+02
1.550000e-06	7.999312e-06	1.562008e-08	5.598413e+01	9.278388e+02
1.560000e-06	8.027493e-06	1.564418e-08	5.618136e+01	9.291657e+02
1.570000e-06	8.052769e-06	1.566613e-08	5.635826e+01	9.302932e+02
1.580000e-06	8.075133e-06	1.568300e-08	5.651477e+01	9.312577e+02
1.590000e-06	8.094817e-06	1.569635e-08	5.665254e+01	9.320954e+02
1.600000e-06	8.111704e-06	1.570948e-08	5.677072e+01	9.328300e+02
1.610000e-06	8.125553e-06	1.571937e-08	5.686764e+01	9.334649e+02
1.620000e-06	8.136216e-06	1.572376e-08	5.694227e+01	9.339846e+02
1.630000e-06	8.143779e-06	1.572769e-08	5.699520e+01	9.343629e+02
1.640000e-06	8.148517e-06	1.573483e-08	5.702836e+01	9.345756e+02
1.650000e-06	8.150394e-06	1.573829e-08	5.704150e+01	9.346122e+02
1.660000e-06	8.149458e-06	1.574043e-08	5.703494e+01	9.344817e+02
1.670000e-06	8.145958e-06	1.573676e-08	5.701045e+01	9.342107e+02
1.680000e-06	8.139771e-06	1.572968e-08	5.696715e+01	9.338326e+02
1.690000e-06	8.130886e-06	1.572072e-08	5.690497e+01	9.333749e+02
1.700000e-06	8.119226e-06	1.570660e-08	5.682336e+01	9.328463e+02
1.710000e-06	8.104632e-06	1.568897e-08	5.672122e+01	9.322320e+02
1.720000e-06	8.087474e-06	1.566456e-08	5.660114e+01	9.314970e+02
1.730000e-06	8.068034e-06	1.568257e-08	5.646509e+01	9.305985e+02
1.740000e-06	8.045813e-06	1.570876e-08	5.630957e+01	9.295014e+02
1.750000e-06	8.020068e-06	1.566533e-08	5.612939e+01	9.281925e+02
1.760000e-06	7.990630e-06	1.560984e-08	5.592337e+01	9.266865e+02
1.770000e-06	7.958052e-06	1.558296e-08	5.569537e+01	9.250232e+02
1.780000e-06	7.922965e-06	1.553777e-08	5.544981e+01	9.232551e+02
1.790000e-06	7.885436e-06	1.547701e-08	5.518716e+01	9.214298e+02
1.800000e-06	7.845700e-06	1.551019e-08	5.490906e+01	9.195744e+02
1.810000e-06	7.803764e-06	1.543458e-08	5.461557e+01	9.176868e+02
1.820000e-06	7.759250e-06	1.540201e-08	5.430403e+01	9.157361e+02
1.830000e-06	7.712078e-06	1.542445e-08	5.397389e+01	9.136741e+02
1.840000e-06	7.661894e-06	1.532934e-08	5.362267e+01	9.114512e+02
1.850000e-06	7.608621e-06	1.533281e-08	5.324983e+01	9.090324e+02
1.860000e-06	7.552488e-06	1.523931e-08	5.285698e+01	9.064086e+02
1.870000e-06	7.493604e-06	1.521046e-08	5.244488e+01	9.035969e+02
1.880000e-06	7.432146e-06	1.518022e-08	5.201475e+01	9.006328e+02
1.890000e-06	7.367917e-06	1.508845e-08	5.156524e+01	8.975565e+02
1.900000e-06	7.300930e-06	1.508484e-08	5.109642e+01	8.943973e+02
1.910000e-06	7.231170e-06	1.499693e-08	5.060820e+01	8.911639e+02
1.920000e-06	7.158614e-06	1.496172e-08	5.010041e+01	8.878426e+02
1.930000e-06	7.083405e-06	1.488898e-08	4.957405e+01	8.844029e+02
1.940000e-06	7.005436e-06	1.482349e-08	4.902837e+01	8.808104e+02
1.950000e-06	6.924849e-06	1.477752e-08	4.846437e+01	8.770395e+02
1.960000e-06	6.841760e-06	1.468442e-08	4.788287e+01	8.730828e+02
1.970000e-06	6.756207e-06	1.464749e-08	4.728412e+01	8.689526e+02
1.980000e-06	6.668195e-06	1.454735e-08	4.666815e+01	8.646758e+02
1.990000e-06	6.577803e-06	1.448079e-08	4.603553e+01	8.602825e+02
2.000000e-06	6.485158e-06	1.440059e-08	4.538715e+01	8.557939e+02
2.010000e-06	6.390137e-06	1.432506e-08	4.472213e+01	8.512140e+02
2.020000e-06	6.292877e-06	1.425184e-08	4.404144e+01	8.465275e+02
2.030000e-06	6.193401e-06	1.416050e-08	4.334525e+01	8.417050e+02
2.040000e-06	6.091649e-06	1.409452e-08	4.263313e+01	8.367139e+02
2.050000e-06	5.987685e-06	1.399377e-08	4.190552e+01	8.315297e+02
2.060000e-06	5.881647e-06	1.390649e-08	4.116340e+01	8.261448e+02
2.070000e-06	5.773589e-06	1.379619e-08	4.040714e+01	8.205706e+02
2.080000e-06	5.663433e-06	1.370732e-08	3.963620e+01	8.148327e+02
2.090000e-06	5.551148e-06	1.361083e-08	3.885036e+01	8.089613e+02
2.100000e-06	5.436705e-06	1.351795e-08	3.804943e+01	8.029798e+02
2.110000e-06	5.320187e-06	1.341652e-08	3.723396e+01	7.968955e+02
2.120000e-06	5.201594e-06	1.331004e-08	3.640397e+01	7.906968e+02
2.130000e-06	5.081026e-06	1.320125e-08	3.556016e+01	7.843569e+02
2.140000e-06	4.958648e-06	1.308340e-08	3.470368e+01	7.778429e+02
2.150000e-06	4.834490e-06	1.297165e-08	3.383475e+01	7.711273e+02
2.160000e-06	4.708592e-06	1.285255e-08	3.295363e+01	7.641970e+02
2.170000e-06	4.580996e-06	1.274160e-08	3.206065e+01	7.570573e+02
2.180000e-06	4.451784e-06	1.261830e-08	3.115634e+01	7.497294e+02
2.190000e-06	4.321022e-06	1.249797e-08	3.024118e+01	7.422415e+02
2.200000e-06	4.188646e-06	1.236252e-08	2.931474e+01	7.346180e+02
2.210000e-06	4.054743e-06	1.223199e-08	2.837760e+01	7.268689e+02
2.220000e-06	3.919447e-06	1.209486e-08	2.743071e+01	7.189847e+02
2.230000e-06	3.782708e-06	1.195747e-08	2.647373e+01	7.109372e+02
2.240000e-06	3.644537e-06	1.181701e-08	2.550673e+01	7.026876e+02
2.250000e-06	3.504991e-06	1.167698e-08	2.453009e+01	6.941970e+02
2.260000e-06	3.364094e-06	1.153581e-08	2.354401e+01	6.854379e+02
2.270000e-06	3.221995e-06	1.138358e-08	2.254951e+01	6.764011e+02
2.280000e-06	3.078707e-06	1.122665e-08	2.154670e+01	6.670967e+02
2.290000e-06	2.934201e-06	1.106108e-08	2.053535e+01	6.575482e+02
2.300000e-06	2.788693e-06	1.089461e-08	1.951700e+01	6.477822e+02
2.310000e-06	2.642269e-06	1.072146e-08	1.849223e+01	6.378170e+02
2.320000e-06	2.494916e-06	1.055066e-08	1.746097e+01	6.276536e+02
2.330000e-06	2.346722e-06	1.037783e-08	1.642381e+01	6.172734e+02
2.340000e-06	2.197633e-06	1.020452e-08	1.538040e+01	6.066419e+02
2.350000e-06	2.047706e-06	1.002330e-08	1.433111e+01	5.957174e+02
2.360000e-06	1.897113e-06	9.833692e-09	1.327717e+01	5.844630e+02
2.370000e-06	1.745855e-06	9.634078e-09	1.221857e+01	5.728557e+02
2.380000e-06	1.593956e-06	9.427907e-09	1.115549e+01	5.608908e+02
2.390000e-06	1.441484e-06	9.217611e-09	1.008840e+01	5.485796e+02
2.400000e-06	1.288525e-06	9.004615e-09	9.017895e+00	5.359413e+02
2.410000e-06	1.135189e-06	8.788882e-09	7.944753e+00	5.229912e+02
2.420000e-06	9.814256e-07	8.569142e-09	6.868623e+00	5.097298e+02
2.430000e-06	8.272856e-07	8.344609e-09	5.789856e+00	4.961355e+02
2.440000e-06	6.729028e-07	8.109612e-09	4.709390e+00	4.821633e+02
2.450000e-06	5.182478e-07	7.864995e-09	3.627019e+00	4.677502e+02
2.460000e-06	3.633222e-07	7.608582e-09	2.542754e+00	4.528239e+02
2.470000e-06	2.082424e-07	7.343926e-09	1.457409e+00	4.373132e+02
2.480000e-06	5.313049e-08	7.070679e-09	3.718400e-01	4.211562e+02
2.490000e-06	-1.020102e-07	6.788389e-09	-7.139307e-01	4.043040e+02
2.500000e-06	-2.571367e-07	6.495259e-09	-1.799601e+00	3.867206e+02
2.510000e-06	-4.121157e-07	6.191550e-09	-2.884241e+00	3.683781e+02
2.520000e-06	-5.668454e-07	5.873443e-09	-3.967134e+00	3.492519e+02
2.530000e-06	-7.213316e-07	5.535790e-09	-5.048325e+00	3.293155e+02
2.540000e-06	-8.755436e-07	5.180166e-09	-6.127596e+00	3.085372e+02
2.550000e-06	-1.029357e-06	4.811136e-09	-7.204076e+00	2.868788e+02
2.560000e-06	-1.182721e-06	4.430471e-09	-8.277414e+00	2.642933e+02
2.570000e-06	-1.335668e-06	4.035878e-09	-9.347830e+00	2.407230e+02
2.580000e-06	-1.488207e-06	3.625798e-09	-1.041539e+01	2.160938e+02
2.590000e-06	-1.640261e-06	3.198327e-09	-1.147956e+01	1.903110e+02
2.600000e-06	-1.791730e-06	2.747973e-09	-1.253963e+01	1.632549e+02
2.610000e-06	-1.942488e-06	2.268758e-09	-1.359473e+01	1.347842e+02
2.620000e-06	-2.092433e-06	1.761412e-09	-1.464414e+01	1.047461e+02
2.630000e-06	-2.241594e-06	1.226312e-09	-1.568806e+01	7.299825e+01
2.640000e-06	-2.390080e-06	6.631160e-10	-1.672726e+01	3.943671e+01
2.650000e-06	-2.537795e-06	7.101313e-11	-1.776106e+01	4.028281e+00
2.660000e-06	-2.684588e-06	-5.486432e-10	-1.878841e+01	-3.316212e+01
2.670000e-06	-2.830318e-06	-1.196385e-09	-1.980831e+01	-7.195526e+01
2.680000e-06	-2.975023e-06	-1.867514e-09	-2.082105e+01	-1.120577e+02
2.690000e-06	-3.118678e-06	-2.554627e-09	-2.182644e+01	-1.530801e+02
2.700000e-06	-3.261136e-06	-3.251561e-09	-2.282344e+01	-1.945693e+02
2.710000e-06	-3.402334e-06	-3.950524e-09	-2.381163e+01	-2.360501e+02
2.720000e-06	-3.542271e-06	-4.642081e-09	-2.479100e+01	-2.770646e+02
2.730000e-06	-3.680891e-06	-5.317087e-09	-2.576115e+01	-3.172057e+02
2.740000e-06	-3.818076e-06	-5.969265e-09	-2.672126e+01	-3.561361e+02
2.750000e-06	-3.953909e-06	-6.597517e-09	-2.767190e+01	-3.935942e+02
2.760000e-06	-4.088310e-06	-7.199849e-09	-2.861252e+01	-4.293896e+02
2.770000e-06	-4.221223e-06	-7.772660e-09	-2.954273e+01	-4.633914e+02
2.780000e-06	-4.352674e-06	-8.314553e-09	-3.046270e+01	-4.955183e+02
2.790000e-06	-4.482562e-06	-8.823930e-09	-3.137174e+01	-5.257303e+02
2.800000e-06	-4.610905e-06	-9.302509e-09	-3.226996e+01	-5.540258e+02
2.810000e-06	-4.737617e-06	-9.749163e-09	-3.315678e+01	-5.804409e+02
2.820000e-06	-4.862601e-06	-1.016375e-08	-3.403149e+01	-6.050485e+02
2.830000e-06	-4.985859e-06	-1.054703e-08	-3.489412e+01	-6.279522e+02
2.840000e-06	-5.107370e-06	-1.090596e-08	-3.574453e+01	-6.492766e+02
2.850000e-06	-5.227047e-06	-1.124458e-08	-3.658211e+01	-6.691526e+02
2.860000e-06	-5.344665e-06	-1.156088e-08	-3.740527e+01	-6.877026e+02
2.870000e-06	-5.460109e-06	-1.185441e-08	-3.821322e+01	-7.050292e+02
2.880000e-06	-5.573313e-06	-1.212640e-08	-3.900549e+01	-7.212115e+02
2.890000e-06	-5.684301e-06	-1.238139e-08	-3.978225e+01	-7.363090e+02
2.900000e-06	-5.793265e-06	-1.261822e-08	-4.054485e+01	-7.503714e+02
2.910000e-06	-5.900342e-06	-1.283586e-08	-4.129424e+01	-7.634510e+02
2.920000e-06	-6.005444e-06	-1.304032e-08	-4.202981e+01	-7.756116e+02
2.930000e-06	-6.108291e-06	-1.323397e-08	-4.274959e+01	-7.869304e+02
2.940000e-06	-6.208855e-06	-1.341537e-08	-4.345341e+01	-7.974937e+02
2.950000e-06	-6.307222e-06	-1.358298e-08	-4.414184e+01	-8.073851e+02
2.960000e-06	-6.403468e-06	-1.373821e-08	-4.481543e+01	-8.166742e+02
2.970000e-06	-6.497500e-06	-1.388525e-08	-4.547352e+01	-8.254078e+02
2.980000e-06	-6.589138e-06	-1.402372e-08	-4.611486e+01	-8.336095e+02
2.990000e-06	-6.678497e-06	-1.415306e-08	-4.674025e+01	-8.412860e+02
3.000000e-06	-6.765557e-06	-1.427635e-08	-4.734955e+01	-8.484399e+02
3.010000e-06	-6.850180e-06	-1.439455e-08	-4.794180e+01	-8.550828e+02
3.020000e-06	-6.932354e-06	-1.450211e-08	-4.851690e+01	-8.612445e+02
3.030000e-06	-7.012026e-06	-1.459627e-08	-4.907449e+01	-8.669741e+02
3.040000e-06	-7.089023e-06	-1.468204e-08	-4.961336e+01	-8.723329e+02
3.050000e-06	-7.163285e-06	-1.476566e-08	-5.013310e+01	-8.773821e+02
3.060000e-06	-7.234995e-06	-1.484651e-08	-5.063497e+01	-8.821689e+02
3.070000e-06	-7.304121e-06	-1.492247e-08	-5.111875e+01	-8.867179e+02
3.080000e-06	-7.370627e-06	-1.499623e-08	-5.158420e+01	-8.910302e+02
3.090000e-06	-7.434635e-06	-1.506835e-08	-5.203217e+01	-8.950903e+02
3.100000e-06	-7.496001e-06	-1.513661e-08	-5.246165e+01	-8.988788e+02
3.110000e-06	-7.554666e-06	-1.519414e-08	-5.287222e+01	-9.023860e+02
3.120000e-06	-7.610657e-06	-1.524273e-08	-5.326409e+01	-9.056196e+02
3.130000e-06	-7.663728e-06	-1.528849e-08	-5.363550e+01	-9.086062e+02
3.140000e-06	-7.713659e-06	-1.533539e-08	-5.398495e+01	-9.113834e+02
3.150000e-06	-7.760504e-06	-1.538272e-08	-5.431280e+01	-9.139880e+02
3.160000e-06	-7.804680e-06	-1.542879e-08	-5.462198e+01	-9.164433e+02
3.170000e-06	-7.846410e-06	-1.547120e-08	-5.491403e+01	-9.187525e+02
3.180000e-06	-7.885435e-06	-1.550786e-08	-5.518715e+01	-9.208989e+02
3.190000e-06	-7.921607e-06	-1.553827e-08	-5.544031e+01	-9.228548e+02
3.200000e-06	-7.955066e-06	-1.556424e-08	-5.567447e+01	-9.245940e+02
3.210000e-06	-7.985709e-06	-1.558832e-08	-5.588893e+01	-9.261042e+02
3.220000e-06	-8.013403e-06	-1.561055e-08	-5.608275e+01	-9.273935e+02
3.230000e-06	-8.038322e-06	-1.563184e-08	-5.625714e+01	-9.284893e+02
3.240000e-06	-8.060375e-06	-1.565259e-08	-5.641149e+01	-9.294291e+02
3.250000e-06	-8.079569e-06	-1.567097e-08	-5.654582e+01	-9.302475e+02
3.260000e-06	-8.095998e-06	-1.568349e-08	-5.666080e+01	-9.309649e+02
3.270000e-06	-8.109350e-06	-1.569084e-08	-5.675425e+01	-9.315811e+02
3.280000e-06	-8.119562e-06	-1.569447e-08	-5.682572e+01	-9.320779e+02
3.290000e-06	-8.126861e-06	-1.569975e-08	-5.687680e+01	-9.324285e+02
3.300000e-06	-8.131287e-06	-1.570635e-08	-5.690778e+01	-9.326102e+02
3.310000e-06	-8.132944e-06	-1.571037e-08	-5.691937e+01	-9.326160e+02
