# Temperatura_=_48.12
# Concentracion g/m^3_=_11780.0
# C_Vs_to_Am_M_A/Vsm_=_59384043850.047264
# pendiente_HvsI_1/m_=_3716.3
# ordenada_HvsI_A/m_=_1297.0
# frecuencia_Hz_=_301532.9452911412

Tiempo_(s)	Campo_(V.s)	Magnetizacion_(V.s)	Campo_(kA/m)	Magnetizacion_(A/m)
0.000000e+00	-8.100928e-06	-1.527137e-08	-5.691579e+01	-9.071298e+02
1.000000e-08	-8.097794e-06	-1.526724e-08	-5.689376e+01	-9.067974e+02
2.000000e-08	-8.091989e-06	-1.526185e-08	-5.685298e+01	-9.063476e+02
3.000000e-08	-8.083554e-06	-1.525588e-08	-5.679372e+01	-9.058452e+02
4.000000e-08	-8.072285e-06	-1.524987e-08	-5.671454e+01	-9.053283e+02
5.000000e-08	-8.058039e-06	-1.524021e-08	-5.661445e+01	-9.047914e+02
6.000000e-08	-8.040870e-06	-1.523111e-08	-5.649382e+01	-9.041862e+02
7.000000e-08	-8.021154e-06	-1.522013e-08	-5.635530e+01	-9.034383e+02
8.000000e-08	-7.998887e-06	-1.517077e-08	-5.619886e+01	-9.024764e+02
9.000000e-08	-7.973389e-06	-1.513764e-08	-5.601972e+01	-9.012606e+02
1.000000e-07	-7.944555e-06	-1.514141e-08	-5.581714e+01	-8.998001e+02
1.100000e-07	-7.912859e-06	-1.513261e-08	-5.559444e+01	-8.981520e+02
1.200000e-07	-7.878455e-06	-1.510215e-08	-5.535272e+01	-8.964017e+02
1.300000e-07	-7.841565e-06	-1.507565e-08	-5.509354e+01	-8.946322e+02
1.400000e-07	-7.802600e-06	-1.506326e-08	-5.481978e+01	-8.928927e+02
1.500000e-07	-7.761330e-06	-1.499803e-08	-5.452982e+01	-8.911799e+02
1.600000e-07	-7.717193e-06	-1.498331e-08	-5.421972e+01	-8.894386e+02
1.700000e-07	-7.670252e-06	-1.494698e-08	-5.388992e+01	-8.875817e+02
1.800000e-07	-7.620389e-06	-1.488276e-08	-5.353960e+01	-8.855228e+02
1.900000e-07	-7.567384e-06	-1.488750e-08	-5.316719e+01	-8.832072e+02
2.000000e-07	-7.511593e-06	-1.483985e-08	-5.277521e+01	-8.806322e+02
2.100000e-07	-7.453085e-06	-1.479026e-08	-5.236414e+01	-8.778468e+02
2.200000e-07	-7.391951e-06	-1.472669e-08	-5.193463e+01	-8.749311e+02
2.300000e-07	-7.328193e-06	-1.466938e-08	-5.148668e+01	-8.719652e+02
2.400000e-07	-7.261604e-06	-1.463144e-08	-5.101883e+01	-8.689975e+02
2.500000e-07	-7.192363e-06	-1.456460e-08	-5.053235e+01	-8.660267e+02
2.600000e-07	-7.120540e-06	-1.452742e-08	-5.002774e+01	-8.630019e+02
2.700000e-07	-7.045956e-06	-1.448568e-08	-4.950373e+01	-8.598439e+02
2.800000e-07	-6.968565e-06	-1.443782e-08	-4.895999e+01	-8.564758e+02
2.900000e-07	-6.888403e-06	-1.436628e-08	-4.839678e+01	-8.528531e+02
3.000000e-07	-6.805744e-06	-1.428166e-08	-4.781604e+01	-8.489809e+02
3.100000e-07	-6.720877e-06	-1.421749e-08	-4.721977e+01	-8.449115e+02
3.200000e-07	-6.633760e-06	-1.414475e-08	-4.660771e+01	-8.407227e+02
3.300000e-07	-6.544247e-06	-1.408983e-08	-4.597880e+01	-8.364876e+02
3.400000e-07	-6.452376e-06	-1.402134e-08	-4.533333e+01	-8.322453e+02
3.500000e-07	-6.358266e-06	-1.395156e-08	-4.467213e+01	-8.279859e+02
3.600000e-07	-6.261826e-06	-1.388051e-08	-4.399456e+01	-8.236542e+02
3.700000e-07	-6.162991e-06	-1.379532e-08	-4.330016e+01	-8.191713e+02
3.800000e-07	-6.061973e-06	-1.370630e-08	-4.259042e+01	-8.144651e+02
3.900000e-07	-5.958869e-06	-1.361148e-08	-4.186603e+01	-8.094979e+02
4.000000e-07	-5.853502e-06	-1.353566e-08	-4.112574e+01	-8.042792e+02
4.100000e-07	-5.745977e-06	-1.345473e-08	-4.037029e+01	-7.988611e+02
4.200000e-07	-5.636533e-06	-1.337089e-08	-3.960135e+01	-7.933162e+02
4.300000e-07	-5.525181e-06	-1.327751e-08	-3.881901e+01	-7.877080e+02
4.400000e-07	-5.411693e-06	-1.318145e-08	-3.802166e+01	-7.820654e+02
4.500000e-07	-5.295927e-06	-1.308095e-08	-3.720831e+01	-7.763719e+02
4.600000e-07	-5.178110e-06	-1.297347e-08	-3.638054e+01	-7.705715e+02
4.700000e-07	-5.058452e-06	-1.286703e-08	-3.553985e+01	-7.645918e+02
4.800000e-07	-4.936936e-06	-1.276223e-08	-3.468610e+01	-7.583714e+02
4.900000e-07	-4.813507e-06	-1.266615e-08	-3.381891e+01	-7.518843e+02
5.000000e-07	-4.688351e-06	-1.256102e-08	-3.293958e+01	-7.451480e+02
5.100000e-07	-4.561670e-06	-1.244547e-08	-3.204954e+01	-7.382157e+02
5.200000e-07	-4.433453e-06	-1.232290e-08	-3.114871e+01	-7.311537e+02
5.300000e-07	-4.303525e-06	-1.220088e-08	-3.023586e+01	-7.240139e+02
5.400000e-07	-4.171871e-06	-1.207406e-08	-2.931087e+01	-7.168120e+02
5.500000e-07	-4.038816e-06	-1.194379e-08	-2.837605e+01	-7.095204e+02
5.600000e-07	-3.904372e-06	-1.181792e-08	-2.743148e+01	-7.020779e+02
5.700000e-07	-3.768515e-06	-1.169650e-08	-2.647697e+01	-6.944112e+02
5.800000e-07	-3.631310e-06	-1.156999e-08	-2.551299e+01	-6.864616e+02
5.900000e-07	-3.492611e-06	-1.142872e-08	-2.453851e+01	-6.782050e+02
6.000000e-07	-3.352415e-06	-1.128236e-08	-2.355351e+01	-6.696572e+02
6.100000e-07	-3.210894e-06	-1.113544e-08	-2.255921e+01	-6.608646e+02
6.200000e-07	-3.068141e-06	-1.098600e-08	-2.155625e+01	-6.518830e+02
6.300000e-07	-2.924194e-06	-1.083058e-08	-2.054490e+01	-6.427535e+02
6.400000e-07	-2.779126e-06	-1.067324e-08	-1.952568e+01	-6.334847e+02
6.500000e-07	-2.633033e-06	-1.051815e-08	-1.849925e+01	-6.240489e+02
6.600000e-07	-2.486052e-06	-1.036034e-08	-1.746659e+01	-6.143919e+02
6.700000e-07	-2.338326e-06	-1.019343e-08	-1.642869e+01	-6.044528e+02
6.800000e-07	-2.189917e-06	-1.001642e-08	-1.538600e+01	-5.941853e+02
6.900000e-07	-2.040801e-06	-9.837496e-09	-1.433833e+01	-5.835725e+02
7.000000e-07	-1.890978e-06	-9.657481e-09	-1.328570e+01	-5.726288e+02
7.100000e-07	-1.740456e-06	-9.470324e-09	-1.222816e+01	-5.613900e+02
7.200000e-07	-1.589235e-06	-9.274618e-09	-1.116570e+01	-5.498941e+02
7.300000e-07	-1.437471e-06	-9.076764e-09	-1.009943e+01	-5.381624e+02
7.400000e-07	-1.285270e-06	-8.878606e-09	-9.030096e+00	-5.261877e+02
7.500000e-07	-1.132600e-06	-8.673443e-09	-7.957461e+00	-5.139327e+02
7.600000e-07	-9.794597e-07	-8.459295e-09	-6.881522e+00	-5.013404e+02
7.700000e-07	-8.259010e-07	-8.240042e-09	-5.802644e+00	-4.883500e+02
7.800000e-07	-6.720222e-07	-8.018885e-09	-4.721517e+00	-4.749117e+02
7.900000e-07	-5.178522e-07	-7.788749e-09	-3.638344e+00	-4.609944e+02
8.000000e-07	-3.634853e-07	-7.543503e-09	-2.553788e+00	-4.465835e+02
8.100000e-07	-2.090001e-07	-7.286041e-09	-1.468400e+00	-4.316693e+02
8.200000e-07	-5.438871e-08	-7.024854e-09	-3.821261e-01	-4.162328e+02
8.300000e-07	1.002427e-07	-6.758778e-09	7.042887e-01	-4.002339e+02
8.400000e-07	2.548393e-07	-6.478236e-09	1.790459e+00	-3.836094e+02
8.500000e-07	4.093656e-07	-6.185103e-09	2.876135e+00	-3.662808e+02
8.600000e-07	5.636731e-07	-5.883433e-09	3.960274e+00	-3.481702e+02
8.700000e-07	7.177121e-07	-5.568675e-09	5.042527e+00	-3.292177e+02
8.800000e-07	8.714804e-07	-5.231526e-09	6.122878e+00	-3.093932e+02
8.900000e-07	1.024865e-06	-4.875360e-09	7.200534e+00	-2.886963e+02
9.000000e-07	1.177822e-06	-4.511572e-09	8.275184e+00	-2.671434e+02
9.100000e-07	1.330329e-06	-4.140142e-09	9.346675e+00	-2.447459e+02
9.200000e-07	1.482341e-06	-3.750162e-09	1.041468e+01	-2.214845e+02
9.300000e-07	1.633821e-06	-3.337517e-09	1.147896e+01	-1.972903e+02
9.400000e-07	1.784722e-06	-2.909504e-09	1.253916e+01	-1.720393e+02
9.500000e-07	1.935047e-06	-2.466386e-09	1.359532e+01	-1.455626e+02
9.600000e-07	2.084666e-06	-1.996479e-09	1.464652e+01	-1.176723e+02
9.700000e-07	2.233461e-06	-1.493290e-09	1.569193e+01	-8.819573e+01
9.800000e-07	2.381536e-06	-9.633331e-10	1.673228e+01	-5.701154e+01
9.900000e-07	2.528878e-06	-4.112886e-10	1.776748e+01	-2.407805e+01
1.000000e-06	2.675279e-06	1.707967e-10	1.879607e+01	1.055065e+01
1.010000e-06	2.820605e-06	7.870052e-10	1.981711e+01	4.672323e+01
1.020000e-06	2.964882e-06	1.425202e-09	2.083077e+01	8.420235e+01
1.030000e-06	3.108087e-06	2.070634e-09	2.183691e+01	1.226843e+02
1.040000e-06	3.250168e-06	2.727179e-09	2.283514e+01	1.618221e+02
1.050000e-06	3.391069e-06	3.397556e-09	2.382509e+01	2.012469e+02
1.060000e-06	3.530685e-06	4.067922e-09	2.480601e+01	2.405868e+02
1.070000e-06	3.668866e-06	4.722520e-09	2.577685e+01	2.794809e+02
1.080000e-06	3.805623e-06	5.360373e-09	2.673768e+01	3.175911e+02
1.090000e-06	3.941025e-06	5.986797e-09	2.768899e+01	3.546119e+02
1.100000e-06	4.075024e-06	6.593522e-09	2.863044e+01	3.902807e+02
1.110000e-06	4.207606e-06	7.166802e-09	2.956195e+01	4.243872e+02
1.120000e-06	4.338689e-06	7.705698e-09	3.048291e+01	4.567811e+02
1.130000e-06	4.468129e-06	8.220532e-09	3.139234e+01	4.873764e+02
1.140000e-06	4.595958e-06	8.709652e-09	3.229044e+01	5.161501e+02
1.150000e-06	4.722228e-06	9.164897e-09	3.317759e+01	5.431343e+02
1.160000e-06	4.846901e-06	9.585595e-09	3.405353e+01	5.684031e+02
1.170000e-06	4.969912e-06	9.982849e-09	3.491778e+01	5.920556e+02
1.180000e-06	5.091096e-06	1.035953e-08	3.576920e+01	6.141982e+02
1.190000e-06	5.210431e-06	1.070840e-08	3.660763e+01	6.349303e+02
1.200000e-06	5.327845e-06	1.102767e-08	3.743256e+01	6.543355e+02
1.210000e-06	5.443116e-06	1.132815e-08	3.824243e+01	6.724798e+02
1.220000e-06	5.556253e-06	1.161546e-08	3.903731e+01	6.894169e+02
1.230000e-06	5.667352e-06	1.188220e-08	3.981788e+01	7.051970e+02
1.240000e-06	5.776546e-06	1.212603e-08	4.058506e+01	7.198768e+02
1.250000e-06	5.883769e-06	1.235466e-08	4.133839e+01	7.335267e+02
1.260000e-06	5.988775e-06	1.257339e-08	4.207615e+01	7.462320e+02
1.270000e-06	6.091595e-06	1.277580e-08	4.279854e+01	7.580877e+02
1.280000e-06	6.192234e-06	1.295789e-08	4.350562e+01	7.691881e+02
1.290000e-06	6.290557e-06	1.312766e-08	4.419641e+01	7.796142e+02
1.300000e-06	6.386565e-06	1.329340e-08	4.487095e+01	7.894243e+02
1.310000e-06	6.480384e-06	1.345056e-08	4.553011e+01	7.986497e+02
1.320000e-06	6.572006e-06	1.359384e-08	4.617383e+01	8.072986e+02
1.330000e-06	6.661257e-06	1.372677e-08	4.680089e+01	8.153680e+02
1.340000e-06	6.748106e-06	1.385331e-08	4.741108e+01	8.228576e+02
1.350000e-06	6.832647e-06	1.397074e-08	4.800505e+01	8.297843e+02
1.360000e-06	6.914847e-06	1.407579e-08	4.858257e+01	8.361892e+02
1.370000e-06	6.994577e-06	1.417136e-08	4.914274e+01	8.421356e+02
1.380000e-06	7.071708e-06	1.426477e-08	4.968465e+01	8.476986e+02
1.390000e-06	7.146157e-06	1.435758e-08	5.020772e+01	8.529483e+02
1.400000e-06	7.217918e-06	1.444303e-08	5.071190e+01	8.579342e+02
1.410000e-06	7.287138e-06	1.452067e-08	5.119823e+01	8.626755e+02
1.420000e-06	7.353790e-06	1.459692e-08	5.166651e+01	8.671611e+02
1.430000e-06	7.417780e-06	1.467151e-08	5.211609e+01	8.713610e+02
1.440000e-06	7.479247e-06	1.473733e-08	5.254796e+01	8.752440e+02
1.450000e-06	7.538190e-06	1.479283e-08	5.296208e+01	8.787957e+02
1.460000e-06	7.594451e-06	1.484523e-08	5.335736e+01	8.820300e+02
1.470000e-06	7.647853e-06	1.489829e-08	5.373255e+01	8.849900e+02
1.480000e-06	7.698119e-06	1.494749e-08	5.408571e+01	8.877360e+02
1.490000e-06	7.745294e-06	1.499037e-08	5.441716e+01	8.903268e+02
1.500000e-06	7.789702e-06	1.503180e-08	5.472916e+01	8.928002e+02
1.510000e-06	7.831353e-06	1.507412e-08	5.502179e+01	8.951600e+02
1.520000e-06	7.870189e-06	1.511232e-08	5.529465e+01	8.973761e+02
1.530000e-06	7.906355e-06	1.514324e-08	5.554874e+01	8.993974e+02
1.540000e-06	7.939790e-06	1.517074e-08	5.578366e+01	9.011731e+02
1.550000e-06	7.970426e-06	1.519719e-08	5.599890e+01	9.026744e+02
1.560000e-06	7.998279e-06	1.521966e-08	5.619459e+01	9.039086e+02
1.570000e-06	8.023206e-06	1.523588e-08	5.636972e+01	9.049197e+02
1.580000e-06	8.045313e-06	1.524931e-08	5.652504e+01	9.057740e+02
1.590000e-06	8.064723e-06	1.526564e-08	5.666141e+01	9.065376e+02
1.600000e-06	8.081236e-06	1.528176e-08	5.677743e+01	9.072527e+02
1.610000e-06	8.094737e-06	1.529027e-08	5.687229e+01	9.079230e+02
1.620000e-06	8.105146e-06	1.529361e-08	5.694542e+01	9.085138e+02
1.630000e-06	8.112508e-06	1.529873e-08	5.699714e+01	9.089669e+02
1.640000e-06	8.117083e-06	1.530623e-08	5.702928e+01	9.092253e+02
1.650000e-06	8.118822e-06	1.530790e-08	5.704150e+01	9.092572e+02
1.660000e-06	8.117772e-06	1.530788e-08	5.703412e+01	9.090706e+02
1.670000e-06	8.114109e-06	1.530624e-08	5.700839e+01	9.087117e+02
1.680000e-06	8.107708e-06	1.530057e-08	5.696342e+01	9.082478e+02
1.690000e-06	8.098612e-06	1.528714e-08	5.689951e+01	9.077407e+02
1.700000e-06	8.086795e-06	1.526766e-08	5.681648e+01	9.072215e+02
1.710000e-06	8.072145e-06	1.525093e-08	5.671356e+01	9.066767e+02
1.720000e-06	8.054968e-06	1.523364e-08	5.659287e+01	9.060513e+02
1.730000e-06	8.035470e-06	1.525624e-08	5.645589e+01	9.052695e+02
1.740000e-06	8.013166e-06	1.526986e-08	5.629918e+01	9.042635e+02
1.750000e-06	7.987328e-06	1.523149e-08	5.611765e+01	9.030014e+02
1.760000e-06	7.957825e-06	1.518967e-08	5.591037e+01	9.015016e+02
1.770000e-06	7.925226e-06	1.515765e-08	5.568133e+01	8.998282e+02
1.780000e-06	7.890095e-06	1.510235e-08	5.543450e+01	8.980686e+02
1.790000e-06	7.852546e-06	1.507640e-08	5.517069e+01	8.963017e+02
1.800000e-06	7.812823e-06	1.508927e-08	5.489161e+01	8.945684e+02
1.810000e-06	7.770912e-06	1.501186e-08	5.459714e+01	8.928555e+02
1.820000e-06	7.726401e-06	1.501376e-08	5.428442e+01	8.910999e+02
1.830000e-06	7.679199e-06	1.499521e-08	5.395278e+01	8.892124e+02
1.840000e-06	7.629060e-06	1.492727e-08	5.360052e+01	8.871098e+02
1.850000e-06	7.575814e-06	1.491632e-08	5.322642e+01	8.847461e+02
1.860000e-06	7.519636e-06	1.482859e-08	5.283172e+01	8.821283e+02
1.870000e-06	7.460769e-06	1.482216e-08	5.241813e+01	8.793129e+02
1.880000e-06	7.399345e-06	1.477592e-08	5.198658e+01	8.763825e+02
1.890000e-06	7.335157e-06	1.471425e-08	5.153560e+01	8.734135e+02
1.900000e-06	7.268224e-06	1.468320e-08	5.106534e+01	8.704466e+02
1.910000e-06	7.198507e-06	1.459420e-08	5.057552e+01	8.674706e+02
1.920000e-06	7.126038e-06	1.457193e-08	5.006637e+01	8.644278e+02
1.930000e-06	7.050937e-06	1.449904e-08	4.953872e+01	8.612369e+02
1.940000e-06	6.973019e-06	1.445210e-08	4.899128e+01	8.578248e+02
1.950000e-06	6.892516e-06	1.439926e-08	4.842568e+01	8.541553e+02
1.960000e-06	6.809643e-06	1.432193e-08	4.784343e+01	8.502426e+02
1.970000e-06	6.724339e-06	1.427368e-08	4.724409e+01	8.461454e+02
1.980000e-06	6.636536e-06	1.416687e-08	4.662721e+01	8.419432e+02
1.990000e-06	6.546356e-06	1.410360e-08	4.599362e+01	8.377048e+02
2.000000e-06	6.453956e-06	1.402241e-08	4.534443e+01	8.334613e+02
2.010000e-06	6.359172e-06	1.396591e-08	4.467850e+01	8.291937e+02
2.020000e-06	6.262107e-06	1.389718e-08	4.399653e+01	8.248405e+02
2.030000e-06	6.162959e-06	1.381963e-08	4.329994e+01	8.203219e+02
2.040000e-06	6.061651e-06	1.375239e-08	4.258816e+01	8.155702e+02
2.050000e-06	5.957982e-06	1.365651e-08	4.185980e+01	8.105555e+02
2.060000e-06	5.852108e-06	1.356831e-08	4.111594e+01	8.052960e+02
2.070000e-06	5.744296e-06	1.345487e-08	4.035848e+01	7.998495e+02
2.080000e-06	5.634385e-06	1.336783e-08	3.958626e+01	7.942889e+02
2.090000e-06	5.522335e-06	1.327603e-08	3.879902e+01	7.886732e+02
2.100000e-06	5.408226e-06	1.319372e-08	3.799730e+01	7.830237e+02
2.110000e-06	5.292093e-06	1.309912e-08	3.718137e+01	7.773156e+02
2.120000e-06	5.173810e-06	1.300211e-08	3.635034e+01	7.714882e+02
2.130000e-06	5.053501e-06	1.289900e-08	3.550507e+01	7.654688e+02
2.140000e-06	4.931434e-06	1.278452e-08	3.464744e+01	7.592011e+02
2.150000e-06	4.807684e-06	1.266768e-08	3.377799e+01	7.526665e+02
2.160000e-06	4.682189e-06	1.254843e-08	3.289629e+01	7.458901e+02
2.170000e-06	4.554870e-06	1.244126e-08	3.200176e+01	7.389295e+02
2.180000e-06	4.425958e-06	1.232804e-08	3.109605e+01	7.318502e+02
2.190000e-06	4.295578e-06	1.221349e-08	3.018002e+01	7.246989e+02
2.200000e-06	4.163741e-06	1.208740e-08	2.925376e+01	7.174838e+02
2.210000e-06	4.030417e-06	1.196438e-08	2.831705e+01	7.101701e+02
2.220000e-06	3.895523e-06	1.183292e-08	2.736930e+01	7.026923e+02
2.230000e-06	3.759143e-06	1.169908e-08	2.641112e+01	6.949782e+02
2.240000e-06	3.621456e-06	1.156183e-08	2.544375e+01	6.869740e+02
2.250000e-06	3.482516e-06	1.142742e-08	2.446758e+01	6.786627e+02
2.260000e-06	3.342319e-06	1.129047e-08	2.348259e+01	6.700668e+02
2.270000e-06	3.200795e-06	1.114193e-08	2.248826e+01	6.612361e+02
2.280000e-06	3.057894e-06	1.098631e-08	2.148426e+01	6.522254e+02
2.290000e-06	2.913768e-06	1.082669e-08	2.047165e+01	6.430710e+02
2.300000e-06	2.768667e-06	1.066680e-08	1.945219e+01	6.337749e+02
2.310000e-06	2.622706e-06	1.050298e-08	1.842670e+01	6.243037e+02
2.320000e-06	2.475850e-06	1.033885e-08	1.739491e+01	6.146003e+02
2.330000e-06	2.328195e-06	1.017516e-08	1.635751e+01	6.046048e+02
2.340000e-06	2.179786e-06	1.000882e-08	1.531481e+01	5.942755e+02
2.350000e-06	2.030547e-06	9.829922e-09	1.426629e+01	5.836013e+02
2.360000e-06	1.880482e-06	9.638598e-09	1.321196e+01	5.726016e+02
2.370000e-06	1.729678e-06	9.442915e-09	1.215243e+01	5.613139e+02
2.380000e-06	1.578219e-06	9.247540e-09	1.108831e+01	5.497746e+02
2.390000e-06	1.426196e-06	9.047605e-09	1.002022e+01	5.380005e+02
2.400000e-06	1.273741e-06	8.843288e-09	8.949096e+00	5.259788e+02
2.410000e-06	1.120911e-06	8.636252e-09	7.875337e+00	5.136677e+02
2.420000e-06	9.677091e-07	8.428059e-09	6.798964e+00	5.010082e+02
2.430000e-06	8.141667e-07	8.211219e-09	5.720201e+00	4.879406e+02
2.440000e-06	6.602879e-07	7.980476e-09	4.639074e+00	4.744180e+02
2.450000e-06	5.061201e-07	7.740453e-09	3.555917e+00	4.604129e+02
2.460000e-06	3.518240e-07	7.494829e-09	2.471858e+00	4.459125e+02
2.470000e-06	1.974412e-07	7.242073e-09	1.387189e+00	4.309065e+02
2.480000e-06	4.297510e-08	6.978318e-09	3.019360e-01	4.153728e+02
2.490000e-06	-1.114922e-07	6.705807e-09	-7.833256e-01	3.992670e+02
2.500000e-06	-2.659112e-07	6.426451e-09	-1.868248e+00	3.825223e+02
2.510000e-06	-4.201897e-07	6.137841e-09	-2.952183e+00	3.650590e+02
2.520000e-06	-5.743034e-07	5.831919e-09	-4.034961e+00	3.468013e+02
2.530000e-06	-7.281858e-07	5.506175e-09	-5.116113e+00	3.276940e+02
2.540000e-06	-8.817551e-07	5.166551e-09	-6.195066e+00	3.077126e+02
2.550000e-06	-1.034955e-06	4.814318e-09	-7.271422e+00	2.868610e+02
2.560000e-06	-1.187765e-06	4.448866e-09	-8.345038e+00	2.651567e+02
2.570000e-06	-1.340219e-06	4.070811e-09	-9.416159e+00	2.426071e+02
2.580000e-06	-1.492230e-06	3.680069e-09	-1.048416e+01	2.191853e+02
2.590000e-06	-1.643768e-06	3.274701e-09	-1.154884e+01	1.948126e+02
2.600000e-06	-1.794744e-06	2.849694e-09	-1.260958e+01	1.693557e+02
2.610000e-06	-1.944947e-06	2.398330e-09	-1.366487e+01	1.426400e+02
2.620000e-06	-2.094341e-06	1.921127e-09	-1.471450e+01	1.144776e+02
2.630000e-06	-2.242984e-06	1.420276e-09	-1.575884e+01	8.470264e+01
2.640000e-06	-2.390841e-06	8.918683e-10	-1.679766e+01	5.320608e+01
2.650000e-06	-2.537832e-06	3.349081e-10	-1.783039e+01	1.996263e+01
2.660000e-06	-2.683909e-06	-2.484619e-10	-1.885670e+01	-1.495598e+01
2.670000e-06	-2.829044e-06	-8.556633e-10	-1.987640e+01	-5.138189e+01
2.680000e-06	-2.973238e-06	-1.485016e-09	-2.088948e+01	-8.906434e+01
2.690000e-06	-3.116317e-06	-2.132952e-09	-2.189473e+01	-1.276902e+02
2.700000e-06	-3.258086e-06	-2.793581e-09	-2.289077e+01	-1.669069e+02
2.710000e-06	-3.398566e-06	-3.458246e-09	-2.387776e+01	-2.063441e+02
2.720000e-06	-3.537751e-06	-4.118544e-09	-2.485565e+01	-2.456308e+02
2.730000e-06	-3.675655e-06	-4.770109e-09	-2.582455e+01	-2.844094e+02
2.740000e-06	-3.812300e-06	-5.407538e-09	-2.678459e+01	-3.223467e+02
2.750000e-06	-3.947580e-06	-6.023575e-09	-2.773505e+01	-3.591444e+02
2.760000e-06	-4.081317e-06	-6.616126e-09	-2.867466e+01	-3.945484e+02
2.770000e-06	-4.213576e-06	-7.185167e-09	-2.960389e+01	-4.283587e+02
2.780000e-06	-4.344420e-06	-7.728431e-09	-3.052318e+01	-4.604363e+02
2.790000e-06	-4.473739e-06	-8.241542e-09	-3.143175e+01	-4.907067e+02
2.800000e-06	-4.601556e-06	-8.722278e-09	-3.232977e+01	-5.191575e+02
2.810000e-06	-4.727694e-06	-9.173354e-09	-3.321599e+01	-5.458294e+02
2.820000e-06	-4.852049e-06	-9.594702e-09	-3.408970e+01	-5.708023e+02
2.830000e-06	-4.974772e-06	-9.985459e-09	-3.495193e+01	-5.941778e+02
2.840000e-06	-5.095755e-06	-1.035199e-08	-3.580193e+01	-6.160621e+02
2.850000e-06	-5.214807e-06	-1.069860e-08	-3.663837e+01	-6.365520e+02
2.860000e-06	-5.331806e-06	-1.102641e-08	-3.746039e+01	-6.557281e+02
2.870000e-06	-5.446619e-06	-1.133330e-08	-3.826704e+01	-6.736536e+02
2.880000e-06	-5.559201e-06	-1.161627e-08	-3.905803e+01	-6.903807e+02
2.890000e-06	-5.669647e-06	-1.187868e-08	-3.983400e+01	-7.059602e+02
2.900000e-06	-5.778075e-06	-1.212302e-08	-4.059580e+01	-7.204509e+02
2.910000e-06	-5.884559e-06	-1.234842e-08	-4.134394e+01	-7.339260e+02
2.920000e-06	-5.989044e-06	-1.255769e-08	-4.207804e+01	-7.464729e+02
2.930000e-06	-6.091329e-06	-1.275554e-08	-4.279667e+01	-7.581874e+02
2.940000e-06	-6.191347e-06	-1.294375e-08	-4.349938e+01	-7.691624e+02
2.950000e-06	-6.289245e-06	-1.312012e-08	-4.418720e+01	-7.794754e+02
2.960000e-06	-6.385004e-06	-1.328338e-08	-4.485998e+01	-7.891800e+02
2.970000e-06	-6.478473e-06	-1.343717e-08	-4.551668e+01	-7.983027e+02
2.980000e-06	-6.569649e-06	-1.358314e-08	-4.615727e+01	-8.068490e+02
2.990000e-06	-6.658569e-06	-1.371921e-08	-4.678201e+01	-8.148149e+02
3.000000e-06	-6.745153e-06	-1.384465e-08	-4.739033e+01	-8.222025e+02
3.010000e-06	-6.829274e-06	-1.396224e-08	-4.798135e+01	-8.290328e+02
3.020000e-06	-6.910971e-06	-1.407033e-08	-4.855534e+01	-8.353510e+02
3.030000e-06	-6.990182e-06	-1.416897e-08	-4.911187e+01	-8.412238e+02
3.040000e-06	-7.066701e-06	-1.425911e-08	-4.964947e+01	-8.467265e+02
3.050000e-06	-7.140570e-06	-1.434344e-08	-5.016847e+01	-8.519267e+02
3.060000e-06	-7.211841e-06	-1.442479e-08	-5.066920e+01	-8.568689e+02
3.070000e-06	-7.280489e-06	-1.450388e-08	-5.115151e+01	-8.615665e+02
3.080000e-06	-7.346611e-06	-1.458046e-08	-5.161608e+01	-8.660040e+02
3.090000e-06	-7.410142e-06	-1.465260e-08	-5.206243e+01	-8.701498e+02
3.100000e-06	-7.471029e-06	-1.472011e-08	-5.249022e+01	-8.739743e+02
3.110000e-06	-7.529284e-06	-1.477967e-08	-5.289951e+01	-8.774678e+02
3.120000e-06	-7.584739e-06	-1.482905e-08	-5.328913e+01	-8.806497e+02
3.130000e-06	-7.637274e-06	-1.487171e-08	-5.365823e+01	-8.835672e+02
3.140000e-06	-7.686748e-06	-1.491431e-08	-5.400582e+01	-8.862820e+02
3.150000e-06	-7.733245e-06	-1.495990e-08	-5.433251e+01	-8.888504e+02
3.160000e-06	-7.777170e-06	-1.500548e-08	-5.464111e+01	-8.913046e+02
3.170000e-06	-7.818624e-06	-1.504672e-08	-5.493236e+01	-8.936422e+02
3.180000e-06	-7.857403e-06	-1.508420e-08	-5.520481e+01	-8.958281e+02
3.190000e-06	-7.893376e-06	-1.511745e-08	-5.545756e+01	-8.978093e+02
3.200000e-06	-7.926543e-06	-1.514413e-08	-5.569058e+01	-8.995376e+02
3.210000e-06	-7.956836e-06	-1.516420e-08	-5.590342e+01	-9.009899e+02
3.220000e-06	-7.984261e-06	-1.518140e-08	-5.609610e+01	-9.021806e+02
3.230000e-06	-8.008904e-06	-1.519945e-08	-5.626924e+01	-9.031589e+02
3.240000e-06	-8.030709e-06	-1.521750e-08	-5.642243e+01	-9.039930e+02
3.250000e-06	-8.049698e-06	-1.523356e-08	-5.655585e+01	-9.047462e+02
3.260000e-06	-8.065820e-06	-1.524694e-08	-5.666912e+01	-9.054547e+02
3.270000e-06	-8.078833e-06	-1.525884e-08	-5.676054e+01	-9.061147e+02
3.280000e-06	-8.088827e-06	-1.526770e-08	-5.683077e+01	-9.066859e+02
3.290000e-06	-8.095975e-06	-1.527253e-08	-5.688098e+01	-9.071084e+02
3.300000e-06	-8.100256e-06	-1.527537e-08	-5.691106e+01	-9.073281e+02
3.310000e-06	-8.101738e-06	-1.527576e-08	-5.692147e+01	-9.073196e+02
