# Temperatura_=_44.84
# Concentracion g/m^3_=_11780.0
# C_Vs_to_Am_M_A/Vsm_=_59384043850.047264
# pendiente_HvsI_1/m_=_3716.3
# ordenada_HvsI_A/m_=_1297.0
# frecuencia_Hz_=_301533.6933201078

Tiempo_(s)	Campo_(V.s)	Magnetizacion_(V.s)	Campo_(kA/m)	Magnetizacion_(A/m)
0.000000e+00	-8.069617e-06	-1.519303e-08	-5.691937e+01	-9.021431e+02
1.000000e-08	-8.066541e-06	-1.518758e-08	-5.689767e+01	-9.018161e+02
2.000000e-08	-8.060832e-06	-1.518222e-08	-5.685740e+01	-9.013959e+02
3.000000e-08	-8.052463e-06	-1.517525e-08	-5.679837e+01	-9.009388e+02
4.000000e-08	-8.041241e-06	-1.516928e-08	-5.671921e+01	-9.004678e+02
5.000000e-08	-8.027081e-06	-1.516217e-08	-5.661933e+01	-8.999624e+02
6.000000e-08	-8.009960e-06	-1.515753e-08	-5.649857e+01	-8.993645e+02
7.000000e-08	-7.990314e-06	-1.515326e-08	-5.636000e+01	-8.985998e+02
8.000000e-08	-7.968150e-06	-1.509404e-08	-5.620366e+01	-8.976069e+02
9.000000e-08	-7.942793e-06	-1.505257e-08	-5.602480e+01	-8.963612e+02
1.000000e-07	-7.914155e-06	-1.506322e-08	-5.582281e+01	-8.948865e+02
1.100000e-07	-7.882665e-06	-1.505962e-08	-5.560069e+01	-8.932481e+02
1.200000e-07	-7.848462e-06	-1.502591e-08	-5.535944e+01	-8.915304e+02
1.300000e-07	-7.811778e-06	-1.499781e-08	-5.510069e+01	-8.898063e+02
1.400000e-07	-7.773007e-06	-1.500106e-08	-5.482722e+01	-8.881111e+02
1.500000e-07	-7.731876e-06	-1.491300e-08	-5.453710e+01	-8.864300e+02
1.600000e-07	-7.687936e-06	-1.491016e-08	-5.422716e+01	-8.847034e+02
1.700000e-07	-7.641304e-06	-1.488177e-08	-5.389824e+01	-8.828485e+02
1.800000e-07	-7.591778e-06	-1.479696e-08	-5.354891e+01	-8.807900e+02
1.900000e-07	-7.539054e-06	-1.482210e-08	-5.317701e+01	-8.784858e+02
2.000000e-07	-7.483461e-06	-1.476344e-08	-5.278489e+01	-8.759407e+02
2.100000e-07	-7.425156e-06	-1.471482e-08	-5.237363e+01	-8.732026e+02
2.200000e-07	-7.364254e-06	-1.465265e-08	-5.194406e+01	-8.703420e+02
2.300000e-07	-7.300733e-06	-1.459590e-08	-5.149601e+01	-8.674246e+02
2.400000e-07	-7.234435e-06	-1.456753e-08	-5.102837e+01	-8.644862e+02
2.500000e-07	-7.165525e-06	-1.449321e-08	-5.054232e+01	-8.615202e+02
2.600000e-07	-7.093967e-06	-1.446008e-08	-5.003758e+01	-8.584817e+02
2.700000e-07	-7.019578e-06	-1.441327e-08	-4.951287e+01	-8.553060e+02
2.800000e-07	-6.942454e-06	-1.436333e-08	-4.896888e+01	-8.519343e+02
2.900000e-07	-6.862664e-06	-1.429042e-08	-4.840607e+01	-8.483367e+02
3.000000e-07	-6.780369e-06	-1.420393e-08	-4.782560e+01	-8.445225e+02
3.100000e-07	-6.695786e-06	-1.415141e-08	-4.722899e+01	-8.405358e+02
3.200000e-07	-6.608970e-06	-1.407593e-08	-4.661663e+01	-8.364374e+02
3.300000e-07	-6.519863e-06	-1.401969e-08	-4.598812e+01	-8.322804e+02
3.400000e-07	-6.428386e-06	-1.394954e-08	-4.534287e+01	-8.280896e+02
3.500000e-07	-6.334587e-06	-1.388004e-08	-4.468126e+01	-8.238521e+02
3.600000e-07	-6.238475e-06	-1.381256e-08	-4.400333e+01	-8.195225e+02
3.700000e-07	-6.140053e-06	-1.372624e-08	-4.330911e+01	-8.150411e+02
3.800000e-07	-6.039412e-06	-1.364116e-08	-4.259923e+01	-8.103565e+02
3.900000e-07	-5.936642e-06	-1.354724e-08	-4.187434e+01	-8.054444e+02
4.000000e-07	-5.831710e-06	-1.347504e-08	-4.113420e+01	-8.003162e+02
4.100000e-07	-5.724651e-06	-1.338990e-08	-4.037905e+01	-7.950124e+02
4.200000e-07	-5.615582e-06	-1.330416e-08	-3.960973e+01	-7.895856e+02
4.300000e-07	-5.504520e-06	-1.321443e-08	-3.882635e+01	-7.840788e+02
4.400000e-07	-5.391397e-06	-1.312216e-08	-3.802843e+01	-7.785081e+02
4.500000e-07	-5.276084e-06	-1.302323e-08	-3.721507e+01	-7.728555e+02
4.600000e-07	-5.158650e-06	-1.291460e-08	-3.638674e+01	-7.670757e+02
4.700000e-07	-5.039333e-06	-1.281230e-08	-3.554514e+01	-7.611129e+02
4.800000e-07	-4.918242e-06	-1.270952e-08	-3.469102e+01	-7.549217e+02
4.900000e-07	-4.795355e-06	-1.261300e-08	-3.382423e+01	-7.484832e+02
5.000000e-07	-4.670710e-06	-1.250295e-08	-3.294504e+01	-7.418118e+02
5.100000e-07	-4.544442e-06	-1.238647e-08	-3.205440e+01	-7.349483e+02
5.200000e-07	-4.416597e-06	-1.226491e-08	-3.115264e+01	-7.279439e+02
5.300000e-07	-4.287142e-06	-1.214332e-08	-3.023952e+01	-7.208396e+02
5.400000e-07	-4.156131e-06	-1.201808e-08	-2.931544e+01	-7.136507e+02
5.500000e-07	-4.023633e-06	-1.189177e-08	-2.838086e+01	-7.063601e+02
5.600000e-07	-3.889662e-06	-1.177121e-08	-2.743589e+01	-6.989235e+02
5.700000e-07	-3.754286e-06	-1.164769e-08	-2.648100e+01	-6.912848e+02
5.800000e-07	-3.617585e-06	-1.151690e-08	-2.551678e+01	-6.833941e+02
5.900000e-07	-3.479516e-06	-1.137484e-08	-2.454290e+01	-6.752240e+02
6.000000e-07	-3.339972e-06	-1.123034e-08	-2.355862e+01	-6.667760e+02
6.100000e-07	-3.199042e-06	-1.108292e-08	-2.256457e+01	-6.580773e+02
6.200000e-07	-3.056885e-06	-1.093535e-08	-2.156186e+01	-6.491675e+02
6.300000e-07	-2.913600e-06	-1.078574e-08	-2.055120e+01	-6.400827e+02
6.400000e-07	-2.769162e-06	-1.063340e-08	-1.953240e+01	-6.308403e+02
6.500000e-07	-2.623598e-06	-1.047744e-08	-1.850565e+01	-6.214324e+02
6.600000e-07	-2.477150e-06	-1.031368e-08	-1.747267e+01	-6.118272e+02
6.700000e-07	-2.329927e-06	-1.014463e-08	-1.643423e+01	-6.019797e+02
6.800000e-07	-2.181961e-06	-9.969659e-09	-1.539055e+01	-5.918452e+02
6.900000e-07	-2.033244e-06	-9.796652e-09	-1.434157e+01	-5.813924e+02
7.000000e-07	-1.883834e-06	-9.621631e-09	-1.328770e+01	-5.706107e+02
7.100000e-07	-1.733798e-06	-9.439427e-09	-1.222941e+01	-5.595091e+02
7.200000e-07	-1.583172e-06	-9.247989e-09	-1.116697e+01	-5.481086e+02
7.300000e-07	-1.432037e-06	-9.048825e-09	-1.010093e+01	-5.364307e+02
7.400000e-07	-1.280394e-06	-8.845281e-09	-9.031307e+00	-5.244853e+02
7.500000e-07	-1.128266e-06	-8.635605e-09	-7.958270e+00	-5.122639e+02
7.600000e-07	-9.757284e-07	-8.423222e-09	-6.882339e+00	-4.997382e+02
7.700000e-07	-8.228719e-07	-8.210141e-09	-5.804160e+00	-4.868646e+02
7.800000e-07	-6.697118e-07	-7.996035e-09	-4.723839e+00	-4.735923e+02
7.900000e-07	-5.163316e-07	-7.770670e-09	-3.641965e+00	-4.598714e+02
8.000000e-07	-3.627813e-07	-7.529282e-09	-2.558892e+00	-4.456580e+02
8.100000e-07	-2.090347e-07	-7.274106e-09	-1.474435e+00	-4.309158e+02
8.200000e-07	-5.521611e-08	-7.010447e-09	-3.894691e-01	-4.156123e+02
8.300000e-07	9.856667e-08	-6.741666e-09	6.952439e-01	-3.997147e+02
8.400000e-07	2.523166e-07	-6.463262e-09	1.779725e+00	-3.831850e+02
8.500000e-07	4.059585e-07	-6.175593e-09	2.863444e+00	-3.659791e+02
8.600000e-07	5.594082e-07	-5.878790e-09	3.945808e+00	-3.480493e+02
8.700000e-07	7.126537e-07	-5.568586e-09	5.026732e+00	-3.293501e+02
8.800000e-07	8.656459e-07	-5.237596e-09	6.105868e+00	-3.098436e+02
8.900000e-07	1.018349e-06	-4.887859e-09	7.182964e+00	-2.895037e+02
9.000000e-07	1.170706e-06	-4.527109e-09	8.257624e+00	-2.683131e+02
9.100000e-07	1.322646e-06	-4.158107e-09	9.329339e+00	-2.462558e+02
9.200000e-07	1.474149e-06	-3.773529e-09	1.039797e+01	-2.233040e+02
9.300000e-07	1.625162e-06	-3.368151e-09	1.146314e+01	-1.994042e+02
9.400000e-07	1.775614e-06	-2.945793e-09	1.252436e+01	-1.744672e+02
9.500000e-07	1.925436e-06	-2.506396e-09	1.358114e+01	-1.483669e+02
9.600000e-07	2.074572e-06	-2.044684e-09	1.463308e+01	-1.209502e+02
9.700000e-07	2.222988e-06	-1.553621e-09	1.567993e+01	-9.205857e+01
9.800000e-07	2.370629e-06	-1.036147e-09	1.672133e+01	-6.155823e+01
9.900000e-07	2.517353e-06	-4.956214e-10	1.775625e+01	-2.937206e+01
1.000000e-06	2.663116e-06	7.339236e-11	1.878440e+01	4.493048e+00
1.010000e-06	2.807948e-06	6.748741e-10	1.980597e+01	3.993018e+01
1.020000e-06	2.951729e-06	1.301599e-09	2.082014e+01	7.673144e+01
1.030000e-06	3.094455e-06	1.940988e-09	2.182686e+01	1.146022e+02
1.040000e-06	3.236084e-06	2.591100e-09	2.282585e+01	1.531872e+02
1.050000e-06	3.376407e-06	3.249915e-09	2.381562e+01	1.921022e+02
1.060000e-06	3.515315e-06	3.908139e-09	2.479541e+01	2.309642e+02
1.070000e-06	3.652901e-06	4.555039e-09	2.576588e+01	2.694152e+02
1.080000e-06	3.789199e-06	5.186548e-09	2.672726e+01	3.071362e+02
1.090000e-06	3.924091e-06	5.805634e-09	2.767873e+01	3.438518e+02
1.100000e-06	4.057582e-06	6.409269e-09	2.862032e+01	3.793289e+02
1.110000e-06	4.189652e-06	6.985592e-09	2.955188e+01	4.133748e+02
1.120000e-06	4.320120e-06	7.530581e-09	3.047214e+01	4.458356e+02
1.130000e-06	4.449033e-06	8.048445e-09	3.138143e+01	4.766004e+02
1.140000e-06	4.576462e-06	8.538637e-09	3.228025e+01	5.056057e+02
1.150000e-06	4.702369e-06	8.996918e-09	3.316835e+01	5.328405e+02
1.160000e-06	4.826662e-06	9.421598e-09	3.404505e+01	5.583450e+02
1.170000e-06	4.949107e-06	9.820899e-09	3.490873e+01	5.822031e+02
1.180000e-06	5.069740e-06	1.019981e-08	3.575961e+01	6.045261e+02
1.190000e-06	5.188608e-06	1.055415e-08	3.659805e+01	6.254329e+02
1.200000e-06	5.305497e-06	1.088058e-08	3.742253e+01	6.450309e+02
1.210000e-06	5.420256e-06	1.118470e-08	3.823199e+01	6.634036e+02
1.220000e-06	5.532974e-06	1.147336e-08	3.902705e+01	6.806079e+02
1.230000e-06	5.643766e-06	1.174470e-08	3.980853e+01	6.966821e+02
1.240000e-06	5.752634e-06	1.199548e-08	4.057643e+01	7.116605e+02
1.250000e-06	5.859422e-06	1.222827e-08	4.132966e+01	7.255893e+02
1.260000e-06	5.964015e-06	1.244773e-08	4.206742e+01	7.385364e+02
1.270000e-06	6.066497e-06	1.265237e-08	4.279028e+01	7.505919e+02
1.280000e-06	6.166752e-06	1.284002e-08	4.349743e+01	7.618574e+02
1.290000e-06	6.264663e-06	1.301409e-08	4.418805e+01	7.724296e+02
1.300000e-06	6.360313e-06	1.317963e-08	4.486272e+01	7.823829e+02
1.310000e-06	6.453813e-06	1.333837e-08	4.552222e+01	7.917590e+02
1.320000e-06	6.545080e-06	1.348768e-08	4.616598e+01	8.005672e+02
1.330000e-06	6.633994e-06	1.362569e-08	4.679314e+01	8.087966e+02
1.340000e-06	6.720598e-06	1.375251e-08	4.740401e+01	8.164353e+02
1.350000e-06	6.804902e-06	1.386949e-08	4.799864e+01	8.234894e+02
1.360000e-06	6.886788e-06	1.397556e-08	4.857624e+01	8.299948e+02
1.370000e-06	6.966158e-06	1.407298e-08	4.913607e+01	8.360177e+02
1.380000e-06	7.042966e-06	1.416727e-08	4.967784e+01	8.416412e+02
1.390000e-06	7.117145e-06	1.426073e-08	5.020107e+01	8.469458e+02
1.400000e-06	7.188730e-06	1.434925e-08	5.070599e+01	8.519888e+02
1.410000e-06	7.257767e-06	1.442940e-08	5.119295e+01	8.567923e+02
1.420000e-06	7.324165e-06	1.450530e-08	5.166129e+01	8.613436e+02
1.430000e-06	7.387923e-06	1.457736e-08	5.211101e+01	8.656082e+02
1.440000e-06	7.449189e-06	1.464212e-08	5.254315e+01	8.695512e+02
1.450000e-06	7.507894e-06	1.469713e-08	5.295723e+01	8.731577e+02
1.460000e-06	7.563937e-06	1.474841e-08	5.335253e+01	8.764447e+02
1.470000e-06	7.617161e-06	1.480165e-08	5.372795e+01	8.794603e+02
1.480000e-06	7.667231e-06	1.485311e-08	5.408112e+01	8.822688e+02
1.490000e-06	7.714252e-06	1.489795e-08	5.441278e+01	8.849294e+02
1.500000e-06	7.758551e-06	1.493871e-08	5.472525e+01	8.874754e+02
1.510000e-06	7.800071e-06	1.498020e-08	5.501811e+01	8.899029e+02
1.520000e-06	7.838779e-06	1.501932e-08	5.529114e+01	8.921745e+02
1.530000e-06	7.874824e-06	1.505217e-08	5.554538e+01	8.942351e+02
1.540000e-06	7.908109e-06	1.507958e-08	5.578016e+01	8.960355e+02
1.550000e-06	7.938620e-06	1.510514e-08	5.599537e+01	8.975543e+02
1.560000e-06	7.966376e-06	1.512890e-08	5.619115e+01	8.988083e+02
1.570000e-06	7.991235e-06	1.514725e-08	5.636649e+01	8.998490e+02
1.580000e-06	8.013307e-06	1.516071e-08	5.652218e+01	9.007447e+02
1.590000e-06	8.032769e-06	1.517436e-08	5.665946e+01	9.015563e+02
1.600000e-06	8.049376e-06	1.518891e-08	5.677659e+01	9.023153e+02
1.610000e-06	8.062902e-06	1.520003e-08	5.687200e+01	9.030140e+02
1.620000e-06	8.073272e-06	1.520586e-08	5.694515e+01	9.036101e+02
1.630000e-06	8.080598e-06	1.521049e-08	5.699682e+01	9.040461e+02
1.640000e-06	8.085170e-06	1.521545e-08	5.702907e+01	9.042738e+02
1.650000e-06	8.086933e-06	1.521446e-08	5.704150e+01	9.042760e+02
1.660000e-06	8.085895e-06	1.521398e-08	5.703418e+01	9.040751e+02
1.670000e-06	8.082254e-06	1.520843e-08	5.700850e+01	9.037261e+02
1.680000e-06	8.075951e-06	1.520170e-08	5.696404e+01	9.032954e+02
1.690000e-06	8.066941e-06	1.519473e-08	5.690049e+01	9.028349e+02
1.700000e-06	8.055207e-06	1.518102e-08	5.681772e+01	9.023601e+02
1.710000e-06	8.040664e-06	1.516205e-08	5.671515e+01	9.018428e+02
1.720000e-06	8.023547e-06	1.513282e-08	5.659441e+01	9.012201e+02
1.730000e-06	8.004131e-06	1.516043e-08	5.645745e+01	9.004180e+02
1.740000e-06	7.981961e-06	1.518352e-08	5.630108e+01	8.993799e+02
1.750000e-06	7.956284e-06	1.513803e-08	5.611997e+01	8.980897e+02
1.760000e-06	7.926898e-06	1.509027e-08	5.591269e+01	8.965796e+02
1.770000e-06	7.894386e-06	1.506429e-08	5.568337e+01	8.949204e+02
1.780000e-06	7.859448e-06	1.500370e-08	5.543693e+01	8.931965e+02
1.790000e-06	7.822162e-06	1.497402e-08	5.517393e+01	8.914758e+02
1.800000e-06	7.782651e-06	1.501517e-08	5.489524e+01	8.897853e+02
1.810000e-06	7.740873e-06	1.490590e-08	5.460056e+01	8.881011e+02
1.820000e-06	7.696568e-06	1.491394e-08	5.428805e+01	8.863573e+02
1.830000e-06	7.649570e-06	1.490835e-08	5.395654e+01	8.844705e+02
1.840000e-06	7.599527e-06	1.482482e-08	5.360356e+01	8.823695e+02
1.850000e-06	7.546506e-06	1.484289e-08	5.322958e+01	8.800200e+02
1.860000e-06	7.490686e-06	1.472889e-08	5.283585e+01	8.774355e+02
1.870000e-06	7.432165e-06	1.473831e-08	5.242307e+01	8.746697e+02
1.880000e-06	7.371019e-06	1.468870e-08	5.199177e+01	8.717942e+02
1.890000e-06	7.307093e-06	1.461298e-08	5.154087e+01	8.688712e+02
1.900000e-06	7.240510e-06	1.460127e-08	5.107123e+01	8.659291e+02
1.910000e-06	7.171159e-06	1.449490e-08	5.058205e+01	8.629539e+02
1.920000e-06	7.099015e-06	1.449177e-08	5.007318e+01	8.598954e+02
1.930000e-06	7.024241e-06	1.441608e-08	4.954577e+01	8.566879e+02
1.940000e-06	6.946707e-06	1.437021e-08	4.899888e+01	8.532766e+02
1.950000e-06	6.866577e-06	1.431698e-08	4.843368e+01	8.496380e+02
1.960000e-06	6.784021e-06	1.423031e-08	4.785136e+01	8.457885e+02
1.970000e-06	6.699021e-06	1.419951e-08	4.725181e+01	8.417769e+02
1.980000e-06	6.611530e-06	1.408179e-08	4.663469e+01	8.376643e+02
1.990000e-06	6.521699e-06	1.402877e-08	4.600106e+01	8.335001e+02
2.000000e-06	6.429685e-06	1.394820e-08	4.535204e+01	8.293025e+02
2.010000e-06	6.335342e-06	1.389301e-08	4.468658e+01	8.250520e+02
2.020000e-06	6.238738e-06	1.382214e-08	4.400519e+01	8.206994e+02
2.030000e-06	6.139943e-06	1.373975e-08	4.330833e+01	8.161844e+02
2.040000e-06	6.038987e-06	1.368128e-08	4.259623e+01	8.114595e+02
2.050000e-06	5.935801e-06	1.358017e-08	4.186841e+01	8.065066e+02
2.060000e-06	5.830434e-06	1.349532e-08	4.112520e+01	8.013430e+02
2.070000e-06	5.723048e-06	1.337946e-08	4.036775e+01	7.960128e+02
2.080000e-06	5.613646e-06	1.330021e-08	3.959608e+01	7.905687e+02
2.090000e-06	5.502164e-06	1.321110e-08	3.880974e+01	7.850499e+02
2.100000e-06	5.388530e-06	1.312893e-08	3.800821e+01	7.794664e+02
2.110000e-06	5.272887e-06	1.303260e-08	3.719252e+01	7.737945e+02
2.120000e-06	5.155181e-06	1.293437e-08	3.636227e+01	7.679857e+02
2.130000e-06	5.035449e-06	1.283098e-08	3.551774e+01	7.619844e+02
2.140000e-06	4.913881e-06	1.271393e-08	3.466026e+01	7.557489e+02
2.150000e-06	4.790574e-06	1.260288e-08	3.379050e+01	7.492664e+02
2.160000e-06	4.665530e-06	1.248808e-08	3.290850e+01	7.425567e+02
2.170000e-06	4.538773e-06	1.238624e-08	3.201442e+01	7.356639e+02
2.180000e-06	4.410432e-06	1.227210e-08	3.110916e+01	7.286387e+02
2.190000e-06	4.280564e-06	1.215817e-08	3.019313e+01	7.215187e+02
2.200000e-06	4.149203e-06	1.202836e-08	2.926657e+01	7.143134e+02
2.210000e-06	4.016392e-06	1.190156e-08	2.832978e+01	7.070001e+02
2.220000e-06	3.882165e-06	1.176825e-08	2.738300e+01	6.995311e+02
2.230000e-06	3.746423e-06	1.163711e-08	2.642555e+01	6.918501e+02
2.240000e-06	3.609252e-06	1.150690e-08	2.545800e+01	6.839103e+02
2.250000e-06	3.470776e-06	1.137549e-08	2.448126e+01	6.756891e+02
2.260000e-06	3.331046e-06	1.124016e-08	2.349566e+01	6.671934e+02
2.270000e-06	3.190088e-06	1.108970e-08	2.250141e+01	6.584535e+02
2.280000e-06	3.047912e-06	1.093389e-08	2.149857e+01	6.495097e+02
2.290000e-06	2.904590e-06	1.077215e-08	2.048764e+01	6.403957e+02
2.300000e-06	2.760159e-06	1.061267e-08	1.946889e+01	6.311247e+02
2.310000e-06	2.614734e-06	1.045277e-08	1.844313e+01	6.216840e+02
2.320000e-06	2.468399e-06	1.029612e-08	1.741095e+01	6.120386e+02
2.330000e-06	2.321178e-06	1.013766e-08	1.637252e+01	6.021424e+02
2.340000e-06	2.173147e-06	9.970627e-09	1.532838e+01	5.919524e+02
2.350000e-06	2.024461e-06	9.790955e-09	1.427962e+01	5.814405e+02
2.360000e-06	1.875153e-06	9.600488e-09	1.322647e+01	5.706001e+02
2.370000e-06	1.725153e-06	9.406964e-09	1.216844e+01	5.594429e+02
2.380000e-06	1.574525e-06	9.211424e-09	1.110597e+01	5.479911e+02
2.390000e-06	1.423261e-06	9.014261e-09	1.003903e+01	5.362647e+02
2.400000e-06	1.271414e-06	8.816360e-09	8.967967e+00	5.242708e+02
2.410000e-06	1.119117e-06	8.612854e-09	7.893738e+00	5.119972e+02
2.420000e-06	9.663741e-07	8.403402e-09	6.816358e+00	4.994125e+02
2.430000e-06	8.132702e-07	8.185147e-09	5.736434e+00	4.864710e+02
2.440000e-06	6.599191e-07	7.957701e-09	4.654766e+00	4.731217e+02
2.450000e-06	5.063635e-07	7.722604e-09	3.571655e+00	4.593154e+02
2.460000e-06	3.526506e-07	7.478841e-09	2.487435e+00	4.450096e+02
2.470000e-06	1.987929e-07	7.228167e-09	1.402194e+00	4.301690e+02
2.480000e-06	4.486207e-08	6.968557e-09	3.164364e-01	4.147615e+02
2.490000e-06	-1.090453e-07	6.700467e-09	-7.691554e-01	3.987535e+02
2.500000e-06	-2.628997e-07	6.422870e-09	-1.854374e+00	3.821060e+02
2.510000e-06	-4.166341e-07	6.134644e-09	-2.938745e+00	3.647739e+02
2.520000e-06	-5.702291e-07	5.833460e-09	-4.022133e+00	3.467095e+02
2.530000e-06	-7.236358e-07	5.515429e-09	-5.104194e+00	3.278681e+02
2.540000e-06	-8.767769e-07	5.180965e-09	-6.184381e+00	3.082140e+02
2.550000e-06	-1.029586e-06	4.830952e-09	-7.262227e+00	2.877227e+02
2.560000e-06	-1.181963e-06	4.469219e-09	-8.337025e+00	2.663783e+02
2.570000e-06	-1.333869e-06	4.097361e-09	-9.408500e+00	2.441634e+02
2.580000e-06	-1.485246e-06	3.712908e-09	-1.047624e+01	2.210467e+02
2.590000e-06	-1.636018e-06	3.312987e-09	-1.153971e+01	1.969689e+02
2.600000e-06	-1.786152e-06	2.894802e-09	-1.259869e+01	1.718340e+02
2.610000e-06	-1.935612e-06	2.454392e-09	-1.365292e+01	1.455099e+02
2.620000e-06	-2.084394e-06	1.988284e-09	-1.470235e+01	1.178406e+02
2.630000e-06	-2.232525e-06	1.494088e-09	-1.574720e+01	8.866988e+01
2.640000e-06	-2.379918e-06	9.726366e-10	-1.678685e+01	5.787159e+01
2.650000e-06	-2.526464e-06	4.277535e-10	-1.782051e+01	2.538191e+01
2.660000e-06	-2.672098e-06	-1.415267e-10	-1.884775e+01	-8.775205e+00
2.670000e-06	-2.816764e-06	-7.363586e-10	-1.986815e+01	-4.447440e+01
2.680000e-06	-2.960360e-06	-1.352480e-09	-2.088102e+01	-8.149085e+01
2.690000e-06	-3.102764e-06	-1.986113e-09	-2.188547e+01	-1.195169e+02
2.700000e-06	-3.243923e-06	-2.635118e-09	-2.288114e+01	-1.581899e+02
2.710000e-06	-3.383839e-06	-3.294241e-09	-2.386804e+01	-1.971234e+02
2.720000e-06	-3.522559e-06	-3.950856e-09	-2.484651e+01	-2.359377e+02
2.730000e-06	-3.660074e-06	-4.595052e-09	-2.581648e+01	-2.742810e+02
2.740000e-06	-3.796234e-06	-5.224654e-09	-2.677689e+01	-3.118419e+02
2.750000e-06	-3.930885e-06	-5.837395e-09	-2.772666e+01	-3.483526e+02
2.760000e-06	-4.064077e-06	-6.427090e-09	-2.866613e+01	-3.835877e+02
2.770000e-06	-4.195930e-06	-6.991253e-09	-2.959616e+01	-4.173610e+02
2.780000e-06	-4.326375e-06	-7.532669e-09	-3.051626e+01	-4.495263e+02
2.790000e-06	-4.455305e-06	-8.048855e-09	-3.142567e+01	-4.799805e+02
2.800000e-06	-4.582614e-06	-8.535964e-09	-3.232365e+01	-5.086694e+02
2.810000e-06	-4.708238e-06	-8.990924e-09	-3.320975e+01	-5.355913e+02
2.820000e-06	-4.832243e-06	-9.414593e-09	-3.408442e+01	-5.607951e+02
2.830000e-06	-4.954589e-06	-9.810625e-09	-3.494739e+01	-5.843709e+02
2.840000e-06	-5.075093e-06	-1.018171e-08	-3.579737e+01	-6.064328e+02
2.850000e-06	-5.193559e-06	-1.052984e-08	-3.663297e+01	-6.270990e+02
2.860000e-06	-5.309997e-06	-1.085741e-08	-3.745427e+01	-6.464734e+02
2.870000e-06	-5.424327e-06	-1.116671e-08	-3.826071e+01	-6.646344e+02
2.880000e-06	-5.536417e-06	-1.145694e-08	-3.905134e+01	-6.816349e+02
2.890000e-06	-5.646427e-06	-1.172602e-08	-3.982730e+01	-6.975112e+02
2.900000e-06	-5.754504e-06	-1.197536e-08	-4.058962e+01	-7.122986e+02
2.910000e-06	-5.860686e-06	-1.220626e-08	-4.133858e+01	-7.260469e+02
2.920000e-06	-5.964870e-06	-1.241982e-08	-4.207345e+01	-7.388282e+02
2.930000e-06	-6.066816e-06	-1.261962e-08	-4.279253e+01	-7.507355e+02
2.940000e-06	-6.166517e-06	-1.280827e-08	-4.349577e+01	-7.618710e+02
2.950000e-06	-6.264120e-06	-1.298701e-08	-4.418422e+01	-7.723286e+02
2.960000e-06	-6.359531e-06	-1.315491e-08	-4.485720e+01	-7.821772e+02
2.970000e-06	-6.452633e-06	-1.331172e-08	-4.551390e+01	-7.914524e+02
2.980000e-06	-6.543430e-06	-1.345896e-08	-4.615434e+01	-8.001588e+02
2.990000e-06	-6.631961e-06	-1.359711e-08	-4.677880e+01	-8.082838e+02
3.000000e-06	-6.718111e-06	-1.372596e-08	-4.738646e+01	-8.158173e+02
3.010000e-06	-6.801853e-06	-1.384444e-08	-4.797714e+01	-8.227703e+02
3.020000e-06	-6.883283e-06	-1.395238e-08	-4.855151e+01	-8.291844e+02
3.030000e-06	-6.962212e-06	-1.405304e-08	-4.910824e+01	-8.351301e+02
3.040000e-06	-7.038471e-06	-1.414658e-08	-4.964614e+01	-8.406917e+02
3.050000e-06	-7.112070e-06	-1.423369e-08	-5.016527e+01	-8.459467e+02
3.060000e-06	-7.183044e-06	-1.431534e-08	-5.066588e+01	-8.509468e+02
3.070000e-06	-7.251457e-06	-1.439418e-08	-5.114844e+01	-8.557076e+02
3.080000e-06	-7.317384e-06	-1.447192e-08	-5.161346e+01	-8.602109e+02
3.090000e-06	-7.380759e-06	-1.454595e-08	-5.206048e+01	-8.644208e+02
3.100000e-06	-7.441479e-06	-1.461459e-08	-5.248877e+01	-8.683045e+02
3.110000e-06	-7.499513e-06	-1.467529e-08	-5.289811e+01	-8.718521e+02
3.120000e-06	-7.554809e-06	-1.472931e-08	-5.328815e+01	-8.750869e+02
3.130000e-06	-7.607220e-06	-1.477842e-08	-5.365783e+01	-8.780611e+02
3.140000e-06	-7.656515e-06	-1.482460e-08	-5.400553e+01	-8.808398e+02
3.150000e-06	-7.702821e-06	-1.486965e-08	-5.433215e+01	-8.834789e+02
3.160000e-06	-7.746593e-06	-1.491420e-08	-5.464090e+01	-8.860055e+02
3.170000e-06	-7.787940e-06	-1.495519e-08	-5.493255e+01	-8.884092e+02
3.180000e-06	-7.826584e-06	-1.499278e-08	-5.520512e+01	-8.906478e+02
3.190000e-06	-7.862432e-06	-1.502623e-08	-5.545798e+01	-8.926654e+02
3.200000e-06	-7.895586e-06	-1.505526e-08	-5.569183e+01	-8.944165e+02
3.210000e-06	-7.925833e-06	-1.508038e-08	-5.590518e+01	-8.958861e+02
3.220000e-06	-7.953134e-06	-1.510113e-08	-5.609775e+01	-8.970979e+02
3.230000e-06	-7.977703e-06	-1.511895e-08	-5.627105e+01	-8.981080e+02
3.240000e-06	-7.999449e-06	-1.513436e-08	-5.642443e+01	-8.989853e+02
3.250000e-06	-8.018376e-06	-1.514904e-08	-5.655793e+01	-8.997867e+02
3.260000e-06	-8.034484e-06	-1.516332e-08	-5.667155e+01	-9.005372e+02
3.270000e-06	-8.047487e-06	-1.517536e-08	-5.676327e+01	-9.012218e+02
3.280000e-06	-8.057458e-06	-1.518598e-08	-5.683360e+01	-9.017941e+02
3.290000e-06	-8.064594e-06	-1.519531e-08	-5.688393e+01	-9.021962e+02
3.300000e-06	-8.068863e-06	-1.520111e-08	-5.691405e+01	-9.023843e+02
3.310000e-06	-8.070373e-06	-1.520162e-08	-5.692470e+01	-9.023479e+02
