# Temperatura_=_39.7
# Concentracion g/m^3_=_11780.0
# C_Vs_to_Am_M_A/Vsm_=_59384043850.047264
# pendiente_HvsI_1/m_=_3716.3
# ordenada_HvsI_A/m_=_1297.0
# frecuencia_Hz_=_301535.3676958209

Tiempo_(s)	Campo_(V.s)	Magnetizacion_(V.s)	Campo_(kA/m)	Magnetizacion_(A/m)
0.000000e+00	-8.131232e-06	-1.512378e-08	-5.691589e+01	-8.981392e+02
1.000000e-08	-8.127950e-06	-1.511715e-08	-5.689292e+01	-8.978291e+02
2.000000e-08	-8.122001e-06	-1.511360e-08	-5.685128e+01	-8.974338e+02
3.000000e-08	-8.113337e-06	-1.510571e-08	-5.679063e+01	-8.969851e+02
4.000000e-08	-8.101748e-06	-1.509860e-08	-5.670952e+01	-8.964884e+02
5.000000e-08	-8.087158e-06	-1.509121e-08	-5.660739e+01	-8.959185e+02
6.000000e-08	-8.069693e-06	-1.509447e-08	-5.648514e+01	-8.952287e+02
7.000000e-08	-8.049796e-06	-1.509801e-08	-5.634587e+01	-8.943678e+02
8.000000e-08	-8.027285e-06	-1.498471e-08	-5.618829e+01	-8.933010e+02
9.000000e-08	-8.001426e-06	-1.492656e-08	-5.600730e+01	-8.920240e+02
1.000000e-07	-7.972276e-06	-1.499238e-08	-5.580326e+01	-8.905674e+02
1.100000e-07	-7.940362e-06	-1.500984e-08	-5.557987e+01	-8.889870e+02
1.200000e-07	-7.905740e-06	-1.494944e-08	-5.533752e+01	-8.873442e+02
1.300000e-07	-7.868609e-06	-1.491044e-08	-5.507762e+01	-8.856846e+02
1.400000e-07	-7.829419e-06	-1.498411e-08	-5.480330e+01	-8.840206e+02
1.500000e-07	-7.787836e-06	-1.484460e-08	-5.451224e+01	-8.823271e+02
1.600000e-07	-7.743290e-06	-1.483393e-08	-5.420043e+01	-8.805496e+02
1.700000e-07	-7.696018e-06	-1.481623e-08	-5.386954e+01	-8.786239e+02
1.800000e-07	-7.645834e-06	-1.465657e-08	-5.351827e+01	-8.764988e+02
1.900000e-07	-7.592441e-06	-1.476411e-08	-5.314453e+01	-8.741538e+02
2.000000e-07	-7.536236e-06	-1.470026e-08	-5.275112e+01	-8.716058e+02
2.100000e-07	-7.477311e-06	-1.463709e-08	-5.233866e+01	-8.689016e+02
2.200000e-07	-7.415784e-06	-1.458891e-08	-5.190800e+01	-8.661000e+02
2.300000e-07	-7.351594e-06	-1.452462e-08	-5.145869e+01	-8.632497e+02
2.400000e-07	-7.284591e-06	-1.453677e-08	-5.098969e+01	-8.603713e+02
2.500000e-07	-7.214959e-06	-1.440261e-08	-5.050229e+01	-8.574504e+02
2.600000e-07	-7.142616e-06	-1.435343e-08	-4.999591e+01	-8.544432e+02
2.700000e-07	-7.067493e-06	-1.433943e-08	-4.947008e+01	-8.512936e+02
2.800000e-07	-6.989560e-06	-1.432502e-08	-4.892457e+01	-8.479535e+02
2.900000e-07	-6.908852e-06	-1.423428e-08	-4.835964e+01	-8.444004e+02
3.000000e-07	-6.825726e-06	-1.410731e-08	-4.777779e+01	-8.406449e+02
3.100000e-07	-6.740355e-06	-1.410587e-08	-4.718022e+01	-8.367260e+02
3.200000e-07	-6.652667e-06	-1.402517e-08	-4.656643e+01	-8.326957e+02
3.300000e-07	-6.562649e-06	-1.395660e-08	-4.593634e+01	-8.285997e+02
3.400000e-07	-6.470347e-06	-1.387198e-08	-4.529026e+01	-8.244607e+02
3.500000e-07	-6.375759e-06	-1.380787e-08	-4.462817e+01	-8.202704e+02
3.600000e-07	-6.278781e-06	-1.376446e-08	-4.394936e+01	-8.159931e+02
3.700000e-07	-6.179467e-06	-1.366747e-08	-4.325419e+01	-8.115791e+02
3.800000e-07	-6.078018e-06	-1.357620e-08	-4.254408e+01	-8.069820e+02
3.900000e-07	-5.974353e-06	-1.347953e-08	-4.181846e+01	-8.021748e+02
4.000000e-07	-5.868436e-06	-1.344344e-08	-4.107708e+01	-7.971576e+02
4.100000e-07	-5.760447e-06	-1.335358e-08	-4.032119e+01	-7.919549e+02
4.200000e-07	-5.650464e-06	-1.324996e-08	-3.955135e+01	-7.866051e+02
4.300000e-07	-5.538399e-06	-1.315396e-08	-3.876693e+01	-7.811441e+02
4.400000e-07	-5.424135e-06	-1.307509e-08	-3.796712e+01	-7.755918e+02
4.500000e-07	-5.307704e-06	-1.298102e-08	-3.715215e+01	-7.699444e+02
4.600000e-07	-5.189293e-06	-1.285718e-08	-3.632330e+01	-7.641764e+02
4.700000e-07	-5.069006e-06	-1.275814e-08	-3.548134e+01	-7.582502e+02
4.800000e-07	-4.946875e-06	-1.266651e-08	-3.462646e+01	-7.521301e+02
4.900000e-07	-4.822978e-06	-1.257967e-08	-3.375922e+01	-7.457951e+02
5.000000e-07	-4.697330e-06	-1.245252e-08	-3.287973e+01	-7.392458e+02
5.100000e-07	-4.570008e-06	-1.233456e-08	-3.198852e+01	-7.325027e+02
5.200000e-07	-4.441035e-06	-1.222574e-08	-3.108575e+01	-7.255978e+02
5.300000e-07	-4.310430e-06	-1.211535e-08	-3.017156e+01	-7.185609e+02
5.400000e-07	-4.178300e-06	-1.198037e-08	-2.924670e+01	-7.114081e+02
5.500000e-07	-4.044737e-06	-1.184680e-08	-2.831180e+01	-7.041340e+02
5.600000e-07	-3.909704e-06	-1.173437e-08	-2.736662e+01	-6.967127e+02
5.700000e-07	-3.773114e-06	-1.161641e-08	-2.641053e+01	-6.891049e+02
5.800000e-07	-3.635077e-06	-1.148148e-08	-2.544432e+01	-6.812702e+02
5.900000e-07	-3.495703e-06	-1.133321e-08	-2.446875e+01	-6.731790e+02
6.000000e-07	-3.354892e-06	-1.120017e-08	-2.348312e+01	-6.648204e+02
6.100000e-07	-3.212608e-06	-1.106018e-08	-2.248718e+01	-6.562030e+02
6.200000e-07	-3.069026e-06	-1.090486e-08	-2.148215e+01	-6.473499e+02
6.300000e-07	-2.924410e-06	-1.074349e-08	-2.046989e+01	-6.382880e+02
6.400000e-07	-2.778884e-06	-1.059466e-08	-1.945126e+01	-6.290368e+02
6.500000e-07	-2.632398e-06	-1.044717e-08	-1.842590e+01	-6.196001e+02
6.600000e-07	-2.485006e-06	-1.028266e-08	-1.739421e+01	-6.099633e+02
6.700000e-07	-2.336769e-06	-1.010894e-08	-1.635660e+01	-6.000971e+02
6.800000e-07	-2.187728e-06	-9.936947e-09	-1.531336e+01	-5.899654e+02
6.900000e-07	-2.037933e-06	-9.770194e-09	-1.426484e+01	-5.795360e+02
7.000000e-07	-1.887404e-06	-9.589880e-09	-1.321119e+01	-5.687884e+02
7.100000e-07	-1.736185e-06	-9.397732e-09	-1.215272e+01	-5.577176e+02
7.200000e-07	-1.584295e-06	-9.204536e-09	-1.108953e+01	-5.463321e+02
7.300000e-07	-1.431805e-06	-9.015078e-09	-1.002215e+01	-5.346467e+02
7.400000e-07	-1.278788e-06	-8.817319e-09	-8.951085e+00	-5.226737e+02
7.500000e-07	-1.125309e-06	-8.602779e-09	-7.876782e+00	-5.104137e+02
7.600000e-07	-9.714374e-07	-8.387789e-09	-6.799735e+00	-4.978506e+02
7.700000e-07	-8.171933e-07	-8.175703e-09	-5.720078e+00	-4.849508e+02
7.800000e-07	-6.626561e-07	-7.959525e-09	-4.638370e+00	-4.716677e+02
7.900000e-07	-5.078947e-07	-7.727029e-09	-3.555092e+00	-4.579478e+02
8.000000e-07	-3.529657e-07	-7.484574e-09	-2.470642e+00	-4.437381e+02
8.100000e-07	-1.979396e-07	-7.235724e-09	-1.385510e+00	-4.289907e+02
8.200000e-07	-4.283767e-08	-6.978382e-09	-2.998493e-01	-4.136642e+02
8.300000e-07	1.122689e-07	-6.707617e-09	7.858447e-01	-3.977221e+02
8.400000e-07	2.673433e-07	-6.423082e-09	1.871313e+00	-3.811298e+02
8.500000e-07	4.223219e-07	-6.132614e-09	2.956112e+00	-3.638509e+02
8.600000e-07	5.771323e-07	-5.832704e-09	4.039732e+00	-3.458476e+02
8.700000e-07	7.317464e-07	-5.516381e-09	5.121979e+00	-3.270817e+02
8.800000e-07	8.861568e-07	-5.181308e-09	6.202800e+00	-3.075189e+02
8.900000e-07	1.040254e-06	-4.838470e-09	7.281426e+00	-2.871312e+02
9.000000e-07	1.193885e-06	-4.485477e-09	8.356791e+00	-2.658962e+02
9.100000e-07	1.347109e-06	-4.115596e-09	9.429312e+00	-2.437924e+02
9.200000e-07	1.499916e-06	-3.725116e-09	1.049891e+01	-2.207881e+02
9.300000e-07	1.652183e-06	-3.318218e-09	1.156473e+01	-1.968303e+02
9.400000e-07	1.803799e-06	-2.897997e-09	1.262599e+01	-1.718336e+02
9.500000e-07	1.954615e-06	-2.456196e-09	1.368165e+01	-1.456782e+02
9.600000e-07	2.104692e-06	-1.988323e-09	1.473214e+01	-1.182178e+02
9.700000e-07	2.254049e-06	-1.496092e-09	1.577759e+01	-8.929896e+01
9.800000e-07	2.402521e-06	-9.837547e-10	1.681684e+01	-5.879071e+01
9.900000e-07	2.550114e-06	-4.433485e-10	1.784994e+01	-2.661674e+01
1.000000e-06	2.696902e-06	1.299355e-10	1.887740e+01	7.215989e+00
1.010000e-06	2.842810e-06	7.307376e-10	1.989872e+01	4.259987e+01
1.020000e-06	2.987692e-06	1.350845e-09	2.091284e+01	7.932485e+01
1.030000e-06	3.131471e-06	1.986330e-09	2.191925e+01	1.170929e+02
1.040000e-06	3.274022e-06	2.637896e-09	2.291706e+01	1.555449e+02
1.050000e-06	3.415268e-06	3.295344e-09	2.390573e+01	1.942940e+02
1.060000e-06	3.555244e-06	3.947688e-09	2.488551e+01	2.329572e+02
1.070000e-06	3.693964e-06	4.590345e-09	2.585651e+01	2.711790e+02
1.080000e-06	3.831260e-06	5.221567e-09	2.681753e+01	3.086455e+02
1.090000e-06	3.967009e-06	5.837488e-09	2.776773e+01	3.450876e+02
1.100000e-06	4.101302e-06	6.430227e-09	2.870774e+01	3.802791e+02
1.110000e-06	4.234176e-06	6.997002e-09	2.963781e+01	4.140333e+02
1.120000e-06	4.365563e-06	7.539470e-09	3.055747e+01	4.462020e+02
1.130000e-06	4.495409e-06	8.054765e-09	3.146636e+01	4.766791e+02
1.140000e-06	4.623642e-06	8.537210e-09	3.236394e+01	5.054066e+02
1.150000e-06	4.750169e-06	8.988978e-09	3.324959e+01	5.323786e+02
1.160000e-06	4.875052e-06	9.412189e-09	3.412373e+01	5.576407e+02
1.170000e-06	4.998290e-06	9.809533e-09	3.498635e+01	5.812802e+02
1.180000e-06	5.119801e-06	1.018224e-08	3.583689e+01	6.034094e+02
1.190000e-06	5.239417e-06	1.052929e-08	3.667416e+01	6.241451e+02
1.200000e-06	5.357037e-06	1.085441e-08	3.749746e+01	6.435896e+02
1.210000e-06	5.472660e-06	1.115999e-08	3.830678e+01	6.618194e+02
1.220000e-06	5.586189e-06	1.144571e-08	3.910145e+01	6.788847e+02
1.230000e-06	5.697592e-06	1.171165e-08	3.988123e+01	6.948191e+02
1.240000e-06	5.806936e-06	1.195934e-08	4.064660e+01	7.096560e+02
1.250000e-06	5.914307e-06	1.219083e-08	4.139816e+01	7.234438e+02
1.260000e-06	6.019572e-06	1.240820e-08	4.213498e+01	7.362552e+02
1.270000e-06	6.122590e-06	1.260820e-08	4.285607e+01	7.481851e+02
1.280000e-06	6.223391e-06	1.279260e-08	4.356164e+01	7.593391e+02
1.290000e-06	6.321918e-06	1.296611e-08	4.425130e+01	7.698149e+02
1.300000e-06	6.418078e-06	1.313020e-08	4.492439e+01	7.796852e+02
1.310000e-06	6.511984e-06	1.328534e-08	4.558170e+01	7.889882e+02
1.320000e-06	6.603759e-06	1.343090e-08	4.622409e+01	7.977296e+02
1.330000e-06	6.693172e-06	1.356877e-08	4.684996e+01	8.058956e+02
1.340000e-06	6.780133e-06	1.369640e-08	4.745866e+01	8.134728e+02
1.350000e-06	6.864762e-06	1.381347e-08	4.805103e+01	8.204672e+02
1.360000e-06	6.947015e-06	1.391952e-08	4.862677e+01	8.269158e+02
1.370000e-06	7.026738e-06	1.401586e-08	4.918481e+01	8.328851e+02
1.380000e-06	7.103880e-06	1.410685e-08	4.972477e+01	8.384586e+02
1.390000e-06	7.178369e-06	1.419527e-08	5.024617e+01	8.437172e+02
1.400000e-06	7.250219e-06	1.427949e-08	5.074909e+01	8.487192e+02
1.410000e-06	7.319550e-06	1.436016e-08	5.123439e+01	8.534889e+02
1.420000e-06	7.386269e-06	1.444001e-08	5.170140e+01	8.580165e+02
1.430000e-06	7.450305e-06	1.451599e-08	5.214963e+01	8.622705e+02
1.440000e-06	7.511788e-06	1.458366e-08	5.258000e+01	8.662162e+02
1.450000e-06	7.570705e-06	1.464073e-08	5.299239e+01	8.698354e+02
1.460000e-06	7.626949e-06	1.469274e-08	5.338608e+01	8.731371e+02
1.470000e-06	7.680350e-06	1.474278e-08	5.375987e+01	8.761580e+02
1.480000e-06	7.730537e-06	1.479051e-08	5.411116e+01	8.789512e+02
1.490000e-06	7.777627e-06	1.483422e-08	5.444077e+01	8.815685e+02
1.500000e-06	7.822050e-06	1.487594e-08	5.475172e+01	8.840433e+02
1.510000e-06	7.863692e-06	1.491885e-08	5.504320e+01	8.863811e+02
1.520000e-06	7.902415e-06	1.495901e-08	5.531425e+01	8.885612e+02
1.530000e-06	7.938472e-06	1.499189e-08	5.556664e+01	8.905481e+02
1.540000e-06	7.971775e-06	1.501842e-08	5.579975e+01	8.923087e+02
1.550000e-06	8.002240e-06	1.504210e-08	5.601299e+01	8.938280e+02
1.560000e-06	8.029989e-06	1.506326e-08	5.620722e+01	8.951170e+02
1.570000e-06	8.054840e-06	1.508260e-08	5.638117e+01	8.962095e+02
1.580000e-06	8.076826e-06	1.509933e-08	5.653507e+01	8.971497e+02
1.590000e-06	8.096137e-06	1.511443e-08	5.667024e+01	8.979761e+02
1.600000e-06	8.112565e-06	1.512875e-08	5.678523e+01	8.987069e+02
1.610000e-06	8.125950e-06	1.513783e-08	5.687892e+01	8.993351e+02
1.620000e-06	8.136170e-06	1.514206e-08	5.695046e+01	8.998332e+02
1.630000e-06	8.143330e-06	1.514474e-08	5.700058e+01	9.001674e+02
1.640000e-06	8.147706e-06	1.514734e-08	5.703120e+01	9.003139e+02
1.650000e-06	8.149177e-06	1.514423e-08	5.704150e+01	9.002714e+02
1.660000e-06	8.147834e-06	1.515113e-08	5.703210e+01	9.000646e+02
1.670000e-06	8.143904e-06	1.515008e-08	5.700459e+01	8.997357e+02
1.680000e-06	8.137241e-06	1.514122e-08	5.695795e+01	8.993287e+02
1.690000e-06	8.127895e-06	1.513040e-08	5.689253e+01	8.988715e+02
1.700000e-06	8.115839e-06	1.511394e-08	5.680815e+01	8.983639e+02
1.710000e-06	8.100909e-06	1.508871e-08	5.670364e+01	8.977759e+02
1.720000e-06	8.083413e-06	1.504015e-08	5.658118e+01	8.970586e+02
1.730000e-06	8.063633e-06	1.510772e-08	5.644273e+01	8.961624e+02
1.740000e-06	8.041014e-06	1.517558e-08	5.628439e+01	8.950568e+02
1.750000e-06	8.014804e-06	1.508132e-08	5.610094e+01	8.937442e+02
1.760000e-06	7.984906e-06	1.500379e-08	5.589166e+01	8.922605e+02
1.770000e-06	7.951947e-06	1.500469e-08	5.566095e+01	8.906641e+02
1.780000e-06	7.916507e-06	1.492969e-08	5.541289e+01	8.890153e+02
1.790000e-06	7.878648e-06	1.485771e-08	5.514789e+01	8.873546e+02
1.800000e-06	7.838675e-06	1.500504e-08	5.486809e+01	8.856878e+02
1.810000e-06	7.796374e-06	1.480883e-08	5.457200e+01	8.839834e+02
1.820000e-06	7.751365e-06	1.482793e-08	5.425695e+01	8.821836e+02
1.830000e-06	7.703721e-06	1.491064e-08	5.392346e+01	8.802249e+02
1.840000e-06	7.653023e-06	1.470742e-08	5.356859e+01	8.780605e+02
1.850000e-06	7.599265e-06	1.480334e-08	5.319230e+01	8.756765e+02
1.860000e-06	7.542680e-06	1.460720e-08	5.279623e+01	8.730961e+02
1.870000e-06	7.483392e-06	1.465661e-08	5.238123e+01	8.703697e+02
1.880000e-06	7.421522e-06	1.463440e-08	5.194816e+01	8.675560e+02
1.890000e-06	7.356845e-06	1.448800e-08	5.149544e+01	8.646997e+02
1.900000e-06	7.289508e-06	1.457056e-08	5.102411e+01	8.618153e+02
1.910000e-06	7.219383e-06	1.440876e-08	5.053326e+01	8.588823e+02
1.920000e-06	7.146437e-06	1.443488e-08	5.002266e+01	8.558535e+02
1.930000e-06	7.070852e-06	1.432400e-08	4.949359e+01	8.526723e+02
1.940000e-06	6.992483e-06	1.427612e-08	4.894503e+01	8.492944e+02
1.950000e-06	6.911572e-06	1.426735e-08	4.837868e+01	8.457030e+02
1.960000e-06	6.828188e-06	1.413070e-08	4.779502e+01	8.419144e+02
1.970000e-06	6.742297e-06	1.415580e-08	4.719381e+01	8.379713e+02
1.980000e-06	6.653976e-06	1.399850e-08	4.657560e+01	8.339259e+02
1.990000e-06	6.563385e-06	1.397146e-08	4.594149e+01	8.298210e+02
2.000000e-06	6.470569e-06	1.388162e-08	4.529181e+01	8.256739e+02
2.010000e-06	6.375326e-06	1.381576e-08	4.462514e+01	8.214708e+02
2.020000e-06	6.277852e-06	1.375987e-08	4.394285e+01	8.171724e+02
2.030000e-06	6.178119e-06	1.366154e-08	4.324476e+01	8.127282e+02
2.040000e-06	6.076109e-06	1.362896e-08	4.253072e+01	8.080944e+02
2.050000e-06	5.971919e-06	1.350247e-08	4.180142e+01	8.032485e+02
2.060000e-06	5.865678e-06	1.344318e-08	4.105777e+01	7.981953e+02
2.070000e-06	5.757380e-06	1.331765e-08	4.029973e+01	7.929629e+02
2.080000e-06	5.646964e-06	1.325008e-08	3.952685e+01	7.875905e+02
2.090000e-06	5.534499e-06	1.314849e-08	3.873963e+01	7.821119e+02
2.100000e-06	5.419779e-06	1.306549e-08	3.793663e+01	7.765431e+02
2.110000e-06	5.302916e-06	1.297461e-08	3.711863e+01	7.708761e+02
2.120000e-06	5.184039e-06	1.287754e-08	3.628653e+01	7.650823e+02
2.130000e-06	5.063241e-06	1.278057e-08	3.544099e+01	7.591233e+02
2.140000e-06	4.940633e-06	1.266188e-08	3.458277e+01	7.529654e+02
2.150000e-06	4.816146e-06	1.256331e-08	3.371140e+01	7.465909e+02
2.160000e-06	4.689892e-06	1.244248e-08	3.282767e+01	7.400046e+02
2.170000e-06	4.562034e-06	1.234076e-08	3.193271e+01	7.332297e+02
2.180000e-06	4.432631e-06	1.221561e-08	3.102693e+01	7.262988e+02
2.190000e-06	4.301727e-06	1.211153e-08	3.011064e+01	7.192401e+02
2.200000e-06	4.169225e-06	1.198283e-08	2.918317e+01	7.120662e+02
2.210000e-06	4.035173e-06	1.186369e-08	2.824485e+01	7.047678e+02
2.220000e-06	3.899723e-06	1.172929e-08	2.729675e+01	6.973158e+02
2.230000e-06	3.762800e-06	1.160129e-08	2.633833e+01	6.896699e+02
2.240000e-06	3.624412e-06	1.146937e-08	2.536966e+01	6.817906e+02
2.250000e-06	3.484589e-06	1.133479e-08	2.439095e+01	6.736515e+02
2.260000e-06	3.343468e-06	1.119985e-08	2.340315e+01	6.652449e+02
2.270000e-06	3.201196e-06	1.105443e-08	2.240729e+01	6.565831e+02
2.280000e-06	3.057759e-06	1.090760e-08	2.140329e+01	6.476903e+02
2.290000e-06	2.913193e-06	1.074596e-08	2.039137e+01	6.385931e+02
2.300000e-06	2.767614e-06	1.058692e-08	1.937236e+01	6.293086e+02
2.310000e-06	2.621061e-06	1.042221e-08	1.834655e+01	6.198373e+02
2.320000e-06	2.473516e-06	1.026294e-08	1.731378e+01	6.101615e+02
2.330000e-06	2.325037e-06	1.009881e-08	1.627448e+01	6.002501e+02
2.340000e-06	2.175740e-06	9.932865e-09	1.522945e+01	5.900669e+02
2.350000e-06	2.025720e-06	9.757143e-09	1.417936e+01	5.795813e+02
2.360000e-06	1.875055e-06	9.573588e-09	1.312475e+01	5.687755e+02
2.370000e-06	1.723821e-06	9.381071e-09	1.206617e+01	5.576471e+02
2.380000e-06	1.572004e-06	9.184887e-09	1.100350e+01	5.462064e+02
2.390000e-06	1.419576e-06	8.983333e-09	9.936556e+00	5.344685e+02
2.400000e-06	1.266628e-06	8.783844e-09	8.865972e+00	5.224442e+02
2.410000e-06	1.113291e-06	8.579579e-09	7.792665e+00	5.101313e+02
2.420000e-06	9.595462e-07	8.371125e-09	6.716501e+00	4.975106e+02
2.430000e-06	8.054599e-07	8.156884e-09	5.637948e+00	4.845456e+02
2.440000e-06	6.511224e-07	7.930200e-09	4.557638e+00	4.711880e+02
2.450000e-06	4.965454e-07	7.695124e-09	3.475651e+00	4.573840e+02
2.460000e-06	3.417156e-07	7.447277e-09	2.391894e+00	4.430811e+02
2.470000e-06	1.866904e-07	7.193363e-09	1.306770e+00	4.282327e+02
2.480000e-06	3.166032e-08	6.932371e-09	2.216116e-01	4.127984e+02
2.490000e-06	-1.233278e-07	6.665868e-09	-8.632533e-01	3.967423e+02
2.500000e-06	-2.782765e-07	6.390951e-09	-1.947842e+00	3.800296e+02
2.510000e-06	-4.330859e-07	6.105368e-09	-3.031456e+00	3.626237e+02
2.520000e-06	-5.876920e-07	5.804924e-09	-4.113647e+00	3.444865e+02
2.530000e-06	-7.420398e-07	5.483718e-09	-5.194029e+00	3.255802e+02
2.540000e-06	-8.960913e-07	5.143395e-09	-6.272338e+00	3.058715e+02
2.550000e-06	-1.049839e-06	4.789801e-09	-7.348521e+00	2.853336e+02
2.560000e-06	-1.203189e-06	4.427422e-09	-8.421919e+00	2.639447e+02
2.570000e-06	-1.356043e-06	4.055730e-09	-9.491844e+00	2.416824e+02
2.580000e-06	-1.508400e-06	3.671880e-09	-1.055830e+01	2.185121e+02
2.590000e-06	-1.660208e-06	3.274498e-09	-1.162090e+01	1.943755e+02
2.600000e-06	-1.811415e-06	2.857585e-09	-1.267930e+01	1.691812e+02
2.610000e-06	-1.962012e-06	2.414751e-09	-1.373342e+01	1.428036e+02
2.620000e-06	-2.111981e-06	1.944601e-09	-1.478316e+01	1.150933e+02
2.630000e-06	-2.261237e-06	1.447850e-09	-1.582790e+01	8.589866e+01
2.640000e-06	-2.409682e-06	9.270938e-10	-1.686696e+01	5.509603e+01
2.650000e-06	-2.557219e-06	3.843089e-10	-1.789967e+01	2.262213e+01
2.660000e-06	-2.703778e-06	-1.826239e-10	-1.892554e+01	-1.149897e+01
2.670000e-06	-2.849382e-06	-7.751334e-10	-1.994472e+01	-4.714101e+01
2.680000e-06	-2.993958e-06	-1.390608e-09	-2.095670e+01	-8.407673e+01
2.690000e-06	-3.137416e-06	-2.024856e-09	-2.196086e+01	-1.219949e+02
2.700000e-06	-3.279735e-06	-2.672489e-09	-2.295705e+01	-1.605291e+02
2.710000e-06	-3.420864e-06	-3.328135e-09	-2.394490e+01	-1.992909e+02
2.720000e-06	-3.560653e-06	-3.980581e-09	-2.492338e+01	-2.379008e+02
2.730000e-06	-3.698996e-06	-4.620781e-09	-2.589173e+01	-2.760099e+02
2.740000e-06	-3.835946e-06	-5.245641e-09	-2.685034e+01	-3.133123e+02
2.750000e-06	-3.971524e-06	-5.852450e-09	-2.779933e+01	-3.495470e+02
2.760000e-06	-4.105721e-06	-6.438004e-09	-2.873867e+01	-3.844949e+02
2.770000e-06	-4.238458e-06	-6.999969e-09	-2.966778e+01	-4.179761e+02
2.780000e-06	-4.369637e-06	-7.537403e-09	-3.058599e+01	-4.498497e+02
2.790000e-06	-4.499305e-06	-8.048379e-09	-3.149362e+01	-4.800176e+02
2.800000e-06	-4.627458e-06	-8.529753e-09	-3.239065e+01	-5.084310e+02
2.810000e-06	-4.753981e-06	-8.980466e-09	-3.327627e+01	-5.350934e+02
2.820000e-06	-4.878726e-06	-9.401167e-09	-3.414945e+01	-5.600589e+02
2.830000e-06	-5.001648e-06	-9.793497e-09	-3.500986e+01	-5.834204e+02
2.840000e-06	-5.122826e-06	-1.016182e-08	-3.585806e+01	-6.052929e+02
2.850000e-06	-5.242208e-06	-1.050917e-08	-3.669369e+01	-6.257916e+02
2.860000e-06	-5.359565e-06	-1.083662e-08	-3.751516e+01	-6.450149e+02
2.870000e-06	-5.474696e-06	-1.114249e-08	-3.832103e+01	-6.630342e+02
2.880000e-06	-5.587570e-06	-1.142573e-08	-3.911111e+01	-6.798958e+02
2.890000e-06	-5.698246e-06	-1.168962e-08	-3.988581e+01	-6.956320e+02
2.900000e-06	-5.806873e-06	-1.193658e-08	-4.064616e+01	-7.102778e+02
2.910000e-06	-5.913603e-06	-1.216613e-08	-4.139323e+01	-7.238857e+02
2.920000e-06	-6.018374e-06	-1.238168e-08	-4.212659e+01	-7.365326e+02
2.930000e-06	-6.121005e-06	-1.258395e-08	-4.284498e+01	-7.483167e+02
2.940000e-06	-6.221302e-06	-1.277247e-08	-4.354702e+01	-7.593434e+02
2.950000e-06	-6.319357e-06	-1.294795e-08	-4.423338e+01	-7.697071e+02
2.960000e-06	-6.415313e-06	-1.311149e-08	-4.490503e+01	-7.794747e+02
2.970000e-06	-6.509022e-06	-1.326575e-08	-4.556097e+01	-7.886783e+02
2.980000e-06	-6.600420e-06	-1.341195e-08	-4.620072e+01	-7.973187e+02
2.990000e-06	-6.689559e-06	-1.355053e-08	-4.682466e+01	-8.053806e+02
3.000000e-06	-6.776293e-06	-1.367921e-08	-4.743178e+01	-8.128530e+02
3.010000e-06	-6.860514e-06	-1.379871e-08	-4.802129e+01	-8.197468e+02
3.020000e-06	-6.942367e-06	-1.390928e-08	-4.859423e+01	-8.261046e+02
3.030000e-06	-7.021754e-06	-1.400967e-08	-4.914992e+01	-8.319974e+02
3.040000e-06	-7.098352e-06	-1.410043e-08	-4.968608e+01	-8.375096e+02
3.050000e-06	-7.172285e-06	-1.418548e-08	-5.020359e+01	-8.427195e+02
3.060000e-06	-7.243675e-06	-1.426746e-08	-5.070329e+01	-8.476797e+02
3.070000e-06	-7.312383e-06	-1.434734e-08	-5.118423e+01	-8.524082e+02
3.080000e-06	-7.378530e-06	-1.442468e-08	-5.164723e+01	-8.568901e+02
3.090000e-06	-7.442161e-06	-1.449670e-08	-5.209263e+01	-8.610917e+02
3.100000e-06	-7.503133e-06	-1.456466e-08	-5.251941e+01	-8.649803e+02
3.110000e-06	-7.561413e-06	-1.462496e-08	-5.292735e+01	-8.685417e+02
3.120000e-06	-7.616914e-06	-1.467744e-08	-5.331584e+01	-8.717903e+02
3.130000e-06	-7.669491e-06	-1.472396e-08	-5.368386e+01	-8.747670e+02
3.140000e-06	-7.718933e-06	-1.476977e-08	-5.402994e+01	-8.775258e+02
3.150000e-06	-7.765315e-06	-1.481583e-08	-5.435459e+01	-8.801163e+02
3.160000e-06	-7.809193e-06	-1.486126e-08	-5.466173e+01	-8.825675e+02
3.170000e-06	-7.850665e-06	-1.490265e-08	-5.495201e+01	-8.848798e+02
3.180000e-06	-7.889364e-06	-1.493866e-08	-5.522290e+01	-8.870286e+02
3.190000e-06	-7.925243e-06	-1.496953e-08	-5.547404e+01	-8.889776e+02
3.200000e-06	-7.958400e-06	-1.499577e-08	-5.570613e+01	-8.906960e+02
3.210000e-06	-7.988607e-06	-1.501790e-08	-5.591757e+01	-8.921731e+02
3.220000e-06	-8.015898e-06	-1.503795e-08	-5.610860e+01	-8.934245e+02
3.230000e-06	-8.040527e-06	-1.505801e-08	-5.628099e+01	-8.944870e+02
3.240000e-06	-8.062271e-06	-1.507759e-08	-5.643319e+01	-8.954050e+02
3.250000e-06	-8.081145e-06	-1.509568e-08	-5.656530e+01	-8.962141e+02
3.260000e-06	-8.097181e-06	-1.510816e-08	-5.667755e+01	-8.969283e+02
3.270000e-06	-8.110022e-06	-1.511634e-08	-5.676743e+01	-8.975361e+02
3.280000e-06	-8.119822e-06	-1.512230e-08	-5.683603e+01	-8.980078e+02
3.290000e-06	-8.126755e-06	-1.512786e-08	-5.688456e+01	-8.983101e+02
3.300000e-06	-8.130795e-06	-1.513368e-08	-5.691283e+01	-8.984226e+02
3.310000e-06	-8.132145e-06	-1.513719e-08	-5.692228e+01	-8.983489e+02
