# Temperatura_=_61.58
# Concentracion g/m^3_=_11780.0
# C_Vs_to_Am_M_A/Vsm_=_59384043850.047264
# pendiente_HvsI_1/m_=_3716.3
# ordenada_HvsI_A/m_=_1297.0
# frecuencia_Hz_=_301538.51750116766

Tiempo_(s)	Campo_(V.s)	Magnetizacion_(V.s)	Campo_(kA/m)	Magnetizacion_(A/m)
0.000000e+00	-8.173707e-06	-1.561517e-08	-5.691582e+01	-9.269511e+02
1.000000e-08	-8.170534e-06	-1.561057e-08	-5.689373e+01	-9.266813e+02
2.000000e-08	-8.164675e-06	-1.560751e-08	-5.685293e+01	-9.263101e+02
3.000000e-08	-8.156126e-06	-1.560109e-08	-5.679340e+01	-9.258683e+02
4.000000e-08	-8.144666e-06	-1.559275e-08	-5.671360e+01	-9.253646e+02
5.000000e-08	-8.130196e-06	-1.558227e-08	-5.661284e+01	-9.247811e+02
6.000000e-08	-8.112842e-06	-1.557667e-08	-5.649200e+01	-9.240790e+02
7.000000e-08	-8.092964e-06	-1.556952e-08	-5.635359e+01	-9.232131e+02
8.000000e-08	-8.070445e-06	-1.548819e-08	-5.619678e+01	-9.221493e+02
9.000000e-08	-8.044693e-06	-1.544940e-08	-5.601746e+01	-9.208788e+02
1.000000e-07	-8.015643e-06	-1.548889e-08	-5.581518e+01	-9.194227e+02
1.100000e-07	-7.983728e-06	-1.549182e-08	-5.559294e+01	-9.178260e+02
1.200000e-07	-7.949125e-06	-1.544148e-08	-5.535199e+01	-9.161420e+02
1.300000e-07	-7.912047e-06	-1.540361e-08	-5.509381e+01	-9.144131e+02
1.400000e-07	-7.872832e-06	-1.543523e-08	-5.482074e+01	-9.126555e+02
1.500000e-07	-7.831233e-06	-1.533652e-08	-5.453108e+01	-9.108533e+02
1.600000e-07	-7.786696e-06	-1.531862e-08	-5.422096e+01	-9.089640e+02
1.700000e-07	-7.739299e-06	-1.528488e-08	-5.389092e+01	-9.069338e+02
1.800000e-07	-7.688959e-06	-1.518013e-08	-5.354038e+01	-9.047166e+02
1.900000e-07	-7.635515e-06	-1.523399e-08	-5.316824e+01	-9.022901e+02
2.000000e-07	-7.579240e-06	-1.517381e-08	-5.277638e+01	-8.996626e+02
2.100000e-07	-7.520189e-06	-1.511017e-08	-5.236519e+01	-8.968687e+02
2.200000e-07	-7.458520e-06	-1.504415e-08	-5.193577e+01	-8.939554e+02
2.300000e-07	-7.394160e-06	-1.499462e-08	-5.148761e+01	-8.909635e+02
2.400000e-07	-7.326914e-06	-1.498228e-08	-5.101936e+01	-8.879123e+02
2.500000e-07	-7.256983e-06	-1.487622e-08	-5.053242e+01	-8.847924e+02
2.600000e-07	-7.184407e-06	-1.483175e-08	-5.002705e+01	-8.815691e+02
2.700000e-07	-7.109009e-06	-1.480081e-08	-4.950203e+01	-8.781953e+02
2.800000e-07	-7.030818e-06	-1.476475e-08	-4.895757e+01	-8.746292e+02
2.900000e-07	-6.949963e-06	-1.467467e-08	-4.839455e+01	-8.708489e+02
3.000000e-07	-6.866629e-06	-1.456743e-08	-4.781427e+01	-8.668602e+02
3.100000e-07	-6.781031e-06	-1.453140e-08	-4.721822e+01	-8.626937e+02
3.200000e-07	-6.693113e-06	-1.445687e-08	-4.660603e+01	-8.583932e+02
3.300000e-07	-6.602806e-06	-1.439166e-08	-4.597719e+01	-8.539993e+02
3.400000e-07	-6.510165e-06	-1.430613e-08	-4.533211e+01	-8.495353e+02
3.500000e-07	-6.415182e-06	-1.423579e-08	-4.467072e+01	-8.449994e+02
3.600000e-07	-6.317796e-06	-1.417369e-08	-4.399259e+01	-8.403664e+02
3.700000e-07	-6.218113e-06	-1.407653e-08	-4.329847e+01	-8.355983e+02
3.800000e-07	-6.116299e-06	-1.397692e-08	-4.258951e+01	-8.306583e+02
3.900000e-07	-6.012244e-06	-1.387910e-08	-4.186495e+01	-8.255245e+02
4.000000e-07	-5.905922e-06	-1.382165e-08	-4.112460e+01	-8.201967e+02
4.100000e-07	-5.797487e-06	-1.373345e-08	-4.036953e+01	-8.146953e+02
4.200000e-07	-5.687014e-06	-1.363448e-08	-3.960028e+01	-8.090519e+02
4.300000e-07	-5.574429e-06	-1.353458e-08	-3.881632e+01	-8.032962e+02
4.400000e-07	-5.459656e-06	-1.344324e-08	-3.801712e+01	-7.974434e+02
4.500000e-07	-5.342774e-06	-1.333984e-08	-3.720324e+01	-7.914880e+02
4.600000e-07	-5.223865e-06	-1.321727e-08	-3.637524e+01	-7.854050e+02
4.700000e-07	-5.103022e-06	-1.310940e-08	-3.553377e+01	-7.791583e+02
4.800000e-07	-4.980348e-06	-1.301044e-08	-3.467956e+01	-7.727140e+02
4.900000e-07	-4.855868e-06	-1.291485e-08	-3.381278e+01	-7.660520e+02
5.000000e-07	-4.729648e-06	-1.279169e-08	-3.293387e+01	-7.591727e+02
5.100000e-07	-4.601823e-06	-1.266771e-08	-3.204378e+01	-7.520964e+02
5.200000e-07	-4.472326e-06	-1.254790e-08	-3.114206e+01	-7.448548e+02
5.300000e-07	-4.341110e-06	-1.242794e-08	-3.022837e+01	-7.374786e+02
5.400000e-07	-4.208299e-06	-1.229207e-08	-2.930357e+01	-7.299849e+02
5.500000e-07	-4.074028e-06	-1.215584e-08	-2.836860e+01	-7.223696e+02
5.600000e-07	-3.938275e-06	-1.203287e-08	-2.742332e+01	-7.146070e+02
5.700000e-07	-3.801020e-06	-1.190750e-08	-2.646757e+01	-7.066565e+02
5.800000e-07	-3.662360e-06	-1.176888e-08	-2.550204e+01	-6.984749e+02
5.900000e-07	-3.522252e-06	-1.161881e-08	-2.452643e+01	-6.900289e+02
6.000000e-07	-3.380682e-06	-1.147632e-08	-2.354064e+01	-6.813048e+02
6.100000e-07	-3.237784e-06	-1.132958e-08	-2.254560e+01	-6.723102e+02
6.200000e-07	-3.093709e-06	-1.117105e-08	-2.154236e+01	-6.630701e+02
6.300000e-07	-2.948551e-06	-1.100563e-08	-2.053159e+01	-6.536155e+02
6.400000e-07	-2.802337e-06	-1.084655e-08	-1.951346e+01	-6.439714e+02
6.500000e-07	-2.655109e-06	-1.068922e-08	-1.848827e+01	-6.341462e+02
6.600000e-07	-2.506934e-06	-1.052182e-08	-1.745649e+01	-6.241276e+02
6.700000e-07	-2.357966e-06	-1.034628e-08	-1.641918e+01	-6.138843e+02
6.800000e-07	-2.208264e-06	-1.016742e-08	-1.537676e+01	-6.033750e+02
6.900000e-07	-2.057752e-06	-9.989152e-09	-1.432871e+01	-5.925596e+02
7.000000e-07	-1.906450e-06	-9.801525e-09	-1.327515e+01	-5.814095e+02
7.100000e-07	-1.754424e-06	-9.603935e-09	-1.221655e+01	-5.699133e+02
7.200000e-07	-1.601747e-06	-9.404133e-09	-1.115341e+01	-5.580770e+02
7.300000e-07	-1.448492e-06	-9.205131e-09	-1.008626e+01	-5.459168e+02
7.400000e-07	-1.294693e-06	-9.000543e-09	-9.015311e+00	-5.334493e+02
7.500000e-07	-1.140428e-06	-8.783208e-09	-7.941123e+00	-5.206803e+02
7.600000e-07	-9.857911e-07	-8.560322e-09	-6.864341e+00	-5.075976e+02
7.700000e-07	-8.308144e-07	-8.335208e-09	-5.785194e+00	-4.941686e+02
7.800000e-07	-6.755609e-07	-8.105674e-09	-4.704120e+00	-4.803434e+02
7.900000e-07	-5.200713e-07	-7.864438e-09	-3.621403e+00	-4.660618e+02
8.000000e-07	-3.643829e-07	-7.613505e-09	-2.537301e+00	-4.512619e+02
8.100000e-07	-2.085590e-07	-7.355244e-09	-1.452255e+00	-4.358865e+02
8.200000e-07	-5.267166e-08	-7.086948e-09	-3.667676e-01	-4.198869e+02
8.300000e-07	1.032339e-07	-6.805883e-09	7.188465e-01	-4.032218e+02
8.400000e-07	2.590910e-07	-6.511687e-09	1.804124e+00	-3.858539e+02
8.500000e-07	4.148254e-07	-6.209122e-09	2.888546e+00	-3.677470e+02
8.600000e-07	5.703635e-07	-5.893110e-09	3.971601e+00	-3.488630e+02
8.700000e-07	7.256694e-07	-5.560261e-09	5.053040e+00	-3.291621e+02
8.800000e-07	8.807348e-07	-5.210597e-09	6.132804e+00	-3.086051e+02
8.900000e-07	1.035488e-06	-4.848754e-09	7.210391e+00	-2.871544e+02
9.000000e-07	1.189896e-06	-4.473507e-09	8.285579e+00	-2.647732e+02
9.100000e-07	1.343898e-06	-4.080047e-09	9.357940e+00	-2.414198e+02
9.200000e-07	1.497403e-06	-3.667803e-09	1.042684e+01	-2.170383e+02
9.300000e-07	1.650367e-06	-3.237062e-09	1.149197e+01	-1.915480e+02
9.400000e-07	1.802803e-06	-2.786852e-09	1.255343e+01	-1.648361e+02
9.500000e-07	1.954618e-06	-2.311221e-09	1.361055e+01	-1.367579e+02
9.600000e-07	2.105586e-06	-1.808277e-09	1.466179e+01	-1.071500e+02
9.700000e-07	2.255635e-06	-1.276993e-09	1.570662e+01	-7.585359e+01
9.800000e-07	2.404882e-06	-7.174246e-10	1.674587e+01	-4.274858e+01
9.900000e-07	2.553340e-06	-1.285173e-10	1.777963e+01	-7.788433e+00
1.000000e-06	2.700872e-06	4.929075e-10	1.880693e+01	2.897029e+01
1.010000e-06	2.847465e-06	1.144024e-09	1.982770e+01	6.735235e+01
1.020000e-06	2.993089e-06	1.816387e-09	2.084172e+01	1.070665e+02
1.030000e-06	3.137716e-06	2.500870e-09	2.184880e+01	1.477268e+02
1.040000e-06	3.281226e-06	3.195821e-09	2.284810e+01	1.888875e+02
1.050000e-06	3.423384e-06	3.894498e-09	2.383799e+01	2.300848e+02
1.060000e-06	3.564222e-06	4.584679e-09	2.481868e+01	2.708749e+02
1.070000e-06	3.703757e-06	5.257378e-09	2.579030e+01	3.108635e+02
1.080000e-06	3.841864e-06	5.909786e-09	2.675198e+01	3.497207e+02
1.090000e-06	3.978512e-06	6.542889e-09	2.770350e+01	3.871839e+02
1.100000e-06	4.113677e-06	7.151528e-09	2.864469e+01	4.230521e+02
1.110000e-06	4.247350e-06	7.726734e-09	2.957549e+01	4.571768e+02
1.120000e-06	4.379573e-06	8.267985e-09	3.049620e+01	4.894552e+02
1.130000e-06	4.510257e-06	8.779131e-09	3.140619e+01	5.198281e+02
1.140000e-06	4.639287e-06	9.258619e-09	3.230466e+01	5.482809e+02
1.150000e-06	4.766615e-06	9.705379e-09	3.319128e+01	5.748454e+02
1.160000e-06	4.892236e-06	1.011886e-08	3.406601e+01	5.995977e+02
1.170000e-06	5.016184e-06	1.050600e-08	3.492910e+01	6.226491e+02
1.180000e-06	5.138418e-06	1.087008e-08	3.578025e+01	6.441319e+02
1.190000e-06	5.258759e-06	1.120811e-08	3.661822e+01	6.641795e+02
1.200000e-06	5.377132e-06	1.151911e-08	3.744248e+01	6.829101e+02
1.210000e-06	5.493489e-06	1.180910e-08	3.825271e+01	7.004154e+02
1.220000e-06	5.607744e-06	1.208404e-08	3.904830e+01	7.167603e+02
1.230000e-06	5.719889e-06	1.234112e-08	3.982920e+01	7.319915e+02
1.240000e-06	5.829978e-06	1.257899e-08	4.059578e+01	7.461521e+02
1.250000e-06	5.938076e-06	1.279953e-08	4.134850e+01	7.592965e+02
1.260000e-06	6.044038e-06	1.300669e-08	4.208634e+01	7.714986e+02
1.270000e-06	6.147747e-06	1.319857e-08	4.280849e+01	7.828515e+02
1.280000e-06	6.249227e-06	1.337339e-08	4.351513e+01	7.934567e+02
1.290000e-06	6.348457e-06	1.353651e-08	4.420609e+01	8.034083e+02
1.300000e-06	6.445338e-06	1.369311e-08	4.488070e+01	8.127776e+02
1.310000e-06	6.539871e-06	1.384244e-08	4.553896e+01	8.216042e+02
1.320000e-06	6.632191e-06	1.398031e-08	4.618181e+01	8.298980e+02
1.330000e-06	6.722227e-06	1.410829e-08	4.680876e+01	8.376509e+02
1.340000e-06	6.809853e-06	1.422896e-08	4.741892e+01	8.448544e+02
1.350000e-06	6.895130e-06	1.434074e-08	4.801273e+01	8.515170e+02
1.360000e-06	6.978063e-06	1.444112e-08	4.859022e+01	8.576740e+02
1.370000e-06	7.058465e-06	1.453252e-08	4.915008e+01	8.633863e+02
1.380000e-06	7.136261e-06	1.462129e-08	4.969179e+01	8.687296e+02
1.390000e-06	7.211391e-06	1.470979e-08	5.021494e+01	8.737759e+02
1.400000e-06	7.283771e-06	1.479279e-08	5.071894e+01	8.785768e+02
1.410000e-06	7.353583e-06	1.486782e-08	5.120506e+01	8.831527e+02
1.420000e-06	7.420823e-06	1.493995e-08	5.167327e+01	8.874941e+02
1.430000e-06	7.485356e-06	1.501054e-08	5.212264e+01	8.915726e+02
1.440000e-06	7.547313e-06	1.507475e-08	5.255406e+01	8.953588e+02
1.450000e-06	7.606665e-06	1.513005e-08	5.296735e+01	8.988388e+02
1.460000e-06	7.663317e-06	1.518151e-08	5.336183e+01	9.020247e+02
1.470000e-06	7.717165e-06	1.523281e-08	5.373679e+01	9.049536e+02
1.480000e-06	7.767863e-06	1.528153e-08	5.408981e+01	9.076767e+02
1.490000e-06	7.815414e-06	1.532525e-08	5.442092e+01	9.102428e+02
1.500000e-06	7.860175e-06	1.536572e-08	5.473261e+01	9.126820e+02
1.510000e-06	7.902171e-06	1.540538e-08	5.502504e+01	9.149968e+02
1.520000e-06	7.941326e-06	1.544273e-08	5.529769e+01	9.171643e+02
1.530000e-06	7.977752e-06	1.547457e-08	5.555133e+01	9.191470e+02
1.540000e-06	8.011412e-06	1.550043e-08	5.578572e+01	9.209100e+02
1.550000e-06	8.042248e-06	1.552444e-08	5.600043e+01	9.224358e+02
1.560000e-06	8.070318e-06	1.554750e-08	5.619590e+01	9.237326e+02
1.570000e-06	8.095471e-06	1.556627e-08	5.637104e+01	9.248321e+02
1.580000e-06	8.117721e-06	1.558139e-08	5.652597e+01	9.257778e+02
1.590000e-06	8.137286e-06	1.559607e-08	5.666221e+01	9.266092e+02
1.600000e-06	8.153985e-06	1.560893e-08	5.677849e+01	9.273481e+02
1.610000e-06	8.167612e-06	1.561643e-08	5.687338e+01	9.279916e+02
1.620000e-06	8.178049e-06	1.562073e-08	5.694606e+01	9.285162e+02
1.630000e-06	8.185420e-06	1.562495e-08	5.699738e+01	9.288892e+02
1.640000e-06	8.190011e-06	1.562959e-08	5.702935e+01	9.290845e+02
1.650000e-06	8.191756e-06	1.562911e-08	5.704150e+01	9.290952e+02
1.660000e-06	8.190643e-06	1.563319e-08	5.703375e+01	9.289377e+02
1.670000e-06	8.186850e-06	1.563212e-08	5.700734e+01	9.286466e+02
1.680000e-06	8.180338e-06	1.562664e-08	5.696200e+01	9.282607e+02
1.690000e-06	8.171128e-06	1.561842e-08	5.689786e+01	9.278076e+02
1.700000e-06	8.159177e-06	1.560253e-08	5.681464e+01	9.272913e+02
1.710000e-06	8.144366e-06	1.558046e-08	5.671151e+01	9.266896e+02
1.720000e-06	8.126961e-06	1.554630e-08	5.659031e+01	9.259611e+02
1.730000e-06	8.107180e-06	1.559551e-08	5.645257e+01	9.250614e+02
1.740000e-06	8.084522e-06	1.562760e-08	5.629480e+01	9.239602e+02
1.750000e-06	8.058303e-06	1.555341e-08	5.611223e+01	9.226537e+02
1.760000e-06	8.028469e-06	1.549590e-08	5.590449e+01	9.211684e+02
1.770000e-06	7.995538e-06	1.548638e-08	5.567518e+01	9.195520e+02
1.780000e-06	7.960095e-06	1.542434e-08	5.542838e+01	9.178571e+02
1.790000e-06	7.922283e-06	1.536680e-08	5.516508e+01	9.161224e+02
1.800000e-06	7.882258e-06	1.543507e-08	5.488638e+01	9.143586e+02
1.810000e-06	7.839915e-06	1.531109e-08	5.459153e+01	9.125441e+02
1.820000e-06	7.794910e-06	1.532701e-08	5.427815e+01	9.106333e+02
1.830000e-06	7.747192e-06	1.534253e-08	5.394588e+01	9.085722e+02
1.840000e-06	7.696432e-06	1.521970e-08	5.359242e+01	9.063181e+02
1.850000e-06	7.642623e-06	1.525693e-08	5.321774e+01	9.038539e+02
1.860000e-06	7.585972e-06	1.512323e-08	5.282325e+01	9.011932e+02
1.870000e-06	7.526566e-06	1.515217e-08	5.240960e+01	8.983741e+02
1.880000e-06	7.464592e-06	1.509776e-08	5.197805e+01	8.954438e+02
1.890000e-06	7.399861e-06	1.499835e-08	5.152731e+01	8.924404e+02
1.900000e-06	7.332329e-06	1.502326e-08	5.105707e+01	8.893781e+02
1.910000e-06	7.261972e-06	1.490112e-08	5.056716e+01	8.862425e+02
1.920000e-06	7.188824e-06	1.489033e-08	5.005780e+01	8.829955e+02
1.930000e-06	7.113033e-06	1.479320e-08	4.953005e+01	8.795897e+02
1.940000e-06	7.034500e-06	1.475764e-08	4.898320e+01	8.759858e+02
1.950000e-06	6.953371e-06	1.471152e-08	4.841828e+01	8.721667e+02
1.960000e-06	6.869735e-06	1.460398e-08	4.783590e+01	8.681431e+02
1.970000e-06	6.783554e-06	1.458150e-08	4.723580e+01	8.639490e+02
1.980000e-06	6.694885e-06	1.445337e-08	4.661836e+01	8.596288e+02
1.990000e-06	6.603894e-06	1.441210e-08	4.598477e+01	8.552210e+02
2.000000e-06	6.510634e-06	1.431505e-08	4.533538e+01	8.507447e+02
2.010000e-06	6.415003e-06	1.425040e-08	4.466947e+01	8.461935e+02
2.020000e-06	6.317115e-06	1.417753e-08	4.398785e+01	8.415390e+02
2.030000e-06	6.216924e-06	1.409303e-08	4.329019e+01	8.367423e+02
2.040000e-06	6.114484e-06	1.403080e-08	4.257687e+01	8.317684e+02
2.050000e-06	6.009907e-06	1.391387e-08	4.184867e+01	8.265989e+02
2.060000e-06	5.903242e-06	1.383854e-08	4.110593e+01	8.212378e+02
2.070000e-06	5.794498e-06	1.372239e-08	4.034872e+01	8.157082e+02
2.080000e-06	5.683648e-06	1.364133e-08	3.957684e+01	8.100425e+02
2.090000e-06	5.570677e-06	1.353237e-08	3.879019e+01	8.042685e+02
2.100000e-06	5.455462e-06	1.344750e-08	3.798791e+01	7.983981e+02
2.110000e-06	5.338098e-06	1.335058e-08	3.717068e+01	7.924219e+02
2.120000e-06	5.218698e-06	1.324908e-08	3.633926e+01	7.863120e+02
2.130000e-06	5.097409e-06	1.313746e-08	3.549469e+01	7.800319e+02
2.140000e-06	4.974291e-06	1.302012e-08	3.463739e+01	7.735494e+02
2.150000e-06	4.849336e-06	1.291165e-08	3.376729e+01	7.668475e+02
2.160000e-06	4.722644e-06	1.278992e-08	3.288510e+01	7.599307e+02
2.170000e-06	4.594300e-06	1.267720e-08	3.199140e+01	7.528221e+02
2.180000e-06	4.464376e-06	1.255188e-08	3.108671e+01	7.455541e+02
2.190000e-06	4.332854e-06	1.243994e-08	3.017088e+01	7.381558e+02
2.200000e-06	4.199739e-06	1.230628e-08	2.924396e+01	7.306411e+02
2.210000e-06	4.065124e-06	1.217710e-08	2.830660e+01	7.230016e+02
2.220000e-06	3.929088e-06	1.203805e-08	2.735934e+01	7.152083e+02
2.230000e-06	3.791565e-06	1.190707e-08	2.640173e+01	7.072192e+02
2.240000e-06	3.652593e-06	1.176571e-08	2.543403e+01	6.989920e+02
2.250000e-06	3.512178e-06	1.162199e-08	2.445629e+01	6.904964e+02
2.260000e-06	3.370423e-06	1.147852e-08	2.346921e+01	6.817224e+02
2.270000e-06	3.227485e-06	1.133065e-08	2.247389e+01	6.726815e+02
2.280000e-06	3.083359e-06	1.117571e-08	2.147030e+01	6.634005e+02
2.290000e-06	2.938098e-06	1.100873e-08	2.045880e+01	6.539102e+02
2.300000e-06	2.791820e-06	1.084412e-08	1.944023e+01	6.442333e+02
2.310000e-06	2.644567e-06	1.067653e-08	1.841486e+01	6.343748e+02
2.320000e-06	2.496288e-06	1.050809e-08	1.738235e+01	6.243184e+02
2.330000e-06	2.347120e-06	1.033210e-08	1.634366e+01	6.140304e+02
2.340000e-06	2.197190e-06	1.015756e-08	1.529965e+01	6.034689e+02
2.350000e-06	2.046518e-06	9.978493e-09	1.425048e+01	5.925950e+02
2.360000e-06	1.895159e-06	9.792128e-09	1.319653e+01	5.813830e+02
2.370000e-06	1.743166e-06	9.592857e-09	1.213816e+01	5.698249e+02
2.380000e-06	1.590615e-06	9.389220e-09	1.107590e+01	5.579290e+02
2.390000e-06	1.437526e-06	9.182036e-09	1.000990e+01	5.457126e+02
2.400000e-06	1.283894e-06	8.971156e-09	8.940115e+00	5.331909e+02
2.410000e-06	1.129754e-06	8.752670e-09	7.866793e+00	5.203670e+02
2.420000e-06	9.751618e-07	8.533343e-09	6.790326e+00	5.072251e+02
2.430000e-06	8.202015e-07	8.311453e-09	5.711293e+00	4.937291e+02
2.440000e-06	6.649463e-07	8.079425e-09	4.630208e+00	4.798266e+02
2.450000e-06	5.094150e-07	7.834754e-09	3.547200e+00	4.654566e+02
2.460000e-06	3.536678e-07	7.577827e-09	2.462688e+00	4.505575e+02
2.470000e-06	1.977968e-07	7.314445e-09	1.377314e+00	4.350737e+02
2.480000e-06	4.186543e-08	7.041955e-09	2.915208e-01	4.189577e+02
2.490000e-06	-1.140340e-07	6.760717e-09	-7.940509e-01	4.021694e+02
2.500000e-06	-2.698463e-07	6.468218e-09	-1.879016e+00	3.846719e+02
2.510000e-06	-4.255527e-07	6.165565e-09	-2.963243e+00	3.664287e+02
2.520000e-06	-5.811205e-07	5.848205e-09	-4.046506e+00	3.474014e+02
2.530000e-06	-7.364753e-07	5.511564e-09	-5.128285e+00	3.275501e+02
2.540000e-06	-8.915607e-07	5.156983e-09	-6.208188e+00	3.068359e+02
2.550000e-06	-1.046242e-06	4.789162e-09	-7.285277e+00	2.852214e+02
2.560000e-06	-1.200399e-06	4.409962e-09	-8.358713e+00	2.626696e+02
2.570000e-06	-1.354040e-06	4.016513e-09	-9.428564e+00	2.391370e+02
2.580000e-06	-1.507169e-06	3.607245e-09	-1.049484e+01	2.145639e+02
2.590000e-06	-1.659831e-06	3.181030e-09	-1.155787e+01	1.888644e+02
2.600000e-06	-1.811965e-06	2.733111e-09	-1.261722e+01	1.619195e+02
2.610000e-06	-1.963391e-06	2.256926e-09	-1.367164e+01	1.335800e+02
2.620000e-06	-2.114044e-06	1.750170e-09	-1.472068e+01	1.036812e+02
2.630000e-06	-2.263980e-06	1.214953e-09	-1.576473e+01	7.206866e+01
2.640000e-06	-2.413160e-06	6.525527e-10	-1.680351e+01	3.863279e+01
2.650000e-06	-2.561511e-06	6.332960e-11	-1.783652e+01	3.343651e+00
2.660000e-06	-2.708935e-06	-5.542675e-10	-1.886308e+01	-3.372165e+01
2.670000e-06	-2.855324e-06	-1.198897e-09	-1.988242e+01	-7.236640e+01
2.680000e-06	-3.000648e-06	-1.865442e-09	-2.089435e+01	-1.122804e+02
2.690000e-06	-3.144914e-06	-2.548740e-09	-2.189892e+01	-1.530642e+02
2.700000e-06	-3.288057e-06	-3.243313e-09	-2.289566e+01	-1.942657e+02
2.710000e-06	-3.429958e-06	-3.940161e-09	-2.388376e+01	-2.354220e+02
2.720000e-06	-3.570584e-06	-4.626054e-09	-2.486298e+01	-2.760966e+02
2.730000e-06	-3.709826e-06	-5.293874e-09	-2.583256e+01	-3.159057e+02
2.740000e-06	-3.847584e-06	-5.940913e-09	-2.679181e+01	-3.545317e+02
2.750000e-06	-3.983982e-06	-6.564366e-09	-2.774159e+01	-3.917235e+02
2.760000e-06	-4.119006e-06	-7.161044e-09	-2.868180e+01	-4.272903e+02
2.770000e-06	-4.252564e-06	-7.729142e-09	-2.961180e+01	-4.610919e+02
2.780000e-06	-4.384568e-06	-8.269307e-09	-3.053098e+01	-4.930335e+02
2.790000e-06	-4.514970e-06	-8.779551e-09	-3.143901e+01	-5.230636e+02
2.800000e-06	-4.643816e-06	-9.256224e-09	-3.233620e+01	-5.511759e+02
2.810000e-06	-4.770992e-06	-9.699824e-09	-3.322176e+01	-5.774104e+02
2.820000e-06	-4.896489e-06	-1.011179e-08	-3.409563e+01	-6.018502e+02
2.830000e-06	-5.020229e-06	-1.049433e-08	-3.495726e+01	-6.246120e+02
2.840000e-06	-5.142139e-06	-1.085158e-08	-3.580616e+01	-6.458292e+02
2.850000e-06	-5.262257e-06	-1.118731e-08	-3.664257e+01	-6.656340e+02
2.860000e-06	-5.380419e-06	-1.150361e-08	-3.746537e+01	-6.841402e+02
2.870000e-06	-5.496349e-06	-1.179824e-08	-3.827262e+01	-7.014346e+02
2.880000e-06	-5.609996e-06	-1.207013e-08	-3.906398e+01	-7.175779e+02
2.890000e-06	-5.721442e-06	-1.232130e-08	-3.984001e+01	-7.326150e+02
2.900000e-06	-5.830773e-06	-1.255591e-08	-4.060131e+01	-7.465900e+02
2.910000e-06	-5.938158e-06	-1.277540e-08	-4.134906e+01	-7.595603e+02
2.920000e-06	-6.043594e-06	-1.298028e-08	-4.208324e+01	-7.716039e+02
2.930000e-06	-6.146871e-06	-1.317077e-08	-4.280239e+01	-7.828162e+02
2.940000e-06	-6.247811e-06	-1.334846e-08	-4.350526e+01	-7.932986e+02
2.950000e-06	-6.346472e-06	-1.351635e-08	-4.419227e+01	-8.031423e+02
2.960000e-06	-6.443038e-06	-1.367404e-08	-4.486469e+01	-8.124130e+02
2.970000e-06	-6.537416e-06	-1.382145e-08	-4.552186e+01	-8.211448e+02
2.980000e-06	-6.629402e-06	-1.396082e-08	-4.616239e+01	-8.293433e+02
2.990000e-06	-6.719053e-06	-1.409342e-08	-4.678666e+01	-8.369987e+02
3.000000e-06	-6.806389e-06	-1.421656e-08	-4.739480e+01	-8.441047e+02
3.010000e-06	-6.891236e-06	-1.432915e-08	-4.798561e+01	-8.506740e+02
3.020000e-06	-6.973634e-06	-1.443186e-08	-4.855937e+01	-8.567467e+02
3.030000e-06	-7.053597e-06	-1.452695e-08	-4.911618e+01	-8.623878e+02
3.040000e-06	-7.130836e-06	-1.461553e-08	-4.965401e+01	-8.676736e+02
3.050000e-06	-7.205311e-06	-1.469849e-08	-5.017261e+01	-8.726734e+02
3.060000e-06	-7.277173e-06	-1.477718e-08	-5.067300e+01	-8.774339e+02
3.070000e-06	-7.346418e-06	-1.485352e-08	-5.115518e+01	-8.819697e+02
3.080000e-06	-7.413085e-06	-1.492718e-08	-5.161940e+01	-8.862669e+02
3.090000e-06	-7.477182e-06	-1.499581e-08	-5.206572e+01	-8.902955e+02
3.100000e-06	-7.538599e-06	-1.506027e-08	-5.249338e+01	-8.940277e+02
3.110000e-06	-7.597312e-06	-1.511812e-08	-5.290222e+01	-8.974538e+02
3.120000e-06	-7.653282e-06	-1.516891e-08	-5.329196e+01	-9.005908e+02
3.130000e-06	-7.706335e-06	-1.521389e-08	-5.366138e+01	-9.034794e+02
3.140000e-06	-7.756319e-06	-1.525768e-08	-5.400943e+01	-9.061717e+02
3.150000e-06	-7.803238e-06	-1.530254e-08	-5.433614e+01	-9.087140e+02
3.160000e-06	-7.847481e-06	-1.534606e-08	-5.464422e+01	-9.111319e+02
3.170000e-06	-7.889258e-06	-1.538414e-08	-5.493512e+01	-9.134231e+02
3.180000e-06	-7.928354e-06	-1.541913e-08	-5.520736e+01	-9.155608e+02
3.190000e-06	-7.964629e-06	-1.545212e-08	-5.545995e+01	-9.175069e+02
3.200000e-06	-7.998082e-06	-1.548101e-08	-5.569289e+01	-9.192285e+02
3.210000e-06	-8.028632e-06	-1.550403e-08	-5.590563e+01	-9.207124e+02
3.220000e-06	-8.056271e-06	-1.552306e-08	-5.609808e+01	-9.219715e+02
3.230000e-06	-8.081113e-06	-1.554368e-08	-5.627106e+01	-9.230405e+02
3.240000e-06	-8.103064e-06	-1.556417e-08	-5.642391e+01	-9.239636e+02
3.250000e-06	-8.122163e-06	-1.558039e-08	-5.655691e+01	-9.247779e+02
3.260000e-06	-8.138426e-06	-1.559264e-08	-5.667015e+01	-9.255010e+02
3.270000e-06	-8.151566e-06	-1.560309e-08	-5.676164e+01	-9.261259e+02
3.280000e-06	-8.161614e-06	-1.561157e-08	-5.683161e+01	-9.266261e+02
3.290000e-06	-8.168761e-06	-1.561819e-08	-5.688138e+01	-9.269692e+02
3.300000e-06	-8.173020e-06	-1.562236e-08	-5.691103e+01	-9.271318e+02
3.310000e-06	-8.174502e-06	-1.562375e-08	-5.692136e+01	-9.271110e+02
