# Temperatura_=_68.31
# Concentracion g/m^3_=_11780.0
# C_Vs_to_Am_M_A/Vsm_=_59384043850.047264
# pendiente_HvsI_1/m_=_3716.3
# ordenada_HvsI_A/m_=_1297.0
# frecuencia_Hz_=_301536.59254202177

Tiempo_(s)	Campo_(V.s)	Magnetizacion_(V.s)	Campo_(kA/m)	Magnetizacion_(A/m)
0.000000e+00	-8.087346e-06	-1.575579e-08	-5.691960e+01	-9.355115e+02
1.000000e-08	-8.083974e-06	-1.575324e-08	-5.689587e+01	-9.352205e+02
2.000000e-08	-8.078008e-06	-1.575096e-08	-5.685388e+01	-9.348269e+02
3.000000e-08	-8.069387e-06	-1.574356e-08	-5.679320e+01	-9.343642e+02
4.000000e-08	-8.057867e-06	-1.573267e-08	-5.671213e+01	-9.338450e+02
5.000000e-08	-8.043393e-06	-1.572095e-08	-5.661025e+01	-9.332550e+02
6.000000e-08	-8.026077e-06	-1.571559e-08	-5.648838e+01	-9.325569e+02
7.000000e-08	-8.006276e-06	-1.570262e-08	-5.634902e+01	-9.317025e+02
8.000000e-08	-7.983816e-06	-1.563509e-08	-5.619095e+01	-9.306508e+02
9.000000e-08	-7.958118e-06	-1.560423e-08	-5.601008e+01	-9.293827e+02
1.000000e-07	-7.929184e-06	-1.562700e-08	-5.580644e+01	-9.279090e+02
1.100000e-07	-7.897442e-06	-1.562110e-08	-5.558304e+01	-9.262683e+02
1.200000e-07	-7.863017e-06	-1.557827e-08	-5.534075e+01	-9.245142e+02
1.300000e-07	-7.826091e-06	-1.555198e-08	-5.508086e+01	-9.226983e+02
1.400000e-07	-7.787028e-06	-1.555368e-08	-5.480593e+01	-9.208527e+02
1.500000e-07	-7.745592e-06	-1.545782e-08	-5.451430e+01	-9.189798e+02
1.600000e-07	-7.701320e-06	-1.545398e-08	-5.420271e+01	-9.170520e+02
1.700000e-07	-7.654285e-06	-1.540791e-08	-5.387167e+01	-9.150211e+02
1.800000e-07	-7.604292e-06	-1.532736e-08	-5.351981e+01	-9.128345e+02
1.900000e-07	-7.551144e-06	-1.535535e-08	-5.314575e+01	-9.104522e+02
2.000000e-07	-7.495214e-06	-1.528944e-08	-5.275211e+01	-9.078589e+02
2.100000e-07	-7.436589e-06	-1.524907e-08	-5.233951e+01	-9.050670e+02
2.200000e-07	-7.375395e-06	-1.518477e-08	-5.190881e+01	-9.021102e+02
2.300000e-07	-7.311610e-06	-1.513674e-08	-5.145988e+01	-8.990303e+02
2.400000e-07	-7.244986e-06	-1.509739e-08	-5.099098e+01	-8.958611e+02
2.500000e-07	-7.175665e-06	-1.500244e-08	-5.050309e+01	-8.926167e+02
2.600000e-07	-7.103750e-06	-1.495987e-08	-4.999694e+01	-8.892870e+02
2.700000e-07	-7.029090e-06	-1.491600e-08	-4.947148e+01	-8.858420e+02
2.800000e-07	-6.951618e-06	-1.487161e-08	-4.892622e+01	-8.822435e+02
2.900000e-07	-6.871407e-06	-1.479196e-08	-4.836169e+01	-8.784598e+02
3.000000e-07	-6.788705e-06	-1.471331e-08	-4.777962e+01	-8.744766e+02
3.100000e-07	-6.703782e-06	-1.465940e-08	-4.718193e+01	-8.703033e+02
3.200000e-07	-6.616628e-06	-1.457288e-08	-4.656853e+01	-8.659684e+02
3.300000e-07	-6.527103e-06	-1.450237e-08	-4.593845e+01	-8.615098e+02
3.400000e-07	-6.435239e-06	-1.441752e-08	-4.529189e+01	-8.569603e+02
3.500000e-07	-6.341067e-06	-1.434365e-08	-4.462910e+01	-8.523356e+02
3.600000e-07	-6.244520e-06	-1.427466e-08	-4.394960e+01	-8.476282e+02
3.700000e-07	-6.145678e-06	-1.418925e-08	-4.325393e+01	-8.428098e+02
3.800000e-07	-6.044673e-06	-1.410058e-08	-4.254305e+01	-8.378404e+02
3.900000e-07	-5.941526e-06	-1.400818e-08	-4.181709e+01	-8.326828e+02
4.000000e-07	-5.836201e-06	-1.393339e-08	-4.107580e+01	-8.273148e+02
4.100000e-07	-5.728746e-06	-1.383600e-08	-4.031952e+01	-8.217366e+02
4.200000e-07	-5.619277e-06	-1.373644e-08	-3.954907e+01	-8.159696e+02
4.300000e-07	-5.507825e-06	-1.363637e-08	-3.876466e+01	-8.100482e+02
4.400000e-07	-5.394253e-06	-1.354070e-08	-3.796532e+01	-8.040054e+02
4.500000e-07	-5.278502e-06	-1.343852e-08	-3.715066e+01	-7.978609e+02
4.600000e-07	-5.160725e-06	-1.332706e-08	-3.632173e+01	-7.916123e+02
4.700000e-07	-5.041091e-06	-1.322047e-08	-3.547973e+01	-7.852358e+02
4.800000e-07	-4.919632e-06	-1.311220e-08	-3.462489e+01	-7.786947e+02
4.900000e-07	-4.796332e-06	-1.300408e-08	-3.375709e+01	-7.719523e+02
5.000000e-07	-4.671303e-06	-1.288066e-08	-3.287712e+01	-7.649859e+02
5.100000e-07	-4.544656e-06	-1.275633e-08	-3.198577e+01	-7.577951e+02
5.200000e-07	-4.416379e-06	-1.263424e-08	-3.108294e+01	-7.504012e+02
5.300000e-07	-4.286530e-06	-1.251177e-08	-3.016905e+01	-7.428393e+02
5.400000e-07	-4.155102e-06	-1.237926e-08	-2.924405e+01	-7.351433e+02
5.500000e-07	-4.022131e-06	-1.224416e-08	-2.830819e+01	-7.273314e+02
5.600000e-07	-3.887739e-06	-1.211356e-08	-2.736232e+01	-7.193966e+02
5.700000e-07	-3.751939e-06	-1.198021e-08	-2.640654e+01	-7.113059e+02
5.800000e-07	-3.614751e-06	-1.183954e-08	-2.544100e+01	-7.030098e+02
5.900000e-07	-3.476211e-06	-1.169132e-08	-2.446594e+01	-6.944573e+02
6.000000e-07	-3.336254e-06	-1.154509e-08	-2.348091e+01	-6.856128e+02
6.100000e-07	-3.194848e-06	-1.139366e-08	-2.248568e+01	-6.764675e+02
6.200000e-07	-3.052160e-06	-1.123412e-08	-2.148143e+01	-6.670411e+02
6.300000e-07	-2.908408e-06	-1.106899e-08	-2.046969e+01	-6.573739e+02
6.400000e-07	-2.763596e-06	-1.090419e-08	-1.945048e+01	-6.475101e+02
6.500000e-07	-2.617676e-06	-1.073939e-08	-1.842348e+01	-6.374803e+02
6.600000e-07	-2.470843e-06	-1.056824e-08	-1.739006e+01	-6.272881e+02
6.700000e-07	-2.323274e-06	-1.039185e-08	-1.635145e+01	-6.169065e+02
6.800000e-07	-2.174931e-06	-1.021265e-08	-1.530740e+01	-6.062850e+02
6.900000e-07	-2.025822e-06	-1.003190e-08	-1.425795e+01	-5.953654e+02
7.000000e-07	-1.876090e-06	-9.843476e-09	-1.320412e+01	-5.840999e+02
7.100000e-07	-1.725786e-06	-9.645431e-09	-1.214627e+01	-5.724650e+02
7.200000e-07	-1.574874e-06	-9.442081e-09	-1.108413e+01	-5.604666e+02
7.300000e-07	-1.423357e-06	-9.237317e-09	-1.001773e+01	-5.481326e+02
7.400000e-07	-1.271277e-06	-9.029222e-09	-8.947383e+00	-5.354982e+02
7.500000e-07	-1.118723e-06	-8.811114e-09	-7.873690e+00	-5.225864e+02
7.600000e-07	-9.657971e-07	-8.586399e-09	-6.797383e+00	-5.093934e+02
7.700000e-07	-8.125313e-07	-8.359430e-09	-5.718682e+00	-4.958821e+02
7.800000e-07	-6.589632e-07	-8.128732e-09	-4.637853e+00	-4.819861e+02
7.900000e-07	-5.051271e-07	-7.887335e-09	-3.555138e+00	-4.676236e+02
8.000000e-07	-3.511095e-07	-7.632941e-09	-2.471146e+00	-4.527135e+02
8.100000e-07	-1.969480e-07	-7.369567e-09	-1.386141e+00	-4.371898e+02
8.200000e-07	-4.268223e-08	-7.098600e-09	-3.004020e-01	-4.210080e+02
8.300000e-07	1.114743e-07	-6.818097e-09	7.845677e-01	-4.041423e+02
8.400000e-07	2.655114e-07	-6.521511e-09	1.868698e+00	-3.865760e+02
8.500000e-07	4.194843e-07	-6.212276e-09	2.952375e+00	-3.682889e+02
8.600000e-07	5.733144e-07	-5.892517e-09	4.035047e+00	-3.492489e+02
8.700000e-07	7.269703e-07	-5.557970e-09	5.116494e+00	-3.294089e+02
8.800000e-07	8.803813e-07	-5.205388e-09	6.196217e+00	-3.087120e+02
8.900000e-07	1.033455e-06	-4.838503e-09	7.273566e+00	-2.870997e+02
9.000000e-07	1.186146e-06	-4.461822e-09	8.348222e+00	-2.645185e+02
9.100000e-07	1.338383e-06	-4.070311e-09	9.419680e+00	-2.409210e+02
9.200000e-07	1.490070e-06	-3.655756e-09	1.048727e+01	-2.162577e+02
9.300000e-07	1.641166e-06	-3.217278e-09	1.155070e+01	-1.904629e+02
9.400000e-07	1.791652e-06	-2.759606e-09	1.260984e+01	-1.634408e+02
9.500000e-07	1.941566e-06	-2.279789e-09	1.366495e+01	-1.350579e+02
9.600000e-07	2.090856e-06	-1.773330e-09	1.471567e+01	-1.051511e+02
9.700000e-07	2.239447e-06	-1.237006e-09	1.576146e+01	-7.355154e+01
9.800000e-07	2.387321e-06	-6.724146e-10	1.680222e+01	-4.012221e+01
9.900000e-07	2.534345e-06	-7.947152e-11	1.783699e+01	-4.801141e+00
1.000000e-06	2.680387e-06	5.471185e-10	1.886485e+01	3.236206e+01
1.010000e-06	2.825437e-06	1.205948e-09	1.988572e+01	7.118624e+01
1.020000e-06	2.969461e-06	1.888531e-09	2.089938e+01	1.113620e+02
1.030000e-06	3.112378e-06	2.582353e-09	2.190525e+01	1.524780e+02
1.040000e-06	3.254203e-06	3.283532e-09	2.290343e+01	1.940642e+02
1.050000e-06	3.394840e-06	3.987244e-09	2.389324e+01	2.356399e+02
1.060000e-06	3.534125e-06	4.681777e-09	2.487355e+01	2.767572e+02
1.070000e-06	3.671951e-06	5.357762e-09	2.584358e+01	3.170287e+02
1.080000e-06	3.808301e-06	6.012692e-09	2.680323e+01	3.561383e+02
1.090000e-06	3.943263e-06	6.648342e-09	2.775310e+01	3.938373e+02
1.100000e-06	4.076857e-06	7.259011e-09	2.869335e+01	4.299316e+02
1.110000e-06	4.209122e-06	7.837066e-09	2.962425e+01	4.642710e+02
1.120000e-06	4.339972e-06	8.382274e-09	3.054518e+01	4.967431e+02
1.130000e-06	4.469156e-06	8.897775e-09	3.145439e+01	5.272763e+02
1.140000e-06	4.596667e-06	9.381193e-09	3.235183e+01	5.558473e+02
1.150000e-06	4.722649e-06	9.828621e-09	3.323851e+01	5.824879e+02
1.160000e-06	4.847039e-06	1.024049e-08	3.411398e+01	6.072836e+02
1.170000e-06	4.969656e-06	1.062465e-08	3.497697e+01	6.303630e+02
1.180000e-06	5.090422e-06	1.098617e-08	3.582693e+01	6.518764e+02
1.190000e-06	5.209362e-06	1.132449e-08	3.666404e+01	6.719708e+02
1.200000e-06	5.326383e-06	1.163909e-08	3.748765e+01	6.907681e+02
1.210000e-06	5.441285e-06	1.193382e-08	3.829634e+01	7.083537e+02
1.220000e-06	5.554036e-06	1.221190e-08	3.908990e+01	7.247787e+02
1.230000e-06	5.664831e-06	1.246962e-08	3.986968e+01	7.400749e+02
1.240000e-06	5.773808e-06	1.270681e-08	4.063668e+01	7.542755e+02
1.250000e-06	5.880707e-06	1.292608e-08	4.138904e+01	7.674339e+02
1.260000e-06	5.985355e-06	1.313165e-08	4.212556e+01	7.796328e+02
1.270000e-06	6.087882e-06	1.332247e-08	4.284716e+01	7.909800e+02
1.280000e-06	6.188290e-06	1.349777e-08	4.355384e+01	8.015924e+02
1.290000e-06	6.286367e-06	1.366310e-08	4.424412e+01	8.115746e+02
1.300000e-06	6.382100e-06	1.382226e-08	4.491790e+01	8.209995e+02
1.310000e-06	6.475617e-06	1.397419e-08	4.557608e+01	8.298998e+02
1.320000e-06	6.566856e-06	1.411381e-08	4.621823e+01	8.382726e+02
1.330000e-06	6.655754e-06	1.424326e-08	4.684391e+01	8.460966e+02
1.340000e-06	6.742300e-06	1.436423e-08	4.745302e+01	8.533546e+02
1.350000e-06	6.826596e-06	1.447515e-08	4.804631e+01	8.600535e+02
1.360000e-06	6.908545e-06	1.457476e-08	4.862307e+01	8.662340e+02
1.370000e-06	6.987944e-06	1.466692e-08	4.918189e+01	8.719673e+02
1.380000e-06	7.064769e-06	1.475780e-08	4.972260e+01	8.773387e+02
1.390000e-06	7.138894e-06	1.484750e-08	5.024430e+01	8.824263e+02
1.400000e-06	7.210374e-06	1.493266e-08	5.074738e+01	8.872816e+02
1.410000e-06	7.279374e-06	1.501136e-08	5.123301e+01	8.919195e+02
1.420000e-06	7.345725e-06	1.508591e-08	5.170000e+01	8.963218e+02
1.430000e-06	7.409407e-06	1.515537e-08	5.214819e+01	9.004521e+02
1.440000e-06	7.470575e-06	1.521736e-08	5.257870e+01	9.042763e+02
1.450000e-06	7.529144e-06	1.527237e-08	5.299092e+01	9.077808e+02
1.460000e-06	7.585036e-06	1.532462e-08	5.338429e+01	9.109819e+02
1.470000e-06	7.638115e-06	1.537730e-08	5.375786e+01	9.139229e+02
1.480000e-06	7.688047e-06	1.542792e-08	5.410929e+01	9.166600e+02
1.490000e-06	7.734910e-06	1.547261e-08	5.443912e+01	9.192438e+02
1.500000e-06	7.779038e-06	1.551322e-08	5.474970e+01	9.217022e+02
1.510000e-06	7.820383e-06	1.555324e-08	5.504069e+01	9.240330e+02
1.520000e-06	7.858960e-06	1.559040e-08	5.531220e+01	9.262068e+02
1.530000e-06	7.894903e-06	1.562199e-08	5.556517e+01	9.281816e+02
1.540000e-06	7.928041e-06	1.564957e-08	5.579839e+01	9.299203e+02
1.550000e-06	7.958381e-06	1.567531e-08	5.601193e+01	9.314067e+02
1.560000e-06	7.986001e-06	1.569860e-08	5.620632e+01	9.326534e+02
1.570000e-06	8.010757e-06	1.571792e-08	5.638056e+01	9.336974e+02
1.580000e-06	8.032661e-06	1.573207e-08	5.653472e+01	9.345881e+02
1.590000e-06	8.051829e-06	1.574449e-08	5.666963e+01	9.353692e+02
1.600000e-06	8.068162e-06	1.575663e-08	5.678458e+01	9.360653e+02
1.610000e-06	8.081472e-06	1.576527e-08	5.687826e+01	9.366742e+02
1.620000e-06	8.091655e-06	1.577058e-08	5.694992e+01	9.371717e+02
1.630000e-06	8.098805e-06	1.577498e-08	5.700025e+01	9.375233e+02
1.640000e-06	8.103145e-06	1.577929e-08	5.703079e+01	9.377003e+02
1.650000e-06	8.104666e-06	1.577895e-08	5.704150e+01	9.376932e+02
1.660000e-06	8.103425e-06	1.577990e-08	5.703276e+01	9.375164e+02
1.670000e-06	8.099562e-06	1.577463e-08	5.700558e+01	9.372037e+02
1.680000e-06	8.093024e-06	1.576621e-08	5.695956e+01	9.367954e+02
1.690000e-06	8.083836e-06	1.575784e-08	5.689490e+01	9.363220e+02
1.700000e-06	8.071892e-06	1.574470e-08	5.681083e+01	9.357915e+02
1.710000e-06	8.057100e-06	1.572510e-08	5.670673e+01	9.351851e+02
1.720000e-06	8.039769e-06	1.569752e-08	5.658475e+01	9.344622e+02
1.730000e-06	8.020086e-06	1.573648e-08	5.644622e+01	9.335748e+02
1.740000e-06	7.997556e-06	1.575256e-08	5.628765e+01	9.324846e+02
1.750000e-06	7.971492e-06	1.569505e-08	5.610420e+01	9.311777e+02
1.760000e-06	7.941797e-06	1.565040e-08	5.589521e+01	9.296704e+02
1.770000e-06	7.909054e-06	1.562892e-08	5.566476e+01	9.280049e+02
1.780000e-06	7.873836e-06	1.556067e-08	5.541689e+01	9.262360e+02
1.790000e-06	7.836252e-06	1.553525e-08	5.515237e+01	9.244128e+02
1.800000e-06	7.796522e-06	1.556987e-08	5.487275e+01	9.225626e+02
1.810000e-06	7.754518e-06	1.544869e-08	5.457712e+01	9.206824e+02
1.820000e-06	7.709927e-06	1.547236e-08	5.426328e+01	9.187397e+02
1.830000e-06	7.662660e-06	1.545419e-08	5.393061e+01	9.166843e+02
1.840000e-06	7.612326e-06	1.538160e-08	5.357636e+01	9.144647e+02
1.850000e-06	7.558939e-06	1.539425e-08	5.320062e+01	9.120446e+02
1.860000e-06	7.502725e-06	1.527146e-08	5.280498e+01	9.094138e+02
1.870000e-06	7.443792e-06	1.528758e-08	5.239020e+01	9.065891e+02
1.880000e-06	7.382313e-06	1.521159e-08	5.195750e+01	9.036069e+02
1.890000e-06	7.318067e-06	1.514667e-08	5.150533e+01	9.005087e+02
1.900000e-06	7.251072e-06	1.513777e-08	5.103381e+01	8.973253e+02
1.910000e-06	7.181350e-06	1.503882e-08	5.054310e+01	8.940667e+02
1.920000e-06	7.108858e-06	1.503061e-08	5.003290e+01	8.907186e+02
1.930000e-06	7.033680e-06	1.493634e-08	4.950379e+01	8.872486e+02
1.940000e-06	6.955704e-06	1.488987e-08	4.895498e+01	8.836186e+02
1.950000e-06	6.875134e-06	1.481592e-08	4.838793e+01	8.797992e+02
1.960000e-06	6.792167e-06	1.473632e-08	4.780400e+01	8.757804e+02
1.970000e-06	6.706796e-06	1.470277e-08	4.720314e+01	8.715753e+02
1.980000e-06	6.618948e-06	1.458941e-08	4.658486e+01	8.672151e+02
1.990000e-06	6.528738e-06	1.454093e-08	4.594995e+01	8.627378e+02
2.000000e-06	6.436320e-06	1.444655e-08	4.529950e+01	8.581740e+02
2.010000e-06	6.341593e-06	1.438266e-08	4.463281e+01	8.535353e+02
2.020000e-06	6.244589e-06	1.429528e-08	4.395008e+01	8.488104e+02
2.030000e-06	6.145363e-06	1.421221e-08	4.325172e+01	8.439676e+02
2.040000e-06	6.043984e-06	1.414294e-08	4.253820e+01	8.389667e+02
2.050000e-06	5.940398e-06	1.404353e-08	4.180915e+01	8.337721e+02
2.060000e-06	5.834641e-06	1.396032e-08	4.106482e+01	8.283655e+02
2.070000e-06	5.726868e-06	1.384326e-08	4.030631e+01	8.227511e+02
2.080000e-06	5.617064e-06	1.375632e-08	3.953349e+01	8.169535e+02
2.090000e-06	5.505170e-06	1.364923e-08	3.874597e+01	8.110078e+02
2.100000e-06	5.391169e-06	1.355781e-08	3.794362e+01	8.049456e+02
2.110000e-06	5.275096e-06	1.345032e-08	3.712669e+01	7.987829e+02
2.120000e-06	5.156949e-06	1.334955e-08	3.629515e+01	7.925134e+02
2.130000e-06	5.036862e-06	1.324122e-08	3.544997e+01	7.861100e+02
2.140000e-06	4.914929e-06	1.312659e-08	3.459179e+01	7.795349e+02
2.150000e-06	4.791232e-06	1.300975e-08	3.372120e+01	7.727533e+02
2.160000e-06	4.665817e-06	1.288533e-08	3.283851e+01	7.657458e+02
2.170000e-06	4.538686e-06	1.277000e-08	3.194375e+01	7.585162e+02
2.180000e-06	4.409967e-06	1.264498e-08	3.103782e+01	7.510892e+02
2.190000e-06	4.279713e-06	1.252612e-08	3.012107e+01	7.435007e+02
2.200000e-06	4.147920e-06	1.239073e-08	2.919350e+01	7.357829e+02
2.210000e-06	4.014676e-06	1.226286e-08	2.825572e+01	7.279500e+02
2.220000e-06	3.879973e-06	1.212241e-08	2.730766e+01	7.199900e+02
2.230000e-06	3.743745e-06	1.198243e-08	2.634888e+01	7.118662e+02
2.240000e-06	3.606144e-06	1.183577e-08	2.538043e+01	7.035274e+02
2.250000e-06	3.467288e-06	1.169320e-08	2.440314e+01	6.949243e+02
2.260000e-06	3.327163e-06	1.154971e-08	2.341693e+01	6.860255e+02
2.270000e-06	3.185766e-06	1.139745e-08	2.242176e+01	6.768273e+02
2.280000e-06	3.043139e-06	1.123973e-08	2.141794e+01	6.673543e+02
2.290000e-06	2.899293e-06	1.107290e-08	2.040553e+01	6.576485e+02
2.300000e-06	2.754355e-06	1.090498e-08	1.938544e+01	6.477530e+02
2.310000e-06	2.608577e-06	1.072921e-08	1.835944e+01	6.376945e+02
2.320000e-06	2.461992e-06	1.055560e-08	1.732776e+01	6.274710e+02
2.330000e-06	2.314503e-06	1.038056e-08	1.628972e+01	6.170503e+02
2.340000e-06	2.166145e-06	1.020761e-08	1.524556e+01	6.063794e+02
2.350000e-06	2.017011e-06	1.002605e-08	1.419594e+01	5.954005e+02
2.360000e-06	1.867192e-06	9.833662e-09	1.314150e+01	5.840695e+02
2.370000e-06	1.716792e-06	9.632808e-09	1.208296e+01	5.723681e+02
2.380000e-06	1.565785e-06	9.427165e-09	1.102016e+01	5.603069e+02
2.390000e-06	1.414133e-06	9.214294e-09	9.952815e+00	5.479164e+02
2.400000e-06	1.261845e-06	8.997596e-09	8.880998e+00	5.352309e+02
2.410000e-06	1.109040e-06	8.779776e-09	7.805540e+00	5.222697e+02
2.420000e-06	9.558273e-07	8.561870e-09	6.727214e+00	5.090232e+02
2.430000e-06	8.023094e-07	8.339339e-09	5.646739e+00	4.954483e+02
2.440000e-06	6.486099e-07	8.104579e-09	4.564986e+00	4.814749e+02
2.450000e-06	4.947516e-07	7.858528e-09	3.482115e+00	4.670199e+02
2.460000e-06	3.407458e-07	7.600274e-09	2.398205e+00	4.520041e+02
2.470000e-06	1.866190e-07	7.332721e-09	1.313444e+00	4.363651e+02
2.480000e-06	3.242671e-08	7.054933e-09	2.282227e-01	4.200622e+02
2.490000e-06	-1.217935e-07	6.770512e-09	-8.571953e-01	4.030722e+02
2.500000e-06	-2.759010e-07	6.477618e-09	-1.941820e+00	3.853785e+02
2.510000e-06	-4.298319e-07	6.174278e-09	-3.025202e+00	3.669594e+02
2.520000e-06	-5.836733e-07	5.854063e-09	-4.107955e+00	3.477799e+02
2.530000e-06	-7.373766e-07	5.514773e-09	-5.189735e+00	3.277909e+02
2.540000e-06	-8.908509e-07	5.159036e-09	-6.269903e+00	3.069344e+02
2.550000e-06	-1.043962e-06	4.787286e-09	-7.347515e+00	2.851523e+02
2.560000e-06	-1.196604e-06	4.401998e-09	-8.421829e+00	2.623927e+02
2.570000e-06	-1.348773e-06	4.003476e-09	-9.492808e+00	2.386083e+02
2.580000e-06	-1.500448e-06	3.591439e-09	-1.056031e+01	2.137481e+02
2.590000e-06	-1.651574e-06	3.160078e-09	-1.162395e+01	1.877419e+02
2.600000e-06	-1.802074e-06	2.703665e-09	-1.268319e+01	1.604872e+02
2.610000e-06	-1.951888e-06	2.219205e-09	-1.373759e+01	1.318443e+02
2.620000e-06	-2.100968e-06	1.707291e-09	-1.478683e+01	1.016469e+02
2.630000e-06	-2.249264e-06	1.169285e-09	-1.583056e+01	6.972860e+01
2.640000e-06	-2.396725e-06	6.032504e-10	-1.686840e+01	3.596281e+01
2.650000e-06	-2.543366e-06	8.433700e-12	-1.790048e+01	3.051081e-01
2.660000e-06	-2.689242e-06	-6.146361e-10	-1.892717e+01	-3.717225e+01
2.670000e-06	-2.834230e-06	-1.265278e-09	-1.994761e+01	-7.626427e+01
2.680000e-06	-2.978149e-06	-1.939744e-09	-2.096053e+01	-1.166408e+02
2.690000e-06	-3.120886e-06	-2.634231e-09	-2.196512e+01	-1.578766e+02
2.700000e-06	-3.262293e-06	-3.337900e-09	-2.296037e+01	-1.994961e+02
2.710000e-06	-3.402402e-06	-4.039370e-09	-2.394647e+01	-2.410217e+02
2.720000e-06	-3.541299e-06	-4.728363e-09	-2.492404e+01	-2.820147e+02
2.730000e-06	-3.678920e-06	-5.399333e-09	-2.589263e+01	-3.221003e+02
2.740000e-06	-3.815225e-06	-6.051329e-09	-2.685196e+01	-3.609749e+02
2.750000e-06	-3.950158e-06	-6.679553e-09	-2.780163e+01	-3.984006e+02
2.760000e-06	-4.083605e-06	-7.281035e-09	-2.874084e+01	-4.341918e+02
2.770000e-06	-4.215579e-06	-7.854621e-09	-2.966970e+01	-4.682053e+02
2.780000e-06	-4.346118e-06	-8.398459e-09	-3.058844e+01	-5.003355e+02
2.790000e-06	-4.475143e-06	-8.909772e-09	-3.149653e+01	-5.305189e+02
2.800000e-06	-4.602607e-06	-9.386906e-09	-3.239364e+01	-5.587416e+02
2.810000e-06	-4.728398e-06	-9.830048e-09	-3.327897e+01	-5.850454e+02
2.820000e-06	-4.852446e-06	-1.024196e-08	-3.415203e+01	-6.095247e+02
2.830000e-06	-4.974856e-06	-1.062506e-08	-3.501356e+01	-6.323136e+02
2.840000e-06	-5.095569e-06	-1.098341e-08	-3.586315e+01	-6.535637e+02
2.850000e-06	-5.214280e-06	-1.132023e-08	-3.669865e+01	-6.734189e+02
2.860000e-06	-5.330819e-06	-1.163715e-08	-3.751887e+01	-6.919951e+02
2.870000e-06	-5.445232e-06	-1.193341e-08	-3.832412e+01	-7.093708e+02
2.880000e-06	-5.557428e-06	-1.220714e-08	-3.911377e+01	-7.255925e+02
2.890000e-06	-5.667496e-06	-1.245985e-08	-3.988844e+01	-7.406907e+02
2.900000e-06	-5.775665e-06	-1.269477e-08	-4.064974e+01	-7.547009e+02
2.910000e-06	-5.881916e-06	-1.291313e-08	-4.139755e+01	-7.676814e+02
2.920000e-06	-5.986094e-06	-1.311632e-08	-4.213077e+01	-7.797202e+02
2.930000e-06	-6.088014e-06	-1.330706e-08	-4.284809e+01	-7.909280e+02
2.940000e-06	-6.187730e-06	-1.348778e-08	-4.354990e+01	-8.014214e+02
2.950000e-06	-6.285342e-06	-1.365708e-08	-4.423691e+01	-8.113002e+02
2.960000e-06	-6.380782e-06	-1.381417e-08	-4.490862e+01	-8.206306e+02
2.970000e-06	-6.473909e-06	-1.396161e-08	-4.556406e+01	-8.294381e+02
2.980000e-06	-6.564729e-06	-1.410155e-08	-4.620326e+01	-8.377150e+02
2.990000e-06	-6.653298e-06	-1.423419e-08	-4.682661e+01	-8.454391e+02
3.000000e-06	-6.739475e-06	-1.435830e-08	-4.743314e+01	-8.525963e+02
3.010000e-06	-6.823259e-06	-1.447322e-08	-4.802282e+01	-8.591990e+02
3.020000e-06	-6.904725e-06	-1.457739e-08	-4.859619e+01	-8.652942e+02
3.030000e-06	-6.983680e-06	-1.467203e-08	-4.915188e+01	-8.709569e+02
3.040000e-06	-7.059888e-06	-1.475915e-08	-4.968824e+01	-8.762728e+02
3.050000e-06	-7.133459e-06	-1.484257e-08	-5.020604e+01	-8.813166e+02
3.060000e-06	-7.204496e-06	-1.492268e-08	-5.070601e+01	-8.861334e+02
3.070000e-06	-7.272894e-06	-1.499962e-08	-5.118740e+01	-8.907317e+02
3.080000e-06	-7.338745e-06	-1.507452e-08	-5.165086e+01	-8.950887e+02
3.090000e-06	-7.402061e-06	-1.514662e-08	-5.209649e+01	-8.991669e+02
3.100000e-06	-7.462701e-06	-1.521375e-08	-5.252328e+01	-9.029346e+02
3.110000e-06	-7.520664e-06	-1.527125e-08	-5.293123e+01	-9.063832e+02
3.120000e-06	-7.575836e-06	-1.532022e-08	-5.331954e+01	-9.095345e+02
3.130000e-06	-7.628038e-06	-1.536488e-08	-5.368694e+01	-9.124352e+02
3.140000e-06	-7.677147e-06	-1.540854e-08	-5.403258e+01	-9.151421e+02
3.150000e-06	-7.723335e-06	-1.545230e-08	-5.435765e+01	-9.177027e+02
3.160000e-06	-7.767040e-06	-1.549509e-08	-5.466525e+01	-9.201398e+02
3.170000e-06	-7.808235e-06	-1.553403e-08	-5.495518e+01	-9.224456e+02
3.180000e-06	-7.846661e-06	-1.556981e-08	-5.522563e+01	-9.245875e+02
3.190000e-06	-7.882344e-06	-1.560145e-08	-5.547677e+01	-9.265228e+02
3.200000e-06	-7.915272e-06	-1.562861e-08	-5.570852e+01	-9.282172e+02
3.210000e-06	-7.945325e-06	-1.565168e-08	-5.592004e+01	-9.296595e+02
3.220000e-06	-7.972520e-06	-1.567090e-08	-5.611144e+01	-9.308671e+02
3.230000e-06	-7.996926e-06	-1.568834e-08	-5.628321e+01	-9.318805e+02
3.240000e-06	-8.018520e-06	-1.570601e-08	-5.643520e+01	-9.327491e+02
3.250000e-06	-8.037344e-06	-1.572236e-08	-5.656768e+01	-9.335144e+02
3.260000e-06	-8.053330e-06	-1.573470e-08	-5.668019e+01	-9.341962e+02
3.270000e-06	-8.066209e-06	-1.574302e-08	-5.677084e+01	-9.347879e+02
3.280000e-06	-8.076036e-06	-1.575025e-08	-5.684000e+01	-9.352623e+02
3.290000e-06	-8.082970e-06	-1.575795e-08	-5.688880e+01	-9.355848e+02
3.300000e-06	-8.087045e-06	-1.576508e-08	-5.691748e+01	-9.357294e+02
3.310000e-06	-8.088358e-06	-1.576582e-08	-5.692672e+01	-9.356906e+02
