# Temperatura_=_28.55
# Concentracion g/m^3_=_11780.0
# C_Vs_to_Am_M_A/Vsm_=_59384043850.047264
# pendiente_HvsI_1/m_=_3716.3
# ordenada_HvsI_A/m_=_1297.0
# frecuencia_Hz_=_301533.95385106344

Tiempo_(s)	Campo_(V.s)	Magnetizacion_(V.s)	Campo_(kA/m)	Magnetizacion_(A/m)
0.000000e+00	-8.098962e-06	-1.487163e-08	-5.691989e+01	-8.842146e+02
1.000000e-08	-8.095726e-06	-1.487098e-08	-5.689715e+01	-8.839062e+02
2.000000e-08	-8.089861e-06	-1.486883e-08	-5.685593e+01	-8.834781e+02
3.000000e-08	-8.081319e-06	-1.486120e-08	-5.679590e+01	-8.829965e+02
4.000000e-08	-8.069924e-06	-1.485465e-08	-5.671582e+01	-8.824986e+02
5.000000e-08	-8.055570e-06	-1.484805e-08	-5.661493e+01	-8.819764e+02
6.000000e-08	-8.038303e-06	-1.484758e-08	-5.649358e+01	-8.813786e+02
7.000000e-08	-8.018539e-06	-1.485165e-08	-5.635468e+01	-8.806295e+02
8.000000e-08	-7.996229e-06	-1.480290e-08	-5.619788e+01	-8.796593e+02
9.000000e-08	-7.970689e-06	-1.477132e-08	-5.601838e+01	-8.784330e+02
1.000000e-07	-7.941879e-06	-1.477670e-08	-5.581591e+01	-8.769686e+02
1.100000e-07	-7.910247e-06	-1.476202e-08	-5.559360e+01	-8.753355e+02
1.200000e-07	-7.875857e-06	-1.472070e-08	-5.535190e+01	-8.736336e+02
1.300000e-07	-7.838951e-06	-1.467970e-08	-5.509253e+01	-8.719601e+02
1.400000e-07	-7.799917e-06	-1.468725e-08	-5.481819e+01	-8.703755e+02
1.500000e-07	-7.758519e-06	-1.461669e-08	-5.452724e+01	-8.688813e+02
1.600000e-07	-7.714297e-06	-1.462521e-08	-5.421645e+01	-8.674167e+02
1.700000e-07	-7.667267e-06	-1.458005e-08	-5.388592e+01	-8.658772e+02
1.800000e-07	-7.617336e-06	-1.448244e-08	-5.353500e+01	-8.641476e+02
1.900000e-07	-7.564307e-06	-1.452303e-08	-5.316232e+01	-8.621373e+02
2.000000e-07	-7.508498e-06	-1.446278e-08	-5.277008e+01	-8.598073e+02
2.100000e-07	-7.449983e-06	-1.442112e-08	-5.235884e+01	-8.571782e+02
2.200000e-07	-7.388812e-06	-1.436943e-08	-5.192892e+01	-8.543184e+02
2.300000e-07	-7.325022e-06	-1.431982e-08	-5.148061e+01	-8.513161e+02
2.400000e-07	-7.258423e-06	-1.430034e-08	-5.101254e+01	-8.482476e+02
2.500000e-07	-7.189128e-06	-1.420535e-08	-5.052554e+01	-8.451519e+02
2.600000e-07	-7.117253e-06	-1.415136e-08	-5.002040e+01	-8.420206e+02
2.700000e-07	-7.042617e-06	-1.411349e-08	-4.949585e+01	-8.388066e+02
2.800000e-07	-6.965205e-06	-1.408244e-08	-4.895180e+01	-8.354462e+02
2.900000e-07	-6.885127e-06	-1.400602e-08	-4.838900e+01	-8.318865e+02
3.000000e-07	-6.802458e-06	-1.391392e-08	-4.780800e+01	-8.281060e+02
3.100000e-07	-6.717484e-06	-1.387567e-08	-4.721080e+01	-8.241226e+02
3.200000e-07	-6.630287e-06	-1.380501e-08	-4.659798e+01	-8.199848e+02
3.300000e-07	-6.540708e-06	-1.374099e-08	-4.596841e+01	-8.157519e+02
3.400000e-07	-6.448776e-06	-1.365958e-08	-4.532231e+01	-8.114693e+02
3.500000e-07	-6.354599e-06	-1.359080e-08	-4.466043e+01	-8.071511e+02
3.600000e-07	-6.258111e-06	-1.353335e-08	-4.398231e+01	-8.027744e+02
3.700000e-07	-6.159278e-06	-1.344577e-08	-4.328770e+01	-7.982886e+02
3.800000e-07	-6.058246e-06	-1.335465e-08	-4.257765e+01	-7.936349e+02
3.900000e-07	-5.955063e-06	-1.326345e-08	-4.185247e+01	-7.887686e+02
4.000000e-07	-5.849706e-06	-1.320250e-08	-4.111202e+01	-7.836752e+02
4.100000e-07	-5.742215e-06	-1.311687e-08	-4.035656e+01	-7.783748e+02
4.200000e-07	-5.632689e-06	-1.302333e-08	-3.958681e+01	-7.729122e+02
4.300000e-07	-5.521207e-06	-1.292847e-08	-3.880330e+01	-7.673385e+02
4.400000e-07	-5.407614e-06	-1.284037e-08	-3.800497e+01	-7.616903e+02
4.500000e-07	-5.291727e-06	-1.274574e-08	-3.719051e+01	-7.559755e+02
4.600000e-07	-5.173751e-06	-1.263278e-08	-3.636137e+01	-7.501700e+02
4.700000e-07	-5.053939e-06	-1.252768e-08	-3.551933e+01	-7.442279e+02
4.800000e-07	-4.932364e-06	-1.243021e-08	-3.466489e+01	-7.380988e+02
4.900000e-07	-4.809028e-06	-1.233758e-08	-3.379808e+01	-7.317482e+02
5.000000e-07	-4.683860e-06	-1.222087e-08	-3.291839e+01	-7.251694e+02
5.100000e-07	-4.557074e-06	-1.210329e-08	-3.202733e+01	-7.183862e+02
5.200000e-07	-4.428715e-06	-1.198974e-08	-3.112522e+01	-7.114420e+02
5.300000e-07	-4.298691e-06	-1.187636e-08	-3.021140e+01	-7.043826e+02
5.400000e-07	-4.167065e-06	-1.174891e-08	-2.928633e+01	-6.972366e+02
5.500000e-07	-4.033941e-06	-1.161745e-08	-2.835073e+01	-6.900033e+02
5.600000e-07	-3.899451e-06	-1.149811e-08	-2.740553e+01	-6.826509e+02
5.700000e-07	-3.763515e-06	-1.137993e-08	-2.645016e+01	-6.751263e+02
5.800000e-07	-3.626172e-06	-1.125156e-08	-2.548491e+01	-6.673725e+02
5.900000e-07	-3.487491e-06	-1.111014e-08	-2.451025e+01	-6.593476e+02
6.000000e-07	-3.347412e-06	-1.097379e-08	-2.352577e+01	-6.510371e+02
6.100000e-07	-3.205928e-06	-1.083479e-08	-2.253141e+01	-6.424567e+02
6.200000e-07	-3.063143e-06	-1.068567e-08	-2.152792e+01	-6.336436e+02
6.300000e-07	-2.919265e-06	-1.052826e-08	-2.051674e+01	-6.246407e+02
6.400000e-07	-2.774284e-06	-1.037410e-08	-1.949780e+01	-6.154790e+02
6.500000e-07	-2.628265e-06	-1.022440e-08	-1.847157e+01	-6.061649e+02
6.600000e-07	-2.481359e-06	-1.006749e-08	-1.743911e+01	-5.966765e+02
6.700000e-07	-2.333604e-06	-9.901510e-09	-1.640068e+01	-5.869712e+02
6.800000e-07	-2.185046e-06	-9.731220e-09	-1.535661e+01	-5.769989e+02
6.900000e-07	-2.035747e-06	-9.563071e-09	-1.430733e+01	-5.667183e+02
7.000000e-07	-1.885843e-06	-9.387670e-09	-1.325379e+01	-5.561088e+02
7.100000e-07	-1.735339e-06	-9.200385e-09	-1.219605e+01	-5.451741e+02
7.200000e-07	-1.584235e-06	-9.006791e-09	-1.113408e+01	-5.339367e+02
7.300000e-07	-1.432515e-06	-8.816949e-09	-1.006779e+01	-5.224254e+02
7.400000e-07	-1.280123e-06	-8.626332e-09	-8.996764e+00	-5.106610e+02
7.500000e-07	-1.127175e-06	-8.422161e-09	-7.921843e+00	-4.986447e+02
7.600000e-07	-9.738670e-07	-8.210808e-09	-6.844384e+00	-4.863531e+02
7.700000e-07	-8.203025e-07	-8.000096e-09	-5.765125e+00	-4.737419e+02
7.800000e-07	-6.665192e-07	-7.787519e-09	-4.684329e+00	-4.607548e+02
7.900000e-07	-5.125649e-07	-7.561189e-09	-3.602330e+00	-4.473350e+02
8.000000e-07	-3.584644e-07	-7.322376e-09	-2.519305e+00	-4.334345e+02
8.100000e-07	-2.042249e-07	-7.078040e-09	-1.435302e+00	-4.190181e+02
8.200000e-07	-4.991984e-08	-6.830033e-09	-3.508391e-01	-4.040607e+02
8.300000e-07	1.043884e-07	-6.570076e-09	7.336466e-01	-3.885408e+02
8.400000e-07	2.586763e-07	-6.294997e-09	1.817990e+00	-3.724330e+02
8.500000e-07	4.128632e-07	-6.012952e-09	2.901623e+00	-3.557031e+02
8.600000e-07	5.669097e-07	-5.722269e-09	3.984269e+00	-3.383090e+02
8.700000e-07	7.207990e-07	-5.415375e-09	5.065810e+00	-3.202056e+02
8.800000e-07	8.744721e-07	-5.090728e-09	6.145832e+00	-3.013542e+02
8.900000e-07	1.027883e-06	-4.758219e-09	7.224009e+00	-2.817292e+02
9.000000e-07	1.180945e-06	-4.420486e-09	8.299741e+00	-2.613199e+02
9.100000e-07	1.333527e-06	-4.070491e-09	9.372089e+00	-2.401250e+02
9.200000e-07	1.485573e-06	-3.700340e-09	1.044067e+01	-2.181401e+02
9.300000e-07	1.637034e-06	-3.311773e-09	1.150515e+01	-1.953415e+02
9.400000e-07	1.787878e-06	-2.909890e-09	1.256529e+01	-1.716726e+02
9.500000e-07	1.938126e-06	-2.492271e-09	1.362124e+01	-1.470378e+02
9.600000e-07	2.087727e-06	-2.053353e-09	1.467264e+01	-1.213087e+02
9.700000e-07	2.236612e-06	-1.593781e-09	1.571902e+01	-9.434223e+01
9.800000e-07	2.384644e-06	-1.118544e-09	1.675939e+01	-6.600853e+01
9.900000e-07	2.531802e-06	-6.217235e-10	1.779362e+01	-3.622126e+01
1.000000e-06	2.678118e-06	-9.414294e-11	1.882194e+01	-4.963824e+00
1.010000e-06	2.823454e-06	4.622382e-10	1.984337e+01	2.769563e+01
1.020000e-06	2.967722e-06	1.037175e-09	2.085729e+01	6.160348e+01
1.030000e-06	3.110942e-06	1.625535e-09	2.186385e+01	9.653384e+01
1.040000e-06	3.253094e-06	2.228849e-09	2.286290e+01	1.322114e+02
1.050000e-06	3.393968e-06	2.842626e-09	2.385297e+01	1.683373e+02
1.060000e-06	3.533415e-06	3.457303e-09	2.483301e+01	2.046123e+02
1.070000e-06	3.671558e-06	4.064893e-09	2.580388e+01	2.407510e+02
1.080000e-06	3.808363e-06	4.665918e-09	2.676536e+01	2.764885e+02
1.090000e-06	3.943684e-06	5.261111e-09	2.771640e+01	3.115799e+02
1.100000e-06	4.077563e-06	5.840892e-09	2.865731e+01	3.457972e+02
1.110000e-06	4.210022e-06	6.397249e-09	2.958824e+01	3.789299e+02
1.120000e-06	4.340943e-06	6.932734e-09	3.050836e+01	4.107904e+02
1.130000e-06	4.470324e-06	7.449140e-09	3.141765e+01	4.412248e+02
1.140000e-06	4.598133e-06	7.939028e-09	3.231590e+01	4.701260e+02
1.150000e-06	4.724315e-06	8.397952e-09	3.320271e+01	4.974442e+02
1.160000e-06	4.848848e-06	8.828582e-09	3.407794e+01	5.231885e+02
1.170000e-06	4.971669e-06	9.235721e-09	3.494113e+01	5.474188e+02
1.180000e-06	5.092756e-06	9.620660e-09	3.579214e+01	5.702272e+02
1.190000e-06	5.211979e-06	9.982059e-09	3.663004e+01	5.917151e+02
1.200000e-06	5.329255e-06	1.031996e-08	3.745426e+01	6.119709e+02
1.210000e-06	5.444487e-06	1.063948e-08	3.826411e+01	6.310562e+02
1.220000e-06	5.557592e-06	1.094334e-08	3.905902e+01	6.490044e+02
1.230000e-06	5.668636e-06	1.122750e-08	3.983944e+01	6.658304e+02
1.240000e-06	5.777761e-06	1.149145e-08	4.060638e+01	6.815487e+02
1.250000e-06	5.884900e-06	1.173762e-08	4.135936e+01	6.961917e+02
1.260000e-06	5.989826e-06	1.196788e-08	4.209678e+01	7.098208e+02
1.270000e-06	6.092560e-06	1.218146e-08	4.281880e+01	7.225265e+02
1.280000e-06	6.193124e-06	1.237910e-08	4.352557e+01	7.344164e+02
1.290000e-06	6.291388e-06	1.256528e-08	4.421618e+01	7.455949e+02
1.300000e-06	6.387274e-06	1.274427e-08	4.489007e+01	7.561435e+02
1.310000e-06	6.480894e-06	1.291468e-08	4.554803e+01	7.661069e+02
1.320000e-06	6.572348e-06	1.307223e-08	4.619078e+01	7.754927e+02
1.330000e-06	6.661535e-06	1.321832e-08	4.681759e+01	7.842831e+02
1.340000e-06	6.748351e-06	1.335534e-08	4.742773e+01	7.924562e+02
1.350000e-06	6.832835e-06	1.348222e-08	4.802150e+01	8.000075e+02
1.360000e-06	6.914948e-06	1.359696e-08	4.859858e+01	8.069648e+02
1.370000e-06	6.994536e-06	1.370235e-08	4.915793e+01	8.133908e+02
1.380000e-06	7.071585e-06	1.380354e-08	4.969944e+01	8.193713e+02
1.390000e-06	7.145958e-06	1.390096e-08	5.022214e+01	8.249947e+02
1.400000e-06	7.217644e-06	1.399110e-08	5.072595e+01	8.303301e+02
1.410000e-06	7.286802e-06	1.407530e-08	5.121199e+01	8.354113e+02
1.420000e-06	7.353311e-06	1.415788e-08	5.167942e+01	8.402349e+02
1.430000e-06	7.417152e-06	1.423687e-08	5.212810e+01	8.447709e+02
1.440000e-06	7.478512e-06	1.430881e-08	5.255934e+01	8.489832e+02
1.450000e-06	7.537322e-06	1.437032e-08	5.297266e+01	8.528511e+02
1.460000e-06	7.593481e-06	1.442667e-08	5.336735e+01	8.563837e+02
1.470000e-06	7.646804e-06	1.448402e-08	5.374210e+01	8.596220e+02
1.480000e-06	7.696938e-06	1.453851e-08	5.409445e+01	8.626265e+02
1.490000e-06	7.744088e-06	1.458621e-08	5.442583e+01	8.654572e+02
1.500000e-06	7.788502e-06	1.463029e-08	5.473797e+01	8.681517e+02
1.510000e-06	7.830030e-06	1.467561e-08	5.502983e+01	8.707129e+02
1.520000e-06	7.868743e-06	1.471847e-08	5.530190e+01	8.731088e+02
1.530000e-06	7.904808e-06	1.475404e-08	5.555537e+01	8.752874e+02
1.540000e-06	7.938117e-06	1.478271e-08	5.578947e+01	8.771989e+02
1.550000e-06	7.968662e-06	1.480994e-08	5.600414e+01	8.788187e+02
1.560000e-06	7.996457e-06	1.483584e-08	5.619948e+01	8.801602e+02
1.570000e-06	8.021329e-06	1.485531e-08	5.637428e+01	8.812740e+02
1.580000e-06	8.043367e-06	1.486993e-08	5.652917e+01	8.822309e+02
1.590000e-06	8.062702e-06	1.488661e-08	5.666505e+01	8.830984e+02
1.600000e-06	8.079159e-06	1.490489e-08	5.678072e+01	8.839164e+02
1.610000e-06	8.092587e-06	1.491720e-08	5.687509e+01	8.846834e+02
1.620000e-06	8.102895e-06	1.492286e-08	5.694753e+01	8.853592e+02
1.630000e-06	8.110152e-06	1.492868e-08	5.699854e+01	8.858818e+02
1.640000e-06	8.114628e-06	1.493444e-08	5.703000e+01	8.861932e+02
1.650000e-06	8.116265e-06	1.493293e-08	5.704150e+01	8.862637e+02
1.660000e-06	8.115111e-06	1.493234e-08	5.703339e+01	8.861057e+02
1.670000e-06	8.111401e-06	1.492768e-08	5.700732e+01	8.857702e+02
1.680000e-06	8.105023e-06	1.492422e-08	5.696249e+01	8.853279e+02
1.690000e-06	8.095934e-06	1.491750e-08	5.689861e+01	8.848415e+02
1.700000e-06	8.084101e-06	1.490120e-08	5.681545e+01	8.843408e+02
1.710000e-06	8.069438e-06	1.487867e-08	5.671240e+01	8.838096e+02
1.720000e-06	8.052177e-06	1.484085e-08	5.659109e+01	8.831902e+02
1.730000e-06	8.032551e-06	1.485215e-08	5.645315e+01	8.824058e+02
1.740000e-06	8.010107e-06	1.486267e-08	5.629542e+01	8.813906e+02
1.750000e-06	7.984120e-06	1.482561e-08	5.611277e+01	8.801185e+02
1.760000e-06	7.954523e-06	1.479424e-08	5.590477e+01	8.786173e+02
1.770000e-06	7.921919e-06	1.478129e-08	5.567563e+01	8.769638e+02
1.780000e-06	7.886788e-06	1.473593e-08	5.542872e+01	8.752601e+02
1.790000e-06	7.849225e-06	1.469844e-08	5.516473e+01	8.735992e+02
1.800000e-06	7.809479e-06	1.471877e-08	5.488539e+01	8.720322e+02
1.810000e-06	7.767439e-06	1.459005e-08	5.458993e+01	8.705490e+02
1.820000e-06	7.722825e-06	1.463298e-08	5.427639e+01	8.690791e+02
1.830000e-06	7.675585e-06	1.466746e-08	5.394438e+01	8.675135e+02
1.840000e-06	7.625307e-06	1.458582e-08	5.359103e+01	8.657388e+02
1.850000e-06	7.571979e-06	1.461233e-08	5.321623e+01	8.636722e+02
1.860000e-06	7.515775e-06	1.447418e-08	5.282123e+01	8.612853e+02
1.870000e-06	7.456884e-06	1.447426e-08	5.240734e+01	8.586086e+02
1.880000e-06	7.395462e-06	1.441880e-08	5.197566e+01	8.557164e+02
1.890000e-06	7.331233e-06	1.434111e-08	5.152425e+01	8.526972e+02
1.900000e-06	7.264281e-06	1.434526e-08	5.105372e+01	8.496220e+02
1.910000e-06	7.194525e-06	1.424833e-08	5.056346e+01	8.465215e+02
1.920000e-06	7.121932e-06	1.424088e-08	5.005328e+01	8.433794e+02
1.930000e-06	7.046744e-06	1.414925e-08	4.952485e+01	8.401436e+02
1.940000e-06	6.968862e-06	1.409796e-08	4.897750e+01	8.367504e+02
1.950000e-06	6.888372e-06	1.403796e-08	4.841181e+01	8.331514e+02
1.960000e-06	6.805405e-06	1.394651e-08	4.782871e+01	8.293319e+02
1.970000e-06	6.720043e-06	1.392394e-08	4.722879e+01	8.253164e+02
1.980000e-06	6.632201e-06	1.381428e-08	4.661143e+01	8.211570e+02
1.990000e-06	6.541968e-06	1.376167e-08	4.597726e+01	8.169122e+02
2.000000e-06	6.449559e-06	1.367234e-08	4.532781e+01	8.126229e+02
2.010000e-06	6.354807e-06	1.360748e-08	4.466189e+01	8.082966e+02
2.020000e-06	6.257773e-06	1.353415e-08	4.397993e+01	8.039043e+02
2.030000e-06	6.158538e-06	1.344910e-08	4.328250e+01	7.993924e+02
2.040000e-06	6.057110e-06	1.338978e-08	4.256966e+01	7.947029e+02
2.050000e-06	5.953457e-06	1.329219e-08	4.184118e+01	7.897957e+02
2.060000e-06	5.847673e-06	1.321664e-08	4.109773e+01	7.846627e+02
2.070000e-06	5.739854e-06	1.310258e-08	4.033997e+01	7.793292e+02
2.080000e-06	5.629971e-06	1.301997e-08	3.956770e+01	7.738428e+02
2.090000e-06	5.518002e-06	1.291968e-08	3.878078e+01	7.682534e+02
2.100000e-06	5.403890e-06	1.283173e-08	3.797880e+01	7.625934e+02
2.110000e-06	5.287705e-06	1.273588e-08	3.716224e+01	7.568646e+02
2.120000e-06	5.169430e-06	1.263909e-08	3.633100e+01	7.510382e+02
2.130000e-06	5.049208e-06	1.253865e-08	3.548608e+01	7.450657e+02
2.140000e-06	4.927214e-06	1.242767e-08	3.462870e+01	7.388986e+02
2.150000e-06	4.803438e-06	1.232183e-08	3.375880e+01	7.325064e+02
2.160000e-06	4.677886e-06	1.220416e-08	3.287641e+01	7.258883e+02
2.170000e-06	4.550659e-06	1.209647e-08	3.198225e+01	7.190724e+02
2.180000e-06	4.421812e-06	1.197654e-08	3.107670e+01	7.121043e+02
2.190000e-06	4.291458e-06	1.186210e-08	3.016057e+01	7.050276e+02
2.200000e-06	4.159585e-06	1.173591e-08	2.923376e+01	6.978667e+02
2.210000e-06	4.026180e-06	1.161714e-08	2.829618e+01	6.906149e+02
2.220000e-06	3.891360e-06	1.148974e-08	2.734866e+01	6.832356e+02
2.230000e-06	3.755027e-06	1.136044e-08	2.639051e+01	6.756737e+02
2.240000e-06	3.617308e-06	1.122463e-08	2.542261e+01	6.678736e+02
2.250000e-06	3.478297e-06	1.108926e-08	2.444564e+01	6.597975e+02
2.260000e-06	3.337932e-06	1.095193e-08	2.345914e+01	6.514365e+02
2.270000e-06	3.196365e-06	1.080679e-08	2.246420e+01	6.428110e+02
2.280000e-06	3.053608e-06	1.065673e-08	2.146090e+01	6.339606e+02
2.290000e-06	2.909581e-06	1.050177e-08	2.044867e+01	6.249274e+02
2.300000e-06	2.764479e-06	1.034854e-08	1.942889e+01	6.157385e+02
2.310000e-06	2.618504e-06	1.018783e-08	1.840297e+01	6.063952e+02
2.320000e-06	2.471683e-06	1.002620e-08	1.737111e+01	5.968713e+02
2.330000e-06	2.323917e-06	9.859624e-09	1.633260e+01	5.871215e+02
2.340000e-06	2.175236e-06	9.693729e-09	1.528767e+01	5.770963e+02
2.350000e-06	2.025889e-06	9.521224e-09	1.423805e+01	5.667575e+02
2.360000e-06	1.875978e-06	9.340974e-09	1.318446e+01	5.560886e+02
2.370000e-06	1.725434e-06	9.152211e-09	1.212644e+01	5.450975e+02
2.380000e-06	1.574179e-06	8.961135e-09	1.106341e+01	5.338087e+02
2.390000e-06	1.422296e-06	8.766333e-09	9.995967e+00	5.222508e+02
2.400000e-06	1.269900e-06	8.566568e-09	8.924917e+00	5.104417e+02
2.410000e-06	1.117030e-06	8.362406e-09	7.850537e+00	4.983783e+02
2.420000e-06	9.637347e-07	8.155841e-09	6.773174e+00	4.860330e+02
2.430000e-06	8.101334e-07	7.944483e-09	5.693656e+00	4.733586e+02
2.440000e-06	6.562992e-07	7.724368e-09	4.612502e+00	4.602979e+02
2.450000e-06	5.022470e-07	7.494706e-09	3.529816e+00	4.467950e+02
2.460000e-06	3.480499e-07	7.255410e-09	2.446111e+00	4.328043e+02
2.470000e-06	1.937670e-07	7.011528e-09	1.361804e+00	4.182925e+02
2.480000e-06	3.944955e-08	6.758884e-09	2.772533e-01	4.032359e+02
2.490000e-06	-1.148512e-07	6.495343e-09	-8.071794e-01	3.876127e+02
2.500000e-06	-2.691062e-07	6.222322e-09	-1.891291e+00	3.713963e+02
2.510000e-06	-4.232358e-07	5.943422e-09	-2.974522e+00	3.545508e+02
2.520000e-06	-5.772635e-07	5.653139e-09	-4.057035e+00	3.370328e+02
2.530000e-06	-7.311860e-07	5.345205e-09	-5.138810e+00	3.187980e+02
2.540000e-06	-8.848041e-07	5.021028e-09	-6.218446e+00	2.998096e+02
2.550000e-06	-1.038081e-06	4.685248e-09	-7.295681e+00	2.800446e+02
2.560000e-06	-1.191005e-06	4.339299e-09	-8.370442e+00	2.594946e+02
2.570000e-06	-1.343467e-06	3.981104e-09	-9.441954e+00	2.381589e+02
2.580000e-06	-1.495393e-06	3.609324e-09	-1.050969e+01	2.160309e+02
2.590000e-06	-1.646704e-06	3.225698e-09	-1.157311e+01	1.930818e+02
2.600000e-06	-1.797385e-06	2.828549e-09	-1.263211e+01	1.692482e+02
2.610000e-06	-1.947426e-06	2.413923e-09	-1.368660e+01	1.444278e+02
2.620000e-06	-2.096798e-06	1.977495e-09	-1.473640e+01	1.184878e+02
2.630000e-06	-2.245480e-06	1.518912e-09	-1.578134e+01	9.128554e+01
2.640000e-06	-2.393371e-06	1.038322e-09	-1.682073e+01	6.269652e+01
2.650000e-06	-2.540346e-06	5.347883e-10	-1.785367e+01	3.264526e+01
2.660000e-06	-2.686366e-06	7.719818e-12	-1.887991e+01	1.129569e+00
2.670000e-06	-2.831503e-06	-5.425268e-10	-1.989994e+01	-3.176677e+01
2.680000e-06	-2.975612e-06	-1.110872e-09	-2.091275e+01	-6.587590e+01
2.690000e-06	-3.118540e-06	-1.696382e-09	-2.191725e+01	-1.009612e+02
2.700000e-06	-3.260303e-06	-2.297648e-09	-2.291356e+01	-1.367414e+02
2.710000e-06	-3.400863e-06	-2.908776e-09	-2.390143e+01	-1.729160e+02
2.720000e-06	-3.540129e-06	-3.519079e-09	-2.488019e+01	-2.091874e+02
2.730000e-06	-3.678061e-06	-4.122644e-09	-2.584959e+01	-2.452736e+02
2.740000e-06	-3.814650e-06	-4.718714e-09	-2.680954e+01	-2.809136e+02
2.750000e-06	-3.949741e-06	-5.303893e-09	-2.775897e+01	-3.158654e+02
2.760000e-06	-4.083401e-06	-5.874240e-09	-2.869834e+01	-3.499043e+02
2.770000e-06	-4.215690e-06	-6.426583e-09	-2.962807e+01	-3.828232e+02
2.780000e-06	-4.346454e-06	-6.959615e-09	-3.054709e+01	-4.144395e+02
2.790000e-06	-4.475704e-06	-7.469895e-09	-3.145546e+01	-4.446067e+02
2.800000e-06	-4.603405e-06	-7.953434e-09	-3.235295e+01	-4.732276e+02
2.810000e-06	-4.729422e-06	-8.408416e-09	-3.323860e+01	-5.002628e+02
2.820000e-06	-4.853754e-06	-8.835118e-09	-3.411241e+01	-5.257314e+02
2.830000e-06	-4.976403e-06	-9.235027e-09	-3.497440e+01	-5.497008e+02
2.840000e-06	-5.097287e-06	-9.613813e-09	-3.582398e+01	-5.722665e+02
2.850000e-06	-5.216271e-06	-9.973990e-09	-3.666020e+01	-5.935289e+02
2.860000e-06	-5.333157e-06	-1.031594e-08	-3.748168e+01	-6.135724e+02
2.870000e-06	-5.447819e-06	-1.063794e-08	-3.828753e+01	-6.324533e+02
2.880000e-06	-5.560275e-06	-1.093770e-08	-3.907788e+01	-6.502006e+02
2.890000e-06	-5.670597e-06	-1.121616e-08	-3.985323e+01	-6.668278e+02
2.900000e-06	-5.778961e-06	-1.147338e-08	-4.061481e+01	-6.823514e+02
2.910000e-06	-5.885466e-06	-1.171276e-08	-4.136334e+01	-6.968082e+02
2.920000e-06	-5.989927e-06	-1.193880e-08	-4.209750e+01	-7.102655e+02
2.930000e-06	-6.092135e-06	-1.215354e-08	-4.281582e+01	-7.228178e+02
2.940000e-06	-6.192075e-06	-1.235624e-08	-4.351820e+01	-7.345737e+02
2.950000e-06	-6.289923e-06	-1.254555e-08	-4.420588e+01	-7.456351e+02
2.960000e-06	-6.385674e-06	-1.272115e-08	-4.487882e+01	-7.560774e+02
2.970000e-06	-6.479124e-06	-1.288331e-08	-4.553560e+01	-7.659384e+02
2.980000e-06	-6.570264e-06	-1.303563e-08	-4.617613e+01	-7.752199e+02
2.990000e-06	-6.659137e-06	-1.318181e-08	-4.680073e+01	-7.839019e+02
3.000000e-06	-6.745588e-06	-1.332040e-08	-4.740832e+01	-7.919638e+02
3.010000e-06	-6.829573e-06	-1.344915e-08	-4.799856e+01	-7.994062e+02
3.020000e-06	-6.911251e-06	-1.356684e-08	-4.857260e+01	-8.062636e+02
3.030000e-06	-6.990389e-06	-1.367408e-08	-4.912879e+01	-8.126037e+02
3.040000e-06	-7.066764e-06	-1.377281e-08	-4.966556e+01	-8.185146e+02
3.050000e-06	-7.140528e-06	-1.386435e-08	-5.018398e+01	-8.240828e+02
3.060000e-06	-7.211718e-06	-1.394974e-08	-5.068430e+01	-8.293717e+02
3.070000e-06	-7.280281e-06	-1.403311e-08	-5.116616e+01	-8.344085e+02
3.080000e-06	-7.346296e-06	-1.411573e-08	-5.163012e+01	-8.391838e+02
3.090000e-06	-7.409743e-06	-1.419345e-08	-5.207603e+01	-8.436648e+02
3.100000e-06	-7.470510e-06	-1.426374e-08	-5.250310e+01	-8.478168e+02
3.110000e-06	-7.528667e-06	-1.432525e-08	-5.291183e+01	-8.516235e+02
3.120000e-06	-7.584143e-06	-1.438088e-08	-5.330172e+01	-8.551002e+02
3.130000e-06	-7.636713e-06	-1.443322e-08	-5.367119e+01	-8.582923e+02
3.140000e-06	-7.686148e-06	-1.448224e-08	-5.401862e+01	-8.612622e+02
3.150000e-06	-7.732530e-06	-1.452889e-08	-5.434459e+01	-8.640670e+02
3.160000e-06	-7.776372e-06	-1.457514e-08	-5.465271e+01	-8.667390e+02
3.170000e-06	-7.817798e-06	-1.461854e-08	-5.494386e+01	-8.692742e+02
3.180000e-06	-7.856435e-06	-1.465736e-08	-5.521540e+01	-8.716357e+02
3.190000e-06	-7.892261e-06	-1.469033e-08	-5.546719e+01	-8.737702e+02
3.200000e-06	-7.925405e-06	-1.471938e-08	-5.570013e+01	-8.756307e+02
3.210000e-06	-7.955661e-06	-1.474544e-08	-5.591277e+01	-8.771990e+02
3.220000e-06	-7.983027e-06	-1.476760e-08	-5.610509e+01	-8.784957e+02
3.230000e-06	-8.007659e-06	-1.478583e-08	-5.627821e+01	-8.795763e+02
3.240000e-06	-8.029400e-06	-1.480403e-08	-5.643101e+01	-8.805132e+02
3.250000e-06	-8.048237e-06	-1.482229e-08	-5.656340e+01	-8.813704e+02
3.260000e-06	-8.064277e-06	-1.483543e-08	-5.667613e+01	-8.821810e+02
3.270000e-06	-8.077267e-06	-1.484377e-08	-5.676742e+01	-8.829360e+02
3.280000e-06	-8.087204e-06	-1.485145e-08	-5.683726e+01	-8.835896e+02
3.290000e-06	-8.094274e-06	-1.486249e-08	-5.688695e+01	-8.840785e+02
3.300000e-06	-8.098464e-06	-1.487252e-08	-5.691640e+01	-8.843483e+02
3.310000e-06	-8.099871e-06	-1.487691e-08	-5.692629e+01	-8.843762e+02
