# Configuracion:
# Concentracion g/m^3_=_11780.0
# C_Vs_to_Am_M_A/Vsm_=_59384043850.047264
# pendiente_HvsI_1/m_=_3716.3
# ordenada_HvsI_A/m_=_1297.0
# frecuencia_ref_Hz_=_301502.20626800123
# 
Resultados:
# tau_ns_=_(1.34+/-0.05)e+02
# dphi_rad_=_6.53+/-0.01
# SAR_W/g_=_1373.95+/-23.99
# Hc_kA/m_=_18.82+/-0.43
# Mr_A/m_=_410.79+/-1.79
# Magnetizacion_max_=_866.55+/-13.80
# Suceptibilidad_a_M=0_=_(3.428+/-0.110)e-02

Nombre_archivo	Time_m_(s)	Temperatura_(ºC)	Mr_(A/m)	Hc_(kA/m)	Campo_max_(A/m)	Mag_max_(A/m)	f0	mag0	dphi0	SAR_(W/g)	Tau_(ns)	N	xi_M_0
300kHz_150dA_100Mss_bobN1M17EG-0011.txt	16.0	27.30	406.70	19.47	57041.50	850.22	3.015292e+05	7.014116e+01	6.544982e+00	1412.83	141.444855	4643	3.255e-02
300kHz_150dA_100Mss_bobN1M17EG-0012.txt	16.45	29.01	408.13	19.47	57041.50	849.24	3.015292e+05	7.013378e+01	6.544823e+00	1411.85	141.356063	4643	3.302e-02
300kHz_150dA_100Mss_bobN1M17EG-0013.txt	16.93	30.83	407.49	19.58	57041.50	847.49	3.015292e+05	6.994253e+01	6.546562e+00	1417.14	142.340724	4643	3.250e-02
300kHz_150dA_100Mss_bobN1M17EG-0014.txt	17.38	32.58	408.87	19.36	57041.50	850.99	3.015292e+05	7.031474e+01	6.542904e+00	1405.35	140.270813	4643	3.332e-02
300kHz_150dA_100Mss_bobN1M17EG-0015.txt	17.83	34.34	409.03	19.30	57041.50	854.80	3.015292e+05	7.062018e+01	6.541410e+00	1403.51	139.425906	4643	3.361e-02
300kHz_150dA_100Mss_bobN1M17EG-0016.txt	18.35	36.30	409.46	19.27	57041.50	851.20	3.015292e+05	7.040392e+01	6.541221e+00	1398.21	139.318727	4643	3.364e-02
300kHz_150dA_100Mss_bobN1M17EG-0017.txt	18.81	38.00	409.75	19.26	57041.50	854.95	3.015292e+05	7.067418e+01	6.540465e+00	1399.56	138.892681	4643	3.384e-02
300kHz_150dA_100Mss_bobN1M17EG-0018.txt	19.27	39.73	409.84	19.16	57041.50	854.39	3.015292e+05	7.066769e+01	6.539082e+00	1392.07	138.112352	4643	3.406e-02
300kHz_150dA_100Mss_bobN1M17EG-0019.txt	20.21	42.50	410.20	18.98	57041.50	860.33	3.015292e+05	7.121587e+01	6.535518e+00	1383.75	136.103505	4643	3.324e-02
300kHz_150dA_100Mss_bobN1M17EG-0020.txt	20.73	42.50	410.04	19.07	57041.50	857.61	3.015292e+05	7.097865e+01	6.537122e+00	1387.72	137.007282	4643	3.363e-02
300kHz_150dA_100Mss_bobN1M17EG-0021.txt	21.21	43.24	409.90	19.07	57041.50	856.34	3.014643e+05	7.092657e+01	6.537075e+00	1386.15	136.980391	4644	3.323e-02
300kHz_150dA_100Mss_bobN1M17EG-0022.txt	21.69	44.92	409.74	19.03	57041.50	852.52	3.015292e+05	7.062555e+01	6.536643e+00	1378.27	136.736777	4643	3.330e-02
300kHz_150dA_100Mss_bobN1M17EG-0023.txt	22.14	46.49	410.57	18.81	57041.50	859.84	3.015292e+05	7.128612e+01	6.532334e+00	1368.00	134.311140	4643	3.373e-02
300kHz_150dA_100Mss_bobN1M17EG-0024.txt	22.61	48.14	411.18	18.83	57041.50	863.64	3.015292e+05	7.152190e+01	6.532759e+00	1374.82	134.550581	4643	3.387e-02
300kHz_150dA_100Mss_bobN1M17EG-0025.txt	23.05	49.66	410.98	18.81	57041.50	864.64	3.015292e+05	7.160732e+01	6.531877e+00	1371.70	134.054958	4643	3.366e-02
300kHz_150dA_100Mss_bobN1M17EG-0026.txt	23.51	51.13	411.22	18.68	57041.50	868.50	3.015292e+05	7.192543e+01	6.529485e+00	1364.81	132.710667	4643	3.419e-02
300kHz_150dA_100Mss_bobN1M17EG-0027.txt	23.95	52.54	410.82	18.68	57041.50	871.28	3.015292e+05	7.211924e+01	6.529060e+00	1366.17	132.472409	4643	3.421e-02
300kHz_150dA_100Mss_bobN1M17EG-0028.txt	24.43	54.03	411.14	18.70	57041.50	869.20	3.015292e+05	7.197302e+01	6.529554e+00	1366.09	132.749708	4643	3.430e-02
300kHz_150dA_100Mss_bobN1M17EG-0029.txt	24.91	55.52	412.05	18.58	57041.50	873.20	3.015292e+05	7.232890e+01	6.527314e+00	1360.61	131.492602	4643	3.474e-02
300kHz_150dA_100Mss_bobN1M17EG-0030.txt	25.38	56.98	411.57	18.56	57041.50	874.04	3.015292e+05	7.241576e+01	6.526515e+00	1357.88	131.044210	4643	3.479e-02
300kHz_150dA_100Mss_bobN1M17EG-0031.txt	25.83	58.37	412.43	18.47	57041.50	879.44	3.015292e+05	7.285733e+01	6.524645e+00	1355.86	129.996420	4643	3.513e-02
300kHz_150dA_100Mss_bobN1M17EG-0032.txt	26.27	59.71	412.63	18.42	57041.50	877.20	3.015292e+05	7.271315e+01	6.524244e+00	1350.98	129.771913	4643	3.554e-02
300kHz_150dA_100Mss_bobN1M17EG-0033.txt	26.73	61.09	412.77	18.41	57041.50	878.64	3.015292e+05	7.281676e+01	6.523802e+00	1350.47	129.525220	4643	3.540e-02
300kHz_150dA_100Mss_bobN1M17EG-0034.txt	27.2	62.46	412.30	18.26	57041.50	887.50	3.015292e+05	7.350933e+01	6.520178e+00	1343.17	127.497810	4643	3.587e-02
300kHz_150dA_100Mss_bobN1M17EG-0035.txt	27.65	63.72	413.01	18.22	57041.50	887.24	3.015292e+05	7.352742e+01	6.519648e+00	1340.55	127.201716	4643	3.603e-02
300kHz_150dA_100Mss_bobN1M17EG-0036.txt	28.1	64.98	413.03	18.21	57041.50	887.74	3.015292e+05	7.356966e+01	6.519400e+00	1339.94	127.063666	4643	3.619e-02
300kHz_150dA_100Mss_bobN1M17EG-0037.txt	28.56	66.27	413.31	18.24	57041.50	890.07	3.015292e+05	7.372284e+01	6.519589e+00	1343.79	127.168823	4643	3.585e-02
300kHz_150dA_100Mss_bobN1M17EG-0038.txt	29.49	68.87	413.93	18.17	57041.50	891.09	3.015292e+05	7.384033e+01	6.518404e+00	1339.30	126.507316	4643	3.630e-02
