# Temperatura_=_72.18
# Concentracion g/m^3_=_11780.0
# C_Vs_to_Am_M_A/Vsm_=_59384043850.047264
# pendiente_HvsI_1/m_=_3716.3
# ordenada_HvsI_A/m_=_1297.0
# frecuencia_Hz_=_301536.5001917687

Tiempo_(s)	Campo_(V.s)	Magnetizacion_(V.s)	Campo_(kA/m)	Magnetizacion_(A/m)
0.000000e+00	-8.094533e-06	-1.593617e-08	-5.691512e+01	-9.464641e+02
1.000000e-08	-8.091433e-06	-1.593094e-08	-5.689333e+01	-9.461634e+02
2.000000e-08	-8.085695e-06	-1.592699e-08	-5.685298e+01	-9.457839e+02
3.000000e-08	-8.077281e-06	-1.591911e-08	-5.679382e+01	-9.453464e+02
4.000000e-08	-8.065953e-06	-1.591164e-08	-5.671417e+01	-9.448453e+02
5.000000e-08	-8.051623e-06	-1.590230e-08	-5.661341e+01	-9.442496e+02
6.000000e-08	-8.034427e-06	-1.590019e-08	-5.649250e+01	-9.435125e+02
7.000000e-08	-8.014775e-06	-1.590034e-08	-5.635432e+01	-9.425881e+02
8.000000e-08	-7.992541e-06	-1.581591e-08	-5.619799e+01	-9.414483e+02
9.000000e-08	-7.967011e-06	-1.576306e-08	-5.601848e+01	-9.400939e+02
1.000000e-07	-7.938162e-06	-1.579616e-08	-5.581563e+01	-9.385554e+02
1.100000e-07	-7.906534e-06	-1.580193e-08	-5.559324e+01	-9.368831e+02
1.200000e-07	-7.872219e-06	-1.575407e-08	-5.535196e+01	-9.351304e+02
1.300000e-07	-7.835407e-06	-1.571380e-08	-5.509313e+01	-9.333359e+02
1.400000e-07	-7.796527e-06	-1.574628e-08	-5.481975e+01	-9.315103e+02
1.500000e-07	-7.755291e-06	-1.563844e-08	-5.452981e+01	-9.296336e+02
1.600000e-07	-7.711175e-06	-1.562919e-08	-5.421962e+01	-9.276628e+02
1.700000e-07	-7.664356e-06	-1.560176e-08	-5.389042e+01	-9.255469e+02
1.800000e-07	-7.614641e-06	-1.547767e-08	-5.354086e+01	-9.232444e+02
1.900000e-07	-7.561736e-06	-1.553663e-08	-5.316887e+01	-9.207367e+02
2.000000e-07	-7.506012e-06	-1.547148e-08	-5.277705e+01	-9.180321e+02
2.100000e-07	-7.447575e-06	-1.541537e-08	-5.236617e+01	-9.151611e+02
2.200000e-07	-7.386456e-06	-1.536007e-08	-5.193642e+01	-9.121635e+02
2.300000e-07	-7.322692e-06	-1.528853e-08	-5.148807e+01	-9.090730e+02
2.400000e-07	-7.256181e-06	-1.527941e-08	-5.102041e+01	-9.059049e+02
2.500000e-07	-7.187006e-06	-1.517984e-08	-5.053402e+01	-9.026513e+02
2.600000e-07	-7.115190e-06	-1.512801e-08	-5.002906e+01	-8.992852e+02
2.700000e-07	-7.040645e-06	-1.509010e-08	-4.950492e+01	-8.957706e+02
2.800000e-07	-6.963286e-06	-1.505601e-08	-4.896098e+01	-8.920765e+02
2.900000e-07	-6.883163e-06	-1.497051e-08	-4.839761e+01	-8.881875e+02
3.000000e-07	-6.800543e-06	-1.485648e-08	-4.781669e+01	-8.841090e+02
3.100000e-07	-6.715665e-06	-1.482414e-08	-4.721988e+01	-8.798640e+02
3.200000e-07	-6.628535e-06	-1.473730e-08	-4.660725e+01	-8.754842e+02
3.300000e-07	-6.539051e-06	-1.466772e-08	-4.597806e+01	-8.709981e+02
3.400000e-07	-6.447264e-06	-1.458945e-08	-4.533267e+01	-8.664206e+02
3.500000e-07	-6.353219e-06	-1.451481e-08	-4.467141e+01	-8.617482e+02
3.600000e-07	-6.256837e-06	-1.445082e-08	-4.399372e+01	-8.569607e+02
3.700000e-07	-6.158114e-06	-1.435284e-08	-4.329957e+01	-8.520287e+02
3.800000e-07	-6.057184e-06	-1.425727e-08	-4.258990e+01	-8.469240e+02
3.900000e-07	-5.954092e-06	-1.415022e-08	-4.186503e+01	-8.416288e+02
4.000000e-07	-5.848799e-06	-1.408526e-08	-4.112468e+01	-8.361410e+02
4.100000e-07	-5.741408e-06	-1.399270e-08	-4.036958e+01	-8.304731e+02
4.200000e-07	-5.632032e-06	-1.389357e-08	-3.960053e+01	-8.246469e+02
4.300000e-07	-5.520572e-06	-1.379335e-08	-3.881682e+01	-8.186843e+02
4.400000e-07	-5.406974e-06	-1.369884e-08	-3.801808e+01	-8.125992e+02
4.500000e-07	-5.291246e-06	-1.359539e-08	-3.720436e+01	-8.063920e+02
4.600000e-07	-5.173481e-06	-1.346993e-08	-3.637632e+01	-8.000499e+02
4.700000e-07	-5.053854e-06	-1.335598e-08	-3.553518e+01	-7.935508e+02
4.800000e-07	-4.932411e-06	-1.324728e-08	-3.468128e+01	-7.868715e+02
4.900000e-07	-4.809159e-06	-1.314869e-08	-3.381466e+01	-7.799946e+02
5.000000e-07	-4.684185e-06	-1.302587e-08	-3.293593e+01	-7.729144e+02
5.100000e-07	-4.557617e-06	-1.290293e-08	-3.204599e+01	-7.656371e+02
5.200000e-07	-4.429418e-06	-1.277900e-08	-3.114458e+01	-7.581781e+02
5.300000e-07	-4.299544e-06	-1.265397e-08	-3.023140e+01	-7.505548e+02
5.400000e-07	-4.168119e-06	-1.251474e-08	-2.930731e+01	-7.427793e+02
5.500000e-07	-4.035197e-06	-1.237255e-08	-2.837270e+01	-7.348527e+02
5.600000e-07	-3.900779e-06	-1.224187e-08	-2.742756e+01	-7.267631e+02
5.700000e-07	-3.764878e-06	-1.211070e-08	-2.647200e+01	-7.184875e+02
5.800000e-07	-3.627580e-06	-1.197149e-08	-2.550662e+01	-7.099983e+02
5.900000e-07	-3.488989e-06	-1.181837e-08	-2.453214e+01	-7.012700e+02
6.000000e-07	-3.349026e-06	-1.166995e-08	-2.354802e+01	-6.922863e+02
6.100000e-07	-3.207581e-06	-1.151675e-08	-2.255348e+01	-6.830430e+02
6.200000e-07	-3.064843e-06	-1.135502e-08	-2.154985e+01	-6.735482e+02
6.300000e-07	-2.921042e-06	-1.118716e-08	-2.053874e+01	-6.638170e+02
6.400000e-07	-2.776187e-06	-1.102287e-08	-1.952021e+01	-6.538647e+02
6.500000e-07	-2.630347e-06	-1.085891e-08	-1.849477e+01	-6.436999e+02
6.600000e-07	-2.483605e-06	-1.068488e-08	-1.746298e+01	-6.333198e+02
6.700000e-07	-2.335957e-06	-1.050332e-08	-1.642482e+01	-6.227088e+02
6.800000e-07	-2.187496e-06	-1.031789e-08	-1.538095e+01	-6.118421e+02
6.900000e-07	-2.038341e-06	-1.013445e-08	-1.433219e+01	-6.006916e+02
7.000000e-07	-1.888525e-06	-9.943115e-09	-1.327880e+01	-5.892329e+02
7.100000e-07	-1.738012e-06	-9.742698e-09	-1.222049e+01	-5.774501e+02
7.200000e-07	-1.586863e-06	-9.536353e-09	-1.115772e+01	-5.653382e+02
7.300000e-07	-1.435154e-06	-9.328955e-09	-1.009100e+01	-5.529000e+02
7.400000e-07	-1.282877e-06	-9.116853e-09	-9.020300e+00	-5.401406e+02
7.500000e-07	-1.130085e-06	-8.893084e-09	-7.945974e+00	-5.270596e+02
7.600000e-07	-9.768891e-07	-8.665544e-09	-6.868804e+00	-5.136453e+02
7.700000e-07	-8.234090e-07	-8.436975e-09	-5.789639e+00	-4.998703e+02
7.800000e-07	-6.696811e-07	-8.204027e-09	-4.708732e+00	-4.856928e+02
7.900000e-07	-5.157170e-07	-7.957934e-09	-3.626163e+00	-4.710598e+02
8.000000e-07	-3.615851e-07	-7.699192e-09	-2.542415e+00	-4.559127e+02
8.100000e-07	-2.073736e-07	-7.430896e-09	-1.458107e+00	-4.401933e+02
8.200000e-07	-5.307750e-08	-7.155225e-09	-3.732040e-01	-4.238470e+02
8.300000e-07	1.012757e-07	-6.868788e-09	7.121001e-01	-4.068245e+02
8.400000e-07	2.555919e-07	-6.569073e-09	1.797145e+00	-3.890807e+02
8.500000e-07	4.098315e-07	-6.260103e-09	2.881650e+00	-3.705730e+02
8.600000e-07	5.639098e-07	-5.938741e-09	3.965022e+00	-3.512604e+02
8.700000e-07	7.177765e-07	-5.599239e-09	5.046905e+00	-3.311035e+02
8.800000e-07	8.713792e-07	-5.238194e-09	6.126932e+00	-3.100647e+02
8.900000e-07	1.024646e-06	-4.863401e-09	7.204597e+00	-2.881082e+02
9.000000e-07	1.177559e-06	-4.479040e-09	8.279777e+00	-2.651967e+02
9.100000e-07	1.330061e-06	-4.080328e-09	9.352063e+00	-2.412849e+02
9.200000e-07	1.482076e-06	-3.659134e-09	1.042093e+01	-2.163093e+02
9.300000e-07	1.633563e-06	-3.216474e-09	1.148608e+01	-1.901785e+02
9.400000e-07	1.784433e-06	-2.754086e-09	1.254689e+01	-1.627670e+02
9.500000e-07	1.934640e-06	-2.266082e-09	1.360304e+01	-1.339180e+02
9.600000e-07	2.084173e-06	-1.747849e-09	1.465445e+01	-1.034582e+02
9.700000e-07	2.232940e-06	-1.197892e-09	1.570048e+01	-7.122397e+01
9.800000e-07	2.380897e-06	-6.205654e-10	1.674081e+01	-3.709615e+01
9.900000e-07	2.528006e-06	-1.401913e-11	1.777518e+01	-1.036436e+00
1.000000e-06	2.674176e-06	6.256733e-10	1.880295e+01	3.688344e+01
1.010000e-06	2.819388e-06	1.297420e-09	1.982397e+01	7.646691e+01
1.020000e-06	2.963627e-06	1.992268e-09	2.083816e+01	1.173968e+02
1.030000e-06	3.106842e-06	2.698883e-09	2.184515e+01	1.592588e+02
1.040000e-06	3.248900e-06	3.413014e-09	2.284400e+01	2.015782e+02
1.050000e-06	3.389634e-06	4.129062e-09	2.383355e+01	2.438638e+02
1.060000e-06	3.529034e-06	4.835773e-09	2.481371e+01	2.856485e+02
1.070000e-06	3.667129e-06	5.523139e-09	2.578470e+01	3.265194e+02
1.080000e-06	3.803844e-06	6.188344e-09	2.674599e+01	3.661344e+02
1.090000e-06	3.939109e-06	6.830456e-09	2.769707e+01	4.042262e+02
1.100000e-06	4.072967e-06	7.445884e-09	2.863827e+01	4.405966e+02
1.110000e-06	4.205356e-06	8.027657e-09	2.956913e+01	4.751072e+02
1.120000e-06	4.336209e-06	8.574775e-09	3.048920e+01	5.076715e+02
1.130000e-06	4.465608e-06	9.089823e-09	3.139905e+01	5.382504e+02
1.140000e-06	4.593422e-06	9.572217e-09	3.229774e+01	5.668511e+02
1.150000e-06	4.719574e-06	1.002188e-08	3.318476e+01	5.935248e+02
1.160000e-06	4.844108e-06	1.043857e-08	3.406039e+01	6.183625e+02
1.170000e-06	4.966958e-06	1.082616e-08	3.492419e+01	6.414847e+02
1.180000e-06	5.088083e-06	1.118919e-08	3.577586e+01	6.630256e+02
1.190000e-06	5.207323e-06	1.152619e-08	3.661427e+01	6.831169e+02
1.200000e-06	5.324495e-06	1.183724e-08	3.743814e+01	7.018728e+02
1.210000e-06	5.439624e-06	1.212886e-08	3.824765e+01	7.193833e+02
1.220000e-06	5.552710e-06	1.240423e-08	3.904279e+01	7.357153e+02
1.230000e-06	5.663789e-06	1.266288e-08	3.982382e+01	7.509223e+02
1.240000e-06	5.772893e-06	1.290190e-08	4.059097e+01	7.650583e+02
1.250000e-06	5.879933e-06	1.312137e-08	4.134359e+01	7.781887e+02
1.260000e-06	5.984839e-06	1.332504e-08	4.208122e+01	7.903961e+02
1.270000e-06	6.087546e-06	1.351428e-08	4.280339e+01	8.017760e+02
1.280000e-06	6.188048e-06	1.369029e-08	4.351005e+01	8.124253e+02
1.290000e-06	6.286353e-06	1.385694e-08	4.420126e+01	8.224283e+02
1.300000e-06	6.382318e-06	1.401677e-08	4.487602e+01	8.318438e+02
1.310000e-06	6.475972e-06	1.416950e-08	4.553453e+01	8.407014e+02
1.320000e-06	6.567451e-06	1.431095e-08	4.617774e+01	8.490071e+02
1.330000e-06	6.656593e-06	1.443889e-08	4.680453e+01	8.567561e+02
1.340000e-06	6.743382e-06	1.455608e-08	4.741477e+01	8.639502e+02
1.350000e-06	6.827893e-06	1.466431e-08	4.800899e+01	8.706113e+02
1.360000e-06	6.910022e-06	1.476427e-08	4.858646e+01	8.767864e+02
1.370000e-06	6.989631e-06	1.485809e-08	4.914622e+01	8.825427e+02
1.380000e-06	7.066675e-06	1.494957e-08	4.968794e+01	8.879538e+02
1.390000e-06	7.141089e-06	1.504052e-08	5.021117e+01	8.930826e+02
1.400000e-06	7.212842e-06	1.512708e-08	5.071568e+01	8.979674e+02
1.410000e-06	7.282053e-06	1.520532e-08	5.120233e+01	9.026162e+02
1.420000e-06	7.348667e-06	1.527893e-08	5.167071e+01	9.070123e+02
1.430000e-06	7.412607e-06	1.534860e-08	5.212029e+01	9.111273e+02
1.440000e-06	7.474013e-06	1.541163e-08	5.255206e+01	9.149384e+02
1.450000e-06	7.532873e-06	1.546729e-08	5.296592e+01	9.184421e+02
1.460000e-06	7.589029e-06	1.551962e-08	5.336077e+01	9.216597e+02
1.470000e-06	7.642304e-06	1.557161e-08	5.373536e+01	9.246327e+02
1.480000e-06	7.692425e-06	1.562149e-08	5.408778e+01	9.274098e+02
1.490000e-06	7.739472e-06	1.566689e-08	5.441858e+01	9.300308e+02
1.500000e-06	7.783816e-06	1.570757e-08	5.473038e+01	9.325149e+02
1.510000e-06	7.825404e-06	1.574619e-08	5.502280e+01	9.348557e+02
1.520000e-06	7.864185e-06	1.578225e-08	5.529548e+01	9.370273e+02
1.530000e-06	7.900309e-06	1.581466e-08	5.554947e+01	9.389966e+02
1.540000e-06	7.933602e-06	1.584206e-08	5.578357e+01	9.407391e+02
1.550000e-06	7.964098e-06	1.586666e-08	5.599799e+01	9.422496e+02
1.560000e-06	7.991955e-06	1.588968e-08	5.619386e+01	9.435454e+02
1.570000e-06	8.016937e-06	1.590898e-08	5.636952e+01	9.446605e+02
1.580000e-06	8.039062e-06	1.592529e-08	5.652509e+01	9.456325e+02
1.590000e-06	8.058500e-06	1.594018e-08	5.666176e+01	9.464886e+02
1.600000e-06	8.075082e-06	1.595370e-08	5.677836e+01	9.472366e+02
1.610000e-06	8.088600e-06	1.596294e-08	5.687341e+01	9.478631e+02
1.620000e-06	8.098950e-06	1.596660e-08	5.694618e+01	9.483418e+02
1.630000e-06	8.106282e-06	1.596786e-08	5.699774e+01	9.486463e+02
1.640000e-06	8.110825e-06	1.597054e-08	5.702967e+01	9.487640e+02
1.650000e-06	8.112507e-06	1.596809e-08	5.704150e+01	9.487037e+02
1.660000e-06	8.111371e-06	1.597141e-08	5.703352e+01	9.484947e+02
1.670000e-06	8.107615e-06	1.596925e-08	5.700710e+01	9.481770e+02
1.680000e-06	8.101191e-06	1.596277e-08	5.696194e+01	9.477859e+02
1.690000e-06	8.092111e-06	1.595425e-08	5.689809e+01	9.473377e+02
1.700000e-06	8.080235e-06	1.593909e-08	5.681459e+01	9.468222e+02
1.710000e-06	8.065498e-06	1.591719e-08	5.671097e+01	9.462045e+02
1.720000e-06	8.048263e-06	1.587738e-08	5.658978e+01	9.454365e+02
1.730000e-06	8.028739e-06	1.591597e-08	5.645250e+01	9.444745e+02
1.740000e-06	8.006474e-06	1.595977e-08	5.629595e+01	9.432949e+02
1.750000e-06	7.980682e-06	1.589288e-08	5.611460e+01	9.419042e+02
1.760000e-06	7.951131e-06	1.582881e-08	5.590682e+01	9.403373e+02
1.770000e-06	7.918456e-06	1.581687e-08	5.567707e+01	9.386464e+02
1.780000e-06	7.883288e-06	1.575479e-08	5.542979e+01	9.368837e+02
1.790000e-06	7.845742e-06	1.569920e-08	5.516580e+01	9.350833e+02
1.800000e-06	7.806086e-06	1.578493e-08	5.488696e+01	9.332504e+02
1.810000e-06	7.764168e-06	1.563588e-08	5.459223e+01	9.313601e+02
1.820000e-06	7.719660e-06	1.563560e-08	5.427928e+01	9.293666e+02
1.830000e-06	7.672530e-06	1.567351e-08	5.394789e+01	9.272194e+02
1.840000e-06	7.622325e-06	1.552294e-08	5.359489e+01	9.248804e+02
1.850000e-06	7.569032e-06	1.557708e-08	5.322016e+01	9.223357e+02
1.860000e-06	7.512935e-06	1.542745e-08	5.282573e+01	9.195982e+02
1.870000e-06	7.454151e-06	1.543831e-08	5.241240e+01	9.167012e+02
1.880000e-06	7.392796e-06	1.541186e-08	5.198099e+01	9.136845e+02
1.890000e-06	7.328607e-06	1.529274e-08	5.152966e+01	9.105792e+02
1.900000e-06	7.261707e-06	1.531839e-08	5.105927e+01	9.073966e+02
1.910000e-06	7.192050e-06	1.518748e-08	5.056949e+01	9.041249e+02
1.920000e-06	7.119583e-06	1.518837e-08	5.005996e+01	9.007344e+02
1.930000e-06	7.044515e-06	1.509023e-08	4.953212e+01	8.971893e+02
1.940000e-06	6.966694e-06	1.502787e-08	4.898494e+01	8.934604e+02
1.950000e-06	6.886304e-06	1.499707e-08	4.841970e+01	8.895361e+02
1.960000e-06	6.803477e-06	1.487836e-08	4.783731e+01	8.854253e+02
1.970000e-06	6.718216e-06	1.487448e-08	4.723782e+01	8.811534e+02
1.980000e-06	6.630473e-06	1.473857e-08	4.662087e+01	8.767524e+02
1.990000e-06	6.540315e-06	1.468594e-08	4.598694e+01	8.722489e+02
2.000000e-06	6.447945e-06	1.459639e-08	4.533746e+01	8.676548e+02
2.010000e-06	6.353290e-06	1.452047e-08	4.467191e+01	8.629632e+02
2.020000e-06	6.256399e-06	1.444909e-08	4.399064e+01	8.581517e+02
2.030000e-06	6.157221e-06	1.434678e-08	4.329329e+01	8.531903e+02
2.040000e-06	6.055804e-06	1.429857e-08	4.258020e+01	8.480520e+02
2.050000e-06	5.952185e-06	1.418504e-08	4.185163e+01	8.427217e+02
2.060000e-06	5.846457e-06	1.410841e-08	4.110822e+01	8.371999e+02
2.070000e-06	5.738719e-06	1.397968e-08	4.035068e+01	8.315016e+02
2.080000e-06	5.628903e-06	1.389241e-08	3.957853e+01	8.256491e+02
2.090000e-06	5.517045e-06	1.378743e-08	3.879202e+01	8.196635e+02
2.100000e-06	5.403030e-06	1.369022e-08	3.799034e+01	8.135565e+02
2.110000e-06	5.286859e-06	1.358890e-08	3.717351e+01	8.073260e+02
2.120000e-06	5.168636e-06	1.348520e-08	3.634225e+01	8.009572e+02
2.130000e-06	5.048486e-06	1.338186e-08	3.549744e+01	7.944271e+02
2.140000e-06	4.926483e-06	1.325631e-08	3.463960e+01	7.877130e+02
2.150000e-06	4.802671e-06	1.314009e-08	3.376904e+01	7.807994e+02
2.160000e-06	4.677129e-06	1.300908e-08	3.288631e+01	7.736827e+02
2.170000e-06	4.549970e-06	1.289560e-08	3.199222e+01	7.663713e+02
2.180000e-06	4.421238e-06	1.276634e-08	3.108707e+01	7.588813e+02
2.190000e-06	4.290937e-06	1.264736e-08	3.017088e+01	7.512297e+02
2.200000e-06	4.159090e-06	1.251162e-08	2.924383e+01	7.434270e+02
2.210000e-06	4.025749e-06	1.238110e-08	2.830626e+01	7.354721e+02
2.220000e-06	3.891012e-06	1.223822e-08	2.735889e+01	7.273507e+02
2.230000e-06	3.754853e-06	1.209553e-08	2.640152e+01	7.190386e+02
2.240000e-06	3.617243e-06	1.195199e-08	2.543393e+01	7.105079e+02
2.250000e-06	3.478246e-06	1.180618e-08	2.445661e+01	7.017344e+02
2.260000e-06	3.337997e-06	1.165983e-08	2.347047e+01	6.927038e+02
2.270000e-06	3.196542e-06	1.150157e-08	2.247586e+01	6.834143e+02
2.280000e-06	3.053900e-06	1.134111e-08	2.147290e+01	6.738756e+02
2.290000e-06	2.910145e-06	1.117097e-08	2.046211e+01	6.641034e+02
2.300000e-06	2.765366e-06	1.099939e-08	1.944413e+01	6.541123e+02
2.310000e-06	2.619600e-06	1.082299e-08	1.841921e+01	6.439092e+02
2.320000e-06	2.472876e-06	1.064953e-08	1.738755e+01	6.334889e+02
2.330000e-06	2.325209e-06	1.047375e-08	1.634925e+01	6.228337e+02
2.340000e-06	2.176640e-06	1.029444e-08	1.530462e+01	6.119180e+02
2.350000e-06	2.027359e-06	1.010643e-08	1.425498e+01	6.007136e+02
2.360000e-06	1.877484e-06	9.910213e-09	1.320116e+01	5.891973e+02
2.370000e-06	1.726982e-06	9.705517e-09	1.214293e+01	5.773554e+02
2.380000e-06	1.575851e-06	9.497992e-09	1.108029e+01	5.651844e+02
2.390000e-06	1.424150e-06	9.286256e-09	1.001363e+01	5.526881e+02
2.400000e-06	1.271844e-06	9.074290e-09	8.942722e+00	5.398711e+02
2.410000e-06	1.119044e-06	8.856166e-09	7.868340e+00	5.267314e+02
2.420000e-06	9.659322e-07	8.631248e-09	6.791763e+00	5.132546e+02
2.430000e-06	8.124945e-07	8.399360e-09	5.712896e+00	4.994108e+02
2.440000e-06	6.587297e-07	8.156594e-09	4.631729e+00	4.851556e+02
2.450000e-06	5.047208e-07	7.905521e-09	3.548845e+00	4.704347e+02
2.460000e-06	3.505759e-07	7.644099e-09	2.465006e+00	4.551891e+02
2.470000e-06	1.963196e-07	7.377255e-09	1.380383e+00	4.393612e+02
2.480000e-06	4.199958e-08	7.102058e-09	2.953118e-01	4.228972e+02
2.490000e-06	-1.122486e-07	6.816068e-09	-7.892540e-01	4.057486e+02
2.500000e-06	-2.664311e-07	6.517109e-09	-1.873358e+00	3.878709e+02
2.510000e-06	-4.205244e-07	6.205296e-09	-2.956835e+00	3.692220e+02
2.520000e-06	-5.744674e-07	5.877981e-09	-4.039255e+00	3.497611e+02
2.530000e-06	-7.282173e-07	5.531422e-09	-5.120317e+00	3.294489e+02
2.540000e-06	-8.816956e-07	5.168992e-09	-6.199470e+00	3.082483e+02
2.550000e-06	-1.034861e-06	4.793945e-09	-7.276423e+00	2.861237e+02
2.560000e-06	-1.187646e-06	4.406922e-09	-8.350703e+00	2.630369e+02
2.570000e-06	-1.339938e-06	4.006067e-09	-9.421508e+00	2.389400e+02
2.580000e-06	-1.491660e-06	3.587683e-09	-1.048831e+01	2.137653e+02
2.590000e-06	-1.642805e-06	3.149734e-09	-1.155106e+01	1.874155e+02
2.600000e-06	-1.793337e-06	2.687408e-09	-1.260950e+01	1.597590e+02
2.610000e-06	-1.943276e-06	2.196098e-09	-1.366376e+01	1.306348e+02
2.620000e-06	-2.092644e-06	1.675850e-09	-1.471402e+01	9.986890e+01
2.630000e-06	-2.241330e-06	1.127042e-09	-1.575948e+01	6.730292e+01
2.640000e-06	-2.389141e-06	5.489762e-10	-1.679877e+01	3.282961e+01
2.650000e-06	-2.536035e-06	-5.852490e-11	-1.783163e+01	-3.571510e+00
2.660000e-06	-2.682052e-06	-6.947693e-10	-1.885832e+01	-4.180698e+01
2.670000e-06	-2.827172e-06	-1.358672e-09	-1.987870e+01	-8.165782e+01
2.680000e-06	-2.971216e-06	-2.045627e-09	-2.089152e+01	-1.227873e+02
2.690000e-06	-3.114033e-06	-2.749911e-09	-2.189571e+01	-1.647673e+02
2.700000e-06	-3.255692e-06	-3.463690e-09	-2.289176e+01	-2.071169e+02
2.710000e-06	-3.396163e-06	-4.178002e-09	-2.387945e+01	-2.493466e+02
2.720000e-06	-3.535311e-06	-4.880592e-09	-2.485785e+01	-2.909970e+02
2.730000e-06	-3.673171e-06	-5.562768e-09	-2.582718e+01	-3.316669e+02
2.740000e-06	-3.809655e-06	-6.222087e-09	-2.678684e+01	-3.710279e+02
2.750000e-06	-3.944629e-06	-6.855365e-09	-2.773589e+01	-4.088255e+02
2.760000e-06	-4.078228e-06	-7.459623e-09	-2.867526e+01	-4.448729e+02
2.770000e-06	-4.210468e-06	-8.035090e-09	-2.960508e+01	-4.790413e+02
2.780000e-06	-4.341257e-06	-8.580999e-09	-3.052469e+01	-5.112530e+02
2.790000e-06	-4.470535e-06	-9.093201e-09	-3.143369e+01	-5.414773e+02
2.800000e-06	-4.598198e-06	-9.570312e-09	-3.233133e+01	-5.697293e+02
2.810000e-06	-4.724241e-06	-1.001377e-08	-3.321758e+01	-5.960680e+02
2.820000e-06	-4.848668e-06	-1.042759e-08	-3.409246e+01	-6.205904e+02
2.830000e-06	-4.971330e-06	-1.081137e-08	-3.495493e+01	-6.434206e+02
2.840000e-06	-5.092119e-06	-1.116747e-08	-3.580424e+01	-6.646938e+02
2.850000e-06	-5.210980e-06	-1.150227e-08	-3.663999e+01	-6.845394e+02
2.860000e-06	-5.327803e-06	-1.181874e-08	-3.746141e+01	-7.030676e+02
2.870000e-06	-5.442407e-06	-1.211433e-08	-3.826722e+01	-7.203637e+02
2.880000e-06	-5.554810e-06	-1.238692e-08	-3.905756e+01	-7.364915e+02
2.890000e-06	-5.665154e-06	-1.263903e-08	-3.983342e+01	-7.515036e+02
2.900000e-06	-5.773489e-06	-1.287461e-08	-4.059516e+01	-7.654552e+02
2.910000e-06	-5.879928e-06	-1.309359e-08	-4.134356e+01	-7.784147e+02
2.920000e-06	-5.984356e-06	-1.329598e-08	-4.207782e+01	-7.904676e+02
2.930000e-06	-6.086561e-06	-1.348528e-08	-4.279646e+01	-8.017105e+02
2.940000e-06	-6.186576e-06	-1.366397e-08	-4.349970e+01	-8.122393e+02
2.950000e-06	-6.284470e-06	-1.383180e-08	-4.418802e+01	-8.221343e+02
2.960000e-06	-6.380161e-06	-1.398900e-08	-4.486085e+01	-8.314493e+02
2.970000e-06	-6.473511e-06	-1.413784e-08	-4.551722e+01	-8.402090e+02
2.980000e-06	-6.564552e-06	-1.427699e-08	-4.615736e+01	-8.484161e+02
2.990000e-06	-6.653355e-06	-1.440650e-08	-4.678176e+01	-8.560659e+02
3.000000e-06	-6.739867e-06	-1.452739e-08	-4.739006e+01	-8.631630e+02
3.010000e-06	-6.823970e-06	-1.464151e-08	-4.798141e+01	-8.697336e+02
3.020000e-06	-6.905655e-06	-1.474690e-08	-4.855576e+01	-8.758290e+02
3.030000e-06	-6.984813e-06	-1.484225e-08	-4.911234e+01	-8.815189e+02
3.040000e-06	-7.061260e-06	-1.492988e-08	-4.964986e+01	-8.868760e+02
3.050000e-06	-7.135051e-06	-1.501337e-08	-5.016871e+01	-8.919597e+02
3.060000e-06	-7.206228e-06	-1.509320e-08	-5.066918e+01	-8.968030e+02
3.070000e-06	-7.274775e-06	-1.516965e-08	-5.115115e+01	-9.014090e+02
3.080000e-06	-7.340793e-06	-1.524395e-08	-5.161535e+01	-9.057575e+02
3.090000e-06	-7.404233e-06	-1.531512e-08	-5.206141e+01	-9.098200e+02
3.100000e-06	-7.465042e-06	-1.538185e-08	-5.248898e+01	-9.135762e+02
3.110000e-06	-7.523253e-06	-1.543939e-08	-5.289828e+01	-9.170270e+02
3.120000e-06	-7.578704e-06	-1.548906e-08	-5.328817e+01	-9.201979e+02
3.130000e-06	-7.631212e-06	-1.553442e-08	-5.365737e+01	-9.231329e+02
3.140000e-06	-7.680664e-06	-1.557891e-08	-5.400508e+01	-9.258801e+02
3.150000e-06	-7.727148e-06	-1.562348e-08	-5.433193e+01	-9.284765e+02
3.160000e-06	-7.771053e-06	-1.566807e-08	-5.464064e+01	-9.309366e+02
3.170000e-06	-7.812510e-06	-1.570922e-08	-5.493213e+01	-9.332500e+02
3.180000e-06	-7.851244e-06	-1.574587e-08	-5.520448e+01	-9.353882e+02
3.190000e-06	-7.887144e-06	-1.577737e-08	-5.545691e+01	-9.373189e+02
3.200000e-06	-7.920289e-06	-1.580482e-08	-5.568996e+01	-9.390201e+02
3.210000e-06	-7.950554e-06	-1.582888e-08	-5.590276e+01	-9.404909e+02
3.220000e-06	-7.977930e-06	-1.584978e-08	-5.609525e+01	-9.417521e+02
3.230000e-06	-8.002572e-06	-1.586884e-08	-5.626852e+01	-9.428395e+02
3.240000e-06	-8.024391e-06	-1.588674e-08	-5.642193e+01	-9.437897e+02
3.250000e-06	-8.043365e-06	-1.590282e-08	-5.655534e+01	-9.446271e+02
3.260000e-06	-8.059508e-06	-1.591503e-08	-5.666885e+01	-9.453553e+02
3.270000e-06	-8.072554e-06	-1.592473e-08	-5.676058e+01	-9.459580e+02
3.280000e-06	-8.082513e-06	-1.593234e-08	-5.683061e+01	-9.464077e+02
3.290000e-06	-8.089597e-06	-1.593879e-08	-5.688042e+01	-9.466797e+02
3.300000e-06	-8.093829e-06	-1.594358e-08	-5.691017e+01	-9.467648e+02
3.310000e-06	-8.095312e-06	-1.594576e-08	-5.692060e+01	-9.466758e+02
