# Temperatura_=_49.66
# Concentracion g/m^3_=_11780.0
# C_Vs_to_Am_M_A/Vsm_=_59384043850.047264
# pendiente_HvsI_1/m_=_3716.3
# ordenada_HvsI_A/m_=_1297.0
# frecuencia_Hz_=_301536.6048041561

Tiempo_(s)	Campo_(V.s)	Magnetizacion_(V.s)	Campo_(kA/m)	Magnetizacion_(A/m)
0.000000e+00	-8.133439e-06	-1.532192e-08	-5.691670e+01	-9.099712e+02
1.000000e-08	-8.130164e-06	-1.531994e-08	-5.689379e+01	-9.097243e+02
2.000000e-08	-8.124295e-06	-1.531596e-08	-5.685271e+01	-9.093385e+02
3.000000e-08	-8.115686e-06	-1.530541e-08	-5.679247e+01	-9.088455e+02
4.000000e-08	-8.104155e-06	-1.529492e-08	-5.671177e+01	-9.082698e+02
5.000000e-08	-8.089686e-06	-1.528764e-08	-5.661053e+01	-9.076176e+02
6.000000e-08	-8.072394e-06	-1.528583e-08	-5.648952e+01	-9.068741e+02
7.000000e-08	-8.052577e-06	-1.527447e-08	-5.635084e+01	-9.060080e+02
8.000000e-08	-8.030105e-06	-1.519727e-08	-5.619358e+01	-9.049843e+02
9.000000e-08	-8.004398e-06	-1.517241e-08	-5.601369e+01	-9.037785e+02
1.000000e-07	-7.975374e-06	-1.520357e-08	-5.581058e+01	-9.023878e+02
1.100000e-07	-7.943488e-06	-1.519190e-08	-5.558745e+01	-9.008338e+02
1.200000e-07	-7.908929e-06	-1.514631e-08	-5.534561e+01	-8.991572e+02
1.300000e-07	-7.871883e-06	-1.512094e-08	-5.508637e+01	-8.974031e+02
1.400000e-07	-7.832688e-06	-1.513806e-08	-5.481209e+01	-8.956057e+02
1.500000e-07	-7.791096e-06	-1.504101e-08	-5.452103e+01	-8.937757e+02
1.600000e-07	-7.746660e-06	-1.504262e-08	-5.421007e+01	-8.918960e+02
1.700000e-07	-7.699426e-06	-1.498529e-08	-5.387954e+01	-8.899274e+02
1.800000e-07	-7.649202e-06	-1.490333e-08	-5.352807e+01	-8.878222e+02
1.900000e-07	-7.595895e-06	-1.495253e-08	-5.315504e+01	-8.855404e+02
2.000000e-07	-7.539801e-06	-1.487301e-08	-5.276250e+01	-8.830632e+02
2.100000e-07	-7.480964e-06	-1.483772e-08	-5.235077e+01	-8.803980e+02
2.200000e-07	-7.419483e-06	-1.477422e-08	-5.192054e+01	-8.775740e+02
2.300000e-07	-7.355336e-06	-1.473011e-08	-5.147164e+01	-8.746304e+02
2.400000e-07	-7.288450e-06	-1.470546e-08	-5.100359e+01	-8.716008e+02
2.500000e-07	-7.218925e-06	-1.460589e-08	-5.051706e+01	-8.685008e+02
2.600000e-07	-7.146668e-06	-1.456139e-08	-5.001141e+01	-8.653225e+02
2.700000e-07	-7.071610e-06	-1.451956e-08	-4.948617e+01	-8.620383e+02
2.800000e-07	-6.993766e-06	-1.448878e-08	-4.894143e+01	-8.586121e+02
2.900000e-07	-6.913199e-06	-1.440226e-08	-4.837763e+01	-8.550128e+02
3.000000e-07	-6.830164e-06	-1.431899e-08	-4.779656e+01	-8.512266e+02
3.100000e-07	-6.744875e-06	-1.428273e-08	-4.719972e+01	-8.472612e+02
3.200000e-07	-6.657310e-06	-1.419997e-08	-4.658695e+01	-8.431426e+02
3.300000e-07	-6.567364e-06	-1.413609e-08	-4.595752e+01	-8.389049e+02
3.400000e-07	-6.475081e-06	-1.405194e-08	-4.531174e+01	-8.345768e+02
3.500000e-07	-6.380489e-06	-1.398218e-08	-4.464980e+01	-8.301710e+02
3.600000e-07	-6.283522e-06	-1.391602e-08	-4.397124e+01	-8.256794e+02
3.700000e-07	-6.184247e-06	-1.383059e-08	-4.327652e+01	-8.210764e+02
3.800000e-07	-6.082849e-06	-1.374338e-08	-4.256695e+01	-8.163284e+02
3.900000e-07	-5.979289e-06	-1.365364e-08	-4.184225e+01	-8.114062e+02
4.000000e-07	-5.873450e-06	-1.359285e-08	-4.110160e+01	-8.062950e+02
4.100000e-07	-5.765436e-06	-1.350275e-08	-4.034573e+01	-8.009988e+02
4.200000e-07	-5.655428e-06	-1.340823e-08	-3.957592e+01	-7.955382e+02
4.300000e-07	-5.543399e-06	-1.330928e-08	-3.879196e+01	-7.899409e+02
4.400000e-07	-5.429196e-06	-1.321860e-08	-3.799278e+01	-7.842309e+02
4.500000e-07	-5.312795e-06	-1.311877e-08	-3.717822e+01	-7.784184e+02
4.600000e-07	-5.194374e-06	-1.300653e-08	-3.634952e+01	-7.724962e+02
4.700000e-07	-5.074079e-06	-1.290439e-08	-3.550772e+01	-7.664409e+02
4.800000e-07	-4.951933e-06	-1.280633e-08	-3.465296e+01	-7.602220e+02
4.900000e-07	-4.828015e-06	-1.271116e-08	-3.378579e+01	-7.538120e+02
5.000000e-07	-4.702382e-06	-1.259392e-08	-3.290663e+01	-7.471955e+02
5.100000e-07	-4.575060e-06	-1.247538e-08	-3.201565e+01	-7.403741e+02
5.200000e-07	-4.446126e-06	-1.235776e-08	-3.111338e+01	-7.333641e+02
5.300000e-07	-4.315539e-06	-1.223969e-08	-3.019955e+01	-7.261896e+02
5.400000e-07	-4.183302e-06	-1.211031e-08	-2.927418e+01	-7.188720e+02
5.500000e-07	-4.049662e-06	-1.197856e-08	-2.833898e+01	-7.114206e+02
5.600000e-07	-3.914603e-06	-1.185592e-08	-2.739386e+01	-7.038276e+02
5.700000e-07	-3.778070e-06	-1.173268e-08	-2.643842e+01	-6.960687e+02
5.800000e-07	-3.640164e-06	-1.160066e-08	-2.547337e+01	-6.881096e+02
5.900000e-07	-3.500782e-06	-1.145714e-08	-2.449799e+01	-6.799162e+02
6.000000e-07	-3.359939e-06	-1.131644e-08	-2.351240e+01	-6.714638e+02
6.100000e-07	-3.217708e-06	-1.117275e-08	-2.251708e+01	-6.627441e+02
6.200000e-07	-3.074265e-06	-1.102159e-08	-2.151329e+01	-6.537657e+02
6.300000e-07	-2.929768e-06	-1.086341e-08	-2.050212e+01	-6.445500e+02
6.400000e-07	-2.784149e-06	-1.070475e-08	-1.948310e+01	-6.351216e+02
6.500000e-07	-2.637558e-06	-1.054813e-08	-1.845727e+01	-6.254983e+02
6.600000e-07	-2.490092e-06	-1.038555e-08	-1.742533e+01	-6.156835e+02
6.700000e-07	-2.341767e-06	-1.021575e-08	-1.638737e+01	-6.056624e+02
6.800000e-07	-2.192706e-06	-1.004088e-08	-1.534426e+01	-5.954050e+02
6.900000e-07	-2.042915e-06	-9.867106e-09	-1.429604e+01	-5.848726e+02
7.000000e-07	-1.892340e-06	-9.687205e-09	-1.324234e+01	-5.740283e+02
7.100000e-07	-1.741087e-06	-9.496379e-09	-1.218389e+01	-5.628454e+02
7.200000e-07	-1.589213e-06	-9.298147e-09	-1.112110e+01	-5.513132e+02
7.300000e-07	-1.436727e-06	-9.099884e-09	-1.005402e+01	-5.394368e+02
7.400000e-07	-1.283684e-06	-8.900067e-09	-8.983045e+00	-5.272315e+02
7.500000e-07	-1.130164e-06	-8.689818e-09	-7.908732e+00	-5.147137e+02
7.600000e-07	-9.763023e-07	-8.472812e-09	-6.832031e+00	-5.018905e+02
7.700000e-07	-8.221487e-07	-8.252517e-09	-5.753285e+00	-4.887508e+02
7.800000e-07	-6.677037e-07	-8.028972e-09	-4.672500e+00	-4.752616e+02
7.900000e-07	-5.130533e-07	-7.794555e-09	-3.590277e+00	-4.613690e+02
8.000000e-07	-3.582211e-07	-7.547309e-09	-2.506782e+00	-4.470045e+02
8.100000e-07	-2.031519e-07	-7.292249e-09	-1.421630e+00	-4.320943e+02
8.200000e-07	-4.791105e-08	-7.031872e-09	-3.352750e-01	-4.165687e+02
8.300000e-07	1.072696e-07	-6.762618e-09	7.506580e-01	-4.003693e+02
8.400000e-07	2.623644e-07	-6.477710e-09	1.835991e+00	-3.834532e+02
8.500000e-07	4.173765e-07	-6.181134e-09	2.920744e+00	-3.657918e+02
8.600000e-07	5.721946e-07	-5.874207e-09	4.004140e+00	-3.473670e+02
8.700000e-07	7.268118e-07	-5.551123e-09	5.086130e+00	-3.281653e+02
8.800000e-07	8.811792e-07	-5.207447e-09	6.166372e+00	-3.081714e+02
8.900000e-07	1.035208e-06	-4.850979e-09	7.244245e+00	-2.873632e+02
9.000000e-07	1.188872e-06	-4.488645e-09	8.319562e+00	-2.657066e+02
9.100000e-07	1.342110e-06	-4.114975e-09	9.391902e+00	-2.431528e+02
9.200000e-07	1.494808e-06	-3.720610e-09	1.046046e+01	-2.196346e+02
9.300000e-07	1.646941e-06	-3.303973e-09	1.152507e+01	-1.950645e+02
9.400000e-07	1.798509e-06	-2.870325e-09	1.258572e+01	-1.693339e+02
9.500000e-07	1.949432e-06	-2.415113e-09	1.364186e+01	-1.423158e+02
9.600000e-07	2.099633e-06	-1.930874e-09	1.469295e+01	-1.138733e+02
9.700000e-07	2.249025e-06	-1.416923e-09	1.573837e+01	-8.387477e+01
9.800000e-07	2.397560e-06	-8.815094e-10	1.677780e+01	-5.221533e+01
9.900000e-07	2.545281e-06	-3.241888e-10	1.781153e+01	-1.884215e+01
1.000000e-06	2.692156e-06	2.662153e-10	1.883934e+01	1.622094e+01
1.010000e-06	2.838042e-06	8.894567e-10	1.986023e+01	5.285526e+01
1.020000e-06	2.982915e-06	1.535550e-09	2.087403e+01	9.084054e+01
1.030000e-06	3.126744e-06	2.193853e-09	2.188053e+01	1.298626e+02
1.040000e-06	3.269361e-06	2.863207e-09	2.287854e+01	1.695350e+02
1.050000e-06	3.410672e-06	3.539918e-09	2.386742e+01	2.094318e+02
1.060000e-06	3.550709e-06	4.212393e-09	2.484738e+01	2.491234e+02
1.070000e-06	3.689514e-06	4.868985e-09	2.581872e+01	2.882104e+02
1.080000e-06	3.826904e-06	5.509051e-09	2.678015e+01	3.263480e+02
1.090000e-06	3.962770e-06	6.134124e-09	2.773092e+01	3.632586e+02
1.100000e-06	4.097171e-06	6.736218e-09	2.867145e+01	3.987320e+02
1.110000e-06	4.230097e-06	7.306731e-09	2.960164e+01	4.326177e+02
1.120000e-06	4.361551e-06	7.845992e-09	3.052154e+01	4.648137e+02
1.130000e-06	4.491493e-06	8.359781e-09	3.143086e+01	4.952568e+02
1.140000e-06	4.619839e-06	8.845399e-09	3.232901e+01	5.239168e+02
1.150000e-06	4.746556e-06	9.298198e-09	3.321575e+01	5.507957e+02
1.160000e-06	4.871574e-06	9.717282e-09	3.409062e+01	5.759282e+02
1.170000e-06	4.994899e-06	1.011150e-08	3.495362e+01	5.993820e+02
1.180000e-06	5.116487e-06	1.048358e-08	3.580448e+01	6.212528e+02
1.190000e-06	5.236181e-06	1.082714e-08	3.664209e+01	6.416545e+02
1.200000e-06	5.353885e-06	1.114234e-08	3.746576e+01	6.607053e+02
1.210000e-06	5.469574e-06	1.143765e-08	3.827534e+01	6.785138e+02
1.220000e-06	5.583186e-06	1.171842e-08	3.907038e+01	6.951689e+02
1.230000e-06	5.694710e-06	1.198156e-08	3.985081e+01	7.107372e+02
1.240000e-06	5.804215e-06	1.222395e-08	4.061711e+01	7.252681e+02
1.250000e-06	5.911723e-06	1.245111e-08	4.136944e+01	7.388040e+02
1.260000e-06	6.017121e-06	1.266748e-08	4.210700e+01	7.513929e+02
1.270000e-06	6.120278e-06	1.286599e-08	4.282887e+01	7.630964e+02
1.280000e-06	6.221165e-06	1.304321e-08	4.353487e+01	7.739915e+02
1.290000e-06	6.319756e-06	1.320844e-08	4.422479e+01	7.841643e+02
1.300000e-06	6.416050e-06	1.336943e-08	4.489865e+01	7.936979e+02
1.310000e-06	6.510109e-06	1.352401e-08	4.555686e+01	8.026602e+02
1.320000e-06	6.601970e-06	1.366543e-08	4.619969e+01	8.110949e+02
1.330000e-06	6.691483e-06	1.379534e-08	4.682609e+01	8.190214e+02
1.340000e-06	6.778598e-06	1.392031e-08	4.743571e+01	8.264418e+02
1.350000e-06	6.863366e-06	1.403696e-08	4.802890e+01	8.333543e+02
1.360000e-06	6.945772e-06	1.414014e-08	4.860557e+01	8.397671e+02
1.370000e-06	7.025695e-06	1.423409e-08	4.916486e+01	8.457073e+02
1.380000e-06	7.103019e-06	1.432911e-08	4.970596e+01	8.512224e+02
1.390000e-06	7.177692e-06	1.442335e-08	5.022851e+01	8.563731e+02
1.400000e-06	7.249701e-06	1.450761e-08	5.073242e+01	8.612198e+02
1.410000e-06	7.319122e-06	1.458110e-08	5.121822e+01	8.658088e+02
1.420000e-06	7.385908e-06	1.465246e-08	5.168558e+01	8.701636e+02
1.430000e-06	7.450038e-06	1.472271e-08	5.213436e+01	8.742832e+02
1.440000e-06	7.511629e-06	1.478559e-08	5.256536e+01	8.781504e+02
1.450000e-06	7.570665e-06	1.484160e-08	5.297848e+01	8.817440e+02
1.460000e-06	7.626991e-06	1.489743e-08	5.337265e+01	8.850527e+02
1.470000e-06	7.680457e-06	1.495475e-08	5.374680e+01	8.880837e+02
1.480000e-06	7.730790e-06	1.500558e-08	5.409902e+01	8.908632e+02
1.490000e-06	7.778014e-06	1.504704e-08	5.442949e+01	8.934293e+02
1.500000e-06	7.822446e-06	1.508451e-08	5.474042e+01	8.958197e+02
1.510000e-06	7.864120e-06	1.512286e-08	5.503205e+01	8.980592e+02
1.520000e-06	7.902963e-06	1.515841e-08	5.530386e+01	9.001529e+02
1.530000e-06	7.939088e-06	1.518781e-08	5.555666e+01	9.020871e+02
1.540000e-06	7.972488e-06	1.521452e-08	5.579039e+01	9.038370e+02
1.550000e-06	8.003097e-06	1.524334e-08	5.600458e+01	9.053803e+02
1.560000e-06	8.030971e-06	1.526949e-08	5.619965e+01	9.067076e+02
1.570000e-06	8.055952e-06	1.528735e-08	5.637446e+01	9.078292e+02
1.580000e-06	8.078083e-06	1.530077e-08	5.652933e+01	9.087729e+02
1.590000e-06	8.097494e-06	1.531496e-08	5.666517e+01	9.095746e+02
1.600000e-06	8.114025e-06	1.532764e-08	5.678085e+01	9.102656e+02
1.610000e-06	8.127521e-06	1.533396e-08	5.687529e+01	9.108621e+02
1.620000e-06	8.137900e-06	1.533669e-08	5.694792e+01	9.113601e+02
1.630000e-06	8.145221e-06	1.534231e-08	5.699915e+01	9.117385e+02
1.640000e-06	8.149669e-06	1.535043e-08	5.703028e+01	9.119697e+02
1.650000e-06	8.151273e-06	1.535186e-08	5.704150e+01	9.120319e+02
1.660000e-06	8.150101e-06	1.535474e-08	5.703330e+01	9.119190e+02
1.670000e-06	8.146285e-06	1.535059e-08	5.700660e+01	9.116449e+02
1.680000e-06	8.139752e-06	1.534343e-08	5.696088e+01	9.112374e+02
1.690000e-06	8.130537e-06	1.533351e-08	5.689639e+01	9.107280e+02
1.700000e-06	8.118576e-06	1.531576e-08	5.681270e+01	9.101385e+02
1.710000e-06	8.103777e-06	1.529425e-08	5.670913e+01	9.094715e+02
1.720000e-06	8.086428e-06	1.526587e-08	5.658772e+01	9.087084e+02
1.730000e-06	8.066684e-06	1.531863e-08	5.644956e+01	9.078164e+02
1.740000e-06	8.044075e-06	1.533094e-08	5.629134e+01	9.067612e+02
1.750000e-06	8.017957e-06	1.526036e-08	5.610858e+01	9.055216e+02
1.760000e-06	7.988232e-06	1.522026e-08	5.590056e+01	9.040992e+02
1.770000e-06	7.955438e-06	1.520461e-08	5.567108e+01	9.025198e+02
1.780000e-06	7.920090e-06	1.513310e-08	5.542371e+01	9.008259e+02
1.790000e-06	7.882336e-06	1.510465e-08	5.515952e+01	8.990618e+02
1.800000e-06	7.842413e-06	1.514765e-08	5.488014e+01	8.972584e+02
1.810000e-06	7.800196e-06	1.501695e-08	5.458471e+01	8.954213e+02
1.820000e-06	7.755408e-06	1.506680e-08	5.427129e+01	8.935288e+02
1.830000e-06	7.707940e-06	1.504246e-08	5.393912e+01	8.915390e+02
1.840000e-06	7.657377e-06	1.495211e-08	5.358529e+01	8.894045e+02
1.850000e-06	7.603779e-06	1.498056e-08	5.321021e+01	8.870883e+02
1.860000e-06	7.547378e-06	1.484044e-08	5.281552e+01	8.845760e+02
1.870000e-06	7.488256e-06	1.487857e-08	5.240180e+01	8.818795e+02
1.880000e-06	7.426484e-06	1.479651e-08	5.196952e+01	8.790310e+02
1.890000e-06	7.361905e-06	1.473599e-08	5.151761e+01	8.760697e+02
1.900000e-06	7.294606e-06	1.473955e-08	5.104666e+01	8.730268e+02
1.910000e-06	7.224495e-06	1.462783e-08	5.055603e+01	8.699138e+02
1.920000e-06	7.151648e-06	1.463215e-08	5.004626e+01	8.667188e+02
1.930000e-06	7.076121e-06	1.451606e-08	4.951773e+01	8.634117e+02
1.940000e-06	6.997805e-06	1.449391e-08	4.896969e+01	8.599562e+02
1.950000e-06	6.916954e-06	1.442528e-08	4.840391e+01	8.563237e+02
1.960000e-06	6.833658e-06	1.434086e-08	4.782101e+01	8.525041e+02
1.970000e-06	6.747863e-06	1.431803e-08	4.722063e+01	8.485088e+02
1.980000e-06	6.659593e-06	1.419581e-08	4.660293e+01	8.443662e+02
1.990000e-06	6.569047e-06	1.416696e-08	4.596930e+01	8.401103e+02
2.000000e-06	6.476207e-06	1.406127e-08	4.531962e+01	8.357678e+02
2.010000e-06	6.380974e-06	1.400951e-08	4.465319e+01	8.313475e+02
2.020000e-06	6.283530e-06	1.392296e-08	4.397129e+01	8.268381e+02
2.030000e-06	6.183892e-06	1.384582e-08	4.327403e+01	8.222114e+02
2.040000e-06	6.082026e-06	1.377995e-08	4.256119e+01	8.174339e+02
2.050000e-06	5.977948e-06	1.367629e-08	4.183287e+01	8.124783e+02
2.060000e-06	5.871752e-06	1.360523e-08	4.108972e+01	8.073329e+02
2.070000e-06	5.763471e-06	1.348770e-08	4.033198e+01	8.020053e+02
2.080000e-06	5.653075e-06	1.341643e-08	3.955945e+01	7.965179e+02
2.090000e-06	5.540540e-06	1.331051e-08	3.877195e+01	7.908988e+02
2.100000e-06	5.425839e-06	1.322986e-08	3.796928e+01	7.851700e+02
2.110000e-06	5.309031e-06	1.312497e-08	3.715188e+01	7.793387e+02
2.120000e-06	5.190115e-06	1.302876e-08	3.631972e+01	7.733945e+02
2.130000e-06	5.069317e-06	1.292058e-08	3.547439e+01	7.673121e+02
2.140000e-06	4.946734e-06	1.281097e-08	3.461657e+01	7.610606e+02
2.150000e-06	4.822309e-06	1.270707e-08	3.374587e+01	7.546141e+02
2.160000e-06	4.696166e-06	1.258953e-08	3.286313e+01	7.479602e+02
2.170000e-06	4.568368e-06	1.248247e-08	3.196882e+01	7.411033e+02
2.180000e-06	4.438980e-06	1.236032e-08	3.106338e+01	7.340619e+02
2.190000e-06	4.308041e-06	1.224972e-08	3.014709e+01	7.268603e+02
2.200000e-06	4.175530e-06	1.211495e-08	2.921979e+01	7.195183e+02
2.210000e-06	4.041549e-06	1.198954e-08	2.828221e+01	7.120425e+02
2.220000e-06	3.906108e-06	1.185418e-08	2.733441e+01	7.044217e+02
2.230000e-06	3.769161e-06	1.172724e-08	2.637608e+01	6.966294e+02
2.240000e-06	3.630839e-06	1.159108e-08	2.540812e+01	6.886307e+02
2.250000e-06	3.491184e-06	1.145370e-08	2.443083e+01	6.803921e+02
2.260000e-06	3.350200e-06	1.131544e-08	2.344424e+01	6.718919e+02
2.270000e-06	3.207901e-06	1.116789e-08	2.244846e+01	6.631246e+02
2.280000e-06	3.064346e-06	1.101460e-08	2.144388e+01	6.541018e+02
2.290000e-06	2.919708e-06	1.084998e-08	2.043172e+01	6.448462e+02
2.300000e-06	2.774112e-06	1.068871e-08	1.941286e+01	6.353817e+02
2.310000e-06	2.627542e-06	1.052415e-08	1.838718e+01	6.257242e+02
2.320000e-06	2.480035e-06	1.036234e-08	1.735495e+01	6.158739e+02
2.330000e-06	2.331621e-06	1.019333e-08	1.631636e+01	6.058130e+02
2.340000e-06	2.182370e-06	1.002292e-08	1.527193e+01	5.955091e+02
2.350000e-06	2.032426e-06	9.846665e-09	1.422264e+01	5.849233e+02
2.360000e-06	1.881798e-06	9.660721e-09	1.316857e+01	5.740198e+02
2.370000e-06	1.730405e-06	9.465527e-09	1.210914e+01	5.627746e+02
2.380000e-06	1.578307e-06	9.265825e-09	1.104478e+01	5.511799e+02
2.390000e-06	1.425706e-06	9.065262e-09	9.976900e+00	5.392432e+02
2.400000e-06	1.272726e-06	8.862200e-09	8.906364e+00	5.269808e+02
2.410000e-06	1.119316e-06	8.651852e-09	7.832824e+00	5.144082e+02
2.420000e-06	9.654392e-07	8.437031e-09	6.756012e+00	5.015296e+02
2.430000e-06	8.111720e-07	8.217646e-09	5.676472e+00	4.883304e+02
2.440000e-06	6.566156e-07	7.988809e-09	4.594907e+00	4.747733e+02
2.450000e-06	5.018525e-07	7.747213e-09	3.511895e+00	4.608015e+02
2.460000e-06	3.469208e-07	7.497535e-09	2.427704e+00	4.463448e+02
2.470000e-06	1.918632e-07	7.246485e-09	1.342633e+00	4.313293e+02
2.480000e-06	3.673415e-08	6.987331e-09	2.570606e-01	4.156869e+02
2.490000e-06	-1.183821e-07	6.715804e-09	-8.284221e-01	3.993620e+02
2.500000e-06	-2.734200e-07	6.430126e-09	-1.913356e+00	3.823143e+02
2.510000e-06	-4.283457e-07	6.134537e-09	-2.997505e+00	3.645175e+02
2.520000e-06	-5.831142e-07	5.823739e-09	-4.080554e+00	3.459546e+02
2.530000e-06	-7.376521e-07	5.492175e-09	-5.161989e+00	3.266124e+02
2.540000e-06	-8.919107e-07	5.144100e-09	-6.241470e+00	3.064749e+02
2.550000e-06	-1.045742e-06	4.787578e-09	-7.317962e+00	2.855178e+02
2.560000e-06	-1.199097e-06	4.424977e-09	-8.391116e+00	2.637048e+02
2.570000e-06	-1.352031e-06	4.047675e-09	-9.461330e+00	2.409840e+02
2.580000e-06	-1.504498e-06	3.652304e-09	-1.052827e+01	2.172848e+02
2.590000e-06	-1.656470e-06	3.238624e-09	-1.159175e+01	1.925158e+02
2.600000e-06	-1.807827e-06	2.805211e-09	-1.265093e+01	1.665647e+02
2.610000e-06	-1.958505e-06	2.345588e-09	-1.370535e+01	1.393021e+02
2.620000e-06	-2.108512e-06	1.856671e-09	-1.475508e+01	1.105907e+02
2.630000e-06	-2.257767e-06	1.343650e-09	-1.579955e+01	8.030189e+01
2.640000e-06	-2.406173e-06	8.084314e-10	-1.683807e+01	4.833815e+01
2.650000e-06	-2.553709e-06	2.489226e-10	-1.787051e+01	1.465866e+01
2.660000e-06	-2.700406e-06	-3.384653e-10	-1.889708e+01	-2.069688e+01
2.670000e-06	-2.846137e-06	-9.543828e-10	-1.991688e+01	-5.759175e+01
2.680000e-06	-2.990793e-06	-1.592735e-09	-2.092916e+01	-9.578788e+01
2.690000e-06	-3.134336e-06	-2.249183e-09	-2.193366e+01	-1.349562e+02
2.700000e-06	-3.276714e-06	-2.919602e-09	-2.293000e+01	-1.747008e+02
2.710000e-06	-3.417839e-06	-3.595165e-09	-2.391757e+01	-2.145922e+02
2.720000e-06	-3.557641e-06	-4.261731e-09	-2.489589e+01	-2.542041e+02
2.730000e-06	-3.696128e-06	-4.911601e-09	-2.586500e+01	-2.931453e+02
2.740000e-06	-3.833215e-06	-5.546058e-09	-2.682432e+01	-3.310824e+02
2.750000e-06	-3.968883e-06	-6.161153e-09	-2.777370e+01	-3.677502e+02
2.760000e-06	-4.103171e-06	-6.751663e-09	-2.871344e+01	-4.029497e+02
2.770000e-06	-4.235974e-06	-7.315573e-09	-2.964277e+01	-4.365402e+02
2.780000e-06	-4.367247e-06	-7.854542e-09	-3.056140e+01	-4.684271e+02
2.790000e-06	-4.496989e-06	-8.367451e-09	-3.146932e+01	-4.985534e+02
2.800000e-06	-4.625129e-06	-8.847841e-09	-3.236602e+01	-5.268945e+02
2.810000e-06	-4.751674e-06	-9.293333e-09	-3.325157e+01	-5.534582e+02
2.820000e-06	-4.876531e-06	-9.708860e-09	-3.412530e+01	-5.782853e+02
2.830000e-06	-4.999631e-06	-1.009791e-08	-3.498674e+01	-6.014490e+02
2.840000e-06	-5.120955e-06	-1.046117e-08	-3.583574e+01	-6.230491e+02
2.850000e-06	-5.240423e-06	-1.080074e-08	-3.667177e+01	-6.432012e+02
2.860000e-06	-5.357842e-06	-1.112097e-08	-3.749345e+01	-6.620229e+02
2.870000e-06	-5.473004e-06	-1.142299e-08	-3.829934e+01	-6.796198e+02
2.880000e-06	-5.585971e-06	-1.170395e-08	-3.908987e+01	-6.960768e+02
2.890000e-06	-5.696808e-06	-1.196306e-08	-3.986549e+01	-7.114569e+02
2.900000e-06	-5.805587e-06	-1.220295e-08	-4.062671e+01	-7.258072e+02
2.910000e-06	-5.912428e-06	-1.242747e-08	-4.137437e+01	-7.391704e+02
2.920000e-06	-6.017232e-06	-1.263801e-08	-4.210777e+01	-7.515964e+02
2.930000e-06	-6.119833e-06	-1.283317e-08	-4.282576e+01	-7.631498e+02
2.940000e-06	-6.220196e-06	-1.301447e-08	-4.352809e+01	-7.739098e+02
2.950000e-06	-6.318413e-06	-1.318549e-08	-4.421540e+01	-7.839629e+02
2.960000e-06	-6.414464e-06	-1.334658e-08	-4.488755e+01	-7.933904e+02
2.970000e-06	-6.508222e-06	-1.349733e-08	-4.554365e+01	-8.022562e+02
2.980000e-06	-6.599693e-06	-1.363815e-08	-4.618375e+01	-8.105996e+02
2.990000e-06	-6.688869e-06	-1.377138e-08	-4.680780e+01	-8.184361e+02
3.000000e-06	-6.775621e-06	-1.389788e-08	-4.741488e+01	-8.257661e+02
3.010000e-06	-6.859906e-06	-1.401579e-08	-4.800469e+01	-8.325886e+02
3.020000e-06	-6.941846e-06	-1.412197e-08	-4.857810e+01	-8.389146e+02
3.030000e-06	-7.021343e-06	-1.421889e-08	-4.913441e+01	-8.447751e+02
3.040000e-06	-7.098105e-06	-1.430942e-08	-4.967157e+01	-8.502208e+02
3.050000e-06	-7.172135e-06	-1.439457e-08	-5.018962e+01	-8.553133e+02
3.060000e-06	-7.243565e-06	-1.447455e-08	-5.068948e+01	-8.601113e+02
3.070000e-06	-7.312367e-06	-1.455022e-08	-5.117095e+01	-8.646578e+02
3.080000e-06	-7.378595e-06	-1.462472e-08	-5.163440e+01	-8.689715e+02
3.090000e-06	-7.442264e-06	-1.469666e-08	-5.207996e+01	-8.730479e+02
3.100000e-06	-7.503299e-06	-1.476296e-08	-5.250707e+01	-8.768680e+02
3.110000e-06	-7.561683e-06	-1.482163e-08	-5.291563e+01	-8.804113e+02
3.120000e-06	-7.617335e-06	-1.487439e-08	-5.330508e+01	-8.836695e+02
3.130000e-06	-7.670009e-06	-1.492324e-08	-5.367368e+01	-8.866534e+02
3.140000e-06	-7.719556e-06	-1.496870e-08	-5.402040e+01	-8.893921e+02
3.150000e-06	-7.766162e-06	-1.501095e-08	-5.434654e+01	-8.919246e+02
3.160000e-06	-7.810184e-06	-1.505137e-08	-5.465461e+01	-8.942869e+02
3.170000e-06	-7.851713e-06	-1.509023e-08	-5.494522e+01	-8.965009e+02
3.180000e-06	-7.890513e-06	-1.512641e-08	-5.521674e+01	-8.985678e+02
3.190000e-06	-7.926497e-06	-1.515765e-08	-5.546855e+01	-9.004712e+02
3.200000e-06	-7.959712e-06	-1.518681e-08	-5.570098e+01	-9.021860e+02
3.210000e-06	-7.990017e-06	-1.521297e-08	-5.591305e+01	-9.036910e+02
3.220000e-06	-8.017439e-06	-1.523426e-08	-5.610495e+01	-9.049805e+02
3.230000e-06	-8.042125e-06	-1.525096e-08	-5.627770e+01	-9.060682e+02
3.240000e-06	-8.063908e-06	-1.526753e-08	-5.643014e+01	-9.069841e+02
3.250000e-06	-8.082805e-06	-1.528520e-08	-5.656237e+01	-9.077643e+02
3.260000e-06	-8.098873e-06	-1.529789e-08	-5.667481e+01	-9.084381e+02
3.270000e-06	-8.111829e-06	-1.530557e-08	-5.676548e+01	-9.090181e+02
3.280000e-06	-8.121765e-06	-1.531321e-08	-5.683501e+01	-9.094969e+02
3.290000e-06	-8.128827e-06	-1.532212e-08	-5.688443e+01	-9.098513e+02
3.300000e-06	-8.132983e-06	-1.532944e-08	-5.691351e+01	-9.100538e+02
3.310000e-06	-8.134383e-06	-1.533107e-08	-5.692331e+01	-9.100848e+02
