# Temperatura_=_32.68
# Concentracion g/m^3_=_11780.0
# C_Vs_to_Am_M_A/Vsm_=_59384043850.047264
# pendiente_HvsI_1/m_=_3716.3
# ordenada_HvsI_A/m_=_1297.0
# frecuencia_Hz_=_301534.93489004177

Tiempo_(s)	Campo_(V.s)	Magnetizacion_(V.s)	Campo_(kA/m)	Magnetizacion_(A/m)
0.000000e+00	-8.143021e-06	-1.516578e-08	-5.691587e+01	-9.004146e+02
1.000000e-08	-8.139642e-06	-1.516045e-08	-5.689225e+01	-9.001058e+02
2.000000e-08	-8.133606e-06	-1.515398e-08	-5.685006e+01	-8.997176e+02
3.000000e-08	-8.124864e-06	-1.514574e-08	-5.678896e+01	-8.992927e+02
4.000000e-08	-8.113216e-06	-1.513851e-08	-5.670755e+01	-8.988390e+02
5.000000e-08	-8.098612e-06	-1.513227e-08	-5.660548e+01	-8.983249e+02
6.000000e-08	-8.081130e-06	-1.513080e-08	-5.648328e+01	-8.976904e+02
7.000000e-08	-8.061131e-06	-1.511924e-08	-5.634350e+01	-8.968693e+02
8.000000e-08	-8.038485e-06	-1.505045e-08	-5.618522e+01	-8.958156e+02
9.000000e-08	-8.012550e-06	-1.501508e-08	-5.600394e+01	-8.945227e+02
1.000000e-07	-7.983362e-06	-1.503802e-08	-5.579993e+01	-8.930284e+02
1.100000e-07	-7.951346e-06	-1.503457e-08	-5.557615e+01	-8.914036e+02
1.200000e-07	-7.916615e-06	-1.499182e-08	-5.533340e+01	-8.897280e+02
1.300000e-07	-7.879453e-06	-1.496701e-08	-5.507366e+01	-8.880624e+02
1.400000e-07	-7.840205e-06	-1.497725e-08	-5.479933e+01	-8.864266e+02
1.500000e-07	-7.798549e-06	-1.489687e-08	-5.450817e+01	-8.847922e+02
1.600000e-07	-7.753974e-06	-1.488317e-08	-5.419662e+01	-8.830924e+02
1.700000e-07	-7.706597e-06	-1.484054e-08	-5.386548e+01	-8.812453e+02
1.800000e-07	-7.656261e-06	-1.476391e-08	-5.351365e+01	-8.791821e+02
1.900000e-07	-7.602766e-06	-1.479576e-08	-5.313975e+01	-8.768701e+02
2.000000e-07	-7.546468e-06	-1.473675e-08	-5.274625e+01	-8.743221e+02
2.100000e-07	-7.487457e-06	-1.468626e-08	-5.233379e+01	-8.715894e+02
2.200000e-07	-7.425821e-06	-1.462579e-08	-5.190299e+01	-8.687404e+02
2.300000e-07	-7.361536e-06	-1.457202e-08	-5.145366e+01	-8.658347e+02
2.400000e-07	-7.294434e-06	-1.454624e-08	-5.098465e+01	-8.629009e+02
2.500000e-07	-7.224660e-06	-1.446482e-08	-5.049696e+01	-8.599270e+02
2.600000e-07	-7.152214e-06	-1.442063e-08	-4.999060e+01	-8.568660e+02
2.700000e-07	-7.076975e-06	-1.438327e-08	-4.946471e+01	-8.536552e+02
2.800000e-07	-6.998942e-06	-1.434445e-08	-4.891930e+01	-8.502404e+02
2.900000e-07	-6.918117e-06	-1.425962e-08	-4.835437e+01	-8.465965e+02
3.000000e-07	-6.834842e-06	-1.416841e-08	-4.777232e+01	-8.427369e+02
3.100000e-07	-6.749406e-06	-1.412400e-08	-4.717516e+01	-8.387078e+02
3.200000e-07	-6.661624e-06	-1.404914e-08	-4.656161e+01	-8.345704e+02
3.300000e-07	-6.571431e-06	-1.398766e-08	-4.593120e+01	-8.303775e+02
3.400000e-07	-6.478909e-06	-1.391698e-08	-4.528451e+01	-8.261538e+02
3.500000e-07	-6.384057e-06	-1.384915e-08	-4.462155e+01	-8.218867e+02
3.600000e-07	-6.286832e-06	-1.377976e-08	-4.394199e+01	-8.175310e+02
3.700000e-07	-6.187274e-06	-1.369186e-08	-4.324612e+01	-8.130261e+02
3.800000e-07	-6.085584e-06	-1.360276e-08	-4.253536e+01	-8.083176e+02
3.900000e-07	-5.981777e-06	-1.351035e-08	-4.180980e+01	-8.033772e+02
4.000000e-07	-5.875711e-06	-1.344233e-08	-4.106845e+01	-7.982119e+02
4.100000e-07	-5.767483e-06	-1.335839e-08	-4.031198e+01	-7.928602e+02
4.200000e-07	-5.657217e-06	-1.327017e-08	-3.954127e+01	-7.873768e+02
4.300000e-07	-5.544885e-06	-1.317579e-08	-3.875613e+01	-7.818120e+02
4.400000e-07	-5.430428e-06	-1.308222e-08	-3.795612e+01	-7.761924e+02
4.500000e-07	-5.313871e-06	-1.298193e-08	-3.714145e+01	-7.705116e+02
4.600000e-07	-5.195345e-06	-1.287289e-08	-3.631301e+01	-7.647322e+02
4.700000e-07	-5.074933e-06	-1.277284e-08	-3.547138e+01	-7.588000e+02
4.800000e-07	-4.952671e-06	-1.267459e-08	-3.461683e+01	-7.526630e+02
4.900000e-07	-4.828570e-06	-1.257757e-08	-3.374943e+01	-7.462899e+02
5.000000e-07	-4.702699e-06	-1.246665e-08	-3.286965e+01	-7.396796e+02
5.100000e-07	-4.575174e-06	-1.235168e-08	-3.197831e+01	-7.328605e+02
5.200000e-07	-4.446022e-06	-1.223178e-08	-3.107560e+01	-7.258777e+02
5.300000e-07	-4.315226e-06	-1.211165e-08	-3.016140e+01	-7.187756e+02
5.400000e-07	-4.182831e-06	-1.198818e-08	-2.923602e+01	-7.115798e+02
5.500000e-07	-4.048940e-06	-1.186440e-08	-2.830018e+01	-7.042867e+02
5.600000e-07	-3.913628e-06	-1.174255e-08	-2.735441e+01	-6.968635e+02
5.700000e-07	-3.776895e-06	-1.161642e-08	-2.639871e+01	-6.892586e+02
5.800000e-07	-3.638713e-06	-1.148454e-08	-2.543288e+01	-6.814186e+02
5.900000e-07	-3.499042e-06	-1.134627e-08	-2.445665e+01	-6.733051e+02
6.000000e-07	-3.357956e-06	-1.120660e-08	-2.347053e+01	-6.649058e+02
6.100000e-07	-3.215534e-06	-1.106088e-08	-2.247507e+01	-6.562367e+02
6.200000e-07	-3.071834e-06	-1.091052e-08	-2.147067e+01	-6.473327e+02
6.300000e-07	-2.927034e-06	-1.075791e-08	-2.045858e+01	-6.382330e+02
6.400000e-07	-2.781237e-06	-1.060392e-08	-1.943954e+01	-6.289646e+02
6.500000e-07	-2.634477e-06	-1.044580e-08	-1.841375e+01	-6.195302e+02
6.600000e-07	-2.486829e-06	-1.028323e-08	-1.738176e+01	-6.099060e+02
6.700000e-07	-2.338381e-06	-1.011865e-08	-1.634418e+01	-6.000477e+02
6.800000e-07	-2.189151e-06	-9.948650e-09	-1.530113e+01	-5.899048e+02
6.900000e-07	-2.039087e-06	-9.772795e-09	-1.425226e+01	-5.794356e+02
7.000000e-07	-1.888224e-06	-9.590679e-09	-1.319780e+01	-5.686201e+02
7.100000e-07	-1.736749e-06	-9.403059e-09	-1.213906e+01	-5.574631e+02
7.200000e-07	-1.584716e-06	-9.209692e-09	-1.107642e+01	-5.459898e+02
7.300000e-07	-1.432059e-06	-9.011506e-09	-1.000942e+01	-5.342331e+02
7.400000e-07	-1.278818e-06	-8.810184e-09	-8.938335e+00	-5.222179e+02
7.500000e-07	-1.125092e-06	-8.604895e-09	-7.863864e+00	-5.099481e+02
7.600000e-07	-9.709719e-07	-8.394301e-09	-6.786635e+00	-4.974009e+02
7.700000e-07	-8.165037e-07	-8.178058e-09	-5.706975e+00	-4.845284e+02
7.800000e-07	-6.617527e-07	-7.956262e-09	-4.625339e+00	-4.712674e+02
7.900000e-07	-5.068223e-07	-7.726465e-09	-3.542449e+00	-4.575525e+02
8.000000e-07	-3.517550e-07	-7.486566e-09	-2.458602e+00	-4.433273e+02
8.100000e-07	-1.965047e-07	-7.234738e-09	-1.373475e+00	-4.285512e+02
8.200000e-07	-4.117723e-08	-6.974485e-09	-2.878094e-01	-4.131977e+02
8.300000e-07	1.141242e-07	-6.708599e-09	7.976743e-01	-3.972480e+02
8.400000e-07	2.693764e-07	-6.431635e-09	1.882814e+00	-3.806816e+02
8.500000e-07	4.245570e-07	-6.140128e-09	2.967453e+00	-3.634682e+02
8.600000e-07	5.796328e-07	-5.836537e-09	4.051360e+00	-3.455657e+02
8.700000e-07	7.345158e-07	-5.522885e-09	5.133918e+00	-3.269242e+02
8.800000e-07	8.891347e-07	-5.194501e-09	6.214632e+00	-3.074943e+02
8.900000e-07	1.043425e-06	-4.850359e-09	7.293048e+00	-2.872359e+02
9.000000e-07	1.197300e-06	-4.494117e-09	8.368562e+00	-2.661230e+02
9.100000e-07	1.350740e-06	-4.127336e-09	9.441037e+00	-2.441395e+02
9.200000e-07	1.503715e-06	-3.745755e-09	1.051025e+01	-2.212682e+02
9.300000e-07	1.656173e-06	-3.342276e-09	1.157587e+01	-1.974742e+02
9.400000e-07	1.808029e-06	-2.918868e-09	1.263727e+01	-1.726890e+02
9.500000e-07	1.959142e-06	-2.480042e-09	1.369348e+01	-1.468036e+02
9.600000e-07	2.109484e-06	-2.022989e-09	1.474430e+01	-1.196745e+02
9.700000e-07	2.259016e-06	-1.539558e-09	1.578945e+01	-9.114380e+01
9.800000e-07	2.407730e-06	-1.029745e-09	1.682889e+01	-6.107204e+01
9.900000e-07	2.555590e-06	-4.957182e-10	1.786237e+01	-2.937395e+01
1.000000e-06	2.702515e-06	6.610866e-11	1.888931e+01	3.950367e+00
1.010000e-06	2.848504e-06	6.581654e-10	1.990970e+01	3.879782e+01
1.020000e-06	2.993515e-06	1.274096e-09	2.092325e+01	7.496302e+01
1.030000e-06	3.137433e-06	1.903150e-09	2.192918e+01	1.121565e+02
1.040000e-06	3.280135e-06	2.541805e-09	2.292659e+01	1.500354e+02
1.050000e-06	3.421600e-06	3.187968e-09	2.391537e+01	1.882377e+02
1.060000e-06	3.561830e-06	3.834862e-09	2.489551e+01	2.264117e+02
1.070000e-06	3.700731e-06	4.471813e-09	2.586636e+01	2.642351e+02
1.080000e-06	3.838196e-06	5.095848e-09	2.682718e+01	3.014208e+02
1.090000e-06	3.974150e-06	5.709590e-09	2.777743e+01	3.377145e+02
1.100000e-06	4.108646e-06	6.307937e-09	2.871750e+01	3.728885e+02
1.110000e-06	4.241668e-06	6.880047e-09	2.964726e+01	4.067384e+02
1.120000e-06	4.373184e-06	7.421907e-09	3.056649e+01	4.390877e+02
1.130000e-06	4.503244e-06	7.938223e-09	3.147555e+01	4.697983e+02
1.140000e-06	4.631703e-06	8.429305e-09	3.237342e+01	4.987849e+02
1.150000e-06	4.758492e-06	8.888320e-09	3.325961e+01	5.260253e+02
1.160000e-06	4.883630e-06	9.314244e-09	3.413427e+01	5.515609e+02
1.170000e-06	5.007048e-06	9.714624e-09	3.499690e+01	5.754857e+02
1.180000e-06	5.128735e-06	1.009518e-08	3.584744e+01	5.979232e+02
1.190000e-06	5.248523e-06	1.045191e-08	3.668470e+01	6.189990e+02
1.200000e-06	5.366278e-06	1.078153e-08	3.750775e+01	6.388166e+02
1.210000e-06	5.482049e-06	1.109129e-08	3.831693e+01	6.574438e+02
1.220000e-06	5.595702e-06	1.138753e-08	3.911132e+01	6.749137e+02
1.230000e-06	5.707196e-06	1.166682e-08	3.989061e+01	6.912399e+02
1.240000e-06	5.816677e-06	1.192248e-08	4.065583e+01	7.064379e+02
1.250000e-06	5.924187e-06	1.215581e-08	4.140727e+01	7.205463e+02
1.260000e-06	6.029609e-06	1.237429e-08	4.214412e+01	7.336378e+02
1.270000e-06	6.132820e-06	1.257966e-08	4.286552e+01	7.458160e+02
1.280000e-06	6.233775e-06	1.276825e-08	4.357114e+01	7.571997e+02
1.290000e-06	6.332452e-06	1.294517e-08	4.426085e+01	7.678997e+02
1.300000e-06	6.428803e-06	1.311719e-08	4.493429e+01	7.779970e+02
1.310000e-06	6.522858e-06	1.328308e-08	4.559170e+01	7.875312e+02
1.320000e-06	6.614732e-06	1.343572e-08	4.623385e+01	7.965032e+02
1.330000e-06	6.704281e-06	1.357213e-08	4.685976e+01	8.048916e+02
1.340000e-06	6.791428e-06	1.369814e-08	4.746888e+01	8.126761e+02
1.350000e-06	6.876191e-06	1.381626e-08	4.806133e+01	8.198596e+02
1.360000e-06	6.958554e-06	1.392468e-08	4.863701e+01	8.264807e+02
1.370000e-06	7.038389e-06	1.402489e-08	4.919502e+01	8.326109e+02
1.380000e-06	7.115615e-06	1.412215e-08	4.973479e+01	8.383397e+02
1.390000e-06	7.190230e-06	1.421920e-08	5.025631e+01	8.437510e+02
1.400000e-06	7.262200e-06	1.430902e-08	5.075935e+01	8.489024e+02
1.410000e-06	7.331594e-06	1.438838e-08	5.124438e+01	8.538132e+02
1.420000e-06	7.398367e-06	1.446417e-08	5.171109e+01	8.584673e+02
1.430000e-06	7.462482e-06	1.453861e-08	5.215922e+01	8.628285e+02
1.440000e-06	7.524023e-06	1.460665e-08	5.258937e+01	8.668629e+02
1.450000e-06	7.583019e-06	1.466438e-08	5.300172e+01	8.705583e+02
1.460000e-06	7.639298e-06	1.471853e-08	5.339508e+01	8.739351e+02
1.470000e-06	7.692666e-06	1.477482e-08	5.376810e+01	8.770421e+02
1.480000e-06	7.742860e-06	1.482813e-08	5.411894e+01	8.799410e+02
1.490000e-06	7.789958e-06	1.487331e-08	5.444813e+01	8.826852e+02
1.500000e-06	7.834309e-06	1.491369e-08	5.475812e+01	8.853010e+02
1.510000e-06	7.875875e-06	1.495566e-08	5.504865e+01	8.877801e+02
1.520000e-06	7.914627e-06	1.499564e-08	5.531950e+01	8.900853e+02
1.530000e-06	7.950693e-06	1.502800e-08	5.557159e+01	8.921678e+02
1.540000e-06	7.983946e-06	1.505580e-08	5.580401e+01	8.939890e+02
1.550000e-06	8.014378e-06	1.508403e-08	5.601672e+01	8.955384e+02
1.560000e-06	8.042106e-06	1.511132e-08	5.621052e+01	8.968404e+02
1.570000e-06	8.066923e-06	1.513100e-08	5.638398e+01	8.979466e+02
1.580000e-06	8.088865e-06	1.514282e-08	5.653735e+01	8.989176e+02
1.590000e-06	8.108102e-06	1.515553e-08	5.667180e+01	8.998012e+02
1.600000e-06	8.124477e-06	1.517151e-08	5.678626e+01	9.006153e+02
1.610000e-06	8.137825e-06	1.518365e-08	5.687955e+01	9.013424e+02
1.620000e-06	8.147988e-06	1.518985e-08	5.695059e+01	9.019393e+02
1.630000e-06	8.155106e-06	1.519542e-08	5.700034e+01	9.023560e+02
1.640000e-06	8.159478e-06	1.520283e-08	5.703090e+01	9.025583e+02
1.650000e-06	8.160995e-06	1.520372e-08	5.704150e+01	9.025437e+02
1.660000e-06	8.159731e-06	1.520211e-08	5.703267e+01	9.023445e+02
1.670000e-06	8.155818e-06	1.519744e-08	5.700532e+01	9.020169e+02
1.680000e-06	8.149095e-06	1.519290e-08	5.695833e+01	9.016194e+02
1.690000e-06	8.139641e-06	1.518559e-08	5.689224e+01	9.011894e+02
1.700000e-06	8.127459e-06	1.516997e-08	5.680710e+01	9.007278e+02
1.710000e-06	8.112464e-06	1.514924e-08	5.670229e+01	9.001967e+02
1.720000e-06	8.094921e-06	1.512545e-08	5.657968e+01	8.995330e+02
1.730000e-06	8.075061e-06	1.516558e-08	5.644087e+01	8.986724e+02
1.740000e-06	8.052332e-06	1.518799e-08	5.628200e+01	8.975747e+02
1.750000e-06	8.026000e-06	1.512405e-08	5.609795e+01	8.962415e+02
1.760000e-06	7.996018e-06	1.507010e-08	5.588839e+01	8.947176e+02
1.770000e-06	7.962966e-06	1.504973e-08	5.565737e+01	8.930776e+02
1.780000e-06	7.927442e-06	1.498404e-08	5.540907e+01	8.913999e+02
1.790000e-06	7.889589e-06	1.495332e-08	5.514450e+01	8.897391e+02
1.800000e-06	7.849561e-06	1.499241e-08	5.486473e+01	8.881065e+02
1.810000e-06	7.807207e-06	1.488830e-08	5.456869e+01	8.864656e+02
1.820000e-06	7.762188e-06	1.491009e-08	5.425403e+01	8.847451e+02
1.830000e-06	7.714389e-06	1.490189e-08	5.391994e+01	8.828632e+02
1.840000e-06	7.663594e-06	1.481341e-08	5.356490e+01	8.807562e+02
1.850000e-06	7.609810e-06	1.482298e-08	5.318898e+01	8.783993e+02
1.860000e-06	7.553123e-06	1.470332e-08	5.279276e+01	8.758134e+02
1.870000e-06	7.493695e-06	1.471371e-08	5.237739e+01	8.730543e+02
1.880000e-06	7.431731e-06	1.466414e-08	5.194429e+01	8.701910e+02
1.890000e-06	7.367038e-06	1.459239e-08	5.149212e+01	8.672789e+02
1.900000e-06	7.299591e-06	1.458511e-08	5.102069e+01	8.643396e+02
1.910000e-06	7.229290e-06	1.448533e-08	5.052932e+01	8.613539e+02
1.920000e-06	7.156186e-06	1.446870e-08	5.001836e+01	8.582704e+02
1.930000e-06	7.080465e-06	1.438000e-08	4.948911e+01	8.550260e+02
1.940000e-06	7.001961e-06	1.433919e-08	4.894040e+01	8.515706e+02
1.950000e-06	6.920880e-06	1.428482e-08	4.837368e+01	8.478856e+02
1.960000e-06	6.837365e-06	1.419936e-08	4.778996e+01	8.439912e+02
1.970000e-06	6.751387e-06	1.417083e-08	4.718901e+01	8.399378e+02
1.980000e-06	6.662954e-06	1.405915e-08	4.657090e+01	8.357868e+02
1.990000e-06	6.572127e-06	1.400329e-08	4.593607e+01	8.315871e+02
2.000000e-06	6.479009e-06	1.391438e-08	4.528521e+01	8.273572e+02
2.010000e-06	6.383552e-06	1.385447e-08	4.461802e+01	8.230779e+02
2.020000e-06	6.285850e-06	1.378281e-08	4.393513e+01	8.186997e+02
2.030000e-06	6.185954e-06	1.370331e-08	4.323690e+01	8.141614e+02
2.040000e-06	6.083847e-06	1.364289e-08	4.252321e+01	8.094121e+02
2.050000e-06	5.979499e-06	1.354416e-08	4.179388e+01	8.044296e+02
2.060000e-06	5.872999e-06	1.346245e-08	4.104949e+01	7.992270e+02
2.070000e-06	5.764501e-06	1.334656e-08	4.029114e+01	7.938472e+02
2.080000e-06	5.653964e-06	1.326119e-08	3.951854e+01	7.883456e+02
2.090000e-06	5.541271e-06	1.316459e-08	3.873087e+01	7.827695e+02
2.100000e-06	5.426359e-06	1.308219e-08	3.792769e+01	7.771400e+02
2.110000e-06	5.309323e-06	1.298704e-08	3.710966e+01	7.714446e+02
2.120000e-06	5.190234e-06	1.288830e-08	3.627728e+01	7.656416e+02
2.130000e-06	5.069235e-06	1.278602e-08	3.543156e+01	7.596758e+02
2.140000e-06	4.946463e-06	1.267450e-08	3.457344e+01	7.534978e+02
2.150000e-06	4.821884e-06	1.256544e-08	3.370270e+01	7.470810e+02
2.160000e-06	4.695536e-06	1.244687e-08	3.281958e+01	7.404302e+02
2.170000e-06	4.567500e-06	1.233922e-08	3.192467e+01	7.335778e+02
2.180000e-06	4.437836e-06	1.222263e-08	3.101838e+01	7.265704e+02
2.190000e-06	4.306629e-06	1.211017e-08	3.010130e+01	7.194500e+02
2.200000e-06	4.173929e-06	1.198140e-08	2.917379e+01	7.122375e+02
2.210000e-06	4.039727e-06	1.185552e-08	2.823579e+01	7.049238e+02
2.220000e-06	3.904070e-06	1.172419e-08	2.728761e+01	6.974718e+02
2.230000e-06	3.766966e-06	1.159614e-08	2.632931e+01	6.898282e+02
2.240000e-06	3.628415e-06	1.146348e-08	2.536091e+01	6.819411e+02
2.250000e-06	3.488521e-06	1.132921e-08	2.438311e+01	6.737761e+02
2.260000e-06	3.347306e-06	1.119325e-08	2.339609e+01	6.653263e+02
2.270000e-06	3.204799e-06	1.104782e-08	2.240003e+01	6.566119e+02
2.280000e-06	3.061124e-06	1.089599e-08	2.139581e+01	6.476698e+02
2.290000e-06	2.916361e-06	1.073473e-08	2.038399e+01	6.385381e+02
2.300000e-06	2.770564e-06	1.057490e-08	1.936493e+01	6.292402e+02
2.310000e-06	2.623783e-06	1.041240e-08	1.833900e+01	6.197740e+02
2.320000e-06	2.476075e-06	1.025143e-08	1.730659e+01	6.101111e+02
2.330000e-06	2.327507e-06	1.008664e-08	1.626818e+01	6.002052e+02
2.340000e-06	2.178074e-06	9.920171e-09	1.522371e+01	5.900061e+02
2.350000e-06	2.027784e-06	9.746485e-09	1.417325e+01	5.794754e+02
2.360000e-06	1.876785e-06	9.561403e-09	1.311784e+01	5.685974e+02
2.370000e-06	1.725177e-06	9.366411e-09	1.205817e+01	5.573812e+02
2.380000e-06	1.573027e-06	9.168299e-09	1.099472e+01	5.458545e+02
2.390000e-06	1.420386e-06	8.968907e-09	9.927825e+00	5.340498e+02
2.400000e-06	1.267247e-06	8.767082e-09	8.857457e+00	5.219891e+02
2.410000e-06	1.113600e-06	8.560149e-09	7.783535e+00	5.096719e+02
2.420000e-06	9.595106e-07	8.349965e-09	6.706526e+00	4.970702e+02
2.430000e-06	8.050723e-07	8.136539e-09	5.627075e+00	4.841327e+02
2.440000e-06	6.503881e-07	7.913607e-09	4.545906e+00	4.707949e+02
2.450000e-06	4.955095e-07	7.677133e-09	3.463378e+00	4.569921e+02
2.460000e-06	3.404366e-07	7.429075e-09	2.379491e+00	4.426707e+02
2.470000e-06	1.852405e-07	7.177648e-09	1.294743e+00	4.277926e+02
2.480000e-06	2.995063e-08	6.918467e-09	2.093408e-01	4.123335e+02
2.490000e-06	-1.253221e-07	6.648675e-09	-8.759420e-01	3.962750e+02
2.500000e-06	-2.804986e-07	6.369076e-09	-1.960553e+00	3.795951e+02
2.510000e-06	-4.355555e-07	6.082539e-09	-3.044327e+00	3.622616e+02
2.520000e-06	-5.904519e-07	5.784481e-09	-4.126980e+00	3.442305e+02
2.530000e-06	-7.451619e-07	5.465391e-09	-5.208330e+00	3.254512e+02
2.540000e-06	-8.995835e-07	5.128814e-09	-6.287664e+00	3.058754e+02
2.550000e-06	-1.053590e-06	4.781278e-09	-7.364098e+00	2.854656e+02
2.560000e-06	-1.207138e-06	4.424902e-09	-8.437324e+00	2.641977e+02
2.570000e-06	-1.360224e-06	4.054521e-09	-9.507325e+00	2.420568e+02
2.580000e-06	-1.512871e-06	3.668246e-09	-1.057426e+01	2.190237e+02
2.590000e-06	-1.665000e-06	3.268989e-09	-1.163757e+01	1.950584e+02
2.600000e-06	-1.816483e-06	2.852503e-09	-1.269636e+01	1.700854e+02
2.610000e-06	-1.967318e-06	2.412813e-09	-1.375062e+01	1.439888e+02
2.620000e-06	-2.117466e-06	1.949472e-09	-1.480009e+01	1.166204e+02
2.630000e-06	-2.266835e-06	1.466048e-09	-1.584411e+01	8.782323e+01
2.640000e-06	-2.415468e-06	9.597442e-10	-1.688298e+01	5.746475e+01
2.650000e-06	-2.563281e-06	4.252572e-10	-1.791612e+01	2.547297e+01
2.660000e-06	-2.710071e-06	-1.390089e-10	-1.894212e+01	-8.134411e+00
2.670000e-06	-2.855849e-06	-7.279599e-10	-1.996104e+01	-4.323544e+01
2.680000e-06	-3.000600e-06	-1.334362e-09	-2.097277e+01	-7.960794e+01
2.690000e-06	-3.144207e-06	-1.957829e-09	-2.197652e+01	-1.169504e+02
2.700000e-06	-3.286644e-06	-2.596220e-09	-2.297209e+01	-1.549141e+02
2.710000e-06	-3.427898e-06	-3.239822e-09	-2.395939e+01	-1.931369e+02
2.720000e-06	-3.567845e-06	-3.878859e-09	-2.493756e+01	-2.312714e+02
2.730000e-06	-3.706413e-06	-4.510585e-09	-2.590608e+01	-2.690014e+02
2.740000e-06	-3.843591e-06	-5.134416e-09	-2.686489e+01	-3.060461e+02
2.750000e-06	-3.979340e-06	-5.743919e-09	-2.781371e+01	-3.421563e+02
2.760000e-06	-4.113667e-06	-6.328930e-09	-2.875259e+01	-3.771086e+02
2.770000e-06	-4.246597e-06	-6.890123e-09	-2.968171e+01	-4.107030e+02
2.780000e-06	-4.377996e-06	-7.430973e-09	-3.060012e+01	-4.427689e+02
2.790000e-06	-4.507817e-06	-7.946566e-09	-3.150751e+01	-4.731766e+02
2.800000e-06	-4.636065e-06	-8.429425e-09	-3.240391e+01	-5.018516e+02
2.810000e-06	-4.762685e-06	-8.881466e-09	-3.328892e+01	-5.287832e+02
2.820000e-06	-4.887628e-06	-9.308484e-09	-3.416221e+01	-5.540236e+02
2.830000e-06	-5.010766e-06	-9.708230e-09	-3.502289e+01	-5.776738e+02
2.840000e-06	-5.132033e-06	-1.007988e-08	-3.587049e+01	-5.998597e+02
2.850000e-06	-5.251484e-06	-1.042926e-08	-3.670539e+01	-6.207046e+02
2.860000e-06	-5.368932e-06	-1.076212e-08	-3.752630e+01	-6.403062e+02
2.870000e-06	-5.484163e-06	-1.107555e-08	-3.833171e+01	-6.587255e+02
2.880000e-06	-5.597215e-06	-1.136631e-08	-3.912189e+01	-6.759909e+02
2.890000e-06	-5.708084e-06	-1.163551e-08	-3.989681e+01	-6.921145e+02
2.900000e-06	-5.816897e-06	-1.188717e-08	-4.065736e+01	-7.071147e+02
2.910000e-06	-5.923805e-06	-1.212323e-08	-4.140460e+01	-7.210356e+02
2.920000e-06	-6.028695e-06	-1.234242e-08	-4.213773e+01	-7.339561e+02
2.930000e-06	-6.131443e-06	-1.254628e-08	-4.285589e+01	-7.459841e+02
2.940000e-06	-6.231936e-06	-1.273773e-08	-4.355829e+01	-7.572387e+02
2.950000e-06	-6.330196e-06	-1.291675e-08	-4.424508e+01	-7.678267e+02
2.960000e-06	-6.426277e-06	-1.308342e-08	-4.491664e+01	-7.778222e+02
2.970000e-06	-6.519991e-06	-1.324002e-08	-4.557166e+01	-7.872573e+02
2.980000e-06	-6.611382e-06	-1.338859e-08	-4.621044e+01	-7.961274e+02
2.990000e-06	-6.700520e-06	-1.353081e-08	-4.683347e+01	-8.044095e+02
3.000000e-06	-6.787356e-06	-1.366524e-08	-4.744042e+01	-8.120859e+02
3.010000e-06	-6.871744e-06	-1.378814e-08	-4.803025e+01	-8.191656e+02
3.020000e-06	-6.953604e-06	-1.389829e-08	-4.860241e+01	-8.256934e+02
3.030000e-06	-7.032985e-06	-1.400007e-08	-4.915724e+01	-8.317457e+02
3.040000e-06	-7.109747e-06	-1.409444e-08	-4.969377e+01	-8.374126e+02
3.050000e-06	-7.183815e-06	-1.418178e-08	-5.021148e+01	-8.427748e+02
3.060000e-06	-7.255242e-06	-1.426431e-08	-5.071072e+01	-8.478833e+02
3.070000e-06	-7.324075e-06	-1.434584e-08	-5.119182e+01	-8.527508e+02
3.080000e-06	-7.390368e-06	-1.442768e-08	-5.165518e+01	-8.573559e+02
3.090000e-06	-7.454099e-06	-1.450423e-08	-5.210063e+01	-8.616613e+02
3.100000e-06	-7.515106e-06	-1.457299e-08	-5.252705e+01	-8.656356e+02
3.110000e-06	-7.573374e-06	-1.463361e-08	-5.293431e+01	-8.692722e+02
3.120000e-06	-7.628922e-06	-1.468792e-08	-5.332256e+01	-8.725970e+02
3.130000e-06	-7.681539e-06	-1.473754e-08	-5.369033e+01	-8.756627e+02
3.140000e-06	-7.731056e-06	-1.478448e-08	-5.403643e+01	-8.785311e+02
3.150000e-06	-7.777585e-06	-1.483082e-08	-5.436164e+01	-8.812519e+02
3.160000e-06	-7.821465e-06	-1.487798e-08	-5.466835e+01	-8.838453e+02
3.170000e-06	-7.862849e-06	-1.492258e-08	-5.495760e+01	-8.862971e+02
3.180000e-06	-7.901528e-06	-1.496107e-08	-5.522795e+01	-8.885666e+02
3.190000e-06	-7.937430e-06	-1.499359e-08	-5.547888e+01	-8.906051e+02
3.200000e-06	-7.970608e-06	-1.502340e-08	-5.571079e+01	-8.923780e+02
3.210000e-06	-8.000912e-06	-1.504933e-08	-5.592260e+01	-8.938809e+02
3.220000e-06	-8.028288e-06	-1.506946e-08	-5.611394e+01	-8.951441e+02
3.230000e-06	-8.052842e-06	-1.508677e-08	-5.628556e+01	-8.962222e+02
3.240000e-06	-8.074499e-06	-1.510523e-08	-5.643693e+01	-8.971752e+02
3.250000e-06	-8.093320e-06	-1.512398e-08	-5.656849e+01	-8.980466e+02
3.260000e-06	-8.109291e-06	-1.513842e-08	-5.668011e+01	-8.988478e+02
3.270000e-06	-8.122124e-06	-1.514801e-08	-5.676981e+01	-8.995558e+02
3.280000e-06	-8.131884e-06	-1.515650e-08	-5.683803e+01	-9.001245e+02
3.290000e-06	-8.138773e-06	-1.516564e-08	-5.688618e+01	-9.005051e+02
3.300000e-06	-8.142828e-06	-1.517338e-08	-5.691452e+01	-9.006682e+02
3.310000e-06	-8.144079e-06	-1.517431e-08	-5.692327e+01	-9.006178e+02
