# Temperatura_=_69.62
# Concentracion g/m^3_=_11780.0
# C_Vs_to_Am_M_A/Vsm_=_59384043850.047264
# pendiente_HvsI_1/m_=_3716.3
# ordenada_HvsI_A/m_=_1297.0
# frecuencia_Hz_=_301536.5923097434

Tiempo_(s)	Campo_(V.s)	Magnetizacion_(V.s)	Campo_(kA/m)	Magnetizacion_(A/m)
0.000000e+00	-8.117413e-06	-1.583272e-08	-5.692094e+01	-9.400212e+02
1.000000e-08	-8.114534e-06	-1.582993e-08	-5.690075e+01	-9.397043e+02
2.000000e-08	-8.108951e-06	-1.582690e-08	-5.686160e+01	-9.392803e+02
3.000000e-08	-8.100717e-06	-1.582075e-08	-5.680387e+01	-9.387943e+02
4.000000e-08	-8.089641e-06	-1.581249e-08	-5.672620e+01	-9.382664e+02
5.000000e-08	-8.075627e-06	-1.580052e-08	-5.662793e+01	-9.376821e+02
6.000000e-08	-8.058713e-06	-1.578843e-08	-5.650932e+01	-9.369969e+02
7.000000e-08	-8.039272e-06	-1.577970e-08	-5.637300e+01	-9.361520e+02
8.000000e-08	-8.017269e-06	-1.573148e-08	-5.621871e+01	-9.350967e+02
9.000000e-08	-7.992024e-06	-1.569176e-08	-5.604169e+01	-9.338083e+02
1.000000e-07	-7.963431e-06	-1.569557e-08	-5.584119e+01	-9.323017e+02
1.100000e-07	-7.931974e-06	-1.569313e-08	-5.562061e+01	-9.306254e+02
1.200000e-07	-7.897807e-06	-1.566032e-08	-5.538102e+01	-9.288453e+02
1.300000e-07	-7.861125e-06	-1.562184e-08	-5.512380e+01	-9.270216e+02
1.400000e-07	-7.822326e-06	-1.562242e-08	-5.485173e+01	-9.251876e+02
1.500000e-07	-7.781212e-06	-1.555651e-08	-5.456343e+01	-9.233380e+02
1.600000e-07	-7.737279e-06	-1.552159e-08	-5.425536e+01	-9.214314e+02
1.700000e-07	-7.690516e-06	-1.550093e-08	-5.392746e+01	-9.194049e+02
1.800000e-07	-7.640785e-06	-1.542065e-08	-5.357873e+01	-9.171961e+02
1.900000e-07	-7.587904e-06	-1.541680e-08	-5.320792e+01	-9.147642e+02
2.000000e-07	-7.532269e-06	-1.537835e-08	-5.281779e+01	-9.121029e+02
2.100000e-07	-7.473930e-06	-1.532248e-08	-5.240871e+01	-9.092406e+02
2.200000e-07	-7.412924e-06	-1.526473e-08	-5.198092e+01	-9.062282e+02
2.300000e-07	-7.349312e-06	-1.520693e-08	-5.153486e+01	-9.031194e+02
2.400000e-07	-7.282847e-06	-1.517873e-08	-5.106879e+01	-8.999514e+02
2.500000e-07	-7.213713e-06	-1.509554e-08	-5.058401e+01	-8.967319e+02
2.600000e-07	-7.142001e-06	-1.503979e-08	-5.008115e+01	-8.934374e+02
2.700000e-07	-7.067501e-06	-1.499415e-08	-4.955875e+01	-8.900234e+02
2.800000e-07	-6.990185e-06	-1.494362e-08	-4.901659e+01	-8.864411e+02
2.900000e-07	-6.910036e-06	-1.487887e-08	-4.845457e+01	-8.826554e+02
3.000000e-07	-6.827382e-06	-1.479022e-08	-4.787498e+01	-8.786564e+02
3.100000e-07	-6.742555e-06	-1.472982e-08	-4.728016e+01	-8.744627e+02
3.200000e-07	-6.655476e-06	-1.465203e-08	-4.666955e+01	-8.701125e+02
3.300000e-07	-6.566012e-06	-1.458473e-08	-4.604221e+01	-8.656495e+02
3.400000e-07	-6.474184e-06	-1.450292e-08	-4.539829e+01	-8.611066e+02
3.500000e-07	-6.380035e-06	-1.442068e-08	-4.473810e+01	-8.564943e+02
3.600000e-07	-6.283530e-06	-1.435009e-08	-4.406138e+01	-8.517976e+02
3.700000e-07	-6.184702e-06	-1.426625e-08	-4.336838e+01	-8.469822e+02
3.800000e-07	-6.083698e-06	-1.417921e-08	-4.266012e+01	-8.420069e+02
3.900000e-07	-5.980571e-06	-1.408191e-08	-4.193697e+01	-8.368385e+02
4.000000e-07	-5.875219e-06	-1.400560e-08	-4.119822e+01	-8.314623e+02
4.100000e-07	-5.767741e-06	-1.391904e-08	-4.044456e+01	-8.258858e+02
4.200000e-07	-5.658273e-06	-1.382166e-08	-3.967695e+01	-8.201348e+02
4.300000e-07	-5.546855e-06	-1.371657e-08	-3.889567e+01	-8.142417e+02
4.400000e-07	-5.433278e-06	-1.361631e-08	-3.809924e+01	-8.082334e+02
4.500000e-07	-5.317403e-06	-1.351464e-08	-3.728671e+01	-8.021203e+02
4.600000e-07	-5.199482e-06	-1.340442e-08	-3.645982e+01	-7.958922e+02
4.700000e-07	-5.079732e-06	-1.329669e-08	-3.562011e+01	-7.895222e+02
4.800000e-07	-4.958092e-06	-1.318710e-08	-3.476714e+01	-7.829755e+02
4.900000e-07	-4.834558e-06	-1.308265e-08	-3.390089e+01	-7.762222e+02
5.000000e-07	-4.709309e-06	-1.296418e-08	-3.302262e+01	-7.692473e+02
5.100000e-07	-4.582513e-06	-1.283781e-08	-3.213351e+01	-7.620560e+02
5.200000e-07	-4.454172e-06	-1.270926e-08	-3.123355e+01	-7.546713e+02
5.300000e-07	-4.324106e-06	-1.258631e-08	-3.032151e+01	-7.471251e+02
5.400000e-07	-4.192415e-06	-1.245755e-08	-2.939806e+01	-7.394456e+02
5.500000e-07	-4.059229e-06	-1.232210e-08	-2.846413e+01	-7.316464e+02
5.600000e-07	-3.924530e-06	-1.219000e-08	-2.751960e+01	-7.237190e+02
5.700000e-07	-3.788476e-06	-1.205873e-08	-2.656556e+01	-7.156338e+02
5.800000e-07	-3.651045e-06	-1.192164e-08	-2.560187e+01	-7.073472e+02
5.900000e-07	-3.512121e-06	-1.177222e-08	-2.462770e+01	-6.988141e+02
6.000000e-07	-3.371797e-06	-1.162220e-08	-2.364372e+01	-6.900010e+02
6.100000e-07	-3.230138e-06	-1.147114e-08	-2.265038e+01	-6.808950e+02
6.200000e-07	-3.087146e-06	-1.131720e-08	-2.164769e+01	-6.715064e+02
6.300000e-07	-2.942904e-06	-1.115364e-08	-2.063624e+01	-6.618634e+02
6.400000e-07	-2.797563e-06	-1.098626e-08	-1.961708e+01	-6.520007e+02
6.500000e-07	-2.651290e-06	-1.082027e-08	-1.859138e+01	-6.419456e+02
6.600000e-07	-2.504177e-06	-1.065092e-08	-1.755979e+01	-6.317069e+02
6.700000e-07	-2.356247e-06	-1.047512e-08	-1.652248e+01	-6.212693e+02
6.800000e-07	-2.207538e-06	-1.029254e-08	-1.547970e+01	-6.105966e+02
6.900000e-07	-2.058117e-06	-1.010992e-08	-1.443193e+01	-5.996414e+02
7.000000e-07	-1.908005e-06	-9.922861e-09	-1.337932e+01	-5.883581e+02
7.100000e-07	-1.757224e-06	-9.726003e-09	-1.232201e+01	-5.767157e+02
7.200000e-07	-1.605845e-06	-9.519112e-09	-1.126051e+01	-5.647051e+02
7.300000e-07	-1.453851e-06	-9.311161e-09	-1.019469e+01	-5.523374e+02
7.400000e-07	-1.301225e-06	-9.103524e-09	-9.124456e+00	-5.396363e+02
7.500000e-07	-1.148058e-06	-8.887497e-09	-8.050416e+00	-5.266237e+02
7.600000e-07	-9.944608e-07	-8.660612e-09	-6.973360e+00	-5.133064e+02
7.700000e-07	-8.405041e-07	-8.430130e-09	-5.893785e+00	-4.996662e+02
7.800000e-07	-6.862366e-07	-8.199039e-09	-4.812030e+00	-4.856579e+02
7.900000e-07	-5.317824e-07	-7.957677e-09	-3.728966e+00	-4.712148e+02
8.000000e-07	-3.772123e-07	-7.701505e-09	-2.645089e+00	-4.562598e+02
8.100000e-07	-2.224924e-07	-7.434325e-09	-1.560161e+00	-4.407183e+02
8.200000e-07	-6.765414e-08	-7.162468e-09	-4.744045e-01	-4.245281e+02
8.300000e-07	8.717416e-08	-6.882372e-09	6.112828e-01	-4.076438e+02
8.400000e-07	2.418988e-07	-6.586348e-09	1.696243e+00	-3.900340e+02
8.500000e-07	3.965138e-07	-6.276436e-09	2.780435e+00	-3.716751e+02
8.600000e-07	5.509839e-07	-5.957109e-09	3.863610e+00	-3.525430e+02
8.700000e-07	7.053104e-07	-5.623988e-09	4.945779e+00	-3.326066e+02
8.800000e-07	8.594487e-07	-5.268913e-09	6.026628e+00	-3.118258e+02
8.900000e-07	1.013320e-06	-4.896958e-09	7.105603e+00	-2.901527e+02
9.000000e-07	1.166820e-06	-4.515875e-09	8.181979e+00	-2.675337e+02
9.100000e-07	1.319821e-06	-4.122769e-09	9.254853e+00	-2.439102e+02
9.200000e-07	1.472263e-06	-3.708245e-09	1.032380e+01	-2.192148e+02
9.300000e-07	1.624101e-06	-3.269779e-09	1.138852e+01	-1.933639e+02
9.400000e-07	1.775310e-06	-2.811079e-09	1.244883e+01	-1.662495e+02
9.500000e-07	1.925868e-06	-2.330847e-09	1.350457e+01	-1.377359e+02
9.600000e-07	2.075735e-06	-1.821439e-09	1.455548e+01	-1.076658e+02
9.700000e-07	2.224928e-06	-1.278003e-09	1.560164e+01	-7.587976e+01
9.800000e-07	2.373413e-06	-7.065896e-10	1.664285e+01	-4.224767e+01
9.900000e-07	2.521011e-06	-1.090028e-10	1.767784e+01	-6.706570e+00
1.000000e-06	2.667682e-06	5.216579e-10	1.870632e+01	3.070361e+01
1.010000e-06	2.813528e-06	1.188030e-09	1.972903e+01	6.981667e+01
1.020000e-06	2.958353e-06	1.877219e-09	2.074457e+01	1.103366e+02
1.030000e-06	3.102043e-06	2.575920e-09	2.175215e+01	1.518566e+02
1.040000e-06	3.244667e-06	3.282946e-09	2.275226e+01	1.938969e+02
1.050000e-06	3.386054e-06	3.995165e-09	2.374369e+01	2.359536e+02
1.060000e-06	3.526071e-06	4.700405e-09	2.472552e+01	2.775461e+02
1.070000e-06	3.664756e-06	5.384941e-09	2.569801e+01	3.182548e+02
1.080000e-06	3.802078e-06	6.047993e-09	2.666094e+01	3.577401e+02
1.090000e-06	3.937907e-06	6.690669e-09	2.761340e+01	3.957447e+02
1.100000e-06	4.072236e-06	7.306588e-09	2.855534e+01	4.320823e+02
1.110000e-06	4.205160e-06	7.886760e-09	2.948743e+01	4.666215e+02
1.120000e-06	4.336604e-06	8.432986e-09	3.040915e+01	4.992720e+02
1.130000e-06	4.466499e-06	8.951680e-09	3.131999e+01	5.299784e+02
1.140000e-06	4.594730e-06	9.439411e-09	3.221917e+01	5.587224e+02
1.150000e-06	4.721249e-06	9.891308e-09	3.310635e+01	5.855281e+02
1.160000e-06	4.846195e-06	1.030812e-08	3.398250e+01	6.104663e+02
1.170000e-06	4.969491e-06	1.069740e-08	3.484707e+01	6.336504e+02
1.180000e-06	5.091025e-06	1.106205e-08	3.569929e+01	6.552228e+02
1.190000e-06	5.210686e-06	1.139833e-08	3.653838e+01	6.753344e+02
1.200000e-06	5.328418e-06	1.170794e-08	3.736395e+01	6.941222e+02
1.210000e-06	5.444155e-06	1.200120e-08	3.817551e+01	7.116925e+02
1.220000e-06	5.557693e-06	1.228101e-08	3.897166e+01	7.281159e+02
1.230000e-06	5.669107e-06	1.254063e-08	3.975292e+01	7.434350e+02
1.240000e-06	5.778632e-06	1.277832e-08	4.052094e+01	7.576816e+02
1.250000e-06	5.886214e-06	1.300011e-08	4.127532e+01	7.708967e+02
1.260000e-06	5.991640e-06	1.320878e-08	4.201459e+01	7.831452e+02
1.270000e-06	6.094845e-06	1.339938e-08	4.273828e+01	7.945187e+02
1.280000e-06	6.195849e-06	1.357025e-08	4.344654e+01	8.051263e+02
1.290000e-06	6.294613e-06	1.373190e-08	4.413910e+01	8.150755e+02
1.300000e-06	6.391034e-06	1.389248e-08	4.481522e+01	8.244514e+02
1.310000e-06	6.485188e-06	1.404631e-08	4.547545e+01	8.333032e+02
1.320000e-06	6.577153e-06	1.418548e-08	4.612033e+01	8.416420e+02
1.330000e-06	6.666722e-06	1.431280e-08	4.674840e+01	8.494530e+02
1.340000e-06	6.753880e-06	1.443480e-08	4.735957e+01	8.567165e+02
1.350000e-06	6.838814e-06	1.454712e-08	4.795515e+01	8.634299e+02
1.360000e-06	6.921416e-06	1.464483e-08	4.853437e+01	8.696228e+02
1.370000e-06	7.001469e-06	1.473451e-08	4.909571e+01	8.753587e+02
1.380000e-06	7.078918e-06	1.482530e-08	4.963881e+01	8.807227e+02
1.390000e-06	7.153719e-06	1.491684e-08	5.016332e+01	8.858002e+02
1.400000e-06	7.225844e-06	1.500060e-08	5.066908e+01	8.906538e+02
1.410000e-06	7.295411e-06	1.507590e-08	5.115690e+01	8.953090e+02
1.420000e-06	7.362381e-06	1.515146e-08	5.162651e+01	8.997523e+02
1.430000e-06	7.426645e-06	1.522542e-08	5.207714e+01	9.039439e+02
1.440000e-06	7.488371e-06	1.528979e-08	5.250997e+01	9.078397e+02
1.450000e-06	7.547589e-06	1.534472e-08	5.292522e+01	9.114130e+02
1.460000e-06	7.604143e-06	1.539760e-08	5.332179e+01	9.146698e+02
1.470000e-06	7.657857e-06	1.544988e-08	5.369844e+01	9.176491e+02
1.480000e-06	7.708430e-06	1.549767e-08	5.405307e+01	9.204114e+02
1.490000e-06	7.755931e-06	1.554179e-08	5.438616e+01	9.230170e+02
1.500000e-06	7.800673e-06	1.558484e-08	5.469990e+01	9.255056e+02
1.510000e-06	7.842636e-06	1.562729e-08	5.499415e+01	9.278827e+02
1.520000e-06	7.881781e-06	1.566462e-08	5.526864e+01	9.301206e+02
1.530000e-06	7.918287e-06	1.569525e-08	5.552463e+01	9.321712e+02
1.540000e-06	7.952013e-06	1.572267e-08	5.576112e+01	9.339872e+02
1.550000e-06	7.982881e-06	1.574888e-08	5.597758e+01	9.355421e+02
1.560000e-06	8.011051e-06	1.577147e-08	5.617511e+01	9.368424e+02
1.570000e-06	8.036320e-06	1.579027e-08	5.635230e+01	9.379261e+02
1.580000e-06	8.058694e-06	1.580716e-08	5.650919e+01	9.388488e+02
1.590000e-06	8.078430e-06	1.582349e-08	5.664759e+01	9.396635e+02
1.600000e-06	8.095354e-06	1.583606e-08	5.676626e+01	9.404012e+02
1.610000e-06	8.109218e-06	1.584312e-08	5.686347e+01	9.410612e+02
1.620000e-06	8.119921e-06	1.584809e-08	5.693853e+01	9.416137e+02
1.630000e-06	8.127595e-06	1.585401e-08	5.699234e+01	9.420140e+02
1.640000e-06	8.132535e-06	1.585965e-08	5.702698e+01	9.422231e+02
1.650000e-06	8.134606e-06	1.585861e-08	5.704150e+01	9.422249e+02
1.660000e-06	8.133787e-06	1.585864e-08	5.703576e+01	9.420347e+02
1.670000e-06	8.130319e-06	1.585707e-08	5.701144e+01	9.416943e+02
1.680000e-06	8.124143e-06	1.585056e-08	5.696813e+01	9.412560e+02
1.690000e-06	8.115264e-06	1.583867e-08	5.690587e+01	9.407616e+02
1.700000e-06	8.103673e-06	1.582268e-08	5.682459e+01	9.402253e+02
1.710000e-06	8.089244e-06	1.580622e-08	5.672342e+01	9.396265e+02
1.720000e-06	8.072231e-06	1.578308e-08	5.660411e+01	9.389167e+02
1.730000e-06	8.052900e-06	1.579503e-08	5.646856e+01	9.380369e+02
1.740000e-06	8.030794e-06	1.581641e-08	5.631355e+01	9.369402e+02
1.750000e-06	8.005210e-06	1.578085e-08	5.613415e+01	9.356102e+02
1.760000e-06	7.975968e-06	1.572913e-08	5.592910e+01	9.340685e+02
1.770000e-06	7.943537e-06	1.569924e-08	5.570169e+01	9.323683e+02
1.780000e-06	7.908543e-06	1.565587e-08	5.545630e+01	9.305762e+02
1.790000e-06	7.871120e-06	1.559726e-08	5.519388e+01	9.287488e+02
1.800000e-06	7.831498e-06	1.562317e-08	5.491605e+01	9.269131e+02
1.810000e-06	7.789679e-06	1.555366e-08	5.462280e+01	9.250568e+02
1.820000e-06	7.745302e-06	1.551983e-08	5.431163e+01	9.231333e+02
1.830000e-06	7.698274e-06	1.553561e-08	5.398185e+01	9.210781e+02
1.840000e-06	7.648257e-06	1.545714e-08	5.363113e+01	9.188311e+02
1.850000e-06	7.595115e-06	1.545433e-08	5.325848e+01	9.163571e+02
1.860000e-06	7.539073e-06	1.535912e-08	5.286550e+01	9.136566e+02
1.870000e-06	7.480370e-06	1.533015e-08	5.245386e+01	9.107630e+02
1.880000e-06	7.419108e-06	1.529097e-08	5.202428e+01	9.077292e+02
1.890000e-06	7.355068e-06	1.520047e-08	5.157523e+01	9.046075e+02
1.900000e-06	7.288299e-06	1.519610e-08	5.110702e+01	9.014302e+02
1.910000e-06	7.218725e-06	1.510944e-08	5.061916e+01	8.981993e+02
1.920000e-06	7.146321e-06	1.507764e-08	5.011144e+01	8.948867e+02
1.930000e-06	7.071267e-06	1.501473e-08	4.958515e+01	8.914457e+02
1.940000e-06	6.993387e-06	1.494555e-08	4.903904e+01	8.878286e+02
1.950000e-06	6.912927e-06	1.488641e-08	4.847484e+01	8.840042e+02
1.960000e-06	6.830086e-06	1.479303e-08	4.789394e+01	8.799680e+02
1.970000e-06	6.744735e-06	1.475681e-08	4.729545e+01	8.757427e+02
1.980000e-06	6.656936e-06	1.465714e-08	4.667978e+01	8.713689e+02
1.990000e-06	6.566823e-06	1.459249e-08	4.604789e+01	8.668893e+02
2.000000e-06	6.474493e-06	1.451410e-08	4.540046e+01	8.623336e+02
2.010000e-06	6.379841e-06	1.444143e-08	4.473673e+01	8.577076e+02
2.020000e-06	6.282892e-06	1.436670e-08	4.405691e+01	8.529921e+02
2.030000e-06	6.183745e-06	1.427251e-08	4.336167e+01	8.481507e+02
2.040000e-06	6.082364e-06	1.420315e-08	4.265076e+01	8.431426e+02
2.050000e-06	5.978678e-06	1.410081e-08	4.192370e+01	8.379371e+02
2.060000e-06	5.872822e-06	1.401469e-08	4.118142e+01	8.325234e+02
2.070000e-06	5.765028e-06	1.390577e-08	4.042554e+01	8.269132e+02
2.080000e-06	5.655185e-06	1.381522e-08	3.965530e+01	8.211339e+02
2.090000e-06	5.543196e-06	1.371869e-08	3.887001e+01	8.152183e+02
2.100000e-06	5.429080e-06	1.362503e-08	3.806981e+01	8.091906e+02
2.110000e-06	5.312829e-06	1.352075e-08	3.725463e+01	8.030579e+02
2.120000e-06	5.194450e-06	1.340951e-08	3.642454e+01	7.968064e+02
2.130000e-06	5.074132e-06	1.330224e-08	3.558084e+01	7.904070e+02
2.140000e-06	4.952037e-06	1.318687e-08	3.472468e+01	7.838248e+02
2.150000e-06	4.828192e-06	1.307327e-08	3.385626e+01	7.770320e+02
2.160000e-06	4.702562e-06	1.295279e-08	3.297531e+01	7.700171e+02
2.170000e-06	4.575171e-06	1.284108e-08	3.208202e+01	7.627888e+02
2.180000e-06	4.446149e-06	1.271820e-08	3.117729e+01	7.553724e+02
2.190000e-06	4.315637e-06	1.259402e-08	3.026212e+01	7.478002e+02
2.200000e-06	4.183735e-06	1.245702e-08	2.933719e+01	7.400985e+02
2.210000e-06	4.050267e-06	1.232420e-08	2.840129e+01	7.322772e+02
2.220000e-06	3.915259e-06	1.218752e-08	2.745459e+01	7.243240e+02
2.230000e-06	3.778843e-06	1.204828e-08	2.649801e+01	7.162058e+02
2.240000e-06	3.641022e-06	1.190611e-08	2.553158e+01	7.078779e+02
2.250000e-06	3.501818e-06	1.176556e-08	2.455546e+01	6.992963e+02
2.260000e-06	3.361307e-06	1.162536e-08	2.357017e+01	6.904307e+02
2.270000e-06	3.219484e-06	1.147227e-08	2.257568e+01	6.812724e+02
2.280000e-06	3.076405e-06	1.131207e-08	2.157238e+01	6.718356e+02
2.290000e-06	2.932212e-06	1.114366e-08	2.056127e+01	6.621505e+02
2.300000e-06	2.786987e-06	1.097340e-08	1.954292e+01	6.522514e+02
2.310000e-06	2.640804e-06	1.079761e-08	1.851785e+01	6.421631e+02
2.320000e-06	2.493752e-06	1.062133e-08	1.748669e+01	6.318902e+02
2.330000e-06	2.345885e-06	1.044815e-08	1.644982e+01	6.214133e+02
2.340000e-06	2.197199e-06	1.027512e-08	1.540720e+01	6.106934e+02
2.350000e-06	2.047683e-06	1.009459e-08	1.435877e+01	5.996822e+02
2.360000e-06	1.897374e-06	9.903219e-09	1.330477e+01	5.883361e+02
2.370000e-06	1.746375e-06	9.702059e-09	1.224593e+01	5.766276e+02
2.380000e-06	1.594780e-06	9.493693e-09	1.118292e+01	5.645514e+02
2.390000e-06	1.442633e-06	9.279462e-09	1.011604e+01	5.521219e+02
2.400000e-06	1.289960e-06	9.061983e-09	9.045460e+00	5.393634e+02
2.410000e-06	1.136855e-06	8.842533e-09	7.971860e+00	5.262961e+02
2.420000e-06	9.833199e-07	8.623749e-09	6.895238e+00	5.129228e+02
2.430000e-06	8.294189e-07	8.400113e-09	5.816053e+00	4.992206e+02
2.440000e-06	6.753039e-07	8.164584e-09	4.735368e+00	4.851396e+02
2.450000e-06	5.209833e-07	7.916703e-09	3.653241e+00	4.706104e+02
2.460000e-06	3.664586e-07	7.658125e-09	2.569682e+00	4.555554e+02
2.470000e-06	2.117783e-07	7.389598e-09	1.485032e+00	4.399017e+02
2.480000e-06	5.705530e-08	7.110220e-09	4.000833e-01	4.235901e+02
2.490000e-06	-9.762807e-08	6.824378e-09	-6.845878e-01	4.065777e+02
2.500000e-06	-2.522539e-07	6.531777e-09	-1.768856e+00	3.888353e+02
2.510000e-06	-4.067737e-07	6.227615e-09	-2.852379e+00	3.703399e+02
2.520000e-06	-5.611293e-07	5.906499e-09	-3.934752e+00	3.510662e+02
2.530000e-06	-7.152853e-07	5.565667e-09	-5.015725e+00	3.309818e+02
2.540000e-06	-8.691882e-07	5.207353e-09	-6.094924e+00	3.100450e+02
2.550000e-06	-1.022758e-06	4.834024e-09	-7.171789e+00	2.882066e+02
2.560000e-06	-1.176017e-06	4.447945e-09	-8.246472e+00	2.654123e+02
2.570000e-06	-1.328865e-06	4.049132e-09	-9.318269e+00	2.416023e+02
2.580000e-06	-1.481144e-06	3.636415e-09	-1.038608e+01	2.167069e+02
2.590000e-06	-1.632859e-06	3.205927e-09	-1.144994e+01	1.906386e+02
2.600000e-06	-1.783932e-06	2.750800e-09	-1.250929e+01	1.632846e+02
2.610000e-06	-1.934304e-06	2.266055e-09	-1.356373e+01	1.345046e+02
2.620000e-06	-2.084071e-06	1.751923e-09	-1.461393e+01	1.041390e+02
2.630000e-06	-2.233213e-06	1.209307e-09	-1.565974e+01	7.203099e+01
2.640000e-06	-2.381488e-06	6.383351e-10	-1.669948e+01	3.805966e+01
2.650000e-06	-2.528815e-06	3.861755e-11	-1.773256e+01	2.178011e+00
2.660000e-06	-2.675256e-06	-5.888496e-10	-1.875943e+01	-3.555269e+01
2.670000e-06	-2.820811e-06	-1.244032e-09	-1.978009e+01	-7.494269e+01
2.680000e-06	-2.965390e-06	-1.922846e-09	-2.079391e+01	-1.156742e+02
2.690000e-06	-3.108791e-06	-2.618575e-09	-2.179947e+01	-1.573241e+02
2.700000e-06	-3.250993e-06	-3.325662e-09	-2.279662e+01	-1.994046e+02
2.710000e-06	-3.392047e-06	-4.036971e-09	-2.378572e+01	-2.414127e+02
2.720000e-06	-3.531728e-06	-4.739546e-09	-2.476519e+01	-2.828764e+02
2.730000e-06	-3.670017e-06	-5.420651e-09	-2.573490e+01	-3.233895e+02
2.740000e-06	-3.807036e-06	-6.077862e-09	-2.669571e+01	-3.626274e+02
2.750000e-06	-3.942645e-06	-6.709561e-09	-2.764662e+01	-4.003466e+02
2.760000e-06	-4.076810e-06	-7.313023e-09	-2.858742e+01	-4.363719e+02
2.770000e-06	-4.209495e-06	-7.887459e-09	-2.951783e+01	-4.705798e+02
2.780000e-06	-4.340663e-06	-8.432330e-09	-3.043760e+01	-5.028866e+02
2.790000e-06	-4.470381e-06	-8.945972e-09	-3.134722e+01	-5.332432e+02
2.800000e-06	-4.598538e-06	-9.427241e-09	-3.224588e+01	-5.616384e+02
2.810000e-06	-4.725069e-06	-9.875186e-09	-3.313314e+01	-5.881046e+02
2.820000e-06	-4.849954e-06	-1.029056e-08	-3.400886e+01	-6.127206e+02
2.830000e-06	-4.973088e-06	-1.067355e-08	-3.487230e+01	-6.356063e+02
2.840000e-06	-5.094485e-06	-1.103028e-08	-3.572356e+01	-6.569073e+02
2.850000e-06	-5.214020e-06	-1.136678e-08	-3.656176e+01	-6.767737e+02
2.860000e-06	-5.331482e-06	-1.168352e-08	-3.738543e+01	-6.953377e+02
2.870000e-06	-5.446736e-06	-1.197921e-08	-3.819361e+01	-7.126994e+02
2.880000e-06	-5.559730e-06	-1.225310e-08	-3.898595e+01	-7.289235e+02
2.890000e-06	-5.670480e-06	-1.250733e-08	-3.976255e+01	-7.440491e+02
2.900000e-06	-5.779190e-06	-1.274389e-08	-4.052485e+01	-7.581084e+02
2.910000e-06	-5.886096e-06	-1.296287e-08	-4.127450e+01	-7.711458e+02
2.920000e-06	-5.991071e-06	-1.316624e-08	-4.201060e+01	-7.832310e+02
2.930000e-06	-6.093851e-06	-1.335729e-08	-4.273131e+01	-7.944600e+02
2.940000e-06	-6.194322e-06	-1.353831e-08	-4.343584e+01	-8.049429e+02
2.950000e-06	-6.292591e-06	-1.370555e-08	-4.412492e+01	-8.147848e+02
2.960000e-06	-6.388699e-06	-1.385960e-08	-4.479885e+01	-8.240651e+02
2.970000e-06	-6.482525e-06	-1.400579e-08	-4.545678e+01	-8.328258e+02
2.980000e-06	-6.574065e-06	-1.414630e-08	-4.609868e+01	-8.410724e+02
2.990000e-06	-6.663399e-06	-1.428028e-08	-4.672510e+01	-8.487873e+02
3.000000e-06	-6.750413e-06	-1.440468e-08	-4.733526e+01	-8.559524e+02
3.010000e-06	-6.834909e-06	-1.452072e-08	-4.792776e+01	-8.625700e+02
3.020000e-06	-6.917028e-06	-1.462711e-08	-4.850360e+01	-8.686762e+02
3.030000e-06	-6.996703e-06	-1.472186e-08	-4.906230e+01	-8.743395e+02
3.040000e-06	-7.073599e-06	-1.480634e-08	-4.960151e+01	-8.796469e+02
3.050000e-06	-7.147801e-06	-1.488793e-08	-5.012183e+01	-8.846812e+02
3.060000e-06	-7.219452e-06	-1.496829e-08	-5.062426e+01	-8.894992e+02
3.070000e-06	-7.288510e-06	-1.504688e-08	-5.110850e+01	-8.941189e+02
3.080000e-06	-7.355006e-06	-1.512429e-08	-5.157479e+01	-8.985210e+02
3.090000e-06	-7.418943e-06	-1.519825e-08	-5.202313e+01	-9.026633e+02
3.100000e-06	-7.480196e-06	-1.526724e-08	-5.245265e+01	-9.065030e+02
3.110000e-06	-7.538794e-06	-1.532606e-08	-5.286355e+01	-9.100188e+02
3.120000e-06	-7.594712e-06	-1.537455e-08	-5.325566e+01	-9.132227e+02
3.130000e-06	-7.647729e-06	-1.541675e-08	-5.362742e+01	-9.161590e+02
3.140000e-06	-7.697638e-06	-1.545986e-08	-5.397740e+01	-9.188896e+02
3.150000e-06	-7.744452e-06	-1.550626e-08	-5.430566e+01	-9.214728e+02
3.160000e-06	-7.788660e-06	-1.555383e-08	-5.461566e+01	-9.239425e+02
3.170000e-06	-7.830463e-06	-1.559759e-08	-5.490879e+01	-9.262980e+02
3.180000e-06	-7.869509e-06	-1.563629e-08	-5.518259e+01	-9.285067e+02
3.190000e-06	-7.905744e-06	-1.566964e-08	-5.543668e+01	-9.305190e+02
3.200000e-06	-7.939303e-06	-1.569637e-08	-5.567200e+01	-9.322898e+02
3.210000e-06	-7.970023e-06	-1.571754e-08	-5.588741e+01	-9.337982e+02
3.220000e-06	-7.997800e-06	-1.573583e-08	-5.608219e+01	-9.350568e+02
3.230000e-06	-8.022775e-06	-1.575573e-08	-5.625732e+01	-9.361078e+02
3.240000e-06	-8.044859e-06	-1.577743e-08	-5.641218e+01	-9.370082e+02
3.250000e-06	-8.064094e-06	-1.579683e-08	-5.654706e+01	-9.378081e+02
3.260000e-06	-8.080592e-06	-1.581119e-08	-5.666275e+01	-9.385334e+02
3.270000e-06	-8.094000e-06	-1.582145e-08	-5.675677e+01	-9.391775e+02
3.280000e-06	-8.104264e-06	-1.582687e-08	-5.682874e+01	-9.397066e+02
3.290000e-06	-8.111671e-06	-1.583080e-08	-5.688068e+01	-9.400756e+02
3.300000e-06	-8.116242e-06	-1.583400e-08	-5.691273e+01	-9.402484e+02
3.310000e-06	-8.117968e-06	-1.583580e-08	-5.692483e+01	-9.402143e+02
