# Temperatura_=_52.78
# Concentracion g/m^3_=_11780.0
# C_Vs_to_Am_M_A/Vsm_=_59384043850.047264
# pendiente_HvsI_1/m_=_3716.3
# ordenada_HvsI_A/m_=_1297.0
# frecuencia_Hz_=_301535.4868751978

Tiempo_(s)	Campo_(V.s)	Magnetizacion_(V.s)	Campo_(kA/m)	Magnetizacion_(A/m)
0.000000e+00	-8.094765e-06	-1.539213e-08	-5.692156e+01	-9.140659e+02
1.000000e-08	-8.091594e-06	-1.538771e-08	-5.689927e+01	-9.137500e+02
2.000000e-08	-8.085795e-06	-1.538393e-08	-5.685849e+01	-9.133574e+02
3.000000e-08	-8.077328e-06	-1.537754e-08	-5.679895e+01	-9.129308e+02
4.000000e-08	-8.065992e-06	-1.537097e-08	-5.671923e+01	-9.124783e+02
5.000000e-08	-8.051703e-06	-1.536240e-08	-5.661875e+01	-9.119680e+02
6.000000e-08	-8.034552e-06	-1.535887e-08	-5.649815e+01	-9.113396e+02
7.000000e-08	-8.014877e-06	-1.535446e-08	-5.635980e+01	-9.105262e+02
8.000000e-08	-7.992607e-06	-1.528544e-08	-5.620320e+01	-9.094802e+02
9.000000e-08	-7.967083e-06	-1.524105e-08	-5.602372e+01	-9.081923e+02
1.000000e-07	-7.938234e-06	-1.526363e-08	-5.582085e+01	-9.066966e+02
1.100000e-07	-7.906567e-06	-1.526554e-08	-5.559817e+01	-9.050590e+02
1.200000e-07	-7.872239e-06	-1.522631e-08	-5.535679e+01	-9.033539e+02
1.300000e-07	-7.835477e-06	-1.519459e-08	-5.509827e+01	-9.016374e+02
1.400000e-07	-7.796581e-06	-1.520716e-08	-5.482477e+01	-8.999268e+02
1.500000e-07	-7.755282e-06	-1.511499e-08	-5.453435e+01	-8.981950e+02
1.600000e-07	-7.711124e-06	-1.510340e-08	-5.422384e+01	-8.963809e+02
1.700000e-07	-7.664228e-06	-1.507392e-08	-5.389407e+01	-8.944118e+02
1.800000e-07	-7.614447e-06	-1.497644e-08	-5.354402e+01	-8.922304e+02
1.900000e-07	-7.561508e-06	-1.501718e-08	-5.317175e+01	-8.898146e+02
2.000000e-07	-7.505709e-06	-1.496312e-08	-5.277938e+01	-8.871839e+02
2.100000e-07	-7.447151e-06	-1.490148e-08	-5.236761e+01	-8.843902e+02
2.200000e-07	-7.385999e-06	-1.484116e-08	-5.193759e+01	-8.814964e+02
2.300000e-07	-7.322271e-06	-1.478399e-08	-5.148946e+01	-8.785516e+02
2.400000e-07	-7.255729e-06	-1.476092e-08	-5.102154e+01	-8.755724e+02
2.500000e-07	-7.186517e-06	-1.467297e-08	-5.053485e+01	-8.725373e+02
2.600000e-07	-7.114645e-06	-1.463076e-08	-5.002946e+01	-8.693958e+02
2.700000e-07	-7.039962e-06	-1.459454e-08	-4.950429e+01	-8.660893e+02
2.800000e-07	-6.962469e-06	-1.455226e-08	-4.895938e+01	-8.625734e+02
2.900000e-07	-6.882292e-06	-1.447115e-08	-4.839558e+01	-8.588361e+02
3.000000e-07	-6.799693e-06	-1.437072e-08	-4.781475e+01	-8.549012e+02
3.100000e-07	-6.714825e-06	-1.432676e-08	-4.721797e+01	-8.508194e+02
3.200000e-07	-6.627654e-06	-1.425418e-08	-4.660498e+01	-8.466485e+02
3.300000e-07	-6.538092e-06	-1.419102e-08	-4.597520e+01	-8.424305e+02
3.400000e-07	-6.446227e-06	-1.411435e-08	-4.532921e+01	-8.381765e+02
3.500000e-07	-6.352141e-06	-1.404427e-08	-4.466761e+01	-8.338619e+02
3.600000e-07	-6.255710e-06	-1.398089e-08	-4.398951e+01	-8.294365e+02
3.700000e-07	-6.156891e-06	-1.388923e-08	-4.329463e+01	-8.248428e+02
3.800000e-07	-6.055884e-06	-1.379690e-08	-4.258436e+01	-8.200373e+02
3.900000e-07	-5.952773e-06	-1.370202e-08	-4.185930e+01	-8.150051e+02
4.000000e-07	-5.847443e-06	-1.363837e-08	-4.111863e+01	-8.097635e+02
4.100000e-07	-5.739979e-06	-1.355166e-08	-4.036295e+01	-8.043536e+02
4.200000e-07	-5.630589e-06	-1.345686e-08	-3.959373e+01	-7.988226e+02
4.300000e-07	-5.519246e-06	-1.336207e-08	-3.881078e+01	-7.932050e+02
4.400000e-07	-5.405747e-06	-1.327205e-08	-3.801266e+01	-7.875094e+02
4.500000e-07	-5.289994e-06	-1.317192e-08	-3.719870e+01	-7.817158e+02
4.600000e-07	-5.172177e-06	-1.305459e-08	-3.637023e+01	-7.757838e+02
4.700000e-07	-5.052553e-06	-1.294749e-08	-3.552904e+01	-7.696691e+02
4.800000e-07	-4.931116e-06	-1.284724e-08	-3.467510e+01	-7.633399e+02
4.900000e-07	-4.807804e-06	-1.275253e-08	-3.380799e+01	-7.567887e+02
5.000000e-07	-4.682733e-06	-1.263713e-08	-3.292850e+01	-7.500339e+02
5.100000e-07	-4.556068e-06	-1.251965e-08	-3.203781e+01	-7.431110e+02
5.200000e-07	-4.427911e-06	-1.240281e-08	-3.113662e+01	-7.360578e+02
5.300000e-07	-4.298081e-06	-1.228374e-08	-3.022367e+01	-7.288981e+02
5.400000e-07	-4.166543e-06	-1.215158e-08	-2.929870e+01	-7.216315e+02
5.500000e-07	-4.033514e-06	-1.201870e-08	-2.836326e+01	-7.142320e+02
5.600000e-07	-3.899078e-06	-1.189799e-08	-2.741792e+01	-7.066566e+02
5.700000e-07	-3.763266e-06	-1.177728e-08	-2.646290e+01	-6.988590e+02
5.800000e-07	-3.626102e-06	-1.164481e-08	-2.549838e+01	-6.908051e+02
5.900000e-07	-3.487519e-06	-1.149825e-08	-2.452388e+01	-6.824825e+02
6.000000e-07	-3.347458e-06	-1.135511e-08	-2.353898e+01	-6.739019e+02
6.100000e-07	-3.206067e-06	-1.121067e-08	-2.254474e+01	-6.650904e+02
6.200000e-07	-3.063408e-06	-1.105827e-08	-2.154157e+01	-6.560783e+02
6.300000e-07	-2.919578e-06	-1.089873e-08	-2.053018e+01	-6.468858e+02
6.400000e-07	-2.774619e-06	-1.074265e-08	-1.951084e+01	-6.375141e+02
6.500000e-07	-2.628622e-06	-1.058849e-08	-1.848420e+01	-6.279432e+02
6.600000e-07	-2.481753e-06	-1.042506e-08	-1.745144e+01	-6.181383e+02
6.700000e-07	-2.334044e-06	-1.025220e-08	-1.641276e+01	-6.080605e+02
6.800000e-07	-2.185624e-06	-1.007450e-08	-1.536909e+01	-5.976786e+02
6.900000e-07	-2.036555e-06	-9.898353e-09	-1.432085e+01	-5.869775e+02
7.000000e-07	-1.886756e-06	-9.715830e-09	-1.326748e+01	-5.759598e+02
7.100000e-07	-1.736291e-06	-9.523330e-09	-1.220942e+01	-5.646405e+02
7.200000e-07	-1.585232e-06	-9.326462e-09	-1.114719e+01	-5.530381e+02
7.300000e-07	-1.433591e-06	-9.130226e-09	-1.008086e+01	-5.411635e+02
7.400000e-07	-1.281471e-06	-8.929707e-09	-9.011174e+00	-5.290126e+02
7.500000e-07	-1.128879e-06	-8.717395e-09	-7.938162e+00	-5.165636e+02
7.600000e-07	-9.758369e-07	-8.499767e-09	-6.861986e+00	-5.037800e+02
7.700000e-07	-8.223873e-07	-8.281258e-09	-5.782944e+00	-4.906174e+02
7.800000e-07	-6.686367e-07	-8.059277e-09	-4.701785e+00	-4.770306e+02
7.900000e-07	-5.146921e-07	-7.823975e-09	-3.619263e+00	-4.629794e+02
8.000000e-07	-3.605167e-07	-7.575729e-09	-2.535116e+00	-4.484291e+02
8.100000e-07	-2.062057e-07	-7.318965e-09	-1.450018e+00	-4.333480e+02
8.200000e-07	-5.183125e-08	-7.054629e-09	-3.644721e-01	-4.177017e+02
8.300000e-07	1.025565e-07	-6.779947e-09	7.211672e-01	-4.014486e+02
8.400000e-07	2.568743e-07	-6.493375e-09	1.806314e+00	-3.845382e+02
8.500000e-07	4.110907e-07	-6.199630e-09	2.890748e+00	-3.669134e+02
8.600000e-07	5.651571e-07	-5.896057e-09	3.974127e+00	-3.485178e+02
8.700000e-07	7.189733e-07	-5.574579e-09	5.055747e+00	-3.293036e+02
8.800000e-07	8.725016e-07	-5.230168e-09	6.135342e+00	-3.092378e+02
8.900000e-07	1.025724e-06	-4.870940e-09	7.212789e+00	-2.883027e+02
9.000000e-07	1.178552e-06	-4.503801e-09	8.287456e+00	-2.664898e+02
9.100000e-07	1.330968e-06	-4.125158e-09	9.359231e+00	-2.437867e+02
9.200000e-07	1.482938e-06	-3.728292e-09	1.042787e+01	-2.201610e+02
9.300000e-07	1.634345e-06	-3.312868e-09	1.149255e+01	-1.955449e+02
9.400000e-07	1.785166e-06	-2.879832e-09	1.255310e+01	-1.698281e+02
9.500000e-07	1.935385e-06	-2.424273e-09	1.360943e+01	-1.428614e+02
9.600000e-07	2.084915e-06	-1.940905e-09	1.466091e+01	-1.144731e+02
9.700000e-07	2.233718e-06	-1.429020e-09	1.570728e+01	-8.449684e+01
9.800000e-07	2.381740e-06	-8.928672e-10	1.674815e+01	-5.280525e+01
9.900000e-07	2.528892e-06	-3.301716e-10	1.778291e+01	-1.934253e+01
1.000000e-06	2.675137e-06	2.645927e-10	1.881129e+01	1.585112e+01
1.010000e-06	2.820406e-06	8.894465e-10	1.983281e+01	5.262875e+01
1.020000e-06	2.964600e-06	1.535495e-09	2.084676e+01	9.074186e+01
1.030000e-06	3.107703e-06	2.196413e-09	2.185305e+01	1.298598e+02
1.040000e-06	3.249705e-06	2.869731e-09	2.285159e+01	1.695985e+02
1.050000e-06	3.390527e-06	3.548084e-09	2.384184e+01	2.095525e+02
1.060000e-06	3.529948e-06	4.221497e-09	2.482224e+01	2.493235e+02
1.070000e-06	3.667937e-06	4.880836e-09	2.579256e+01	2.885410e+02
1.080000e-06	3.804569e-06	5.523369e-09	2.675334e+01	3.268746e+02
1.090000e-06	3.939800e-06	6.150179e-09	2.770427e+01	3.640389e+02
1.100000e-06	4.073644e-06	6.755961e-09	2.864545e+01	3.997944e+02
1.110000e-06	4.206091e-06	7.332061e-09	2.957681e+01	4.339481e+02
1.120000e-06	4.336980e-06	7.877213e-09	3.049720e+01	4.663568e+02
1.130000e-06	4.466258e-06	8.393359e-09	3.140627e+01	4.969309e+02
1.140000e-06	4.593962e-06	8.878480e-09	3.230427e+01	5.256387e+02
1.150000e-06	4.720048e-06	9.329860e-09	3.319089e+01	5.525059e+02
1.160000e-06	4.844547e-06	9.747904e-09	3.406636e+01	5.776087e+02
1.170000e-06	4.967360e-06	1.014053e-08	3.492997e+01	6.010590e+02
1.180000e-06	5.088381e-06	1.051171e-08	3.578097e+01	6.229844e+02
1.190000e-06	5.207553e-06	1.085791e-08	3.661898e+01	6.435069e+02
1.200000e-06	5.324795e-06	1.117862e-08	3.744341e+01	6.627270e+02
1.210000e-06	5.439950e-06	1.147973e-08	3.825317e+01	6.807164e+02
1.220000e-06	5.552943e-06	1.176434e-08	3.904773e+01	6.975225e+02
1.230000e-06	5.663907e-06	1.202819e-08	3.982802e+01	7.131812e+02
1.240000e-06	5.772975e-06	1.226997e-08	4.059497e+01	7.277336e+02
1.250000e-06	5.880014e-06	1.249751e-08	4.134766e+01	7.412403e+02
1.260000e-06	5.984847e-06	1.271160e-08	4.208483e+01	7.537863e+02
1.270000e-06	6.087531e-06	1.290821e-08	4.280689e+01	7.654761e+02
1.280000e-06	6.188012e-06	1.308775e-08	4.351347e+01	7.764180e+02
1.290000e-06	6.286156e-06	1.325707e-08	4.420361e+01	7.867062e+02
1.300000e-06	6.381951e-06	1.342192e-08	4.487723e+01	7.964048e+02
1.310000e-06	6.475592e-06	1.357766e-08	4.553570e+01	8.055422e+02
1.320000e-06	6.567115e-06	1.372112e-08	4.617928e+01	8.141167e+02
1.330000e-06	6.656279e-06	1.385335e-08	4.680627e+01	8.221129e+02
1.340000e-06	6.743083e-06	1.397604e-08	4.741667e+01	8.295227e+02
1.350000e-06	6.827624e-06	1.408893e-08	4.801116e+01	8.363627e+02
1.360000e-06	6.909772e-06	1.419144e-08	4.858881e+01	8.426818e+02
1.370000e-06	6.989371e-06	1.428688e-08	4.914854e+01	8.485558e+02
1.380000e-06	7.066390e-06	1.438158e-08	4.969014e+01	8.540711e+02
1.390000e-06	7.140765e-06	1.447458e-08	5.021313e+01	8.593031e+02
1.400000e-06	7.212437e-06	1.456057e-08	5.071712e+01	8.642980e+02
1.410000e-06	7.281550e-06	1.463922e-08	5.120312e+01	8.690642e+02
1.420000e-06	7.348116e-06	1.471507e-08	5.167120e+01	8.735780e+02
1.430000e-06	7.412037e-06	1.478644e-08	5.212069e+01	8.778001e+02
1.440000e-06	7.473430e-06	1.484995e-08	5.255240e+01	8.816977e+02
1.450000e-06	7.532279e-06	1.490589e-08	5.296622e+01	8.852628e+02
1.460000e-06	7.588402e-06	1.496029e-08	5.336087e+01	8.885204e+02
1.470000e-06	7.641640e-06	1.501534e-08	5.373524e+01	8.915233e+02
1.480000e-06	7.691728e-06	1.506634e-08	5.408745e+01	8.943349e+02
1.490000e-06	7.738781e-06	1.511314e-08	5.441832e+01	8.970076e+02
1.500000e-06	7.783138e-06	1.515581e-08	5.473023e+01	8.995649e+02
1.510000e-06	7.824733e-06	1.519570e-08	5.502273e+01	9.019942e+02
1.520000e-06	7.863561e-06	1.523091e-08	5.529576e+01	9.042539e+02
1.530000e-06	7.899758e-06	1.526235e-08	5.555029e+01	9.062916e+02
1.540000e-06	7.933121e-06	1.529163e-08	5.578490e+01	9.080664e+02
1.550000e-06	7.963638e-06	1.531908e-08	5.599949e+01	9.095671e+02
1.560000e-06	7.991480e-06	1.534267e-08	5.619527e+01	9.108188e+02
1.570000e-06	8.016443e-06	1.536083e-08	5.637081e+01	9.118747e+02
1.580000e-06	8.038518e-06	1.537578e-08	5.652604e+01	9.127976e+02
1.590000e-06	8.057904e-06	1.538929e-08	5.666236e+01	9.136374e+02
1.600000e-06	8.074435e-06	1.540313e-08	5.677860e+01	9.144131e+02
1.610000e-06	8.087933e-06	1.541330e-08	5.687352e+01	9.151081e+02
1.620000e-06	8.098250e-06	1.541956e-08	5.694607e+01	9.156789e+02
1.630000e-06	8.105544e-06	1.542532e-08	5.699736e+01	9.160750e+02
1.640000e-06	8.110111e-06	1.543006e-08	5.702947e+01	9.162611e+02
1.650000e-06	8.111821e-06	1.542858e-08	5.704150e+01	9.162339e+02
1.660000e-06	8.110746e-06	1.543008e-08	5.703394e+01	9.160253e+02
1.670000e-06	8.107083e-06	1.542754e-08	5.700818e+01	9.156911e+02
1.680000e-06	8.100700e-06	1.542115e-08	5.696330e+01	9.152896e+02
1.690000e-06	8.091571e-06	1.541191e-08	5.689910e+01	9.148586e+02
1.700000e-06	8.079692e-06	1.539683e-08	5.681557e+01	9.143986e+02
1.710000e-06	8.065005e-06	1.537731e-08	5.671229e+01	9.138717e+02
1.720000e-06	8.047815e-06	1.534744e-08	5.659142e+01	9.132145e+02
1.730000e-06	8.028324e-06	1.538145e-08	5.645436e+01	9.123616e+02
1.740000e-06	8.006003e-06	1.541159e-08	5.629740e+01	9.112714e+02
1.750000e-06	7.980167e-06	1.535529e-08	5.611572e+01	9.099423e+02
1.760000e-06	7.950687e-06	1.530029e-08	5.590842e+01	9.084154e+02
1.770000e-06	7.918119e-06	1.527952e-08	5.567941e+01	9.067600e+02
1.780000e-06	7.883046e-06	1.521734e-08	5.543278e+01	9.050492e+02
1.790000e-06	7.845549e-06	1.517707e-08	5.516910e+01	9.033332e+02
1.800000e-06	7.805887e-06	1.523393e-08	5.489021e+01	9.016216e+02
1.810000e-06	7.763982e-06	1.511705e-08	5.459553e+01	8.998798e+02
1.820000e-06	7.719433e-06	1.512120e-08	5.428227e+01	8.980428e+02
1.830000e-06	7.672194e-06	1.513398e-08	5.395009e+01	8.960387e+02
1.840000e-06	7.621978e-06	1.502329e-08	5.359697e+01	8.938154e+02
1.850000e-06	7.568652e-06	1.504417e-08	5.322199e+01	8.913581e+02
1.860000e-06	7.512442e-06	1.492715e-08	5.282673e+01	8.886934e+02
1.870000e-06	7.453598e-06	1.493542e-08	5.241294e+01	8.858768e+02
1.880000e-06	7.392209e-06	1.489250e-08	5.198126e+01	8.829706e+02
1.890000e-06	7.328059e-06	1.480457e-08	5.153017e+01	8.800191e+02
1.900000e-06	7.261137e-06	1.480637e-08	5.105958e+01	8.770321e+02
1.910000e-06	7.191418e-06	1.469100e-08	5.056932e+01	8.739817e+02
1.920000e-06	7.118994e-06	1.468308e-08	5.006004e+01	8.708145e+02
1.930000e-06	7.043983e-06	1.460417e-08	4.953257e+01	8.674726e+02
1.940000e-06	6.966172e-06	1.454931e-08	4.898541e+01	8.639166e+02
1.950000e-06	6.885747e-06	1.450686e-08	4.841987e+01	8.601407e+02
1.960000e-06	6.802884e-06	1.441116e-08	4.783719e+01	8.561749e+02
1.970000e-06	6.717561e-06	1.438146e-08	4.723720e+01	8.520727e+02
1.980000e-06	6.629772e-06	1.425968e-08	4.661988e+01	8.478906e+02
1.990000e-06	6.539656e-06	1.420587e-08	4.598619e+01	8.436659e+02
2.000000e-06	6.447342e-06	1.412735e-08	4.533705e+01	8.394034e+02
2.010000e-06	6.352684e-06	1.406498e-08	4.467143e+01	8.350727e+02
2.020000e-06	6.255765e-06	1.399622e-08	4.398990e+01	8.306208e+02
2.030000e-06	6.156642e-06	1.390944e-08	4.329288e+01	8.259914e+02
2.040000e-06	6.055253e-06	1.385151e-08	4.257992e+01	8.211450e+02
2.050000e-06	5.951596e-06	1.374567e-08	4.185102e+01	8.160728e+02
2.060000e-06	5.845850e-06	1.366235e-08	4.110742e+01	8.107973e+02
2.070000e-06	5.738157e-06	1.354429e-08	4.035014e+01	8.053620e+02
2.080000e-06	5.628406e-06	1.345892e-08	3.957838e+01	7.998131e+02
2.090000e-06	5.516517e-06	1.336359e-08	3.879159e+01	7.941813e+02
2.100000e-06	5.402461e-06	1.327599e-08	3.798956e+01	7.884700e+02
2.110000e-06	5.286336e-06	1.318062e-08	3.717297e+01	7.826545e+02
2.120000e-06	5.168145e-06	1.308512e-08	3.634187e+01	7.766925e+02
2.130000e-06	5.048009e-06	1.298468e-08	3.549708e+01	7.705408e+02
2.140000e-06	4.926061e-06	1.286688e-08	3.463956e+01	7.641713e+02
2.150000e-06	4.802368e-06	1.275148e-08	3.376977e+01	7.575812e+02
2.160000e-06	4.676996e-06	1.262905e-08	3.288816e+01	7.507930e+02
2.170000e-06	4.549886e-06	1.251781e-08	3.199433e+01	7.438439e+02
2.180000e-06	4.421120e-06	1.239835e-08	3.108887e+01	7.367700e+02
2.190000e-06	4.290778e-06	1.228670e-08	3.017232e+01	7.295915e+02
2.200000e-06	4.158953e-06	1.216109e-08	2.924533e+01	7.223033e+02
2.210000e-06	4.025663e-06	1.203849e-08	2.830805e+01	7.148754e+02
2.220000e-06	3.890843e-06	1.190397e-08	2.736001e+01	7.072630e+02
2.230000e-06	3.754547e-06	1.176747e-08	2.640159e+01	6.994212e+02
2.240000e-06	3.616946e-06	1.162580e-08	2.543399e+01	6.913190e+02
2.250000e-06	3.478099e-06	1.148590e-08	2.445764e+01	6.829484e+02
2.260000e-06	3.337973e-06	1.134591e-08	2.347229e+01	6.743239e+02
2.270000e-06	3.196526e-06	1.119903e-08	2.247764e+01	6.654740e+02
2.280000e-06	3.053800e-06	1.104886e-08	2.147401e+01	6.564282e+02
2.290000e-06	2.909948e-06	1.089108e-08	2.046246e+01	6.472038e+02
2.300000e-06	2.765069e-06	1.073062e-08	1.944368e+01	6.377981e+02
2.310000e-06	2.619221e-06	1.056276e-08	1.841809e+01	6.281878e+02
2.320000e-06	2.472483e-06	1.039470e-08	1.738625e+01	6.183364e+02
2.330000e-06	2.324914e-06	1.022578e-08	1.634856e+01	6.082057e+02
2.340000e-06	2.176560e-06	1.005535e-08	1.530535e+01	5.977670e+02
2.350000e-06	2.027457e-06	9.876328e-09	1.425687e+01	5.870082e+02
2.360000e-06	1.877617e-06	9.689203e-09	1.320321e+01	5.759348e+02
2.370000e-06	1.727034e-06	9.494666e-09	1.214432e+01	5.645632e+02
2.380000e-06	1.575804e-06	9.296682e-09	1.108089e+01	5.529113e+02
2.390000e-06	1.424061e-06	9.091659e-09	1.001386e+01	5.409877e+02
2.400000e-06	1.271748e-06	8.885247e-09	8.942805e+00	5.287852e+02
2.410000e-06	1.118927e-06	8.674815e-09	7.868181e+00	5.162790e+02
2.420000e-06	9.657238e-07	8.460442e-09	6.790872e+00	5.034306e+02
2.430000e-06	8.121830e-07	8.239495e-09	5.711188e+00	4.901950e+02
2.440000e-06	6.584160e-07	8.007651e-09	4.629914e+00	4.765276e+02
2.450000e-06	5.044975e-07	7.767245e-09	3.547575e+00	4.623892e+02
2.460000e-06	3.504036e-07	7.518373e-09	2.464002e+00	4.477460e+02
2.470000e-06	1.961709e-07	7.262325e-09	1.379454e+00	4.325661e+02
2.480000e-06	4.184923e-08	6.996280e-09	2.942795e-01	4.168143e+02
2.490000e-06	-1.125200e-07	6.721208e-09	-7.912290e-01	4.004474e+02
2.500000e-06	-2.668025e-07	6.435631e-09	-1.876128e+00	3.834131e+02
2.510000e-06	-4.209456e-07	6.139284e-09	-2.960046e+00	3.656542e+02
2.520000e-06	-5.749330e-07	5.828956e-09	-4.042870e+00	3.471152e+02
2.530000e-06	-7.286948e-07	5.501668e-09	-5.124108e+00	3.277504e+02
2.540000e-06	-8.822361e-07	5.157321e-09	-6.203794e+00	3.075298e+02
2.550000e-06	-1.035469e-06	4.798583e-09	-7.281313e+00	2.864380e+02
2.560000e-06	-1.188263e-06	4.428241e-09	-8.355745e+00	2.644669e+02
2.570000e-06	-1.340594e-06	4.045272e-09	-9.426921e+00	2.416019e+02
2.580000e-06	-1.492437e-06	3.647160e-09	-1.049467e+01	2.178049e+02
2.590000e-06	-1.643737e-06	3.233070e-09	-1.155859e+01	1.930011e+02
2.600000e-06	-1.794384e-06	2.800044e-09	-1.261793e+01	1.670726e+02
2.610000e-06	-1.944342e-06	2.343478e-09	-1.367242e+01	1.398644e+02
2.620000e-06	-2.093604e-06	1.860354e-09	-1.472201e+01	1.112036e+02
2.630000e-06	-2.242126e-06	1.349592e-09	-1.576640e+01	8.092826e+01
2.640000e-06	-2.389878e-06	8.111029e-10	-1.680538e+01	4.892151e+01
2.650000e-06	-2.536785e-06	2.469053e-10	-1.783842e+01	1.514325e+01
2.660000e-06	-2.682816e-06	-3.433738e-10	-1.886529e+01	-2.034759e+01
2.670000e-06	-2.827954e-06	-9.609117e-10	-1.988589e+01	-5.738508e+01
2.680000e-06	-2.972042e-06	-1.601925e-09	-2.089910e+01	-9.570429e+01
2.690000e-06	-3.114929e-06	-2.260227e-09	-2.190386e+01	-1.349627e+02
2.700000e-06	-3.256598e-06	-2.928415e-09	-2.290006e+01	-1.747702e+02
2.710000e-06	-3.397043e-06	-3.600543e-09	-2.388766e+01	-2.147207e+02
2.720000e-06	-3.536184e-06	-4.269022e-09	-2.486608e+01	-2.544195e+02
2.730000e-06	-3.673997e-06	-4.927218e-09	-2.583517e+01	-2.935026e+02
2.740000e-06	-3.810464e-06	-5.568435e-09	-2.679480e+01	-3.316474e+02
2.750000e-06	-3.945490e-06	-6.187347e-09	-2.774428e+01	-3.685769e+02
2.760000e-06	-4.079090e-06	-6.781305e-09	-2.868375e+01	-4.040595e+02
2.770000e-06	-4.211301e-06	-7.349686e-09	-2.961344e+01	-4.379112e+02
2.780000e-06	-4.342033e-06	-7.891341e-09	-3.053273e+01	-4.699977e+02
2.790000e-06	-4.471277e-06	-8.402219e-09	-3.144157e+01	-5.002396e+02
2.800000e-06	-4.598967e-06	-8.881673e-09	-3.233947e+01	-5.286157e+02
2.810000e-06	-4.724968e-06	-9.330815e-09	-3.322549e+01	-5.551614e+02
2.820000e-06	-4.849301e-06	-9.748852e-09	-3.409979e+01	-5.799606e+02
2.830000e-06	-4.971932e-06	-1.013746e-08	-3.496212e+01	-6.031297e+02
2.840000e-06	-5.092739e-06	-1.050100e-08	-3.581162e+01	-6.247965e+02
2.850000e-06	-5.211573e-06	-1.084386e-08	-3.664725e+01	-6.450804e+02
2.860000e-06	-5.328366e-06	-1.116793e-08	-3.746853e+01	-6.640767e+02
2.870000e-06	-5.443068e-06	-1.147025e-08	-3.827510e+01	-6.818524e+02
2.880000e-06	-5.555553e-06	-1.174961e-08	-3.906608e+01	-6.984515e+02
2.890000e-06	-5.665881e-06	-1.200848e-08	-3.984190e+01	-7.139096e+02
2.900000e-06	-5.774237e-06	-1.224978e-08	-4.060384e+01	-7.282706e+02
2.910000e-06	-5.880694e-06	-1.247329e-08	-4.135244e+01	-7.415993e+02
2.920000e-06	-5.985107e-06	-1.268102e-08	-4.208666e+01	-7.539849e+02
2.930000e-06	-6.087271e-06	-1.287703e-08	-4.280507e+01	-7.655338e+02
2.940000e-06	-6.187234e-06	-1.306164e-08	-4.350800e+01	-7.763532e+02
2.950000e-06	-6.285109e-06	-1.323451e-08	-4.419624e+01	-7.865329e+02
2.960000e-06	-6.380826e-06	-1.339596e-08	-4.486932e+01	-7.961308e+02
2.970000e-06	-6.474235e-06	-1.354841e-08	-4.552616e+01	-8.051689e+02
2.980000e-06	-6.565336e-06	-1.369250e-08	-4.616677e+01	-8.136418e+02
2.990000e-06	-6.654215e-06	-1.382652e-08	-4.679176e+01	-8.215338e+02
3.000000e-06	-6.740725e-06	-1.395036e-08	-4.740009e+01	-8.288402e+02
3.010000e-06	-6.824755e-06	-1.406586e-08	-4.799098e+01	-8.355832e+02
3.020000e-06	-6.906429e-06	-1.417148e-08	-4.856530e+01	-8.418171e+02
3.030000e-06	-6.985632e-06	-1.426853e-08	-4.912226e+01	-8.476212e+02
3.040000e-06	-7.062107e-06	-1.435908e-08	-4.966002e+01	-8.530815e+02
3.050000e-06	-7.135940e-06	-1.444573e-08	-5.017920e+01	-8.582693e+02
3.060000e-06	-7.207194e-06	-1.452861e-08	-5.068026e+01	-8.632242e+02
3.070000e-06	-7.275804e-06	-1.460635e-08	-5.116271e+01	-8.679483e+02
3.080000e-06	-7.341853e-06	-1.468182e-08	-5.162716e+01	-8.724135e+02
3.090000e-06	-7.405334e-06	-1.475385e-08	-5.207356e+01	-8.765800e+02
3.100000e-06	-7.466148e-06	-1.482194e-08	-5.250119e+01	-8.804184e+02
3.110000e-06	-7.524266e-06	-1.488196e-08	-5.290987e+01	-8.839262e+02
3.120000e-06	-7.579633e-06	-1.493462e-08	-5.329921e+01	-8.871344e+02
3.130000e-06	-7.632105e-06	-1.498215e-08	-5.366818e+01	-8.900989e+02
3.140000e-06	-7.681504e-06	-1.502656e-08	-5.401556e+01	-8.928830e+02
3.150000e-06	-7.727937e-06	-1.506973e-08	-5.434207e+01	-8.955349e+02
3.160000e-06	-7.771825e-06	-1.511344e-08	-5.465068e+01	-8.980717e+02
3.170000e-06	-7.813222e-06	-1.515591e-08	-5.494178e+01	-9.004749e+02
3.180000e-06	-7.851896e-06	-1.519639e-08	-5.521373e+01	-9.026992e+02
3.190000e-06	-7.887813e-06	-1.523108e-08	-5.546630e+01	-9.046928e+02
3.200000e-06	-7.920978e-06	-1.525839e-08	-5.569951e+01	-9.064189e+02
3.210000e-06	-7.951266e-06	-1.528184e-08	-5.591249e+01	-9.078728e+02
3.220000e-06	-7.978651e-06	-1.530094e-08	-5.610506e+01	-9.090855e+02
3.230000e-06	-8.003256e-06	-1.531777e-08	-5.627808e+01	-9.101136e+02
3.240000e-06	-8.025013e-06	-1.533542e-08	-5.643108e+01	-9.110192e+02
3.250000e-06	-8.043948e-06	-1.535418e-08	-5.656422e+01	-9.118476e+02
3.260000e-06	-8.060025e-06	-1.536893e-08	-5.667727e+01	-9.126116e+02
3.270000e-06	-8.072960e-06	-1.537827e-08	-5.676823e+01	-9.132885e+02
3.280000e-06	-8.082892e-06	-1.538521e-08	-5.683808e+01	-9.138322e+02
3.290000e-06	-8.089969e-06	-1.539272e-08	-5.688784e+01	-9.141930e+02
3.300000e-06	-8.094169e-06	-1.539900e-08	-5.691737e+01	-9.143407e+02
3.310000e-06	-8.095617e-06	-1.540031e-08	-5.692756e+01	-9.142784e+02
