# Temperatura_=_64.28
# Concentracion g/m^3_=_11780.0
# C_Vs_to_Am_M_A/Vsm_=_59384043850.047264
# pendiente_HvsI_1/m_=_3716.3
# ordenada_HvsI_A/m_=_1297.0
# frecuencia_Hz_=_301538.09833651845

Tiempo_(s)	Campo_(V.s)	Magnetizacion_(V.s)	Campo_(kA/m)	Magnetizacion_(A/m)
0.000000e+00	-8.168472e-06	-1.568982e-08	-5.691265e+01	-9.312414e+02
1.000000e-08	-8.165327e-06	-1.568312e-08	-5.689073e+01	-9.309166e+02
2.000000e-08	-8.159536e-06	-1.567764e-08	-5.685039e+01	-9.304731e+02
3.000000e-08	-8.151086e-06	-1.566856e-08	-5.679151e+01	-9.299640e+02
4.000000e-08	-8.139700e-06	-1.565910e-08	-5.671218e+01	-9.294189e+02
5.000000e-08	-8.125285e-06	-1.564954e-08	-5.661175e+01	-9.288316e+02
6.000000e-08	-8.108003e-06	-1.564575e-08	-5.649134e+01	-9.281610e+02
7.000000e-08	-8.088286e-06	-1.564220e-08	-5.635396e+01	-9.273467e+02
8.000000e-08	-8.066007e-06	-1.556134e-08	-5.619873e+01	-9.263313e+02
9.000000e-08	-8.040399e-06	-1.551432e-08	-5.602031e+01	-9.250836e+02
1.000000e-07	-8.011433e-06	-1.555479e-08	-5.581850e+01	-9.236118e+02
1.100000e-07	-7.979614e-06	-1.556308e-08	-5.559681e+01	-9.219622e+02
1.200000e-07	-7.945043e-06	-1.551366e-08	-5.535594e+01	-9.202037e+02
1.300000e-07	-7.907986e-06	-1.546986e-08	-5.509775e+01	-9.184037e+02
1.400000e-07	-7.868823e-06	-1.549650e-08	-5.482489e+01	-9.166038e+02
1.500000e-07	-7.827268e-06	-1.541346e-08	-5.453536e+01	-9.148045e+02
1.600000e-07	-7.782814e-06	-1.538485e-08	-5.422563e+01	-9.129649e+02
1.700000e-07	-7.735543e-06	-1.535563e-08	-5.389627e+01	-9.110168e+02
1.800000e-07	-7.685316e-06	-1.524602e-08	-5.354633e+01	-9.088884e+02
1.900000e-07	-7.631905e-06	-1.529731e-08	-5.317420e+01	-9.065294e+02
2.000000e-07	-7.575682e-06	-1.525608e-08	-5.278247e+01	-9.039272e+02
2.100000e-07	-7.516739e-06	-1.518199e-08	-5.237179e+01	-9.011097e+02
2.200000e-07	-7.455189e-06	-1.512265e-08	-5.194295e+01	-8.981334e+02
2.300000e-07	-7.390971e-06	-1.506221e-08	-5.149552e+01	-8.950612e+02
2.400000e-07	-7.323893e-06	-1.505234e-08	-5.102816e+01	-8.919389e+02
2.500000e-07	-7.254178e-06	-1.494749e-08	-5.054243e+01	-8.887785e+02
2.600000e-07	-7.181786e-06	-1.489213e-08	-5.003805e+01	-8.855548e+02
2.700000e-07	-7.106577e-06	-1.486210e-08	-4.951405e+01	-8.822154e+02
2.800000e-07	-7.028483e-06	-1.483325e-08	-4.896994e+01	-8.787015e+02
2.900000e-07	-6.947601e-06	-1.475661e-08	-4.840640e+01	-8.749698e+02
3.000000e-07	-6.864329e-06	-1.463753e-08	-4.782622e+01	-8.710090e+02
3.100000e-07	-6.778862e-06	-1.459945e-08	-4.723074e+01	-8.668436e+02
3.200000e-07	-6.691067e-06	-1.452739e-08	-4.661904e+01	-8.625240e+02
3.300000e-07	-6.600867e-06	-1.445971e-08	-4.599059e+01	-8.581080e+02
3.400000e-07	-6.508325e-06	-1.437095e-08	-4.534581e+01	-8.536380e+02
3.500000e-07	-6.413484e-06	-1.430001e-08	-4.468502e+01	-8.491262e+02
3.600000e-07	-6.316246e-06	-1.424707e-08	-4.400753e+01	-8.445489e+02
3.700000e-07	-6.216613e-06	-1.415610e-08	-4.331335e+01	-8.398557e+02
3.800000e-07	-6.114733e-06	-1.405793e-08	-4.260352e+01	-8.349877e+02
3.900000e-07	-6.010669e-06	-1.395287e-08	-4.187847e+01	-8.298984e+02
4.000000e-07	-5.904453e-06	-1.389397e-08	-4.113842e+01	-8.245699e+02
4.100000e-07	-5.796167e-06	-1.380650e-08	-4.038395e+01	-8.190180e+02
4.200000e-07	-5.685867e-06	-1.370324e-08	-3.961546e+01	-8.132851e+02
4.300000e-07	-5.573456e-06	-1.359867e-08	-3.883225e+01	-8.074228e+02
4.400000e-07	-5.458843e-06	-1.350952e-08	-3.803370e+01	-8.014720e+02
4.500000e-07	-5.342060e-06	-1.341412e-08	-3.722003e+01	-7.954466e+02
4.600000e-07	-5.223216e-06	-1.329322e-08	-3.639200e+01	-7.893277e+02
4.700000e-07	-5.102511e-06	-1.318063e-08	-3.555100e+01	-7.830709e+02
4.800000e-07	-4.979982e-06	-1.307817e-08	-3.469730e+01	-7.766224e+02
4.900000e-07	-4.855608e-06	-1.298433e-08	-3.383075e+01	-7.699388e+02
5.000000e-07	-4.729492e-06	-1.286002e-08	-3.295205e+01	-7.630036e+02
5.100000e-07	-4.601716e-06	-1.273360e-08	-3.206179e+01	-7.558331e+02
5.200000e-07	-4.472319e-06	-1.261312e-08	-3.116023e+01	-7.484703e+02
5.300000e-07	-4.341278e-06	-1.249526e-08	-3.024723e+01	-7.409682e+02
5.400000e-07	-4.208642e-06	-1.235784e-08	-2.932310e+01	-7.333695e+02
5.500000e-07	-4.074477e-06	-1.221688e-08	-2.838833e+01	-7.256890e+02
5.600000e-07	-3.938874e-06	-1.209248e-08	-2.744354e+01	-7.179061e+02
5.700000e-07	-3.801814e-06	-1.196889e-08	-2.648859e+01	-7.099691e+02
5.800000e-07	-3.663240e-06	-1.183048e-08	-2.552309e+01	-7.018113e+02
5.900000e-07	-3.523220e-06	-1.167741e-08	-2.454753e+01	-6.933721e+02
6.000000e-07	-3.381800e-06	-1.153434e-08	-2.356220e+01	-6.846156e+02
6.100000e-07	-3.238994e-06	-1.138858e-08	-2.256722e+01	-6.755408e+02
6.200000e-07	-3.094937e-06	-1.122981e-08	-2.156352e+01	-6.661796e+02
6.300000e-07	-2.949825e-06	-1.105894e-08	-2.055248e+01	-6.565829e+02
6.400000e-07	-2.803695e-06	-1.089493e-08	-1.953434e+01	-6.468003e+02
6.500000e-07	-2.656609e-06	-1.073649e-08	-1.850954e+01	-6.368610e+02
6.600000e-07	-2.508640e-06	-1.056786e-08	-1.747858e+01	-6.267614e+02
6.700000e-07	-2.359797e-06	-1.038761e-08	-1.644154e+01	-6.164653e+02
6.800000e-07	-2.210153e-06	-1.020621e-08	-1.539892e+01	-6.059152e+02
6.900000e-07	-2.059731e-06	-1.003163e-08	-1.435088e+01	-5.950505e+02
7.000000e-07	-1.908521e-06	-9.848055e-09	-1.329734e+01	-5.838267e+02
7.100000e-07	-1.756633e-06	-9.648867e-09	-1.223908e+01	-5.722279e+02
7.200000e-07	-1.604173e-06	-9.442263e-09	-1.117684e+01	-5.602679e+02
7.300000e-07	-1.451146e-06	-9.238809e-09	-1.011065e+01	-5.479806e+02
7.400000e-07	-1.297486e-06	-9.030808e-09	-9.040048e+00	-5.354026e+02
7.500000e-07	-1.143277e-06	-8.810110e-09	-7.965619e+00	-5.225540e+02
7.600000e-07	-9.886891e-07	-8.584784e-09	-6.888548e+00	-5.094253e+02
7.700000e-07	-8.338174e-07	-8.361888e-09	-5.809502e+00	-4.959735e+02
7.800000e-07	-6.786904e-07	-8.135924e-09	-4.728677e+00	-4.821291e+02
7.900000e-07	-5.233165e-07	-7.894299e-09	-3.646132e+00	-4.678106e+02
8.000000e-07	-3.678000e-07	-7.639632e-09	-2.562593e+00	-4.529413e+02
8.100000e-07	-2.121960e-07	-7.377497e-09	-1.478445e+00	-4.374612e+02
8.200000e-07	-5.652092e-08	-7.107559e-09	-3.938014e-01	-4.213317e+02
8.300000e-07	9.915804e-08	-6.823366e-09	6.908693e-01	-4.045302e+02
8.400000e-07	2.548152e-07	-6.525991e-09	1.775388e+00	-3.870396e+02
8.500000e-07	4.104190e-07	-6.222394e-09	2.859535e+00	-3.688359e+02
8.600000e-07	5.658867e-07	-5.907903e-09	3.942733e+00	-3.498812e+02
8.700000e-07	7.211654e-07	-5.573604e-09	5.024615e+00	-3.301228e+02
8.800000e-07	8.762452e-07	-5.219043e-09	6.105112e+00	-3.094995e+02
8.900000e-07	1.031014e-06	-4.853739e-09	7.183441e+00	-2.879512e+02
9.000000e-07	1.185343e-06	-4.479277e-09	8.258703e+00	-2.654260e+02
9.100000e-07	1.339247e-06	-4.087399e-09	9.331009e+00	-2.418796e+02
9.200000e-07	1.492751e-06	-3.671091e-09	1.040052e+01	-2.172667e+02
9.300000e-07	1.645691e-06	-3.234724e-09	1.146612e+01	-1.915253e+02
9.400000e-07	1.797973e-06	-2.780728e-09	1.252712e+01	-1.645611e+02
9.500000e-07	1.949640e-06	-2.301274e-09	1.358384e+01	-1.362401e+02
9.600000e-07	2.100599e-06	-1.791643e-09	1.463562e+01	-1.063958e+02
9.700000e-07	2.250732e-06	-1.254951e-09	1.568165e+01	-7.485402e+01
9.800000e-07	2.399976e-06	-6.936180e-10	1.672148e+01	-4.147134e+01
9.900000e-07	2.548312e-06	-1.010619e-10	1.775499e+01	-6.179944e+00
1.000000e-06	2.695783e-06	5.280567e-10	1.878248e+01	3.097411e+01
1.010000e-06	2.842348e-06	1.188895e-09	1.980365e+01	6.980937e+01
1.020000e-06	2.987887e-06	1.869591e-09	2.081767e+01	1.100113e+02
1.030000e-06	3.132376e-06	2.563557e-09	2.182437e+01	1.511592e+02
1.040000e-06	3.275720e-06	3.269069e-09	2.282310e+01	1.927703e+02
1.050000e-06	3.417788e-06	3.974690e-09	2.381295e+01	2.343515e+02
1.060000e-06	3.558570e-06	4.667816e-09	2.479382e+01	2.754451e+02
1.070000e-06	3.698056e-06	5.342537e-09	2.576567e+01	3.156596e+02
1.080000e-06	3.836181e-06	5.998894e-09	2.672804e+01	3.546817e+02
1.090000e-06	3.972826e-06	6.634562e-09	2.768009e+01	3.922713e+02
1.100000e-06	4.107963e-06	7.241928e-09	2.862164e+01	4.282463e+02
1.110000e-06	4.241560e-06	7.816723e-09	2.955246e+01	4.624677e+02
1.120000e-06	4.373629e-06	8.362376e-09	3.047262e+01	4.948305e+02
1.130000e-06	4.504228e-06	8.878583e-09	3.138256e+01	5.252640e+02
1.140000e-06	4.633235e-06	9.357775e-09	3.228139e+01	5.537399e+02
1.150000e-06	4.760547e-06	9.800631e-09	3.316842e+01	5.802816e+02
1.160000e-06	4.886136e-06	1.021342e-08	3.404344e+01	6.049672e+02
1.170000e-06	5.010067e-06	1.060144e-08	3.490692e+01	6.279219e+02
1.180000e-06	5.132345e-06	1.096273e-08	3.575887e+01	6.492998e+02
1.190000e-06	5.252733e-06	1.129667e-08	3.659766e+01	6.692575e+02
1.200000e-06	5.371033e-06	1.160751e-08	3.742189e+01	6.879298e+02
1.210000e-06	5.487310e-06	1.190028e-08	3.823204e+01	7.054130e+02
1.220000e-06	5.601559e-06	1.217562e-08	3.902805e+01	7.217638e+02
1.230000e-06	5.713686e-06	1.243107e-08	3.980928e+01	7.370106e+02
1.240000e-06	5.823701e-06	1.266873e-08	4.057579e+01	7.511761e+02
1.250000e-06	5.931693e-06	1.289096e-08	4.132822e+01	7.642991e+02
1.260000e-06	6.037629e-06	1.309686e-08	4.206631e+01	7.764491e+02
1.270000e-06	6.141358e-06	1.328436e-08	4.278902e+01	7.877268e+02
1.280000e-06	6.242838e-06	1.345768e-08	4.349607e+01	7.982508e+02
1.290000e-06	6.342083e-06	1.362281e-08	4.418754e+01	8.081352e+02
1.300000e-06	6.439004e-06	1.378023e-08	4.486283e+01	8.174665e+02
1.310000e-06	6.533566e-06	1.392838e-08	4.552168e+01	8.262894e+02
1.320000e-06	6.625894e-06	1.406632e-08	4.616495e+01	8.346072e+02
1.330000e-06	6.715910e-06	1.419572e-08	4.679213e+01	8.423955e+02
1.340000e-06	6.803526e-06	1.431665e-08	4.740258e+01	8.496273e+02
1.350000e-06	6.888775e-06	1.442681e-08	4.799654e+01	8.562958e+02
1.360000e-06	6.971674e-06	1.452655e-08	4.857413e+01	8.624312e+02
1.370000e-06	7.052081e-06	1.462032e-08	4.913435e+01	8.681003e+02
1.380000e-06	7.129870e-06	1.471091e-08	4.967634e+01	8.733933e+02
1.390000e-06	7.205025e-06	1.479880e-08	5.019997e+01	8.784000e+02
1.400000e-06	7.277493e-06	1.488071e-08	5.070488e+01	8.831854e+02
1.410000e-06	7.347329e-06	1.495642e-08	5.119145e+01	8.877746e+02
1.420000e-06	7.414584e-06	1.503004e-08	5.166004e+01	8.921519e+02
1.430000e-06	7.479177e-06	1.509905e-08	5.211008e+01	8.962743e+02
1.440000e-06	7.541140e-06	1.516234e-08	5.254180e+01	9.000948e+02
1.450000e-06	7.600530e-06	1.521863e-08	5.295559e+01	9.035858e+02
1.460000e-06	7.657257e-06	1.527128e-08	5.335083e+01	9.067547e+02
1.470000e-06	7.711168e-06	1.532160e-08	5.372644e+01	9.096444e+02
1.480000e-06	7.761978e-06	1.536784e-08	5.408046e+01	9.123199e+02
1.490000e-06	7.809643e-06	1.541033e-08	5.441256e+01	9.148460e+02
1.500000e-06	7.854473e-06	1.544999e-08	5.472490e+01	9.172648e+02
1.510000e-06	7.896493e-06	1.548863e-08	5.501767e+01	9.195820e+02
1.520000e-06	7.935675e-06	1.552522e-08	5.529067e+01	9.217667e+02
1.530000e-06	7.972167e-06	1.555776e-08	5.554492e+01	9.237657e+02
1.540000e-06	8.005830e-06	1.558473e-08	5.577946e+01	9.255264e+02
1.550000e-06	8.036625e-06	1.560745e-08	5.599402e+01	9.270188e+02
1.560000e-06	8.064737e-06	1.562684e-08	5.618989e+01	9.282488e+02
1.570000e-06	8.090024e-06	1.564456e-08	5.636607e+01	9.292581e+02
1.580000e-06	8.112405e-06	1.566098e-08	5.652201e+01	9.301091e+02
1.590000e-06	8.132061e-06	1.567496e-08	5.665896e+01	9.308634e+02
1.600000e-06	8.148845e-06	1.568731e-08	5.677590e+01	9.315594e+02
1.610000e-06	8.162533e-06	1.569657e-08	5.687127e+01	9.322004e+02
1.620000e-06	8.173009e-06	1.570187e-08	5.694425e+01	9.327549e+02
1.630000e-06	8.180454e-06	1.570559e-08	5.699613e+01	9.331720e+02
1.640000e-06	8.185167e-06	1.570825e-08	5.702897e+01	9.334027e+02
1.650000e-06	8.186966e-06	1.570556e-08	5.704150e+01	9.334209e+02
1.660000e-06	8.185893e-06	1.570809e-08	5.703402e+01	9.332348e+02
1.670000e-06	8.182177e-06	1.570657e-08	5.700814e+01	9.328841e+02
1.680000e-06	8.175739e-06	1.569942e-08	5.696328e+01	9.324251e+02
1.690000e-06	8.166614e-06	1.569056e-08	5.689970e+01	9.319079e+02
1.700000e-06	8.154707e-06	1.567751e-08	5.681674e+01	9.313564e+02
1.710000e-06	8.139915e-06	1.565614e-08	5.671368e+01	9.307576e+02
1.720000e-06	8.122570e-06	1.562009e-08	5.659283e+01	9.300656e+02
1.730000e-06	8.102922e-06	1.565953e-08	5.645594e+01	9.292187e+02
1.740000e-06	8.080492e-06	1.570436e-08	5.629966e+01	9.281626e+02
1.750000e-06	8.054517e-06	1.563442e-08	5.611868e+01	9.268728e+02
1.760000e-06	8.024812e-06	1.556895e-08	5.591171e+01	9.253645e+02
1.770000e-06	7.991982e-06	1.555790e-08	5.568298e+01	9.236896e+02
1.780000e-06	7.956699e-06	1.550733e-08	5.543715e+01	9.219188e+02
1.790000e-06	7.918999e-06	1.544206e-08	5.517448e+01	9.201164e+02
1.800000e-06	7.879052e-06	1.550455e-08	5.489616e+01	9.183174e+02
1.810000e-06	7.836817e-06	1.538765e-08	5.460189e+01	9.165146e+02
1.820000e-06	7.791956e-06	1.537953e-08	5.428933e+01	9.146607e+02
1.830000e-06	7.744418e-06	1.542376e-08	5.395811e+01	9.126849e+02
1.840000e-06	7.693839e-06	1.528711e-08	5.360571e+01	9.105177e+02
1.850000e-06	7.640141e-06	1.532312e-08	5.323158e+01	9.081145e+02
1.860000e-06	7.583568e-06	1.519504e-08	5.283741e+01	9.054703e+02
1.870000e-06	7.524265e-06	1.519964e-08	5.242423e+01	9.026194e+02
1.880000e-06	7.462352e-06	1.517052e-08	5.199286e+01	8.996212e+02
1.890000e-06	7.397682e-06	1.504893e-08	5.154228e+01	8.965371e+02
1.900000e-06	7.330345e-06	1.507942e-08	5.107312e+01	8.934078e+02
1.910000e-06	7.260123e-06	1.496461e-08	5.058385e+01	8.902385e+02
1.920000e-06	7.187005e-06	1.495446e-08	5.007442e+01	8.869980e+02
1.930000e-06	7.111274e-06	1.485887e-08	4.954677e+01	8.836312e+02
1.940000e-06	7.032710e-06	1.480115e-08	4.899939e+01	8.800804e+02
1.950000e-06	6.951539e-06	1.477791e-08	4.843384e+01	8.763072e+02
1.960000e-06	6.867935e-06	1.466393e-08	4.785134e+01	8.723067e+02
1.970000e-06	6.781863e-06	1.464763e-08	4.725165e+01	8.681091e+02
1.980000e-06	6.693368e-06	1.451742e-08	4.663507e+01	8.637678e+02
1.990000e-06	6.602528e-06	1.447150e-08	4.600215e+01	8.593393e+02
2.000000e-06	6.509411e-06	1.438212e-08	4.535338e+01	8.548617e+02
2.010000e-06	6.413891e-06	1.430588e-08	4.468786e+01	8.503404e+02
2.020000e-06	6.316094e-06	1.423935e-08	4.400647e+01	8.457462e+02
2.030000e-06	6.216023e-06	1.414702e-08	4.330924e+01	8.410256e+02
2.040000e-06	6.113679e-06	1.409740e-08	4.259618e+01	8.361205e+02
2.050000e-06	6.009136e-06	1.397787e-08	4.186778e+01	8.309884e+02
2.060000e-06	5.902529e-06	1.390263e-08	4.112502e+01	8.256174e+02
2.070000e-06	5.793886e-06	1.378565e-08	4.036806e+01	8.200291e+02
2.080000e-06	5.683071e-06	1.370870e-08	3.959598e+01	8.142690e+02
2.090000e-06	5.570144e-06	1.360240e-08	3.880917e+01	8.083882e+02
2.100000e-06	5.455043e-06	1.350581e-08	3.800722e+01	8.024235e+02
2.110000e-06	5.337768e-06	1.340600e-08	3.719013e+01	7.963832e+02
2.120000e-06	5.218406e-06	1.330299e-08	3.635849e+01	7.902431e+02
2.130000e-06	5.097169e-06	1.319617e-08	3.551379e+01	7.839556e+02
2.140000e-06	4.974155e-06	1.307207e-08	3.465671e+01	7.774672e+02
2.150000e-06	4.849346e-06	1.296802e-08	3.378712e+01	7.707386e+02
2.160000e-06	4.722801e-06	1.284712e-08	3.290543e+01	7.637588e+02
2.170000e-06	4.594559e-06	1.273642e-08	3.201192e+01	7.565499e+02
2.180000e-06	4.464692e-06	1.260170e-08	3.110710e+01	7.491579e+02
2.190000e-06	4.333252e-06	1.248518e-08	3.019131e+01	7.416356e+02
2.200000e-06	4.200282e-06	1.235155e-08	2.926485e+01	7.340218e+02
2.210000e-06	4.065783e-06	1.222353e-08	2.832775e+01	7.263252e+02
2.220000e-06	3.929799e-06	1.208326e-08	2.738031e+01	7.185188e+02
2.230000e-06	3.792318e-06	1.194887e-08	2.642243e+01	7.105469e+02
2.240000e-06	3.653359e-06	1.181364e-08	2.545425e+01	7.023425e+02
2.250000e-06	3.513008e-06	1.167375e-08	2.447638e+01	6.938479e+02
2.260000e-06	3.371370e-06	1.153002e-08	2.348954e+01	6.850331e+02
2.270000e-06	3.228518e-06	1.137434e-08	2.249423e+01	6.759037e+02
2.280000e-06	3.084529e-06	1.121930e-08	2.149101e+01	6.664960e+02
2.290000e-06	2.939457e-06	1.105164e-08	2.048024e+01	6.568624e+02
2.300000e-06	2.793276e-06	1.088379e-08	1.946175e+01	6.470501e+02
2.310000e-06	2.646049e-06	1.071043e-08	1.843597e+01	6.370830e+02
2.320000e-06	2.497962e-06	1.054413e-08	1.740419e+01	6.269514e+02
2.330000e-06	2.349027e-06	1.037238e-08	1.636650e+01	6.166141e+02
2.340000e-06	2.199191e-06	1.019650e-08	1.532254e+01	6.060116e+02
2.350000e-06	2.048599e-06	1.001213e-08	1.427332e+01	5.950849e+02
2.360000e-06	1.897348e-06	9.822765e-09	1.321950e+01	5.837940e+02
2.370000e-06	1.745448e-06	9.623198e-09	1.216115e+01	5.721285e+02
2.380000e-06	1.592933e-06	9.415740e-09	1.109853e+01	5.601069e+02
2.390000e-06	1.439880e-06	9.204771e-09	1.003216e+01	5.477648e+02
2.400000e-06	1.286326e-06	8.995181e-09	8.962289e+00	5.351373e+02
2.410000e-06	1.132312e-06	8.781826e-09	7.889219e+00	5.222400e+02
2.420000e-06	9.778273e-07	8.561491e-09	6.812870e+00	5.090572e+02
2.430000e-06	8.228915e-07	8.335415e-09	5.733378e+00	4.955406e+02
2.440000e-06	6.676824e-07	8.101190e-09	4.651980e+00	4.816171e+02
2.450000e-06	5.122613e-07	7.857282e-09	3.569107e+00	4.672051e+02
2.460000e-06	3.566195e-07	7.598069e-09	2.484695e+00	4.522301e+02
2.470000e-06	2.008603e-07	7.331966e-09	1.399465e+00	4.366359e+02
2.480000e-06	4.506906e-08	7.059684e-09	3.140121e-01	4.203874e+02
2.490000e-06	-1.107315e-07	6.779651e-09	-7.715055e-01	4.034637e+02
2.500000e-06	-2.665070e-07	6.485207e-09	-1.856849e+00	3.858473e+02
2.510000e-06	-4.221928e-07	6.178677e-09	-2.941567e+00	3.675124e+02
2.520000e-06	-5.776807e-07	5.859899e-09	-4.024907e+00	3.484180e+02
2.530000e-06	-7.329314e-07	5.522994e-09	-5.106593e+00	3.285093e+02
2.540000e-06	-8.878759e-07	5.166069e-09	-6.186147e+00	3.077247e+02
2.550000e-06	-1.042428e-06	4.794437e-09	-7.262965e+00	2.860051e+02
2.560000e-06	-1.196552e-06	4.412823e-09	-8.336802e+00	2.633002e+02
2.570000e-06	-1.350187e-06	4.018290e-09	-9.407236e+00	2.395665e+02
2.580000e-06	-1.503263e-06	3.605143e-09	-1.047377e+01	2.147570e+02
2.590000e-06	-1.655764e-06	3.171916e-09	-1.153629e+01	1.888048e+02
2.600000e-06	-1.807701e-06	2.718254e-09	-1.259489e+01	1.616089e+02
2.610000e-06	-1.959042e-06	2.238991e-09	-1.364934e+01	1.330283e+02
2.620000e-06	-2.109726e-06	1.730722e-09	-1.469921e+01	1.028930e+02
2.630000e-06	-2.259646e-06	1.191677e-09	-1.574376e+01	7.103091e+01
2.640000e-06	-2.408725e-06	6.253808e-10	-1.678244e+01	3.730910e+01
2.650000e-06	-2.556969e-06	3.159570e-11	-1.781531e+01	1.677549e+00
2.660000e-06	-2.704330e-06	-5.925981e-10	-1.884203e+01	-3.579446e+01
2.670000e-06	-2.850645e-06	-1.246695e-09	-1.986146e+01	-7.490079e+01
2.680000e-06	-2.995878e-06	-1.922198e-09	-2.087335e+01	-1.153054e+02
2.690000e-06	-3.140032e-06	-2.610674e-09	-2.187772e+01	-1.565728e+02
2.700000e-06	-3.283043e-06	-3.308897e-09	-2.287413e+01	-1.982146e+02
2.710000e-06	-3.424860e-06	-4.009788e-09	-2.386222e+01	-2.397411e+02
2.720000e-06	-3.565389e-06	-4.701394e-09	-2.484133e+01	-2.807046e+02
2.730000e-06	-3.704555e-06	-5.373295e-09	-2.581095e+01	-3.207274e+02
2.740000e-06	-3.842315e-06	-6.023863e-09	-2.677077e+01	-3.595098e+02
2.750000e-06	-3.978655e-06	-6.651904e-09	-2.772070e+01	-3.968234e+02
2.760000e-06	-4.113601e-06	-7.251239e-09	-2.866092e+01	-4.324948e+02
2.770000e-06	-4.247125e-06	-7.819957e-09	-2.959123e+01	-4.663916e+02
2.780000e-06	-4.379085e-06	-8.359661e-09	-3.051064e+01	-4.984143e+02
2.790000e-06	-4.509379e-06	-8.868980e-09	-3.141845e+01	-5.284993e+02
2.800000e-06	-4.638107e-06	-9.345465e-09	-3.231534e+01	-5.566270e+02
2.810000e-06	-4.765273e-06	-9.786123e-09	-3.320135e+01	-5.828304e+02
2.820000e-06	-4.890726e-06	-1.019662e-08	-3.407542e+01	-6.071970e+02
2.830000e-06	-5.014463e-06	-1.057936e-08	-3.493755e+01	-6.298589e+02
2.840000e-06	-5.136406e-06	-1.093513e-08	-3.578716e+01	-6.509724e+02
2.850000e-06	-5.256487e-06	-1.126862e-08	-3.662381e+01	-6.706920e+02
2.860000e-06	-5.374584e-06	-1.158334e-08	-3.744664e+01	-6.891465e+02
2.870000e-06	-5.490499e-06	-1.187852e-08	-3.825426e+01	-7.064249e+02
2.880000e-06	-5.604202e-06	-1.215116e-08	-3.904647e+01	-7.225773e+02
2.890000e-06	-5.715695e-06	-1.240366e-08	-3.982327e+01	-7.376296e+02
2.900000e-06	-5.825069e-06	-1.263752e-08	-4.058532e+01	-7.516058e+02
2.910000e-06	-5.932424e-06	-1.285515e-08	-4.133331e+01	-7.645493e+02
2.920000e-06	-6.037754e-06	-1.305782e-08	-4.206717e+01	-7.765358e+02
2.930000e-06	-6.140970e-06	-1.324699e-08	-4.278632e+01	-7.876704e+02
2.940000e-06	-6.241915e-06	-1.342574e-08	-4.348964e+01	-7.980728e+02
2.950000e-06	-6.340604e-06	-1.359413e-08	-4.417724e+01	-8.078536e+02
2.960000e-06	-6.437126e-06	-1.375090e-08	-4.484975e+01	-8.170925e+02
2.970000e-06	-6.531409e-06	-1.389813e-08	-4.550665e+01	-8.258265e+02
2.980000e-06	-6.623351e-06	-1.403663e-08	-4.614724e+01	-8.340523e+02
2.990000e-06	-6.712964e-06	-1.416688e-08	-4.677161e+01	-8.417434e+02
3.000000e-06	-6.800261e-06	-1.428862e-08	-4.737984e+01	-8.488745e+02
3.010000e-06	-6.885097e-06	-1.440161e-08	-4.797092e+01	-8.554450e+02
3.020000e-06	-6.967449e-06	-1.450567e-08	-4.854469e+01	-8.614916e+02
3.030000e-06	-7.047412e-06	-1.460044e-08	-4.910182e+01	-8.670871e+02
3.040000e-06	-7.124771e-06	-1.468735e-08	-4.964081e+01	-8.723232e+02
3.050000e-06	-7.199323e-06	-1.476990e-08	-5.016024e+01	-8.772870e+02
3.060000e-06	-7.271202e-06	-1.484890e-08	-5.066105e+01	-8.820372e+02
3.070000e-06	-7.340474e-06	-1.492458e-08	-5.114369e+01	-8.865912e+02
3.080000e-06	-7.407143e-06	-1.499921e-08	-5.160820e+01	-8.909270e+02
3.090000e-06	-7.471276e-06	-1.506984e-08	-5.205503e+01	-8.949991e+02
3.100000e-06	-7.532784e-06	-1.513518e-08	-5.248358e+01	-8.987623e+02
3.110000e-06	-7.591530e-06	-1.519269e-08	-5.289288e+01	-9.021946e+02
3.120000e-06	-7.647503e-06	-1.524279e-08	-5.328287e+01	-9.053100e+02
3.130000e-06	-7.700581e-06	-1.528802e-08	-5.365269e+01	-9.081567e+02
3.140000e-06	-7.750566e-06	-1.533177e-08	-5.400095e+01	-9.108016e+02
3.150000e-06	-7.797492e-06	-1.537627e-08	-5.432790e+01	-9.133068e+02
3.160000e-06	-7.841777e-06	-1.541988e-08	-5.463645e+01	-9.157087e+02
3.170000e-06	-7.883631e-06	-1.545972e-08	-5.492806e+01	-9.180058e+02
3.180000e-06	-7.922759e-06	-1.549588e-08	-5.520068e+01	-9.201619e+02
3.190000e-06	-7.959031e-06	-1.552880e-08	-5.545339e+01	-9.221222e+02
3.200000e-06	-7.992559e-06	-1.555771e-08	-5.568700e+01	-9.238367e+02
3.210000e-06	-8.023205e-06	-1.558167e-08	-5.590052e+01	-9.252811e+02
3.220000e-06	-8.050915e-06	-1.560039e-08	-5.609358e+01	-9.264682e+02
3.230000e-06	-8.075847e-06	-1.561701e-08	-5.626730e+01	-9.274447e+02
3.240000e-06	-8.097880e-06	-1.563416e-08	-5.642081e+01	-9.282748e+02
3.250000e-06	-8.116988e-06	-1.565024e-08	-5.655394e+01	-9.290172e+02
3.260000e-06	-8.133235e-06	-1.566257e-08	-5.666714e+01	-9.297047e+02
3.270000e-06	-8.146367e-06	-1.567137e-08	-5.675863e+01	-9.303337e+02
3.280000e-06	-8.156427e-06	-1.567898e-08	-5.682872e+01	-9.308681e+02
3.290000e-06	-8.163572e-06	-1.568744e-08	-5.687851e+01	-9.312555e+02
3.300000e-06	-8.167796e-06	-1.569512e-08	-5.690793e+01	-9.314497e+02
3.310000e-06	-8.169264e-06	-1.569848e-08	-5.691816e+01	-9.314302e+02
