# Temperatura_=_30.34
# Concentracion g/m^3_=_11780.0
# C_Vs_to_Am_M_A/Vsm_=_59384043850.047264
# pendiente_HvsI_1/m_=_3716.3
# ordenada_HvsI_A/m_=_1297.0
# frecuencia_Hz_=_301532.7098199525

Tiempo_(s)	Campo_(V.s)	Magnetizacion_(V.s)	Campo_(kA/m)	Magnetizacion_(A/m)
0.000000e+00	-8.088129e-06	-1.504993e-08	-5.691684e+01	-8.937471e+02
1.000000e-08	-8.084746e-06	-1.504286e-08	-5.689304e+01	-8.934959e+02
2.000000e-08	-8.078738e-06	-1.503932e-08	-5.685076e+01	-8.931614e+02
3.000000e-08	-8.070033e-06	-1.503365e-08	-5.678951e+01	-8.927898e+02
4.000000e-08	-8.058400e-06	-1.502716e-08	-5.670764e+01	-8.923925e+02
5.000000e-08	-8.043786e-06	-1.502078e-08	-5.660480e+01	-8.919407e+02
6.000000e-08	-8.026343e-06	-1.502610e-08	-5.648205e+01	-8.913751e+02
7.000000e-08	-8.006454e-06	-1.502763e-08	-5.634209e+01	-8.906279e+02
8.000000e-08	-7.983941e-06	-1.494297e-08	-5.618367e+01	-8.896495e+02
9.000000e-08	-7.958134e-06	-1.489971e-08	-5.600206e+01	-8.884282e+02
1.000000e-07	-7.929055e-06	-1.493946e-08	-5.579743e+01	-8.869971e+02
1.100000e-07	-7.897207e-06	-1.494091e-08	-5.557332e+01	-8.854234e+02
1.200000e-07	-7.862700e-06	-1.488693e-08	-5.533049e+01	-8.837853e+02
1.300000e-07	-7.825737e-06	-1.485820e-08	-5.507038e+01	-8.821447e+02
1.400000e-07	-7.786695e-06	-1.489133e-08	-5.479563e+01	-8.805247e+02
1.500000e-07	-7.745232e-06	-1.477797e-08	-5.450385e+01	-8.789014e+02
1.600000e-07	-7.700879e-06	-1.478465e-08	-5.419173e+01	-8.772124e+02
1.700000e-07	-7.653797e-06	-1.474792e-08	-5.386041e+01	-8.753786e+02
1.800000e-07	-7.603752e-06	-1.463764e-08	-5.350824e+01	-8.733317e+02
1.900000e-07	-7.550560e-06	-1.470416e-08	-5.313393e+01	-8.710365e+02
2.000000e-07	-7.494573e-06	-1.462647e-08	-5.273994e+01	-8.685019e+02
2.100000e-07	-7.435860e-06	-1.458240e-08	-5.232678e+01	-8.657742e+02
2.200000e-07	-7.374559e-06	-1.452835e-08	-5.189540e+01	-8.629191e+02
2.300000e-07	-7.310687e-06	-1.446917e-08	-5.144592e+01	-8.599960e+02
2.400000e-07	-7.244011e-06	-1.445490e-08	-5.097671e+01	-8.570365e+02
2.500000e-07	-7.174620e-06	-1.435616e-08	-5.048840e+01	-8.540343e+02
2.600000e-07	-7.102576e-06	-1.431382e-08	-4.998143e+01	-8.509488e+02
2.700000e-07	-7.027768e-06	-1.428055e-08	-4.945499e+01	-8.477223e+02
2.800000e-07	-6.950154e-06	-1.425221e-08	-4.890882e+01	-8.443025e+02
2.900000e-07	-6.869818e-06	-1.416041e-08	-4.834349e+01	-8.406617e+02
3.000000e-07	-6.787023e-06	-1.405966e-08	-4.776086e+01	-8.368077e+02
3.100000e-07	-6.702062e-06	-1.403371e-08	-4.716297e+01	-8.327796e+02
3.200000e-07	-6.614808e-06	-1.395078e-08	-4.654896e+01	-8.286325e+02
3.300000e-07	-6.525157e-06	-1.388566e-08	-4.591808e+01	-8.244171e+02
3.400000e-07	-6.433208e-06	-1.381122e-08	-4.527103e+01	-8.201602e+02
3.500000e-07	-6.338971e-06	-1.374509e-08	-4.460788e+01	-8.158555e+02
3.600000e-07	-6.242407e-06	-1.368427e-08	-4.392834e+01	-8.114661e+02
3.700000e-07	-6.143541e-06	-1.359276e-08	-4.323262e+01	-8.069381e+02
3.800000e-07	-6.042496e-06	-1.349994e-08	-4.252156e+01	-8.022202e+02
3.900000e-07	-5.939287e-06	-1.340321e-08	-4.179526e+01	-7.972822e+02
4.000000e-07	-5.833903e-06	-1.334532e-08	-4.105367e+01	-7.921245e+02
4.100000e-07	-5.726376e-06	-1.325617e-08	-4.029699e+01	-7.867768e+02
4.200000e-07	-5.616852e-06	-1.316238e-08	-3.952626e+01	-7.812865e+02
4.300000e-07	-5.505350e-06	-1.306937e-08	-3.874161e+01	-7.756998e+02
4.400000e-07	-5.391686e-06	-1.298190e-08	-3.794175e+01	-7.700448e+02
4.500000e-07	-5.275827e-06	-1.288298e-08	-3.712644e+01	-7.643210e+02
4.600000e-07	-5.157962e-06	-1.276467e-08	-3.629702e+01	-7.584995e+02
4.700000e-07	-5.038227e-06	-1.265998e-08	-3.545443e+01	-7.525328e+02
4.800000e-07	-4.916685e-06	-1.256339e-08	-3.459913e+01	-7.463724e+02
4.900000e-07	-4.793353e-06	-1.247300e-08	-3.373123e+01	-7.399850e+02
5.000000e-07	-4.668237e-06	-1.235727e-08	-3.285078e+01	-7.333639e+02
5.100000e-07	-4.541508e-06	-1.224067e-08	-3.195898e+01	-7.265302e+02
5.200000e-07	-4.413205e-06	-1.212444e-08	-3.105610e+01	-7.195246e+02
5.300000e-07	-4.283271e-06	-1.200478e-08	-3.014174e+01	-7.123916e+02
5.400000e-07	-4.151725e-06	-1.187190e-08	-2.921604e+01	-7.051631e+02
5.500000e-07	-4.018713e-06	-1.173971e-08	-2.828002e+01	-6.978458e+02
5.600000e-07	-3.884323e-06	-1.162358e-08	-2.733431e+01	-6.904182e+02
5.700000e-07	-3.748453e-06	-1.150664e-08	-2.637818e+01	-6.828364e+02
5.800000e-07	-3.611163e-06	-1.137732e-08	-2.541206e+01	-6.750481e+02
5.900000e-07	-3.472559e-06	-1.123460e-08	-2.443669e+01	-6.670089e+02
6.000000e-07	-3.332567e-06	-1.109609e-08	-2.345156e+01	-6.586952e+02
6.100000e-07	-3.191151e-06	-1.095416e-08	-2.245640e+01	-6.501099e+02
6.200000e-07	-3.048426e-06	-1.080406e-08	-2.145203e+01	-6.412788e+02
6.300000e-07	-2.904564e-06	-1.064804e-08	-2.043966e+01	-6.322388e+02
6.400000e-07	-2.759601e-06	-1.049624e-08	-1.941954e+01	-6.230229e+02
6.500000e-07	-2.613634e-06	-1.034776e-08	-1.839236e+01	-6.136463e+02
6.600000e-07	-2.466876e-06	-1.018870e-08	-1.735962e+01	-6.040993e+02
6.700000e-07	-2.319306e-06	-1.001889e-08	-1.632116e+01	-5.943487e+02
6.800000e-07	-2.170945e-06	-9.844982e-09	-1.527713e+01	-5.843473e+02
6.900000e-07	-2.021948e-06	-9.677139e-09	-1.422862e+01	-5.740482e+02
7.000000e-07	-1.872297e-06	-9.502773e-09	-1.317551e+01	-5.634183e+02
7.100000e-07	-1.721946e-06	-9.315626e-09	-1.211748e+01	-5.524468e+02
7.200000e-07	-1.570964e-06	-9.122791e-09	-1.105501e+01	-5.411453e+02
7.300000e-07	-1.419420e-06	-8.931869e-09	-9.988575e+00	-5.295399e+02
7.400000e-07	-1.267286e-06	-8.738385e-09	-8.917997e+00	-5.176578e+02
7.500000e-07	-1.114615e-06	-8.529820e-09	-7.843640e+00	-5.055131e+02
7.600000e-07	-9.615789e-07	-8.316336e-09	-6.766712e+00	-4.930970e+02
7.700000e-07	-8.081976e-07	-8.105515e-09	-5.687355e+00	-4.803747e+02
7.800000e-07	-6.545490e-07	-7.892108e-09	-4.606117e+00	-4.672912e+02
7.900000e-07	-5.007429e-07	-7.663242e-09	-3.523770e+00	-4.537816e+02
8.000000e-07	-3.467537e-07	-7.421425e-09	-2.440135e+00	-4.397834e+02
8.100000e-07	-1.926043e-07	-7.175432e-09	-1.355373e+00	-4.252464e+02
8.200000e-07	-3.840991e-08	-6.925399e-09	-2.702938e-01	-4.101353e+02
8.300000e-07	1.157462e-07	-6.663645e-09	8.145158e-01	-3.944272e+02
8.400000e-07	2.698889e-07	-6.386811e-09	1.899231e+00	-3.781035e+02
8.500000e-07	4.239616e-07	-6.102325e-09	2.983454e+00	-3.611420e+02
8.600000e-07	5.778505e-07	-5.808253e-09	4.066383e+00	-3.435115e+02
8.700000e-07	7.315689e-07	-5.496423e-09	5.148112e+00	-3.251728e+02
8.800000e-07	8.850743e-07	-5.165251e-09	6.228342e+00	-3.060837e+02
8.900000e-07	1.038233e-06	-4.827426e-09	7.306133e+00	-2.862073e+02
9.000000e-07	1.190979e-06	-4.485759e-09	8.381018e+00	-2.655173e+02
9.100000e-07	1.343274e-06	-4.130813e-09	9.452736e+00	-2.439974e+02
9.200000e-07	1.495084e-06	-3.754758e-09	1.052103e+01	-2.216336e+02
9.300000e-07	1.646385e-06	-3.360637e-09	1.158575e+01	-1.983993e+02
9.400000e-07	1.797149e-06	-2.953123e-09	1.264669e+01	-1.742411e+02
9.500000e-07	1.947245e-06	-2.527326e-09	1.370292e+01	-1.490686e+02
9.600000e-07	2.096522e-06	-2.077986e-09	1.475341e+01	-1.227569e+02
9.700000e-07	2.245028e-06	-1.607147e-09	1.579845e+01	-9.516148e+01
9.800000e-07	2.392813e-06	-1.121060e-09	1.683842e+01	-6.614671e+01
9.900000e-07	2.539817e-06	-6.121294e-10	1.787290e+01	-3.561886e+01
1.000000e-06	2.685888e-06	-7.070547e-11	1.890082e+01	-3.557050e+00
1.010000e-06	2.831008e-06	5.002979e-10	1.992204e+01	2.996731e+01
1.020000e-06	2.975123e-06	1.090837e-09	2.093619e+01	6.478761e+01
1.030000e-06	3.118121e-06	1.696005e-09	2.194248e+01	1.006562e+02
1.040000e-06	3.259959e-06	2.318414e-09	2.294061e+01	1.372714e+02
1.050000e-06	3.400507e-06	2.949905e-09	2.392965e+01	1.743082e+02
1.060000e-06	3.539703e-06	3.577258e-09	2.490919e+01	2.114465e+02
1.070000e-06	3.677493e-06	4.194652e-09	2.587883e+01	2.483878e+02
1.080000e-06	3.813918e-06	4.806493e-09	2.683886e+01	2.848610e+02
1.090000e-06	3.948979e-06	5.412335e-09	2.778930e+01	3.206195e+02
1.100000e-06	4.082631e-06	6.001595e-09	2.872982e+01	3.554344e+02
1.110000e-06	4.214879e-06	6.567609e-09	2.966046e+01	3.890927e+02
1.120000e-06	4.345613e-06	7.113699e-09	3.058045e+01	4.214025e+02
1.130000e-06	4.474751e-06	7.639020e-09	3.148920e+01	4.522062e+02
1.140000e-06	4.602264e-06	8.132729e-09	3.238652e+01	4.813967e+02
1.150000e-06	4.728144e-06	8.593183e-09	3.327235e+01	5.089305e+02
1.160000e-06	4.852429e-06	9.025699e-09	3.414696e+01	5.348299e+02
1.170000e-06	4.974945e-06	9.435464e-09	3.500911e+01	5.591722e+02
1.180000e-06	5.095651e-06	9.821599e-09	3.585852e+01	5.820669e+02
1.190000e-06	5.214521e-06	1.018190e-08	3.669503e+01	6.036271e+02
1.200000e-06	5.331426e-06	1.052087e-08	3.751770e+01	6.239444e+02
1.210000e-06	5.446299e-06	1.084399e-08	3.832607e+01	6.430750e+02
1.220000e-06	5.559041e-06	1.114998e-08	3.911944e+01	6.610414e+02
1.230000e-06	5.669743e-06	1.143249e-08	3.989846e+01	6.778478e+02
1.240000e-06	5.778521e-06	1.169326e-08	4.066394e+01	6.935038e+02
1.250000e-06	5.885245e-06	1.193747e-08	4.141496e+01	7.080461e+02
1.260000e-06	5.989810e-06	1.216485e-08	4.215080e+01	7.215491e+02
1.270000e-06	6.092254e-06	1.237402e-08	4.287171e+01	7.341208e+02
1.280000e-06	6.192502e-06	1.256817e-08	4.357716e+01	7.458849e+02
1.290000e-06	6.290455e-06	1.275453e-08	4.426647e+01	7.569546e+02
1.300000e-06	6.386117e-06	1.293441e-08	4.493965e+01	7.674103e+02
1.310000e-06	6.479602e-06	1.310356e-08	4.559751e+01	7.772869e+02
1.320000e-06	6.570851e-06	1.325886e-08	4.623964e+01	7.865787e+02
1.330000e-06	6.659725e-06	1.340294e-08	4.686505e+01	7.952571e+02
1.340000e-06	6.746247e-06	1.353652e-08	4.747391e+01	8.032978e+02
1.350000e-06	6.830473e-06	1.365807e-08	4.806662e+01	8.107040e+02
1.360000e-06	6.912293e-06	1.376804e-08	4.864239e+01	8.175192e+02
1.370000e-06	6.991553e-06	1.387155e-08	4.920015e+01	8.238236e+02
1.380000e-06	7.068264e-06	1.397462e-08	4.973997e+01	8.297159e+02
1.390000e-06	7.142325e-06	1.407481e-08	5.026114e+01	8.352874e+02
1.400000e-06	7.213719e-06	1.416564e-08	5.076355e+01	8.405986e+02
1.410000e-06	7.282594e-06	1.424830e-08	5.124823e+01	8.456670e+02
1.420000e-06	7.348864e-06	1.432831e-08	5.171458e+01	8.504708e+02
1.430000e-06	7.412466e-06	1.440390e-08	5.216215e+01	8.549669e+02
1.440000e-06	7.473550e-06	1.447169e-08	5.259201e+01	8.591157e+02
1.450000e-06	7.532038e-06	1.453186e-08	5.300359e+01	8.629037e+02
1.460000e-06	7.587807e-06	1.459010e-08	5.339604e+01	8.663538e+02
1.470000e-06	7.640721e-06	1.464776e-08	5.376840e+01	8.695213e+02
1.480000e-06	7.690529e-06	1.470069e-08	5.411890e+01	8.724756e+02
1.490000e-06	7.737349e-06	1.474621e-08	5.444838e+01	8.752763e+02
1.500000e-06	7.781450e-06	1.478870e-08	5.475872e+01	8.779528e+02
1.510000e-06	7.822801e-06	1.483171e-08	5.504971e+01	8.804953e+02
1.520000e-06	7.861336e-06	1.487145e-08	5.532089e+01	8.828618e+02
1.530000e-06	7.897156e-06	1.490545e-08	5.557295e+01	8.849971e+02
1.540000e-06	7.930199e-06	1.493546e-08	5.580548e+01	8.868575e+02
1.550000e-06	7.960454e-06	1.496364e-08	5.601838e+01	8.884306e+02
1.560000e-06	7.987942e-06	1.498766e-08	5.621182e+01	8.897430e+02
1.570000e-06	8.012574e-06	1.500609e-08	5.638516e+01	8.908524e+02
1.580000e-06	8.034425e-06	1.502119e-08	5.653893e+01	8.918277e+02
1.590000e-06	8.053630e-06	1.503685e-08	5.667408e+01	8.927245e+02
1.600000e-06	8.069950e-06	1.505219e-08	5.678892e+01	8.935660e+02
1.610000e-06	8.083168e-06	1.506253e-08	5.688194e+01	8.943367e+02
1.620000e-06	8.093202e-06	1.506939e-08	5.695255e+01	8.949910e+02
1.630000e-06	8.100194e-06	1.507730e-08	5.700175e+01	8.954743e+02
1.640000e-06	8.104449e-06	1.508382e-08	5.703169e+01	8.957462e+02
1.650000e-06	8.105843e-06	1.508228e-08	5.704150e+01	8.957990e+02
1.660000e-06	8.104451e-06	1.508467e-08	5.703170e+01	8.956622e+02
1.670000e-06	8.100494e-06	1.508189e-08	5.700386e+01	8.953914e+02
1.680000e-06	8.093849e-06	1.507654e-08	5.695710e+01	8.950474e+02
1.690000e-06	8.084525e-06	1.506989e-08	5.689148e+01	8.946712e+02
1.700000e-06	8.072472e-06	1.505685e-08	5.680667e+01	8.942670e+02
1.710000e-06	8.057591e-06	1.503625e-08	5.670195e+01	8.937996e+02
1.720000e-06	8.040134e-06	1.499922e-08	5.657910e+01	8.932060e+02
1.730000e-06	8.020380e-06	1.505018e-08	5.644009e+01	8.924199e+02
1.740000e-06	7.997810e-06	1.508432e-08	5.628126e+01	8.913974e+02
1.750000e-06	7.971630e-06	1.500756e-08	5.609703e+01	8.901347e+02
1.760000e-06	7.941807e-06	1.495296e-08	5.588716e+01	8.886722e+02
1.770000e-06	7.908961e-06	1.494816e-08	5.565602e+01	8.870811e+02
1.780000e-06	7.873662e-06	1.487627e-08	5.540762e+01	8.854386e+02
1.790000e-06	7.836011e-06	1.484673e-08	5.514267e+01	8.838010e+02
1.800000e-06	7.796175e-06	1.492518e-08	5.486234e+01	8.821831e+02
1.810000e-06	7.754045e-06	1.476406e-08	5.456587e+01	8.805531e+02
1.820000e-06	7.709355e-06	1.481054e-08	5.425138e+01	8.788438e+02
1.830000e-06	7.661966e-06	1.482537e-08	5.391790e+01	8.769760e+02
1.840000e-06	7.611476e-06	1.470031e-08	5.356260e+01	8.748858e+02
1.850000e-06	7.557968e-06	1.475435e-08	5.318606e+01	8.725457e+02
1.860000e-06	7.501632e-06	1.459452e-08	5.278962e+01	8.699719e+02
1.870000e-06	7.442618e-06	1.463103e-08	5.237433e+01	8.672163e+02
1.880000e-06	7.381078e-06	1.458118e-08	5.194127e+01	8.643449e+02
1.890000e-06	7.316722e-06	1.448811e-08	5.148839e+01	8.614137e+02
1.900000e-06	7.249658e-06	1.450424e-08	5.101646e+01	8.584479e+02
1.910000e-06	7.179833e-06	1.437711e-08	5.052509e+01	8.554342e+02
1.920000e-06	7.107227e-06	1.438740e-08	5.001416e+01	8.523276e+02
1.930000e-06	7.031971e-06	1.428175e-08	4.948457e+01	8.490696e+02
1.940000e-06	6.953933e-06	1.424639e-08	4.893542e+01	8.456110e+02
1.950000e-06	6.873329e-06	1.420138e-08	4.836820e+01	8.419303e+02
1.960000e-06	6.790281e-06	1.409905e-08	4.778378e+01	8.380413e+02
1.970000e-06	6.704800e-06	1.408975e-08	4.718224e+01	8.339874e+02
1.980000e-06	6.616845e-06	1.395293e-08	4.656330e+01	8.298246e+02
1.990000e-06	6.526528e-06	1.390989e-08	4.592773e+01	8.256004e+02
2.000000e-06	6.434004e-06	1.381638e-08	4.527663e+01	8.213361e+02
2.010000e-06	6.339182e-06	1.375910e-08	4.460936e+01	8.170194e+02
2.020000e-06	6.242108e-06	1.368834e-08	4.392624e+01	8.126091e+02
2.030000e-06	6.142793e-06	1.360235e-08	4.322735e+01	8.080502e+02
2.040000e-06	6.041289e-06	1.355176e-08	4.251306e+01	8.032941e+02
2.050000e-06	5.937522e-06	1.344347e-08	4.178284e+01	7.983156e+02
2.060000e-06	5.831615e-06	1.336881e-08	4.103757e+01	7.931207e+02
2.070000e-06	5.723723e-06	1.324491e-08	4.027832e+01	7.877436e+02
2.080000e-06	5.613813e-06	1.316847e-08	3.950487e+01	7.822327e+02
2.090000e-06	5.501858e-06	1.306881e-08	3.871704e+01	7.766321e+02
2.100000e-06	5.387779e-06	1.298351e-08	3.791425e+01	7.709654e+02
2.110000e-06	5.271633e-06	1.288784e-08	3.709692e+01	7.652267e+02
2.120000e-06	5.153351e-06	1.279312e-08	3.626457e+01	7.593827e+02
2.130000e-06	5.033075e-06	1.269374e-08	3.541817e+01	7.533845e+02
2.140000e-06	4.911033e-06	1.257725e-08	3.455935e+01	7.471850e+02
2.150000e-06	4.787244e-06	1.246874e-08	3.368824e+01	7.407552e+02
2.160000e-06	4.661757e-06	1.234774e-08	3.280518e+01	7.340935e+02
2.170000e-06	4.534598e-06	1.224317e-08	3.191035e+01	7.272255e+02
2.180000e-06	4.405773e-06	1.212446e-08	3.100380e+01	7.201937e+02
2.190000e-06	4.275415e-06	1.201420e-08	3.008645e+01	7.130417e+02
2.200000e-06	4.143537e-06	1.188709e-08	2.915842e+01	7.057973e+02
2.210000e-06	4.010165e-06	1.176392e-08	2.821987e+01	6.984624e+02
2.220000e-06	3.875404e-06	1.162928e-08	2.727155e+01	6.910105e+02
2.230000e-06	3.739210e-06	1.149678e-08	2.631314e+01	6.833954e+02
2.240000e-06	3.601600e-06	1.136377e-08	2.534476e+01	6.755648e+02
2.250000e-06	3.462640e-06	1.123157e-08	2.436689e+01	6.674773e+02
2.260000e-06	3.322413e-06	1.109815e-08	2.338010e+01	6.591137e+02
2.270000e-06	3.180985e-06	1.095283e-08	2.238486e+01	6.504818e+02
2.280000e-06	3.038338e-06	1.080264e-08	2.138104e+01	6.416103e+02
2.290000e-06	2.894492e-06	1.064251e-08	2.036879e+01	6.325365e+02
2.300000e-06	2.749616e-06	1.048344e-08	1.934928e+01	6.232912e+02
2.310000e-06	2.603797e-06	1.032117e-08	1.832314e+01	6.138853e+02
2.320000e-06	2.457100e-06	1.016235e-08	1.729082e+01	6.043046e+02
2.330000e-06	2.309571e-06	1.000117e-08	1.625265e+01	5.945125e+02
2.340000e-06	2.161137e-06	9.835548e-09	1.520811e+01	5.844609e+02
2.350000e-06	2.011921e-06	9.661540e-09	1.415806e+01	5.741043e+02
2.360000e-06	1.862022e-06	9.478098e-09	1.310320e+01	5.634131e+02
2.370000e-06	1.711485e-06	9.288676e-09	1.204387e+01	5.523810e+02
2.380000e-06	1.560370e-06	9.095654e-09	1.098045e+01	5.410227e+02
2.390000e-06	1.408640e-06	8.898191e-09	9.912721e+00	5.293658e+02
2.400000e-06	1.256393e-06	8.698900e-09	8.841341e+00	5.174361e+02
2.410000e-06	1.103747e-06	8.494020e-09	7.767158e+00	5.052440e+02
2.420000e-06	9.507417e-07	8.286051e-09	6.690449e+00	4.927761e+02
2.430000e-06	7.974245e-07	8.072136e-09	5.611544e+00	4.799935e+02
2.440000e-06	6.438081e-07	7.849321e-09	4.530532e+00	4.668384e+02
2.450000e-06	4.899418e-07	7.618036e-09	3.447762e+00	4.532455e+02
2.460000e-06	3.358545e-07	7.377589e-09	2.363437e+00	4.391541e+02
2.470000e-06	1.816148e-07	7.130740e-09	1.278039e+00	4.245164e+02
2.480000e-06	2.734120e-08	6.873471e-09	1.924023e-01	4.092999e+02
2.490000e-06	-1.269055e-07	6.607350e-09	-8.930448e-01	3.934829e+02
2.500000e-06	-2.810405e-07	6.331520e-09	-1.977706e+00	3.770468e+02
2.510000e-06	-4.350181e-07	6.048052e-09	-3.061259e+00	3.599681e+02
2.520000e-06	-5.888447e-07	5.753506e-09	-4.143750e+00	3.422139e+02
2.530000e-06	-7.424366e-07	5.441962e-09	-5.224589e+00	3.237439e+02
2.540000e-06	-8.957177e-07	5.114778e-09	-6.303241e+00	3.045164e+02
2.550000e-06	-1.048662e-06	4.773300e-09	-7.379524e+00	2.844959e+02
2.560000e-06	-1.201245e-06	4.419851e-09	-8.453260e+00	2.636584e+02
2.570000e-06	-1.353435e-06	4.055579e-09	-9.524236e+00	2.419887e+02
2.580000e-06	-1.505160e-06	3.679424e-09	-1.059194e+01	2.194716e+02
2.590000e-06	-1.656298e-06	3.289902e-09	-1.165551e+01	1.960770e+02
2.600000e-06	-1.806761e-06	2.884854e-09	-1.271433e+01	1.717450e+02
2.610000e-06	-1.956496e-06	2.460498e-09	-1.376803e+01	1.463788e+02
2.620000e-06	-2.105529e-06	2.011653e-09	-1.481679e+01	1.198483e+02
2.630000e-06	-2.253889e-06	1.537254e-09	-1.586081e+01	9.200833e+01
2.640000e-06	-2.401469e-06	1.040984e-09	-1.689934e+01	6.272820e+01
2.650000e-06	-2.548240e-06	5.249095e-10	-1.793218e+01	3.192515e+01
2.660000e-06	-2.694088e-06	-1.309944e-11	-1.895852e+01	-4.061926e-01
2.670000e-06	-2.838958e-06	-5.748481e-10	-1.997799e+01	-3.417711e+01
2.680000e-06	-2.982815e-06	-1.157775e-09	-2.099032e+01	-6.920505e+01
2.690000e-06	-3.125483e-06	-1.759279e-09	-2.199429e+01	-1.052305e+02
2.700000e-06	-3.266907e-06	-2.375338e-09	-2.298950e+01	-1.419453e+02
2.710000e-06	-3.407085e-06	-3.002608e-09	-2.397594e+01	-1.790236e+02
2.720000e-06	-3.545962e-06	-3.631358e-09	-2.495323e+01	-2.161481e+02
2.730000e-06	-3.683501e-06	-4.250957e-09	-2.592111e+01	-2.530252e+02
2.740000e-06	-3.819741e-06	-4.859446e-09	-2.687984e+01	-2.893886e+02
2.750000e-06	-3.954617e-06	-5.456614e-09	-2.782897e+01	-3.249953e+02
2.760000e-06	-4.088039e-06	-6.037778e-09	-2.876787e+01	-3.596191e+02
2.770000e-06	-4.220009e-06	-6.598300e-09	-2.969656e+01	-3.930502e+02
2.780000e-06	-4.350517e-06	-7.136238e-09	-3.061496e+01	-4.251017e+02
2.790000e-06	-4.479508e-06	-7.651240e-09	-3.152267e+01	-4.556237e+02
2.800000e-06	-4.606897e-06	-8.141947e-09	-3.241912e+01	-4.845200e+02
2.810000e-06	-4.732597e-06	-8.602376e-09	-3.330368e+01	-5.117588e+02
2.820000e-06	-4.856629e-06	-9.032737e-09	-3.417651e+01	-5.373735e+02
2.830000e-06	-4.978953e-06	-9.438090e-09	-3.503731e+01	-5.614491e+02
2.840000e-06	-5.099495e-06	-9.821429e-09	-3.588558e+01	-5.840979e+02
2.850000e-06	-5.218128e-06	-1.018127e-08	-3.672041e+01	-6.054306e+02
2.860000e-06	-5.334686e-06	-1.051938e-08	-3.754063e+01	-6.255333e+02
2.870000e-06	-5.449070e-06	-1.083938e-08	-3.834557e+01	-6.444555e+02
2.880000e-06	-5.561166e-06	-1.114202e-08	-3.913439e+01	-6.622149e+02
2.890000e-06	-5.671144e-06	-1.142305e-08	-3.990832e+01	-6.788149e+02
2.900000e-06	-5.779243e-06	-1.168168e-08	-4.066902e+01	-6.942687e+02
2.910000e-06	-5.885463e-06	-1.192263e-08	-4.141650e+01	-7.086191e+02
2.920000e-06	-5.989669e-06	-1.214988e-08	-4.214980e+01	-7.219475e+02
2.930000e-06	-6.091656e-06	-1.236183e-08	-4.286750e+01	-7.343662e+02
2.940000e-06	-6.191374e-06	-1.255677e-08	-4.356922e+01	-7.459989e+02
2.950000e-06	-6.288948e-06	-1.273857e-08	-4.425586e+01	-7.569547e+02
2.960000e-06	-6.384308e-06	-1.291233e-08	-4.492692e+01	-7.673060e+02
2.970000e-06	-6.477392e-06	-1.307797e-08	-4.558196e+01	-7.770799e+02
2.980000e-06	-6.568253e-06	-1.323253e-08	-4.622135e+01	-7.862648e+02
2.990000e-06	-6.656851e-06	-1.337856e-08	-4.684482e+01	-7.948309e+02
3.000000e-06	-6.742985e-06	-1.351773e-08	-4.745096e+01	-8.027573e+02
3.010000e-06	-6.826619e-06	-1.364568e-08	-4.803950e+01	-8.100539e+02
3.020000e-06	-6.907985e-06	-1.375764e-08	-4.861208e+01	-8.167714e+02
3.030000e-06	-6.986872e-06	-1.385738e-08	-4.916721e+01	-8.229952e+02
3.040000e-06	-7.063000e-06	-1.395191e-08	-4.970293e+01	-8.288245e+02
3.050000e-06	-7.136480e-06	-1.404494e-08	-5.022001e+01	-8.343466e+02
3.060000e-06	-7.207393e-06	-1.413328e-08	-5.071904e+01	-8.396147e+02
3.070000e-06	-7.275655e-06	-1.421732e-08	-5.119940e+01	-8.446387e+02
3.080000e-06	-7.341386e-06	-1.430046e-08	-5.166196e+01	-8.493912e+02
3.090000e-06	-7.404620e-06	-1.437950e-08	-5.210693e+01	-8.538280e+02
3.100000e-06	-7.465192e-06	-1.444945e-08	-5.253319e+01	-8.579128e+02
3.110000e-06	-7.523089e-06	-1.450807e-08	-5.294062e+01	-8.616379e+02
3.120000e-06	-7.578193e-06	-1.456122e-08	-5.332838e+01	-8.650331e+02
3.130000e-06	-7.630364e-06	-1.461381e-08	-5.369552e+01	-8.681577e+02
3.140000e-06	-7.679450e-06	-1.466423e-08	-5.404094e+01	-8.710812e+02
3.150000e-06	-7.725576e-06	-1.471084e-08	-5.436553e+01	-8.738590e+02
3.160000e-06	-7.769207e-06	-1.475700e-08	-5.467257e+01	-8.765137e+02
3.170000e-06	-7.810358e-06	-1.480105e-08	-5.496215e+01	-8.790289e+02
3.180000e-06	-7.848732e-06	-1.483968e-08	-5.523219e+01	-8.813584e+02
3.190000e-06	-7.884316e-06	-1.487166e-08	-5.548260e+01	-8.834475e+02
3.200000e-06	-7.917182e-06	-1.490087e-08	-5.571388e+01	-8.852567e+02
3.210000e-06	-7.947194e-06	-1.492822e-08	-5.592507e+01	-8.867805e+02
3.220000e-06	-7.974344e-06	-1.495020e-08	-5.611613e+01	-8.880521e+02
3.230000e-06	-7.998709e-06	-1.496777e-08	-5.628759e+01	-8.891329e+02
3.240000e-06	-8.020184e-06	-1.498532e-08	-5.643871e+01	-8.900911e+02
3.250000e-06	-8.038846e-06	-1.500392e-08	-5.657004e+01	-8.909778e+02
3.260000e-06	-8.054686e-06	-1.501823e-08	-5.668151e+01	-8.918092e+02
3.270000e-06	-8.067431e-06	-1.502754e-08	-5.677119e+01	-8.925633e+02
3.280000e-06	-8.077174e-06	-1.503579e-08	-5.683976e+01	-8.931913e+02
3.290000e-06	-8.084030e-06	-1.504678e-08	-5.688800e+01	-8.936393e+02
3.300000e-06	-8.087989e-06	-1.505753e-08	-5.691586e+01	-8.938719e+02
3.310000e-06	-8.089192e-06	-1.506137e-08	-5.692432e+01	-8.938880e+02
