# Temperatura_=_62.95
# Concentracion g/m^3_=_11780.0
# C_Vs_to_Am_M_A/Vsm_=_59384043850.047264
# pendiente_HvsI_1/m_=_3716.3
# ordenada_HvsI_A/m_=_1297.0
# frecuencia_Hz_=_301539.1922762152

Tiempo_(s)	Campo_(V.s)	Magnetizacion_(V.s)	Campo_(kA/m)	Magnetizacion_(A/m)
0.000000e+00	-8.165674e-06	-1.558139e-08	-5.691775e+01	-9.249483e+02
1.000000e-08	-8.162543e-06	-1.557613e-08	-5.689593e+01	-9.246299e+02
2.000000e-08	-8.156721e-06	-1.557148e-08	-5.685535e+01	-9.242474e+02
3.000000e-08	-8.148192e-06	-1.556262e-08	-5.679590e+01	-9.238403e+02
4.000000e-08	-8.136799e-06	-1.555442e-08	-5.671648e+01	-9.234088e+02
5.000000e-08	-8.122417e-06	-1.554736e-08	-5.661623e+01	-9.229118e+02
6.000000e-08	-8.105143e-06	-1.554544e-08	-5.649583e+01	-9.222808e+02
7.000000e-08	-8.085366e-06	-1.554116e-08	-5.635797e+01	-9.214449e+02
8.000000e-08	-8.062972e-06	-1.546236e-08	-5.620188e+01	-9.203583e+02
9.000000e-08	-8.037309e-06	-1.541862e-08	-5.602300e+01	-9.190181e+02
1.000000e-07	-8.008325e-06	-1.545360e-08	-5.582097e+01	-9.174675e+02
1.100000e-07	-7.976474e-06	-1.545623e-08	-5.559895e+01	-9.157814e+02
1.200000e-07	-7.941879e-06	-1.540580e-08	-5.535781e+01	-9.140403e+02
1.300000e-07	-7.904796e-06	-1.536755e-08	-5.509933e+01	-9.123019e+02
1.400000e-07	-7.865628e-06	-1.539492e-08	-5.482632e+01	-9.105806e+02
1.500000e-07	-7.824036e-06	-1.530755e-08	-5.453640e+01	-9.088433e+02
1.600000e-07	-7.779562e-06	-1.528609e-08	-5.422640e+01	-9.070218e+02
1.700000e-07	-7.732363e-06	-1.525447e-08	-5.389741e+01	-9.050379e+02
1.800000e-07	-7.682176e-06	-1.515188e-08	-5.354759e+01	-9.028315e+02
1.900000e-07	-7.628768e-06	-1.519660e-08	-5.317531e+01	-9.003810e+02
2.000000e-07	-7.572529e-06	-1.514655e-08	-5.278331e+01	-8.977094e+02
2.100000e-07	-7.513597e-06	-1.507819e-08	-5.237253e+01	-8.948731e+02
2.200000e-07	-7.452076e-06	-1.501147e-08	-5.194371e+01	-8.919397e+02
2.300000e-07	-7.387868e-06	-1.496118e-08	-5.149615e+01	-8.889612e+02
2.400000e-07	-7.320840e-06	-1.495182e-08	-5.102894e+01	-8.859550e+02
2.500000e-07	-7.251156e-06	-1.484689e-08	-5.054322e+01	-8.828978e+02
2.600000e-07	-7.178719e-06	-1.480078e-08	-5.003831e+01	-8.797361e+02
2.700000e-07	-7.103431e-06	-1.477320e-08	-4.951353e+01	-8.764065e+02
2.800000e-07	-7.025309e-06	-1.473197e-08	-4.896898e+01	-8.728602e+02
2.900000e-07	-6.944477e-06	-1.464858e-08	-4.840556e+01	-8.690813e+02
3.000000e-07	-6.861241e-06	-1.454206e-08	-4.782538e+01	-8.650912e+02
3.100000e-07	-6.775746e-06	-1.450152e-08	-4.722944e+01	-8.609396e+02
3.200000e-07	-6.687931e-06	-1.442950e-08	-4.661734e+01	-8.566848e+02
3.300000e-07	-6.597753e-06	-1.436952e-08	-4.598876e+01	-8.523711e+02
3.400000e-07	-6.505233e-06	-1.428280e-08	-4.534387e+01	-8.480122e+02
3.500000e-07	-6.410406e-06	-1.420874e-08	-4.468289e+01	-8.435870e+02
3.600000e-07	-6.313203e-06	-1.415014e-08	-4.400535e+01	-8.390483e+02
3.700000e-07	-6.213648e-06	-1.405561e-08	-4.331141e+01	-8.343415e+02
3.800000e-07	-6.111860e-06	-1.395712e-08	-4.260191e+01	-8.294258e+02
3.900000e-07	-6.007869e-06	-1.385873e-08	-4.187706e+01	-8.242884e+02
4.000000e-07	-5.901684e-06	-1.380128e-08	-4.113690e+01	-8.189493e+02
4.100000e-07	-5.793390e-06	-1.371277e-08	-4.038206e+01	-8.134515e+02
4.200000e-07	-5.683071e-06	-1.361237e-08	-3.961310e+01	-8.078441e+02
4.300000e-07	-5.570656e-06	-1.351268e-08	-3.882952e+01	-8.021621e+02
4.400000e-07	-5.456049e-06	-1.342458e-08	-3.803067e+01	-7.964126e+02
4.500000e-07	-5.339324e-06	-1.332610e-08	-3.721705e+01	-7.905716e+02
4.600000e-07	-5.220626e-06	-1.320848e-08	-3.638968e+01	-7.845926e+02
4.700000e-07	-5.100019e-06	-1.310226e-08	-3.554900e+01	-7.784234e+02
4.800000e-07	-4.977533e-06	-1.300146e-08	-3.469524e+01	-7.720251e+02
4.900000e-07	-4.853225e-06	-1.290454e-08	-3.382876e+01	-7.653858e+02
5.000000e-07	-4.727201e-06	-1.278128e-08	-3.295033e+01	-7.585234e+02
5.100000e-07	-4.599530e-06	-1.265762e-08	-3.206041e+01	-7.514781e+02
5.200000e-07	-4.470186e-06	-1.254010e-08	-3.115884e+01	-7.442960e+02
5.300000e-07	-4.339146e-06	-1.242547e-08	-3.024545e+01	-7.370107e+02
5.400000e-07	-4.206558e-06	-1.229422e-08	-2.932126e+01	-7.296300e+02
5.500000e-07	-4.072521e-06	-1.215976e-08	-2.838697e+01	-7.221320e+02
5.600000e-07	-3.936995e-06	-1.203557e-08	-2.744230e+01	-7.144709e+02
5.700000e-07	-3.799937e-06	-1.190863e-08	-2.648696e+01	-7.065928e+02
5.800000e-07	-3.661372e-06	-1.177035e-08	-2.552111e+01	-6.984524e+02
5.900000e-07	-3.521375e-06	-1.162132e-08	-2.454528e+01	-6.900266e+02
6.000000e-07	-3.379994e-06	-1.147980e-08	-2.355980e+01	-6.813202e+02
6.100000e-07	-3.237271e-06	-1.133494e-08	-2.256497e+01	-6.723604e+02
6.200000e-07	-3.093294e-06	-1.117900e-08	-2.156140e+01	-6.631844e+02
6.300000e-07	-2.948244e-06	-1.101456e-08	-2.055035e+01	-6.538239e+02
6.400000e-07	-2.802218e-06	-1.085582e-08	-1.953249e+01	-6.442912e+02
6.500000e-07	-2.655232e-06	-1.069853e-08	-1.850794e+01	-6.345737e+02
6.600000e-07	-2.507324e-06	-1.053048e-08	-1.747697e+01	-6.246366e+02
6.700000e-07	-2.358586e-06	-1.035506e-08	-1.644021e+01	-6.144337e+02
6.800000e-07	-2.209079e-06	-1.017825e-08	-1.539809e+01	-6.039211e+02
6.900000e-07	-2.058737e-06	-1.000296e-08	-1.435016e+01	-5.930698e+02
7.000000e-07	-1.907577e-06	-9.816771e-09	-1.329651e+01	-5.818721e+02
7.100000e-07	-1.755702e-06	-9.617511e-09	-1.223789e+01	-5.703400e+02
7.200000e-07	-1.603209e-06	-9.414149e-09	-1.117496e+01	-5.584967e+02
7.300000e-07	-1.450142e-06	-9.213089e-09	-1.010802e+01	-5.463640e+02
7.400000e-07	-1.296548e-06	-9.007834e-09	-9.037419e+00	-5.339508e+02
7.500000e-07	-1.142514e-06	-8.791671e-09	-7.963745e+00	-5.212453e+02
7.600000e-07	-9.880729e-07	-8.572062e-09	-6.887231e+00	-5.082150e+02
7.700000e-07	-8.332718e-07	-8.351310e-09	-5.808211e+00	-4.948117e+02
7.800000e-07	-6.781732e-07	-8.123173e-09	-4.727116e+00	-4.809803e+02
7.900000e-07	-5.228214e-07	-7.880011e-09	-3.644257e+00	-4.666681e+02
8.000000e-07	-3.672899e-07	-7.626106e-09	-2.560145e+00	-4.518295e+02
8.100000e-07	-2.115902e-07	-7.365012e-09	-1.474862e+00	-4.364264e+02
8.200000e-07	-5.575900e-08	-7.095715e-09	-3.886607e-01	-4.204242e+02
8.300000e-07	1.000617e-07	-6.815687e-09	6.974668e-01	-4.037854e+02
8.400000e-07	2.558037e-07	-6.522998e-09	1.783046e+00	-3.864647e+02
8.500000e-07	4.114451e-07	-6.221799e-09	2.867924e+00	-3.684086e+02
8.600000e-07	5.669281e-07	-5.908904e-09	3.951698e+00	-3.495593e+02
8.700000e-07	7.222080e-07	-5.576569e-09	5.034056e+00	-3.298624e+02
8.800000e-07	8.772220e-07	-5.224022e-09	6.114560e+00	-3.092743e+02
8.900000e-07	1.031863e-06	-4.858893e-09	7.192462e+00	-2.877657e+02
9.000000e-07	1.186077e-06	-4.482186e-09	8.267389e+00	-2.653171e+02
9.100000e-07	1.339897e-06	-4.088593e-09	9.339573e+00	-2.419076e+02
9.200000e-07	1.493307e-06	-3.675238e-09	1.040890e+01	-2.174972e+02
9.300000e-07	1.646199e-06	-3.244491e-09	1.147461e+01	-1.920109e+02
9.400000e-07	1.798481e-06	-2.795782e-09	1.253608e+01	-1.653282e+02
9.500000e-07	1.950133e-06	-2.322205e-09	1.359315e+01	-1.372869e+02
9.600000e-07	2.101033e-06	-1.819636e-09	1.464497e+01	-1.077011e+02
9.700000e-07	2.251046e-06	-1.286617e-09	1.569062e+01	-7.639324e+01
9.800000e-07	2.400163e-06	-7.249860e-10	1.673002e+01	-4.323405e+01
9.900000e-07	2.548427e-06	-1.342835e-10	1.776347e+01	-8.180833e+00
1.000000e-06	2.695867e-06	4.897077e-10	1.879118e+01	2.869468e+01
1.010000e-06	2.842400e-06	1.143779e-09	1.981257e+01	6.719609e+01
1.020000e-06	2.987948e-06	1.817651e-09	2.082710e+01	1.070123e+02
1.030000e-06	3.132485e-06	2.503310e-09	2.183457e+01	1.477449e+02
1.040000e-06	3.275853e-06	3.198826e-09	2.283390e+01	1.889472e+02
1.050000e-06	3.417915e-06	3.898164e-09	2.382413e+01	2.301637e+02
1.060000e-06	3.558707e-06	4.589862e-09	2.480550e+01	2.709650e+02
1.070000e-06	3.698198e-06	5.263916e-09	2.577780e+01	3.109691e+02
1.080000e-06	3.836210e-06	5.916937e-09	2.673979e+01	3.498516e+02
1.090000e-06	3.972724e-06	6.549468e-09	2.769134e+01	3.873450e+02
1.100000e-06	4.107803e-06	7.155408e-09	2.863290e+01	4.232343e+02
1.110000e-06	4.241352e-06	7.728377e-09	2.956378e+01	4.573530e+02
1.120000e-06	4.373354e-06	8.269018e-09	3.048389e+01	4.895836e+02
1.130000e-06	4.503817e-06	8.779664e-09	3.139326e+01	5.198612e+02
1.140000e-06	4.632702e-06	9.258995e-09	3.229163e+01	5.481779e+02
1.150000e-06	4.759961e-06	9.705676e-09	3.317868e+01	5.745832e+02
1.160000e-06	4.885547e-06	1.011823e-08	3.405406e+01	5.991762e+02
1.170000e-06	5.009406e-06	1.050277e-08	3.491740e+01	6.220899e+02
1.180000e-06	5.131496e-06	1.086276e-08	3.576841e+01	6.434680e+02
1.190000e-06	5.251757e-06	1.119656e-08	3.660667e+01	6.634433e+02
1.200000e-06	5.370075e-06	1.150664e-08	3.743139e+01	6.821204e+02
1.210000e-06	5.486405e-06	1.179723e-08	3.824226e+01	6.995710e+02
1.220000e-06	5.600648e-06	1.207174e-08	3.903858e+01	7.158406e+02
1.230000e-06	5.712712e-06	1.232771e-08	3.981970e+01	7.309652e+02
1.240000e-06	5.822652e-06	1.256328e-08	4.058603e+01	7.449903e+02
1.250000e-06	5.930556e-06	1.278130e-08	4.133815e+01	7.579856e+02
1.260000e-06	6.036375e-06	1.298551e-08	4.207575e+01	7.700477e+02
1.270000e-06	6.140015e-06	1.317468e-08	4.279816e+01	7.812918e+02
1.280000e-06	6.241387e-06	1.334844e-08	4.350476e+01	7.918324e+02
1.290000e-06	6.340448e-06	1.351169e-08	4.419526e+01	8.017625e+02
1.300000e-06	6.437191e-06	1.366906e-08	4.486959e+01	8.111377e+02
1.310000e-06	6.531638e-06	1.381883e-08	4.552792e+01	8.199729e+02
1.320000e-06	6.623872e-06	1.395676e-08	4.617082e+01	8.282528e+02
1.330000e-06	6.713816e-06	1.408359e-08	4.679777e+01	8.359525e+02
1.340000e-06	6.801373e-06	1.420075e-08	4.740807e+01	8.430618e+02
1.350000e-06	6.886577e-06	1.430856e-08	4.800198e+01	8.496031e+02
1.360000e-06	6.969450e-06	1.440551e-08	4.857963e+01	8.556370e+02
1.370000e-06	7.049826e-06	1.449519e-08	4.913988e+01	8.612524e+02
1.380000e-06	7.127565e-06	1.458507e-08	4.968175e+01	8.665453e+02
1.390000e-06	7.202603e-06	1.467495e-08	5.020479e+01	8.715943e+02
1.400000e-06	7.274955e-06	1.475876e-08	5.070911e+01	8.764409e+02
1.410000e-06	7.344780e-06	1.483475e-08	5.119582e+01	8.810834e+02
1.420000e-06	7.412026e-06	1.490880e-08	5.166455e+01	8.854858e+02
1.430000e-06	7.476542e-06	1.497998e-08	5.211425e+01	8.895989e+02
1.440000e-06	7.538420e-06	1.504229e-08	5.254556e+01	8.933848e+02
1.450000e-06	7.597795e-06	1.509482e-08	5.295943e+01	8.968366e+02
1.460000e-06	7.654540e-06	1.514541e-08	5.335496e+01	8.999852e+02
1.470000e-06	7.708424e-06	1.519720e-08	5.373055e+01	9.028900e+02
1.480000e-06	7.759194e-06	1.524511e-08	5.408444e+01	9.056195e+02
1.490000e-06	7.806831e-06	1.528865e-08	5.441648e+01	9.082270e+02
1.500000e-06	7.851590e-06	1.533154e-08	5.472847e+01	9.107322e+02
1.510000e-06	7.893530e-06	1.537373e-08	5.502080e+01	9.131164e+02
1.520000e-06	7.932678e-06	1.541108e-08	5.529368e+01	9.153322e+02
1.530000e-06	7.969109e-06	1.544121e-08	5.554762e+01	9.173240e+02
1.540000e-06	8.002790e-06	1.546709e-08	5.578239e+01	9.190524e+02
1.550000e-06	8.033700e-06	1.549211e-08	5.599784e+01	9.205111e+02
1.560000e-06	8.061822e-06	1.551421e-08	5.619386e+01	9.217315e+02
1.570000e-06	8.087006e-06	1.553093e-08	5.636940e+01	9.227719e+02
1.580000e-06	8.109288e-06	1.554508e-08	5.652472e+01	9.236962e+02
1.590000e-06	8.128820e-06	1.556162e-08	5.666086e+01	9.245502e+02
1.600000e-06	8.145484e-06	1.557802e-08	5.677702e+01	9.253456e+02
1.610000e-06	8.159156e-06	1.558926e-08	5.687232e+01	9.260571e+02
1.620000e-06	8.169663e-06	1.559487e-08	5.694555e+01	9.266345e+02
1.630000e-06	8.177056e-06	1.559946e-08	5.699709e+01	9.270250e+02
1.640000e-06	8.181660e-06	1.560334e-08	5.702918e+01	9.271964e+02
1.650000e-06	8.183428e-06	1.560019e-08	5.704150e+01	9.271522e+02
1.660000e-06	8.182369e-06	1.560052e-08	5.703412e+01	9.269321e+02
1.670000e-06	8.178679e-06	1.559756e-08	5.700840e+01	9.265975e+02
1.680000e-06	8.172235e-06	1.559111e-08	5.696348e+01	9.262082e+02
1.690000e-06	8.163080e-06	1.558333e-08	5.689967e+01	9.257975e+02
1.700000e-06	8.151184e-06	1.557066e-08	5.681675e+01	9.253579e+02
1.710000e-06	8.136428e-06	1.555211e-08	5.671389e+01	9.248419e+02
1.720000e-06	8.119072e-06	1.552104e-08	5.659292e+01	9.241787e+02
1.730000e-06	8.099368e-06	1.556373e-08	5.645557e+01	9.232998e+02
1.740000e-06	8.076901e-06	1.559865e-08	5.629897e+01	9.221662e+02
1.750000e-06	8.050918e-06	1.552616e-08	5.611786e+01	9.207836e+02
1.760000e-06	8.021190e-06	1.546317e-08	5.591064e+01	9.192023e+02
1.770000e-06	7.988306e-06	1.545007e-08	5.568143e+01	9.175003e+02
1.780000e-06	7.952949e-06	1.539673e-08	5.543498e+01	9.157560e+02
1.790000e-06	7.915177e-06	1.534358e-08	5.517169e+01	9.140205e+02
1.800000e-06	7.875196e-06	1.540528e-08	5.489301e+01	9.122995e+02
1.810000e-06	7.832954e-06	1.528862e-08	5.459857e+01	9.105524e+02
1.820000e-06	7.788069e-06	1.529025e-08	5.428570e+01	9.087070e+02
1.830000e-06	7.740491e-06	1.531071e-08	5.395407e+01	9.066863e+02
1.840000e-06	7.689844e-06	1.518172e-08	5.360104e+01	9.044361e+02
1.850000e-06	7.636057e-06	1.521078e-08	5.322612e+01	9.019428e+02
1.860000e-06	7.579478e-06	1.508805e-08	5.283175e+01	8.992364e+02
1.870000e-06	7.520209e-06	1.510860e-08	5.241862e+01	8.963775e+02
1.880000e-06	7.458309e-06	1.506366e-08	5.198715e+01	8.934325e+02
1.890000e-06	7.393685e-06	1.495285e-08	5.153670e+01	8.904485e+02
1.900000e-06	7.326361e-06	1.497666e-08	5.106743e+01	8.874354e+02
1.910000e-06	7.256165e-06	1.485995e-08	5.057814e+01	8.843637e+02
1.920000e-06	7.183106e-06	1.485271e-08	5.006889e+01	8.811760e+02
1.930000e-06	7.107375e-06	1.475970e-08	4.954102e+01	8.778100e+02
1.940000e-06	7.028841e-06	1.470925e-08	4.899361e+01	8.742218e+02
1.950000e-06	6.947784e-06	1.467578e-08	4.842861e+01	8.704020e+02
1.960000e-06	6.864298e-06	1.456560e-08	4.784668e+01	8.663784e+02
1.970000e-06	6.778274e-06	1.454096e-08	4.724706e+01	8.622037e+02
1.980000e-06	6.689766e-06	1.441221e-08	4.663013e+01	8.579354e+02
1.990000e-06	6.598938e-06	1.437253e-08	4.599702e+01	8.536132e+02
2.000000e-06	6.505853e-06	1.428522e-08	4.534818e+01	8.492444e+02
2.010000e-06	6.410361e-06	1.421628e-08	4.468257e+01	8.448024e+02
2.020000e-06	6.312630e-06	1.414686e-08	4.400135e+01	8.402370e+02
2.030000e-06	6.212637e-06	1.405766e-08	4.330437e+01	8.354948e+02
2.040000e-06	6.110336e-06	1.400055e-08	4.259128e+01	8.305389e+02
2.050000e-06	6.005816e-06	1.388167e-08	4.186274e+01	8.253627e+02
2.060000e-06	5.899203e-06	1.380535e-08	4.111961e+01	8.199912e+02
2.070000e-06	5.790561e-06	1.368936e-08	4.036234e+01	8.144699e+02
2.080000e-06	5.679784e-06	1.361132e-08	3.959018e+01	8.088468e+02
2.090000e-06	5.566915e-06	1.350838e-08	3.880344e+01	8.031526e+02
2.100000e-06	5.451915e-06	1.342147e-08	3.800185e+01	7.973888e+02
2.110000e-06	5.334758e-06	1.332632e-08	3.718523e+01	7.915265e+02
2.120000e-06	5.215519e-06	1.322459e-08	3.635408e+01	7.855167e+02
2.130000e-06	5.094376e-06	1.311652e-08	3.550967e+01	7.793084e+02
2.140000e-06	4.971413e-06	1.299693e-08	3.465258e+01	7.728666e+02
2.150000e-06	4.846587e-06	1.289106e-08	3.378250e+01	7.661848e+02
2.160000e-06	4.720019e-06	1.277053e-08	3.290027e+01	7.592859e+02
2.170000e-06	4.591815e-06	1.265962e-08	3.200664e+01	7.522124e+02
2.180000e-06	4.462017e-06	1.253455e-08	3.110190e+01	7.450095e+02
2.190000e-06	4.330655e-06	1.242376e-08	3.018626e+01	7.377069e+02
2.200000e-06	4.197719e-06	1.229195e-08	2.925964e+01	7.303073e+02
2.210000e-06	4.063225e-06	1.216290e-08	2.832217e+01	7.227834e+02
2.220000e-06	3.927275e-06	1.202468e-08	2.737455e+01	7.150871e+02
2.230000e-06	3.789845e-06	1.189364e-08	2.641661e+01	7.071644e+02
2.240000e-06	3.650936e-06	1.175641e-08	2.544837e+01	6.989735e+02
2.250000e-06	3.510693e-06	1.161513e-08	2.447082e+01	6.904960e+02
2.260000e-06	3.369193e-06	1.147305e-08	2.348452e+01	6.817413e+02
2.270000e-06	3.226431e-06	1.132537e-08	2.248941e+01	6.727396e+02
2.280000e-06	3.082509e-06	1.117317e-08	2.148622e+01	6.635283e+02
2.290000e-06	2.937516e-06	1.100743e-08	2.047557e+01	6.541363e+02
2.300000e-06	2.791454e-06	1.084242e-08	1.945746e+01	6.445718e+02
2.310000e-06	2.644368e-06	1.067422e-08	1.843221e+01	6.348176e+02
2.320000e-06	2.496319e-06	1.050847e-08	1.740026e+01	6.248361e+02
2.330000e-06	2.347400e-06	1.033642e-08	1.636224e+01	6.145803e+02
2.340000e-06	2.197648e-06	1.016325e-08	1.531841e+01	6.040083e+02
2.350000e-06	2.047120e-06	9.984176e-09	1.426918e+01	5.930946e+02
2.360000e-06	1.895886e-06	9.797160e-09	1.321502e+01	5.818353e+02
2.370000e-06	1.744013e-06	9.596122e-09	1.215641e+01	5.702453e+02
2.380000e-06	1.591573e-06	9.389911e-09	1.109385e+01	5.583485e+02
2.390000e-06	1.438583e-06	9.182531e-09	1.002745e+01	5.461651e+02
2.400000e-06	1.285055e-06	8.974544e-09	8.957307e+00	5.337006e+02
2.410000e-06	1.131053e-06	8.759472e-09	7.883856e+00	5.209396e+02
2.420000e-06	9.766481e-07	8.540685e-09	6.807596e+00	5.078461e+02
2.430000e-06	8.218953e-07	8.319013e-09	5.728913e+00	4.943699e+02
2.440000e-06	6.668599e-07	8.087213e-09	4.648258e+00	4.804559e+02
2.450000e-06	5.115688e-07	7.842224e-09	3.565823e+00	4.660523e+02
2.460000e-06	3.560547e-07	7.584858e-09	2.481832e+00	4.511149e+02
2.470000e-06	2.004345e-07	7.322284e-09	1.397102e+00	4.356069e+02
2.480000e-06	4.482214e-08	7.050980e-09	3.124268e-01	4.194935e+02
2.490000e-06	-1.108081e-07	6.770579e-09	-7.723733e-01	4.027360e+02
2.500000e-06	-2.664399e-07	6.478249e-09	-1.857184e+00	3.852876e+02
2.510000e-06	-4.219318e-07	6.176737e-09	-2.941020e+00	3.670936e+02
2.520000e-06	-5.772583e-07	5.861981e-09	-4.023703e+00	3.480962e+02
2.530000e-06	-7.324451e-07	5.526436e-09	-5.105412e+00	3.282425e+02
2.540000e-06	-8.873580e-07	5.170471e-09	-6.185211e+00	3.074913e+02
2.550000e-06	-1.041866e-06	4.799816e-09	-7.262191e+00	2.858156e+02
2.560000e-06	-1.195921e-06	4.418599e-09	-8.336009e+00	2.631968e+02
2.570000e-06	-1.349507e-06	4.024137e-09	-9.406562e+00	2.396118e+02
2.580000e-06	-1.502594e-06	3.613894e-09	-1.047363e+01	2.150155e+02
2.590000e-06	-1.655119e-06	3.187858e-09	-1.153679e+01	1.893252e+02
2.600000e-06	-1.807069e-06	2.741561e-09	-1.259594e+01	1.624124e+02
2.610000e-06	-1.958393e-06	2.267162e-09	-1.365072e+01	1.341086e+02
2.620000e-06	-2.109031e-06	1.761506e-09	-1.470072e+01	1.042270e+02
2.630000e-06	-2.258914e-06	1.225906e-09	-1.574546e+01	7.259546e+01
2.640000e-06	-2.407998e-06	6.622010e-10	-1.678463e+01	3.909767e+01
2.650000e-06	-2.556215e-06	7.019573e-11	-1.781776e+01	3.709716e+00
2.660000e-06	-2.703487e-06	-5.506969e-10	-1.884430e+01	-3.347459e+01
2.670000e-06	-2.849789e-06	-1.197434e-09	-1.986408e+01	-7.223705e+01
2.680000e-06	-2.995048e-06	-1.863725e-09	-2.087659e+01	-1.122485e+02
2.690000e-06	-3.139223e-06	-2.545797e-09	-2.188153e+01	-1.530991e+02
2.700000e-06	-3.282284e-06	-3.239964e-09	-2.287872e+01	-1.943374e+02
2.710000e-06	-3.424084e-06	-3.937200e-09	-2.386712e+01	-2.355107e+02
2.720000e-06	-3.564569e-06	-4.624041e-09	-2.484636e+01	-2.761965e+02
2.730000e-06	-3.703706e-06	-5.292921e-09	-2.581619e+01	-3.160229e+02
2.740000e-06	-3.841404e-06	-5.942238e-09	-2.677600e+01	-3.546759e+02
2.750000e-06	-3.977705e-06	-6.568248e-09	-2.772606e+01	-3.918977e+02
2.760000e-06	-4.112608e-06	-7.164876e-09	-2.866639e+01	-4.274821e+02
2.770000e-06	-4.245988e-06	-7.731707e-09	-2.959610e+01	-4.612713e+02
2.780000e-06	-4.377803e-06	-8.270356e-09	-3.051490e+01	-4.931568e+02
2.790000e-06	-4.508119e-06	-8.777766e-09	-3.142325e+01	-5.230837e+02
2.800000e-06	-4.636864e-06	-9.249944e-09	-3.232065e+01	-5.510543e+02
2.810000e-06	-4.763968e-06	-9.687603e-09	-3.320661e+01	-5.771280e+02
2.820000e-06	-4.889415e-06	-1.009646e-08	-3.408102e+01	-6.014113e+02
2.830000e-06	-5.013108e-06	-1.047806e-08	-3.494321e+01	-6.240407e+02
2.840000e-06	-5.134969e-06	-1.083287e-08	-3.579262e+01	-6.451597e+02
2.850000e-06	-5.254923e-06	-1.116672e-08	-3.662875e+01	-6.648969e+02
2.860000e-06	-5.372891e-06	-1.148327e-08	-3.745103e+01	-6.833512e+02
2.870000e-06	-5.488761e-06	-1.177802e-08	-3.825868e+01	-7.005886e+02
2.880000e-06	-5.602455e-06	-1.204787e-08	-3.905117e+01	-7.166515e+02
2.890000e-06	-5.713966e-06	-1.229551e-08	-3.982845e+01	-7.315764e+02
2.900000e-06	-5.823329e-06	-1.252730e-08	-4.059075e+01	-7.454122e+02
2.910000e-06	-5.930662e-06	-1.274471e-08	-4.133890e+01	-7.582335e+02
2.920000e-06	-6.035938e-06	-1.294627e-08	-4.207271e+01	-7.701414e+02
2.930000e-06	-6.139030e-06	-1.313386e-08	-4.279130e+01	-7.812523e+02
2.940000e-06	-6.239873e-06	-1.331153e-08	-4.349421e+01	-7.916785e+02
2.950000e-06	-6.338506e-06	-1.348021e-08	-4.418172e+01	-8.015071e+02
2.960000e-06	-6.434974e-06	-1.363678e-08	-4.485414e+01	-8.107864e+02
2.970000e-06	-6.529210e-06	-1.378193e-08	-4.551099e+01	-8.195246e+02
2.980000e-06	-6.621110e-06	-1.391976e-08	-4.615157e+01	-8.277031e+02
2.990000e-06	-6.710665e-06	-1.405106e-08	-4.677580e+01	-8.352978e+02
3.000000e-06	-6.797928e-06	-1.417183e-08	-4.738406e+01	-8.423034e+02
3.010000e-06	-6.882759e-06	-1.428266e-08	-4.797536e+01	-8.487492e+02
3.020000e-06	-6.965090e-06	-1.438562e-08	-4.854924e+01	-8.547018e+02
3.030000e-06	-7.044967e-06	-1.448070e-08	-4.910601e+01	-8.602532e+02
3.040000e-06	-7.122260e-06	-1.456776e-08	-4.964477e+01	-8.654982e+02
3.050000e-06	-7.196818e-06	-1.465004e-08	-5.016447e+01	-8.705098e+02
3.060000e-06	-7.268706e-06	-1.472948e-08	-5.066555e+01	-8.753217e+02
3.070000e-06	-7.337965e-06	-1.480677e-08	-5.114831e+01	-8.799252e+02
3.080000e-06	-7.404636e-06	-1.488103e-08	-5.161303e+01	-8.842800e+02
3.090000e-06	-7.468771e-06	-1.494992e-08	-5.206008e+01	-8.883373e+02
3.100000e-06	-7.530211e-06	-1.501446e-08	-5.248834e+01	-8.920634e+02
3.110000e-06	-7.588931e-06	-1.507367e-08	-5.289764e+01	-8.954583e+02
3.120000e-06	-7.644937e-06	-1.512581e-08	-5.328802e+01	-8.985589e+02
3.130000e-06	-7.697979e-06	-1.517114e-08	-5.365774e+01	-9.014281e+02
3.140000e-06	-7.747907e-06	-1.521583e-08	-5.400576e+01	-9.041332e+02
3.150000e-06	-7.794811e-06	-1.526140e-08	-5.433270e+01	-9.067225e+02
3.160000e-06	-7.839011e-06	-1.530528e-08	-5.464079e+01	-9.092090e+02
3.170000e-06	-7.880744e-06	-1.534375e-08	-5.493168e+01	-9.115677e+02
3.180000e-06	-7.919825e-06	-1.537957e-08	-5.520409e+01	-9.137479e+02
3.190000e-06	-7.956071e-06	-1.541351e-08	-5.545674e+01	-9.156953e+02
3.200000e-06	-7.989551e-06	-1.544333e-08	-5.569011e+01	-9.173754e+02
3.210000e-06	-8.020160e-06	-1.546735e-08	-5.590346e+01	-9.187887e+02
3.220000e-06	-8.047803e-06	-1.548684e-08	-5.609614e+01	-9.199727e+02
3.230000e-06	-8.072665e-06	-1.550720e-08	-5.626944e+01	-9.209884e+02
3.240000e-06	-8.094653e-06	-1.552714e-08	-5.642271e+01	-9.218981e+02
3.250000e-06	-8.113729e-06	-1.554272e-08	-5.655567e+01	-9.227424e+02
3.260000e-06	-8.129970e-06	-1.555265e-08	-5.666888e+01	-9.235262e+02
3.270000e-06	-8.143153e-06	-1.556161e-08	-5.676077e+01	-9.242183e+02
3.280000e-06	-8.153302e-06	-1.557159e-08	-5.683151e+01	-9.247663e+02
3.290000e-06	-8.160550e-06	-1.558052e-08	-5.688203e+01	-9.251197e+02
3.300000e-06	-8.164896e-06	-1.558728e-08	-5.691233e+01	-9.252517e+02
3.310000e-06	-8.166446e-06	-1.558965e-08	-5.692313e+01	-9.251728e+02
