# Temperatura_=_43.22
# Concentracion g/m^3_=_11780.0
# C_Vs_to_Am_M_A/Vsm_=_59384043850.047264
# pendiente_HvsI_1/m_=_3716.3
# ordenada_HvsI_A/m_=_1297.0
# frecuencia_Hz_=_301533.7947912658

Tiempo_(s)	Campo_(V.s)	Magnetizacion_(V.s)	Campo_(kA/m)	Magnetizacion_(A/m)
0.000000e+00	-8.111722e-06	-1.517150e-08	-5.691632e+01	-9.011130e+02
1.000000e-08	-8.108383e-06	-1.516656e-08	-5.689289e+01	-9.008624e+02
2.000000e-08	-8.102403e-06	-1.516306e-08	-5.685094e+01	-9.005233e+02
3.000000e-08	-8.093743e-06	-1.515565e-08	-5.679017e+01	-9.001246e+02
4.000000e-08	-8.082188e-06	-1.514801e-08	-5.670909e+01	-8.996714e+02
5.000000e-08	-8.067678e-06	-1.514175e-08	-5.660728e+01	-8.991417e+02
6.000000e-08	-8.050311e-06	-1.514364e-08	-5.648543e+01	-8.984931e+02
7.000000e-08	-8.030425e-06	-1.513989e-08	-5.634590e+01	-8.976778e+02
8.000000e-08	-8.007923e-06	-1.506343e-08	-5.618801e+01	-8.966611e+02
9.000000e-08	-7.982142e-06	-1.502012e-08	-5.600712e+01	-8.954354e+02
1.000000e-07	-7.953059e-06	-1.504757e-08	-5.580306e+01	-8.940249e+02
1.100000e-07	-7.921162e-06	-1.504809e-08	-5.557924e+01	-8.924791e+02
1.200000e-07	-7.886587e-06	-1.500543e-08	-5.533665e+01	-8.908559e+02
1.300000e-07	-7.849593e-06	-1.497858e-08	-5.507708e+01	-8.892020e+02
1.400000e-07	-7.810526e-06	-1.500495e-08	-5.480297e+01	-8.875362e+02
1.500000e-07	-7.769083e-06	-1.491405e-08	-5.451218e+01	-8.858425e+02
1.600000e-07	-7.724691e-06	-1.489908e-08	-5.420070e+01	-8.840756e+02
1.700000e-07	-7.677481e-06	-1.486350e-08	-5.386944e+01	-8.821768e+02
1.800000e-07	-7.627389e-06	-1.476184e-08	-5.351798e+01	-8.800939e+02
1.900000e-07	-7.574179e-06	-1.480270e-08	-5.314462e+01	-8.777997e+02
2.000000e-07	-7.518140e-06	-1.475002e-08	-5.275142e+01	-8.753000e+02
2.100000e-07	-7.459344e-06	-1.470571e-08	-5.233888e+01	-8.726304e+02
2.200000e-07	-7.397923e-06	-1.465087e-08	-5.190791e+01	-8.698415e+02
2.300000e-07	-7.333891e-06	-1.459626e-08	-5.145863e+01	-8.669795e+02
2.400000e-07	-7.267070e-06	-1.457661e-08	-5.098977e+01	-8.640685e+02
2.500000e-07	-7.197572e-06	-1.447629e-08	-5.050214e+01	-8.611014e+02
2.600000e-07	-7.125380e-06	-1.442715e-08	-4.999560e+01	-8.580423e+02
2.700000e-07	-7.050414e-06	-1.439562e-08	-4.946960e+01	-8.548406e+02
2.800000e-07	-6.972690e-06	-1.436545e-08	-4.892424e+01	-8.514496e+02
2.900000e-07	-6.892248e-06	-1.428488e-08	-4.835982e+01	-8.478444e+02
3.000000e-07	-6.809332e-06	-1.419180e-08	-4.777803e+01	-8.440309e+02
3.100000e-07	-6.724158e-06	-1.415443e-08	-4.718041e+01	-8.400437e+02
3.200000e-07	-6.636705e-06	-1.407442e-08	-4.656679e+01	-8.359330e+02
3.300000e-07	-6.546895e-06	-1.400860e-08	-4.593663e+01	-8.317461e+02
3.400000e-07	-6.454744e-06	-1.393111e-08	-4.529005e+01	-8.275094e+02
3.500000e-07	-6.360286e-06	-1.386170e-08	-4.462728e+01	-8.232191e+02
3.600000e-07	-6.263498e-06	-1.379957e-08	-4.394816e+01	-8.188421e+02
3.700000e-07	-6.164377e-06	-1.371346e-08	-4.325267e+01	-8.143286e+02
3.800000e-07	-6.063025e-06	-1.362405e-08	-4.254153e+01	-8.096304e+02
3.900000e-07	-5.959529e-06	-1.353072e-08	-4.181534e+01	-8.047181e+02
4.000000e-07	-5.853858e-06	-1.346962e-08	-4.107390e+01	-7.995917e+02
4.100000e-07	-5.746058e-06	-1.338513e-08	-4.031752e+01	-7.942791e+02
4.200000e-07	-5.636231e-06	-1.329063e-08	-3.954691e+01	-7.888255e+02
4.300000e-07	-5.524392e-06	-1.319216e-08	-3.876218e+01	-7.832750e+02
4.400000e-07	-5.410425e-06	-1.310172e-08	-3.796253e+01	-7.776535e+02
4.500000e-07	-5.294226e-06	-1.300550e-08	-3.714721e+01	-7.719585e+02
4.600000e-07	-5.175951e-06	-1.289456e-08	-3.631733e+01	-7.661593e+02
4.700000e-07	-5.055882e-06	-1.279229e-08	-3.547486e+01	-7.602077e+02
4.800000e-07	-4.934082e-06	-1.269505e-08	-3.462025e+01	-7.540551e+02
4.900000e-07	-4.810471e-06	-1.260280e-08	-3.375292e+01	-7.476705e+02
5.000000e-07	-4.685092e-06	-1.248642e-08	-3.287319e+01	-7.410505e+02
5.100000e-07	-4.558102e-06	-1.236461e-08	-3.198216e+01	-7.342201e+02
5.200000e-07	-4.429534e-06	-1.224491e-08	-3.108006e+01	-7.272224e+02
5.300000e-07	-4.299323e-06	-1.212908e-08	-3.016643e+01	-7.201015e+02
5.400000e-07	-4.167533e-06	-1.200290e-08	-2.924171e+01	-7.128852e+02
5.500000e-07	-4.034209e-06	-1.187498e-08	-2.830624e+01	-7.055734e+02
5.600000e-07	-3.899385e-06	-1.175654e-08	-2.736024e+01	-6.981362e+02
5.700000e-07	-3.763161e-06	-1.163593e-08	-2.640441e+01	-6.905235e+02
5.800000e-07	-3.625574e-06	-1.150405e-08	-2.543903e+01	-6.826808e+02
5.900000e-07	-3.486530e-06	-1.135994e-08	-2.446342e+01	-6.745667e+02
6.000000e-07	-3.345994e-06	-1.121898e-08	-2.347734e+01	-6.661656e+02
6.100000e-07	-3.204105e-06	-1.107484e-08	-2.248177e+01	-6.574906e+02
6.200000e-07	-3.061038e-06	-1.092602e-08	-2.147794e+01	-6.485762e+02
6.300000e-07	-2.916888e-06	-1.077085e-08	-2.046650e+01	-6.394633e+02
6.400000e-07	-2.771633e-06	-1.061723e-08	-1.944731e+01	-6.301832e+02
6.500000e-07	-2.625336e-06	-1.046414e-08	-1.842081e+01	-6.207440e+02
6.600000e-07	-2.478146e-06	-1.030383e-08	-1.738804e+01	-6.111270e+02
6.700000e-07	-2.330135e-06	-1.013541e-08	-1.634951e+01	-6.012918e+02
6.800000e-07	-2.181337e-06	-9.962897e-09	-1.530546e+01	-5.911894e+02
6.900000e-07	-2.031827e-06	-9.790545e-09	-1.425642e+01	-5.807772e+02
7.000000e-07	-1.881629e-06	-9.610088e-09	-1.320254e+01	-5.700314e+02
7.100000e-07	-1.730793e-06	-9.421268e-09	-1.214420e+01	-5.589513e+02
7.200000e-07	-1.579369e-06	-9.229830e-09	-1.108173e+01	-5.475555e+02
7.300000e-07	-1.427375e-06	-9.038366e-09	-1.001525e+01	-5.358698e+02
7.400000e-07	-1.274838e-06	-8.841490e-09	-8.944970e+00	-5.239137e+02
7.500000e-07	-1.121803e-06	-8.634352e-09	-7.871188e+00	-5.116885e+02
7.600000e-07	-9.683663e-07	-8.421734e-09	-6.794592e+00	-4.991715e+02
7.700000e-07	-8.146466e-07	-8.207369e-09	-5.716011e+00	-4.863184e+02
7.800000e-07	-6.606652e-07	-7.987354e-09	-4.635592e+00	-4.730715e+02
7.900000e-07	-5.064380e-07	-7.756425e-09	-3.553449e+00	-4.593709e+02
8.000000e-07	-3.520435e-07	-7.515193e-09	-2.470131e+00	-4.451633e+02
8.100000e-07	-1.975001e-07	-7.266502e-09	-1.385770e+00	-4.304064e+02
8.200000e-07	-4.289033e-08	-7.010313e-09	-3.009423e-01	-4.150671e+02
8.300000e-07	1.117136e-07	-6.742549e-09	7.838440e-01	-3.991151e+02
8.400000e-07	2.662243e-07	-6.460925e-09	1.867976e+00	-3.825167e+02
8.500000e-07	4.206179e-07	-6.168829e-09	2.951287e+00	-3.652305e+02
8.600000e-07	5.749329e-07	-5.866839e-09	4.034046e+00	-3.472086e+02
8.700000e-07	7.290869e-07	-5.551389e-09	5.115676e+00	-3.284024e+02
8.800000e-07	8.829686e-07	-5.217063e-09	6.195395e+00	-3.087706e+02
8.900000e-07	1.036477e-06	-4.868764e-09	7.272496e+00	-2.882849e+02
9.000000e-07	1.189585e-06	-4.511369e-09	8.346786e+00	-2.669294e+02
9.100000e-07	1.342310e-06	-4.141374e-09	9.418387e+00	-2.446925e+02
9.200000e-07	1.494632e-06	-3.752012e-09	1.048716e+01	-2.215518e+02
9.300000e-07	1.646424e-06	-3.342443e-09	1.155222e+01	-1.974575e+02
9.400000e-07	1.797614e-06	-2.916590e-09	1.261305e+01	-1.723198e+02
9.500000e-07	1.948151e-06	-2.472135e-09	1.366930e+01	-1.460073e+02
9.600000e-07	2.097975e-06	-2.004293e-09	1.472055e+01	-1.183588e+02
9.700000e-07	2.247073e-06	-1.509022e-09	1.576671e+01	-8.920931e+01
9.800000e-07	2.395315e-06	-9.883142e-10	1.680686e+01	-5.842381e+01
9.900000e-07	2.542631e-06	-4.414935e-10	1.784050e+01	-2.593264e+01
1.000000e-06	2.689057e-06	1.356951e-10	1.886791e+01	8.241309e+00
1.010000e-06	2.834553e-06	7.426367e-10	1.988879e+01	4.396961e+01
1.020000e-06	2.979028e-06	1.370903e-09	2.090250e+01	8.102266e+01
1.030000e-06	3.122436e-06	2.012270e-09	2.190874e+01	1.190896e+02
1.040000e-06	3.264725e-06	2.666851e-09	2.290711e+01	1.578078e+02
1.050000e-06	3.405744e-06	3.328452e-09	2.389658e+01	1.967957e+02
1.060000e-06	3.545333e-06	3.987128e-09	2.487602e+01	2.356794e+02
1.070000e-06	3.683602e-06	4.634289e-09	2.584618e+01	2.741121e+02
1.080000e-06	3.820619e-06	5.268213e-09	2.680757e+01	3.117825e+02
1.090000e-06	3.956174e-06	5.888592e-09	2.775870e+01	3.484172e+02
1.100000e-06	4.090255e-06	6.486507e-09	2.869949e+01	3.837793e+02
1.110000e-06	4.222876e-06	7.054835e-09	2.963003e+01	4.176698e+02
1.120000e-06	4.353926e-06	7.595902e-09	3.054955e+01	4.499320e+02
1.130000e-06	4.483419e-06	8.111355e-09	3.145814e+01	4.804583e+02
1.140000e-06	4.611349e-06	8.596059e-09	3.235577e+01	5.091975e+02
1.150000e-06	4.737669e-06	9.048711e-09	3.324210e+01	5.361571e+02
1.160000e-06	4.862351e-06	9.471373e-09	3.411694e+01	5.613973e+02
1.170000e-06	4.985252e-06	9.870536e-09	3.497928e+01	5.850169e+02
1.180000e-06	5.106379e-06	1.024601e-08	3.582918e+01	6.071334e+02
1.190000e-06	5.225765e-06	1.059369e-08	3.666685e+01	6.278612e+02
1.200000e-06	5.343158e-06	1.091529e-08	3.749055e+01	6.472954e+02
1.210000e-06	5.458404e-06	1.121821e-08	3.829918e+01	6.655043e+02
1.220000e-06	5.571563e-06	1.150534e-08	3.909316e+01	6.825331e+02
1.230000e-06	5.682682e-06	1.177274e-08	3.987284e+01	6.984158e+02
1.240000e-06	5.791859e-06	1.202003e-08	4.063888e+01	7.131915e+02
1.250000e-06	5.899047e-06	1.225188e-08	4.139097e+01	7.269168e+02
1.260000e-06	6.004048e-06	1.247042e-08	4.212772e+01	7.396710e+02
1.270000e-06	6.106856e-06	1.267094e-08	4.284907e+01	7.515516e+02
1.280000e-06	6.207468e-06	1.285340e-08	4.355502e+01	7.626613e+02
1.290000e-06	6.305773e-06	1.302524e-08	4.424478e+01	7.730909e+02
1.300000e-06	6.401785e-06	1.319000e-08	4.491846e+01	7.829065e+02
1.310000e-06	6.495615e-06	1.334579e-08	4.557682e+01	7.921429e+02
1.320000e-06	6.587148e-06	1.349062e-08	4.621907e+01	8.008088e+02
1.330000e-06	6.676293e-06	1.362581e-08	4.684456e+01	8.088992e+02
1.340000e-06	6.763072e-06	1.375339e-08	4.745344e+01	8.164131e+02
1.350000e-06	6.847574e-06	1.387046e-08	4.804636e+01	8.233673e+02
1.360000e-06	6.929767e-06	1.397587e-08	4.862307e+01	8.298033e+02
1.370000e-06	7.009379e-06	1.407238e-08	4.918167e+01	8.357845e+02
1.380000e-06	7.086390e-06	1.416575e-08	4.972203e+01	8.413831e+02
1.390000e-06	7.160766e-06	1.425712e-08	5.024389e+01	8.466647e+02
1.400000e-06	7.232447e-06	1.434128e-08	5.074684e+01	8.516732e+02
1.410000e-06	7.301573e-06	1.441947e-08	5.123187e+01	8.564244e+02
1.420000e-06	7.368071e-06	1.449695e-08	5.169845e+01	8.609091e+02
1.430000e-06	7.431883e-06	1.457241e-08	5.214619e+01	8.651041e+02
1.440000e-06	7.493209e-06	1.464021e-08	5.257649e+01	8.689886e+02
1.450000e-06	7.552027e-06	1.469669e-08	5.298919e+01	8.725575e+02
1.460000e-06	7.608158e-06	1.474879e-08	5.338304e+01	8.758290e+02
1.470000e-06	7.661428e-06	1.480020e-08	5.375681e+01	8.788410e+02
1.480000e-06	7.711514e-06	1.484727e-08	5.410824e+01	8.816408e+02
1.490000e-06	7.758516e-06	1.489029e-08	5.443804e+01	8.842703e+02
1.500000e-06	7.802798e-06	1.493124e-08	5.474874e+01	8.867529e+02
1.510000e-06	7.844316e-06	1.497300e-08	5.504006e+01	8.890877e+02
1.520000e-06	7.883032e-06	1.501219e-08	5.531171e+01	8.912534e+02
1.530000e-06	7.919065e-06	1.504582e-08	5.556454e+01	8.932195e+02
1.540000e-06	7.952293e-06	1.507429e-08	5.579768e+01	8.949604e+02
1.550000e-06	7.982684e-06	1.509943e-08	5.601092e+01	8.964686e+02
1.560000e-06	8.010381e-06	1.512127e-08	5.620525e+01	8.977589e+02
1.570000e-06	8.035265e-06	1.513796e-08	5.637986e+01	8.988650e+02
1.580000e-06	8.057305e-06	1.515147e-08	5.653450e+01	8.998277e+02
1.590000e-06	8.076580e-06	1.516621e-08	5.666974e+01	9.006807e+02
1.600000e-06	8.092940e-06	1.518111e-08	5.678453e+01	9.014389e+02
1.610000e-06	8.106288e-06	1.519132e-08	5.687820e+01	9.020945e+02
1.620000e-06	8.116503e-06	1.519757e-08	5.694987e+01	9.026225e+02
1.630000e-06	8.123681e-06	1.520409e-08	5.700023e+01	9.029923e+02
1.640000e-06	8.128061e-06	1.521077e-08	5.703097e+01	9.031829e+02
1.650000e-06	8.129563e-06	1.520901e-08	5.704150e+01	9.031932e+02
1.660000e-06	8.128275e-06	1.520997e-08	5.703246e+01	9.030449e+02
1.670000e-06	8.124391e-06	1.520717e-08	5.700521e+01	9.027754e+02
1.680000e-06	8.117787e-06	1.520212e-08	5.695887e+01	9.024238e+02
1.690000e-06	8.108437e-06	1.519552e-08	5.689327e+01	9.020154e+02
1.700000e-06	8.096336e-06	1.518159e-08	5.680836e+01	9.015505e+02
1.710000e-06	8.081460e-06	1.516036e-08	5.670399e+01	9.010028e+02
1.720000e-06	8.064095e-06	1.512795e-08	5.658214e+01	9.003274e+02
1.730000e-06	8.044382e-06	1.517045e-08	5.644382e+01	8.994777e+02
1.740000e-06	8.021796e-06	1.520192e-08	5.628535e+01	8.984230e+02
1.750000e-06	7.995666e-06	1.513623e-08	5.610201e+01	8.971613e+02
1.760000e-06	7.965885e-06	1.508140e-08	5.589305e+01	8.957222e+02
1.770000e-06	7.932989e-06	1.506739e-08	5.566223e+01	8.941581e+02
1.780000e-06	7.897582e-06	1.500439e-08	5.541380e+01	8.925263e+02
1.790000e-06	7.859836e-06	1.496210e-08	5.514895e+01	8.908695e+02
1.800000e-06	7.819980e-06	1.502500e-08	5.486930e+01	8.892005e+02
1.810000e-06	7.777833e-06	1.490223e-08	5.457357e+01	8.874974e+02
1.820000e-06	7.733075e-06	1.491740e-08	5.425952e+01	8.857110e+02
1.830000e-06	7.685656e-06	1.493322e-08	5.392681e+01	8.837823e+02
1.840000e-06	7.635183e-06	1.481922e-08	5.357266e+01	8.816624e+02
1.850000e-06	7.581626e-06	1.484112e-08	5.319688e+01	8.793298e+02
1.860000e-06	7.525220e-06	1.470640e-08	5.280110e+01	8.767962e+02
1.870000e-06	7.466167e-06	1.472432e-08	5.238675e+01	8.741010e+02
1.880000e-06	7.404575e-06	1.468097e-08	5.195459e+01	8.712958e+02
1.890000e-06	7.340207e-06	1.460360e-08	5.150294e+01	8.684238e+02
1.900000e-06	7.273098e-06	1.461972e-08	5.103207e+01	8.655039e+02
1.910000e-06	7.203186e-06	1.450604e-08	5.054153e+01	8.625233e+02
1.920000e-06	7.130433e-06	1.449199e-08	5.003106e+01	8.594423e+02
1.930000e-06	7.054978e-06	1.439288e-08	4.950162e+01	8.562094e+02
1.940000e-06	6.976767e-06	1.434766e-08	4.895285e+01	8.527809e+02
1.950000e-06	6.896003e-06	1.430352e-08	4.838617e+01	8.491368e+02
1.960000e-06	6.812860e-06	1.422049e-08	4.780278e+01	8.452887e+02
1.970000e-06	6.727317e-06	1.420325e-08	4.720257e+01	8.412753e+02
1.980000e-06	6.639271e-06	1.408176e-08	4.658479e+01	8.371476e+02
1.990000e-06	6.548832e-06	1.402777e-08	4.595022e+01	8.329503e+02
2.000000e-06	6.456132e-06	1.393595e-08	4.529979e+01	8.287049e+02
2.010000e-06	6.361096e-06	1.387539e-08	4.463296e+01	8.244019e+02
2.020000e-06	6.263842e-06	1.380423e-08	4.395057e+01	8.200040e+02
2.030000e-06	6.164342e-06	1.372386e-08	4.325243e+01	8.154605e+02
2.040000e-06	6.062595e-06	1.366889e-08	4.253852e+01	8.107251e+02
2.050000e-06	5.958668e-06	1.356677e-08	4.180931e+01	8.057734e+02
2.060000e-06	5.852588e-06	1.348816e-08	4.106499e+01	8.006106e+02
2.070000e-06	5.744488e-06	1.337148e-08	4.030650e+01	7.952690e+02
2.080000e-06	5.634373e-06	1.329250e-08	3.953387e+01	7.897948e+02
2.090000e-06	5.522101e-06	1.319410e-08	3.874611e+01	7.842301e+02
2.100000e-06	5.407619e-06	1.311046e-08	3.794284e+01	7.785962e+02
2.110000e-06	5.291115e-06	1.301244e-08	3.712539e+01	7.728853e+02
2.120000e-06	5.172577e-06	1.291575e-08	3.629366e+01	7.670623e+02
2.130000e-06	5.052031e-06	1.281443e-08	3.544784e+01	7.610777e+02
2.140000e-06	4.929653e-06	1.270390e-08	3.458917e+01	7.548850e+02
2.150000e-06	4.805566e-06	1.259886e-08	3.371850e+01	7.484574e+02
2.160000e-06	4.679792e-06	1.248118e-08	3.283601e+01	7.417969e+02
2.170000e-06	4.552267e-06	1.237567e-08	3.194122e+01	7.349329e+02
2.180000e-06	4.423056e-06	1.225384e-08	3.103460e+01	7.279098e+02
2.190000e-06	4.292309e-06	1.214109e-08	3.011721e+01	7.207702e+02
2.200000e-06	4.160111e-06	1.200962e-08	2.918964e+01	7.135375e+02
2.210000e-06	4.026485e-06	1.188907e-08	2.825204e+01	7.062059e+02
2.220000e-06	3.891358e-06	1.175759e-08	2.730392e+01	6.987411e+02
2.230000e-06	3.754725e-06	1.163090e-08	2.634523e+01	6.910908e+02
2.240000e-06	3.616747e-06	1.149748e-08	2.537709e+01	6.832017e+02
2.250000e-06	3.477445e-06	1.136198e-08	2.439967e+01	6.750363e+02
2.260000e-06	3.336838e-06	1.122435e-08	2.341310e+01	6.665843e+02
2.270000e-06	3.195012e-06	1.107497e-08	2.241797e+01	6.578632e+02
2.280000e-06	3.051964e-06	1.092343e-08	2.141427e+01	6.489101e+02
2.290000e-06	2.907739e-06	1.076240e-08	2.040230e+01	6.397653e+02
2.300000e-06	2.762437e-06	1.060597e-08	1.938278e+01	6.304566e+02
2.310000e-06	2.616147e-06	1.044207e-08	1.835634e+01	6.209875e+02
2.320000e-06	2.468965e-06	1.028237e-08	1.732362e+01	6.113345e+02
2.330000e-06	2.320971e-06	1.011775e-08	1.628521e+01	6.014549e+02
2.340000e-06	2.172170e-06	9.952746e-09	1.524115e+01	5.912995e+02
2.350000e-06	2.022636e-06	9.776861e-09	1.419193e+01	5.808285e+02
2.360000e-06	1.872464e-06	9.591673e-09	1.313824e+01	5.700221e+02
2.370000e-06	1.721598e-06	9.398082e-09	1.207969e+01	5.588836e+02
2.380000e-06	1.570036e-06	9.200123e-09	1.101624e+01	5.474337e+02
2.390000e-06	1.417852e-06	9.000767e-09	9.948430e+00	5.356984e+02
2.400000e-06	1.265138e-06	8.799586e-09	8.876906e+00	5.236945e+02
2.410000e-06	1.111954e-06	8.596645e-09	7.802081e+00	5.114192e+02
2.420000e-06	9.584312e-07	8.389315e-09	6.724882e+00	4.988457e+02
2.430000e-06	8.045956e-07	8.176232e-09	5.645487e+00	4.859263e+02
2.440000e-06	6.504644e-07	7.949556e-09	4.564018e+00	4.726024e+02
2.450000e-06	4.961108e-07	7.711672e-09	3.480987e+00	4.588145e+02
2.460000e-06	3.416166e-07	7.463268e-09	2.396971e+00	4.445113e+02
2.470000e-06	1.870229e-07	7.209847e-09	1.312256e+00	4.296523e+02
2.480000e-06	3.232219e-08	6.948410e-09	2.267904e-01	4.142054e+02
2.490000e-06	-1.223712e-07	6.681373e-09	-8.586237e-01	3.981404e+02
2.500000e-06	-2.769896e-07	6.405949e-09	-1.943512e+00	3.814221e+02
2.510000e-06	-4.314834e-07	6.120460e-09	-3.027526e+00	3.640079e+02
2.520000e-06	-5.857916e-07	5.818504e-09	-4.110237e+00	3.458490e+02
2.530000e-06	-7.398957e-07	5.495035e-09	-5.191517e+00	3.268978e+02
2.540000e-06	-8.936959e-07	5.153390e-09	-6.270664e+00	3.071148e+02
2.550000e-06	-1.047153e-06	4.798858e-09	-7.347403e+00	2.864743e+02
2.560000e-06	-1.200299e-06	4.435441e-09	-8.421962e+00	2.649621e+02
2.570000e-06	-1.352978e-06	4.060770e-09	-9.493244e+00	2.425657e+02
2.580000e-06	-1.505116e-06	3.675713e-09	-1.056072e+01	2.192590e+02
2.590000e-06	-1.656669e-06	3.276147e-09	-1.162410e+01	1.949859e+02
2.600000e-06	-1.807568e-06	2.855474e-09	-1.268289e+01	1.696488e+02
2.610000e-06	-1.957826e-06	2.407093e-09	-1.373719e+01	1.431097e+02
2.620000e-06	-2.107394e-06	1.932320e-09	-1.478664e+01	1.152046e+02
2.630000e-06	-2.256221e-06	1.434382e-09	-1.583090e+01	8.577107e+01
2.640000e-06	-2.404281e-06	9.116840e-10	-1.686976e+01	5.468339e+01
2.650000e-06	-2.551481e-06	3.628691e-10	-1.790260e+01	2.188674e+01
2.660000e-06	-2.697753e-06	-2.099157e-10	-1.892893e+01	-1.257759e+01
2.670000e-06	-2.843121e-06	-8.069059e-10	-1.994891e+01	-4.856231e+01
2.680000e-06	-2.987417e-06	-1.427270e-09	-2.096136e+01	-8.582145e+01
2.690000e-06	-3.130497e-06	-2.069151e-09	-2.196529e+01	-1.240325e+02
2.700000e-06	-3.272351e-06	-2.724888e-09	-2.296062e+01	-1.628274e+02
2.710000e-06	-3.412946e-06	-3.382656e-09	-2.394712e+01	-2.018238e+02
2.720000e-06	-3.552311e-06	-4.034646e-09	-2.492497e+01	-2.406518e+02
2.730000e-06	-3.690437e-06	-4.677468e-09	-2.589415e+01	-2.789704e+02
2.740000e-06	-3.827188e-06	-5.307873e-09	-2.685367e+01	-3.164752e+02
2.750000e-06	-3.962411e-06	-5.918629e-09	-2.780246e+01	-3.528993e+02
2.760000e-06	-4.096190e-06	-6.505344e-09	-2.874113e+01	-3.880124e+02
2.770000e-06	-4.228621e-06	-7.069035e-09	-2.967034e+01	-4.216227e+02
2.780000e-06	-4.359583e-06	-7.609934e-09	-3.058924e+01	-4.535815e+02
2.790000e-06	-4.489073e-06	-8.123026e-09	-3.149781e+01	-4.837911e+02
2.800000e-06	-4.616960e-06	-8.603564e-09	-3.239514e+01	-5.122107e+02
2.810000e-06	-4.743124e-06	-9.052785e-09	-3.328037e+01	-5.388578e+02
2.820000e-06	-4.867659e-06	-9.474086e-09	-3.415419e+01	-5.638008e+02
2.830000e-06	-4.990464e-06	-9.867132e-09	-3.501585e+01	-5.871436e+02
2.840000e-06	-5.111429e-06	-1.023305e-08	-3.586461e+01	-6.090044e+02
2.850000e-06	-5.230464e-06	-1.057692e-08	-3.669982e+01	-6.294953e+02
2.860000e-06	-5.347478e-06	-1.090436e-08	-3.752086e+01	-6.487068e+02
2.870000e-06	-5.462300e-06	-1.121183e-08	-3.832651e+01	-6.667025e+02
2.880000e-06	-5.574879e-06	-1.149537e-08	-3.911643e+01	-6.835245e+02
2.890000e-06	-5.685344e-06	-1.176001e-08	-3.989151e+01	-6.992067e+02
2.900000e-06	-5.793786e-06	-1.200777e-08	-4.065240e+01	-7.137904e+02
2.910000e-06	-5.900307e-06	-1.223670e-08	-4.139981e+01	-7.273361e+02
2.920000e-06	-6.004810e-06	-1.244694e-08	-4.213306e+01	-7.399271e+02
2.930000e-06	-6.107103e-06	-1.264361e-08	-4.285081e+01	-7.516630e+02
2.940000e-06	-6.207158e-06	-1.283027e-08	-4.355284e+01	-7.626455e+02
2.950000e-06	-6.305087e-06	-1.300483e-08	-4.423997e+01	-7.729619e+02
2.960000e-06	-6.400830e-06	-1.316682e-08	-4.491176e+01	-7.826726e+02
2.970000e-06	-6.494219e-06	-1.332016e-08	-4.556703e+01	-7.918075e+02
2.980000e-06	-6.585336e-06	-1.346882e-08	-4.620635e+01	-8.003714e+02
2.990000e-06	-6.674225e-06	-1.360837e-08	-4.683005e+01	-8.083590e+02
3.000000e-06	-6.760747e-06	-1.373463e-08	-4.743713e+01	-8.157713e+02
3.010000e-06	-6.844840e-06	-1.385002e-08	-4.802718e+01	-8.226295e+02
3.020000e-06	-6.926506e-06	-1.395821e-08	-4.860019e+01	-8.289795e+02
3.030000e-06	-7.005640e-06	-1.405874e-08	-4.915544e+01	-8.348874e+02
3.040000e-06	-7.082059e-06	-1.414955e-08	-4.969164e+01	-8.404254e+02
3.050000e-06	-7.155821e-06	-1.423493e-08	-5.020919e+01	-8.456561e+02
3.060000e-06	-7.226995e-06	-1.431850e-08	-5.070858e+01	-8.506186e+02
3.070000e-06	-7.295527e-06	-1.439966e-08	-5.118945e+01	-8.553239e+02
3.080000e-06	-7.361514e-06	-1.447587e-08	-5.165244e+01	-8.597590e+02
3.090000e-06	-7.424961e-06	-1.454452e-08	-5.209763e+01	-8.639001e+02
3.100000e-06	-7.485723e-06	-1.461019e-08	-5.252397e+01	-8.677283e+02
3.110000e-06	-7.543802e-06	-1.467086e-08	-5.293148e+01	-8.712425e+02
3.120000e-06	-7.599166e-06	-1.472427e-08	-5.331995e+01	-8.744647e+02
3.130000e-06	-7.651614e-06	-1.477200e-08	-5.368795e+01	-8.774356e+02
3.140000e-06	-7.700951e-06	-1.481727e-08	-5.403412e+01	-8.802028e+02
3.150000e-06	-7.747283e-06	-1.486331e-08	-5.435922e+01	-8.828053e+02
3.160000e-06	-7.791065e-06	-1.490669e-08	-5.466642e+01	-8.852625e+02
3.170000e-06	-7.832378e-06	-1.494397e-08	-5.495629e+01	-8.875695e+02
3.180000e-06	-7.870954e-06	-1.497800e-08	-5.522696e+01	-8.897022e+02
3.190000e-06	-7.906747e-06	-1.501087e-08	-5.547810e+01	-8.916299e+02
3.200000e-06	-7.939795e-06	-1.504029e-08	-5.570999e+01	-8.933295e+02
3.210000e-06	-7.969939e-06	-1.506398e-08	-5.592149e+01	-8.947974e+02
3.220000e-06	-7.997185e-06	-1.508348e-08	-5.611266e+01	-8.960522e+02
3.230000e-06	-8.021628e-06	-1.510223e-08	-5.628417e+01	-8.971301e+02
3.240000e-06	-8.043188e-06	-1.512084e-08	-5.643545e+01	-8.980715e+02
3.250000e-06	-8.061925e-06	-1.513747e-08	-5.656692e+01	-8.989075e+02
3.260000e-06	-8.077854e-06	-1.515005e-08	-5.667869e+01	-8.996489e+02
3.270000e-06	-8.090689e-06	-1.515985e-08	-5.676874e+01	-9.002842e+02
3.280000e-06	-8.100455e-06	-1.516923e-08	-5.683727e+01	-9.007864e+02
3.290000e-06	-8.107356e-06	-1.517712e-08	-5.688568e+01	-9.011256e+02
3.300000e-06	-8.111420e-06	-1.518168e-08	-5.691420e+01	-9.012838e+02
3.310000e-06	-8.112722e-06	-1.518153e-08	-5.692334e+01	-9.012639e+02
