# Temperatura_=_58.59
# Concentracion g/m^3_=_11780.0
# C_Vs_to_Am_M_A/Vsm_=_59384043850.047264
# pendiente_HvsI_1/m_=_3716.3
# ordenada_HvsI_A/m_=_1297.0
# frecuencia_Hz_=_301537.47169768676

Tiempo_(s)	Campo_(V.s)	Magnetizacion_(V.s)	Campo_(kA/m)	Magnetizacion_(A/m)
0.000000e+00	-8.147891e-06	-1.551786e-08	-5.691330e+01	-9.210963e+02
1.000000e-08	-8.144810e-06	-1.551399e-08	-5.689177e+01	-9.207981e+02
2.000000e-08	-8.139048e-06	-1.551071e-08	-5.685153e+01	-9.204280e+02
3.000000e-08	-8.130583e-06	-1.550386e-08	-5.679240e+01	-9.200230e+02
4.000000e-08	-8.119264e-06	-1.549498e-08	-5.671333e+01	-9.195873e+02
5.000000e-08	-8.105002e-06	-1.548670e-08	-5.661371e+01	-9.190886e+02
6.000000e-08	-8.087830e-06	-1.548125e-08	-5.649377e+01	-9.184689e+02
7.000000e-08	-8.068097e-06	-1.547131e-08	-5.635593e+01	-9.176652e+02
8.000000e-08	-8.045820e-06	-1.541154e-08	-5.620032e+01	-9.166331e+02
9.000000e-08	-8.020337e-06	-1.537597e-08	-5.602233e+01	-9.153647e+02
1.000000e-07	-7.991507e-06	-1.539330e-08	-5.582095e+01	-9.138930e+02
1.100000e-07	-7.959755e-06	-1.539235e-08	-5.559916e+01	-9.122816e+02
1.200000e-07	-7.925302e-06	-1.535554e-08	-5.535850e+01	-9.106021e+02
1.300000e-07	-7.888366e-06	-1.531956e-08	-5.510050e+01	-9.089100e+02
1.400000e-07	-7.849267e-06	-1.532252e-08	-5.482739e+01	-9.072239e+02
1.500000e-07	-7.807783e-06	-1.526133e-08	-5.453763e+01	-9.055206e+02
1.600000e-07	-7.763480e-06	-1.522996e-08	-5.422817e+01	-9.037429e+02
1.700000e-07	-7.716443e-06	-1.519221e-08	-5.389961e+01	-9.018214e+02
1.800000e-07	-7.666471e-06	-1.512013e-08	-5.355056e+01	-8.996987e+02
1.900000e-07	-7.613353e-06	-1.513675e-08	-5.317953e+01	-8.973492e+02
2.000000e-07	-7.557359e-06	-1.509333e-08	-5.278841e+01	-8.947860e+02
2.100000e-07	-7.498609e-06	-1.503040e-08	-5.237804e+01	-8.920529e+02
2.200000e-07	-7.437229e-06	-1.497215e-08	-5.194930e+01	-8.892060e+02
2.300000e-07	-7.373134e-06	-1.492124e-08	-5.150159e+01	-8.862901e+02
2.400000e-07	-7.306242e-06	-1.489258e-08	-5.103435e+01	-8.833218e+02
2.500000e-07	-7.236738e-06	-1.480930e-08	-5.054886e+01	-8.802829e+02
2.600000e-07	-7.164505e-06	-1.475879e-08	-5.004431e+01	-8.771290e+02
2.700000e-07	-7.089457e-06	-1.472253e-08	-4.952010e+01	-8.738072e+02
2.800000e-07	-7.011628e-06	-1.468177e-08	-4.897646e+01	-8.702775e+02
2.900000e-07	-6.931087e-06	-1.460301e-08	-4.841387e+01	-8.665286e+02
3.000000e-07	-6.848083e-06	-1.450798e-08	-4.783409e+01	-8.625820e+02
3.100000e-07	-6.762815e-06	-1.445925e-08	-4.723849e+01	-8.584833e+02
3.200000e-07	-6.675251e-06	-1.438974e-08	-4.662686e+01	-8.542846e+02
3.300000e-07	-6.585278e-06	-1.432170e-08	-4.599839e+01	-8.500236e+02
3.400000e-07	-6.493002e-06	-1.423931e-08	-4.535384e+01	-8.457094e+02
3.500000e-07	-6.398467e-06	-1.416982e-08	-4.469351e+01	-8.413193e+02
3.600000e-07	-6.301478e-06	-1.410594e-08	-4.401603e+01	-8.368078e+02
3.700000e-07	-6.202160e-06	-1.401875e-08	-4.332229e+01	-8.321240e+02
3.800000e-07	-6.100722e-06	-1.392513e-08	-4.261375e+01	-8.272307e+02
3.900000e-07	-5.997050e-06	-1.383069e-08	-4.188960e+01	-8.221176e+02
4.000000e-07	-5.891121e-06	-1.376135e-08	-4.114968e+01	-8.168038e+02
4.100000e-07	-5.783068e-06	-1.367339e-08	-4.039493e+01	-8.113285e+02
4.200000e-07	-5.672998e-06	-1.357618e-08	-3.962608e+01	-8.057346e+02
4.300000e-07	-5.560847e-06	-1.347777e-08	-3.884271e+01	-8.000510e+02
4.400000e-07	-5.446517e-06	-1.338705e-08	-3.804411e+01	-7.942812e+02
4.500000e-07	-5.330046e-06	-1.328802e-08	-3.723055e+01	-7.884019e+02
4.600000e-07	-5.211567e-06	-1.317388e-08	-3.640297e+01	-7.823727e+02
4.700000e-07	-5.091218e-06	-1.306390e-08	-3.556233e+01	-7.761512e+02
4.800000e-07	-4.969022e-06	-1.296037e-08	-3.470879e+01	-7.697098e+02
4.900000e-07	-4.844999e-06	-1.286078e-08	-3.384248e+01	-7.630454e+02
5.000000e-07	-4.719188e-06	-1.274282e-08	-3.296369e+01	-7.561795e+02
5.100000e-07	-4.591734e-06	-1.262032e-08	-3.207341e+01	-7.491487e+02
5.200000e-07	-4.462666e-06	-1.249938e-08	-3.117187e+01	-7.419894e+02
5.300000e-07	-4.331915e-06	-1.238001e-08	-3.025857e+01	-7.347229e+02
5.400000e-07	-4.199631e-06	-1.224894e-08	-2.933457e+01	-7.273464e+02
5.500000e-07	-4.065868e-06	-1.211644e-08	-2.840023e+01	-7.198330e+02
5.600000e-07	-3.930620e-06	-1.199157e-08	-2.745552e+01	-7.121407e+02
5.700000e-07	-3.793906e-06	-1.186598e-08	-2.650056e+01	-7.042268e+02
5.800000e-07	-3.655739e-06	-1.173040e-08	-2.553546e+01	-6.960617e+02
5.900000e-07	-3.516182e-06	-1.158282e-08	-2.456065e+01	-6.876367e+02
6.000000e-07	-3.375201e-06	-1.143682e-08	-2.357589e+01	-6.789638e+02
6.100000e-07	-3.232775e-06	-1.128942e-08	-2.258104e+01	-6.700682e+02
6.200000e-07	-3.089106e-06	-1.113697e-08	-2.157751e+01	-6.609754e+02
6.300000e-07	-2.944343e-06	-1.097783e-08	-2.056634e+01	-6.516994e+02
6.400000e-07	-2.798538e-06	-1.081986e-08	-1.954789e+01	-6.422360e+02
6.500000e-07	-2.651763e-06	-1.066097e-08	-1.852266e+01	-6.325632e+02
6.600000e-07	-2.504063e-06	-1.049387e-08	-1.749097e+01	-6.226476e+02
6.700000e-07	-2.355590e-06	-1.031817e-08	-1.645388e+01	-6.124552e+02
6.800000e-07	-2.206334e-06	-1.013937e-08	-1.541132e+01	-6.019611e+02
6.900000e-07	-2.056200e-06	-9.961488e-09	-1.436263e+01	-5.911549e+02
7.000000e-07	-1.905345e-06	-9.778919e-09	-1.330890e+01	-5.800398e+02
7.100000e-07	-1.753905e-06	-9.586160e-09	-1.225108e+01	-5.686273e+02
7.200000e-07	-1.601855e-06	-9.385711e-09	-1.118901e+01	-5.569277e+02
7.300000e-07	-1.449142e-06	-9.185645e-09	-1.012231e+01	-5.449436e+02
7.400000e-07	-1.295843e-06	-8.981584e-09	-9.051508e+00	-5.326644e+02
7.500000e-07	-1.142076e-06	-8.766518e-09	-7.977438e+00	-5.200677e+02
7.600000e-07	-9.879564e-07	-8.545374e-09	-6.900909e+00	-5.071225e+02
7.700000e-07	-8.335085e-07	-8.325093e-09	-5.822085e+00	-4.937946e+02
7.800000e-07	-6.787348e-07	-8.101572e-09	-4.740985e+00	-4.800502e+02
7.900000e-07	-5.237501e-07	-7.863380e-09	-3.658412e+00	-4.658565e+02
8.000000e-07	-3.685711e-07	-7.611218e-09	-2.574482e+00	-4.511792e+02
8.100000e-07	-2.132331e-07	-7.352362e-09	-1.489440e+00	-4.359777e+02
8.200000e-07	-5.780539e-08	-7.086928e-09	-4.037726e-01	-4.202022e+02
8.300000e-07	9.761251e-08	-6.810314e-09	6.818267e-01	-4.037928e+02
8.400000e-07	2.529795e-07	-6.519834e-09	1.767070e+00	-3.866844e+02
8.500000e-07	4.082928e-07	-6.220522e-09	2.851939e+00	-3.688132e+02
8.600000e-07	5.634289e-07	-5.911507e-09	3.935570e+00	-3.501265e+02
8.700000e-07	7.183342e-07	-5.583523e-09	5.017588e+00	-3.305880e+02
8.800000e-07	8.730008e-07	-5.233112e-09	6.097940e+00	-3.101793e+02
8.900000e-07	1.027316e-06	-4.870384e-09	7.175839e+00	-2.888936e+02
9.000000e-07	1.181198e-06	-4.499999e-09	8.250707e+00	-2.667234e+02
9.100000e-07	1.334643e-06	-4.114764e-09	9.322525e+00	-2.436447e+02
9.200000e-07	1.487667e-06	-3.708782e-09	1.039141e+01	-2.196018e+02
9.300000e-07	1.640221e-06	-3.284258e-09	1.145700e+01	-1.944987e+02
9.400000e-07	1.792229e-06	-2.843164e-09	1.251878e+01	-1.681989e+02
9.500000e-07	1.943544e-06	-2.377364e-09	1.357572e+01	-1.405369e+02
9.600000e-07	2.094065e-06	-1.880184e-09	1.462711e+01	-1.113392e+02
9.700000e-07	2.243836e-06	-1.353314e-09	1.567327e+01	-8.045256e+01
9.800000e-07	2.392830e-06	-8.015376e-10	1.671400e+01	-4.777426e+01
9.900000e-07	2.540939e-06	-2.220672e-10	1.774854e+01	-1.327825e+01
1.000000e-06	2.688069e-06	3.901559e-10	1.877626e+01	2.296649e+01
1.010000e-06	2.834249e-06	1.031462e-09	1.979732e+01	6.078923e+01
1.020000e-06	2.979501e-06	1.693790e-09	2.081191e+01	9.992313e+01
1.030000e-06	3.123657e-06	2.370380e-09	2.181885e+01	1.400220e+02
1.040000e-06	3.266636e-06	3.059320e-09	2.281757e+01	1.806850e+02
1.050000e-06	3.408437e-06	3.752279e-09	2.380804e+01	2.214854e+02
1.060000e-06	3.548892e-06	4.436724e-09	2.478913e+01	2.619988e+02
1.070000e-06	3.687928e-06	5.105135e-09	2.576030e+01	3.018276e+02
1.080000e-06	3.825607e-06	5.756147e-09	2.672199e+01	3.406195e+02
1.090000e-06	3.961891e-06	6.388519e-09	2.767394e+01	3.780795e+02
1.100000e-06	4.096714e-06	6.995552e-09	2.861569e+01	4.139752e+02
1.110000e-06	4.230110e-06	7.570644e-09	2.954746e+01	4.481384e+02
1.120000e-06	4.361980e-06	8.113920e-09	3.046858e+01	4.804622e+02
1.130000e-06	4.492226e-06	8.627377e-09	3.137835e+01	5.108973e+02
1.140000e-06	4.620891e-06	9.109237e-09	3.227708e+01	5.394455e+02
1.150000e-06	4.747921e-06	9.558351e-09	3.316439e+01	5.661516e+02
1.160000e-06	4.873299e-06	9.975424e-09	3.404016e+01	5.910938e+02
1.170000e-06	4.996983e-06	1.036610e-08	3.490410e+01	6.143717e+02
1.180000e-06	5.118894e-06	1.073353e-08	3.575565e+01	6.360942e+02
1.190000e-06	5.238963e-06	1.107499e-08	3.659433e+01	6.563681e+02
1.200000e-06	5.357055e-06	1.138888e-08	3.741921e+01	6.752902e+02
1.210000e-06	5.473068e-06	1.168182e-08	3.822957e+01	6.929432e+02
1.220000e-06	5.587004e-06	1.195939e-08	3.902541e+01	7.093981e+02
1.230000e-06	5.698850e-06	1.221841e-08	3.980666e+01	7.247194e+02
1.240000e-06	5.808633e-06	1.245734e-08	4.057350e+01	7.389726e+02
1.250000e-06	5.916376e-06	1.268083e-08	4.132609e+01	7.522299e+02
1.260000e-06	6.022035e-06	1.289132e-08	4.206412e+01	7.645727e+02
1.270000e-06	6.125521e-06	1.308543e-08	4.278697e+01	7.760873e+02
1.280000e-06	6.226778e-06	1.326172e-08	4.349425e+01	7.868578e+02
1.290000e-06	6.325706e-06	1.342595e-08	4.418527e+01	7.969566e+02
1.300000e-06	6.422275e-06	1.358376e-08	4.485981e+01	8.064371e+02
1.310000e-06	6.516630e-06	1.373488e-08	4.551888e+01	8.153312e+02
1.320000e-06	6.608707e-06	1.387569e-08	4.616204e+01	8.236538e+02
1.330000e-06	6.698458e-06	1.400631e-08	4.678895e+01	8.314125e+02
1.340000e-06	6.785854e-06	1.412873e-08	4.739942e+01	8.386196e+02
1.350000e-06	6.870914e-06	1.424135e-08	4.799357e+01	8.453020e+02
1.360000e-06	6.953631e-06	1.434172e-08	4.857135e+01	8.515049e+02
1.370000e-06	7.033833e-06	1.443387e-08	4.913156e+01	8.572878e+02
1.380000e-06	7.111466e-06	1.452341e-08	4.967383e+01	8.627149e+02
1.390000e-06	7.186463e-06	1.461098e-08	5.019769e+01	8.678409e+02
1.400000e-06	7.258777e-06	1.469362e-08	5.070281e+01	8.727009e+02
1.410000e-06	7.328525e-06	1.477099e-08	5.119000e+01	8.773057e+02
1.420000e-06	7.395683e-06	1.484742e-08	5.165909e+01	8.816457e+02
1.430000e-06	7.460123e-06	1.492017e-08	5.210921e+01	8.857022e+02
1.440000e-06	7.521964e-06	1.498413e-08	5.254117e+01	8.894618e+02
1.450000e-06	7.581283e-06	1.503794e-08	5.295552e+01	8.929275e+02
1.460000e-06	7.637921e-06	1.508782e-08	5.335113e+01	8.961235e+02
1.470000e-06	7.691693e-06	1.513786e-08	5.372674e+01	8.990907e+02
1.480000e-06	7.742300e-06	1.518444e-08	5.408023e+01	9.018739e+02
1.490000e-06	7.789789e-06	1.522751e-08	5.441194e+01	9.045080e+02
1.500000e-06	7.834522e-06	1.527110e-08	5.472440e+01	9.070053e+02
1.510000e-06	7.876475e-06	1.531563e-08	5.501744e+01	9.093528e+02
1.520000e-06	7.915598e-06	1.535368e-08	5.529072e+01	9.115185e+02
1.530000e-06	7.951999e-06	1.538294e-08	5.554498e+01	9.134652e+02
1.540000e-06	7.985582e-06	1.540627e-08	5.577956e+01	9.151676e+02
1.550000e-06	8.016326e-06	1.542866e-08	5.599431e+01	9.166248e+02
1.560000e-06	8.044333e-06	1.544870e-08	5.618994e+01	9.178632e+02
1.570000e-06	8.069506e-06	1.546578e-08	5.636577e+01	9.189289e+02
1.580000e-06	8.091831e-06	1.548222e-08	5.652171e+01	9.198725e+02
1.590000e-06	8.111441e-06	1.549983e-08	5.665869e+01	9.207307e+02
1.600000e-06	8.128186e-06	1.551594e-08	5.677565e+01	9.215132e+02
1.610000e-06	8.141889e-06	1.552485e-08	5.687137e+01	9.222009e+02
1.620000e-06	8.152442e-06	1.552841e-08	5.694508e+01	9.227539e+02
1.630000e-06	8.159896e-06	1.553156e-08	5.699715e+01	9.231295e+02
1.640000e-06	8.164506e-06	1.553468e-08	5.702935e+01	9.233010e+02
1.650000e-06	8.166245e-06	1.553339e-08	5.704150e+01	9.232707e+02
1.660000e-06	8.165155e-06	1.553466e-08	5.703389e+01	9.230716e+02
1.670000e-06	8.161471e-06	1.553317e-08	5.700815e+01	9.227564e+02
1.680000e-06	8.155088e-06	1.552850e-08	5.696356e+01	9.223777e+02
1.690000e-06	8.145956e-06	1.552017e-08	5.689978e+01	9.219675e+02
1.700000e-06	8.134091e-06	1.550697e-08	5.681690e+01	9.215234e+02
1.710000e-06	8.119428e-06	1.548931e-08	5.671448e+01	9.210075e+02
1.720000e-06	8.102215e-06	1.546508e-08	5.659425e+01	9.203588e+02
1.730000e-06	8.082601e-06	1.549137e-08	5.645724e+01	9.195162e+02
1.740000e-06	8.060189e-06	1.551065e-08	5.630070e+01	9.184409e+02
1.750000e-06	8.034331e-06	1.546111e-08	5.612007e+01	9.171322e+02
1.760000e-06	8.004797e-06	1.541256e-08	5.591378e+01	9.156299e+02
1.770000e-06	7.972097e-06	1.538898e-08	5.568537e+01	9.140007e+02
1.780000e-06	7.936808e-06	1.534320e-08	5.543888e+01	9.123154e+02
1.790000e-06	7.899091e-06	1.529842e-08	5.517542e+01	9.106237e+02
1.800000e-06	7.859185e-06	1.532171e-08	5.489667e+01	9.089370e+02
1.810000e-06	7.817076e-06	1.524608e-08	5.460254e+01	9.072248e+02
1.820000e-06	7.772359e-06	1.523534e-08	5.429019e+01	9.054261e+02
1.830000e-06	7.724941e-06	1.523624e-08	5.395897e+01	9.034717e+02
1.840000e-06	7.674513e-06	1.515337e-08	5.360673e+01	9.013088e+02
1.850000e-06	7.620906e-06	1.515209e-08	5.323228e+01	8.989187e+02
1.860000e-06	7.564454e-06	1.506426e-08	5.283797e+01	8.963208e+02
1.870000e-06	7.505380e-06	1.505646e-08	5.242533e+01	8.935629e+02
1.880000e-06	7.443680e-06	1.500991e-08	5.199435e+01	8.907006e+02
1.890000e-06	7.379160e-06	1.493242e-08	5.154368e+01	8.877747e+02
1.900000e-06	7.311944e-06	1.492184e-08	5.107418e+01	8.847955e+02
1.910000e-06	7.241959e-06	1.483194e-08	5.058533e+01	8.817394e+02
1.920000e-06	7.169115e-06	1.480386e-08	5.007651e+01	8.785589e+02
1.930000e-06	7.093542e-06	1.472358e-08	4.954863e+01	8.752018e+02
1.940000e-06	7.015236e-06	1.467612e-08	4.900166e+01	8.716324e+02
1.950000e-06	6.934424e-06	1.462737e-08	4.843719e+01	8.678452e+02
1.960000e-06	6.851137e-06	1.453921e-08	4.785542e+01	8.638672e+02
1.970000e-06	6.765321e-06	1.449493e-08	4.725600e+01	8.597466e+02
1.980000e-06	6.677081e-06	1.439168e-08	4.663964e+01	8.555342e+02
1.990000e-06	6.586490e-06	1.433599e-08	4.600685e+01	8.512635e+02
2.000000e-06	6.493568e-06	1.424871e-08	4.535779e+01	8.469378e+02
2.010000e-06	6.398280e-06	1.418268e-08	4.469220e+01	8.425294e+02
2.020000e-06	6.300739e-06	1.410938e-08	4.401087e+01	8.379903e+02
2.030000e-06	6.200959e-06	1.403076e-08	4.331391e+01	8.332707e+02
2.040000e-06	6.098914e-06	1.396178e-08	4.260112e+01	8.283375e+02
2.050000e-06	5.994636e-06	1.385864e-08	4.187273e+01	8.231860e+02
2.060000e-06	5.888295e-06	1.377515e-08	4.112994e+01	8.178397e+02
2.070000e-06	5.779963e-06	1.366361e-08	4.037324e+01	8.123398e+02
2.080000e-06	5.669482e-06	1.357701e-08	3.960152e+01	8.067279e+02
2.090000e-06	5.556873e-06	1.347486e-08	3.881495e+01	8.010291e+02
2.100000e-06	5.442123e-06	1.338932e-08	3.801341e+01	7.952416e+02
2.110000e-06	5.325231e-06	1.329089e-08	3.719692e+01	7.893384e+02
2.120000e-06	5.206276e-06	1.319056e-08	3.636602e+01	7.832772e+02
2.130000e-06	5.085344e-06	1.308072e-08	3.552130e+01	7.770174e+02
2.140000e-06	4.962610e-06	1.296495e-08	3.466400e+01	7.705353e+02
2.150000e-06	4.838139e-06	1.285347e-08	3.379457e+01	7.638323e+02
2.160000e-06	4.711906e-06	1.273227e-08	3.291283e+01	7.569336e+02
2.170000e-06	4.583985e-06	1.262017e-08	3.201929e+01	7.498769e+02
2.180000e-06	4.454409e-06	1.249957e-08	3.111420e+01	7.426971e+02
2.190000e-06	4.323266e-06	1.238811e-08	3.019816e+01	7.354115e+02
2.200000e-06	4.190611e-06	1.225743e-08	2.927156e+01	7.280127e+02
2.210000e-06	4.056381e-06	1.212938e-08	2.833396e+01	7.204701e+02
2.220000e-06	3.920716e-06	1.199193e-08	2.738633e+01	7.127407e+02
2.230000e-06	3.783637e-06	1.185905e-08	2.642883e+01	7.047832e+02
2.240000e-06	3.645146e-06	1.171730e-08	2.546147e+01	6.965712e+02
2.250000e-06	3.505276e-06	1.157569e-08	2.448447e+01	6.881001e+02
2.260000e-06	3.364041e-06	1.143495e-08	2.349794e+01	6.793850e+02
2.270000e-06	3.221547e-06	1.128861e-08	2.250262e+01	6.704520e+02
2.280000e-06	3.077951e-06	1.113616e-08	2.149959e+01	6.613254e+02
2.290000e-06	2.933277e-06	1.097187e-08	2.048904e+01	6.520164e+02
2.300000e-06	2.787448e-06	1.080900e-08	1.947042e+01	6.425173e+02
2.310000e-06	2.640656e-06	1.064181e-08	1.844507e+01	6.328033e+02
2.320000e-06	2.493024e-06	1.047680e-08	1.741386e+01	6.228401e+02
2.330000e-06	2.344464e-06	1.030532e-08	1.637616e+01	6.125948e+02
2.340000e-06	2.195019e-06	1.013328e-08	1.533228e+01	6.020449e+02
2.350000e-06	2.044770e-06	9.953622e-09	1.428279e+01	5.911825e+02
2.360000e-06	1.893767e-06	9.765115e-09	1.322803e+01	5.800130e+02
2.370000e-06	1.742209e-06	9.565871e-09	1.216939e+01	5.685481e+02
2.380000e-06	1.590186e-06	9.363392e-09	1.110750e+01	5.567974e+02
2.390000e-06	1.437619e-06	9.160106e-09	1.004182e+01	5.447613e+02
2.400000e-06	1.284456e-06	8.954418e-09	8.971970e+00	5.324270e+02
2.410000e-06	1.130708e-06	8.741733e-09	7.898034e+00	5.197700e+02
2.420000e-06	9.765073e-07	8.523421e-09	6.820936e+00	5.067586e+02
2.430000e-06	8.219846e-07	8.301769e-09	5.741590e+00	4.933582e+02
2.440000e-06	6.672246e-07	8.068982e-09	4.660586e+00	4.795356e+02
2.450000e-06	5.122482e-07	7.824920e-09	3.578071e+00	4.652577e+02
2.460000e-06	3.570496e-07	7.571859e-09	2.494003e+00	4.504896e+02
2.470000e-06	2.017500e-07	7.314528e-09	1.409231e+00	4.351891e+02
2.480000e-06	4.643456e-08	7.047230e-09	3.243470e-01	4.193045e+02
2.490000e-06	-1.088701e-07	6.768062e-09	-7.604612e-01	4.027748e+02
2.500000e-06	-2.641096e-07	6.478009e-09	-1.844815e+00	3.855341e+02
2.510000e-06	-4.192145e-07	6.180258e-09	-2.928227e+00	3.675203e+02
2.520000e-06	-5.741827e-07	5.868257e-09	-4.010686e+00	3.486831e+02
2.530000e-06	-7.289449e-07	5.534404e-09	-5.091705e+00	3.289897e+02
2.540000e-06	-8.834674e-07	5.181935e-09	-6.171050e+00	3.084243e+02
2.550000e-06	-1.037723e-06	4.818344e-09	-7.248529e+00	2.869810e+02
2.560000e-06	-1.191557e-06	4.443714e-09	-8.323068e+00	2.646507e+02
2.570000e-06	-1.344923e-06	4.052622e-09	-9.394329e+00	2.414045e+02
2.580000e-06	-1.497778e-06	3.646595e-09	-1.046203e+01	2.171801e+02
2.590000e-06	-1.650053e-06	3.226550e-09	-1.152567e+01	1.918739e+02
2.600000e-06	-1.801694e-06	2.786525e-09	-1.258489e+01	1.653431e+02
2.610000e-06	-1.952626e-06	2.317440e-09	-1.363916e+01	1.374189e+02
2.620000e-06	-2.102801e-06	1.817858e-09	-1.468814e+01	1.079294e+02
2.630000e-06	-2.252263e-06	1.291294e-09	-1.573213e+01	7.672800e+01
2.640000e-06	-2.401016e-06	7.381654e-10	-1.677118e+01	4.372401e+01
2.650000e-06	-2.548909e-06	1.553516e-10	-1.780421e+01	8.907309e+00
2.660000e-06	-2.695879e-06	-4.567519e-10	-1.883080e+01	-2.763510e+01
2.670000e-06	-2.841898e-06	-1.091635e-09	-1.985075e+01	-6.571456e+01
2.680000e-06	-2.986870e-06	-1.745763e-09	-2.086339e+01	-1.050485e+02
2.690000e-06	-3.130752e-06	-2.418992e-09	-2.186841e+01	-1.452791e+02
2.700000e-06	-3.273441e-06	-3.105381e-09	-2.286509e+01	-1.859987e+02
2.710000e-06	-3.414857e-06	-3.794643e-09	-2.385289e+01	-2.267789e+02
2.720000e-06	-3.554976e-06	-4.474911e-09	-2.483163e+01	-2.671986e+02
2.730000e-06	-3.693803e-06	-5.140875e-09	-2.580134e+01	-3.068670e+02
2.740000e-06	-3.831284e-06	-5.788850e-09	-2.676165e+01	-3.454414e+02
2.750000e-06	-3.967306e-06	-6.412828e-09	-2.771177e+01	-3.826377e+02
2.760000e-06	-4.101812e-06	-7.009416e-09	-2.865130e+01	-4.182350e+02
2.770000e-06	-4.234902e-06	-7.578522e-09	-2.958094e+01	-4.520762e+02
2.780000e-06	-4.366541e-06	-8.120571e-09	-3.050044e+01	-4.840653e+02
2.790000e-06	-4.496628e-06	-8.630785e-09	-3.140910e+01	-5.141624e+02
2.800000e-06	-4.625213e-06	-9.106731e-09	-3.230727e+01	-5.423777e+02
2.810000e-06	-4.752109e-06	-9.550745e-09	-3.319364e+01	-5.687628e+02
2.820000e-06	-4.877278e-06	-9.965307e-09	-3.406795e+01	-5.934005e+02
2.830000e-06	-5.000735e-06	-1.035242e-08	-3.493031e+01	-6.163930e+02
2.840000e-06	-5.122388e-06	-1.071397e-08	-3.578005e+01	-6.378496e+02
2.850000e-06	-5.242161e-06	-1.105292e-08	-3.661667e+01	-6.578759e+02
2.860000e-06	-5.359929e-06	-1.137263e-08	-3.743928e+01	-6.765661e+02
2.870000e-06	-5.475588e-06	-1.167057e-08	-3.824717e+01	-6.940007e+02
2.880000e-06	-5.589000e-06	-1.194405e-08	-3.903935e+01	-7.102490e+02
2.890000e-06	-5.700204e-06	-1.219704e-08	-3.981612e+01	-7.253751e+02
2.900000e-06	-5.809337e-06	-1.243416e-08	-4.057841e+01	-7.394453e+02
2.910000e-06	-5.916486e-06	-1.265557e-08	-4.132685e+01	-7.525336e+02
2.920000e-06	-6.021642e-06	-1.286156e-08	-4.206138e+01	-7.647225e+02
2.930000e-06	-6.124592e-06	-1.305465e-08	-4.278049e+01	-7.760987e+02
2.940000e-06	-6.225255e-06	-1.323703e-08	-4.348362e+01	-7.867449e+02
2.950000e-06	-6.323733e-06	-1.340754e-08	-4.417149e+01	-7.967305e+02
2.960000e-06	-6.420049e-06	-1.356419e-08	-4.484426e+01	-8.061049e+02
2.970000e-06	-6.514114e-06	-1.370968e-08	-4.550131e+01	-8.148967e+02
2.980000e-06	-6.605823e-06	-1.384816e-08	-4.614190e+01	-8.231185e+02
2.990000e-06	-6.695230e-06	-1.398017e-08	-4.676641e+01	-8.307780e+02
3.000000e-06	-6.782314e-06	-1.410293e-08	-4.737470e+01	-8.378894e+02
3.010000e-06	-6.866983e-06	-1.421750e-08	-4.796611e+01	-8.444827e+02
3.020000e-06	-6.949218e-06	-1.432362e-08	-4.854052e+01	-8.506064e+02
3.030000e-06	-7.028979e-06	-1.442016e-08	-4.909766e+01	-8.563216e+02
3.040000e-06	-7.106072e-06	-1.450837e-08	-4.963615e+01	-8.616918e+02
3.050000e-06	-7.180411e-06	-1.459113e-08	-5.015542e+01	-8.667688e+02
3.060000e-06	-7.252102e-06	-1.466869e-08	-5.065618e+01	-8.715836e+02
3.070000e-06	-7.321181e-06	-1.474382e-08	-5.113869e+01	-8.761427e+02
3.080000e-06	-7.387726e-06	-1.481842e-08	-5.160352e+01	-8.804340e+02
3.090000e-06	-7.451713e-06	-1.488891e-08	-5.205047e+01	-8.844386e+02
3.100000e-06	-7.513047e-06	-1.495538e-08	-5.247889e+01	-8.881453e+02
3.110000e-06	-7.571708e-06	-1.501431e-08	-5.288863e+01	-8.915609e+02
3.120000e-06	-7.627591e-06	-1.506534e-08	-5.327898e+01	-8.947132e+02
3.130000e-06	-7.680565e-06	-1.511105e-08	-5.364900e+01	-8.976448e+02
3.140000e-06	-7.730468e-06	-1.515526e-08	-5.399758e+01	-9.003998e+02
3.150000e-06	-7.777325e-06	-1.519959e-08	-5.432488e+01	-9.030097e+02
3.160000e-06	-7.821549e-06	-1.524284e-08	-5.463378e+01	-9.054824e+02
3.170000e-06	-7.863264e-06	-1.528360e-08	-5.492516e+01	-9.078006e+02
3.180000e-06	-7.902273e-06	-1.532092e-08	-5.519765e+01	-9.099302e+02
3.190000e-06	-7.938506e-06	-1.535397e-08	-5.545073e+01	-9.118350e+02
3.200000e-06	-7.971954e-06	-1.538230e-08	-5.568437e+01	-9.134934e+02
3.210000e-06	-8.002532e-06	-1.540594e-08	-5.589796e+01	-9.149093e+02
3.220000e-06	-8.030206e-06	-1.542512e-08	-5.609126e+01	-9.161135e+02
3.230000e-06	-8.055060e-06	-1.544242e-08	-5.626487e+01	-9.171544e+02
3.240000e-06	-8.077042e-06	-1.546032e-08	-5.641841e+01	-9.180811e+02
3.250000e-06	-8.096171e-06	-1.547758e-08	-5.655203e+01	-9.189263e+02
3.260000e-06	-8.112449e-06	-1.549128e-08	-5.666573e+01	-9.196946e+02
3.270000e-06	-8.125588e-06	-1.550159e-08	-5.675751e+01	-9.203619e+02
3.280000e-06	-8.135636e-06	-1.550937e-08	-5.682769e+01	-9.208866e+02
3.290000e-06	-8.142835e-06	-1.551632e-08	-5.687798e+01	-9.212275e+02
3.300000e-06	-8.147146e-06	-1.552180e-08	-5.690809e+01	-9.213623e+02
3.310000e-06	-8.148656e-06	-1.552317e-08	-5.691864e+01	-9.212991e+02
