# Temperatura_=_51.31
# Concentracion g/m^3_=_11780.0
# C_Vs_to_Am_M_A/Vsm_=_59384043850.047264
# pendiente_HvsI_1/m_=_3716.3
# ordenada_HvsI_A/m_=_1297.0
# frecuencia_Hz_=_301536.6073390222

Tiempo_(s)	Campo_(V.s)	Magnetizacion_(V.s)	Campo_(kA/m)	Magnetizacion_(A/m)
0.000000e+00	-8.157311e-06	-1.535087e-08	-5.691804e+01	-9.107388e+02
1.000000e-08	-8.154520e-06	-1.534505e-08	-5.689857e+01	-9.104468e+02
2.000000e-08	-8.149028e-06	-1.533909e-08	-5.686024e+01	-9.100661e+02
3.000000e-08	-8.140905e-06	-1.533141e-08	-5.680356e+01	-9.096340e+02
4.000000e-08	-8.129930e-06	-1.532298e-08	-5.672699e+01	-9.091598e+02
5.000000e-08	-8.115965e-06	-1.531284e-08	-5.662955e+01	-9.086186e+02
6.000000e-08	-8.099081e-06	-1.530286e-08	-5.651173e+01	-9.079603e+02
7.000000e-08	-8.079639e-06	-1.529693e-08	-5.637608e+01	-9.071275e+02
8.000000e-08	-8.057629e-06	-1.524686e-08	-5.622250e+01	-9.060784e+02
9.000000e-08	-8.032397e-06	-1.520467e-08	-5.604645e+01	-9.048033e+02
1.000000e-07	-8.003817e-06	-1.521229e-08	-5.584702e+01	-9.033307e+02
1.100000e-07	-7.972345e-06	-1.521244e-08	-5.562743e+01	-9.017178e+02
1.200000e-07	-7.938136e-06	-1.517950e-08	-5.538874e+01	-9.000315e+02
1.300000e-07	-7.901321e-06	-1.513740e-08	-5.513186e+01	-8.983250e+02
1.400000e-07	-7.862402e-06	-1.514261e-08	-5.486030e+01	-8.966194e+02
1.500000e-07	-7.821211e-06	-1.509219e-08	-5.457289e+01	-8.948976e+02
1.600000e-07	-7.777102e-06	-1.504900e-08	-5.426511e+01	-8.931111e+02
1.700000e-07	-7.730192e-06	-1.502624e-08	-5.393779e+01	-8.911991e+02
1.800000e-07	-7.680413e-06	-1.494785e-08	-5.359046e+01	-8.891096e+02
1.900000e-07	-7.627406e-06	-1.494694e-08	-5.322060e+01	-8.868174e+02
2.000000e-07	-7.571496e-06	-1.491980e-08	-5.283048e+01	-8.843308e+02
2.100000e-07	-7.512902e-06	-1.485493e-08	-5.242164e+01	-8.816852e+02
2.200000e-07	-7.451687e-06	-1.480014e-08	-5.199451e+01	-8.789274e+02
2.300000e-07	-7.387816e-06	-1.474596e-08	-5.154885e+01	-8.760958e+02
2.400000e-07	-7.321147e-06	-1.472324e-08	-5.108366e+01	-8.732053e+02
2.500000e-07	-7.251805e-06	-1.464709e-08	-5.059983e+01	-8.702421e+02
2.600000e-07	-7.179785e-06	-1.459088e-08	-5.009730e+01	-8.671695e+02
2.700000e-07	-7.105063e-06	-1.455195e-08	-4.957593e+01	-8.639430e+02
2.800000e-07	-7.027478e-06	-1.450915e-08	-4.903457e+01	-8.605275e+02
2.900000e-07	-6.947057e-06	-1.444686e-08	-4.847343e+01	-8.569102e+02
3.000000e-07	-6.864212e-06	-1.435060e-08	-4.789538e+01	-8.531047e+02
3.100000e-07	-6.779103e-06	-1.429432e-08	-4.730153e+01	-8.491446e+02
3.200000e-07	-6.691649e-06	-1.423093e-08	-4.669131e+01	-8.450698e+02
3.300000e-07	-6.601785e-06	-1.416879e-08	-4.606428e+01	-8.409110e+02
3.400000e-07	-6.509587e-06	-1.408828e-08	-4.542097e+01	-8.366782e+02
3.500000e-07	-6.415130e-06	-1.401334e-08	-4.476189e+01	-8.323580e+02
3.600000e-07	-6.318338e-06	-1.395198e-08	-4.408652e+01	-8.279196e+02
3.700000e-07	-6.219189e-06	-1.386984e-08	-4.339469e+01	-8.233272e+02
3.800000e-07	-6.117799e-06	-1.378053e-08	-4.268724e+01	-8.185536e+02
3.900000e-07	-6.014193e-06	-1.368414e-08	-4.196433e+01	-8.135900e+02
4.000000e-07	-5.908396e-06	-1.361632e-08	-4.122613e+01	-8.084474e+02
4.100000e-07	-5.800491e-06	-1.353604e-08	-4.047321e+01	-8.031512e+02
4.200000e-07	-5.690568e-06	-1.344071e-08	-3.970622e+01	-7.977295e+02
4.300000e-07	-5.578554e-06	-1.334074e-08	-3.892464e+01	-7.922019e+02
4.400000e-07	-5.464359e-06	-1.325168e-08	-3.812783e+01	-7.865711e+02
4.500000e-07	-5.348004e-06	-1.315863e-08	-3.731596e+01	-7.808218e+02
4.600000e-07	-5.229559e-06	-1.304812e-08	-3.648950e+01	-7.749267e+02
4.700000e-07	-5.109156e-06	-1.293855e-08	-3.564939e+01	-7.688560e+02
4.800000e-07	-4.986968e-06	-1.283430e-08	-3.479682e+01	-7.625881e+02
4.900000e-07	-4.863019e-06	-1.273840e-08	-3.393196e+01	-7.561165e+02
5.000000e-07	-4.737309e-06	-1.262530e-08	-3.305480e+01	-7.494505e+02
5.100000e-07	-4.609930e-06	-1.250589e-08	-3.216601e+01	-7.426103e+02
5.200000e-07	-4.480900e-06	-1.238743e-08	-3.126570e+01	-7.356184e+02
5.300000e-07	-4.350222e-06	-1.227361e-08	-3.035389e+01	-7.284906e+02
5.400000e-07	-4.217894e-06	-1.214769e-08	-2.943056e+01	-7.212293e+02
5.500000e-07	-4.084106e-06	-1.201564e-08	-2.849705e+01	-7.138223e+02
5.600000e-07	-3.948871e-06	-1.188870e-08	-2.755344e+01	-7.062462e+02
5.700000e-07	-3.812100e-06	-1.176404e-08	-2.659912e+01	-6.984730e+02
5.800000e-07	-3.673964e-06	-1.163244e-08	-2.563527e+01	-6.904780e+02
5.900000e-07	-3.534520e-06	-1.148867e-08	-2.466229e+01	-6.822452e+02
6.000000e-07	-3.393536e-06	-1.134654e-08	-2.367857e+01	-6.737698e+02
6.100000e-07	-3.251019e-06	-1.120321e-08	-2.268415e+01	-6.650571e+02
6.200000e-07	-3.107304e-06	-1.105444e-08	-2.168137e+01	-6.561180e+02
6.300000e-07	-2.962594e-06	-1.089678e-08	-2.067164e+01	-6.469635e+02
6.400000e-07	-2.816848e-06	-1.073988e-08	-1.965470e+01	-6.376001e+02
6.500000e-07	-2.670020e-06	-1.058357e-08	-1.863019e+01	-6.280268e+02
6.600000e-07	-2.522282e-06	-1.042046e-08	-1.759935e+01	-6.182342e+02
6.700000e-07	-2.373784e-06	-1.024780e-08	-1.656319e+01	-6.082061e+02
6.800000e-07	-2.224467e-06	-1.007017e-08	-1.552133e+01	-5.979223e+02
6.900000e-07	-2.074312e-06	-9.893856e-09	-1.447361e+01	-5.873626e+02
7.000000e-07	-1.923391e-06	-9.714113e-09	-1.342055e+01	-5.765094e+02
7.100000e-07	-1.771780e-06	-9.525663e-09	-1.236268e+01	-5.653501e+02
7.200000e-07	-1.619553e-06	-9.330345e-09	-1.130051e+01	-5.538777e+02
7.300000e-07	-1.466734e-06	-9.135500e-09	-1.023421e+01	-5.420897e+02
7.400000e-07	-1.313377e-06	-8.936959e-09	-9.164151e+00	-5.299855e+02
7.500000e-07	-1.159570e-06	-8.725304e-09	-8.090953e+00	-5.175626e+02
7.600000e-07	-1.005337e-06	-8.505553e-09	-7.014785e+00	-5.048123e+02
7.700000e-07	-8.507322e-07	-8.285900e-09	-5.936026e+00	-4.917159e+02
7.800000e-07	-6.958587e-07	-8.064637e-09	-4.855388e+00	-4.782427e+02
7.900000e-07	-5.407384e-07	-7.832312e-09	-3.773029e+00	-4.643495e+02
8.000000e-07	-3.854312e-07	-7.587547e-09	-2.689365e+00	-4.499830e+02
8.100000e-07	-2.300181e-07	-7.334556e-09	-1.604963e+00	-4.350837e+02
8.200000e-07	-7.452945e-08	-7.074406e-09	-5.200329e-01	-4.195910e+02
8.300000e-07	8.099400e-08	-6.802415e-09	5.651396e-01	-4.034480e+02
8.400000e-07	2.365315e-07	-6.514773e-09	1.650410e+00	-3.866054e+02
8.500000e-07	3.919891e-07	-6.217854e-09	2.735123e+00	-3.690229e+02
8.600000e-07	5.472583e-07	-5.912890e-09	3.818522e+00	-3.506692e+02
8.700000e-07	7.023195e-07	-5.593308e-09	4.900469e+00	-3.315202e+02
8.800000e-07	8.571462e-07	-5.252868e-09	5.980779e+00	-3.115558e+02
8.900000e-07	1.011645e-06	-4.897764e-09	7.058805e+00	-2.907561e+02
9.000000e-07	1.165767e-06	-4.534020e-09	8.134197e+00	-2.690954e+02
9.100000e-07	1.319531e-06	-4.157050e-09	9.207093e+00	-2.465367e+02
9.200000e-07	1.472858e-06	-3.760232e-09	1.027694e+01	-2.230247e+02
9.300000e-07	1.625657e-06	-3.344716e-09	1.134310e+01	-1.984792e+02
9.400000e-07	1.777875e-06	-2.913542e-09	1.240521e+01	-1.727924e+02
9.500000e-07	1.929384e-06	-2.459431e-09	1.346237e+01	-1.458303e+02
9.600000e-07	2.080133e-06	-1.976050e-09	1.451423e+01	-1.174427e+02
9.700000e-07	2.230170e-06	-1.464872e-09	1.556112e+01	-8.748152e+01
9.800000e-07	2.379420e-06	-9.301825e-10	1.660252e+01	-5.582634e+01
9.900000e-07	2.527775e-06	-3.703142e-10	1.763768e+01	-2.241366e+01
1.000000e-06	2.675183e-06	2.211905e-10	1.866622e+01	1.273625e+01
1.010000e-06	2.821658e-06	8.445813e-10	1.968826e+01	4.950120e+01
1.020000e-06	2.967187e-06	1.489763e-09	2.070369e+01	8.765261e+01
1.030000e-06	3.111657e-06	2.150107e-09	2.171174e+01	1.268670e+02
1.040000e-06	3.254914e-06	2.824591e-09	2.271132e+01	1.667513e+02
1.050000e-06	3.396897e-06	3.505670e-09	2.370202e+01	2.068778e+02
1.060000e-06	3.537576e-06	4.180297e-09	2.468361e+01	2.468197e+02
1.070000e-06	3.676916e-06	4.840219e-09	2.565586e+01	2.861822e+02
1.080000e-06	3.814903e-06	5.485587e-09	2.661867e+01	3.246223e+02
1.090000e-06	3.951449e-06	6.114395e-09	2.757143e+01	3.618572e+02
1.100000e-06	4.086497e-06	6.719016e-09	2.851374e+01	3.976631e+02
1.110000e-06	4.220100e-06	7.293098e-09	2.944595e+01	4.318686e+02
1.120000e-06	4.352207e-06	7.839471e-09	3.036774e+01	4.643485e+02
1.130000e-06	4.482712e-06	8.358174e-09	3.127834e+01	4.950206e+02
1.140000e-06	4.611625e-06	8.843208e-09	3.217784e+01	5.238465e+02
1.150000e-06	4.738896e-06	9.295248e-09	3.306588e+01	5.508341e+02
1.160000e-06	4.864545e-06	9.717174e-09	3.394260e+01	5.760365e+02
1.170000e-06	4.988522e-06	1.011322e-08	3.480765e+01	5.995469e+02
1.180000e-06	5.110737e-06	1.048259e-08	3.566042e+01	6.214846e+02
1.190000e-06	5.231118e-06	1.082609e-08	3.650038e+01	6.419773e+02
1.200000e-06	5.349563e-06	1.114582e-08	3.732684e+01	6.611426e+02
1.210000e-06	5.465987e-06	1.144478e-08	3.813919e+01	6.790745e+02
1.220000e-06	5.580304e-06	1.172452e-08	3.893685e+01	6.958391e+02
1.230000e-06	5.692479e-06	1.198501e-08	3.971955e+01	7.114818e+02
1.240000e-06	5.802560e-06	1.222970e-08	4.048765e+01	7.260406e+02
1.250000e-06	5.910622e-06	1.245903e-08	4.124166e+01	7.395625e+02
1.260000e-06	6.016593e-06	1.267299e-08	4.198107e+01	7.521150e+02
1.270000e-06	6.120385e-06	1.286958e-08	4.270529e+01	7.637872e+02
1.280000e-06	6.221998e-06	1.305068e-08	4.341430e+01	7.746819e+02
1.290000e-06	6.321343e-06	1.321948e-08	4.410748e+01	7.848984e+02
1.300000e-06	6.418325e-06	1.337861e-08	4.478418e+01	7.945155e+02
1.310000e-06	6.513038e-06	1.352878e-08	4.544504e+01	8.035794e+02
1.320000e-06	6.605533e-06	1.367104e-08	4.609043e+01	8.121030e+02
1.330000e-06	6.695748e-06	1.380552e-08	4.671991e+01	8.200768e+02
1.340000e-06	6.783588e-06	1.393010e-08	4.733282e+01	8.274871e+02
1.350000e-06	6.869024e-06	1.404476e-08	4.792895e+01	8.343362e+02
1.360000e-06	6.952079e-06	1.414858e-08	4.850847e+01	8.406548e+02
1.370000e-06	7.032633e-06	1.424282e-08	4.907054e+01	8.465034e+02
1.380000e-06	7.110615e-06	1.433203e-08	4.961466e+01	8.519614e+02
1.390000e-06	7.185993e-06	1.442032e-08	5.014062e+01	8.571078e+02
1.400000e-06	7.258650e-06	1.450442e-08	5.064759e+01	8.620012e+02
1.410000e-06	7.328667e-06	1.458225e-08	5.113613e+01	8.666673e+02
1.420000e-06	7.396139e-06	1.465596e-08	5.160692e+01	8.710976e+02
1.430000e-06	7.460926e-06	1.472600e-08	5.205898e+01	8.752612e+02
1.440000e-06	7.523045e-06	1.479043e-08	5.249242e+01	8.791242e+02
1.450000e-06	7.582596e-06	1.484757e-08	5.290794e+01	8.826688e+02
1.460000e-06	7.639515e-06	1.490205e-08	5.330509e+01	8.859060e+02
1.470000e-06	7.693704e-06	1.495429e-08	5.368320e+01	8.888749e+02
1.480000e-06	7.744785e-06	1.500228e-08	5.403962e+01	8.916312e+02
1.490000e-06	7.792669e-06	1.504685e-08	5.437373e+01	8.942275e+02
1.500000e-06	7.837782e-06	1.508824e-08	5.468851e+01	8.966955e+02
1.510000e-06	7.880126e-06	1.512699e-08	5.498397e+01	8.990356e+02
1.520000e-06	7.919574e-06	1.516269e-08	5.525922e+01	9.012191e+02
1.530000e-06	7.956329e-06	1.519485e-08	5.551568e+01	9.032021e+02
1.540000e-06	7.990326e-06	1.522299e-08	5.575289e+01	9.049451e+02
1.550000e-06	8.021468e-06	1.524776e-08	5.597019e+01	9.064311e+02
1.560000e-06	8.049914e-06	1.526836e-08	5.616867e+01	9.076744e+02
1.570000e-06	8.075521e-06	1.528608e-08	5.634735e+01	9.087170e+02
1.580000e-06	8.098195e-06	1.530168e-08	5.650555e+01	9.096139e+02
1.590000e-06	8.118121e-06	1.531393e-08	5.664459e+01	9.104130e+02
1.600000e-06	8.135200e-06	1.532550e-08	5.676376e+01	9.111387e+02
1.610000e-06	8.149232e-06	1.533490e-08	5.686167e+01	9.117839e+02
1.620000e-06	8.160106e-06	1.534135e-08	5.693754e+01	9.123162e+02
1.630000e-06	8.167909e-06	1.534601e-08	5.699199e+01	9.126929e+02
1.640000e-06	8.172913e-06	1.534953e-08	5.702690e+01	9.128810e+02
1.650000e-06	8.175005e-06	1.534926e-08	5.704150e+01	9.128729e+02
1.660000e-06	8.174205e-06	1.535059e-08	5.703592e+01	9.126908e+02
1.670000e-06	8.170821e-06	1.534834e-08	5.701231e+01	9.123790e+02
1.680000e-06	8.164756e-06	1.534221e-08	5.696999e+01	9.119866e+02
1.690000e-06	8.155917e-06	1.533530e-08	5.690831e+01	9.115469e+02
1.700000e-06	8.144316e-06	1.532414e-08	5.682737e+01	9.110630e+02
1.710000e-06	8.129911e-06	1.530694e-08	5.672685e+01	9.105047e+02
1.720000e-06	8.112915e-06	1.527999e-08	5.660826e+01	9.098188e+02
1.730000e-06	8.093588e-06	1.529206e-08	5.647341e+01	9.089493e+02
1.740000e-06	8.071522e-06	1.531959e-08	5.631944e+01	9.078591e+02
1.750000e-06	8.045999e-06	1.528291e-08	5.614135e+01	9.065452e+02
1.760000e-06	8.016773e-06	1.522768e-08	5.593743e+01	9.050424e+02
1.770000e-06	7.984289e-06	1.520123e-08	5.571077e+01	9.034112e+02
1.780000e-06	7.949215e-06	1.516952e-08	5.546604e+01	9.017177e+02
1.790000e-06	7.911725e-06	1.510632e-08	5.520445e+01	9.000105e+02
1.800000e-06	7.872079e-06	1.513147e-08	5.492782e+01	8.983039e+02
1.810000e-06	7.830224e-06	1.507265e-08	5.463577e+01	8.965743e+02
1.820000e-06	7.785734e-06	1.502988e-08	5.432534e+01	8.947695e+02
1.830000e-06	7.738545e-06	1.505604e-08	5.399608e+01	8.928286e+02
1.840000e-06	7.688320e-06	1.496665e-08	5.364563e+01	8.907034e+02
1.850000e-06	7.634974e-06	1.496266e-08	5.327341e+01	8.883745e+02
1.860000e-06	7.578842e-06	1.488755e-08	5.288174e+01	8.858559e+02
1.870000e-06	7.520008e-06	1.486065e-08	5.247123e+01	8.831865e+02
1.880000e-06	7.458472e-06	1.483672e-08	5.204185e+01	8.804128e+02
1.890000e-06	7.394135e-06	1.474418e-08	5.159294e+01	8.775700e+02
1.900000e-06	7.327122e-06	1.474135e-08	5.112535e+01	8.746679e+02
1.910000e-06	7.257329e-06	1.465968e-08	5.063837e+01	8.716879e+02
1.920000e-06	7.184687e-06	1.462507e-08	5.013151e+01	8.685906e+02
1.930000e-06	7.109369e-06	1.456270e-08	4.960597e+01	8.653321e+02
1.940000e-06	7.031283e-06	1.449941e-08	4.906112e+01	8.618803e+02
1.950000e-06	6.950657e-06	1.446497e-08	4.849855e+01	8.582273e+02
1.960000e-06	6.867538e-06	1.437356e-08	4.791858e+01	8.543909e+02
1.970000e-06	6.781848e-06	1.432977e-08	4.732068e+01	8.504070e+02
1.980000e-06	6.693727e-06	1.423367e-08	4.670581e+01	8.463151e+02
1.990000e-06	6.603311e-06	1.417404e-08	4.607493e+01	8.421426e+02
2.000000e-06	6.510572e-06	1.410035e-08	4.542783e+01	8.378954e+02
2.010000e-06	6.415417e-06	1.402825e-08	4.476389e+01	8.335562e+02
2.020000e-06	6.318045e-06	1.396084e-08	4.408447e+01	8.290925e+02
2.030000e-06	6.218445e-06	1.387603e-08	4.338951e+01	8.244688e+02
2.040000e-06	6.116570e-06	1.381256e-08	4.267867e+01	8.196610e+02
2.050000e-06	6.012471e-06	1.371110e-08	4.195231e+01	8.146637e+02
2.060000e-06	5.906276e-06	1.362960e-08	4.121133e+01	8.094912e+02
2.070000e-06	5.798040e-06	1.352729e-08	4.045611e+01	8.041702e+02
2.080000e-06	5.687674e-06	1.344448e-08	3.968602e+01	7.987282e+02
2.090000e-06	5.575204e-06	1.334905e-08	3.890126e+01	7.931820e+02
2.100000e-06	5.460536e-06	1.326110e-08	3.810116e+01	7.875312e+02
2.110000e-06	5.343700e-06	1.316713e-08	3.728593e+01	7.817577e+02
2.120000e-06	5.224797e-06	1.306708e-08	3.645628e+01	7.758329e+02
2.130000e-06	5.103969e-06	1.296254e-08	3.561320e+01	7.697278e+02
2.140000e-06	4.981347e-06	1.284811e-08	3.475759e+01	7.634231e+02
2.150000e-06	4.856870e-06	1.274159e-08	3.388905e+01	7.569153e+02
2.160000e-06	4.730614e-06	1.262703e-08	3.300809e+01	7.502161e+02
2.170000e-06	4.602699e-06	1.251757e-08	3.211556e+01	7.433468e+02
2.180000e-06	4.473216e-06	1.239749e-08	3.121209e+01	7.363295e+02
2.190000e-06	4.342155e-06	1.228666e-08	3.029760e+01	7.291776e+02
2.200000e-06	4.209463e-06	1.215911e-08	2.937173e+01	7.218912e+02
2.210000e-06	4.075298e-06	1.203170e-08	2.843559e+01	7.144555e+02
2.220000e-06	3.939729e-06	1.189554e-08	2.748965e+01	7.068459e+02
2.230000e-06	3.802653e-06	1.176509e-08	2.653320e+01	6.990344e+02
2.240000e-06	3.664120e-06	1.163048e-08	2.556658e+01	6.909973e+02
2.250000e-06	3.524196e-06	1.149349e-08	2.459025e+01	6.827208e+02
2.260000e-06	3.382930e-06	1.135514e-08	2.360456e+01	6.742020e+02
2.270000e-06	3.240433e-06	1.121056e-08	2.261028e+01	6.654476e+02
2.280000e-06	3.096784e-06	1.106098e-08	2.160796e+01	6.564688e+02
2.290000e-06	2.952044e-06	1.089869e-08	2.059803e+01	6.472763e+02
2.300000e-06	2.806254e-06	1.073534e-08	1.958078e+01	6.378754e+02
2.310000e-06	2.659479e-06	1.056895e-08	1.855664e+01	6.282635e+02
2.320000e-06	2.511721e-06	1.040657e-08	1.752566e+01	6.184298e+02
2.330000e-06	2.363009e-06	1.023922e-08	1.648801e+01	6.083571e+02
2.340000e-06	2.213439e-06	1.007179e-08	1.544438e+01	5.980251e+02
2.350000e-06	2.063153e-06	9.896653e-09	1.439575e+01	5.874137e+02
2.360000e-06	1.912213e-06	9.713249e-09	1.334256e+01	5.765062e+02
2.370000e-06	1.760605e-06	9.518363e-09	1.228471e+01	5.652910e+02
2.380000e-06	1.608433e-06	9.318103e-09	1.122292e+01	5.537619e+02
2.390000e-06	1.455704e-06	9.115514e-09	1.015725e+01	5.419171e+02
2.400000e-06	1.302363e-06	8.912598e-09	9.087302e+00	5.297559e+02
2.410000e-06	1.148524e-06	8.705544e-09	8.013885e+00	5.172749e+02
2.420000e-06	9.943147e-07	8.493009e-09	6.937880e+00	5.044641e+02
2.430000e-06	8.397545e-07	8.276388e-09	5.859428e+00	4.913027e+02
2.440000e-06	6.848929e-07	8.048169e-09	4.778874e+00	4.777576e+02
2.450000e-06	5.298065e-07	7.807906e-09	3.696751e+00	4.637836e+02
2.460000e-06	3.744864e-07	7.557708e-09	2.612997e+00	4.493260e+02
2.470000e-06	2.189819e-07	7.304278e-09	1.527957e+00	4.343247e+02
2.480000e-06	6.341147e-08	7.044337e-09	4.424566e-01	4.187195e+02
2.490000e-06	-9.214341e-08	6.773115e-09	-6.429352e-01	4.024546e+02
2.500000e-06	-2.476545e-07	6.488747e-09	-1.728021e+00	3.854821e+02
2.510000e-06	-4.030152e-07	6.194406e-09	-2.812059e+00	3.677635e+02
2.520000e-06	-5.581094e-07	5.886174e-09	-3.894236e+00	3.492689e+02
2.530000e-06	-7.129595e-07	5.559251e-09	-4.974710e+00	3.299753e+02
2.540000e-06	-8.675985e-07	5.214675e-09	-6.053711e+00	3.098630e+02
2.550000e-06	-1.021950e-06	4.858253e-09	-7.130708e+00	2.889112e+02
2.560000e-06	-1.175891e-06	4.493056e-09	-8.204836e+00	2.670929e+02
2.570000e-06	-1.329395e-06	4.114234e-09	-9.275918e+00	2.443683e+02
2.580000e-06	-1.482418e-06	3.717581e-09	-1.034364e+01	2.206779e+02
2.590000e-06	-1.634903e-06	3.304391e-09	-1.140761e+01	1.959370e+02
2.600000e-06	-1.786773e-06	2.873455e-09	-1.246730e+01	1.700325e+02
2.610000e-06	-1.937961e-06	2.418101e-09	-1.352222e+01	1.428267e+02
2.620000e-06	-2.088493e-06	1.933896e-09	-1.457256e+01	1.141681e+02
2.630000e-06	-2.238313e-06	1.422189e-09	-1.561794e+01	8.391160e+01
2.640000e-06	-2.387355e-06	8.853249e-10	-1.665788e+01	5.194474e+01
2.650000e-06	-2.535557e-06	3.218378e-10	-1.769197e+01	1.821718e+01
2.660000e-06	-2.682797e-06	-2.696813e-10	-1.871935e+01	-1.723360e+01
2.670000e-06	-2.829041e-06	-8.886059e-10	-1.973978e+01	-5.426628e+01
2.680000e-06	-2.974301e-06	-1.528469e-09	-2.075333e+01	-9.263405e+01
2.690000e-06	-3.118494e-06	-2.185839e-09	-2.175945e+01	-1.319987e+02
2.700000e-06	-3.261522e-06	-2.858007e-09	-2.275743e+01	-1.719585e+02
2.710000e-06	-3.403292e-06	-3.536233e-09	-2.374664e+01	-2.120832e+02
2.720000e-06	-3.543748e-06	-4.208957e-09	-2.472667e+01	-2.519497e+02
2.730000e-06	-3.682848e-06	-4.867778e-09	-2.569725e+01	-2.911713e+02
2.740000e-06	-3.820613e-06	-5.509360e-09	-2.665851e+01	-3.294156e+02
2.750000e-06	-3.956965e-06	-6.131038e-09	-2.760992e+01	-3.664106e+02
2.760000e-06	-4.091790e-06	-6.727408e-09	-2.855067e+01	-4.019423e+02
2.770000e-06	-4.225195e-06	-7.296062e-09	-2.948151e+01	-4.358480e+02
2.780000e-06	-4.357141e-06	-7.838542e-09	-3.040216e+01	-4.680102e+02
2.790000e-06	-4.487549e-06	-8.353328e-09	-3.131209e+01	-4.983546e+02
2.800000e-06	-4.616388e-06	-8.835530e-09	-3.221107e+01	-5.268508e+02
2.810000e-06	-4.743520e-06	-9.284696e-09	-3.309814e+01	-5.535148e+02
2.820000e-06	-4.868983e-06	-9.704243e-09	-3.397357e+01	-5.784077e+02
2.830000e-06	-4.992762e-06	-1.009486e-08	-3.483724e+01	-6.016284e+02
2.840000e-06	-5.114753e-06	-1.046031e-08	-3.568844e+01	-6.232991e+02
2.850000e-06	-5.234903e-06	-1.080317e-08	-3.652680e+01	-6.435471e+02
2.860000e-06	-5.353074e-06	-1.112612e-08	-3.735134e+01	-6.624865e+02
2.870000e-06	-5.469061e-06	-1.142932e-08	-3.816064e+01	-6.802062e+02
2.880000e-06	-5.582775e-06	-1.171044e-08	-3.895409e+01	-6.967681e+02
2.890000e-06	-5.694290e-06	-1.197068e-08	-3.973219e+01	-7.122147e+02
2.900000e-06	-5.803749e-06	-1.221179e-08	-4.049594e+01	-7.265849e+02
2.910000e-06	-5.911228e-06	-1.243561e-08	-4.124589e+01	-7.399285e+02
2.920000e-06	-6.016719e-06	-1.264436e-08	-4.198195e+01	-7.523170e+02
2.930000e-06	-6.120052e-06	-1.283972e-08	-4.270297e+01	-7.638431e+02
2.940000e-06	-6.221098e-06	-1.302376e-08	-4.340802e+01	-7.746102e+02
2.950000e-06	-6.319971e-06	-1.319602e-08	-4.409791e+01	-7.847152e+02
2.960000e-06	-6.416746e-06	-1.335757e-08	-4.477316e+01	-7.942315e+02
2.970000e-06	-6.511215e-06	-1.351005e-08	-4.543233e+01	-8.031992e+02
2.980000e-06	-6.603245e-06	-1.365275e-08	-4.607446e+01	-8.116262e+02
2.990000e-06	-6.692981e-06	-1.378467e-08	-4.670061e+01	-8.195005e+02
3.000000e-06	-6.780399e-06	-1.390834e-08	-4.731057e+01	-8.268102e+02
3.010000e-06	-6.865352e-06	-1.402695e-08	-4.790333e+01	-8.335618e+02
3.020000e-06	-6.947896e-06	-1.413571e-08	-4.847928e+01	-8.397916e+02
3.030000e-06	-7.028062e-06	-1.423297e-08	-4.903865e+01	-8.455648e+02
3.040000e-06	-7.105598e-06	-1.432234e-08	-4.957966e+01	-8.509621e+02
3.050000e-06	-7.180362e-06	-1.440865e-08	-5.010133e+01	-8.560603e+02
3.060000e-06	-7.252472e-06	-1.449080e-08	-5.060448e+01	-8.609127e+02
3.070000e-06	-7.321962e-06	-1.456738e-08	-5.108935e+01	-8.655386e+02
3.080000e-06	-7.388840e-06	-1.464169e-08	-5.155599e+01	-8.699243e+02
3.090000e-06	-7.453171e-06	-1.471357e-08	-5.200487e+01	-8.740369e+02
3.100000e-06	-7.514871e-06	-1.478216e-08	-5.243539e+01	-8.778439e+02
3.110000e-06	-7.573888e-06	-1.484295e-08	-5.284718e+01	-8.813324e+02
3.120000e-06	-7.630224e-06	-1.489477e-08	-5.324027e+01	-8.845185e+02
3.130000e-06	-7.683612e-06	-1.494074e-08	-5.361278e+01	-8.874457e+02
3.140000e-06	-7.733918e-06	-1.498565e-08	-5.396380e+01	-8.901703e+02
3.150000e-06	-7.781157e-06	-1.503014e-08	-5.429340e+01	-8.927426e+02
3.160000e-06	-7.825634e-06	-1.507238e-08	-5.460374e+01	-8.951891e+02
3.170000e-06	-7.867638e-06	-1.511317e-08	-5.489683e+01	-8.975044e+02
3.180000e-06	-7.906941e-06	-1.515141e-08	-5.517107e+01	-8.996559e+02
3.190000e-06	-7.943428e-06	-1.518454e-08	-5.542566e+01	-9.015989e+02
3.200000e-06	-7.977220e-06	-1.521271e-08	-5.566144e+01	-9.032968e+02
3.210000e-06	-8.008152e-06	-1.523691e-08	-5.587727e+01	-9.047379e+02
3.220000e-06	-8.036097e-06	-1.525752e-08	-5.607226e+01	-9.059421e+02
3.230000e-06	-8.061268e-06	-1.527506e-08	-5.624789e+01	-9.069550e+02
3.240000e-06	-8.083600e-06	-1.529234e-08	-5.640372e+01	-9.078317e+02
3.250000e-06	-8.103062e-06	-1.530999e-08	-5.653951e+01	-9.086173e+02
3.260000e-06	-8.119677e-06	-1.532490e-08	-5.665545e+01	-9.093304e+02
3.270000e-06	-8.133181e-06	-1.533497e-08	-5.674967e+01	-9.099588e+02
3.280000e-06	-8.143661e-06	-1.534027e-08	-5.682279e+01	-9.104668e+02
3.290000e-06	-8.151246e-06	-1.534661e-08	-5.687572e+01	-9.108121e+02
3.300000e-06	-8.155864e-06	-1.535307e-08	-5.690794e+01	-9.109653e+02
3.310000e-06	-8.157718e-06	-1.535538e-08	-5.692088e+01	-9.109240e+02
