# Temperatura_=_34.51
# Concentracion g/m^3_=_11780.0
# C_Vs_to_Am_M_A/Vsm_=_59384043850.047264
# pendiente_HvsI_1/m_=_3716.3
# ordenada_HvsI_A/m_=_1297.0
# frecuencia_Hz_=_301534.3390739107

Tiempo_(s)	Campo_(V.s)	Magnetizacion_(V.s)	Campo_(kA/m)	Magnetizacion_(A/m)
0.000000e+00	-8.098901e-06	-1.506994e-08	-5.691703e+01	-8.950980e+02
1.000000e-08	-8.095743e-06	-1.506551e-08	-5.689484e+01	-8.948600e+02
2.000000e-08	-8.089950e-06	-1.506177e-08	-5.685412e+01	-8.945353e+02
3.000000e-08	-8.081545e-06	-1.505406e-08	-5.679506e+01	-8.941504e+02
4.000000e-08	-8.070268e-06	-1.504636e-08	-5.671581e+01	-8.937069e+02
5.000000e-08	-8.055955e-06	-1.503796e-08	-5.661522e+01	-8.931794e+02
6.000000e-08	-8.038766e-06	-1.503559e-08	-5.649442e+01	-8.925246e+02
7.000000e-08	-8.019096e-06	-1.503741e-08	-5.635618e+01	-8.916970e+02
8.000000e-08	-7.996875e-06	-1.496515e-08	-5.620001e+01	-8.906667e+02
9.000000e-08	-7.971418e-06	-1.490934e-08	-5.602111e+01	-8.894331e+02
1.000000e-07	-7.942649e-06	-1.493490e-08	-5.581893e+01	-8.880263e+02
1.100000e-07	-7.911032e-06	-1.494610e-08	-5.559674e+01	-8.864993e+02
1.200000e-07	-7.876664e-06	-1.490639e-08	-5.535520e+01	-8.849094e+02
1.300000e-07	-7.839836e-06	-1.486942e-08	-5.509639e+01	-8.832989e+02
1.400000e-07	-7.800992e-06	-1.490320e-08	-5.482340e+01	-8.816801e+02
1.500000e-07	-7.759805e-06	-1.480966e-08	-5.453395e+01	-8.800307e+02
1.600000e-07	-7.715716e-06	-1.478577e-08	-5.422410e+01	-8.783011e+02
1.700000e-07	-7.668858e-06	-1.477734e-08	-5.389480e+01	-8.764322e+02
1.800000e-07	-7.619112e-06	-1.465585e-08	-5.354520e+01	-8.743748e+02
1.900000e-07	-7.566201e-06	-1.470382e-08	-5.317335e+01	-8.721063e+02
2.000000e-07	-7.510451e-06	-1.466382e-08	-5.278155e+01	-8.696369e+02
2.100000e-07	-7.451941e-06	-1.459973e-08	-5.237036e+01	-8.670037e+02
2.200000e-07	-7.390802e-06	-1.455295e-08	-5.194069e+01	-8.642561e+02
2.300000e-07	-7.327076e-06	-1.448536e-08	-5.149284e+01	-8.614364e+02
2.400000e-07	-7.260534e-06	-1.448137e-08	-5.102520e+01	-8.585638e+02
2.500000e-07	-7.191307e-06	-1.438453e-08	-5.053869e+01	-8.556277e+02
2.600000e-07	-7.119483e-06	-1.433553e-08	-5.003393e+01	-8.525924e+02
2.700000e-07	-7.044827e-06	-1.430929e-08	-4.950926e+01	-8.494099e+02
2.800000e-07	-6.967344e-06	-1.427508e-08	-4.896474e+01	-8.460388e+02
2.900000e-07	-6.887206e-06	-1.419988e-08	-4.840154e+01	-8.424586e+02
3.000000e-07	-6.804554e-06	-1.408777e-08	-4.782069e+01	-8.386774e+02
3.100000e-07	-6.719640e-06	-1.405800e-08	-4.722393e+01	-8.347284e+02
3.200000e-07	-6.632472e-06	-1.398381e-08	-4.661134e+01	-8.306571e+02
3.300000e-07	-6.542961e-06	-1.392116e-08	-4.598228e+01	-8.265054e+02
3.400000e-07	-6.451143e-06	-1.384912e-08	-4.533701e+01	-8.222959e+02
3.500000e-07	-6.357011e-06	-1.377758e-08	-4.467546e+01	-8.180251e+02
3.600000e-07	-6.260564e-06	-1.371963e-08	-4.399766e+01	-8.136653e+02
3.700000e-07	-6.161782e-06	-1.362787e-08	-4.330345e+01	-8.091750e+02
3.800000e-07	-6.060766e-06	-1.353916e-08	-4.259353e+01	-8.045141e+02
3.900000e-07	-5.957659e-06	-1.344222e-08	-4.186892e+01	-7.996577e+02
4.000000e-07	-5.852320e-06	-1.338698e-08	-4.112862e+01	-7.946030e+02
4.100000e-07	-5.744802e-06	-1.330481e-08	-4.037302e+01	-7.893690e+02
4.200000e-07	-5.635280e-06	-1.321045e-08	-3.960332e+01	-7.839870e+02
4.300000e-07	-5.523800e-06	-1.311728e-08	-3.881987e+01	-7.784880e+02
4.400000e-07	-5.410322e-06	-1.302997e-08	-3.802238e+01	-7.728907e+02
4.500000e-07	-5.294622e-06	-1.293321e-08	-3.720926e+01	-7.671948e+02
4.600000e-07	-5.176744e-06	-1.281642e-08	-3.638085e+01	-7.613819e+02
4.700000e-07	-5.057025e-06	-1.271466e-08	-3.553950e+01	-7.554227e+02
4.800000e-07	-4.935511e-06	-1.261757e-08	-3.468553e+01	-7.492886e+02
4.900000e-07	-4.812101e-06	-1.252683e-08	-3.381823e+01	-7.429616e+02
5.000000e-07	-4.686979e-06	-1.241201e-08	-3.293890e+01	-7.364407e+02
5.100000e-07	-4.560263e-06	-1.229769e-08	-3.204838e+01	-7.297401e+02
5.200000e-07	-4.431952e-06	-1.218373e-08	-3.114664e+01	-7.228828e+02
5.300000e-07	-4.302015e-06	-1.206923e-08	-3.023347e+01	-7.158898e+02
5.400000e-07	-4.170430e-06	-1.194107e-08	-2.930873e+01	-7.087709e+02
5.500000e-07	-4.037315e-06	-1.181139e-08	-2.837323e+01	-7.015194e+02
5.600000e-07	-3.902776e-06	-1.169304e-08	-2.742772e+01	-6.941129e+02
5.700000e-07	-3.766922e-06	-1.157121e-08	-2.647297e+01	-6.865203e+02
5.800000e-07	-3.629689e-06	-1.143961e-08	-2.550854e+01	-6.787105e+02
5.900000e-07	-3.490969e-06	-1.129696e-08	-2.453365e+01	-6.706625e+02
6.000000e-07	-3.350748e-06	-1.116211e-08	-2.354821e+01	-6.623698e+02
6.100000e-07	-3.209186e-06	-1.102247e-08	-2.255335e+01	-6.538407e+02
6.200000e-07	-3.066522e-06	-1.087554e-08	-2.155074e+01	-6.450924e+02
6.300000e-07	-2.922745e-06	-1.072001e-08	-2.054031e+01	-6.361426e+02
6.400000e-07	-2.777708e-06	-1.056656e-08	-1.952103e+01	-6.270014e+02
6.500000e-07	-2.631554e-06	-1.041359e-08	-1.849390e+01	-6.176657e+02
6.600000e-07	-2.484575e-06	-1.025096e-08	-1.746096e+01	-6.081191e+02
6.700000e-07	-2.336855e-06	-1.008315e-08	-1.642283e+01	-5.983358e+02
6.800000e-07	-2.188372e-06	-9.914930e-09	-1.537933e+01	-5.882881e+02
6.900000e-07	-2.039124e-06	-9.748668e-09	-1.433045e+01	-5.779533e+02
7.000000e-07	-1.889173e-06	-9.571261e-09	-1.327663e+01	-5.673183e+02
7.100000e-07	-1.738604e-06	-9.384513e-09	-1.221847e+01	-5.563809e+02
7.200000e-07	-1.587475e-06	-9.192070e-09	-1.115637e+01	-5.451455e+02
7.300000e-07	-1.435815e-06	-9.000827e-09	-1.009055e+01	-5.336180e+02
7.400000e-07	-1.283660e-06	-8.804920e-09	-9.021241e+00	-5.217992e+02
7.500000e-07	-1.130965e-06	-8.598369e-09	-7.948139e+00	-5.096806e+02
7.600000e-07	-9.777672e-07	-8.389015e-09	-6.871501e+00	-4.972426e+02
7.700000e-07	-8.242745e-07	-8.179371e-09	-5.792793e+00	-4.844569e+02
7.800000e-07	-6.705831e-07	-7.964554e-09	-4.712689e+00	-4.712892e+02
7.900000e-07	-5.166744e-07	-7.733537e-09	-3.631057e+00	-4.577031e+02
8.000000e-07	-3.625547e-07	-7.492630e-09	-2.547943e+00	-4.436615e+02
8.100000e-07	-2.082476e-07	-7.244119e-09	-1.463511e+00	-4.291260e+02
8.200000e-07	-5.378186e-08	-6.988723e-09	-3.779654e-01	-4.140555e+02
8.300000e-07	1.007174e-07	-6.725337e-09	7.078166e-01	-3.984037e+02
8.400000e-07	2.551070e-07	-6.452507e-09	1.792828e+00	-3.821193e+02
8.500000e-07	4.094116e-07	-6.171393e-09	2.877241e+00	-3.651489e+02
8.600000e-07	5.635367e-07	-5.878273e-09	3.960394e+00	-3.474424e+02
8.700000e-07	7.174247e-07	-5.566662e-09	5.041879e+00	-3.289601e+02
8.800000e-07	8.711042e-07	-5.235159e-09	6.121900e+00	-3.096772e+02
8.900000e-07	1.024444e-06	-4.892900e-09	7.199533e+00	-2.895843e+02
9.000000e-07	1.177338e-06	-4.540671e-09	8.274036e+00	-2.686819e+02
9.100000e-07	1.329738e-06	-4.177050e-09	9.345061e+00	-2.469677e+02
9.200000e-07	1.481682e-06	-3.798348e-09	1.041289e+01	-2.244220e+02
9.300000e-07	1.633169e-06	-3.403980e-09	1.147750e+01	-2.009928e+02
9.400000e-07	1.784095e-06	-2.992598e-09	1.253817e+01	-1.765876e+02
9.500000e-07	1.934336e-06	-2.560381e-09	1.359403e+01	-1.510754e+02
9.600000e-07	2.083867e-06	-2.106118e-09	1.464489e+01	-1.243002e+02
9.700000e-07	2.232757e-06	-1.628011e-09	1.569125e+01	-9.610495e+01
9.800000e-07	2.380890e-06	-1.126013e-09	1.673230e+01	-6.636113e+01
9.900000e-07	2.528099e-06	-5.973501e-10	1.776684e+01	-3.499827e+01
1.000000e-06	2.674393e-06	-4.020104e-11	1.879496e+01	-2.025902e+00
1.010000e-06	2.819720e-06	5.459629e-10	1.981628e+01	3.245586e+01
1.020000e-06	2.964019e-06	1.152955e-09	2.083038e+01	6.825935e+01
1.030000e-06	3.107291e-06	1.774298e-09	2.183726e+01	1.051241e+02
1.040000e-06	3.249426e-06	2.408243e-09	2.283614e+01	1.427392e+02
1.050000e-06	3.390299e-06	3.049937e-09	2.382616e+01	1.807674e+02
1.060000e-06	3.529773e-06	3.693753e-09	2.480635e+01	2.188661e+02
1.070000e-06	3.667824e-06	4.332414e-09	2.577654e+01	2.567035e+02
1.080000e-06	3.804562e-06	4.961756e-09	2.673750e+01	2.939672e+02
1.090000e-06	3.939906e-06	5.578766e-09	2.768867e+01	3.303700e+02
1.100000e-06	4.073825e-06	6.176860e-09	2.862981e+01	3.656543e+02
1.110000e-06	4.206360e-06	6.747569e-09	2.956123e+01	3.995983e+02
1.120000e-06	4.337346e-06	7.290814e-09	3.048177e+01	4.320238e+02
1.130000e-06	4.466731e-06	7.808684e-09	3.139105e+01	4.628059e+02
1.140000e-06	4.594613e-06	8.299351e-09	3.228978e+01	4.918793e+02
1.150000e-06	4.720891e-06	8.761570e-09	3.317723e+01	5.192394e+02
1.160000e-06	4.845510e-06	9.194109e-09	3.405302e+01	5.449350e+02
1.170000e-06	4.968419e-06	9.600299e-09	3.491680e+01	5.690525e+02
1.180000e-06	5.089553e-06	9.982804e-09	3.576809e+01	5.916958e+02
1.190000e-06	5.208847e-06	1.034106e-08	3.660646e+01	6.129657e+02
1.200000e-06	5.326186e-06	1.067451e-08	3.743109e+01	6.329446e+02
1.210000e-06	5.441451e-06	1.098782e-08	3.824114e+01	6.516911e+02
1.220000e-06	5.554547e-06	1.128306e-08	3.903595e+01	6.692437e+02
1.230000e-06	5.665556e-06	1.155808e-08	3.981610e+01	6.856338e+02
1.240000e-06	5.774637e-06	1.181371e-08	4.058269e+01	7.008997e+02
1.250000e-06	5.881715e-06	1.205275e-08	4.133520e+01	7.150989e+02
1.260000e-06	5.986647e-06	1.227788e-08	4.207264e+01	7.283112e+02
1.270000e-06	6.089457e-06	1.248597e-08	4.279517e+01	7.406333e+02
1.280000e-06	6.190082e-06	1.267795e-08	4.350233e+01	7.521652e+02
1.290000e-06	6.288415e-06	1.285808e-08	4.419339e+01	7.629944e+02
1.300000e-06	6.384445e-06	1.302904e-08	4.486827e+01	7.731829e+02
1.310000e-06	6.478256e-06	1.319058e-08	4.552754e+01	7.827632e+02
1.320000e-06	6.569806e-06	1.334174e-08	4.617094e+01	7.917431e+02
1.330000e-06	6.659008e-06	1.348297e-08	4.679782e+01	8.001194e+02
1.340000e-06	6.745865e-06	1.361305e-08	4.740824e+01	8.078944e+02
1.350000e-06	6.830457e-06	1.373192e-08	4.800273e+01	8.150897e+02
1.360000e-06	6.912693e-06	1.384133e-08	4.858066e+01	8.217511e+02
1.370000e-06	6.992377e-06	1.394480e-08	4.914066e+01	8.279446e+02
1.380000e-06	7.069493e-06	1.404354e-08	4.968261e+01	8.337432e+02
1.390000e-06	7.143899e-06	1.413827e-08	5.020552e+01	8.392108e+02
1.400000e-06	7.215606e-06	1.422740e-08	5.070946e+01	8.443891e+02
1.410000e-06	7.284883e-06	1.430959e-08	5.119632e+01	8.492912e+02
1.420000e-06	7.351614e-06	1.438630e-08	5.166529e+01	8.539069e+02
1.430000e-06	7.415633e-06	1.445708e-08	5.211519e+01	8.582145e+02
1.440000e-06	7.477081e-06	1.452295e-08	5.254704e+01	8.621970e+02
1.450000e-06	7.535927e-06	1.458288e-08	5.296059e+01	8.658549e+02
1.460000e-06	7.592072e-06	1.463958e-08	5.335517e+01	8.692116e+02
1.470000e-06	7.645435e-06	1.469511e-08	5.373019e+01	8.723092e+02
1.480000e-06	7.695671e-06	1.474747e-08	5.408323e+01	8.751957e+02
1.490000e-06	7.742797e-06	1.479472e-08	5.441442e+01	8.779107e+02
1.500000e-06	7.787212e-06	1.483585e-08	5.472656e+01	8.804724e+02
1.510000e-06	7.828861e-06	1.487453e-08	5.501926e+01	8.828743e+02
1.520000e-06	7.867652e-06	1.491045e-08	5.529187e+01	8.850901e+02
1.530000e-06	7.903805e-06	1.494168e-08	5.554595e+01	8.870873e+02
1.540000e-06	7.937198e-06	1.496972e-08	5.578062e+01	8.888420e+02
1.550000e-06	7.967741e-06	1.499576e-08	5.599527e+01	8.903515e+02
1.560000e-06	7.995618e-06	1.501939e-08	5.619119e+01	8.916373e+02
1.570000e-06	8.020639e-06	1.504024e-08	5.636702e+01	8.927397e+02
1.580000e-06	8.042770e-06	1.505664e-08	5.652255e+01	8.937039e+02
1.590000e-06	8.062281e-06	1.506995e-08	5.665968e+01	8.945651e+02
1.600000e-06	8.078956e-06	1.508237e-08	5.677686e+01	8.953370e+02
1.610000e-06	8.092533e-06	1.509270e-08	5.687227e+01	8.960087e+02
1.620000e-06	8.102922e-06	1.510019e-08	5.694529e+01	8.965519e+02
1.630000e-06	8.110255e-06	1.510561e-08	5.699682e+01	8.969344e+02
1.640000e-06	8.114849e-06	1.511057e-08	5.702911e+01	8.971352e+02
1.650000e-06	8.116612e-06	1.511096e-08	5.704150e+01	8.971549e+02
1.660000e-06	8.115573e-06	1.511493e-08	5.703420e+01	8.970172e+02
1.670000e-06	8.111969e-06	1.511248e-08	5.700887e+01	8.967606e+02
1.680000e-06	8.105615e-06	1.510524e-08	5.696421e+01	8.964236e+02
1.690000e-06	8.096487e-06	1.509697e-08	5.690007e+01	8.960286e+02
1.700000e-06	8.084677e-06	1.508463e-08	5.681707e+01	8.955723e+02
1.710000e-06	8.070064e-06	1.506650e-08	5.671437e+01	8.950253e+02
1.720000e-06	8.052851e-06	1.503246e-08	5.659340e+01	8.943424e+02
1.730000e-06	8.033375e-06	1.506084e-08	5.645653e+01	8.934797e+02
1.740000e-06	8.011145e-06	1.511129e-08	5.630030e+01	8.924120e+02
1.750000e-06	7.985342e-06	1.505498e-08	5.611897e+01	8.911440e+02
1.760000e-06	7.955773e-06	1.498608e-08	5.591116e+01	8.897113e+02
1.770000e-06	7.923056e-06	1.497016e-08	5.568124e+01	8.881687e+02
1.780000e-06	7.887903e-06	1.492038e-08	5.543419e+01	8.865724e+02
1.790000e-06	7.850386e-06	1.486021e-08	5.517053e+01	8.849602e+02
1.800000e-06	7.810751e-06	1.494954e-08	5.489198e+01	8.833382e+02
1.810000e-06	7.768837e-06	1.482116e-08	5.459743e+01	8.816783e+02
1.820000e-06	7.724251e-06	1.479617e-08	5.428408e+01	8.799279e+02
1.830000e-06	7.677024e-06	1.485934e-08	5.395219e+01	8.780280e+02
1.840000e-06	7.626861e-06	1.470770e-08	5.359965e+01	8.759334e+02
1.850000e-06	7.573720e-06	1.475148e-08	5.322619e+01	8.736270e+02
1.860000e-06	7.517696e-06	1.462177e-08	5.283247e+01	8.711247e+02
1.870000e-06	7.458886e-06	1.462268e-08	5.241917e+01	8.684671e+02
1.880000e-06	7.397528e-06	1.461526e-08	5.198796e+01	8.657038e+02
1.890000e-06	7.333382e-06	1.449371e-08	5.153715e+01	8.628737e+02
1.900000e-06	7.266493e-06	1.452862e-08	5.106708e+01	8.599910e+02
1.910000e-06	7.196844e-06	1.440270e-08	5.057760e+01	8.570402e+02
1.920000e-06	7.124341e-06	1.439246e-08	5.006807e+01	8.539818e+02
1.930000e-06	7.049183e-06	1.431556e-08	4.953988e+01	8.507679e+02
1.940000e-06	6.971263e-06	1.424802e-08	4.899227e+01	8.473599e+02
1.950000e-06	6.890812e-06	1.423460e-08	4.842688e+01	8.437420e+02
1.960000e-06	6.808013e-06	1.412479e-08	4.784500e+01	8.399276e+02
1.970000e-06	6.722779e-06	1.411565e-08	4.724599e+01	8.359529e+02
1.980000e-06	6.635022e-06	1.398784e-08	4.662926e+01	8.318644e+02
1.990000e-06	6.544814e-06	1.393019e-08	4.599530e+01	8.277010e+02
2.000000e-06	6.452393e-06	1.385369e-08	4.534579e+01	8.234813e+02
2.010000e-06	6.357612e-06	1.377983e-08	4.467969e+01	8.191969e+02
2.020000e-06	6.260526e-06	1.372728e-08	4.399740e+01	8.148167e+02
2.030000e-06	6.161299e-06	1.363414e-08	4.330006e+01	8.102983e+02
2.040000e-06	6.059936e-06	1.359048e-08	4.258770e+01	8.056034e+02
2.050000e-06	5.956324e-06	1.347647e-08	4.185954e+01	8.007108e+02
2.060000e-06	5.850494e-06	1.339837e-08	4.111579e+01	7.956219e+02
2.070000e-06	5.742691e-06	1.328231e-08	4.035818e+01	7.903587e+02
2.080000e-06	5.632937e-06	1.320344e-08	3.958686e+01	7.849534e+02
2.090000e-06	5.521057e-06	1.311413e-08	3.880059e+01	7.794356e+02
2.100000e-06	5.406989e-06	1.302703e-08	3.799895e+01	7.738211e+02
2.110000e-06	5.290930e-06	1.293907e-08	3.718332e+01	7.681058e+02
2.120000e-06	5.172751e-06	1.283766e-08	3.635279e+01	7.622687e+02
2.130000e-06	5.052497e-06	1.273792e-08	3.550768e+01	7.562799e+02
2.140000e-06	4.930427e-06	1.261416e-08	3.464980e+01	7.501119e+02
2.150000e-06	4.806681e-06	1.250934e-08	3.378014e+01	7.437495e+02
2.160000e-06	4.681256e-06	1.239177e-08	3.289869e+01	7.371948e+02
2.170000e-06	4.554067e-06	1.229268e-08	3.200483e+01	7.304642e+02
2.180000e-06	4.425228e-06	1.217766e-08	3.109938e+01	7.235810e+02
2.190000e-06	4.294820e-06	1.207155e-08	3.018291e+01	7.165649e+02
2.200000e-06	4.162953e-06	1.194564e-08	2.925618e+01	7.094230e+02
2.210000e-06	4.029671e-06	1.181987e-08	2.831951e+01	7.021455e+02
2.220000e-06	3.894921e-06	1.168544e-08	2.737252e+01	6.947079e+02
2.230000e-06	3.758627e-06	1.155140e-08	2.641468e+01	6.870783e+02
2.240000e-06	3.620929e-06	1.142049e-08	2.544697e+01	6.792269e+02
2.250000e-06	3.481990e-06	1.128651e-08	2.447055e+01	6.711349e+02
2.260000e-06	3.341786e-06	1.115637e-08	2.348523e+01	6.627987e+02
2.270000e-06	3.200280e-06	1.101298e-08	2.249076e+01	6.542287e+02
2.280000e-06	3.057493e-06	1.086858e-08	2.148729e+01	6.454429e+02
2.290000e-06	2.913472e-06	1.070960e-08	2.047515e+01	6.364582e+02
2.300000e-06	2.768377e-06	1.055121e-08	1.945546e+01	6.272826e+02
2.310000e-06	2.622358e-06	1.038654e-08	1.842927e+01	6.179105e+02
2.320000e-06	2.475427e-06	1.022672e-08	1.739668e+01	6.083234e+02
2.330000e-06	2.327708e-06	1.006490e-08	1.635854e+01	5.984946e+02
2.340000e-06	2.179261e-06	9.899905e-09	1.531530e+01	5.883967e+02
2.350000e-06	2.030059e-06	9.728408e-09	1.426674e+01	5.780086e+02
2.360000e-06	1.880138e-06	9.549151e-09	1.321314e+01	5.673192e+02
2.370000e-06	1.729580e-06	9.361558e-09	1.215505e+01	5.563278e+02
2.380000e-06	1.578398e-06	9.164797e-09	1.109259e+01	5.450395e+02
2.390000e-06	1.426581e-06	8.964833e-09	1.002565e+01	5.334599e+02
2.400000e-06	1.274147e-06	8.763797e-09	8.954383e+00	5.215882e+02
2.410000e-06	1.121198e-06	8.560077e-09	7.879497e+00	5.094140e+02
2.420000e-06	9.678863e-07	8.351649e-09	6.802060e+00	4.969159e+02
2.430000e-06	8.142872e-07	8.140363e-09	5.722605e+00	4.840642e+02
2.440000e-06	6.604390e-07	7.919540e-09	4.641398e+00	4.708243e+02
2.450000e-06	5.063435e-07	7.689686e-09	3.558454e+00	4.571593e+02
2.460000e-06	3.520469e-07	7.446377e-09	2.474097e+00	4.430320e+02
2.470000e-06	1.976129e-07	7.195009e-09	1.388774e+00	4.284038e+02
2.480000e-06	4.310326e-08	6.936495e-09	3.029188e-01	4.132327e+02
2.490000e-06	-1.114486e-07	6.671453e-09	-7.832324e-01	3.974715e+02
2.500000e-06	-2.659127e-07	6.398238e-09	-1.868767e+00	3.810682e+02
2.510000e-06	-4.201677e-07	6.114581e-09	-2.952833e+00	3.639695e+02
2.520000e-06	-5.742558e-07	5.818086e-09	-4.035724e+00	3.461268e+02
2.530000e-06	-7.281480e-07	5.504247e-09	-5.117240e+00	3.275025e+02
2.540000e-06	-8.817616e-07	5.172550e-09	-6.196798e+00	3.080749e+02
2.550000e-06	-1.035042e-06	4.825438e-09	-7.274013e+00	2.878370e+02
2.560000e-06	-1.187931e-06	4.468811e-09	-8.348480e+00	2.667898e+02
2.570000e-06	-1.340390e-06	4.102140e-09	-9.419922e+00	2.449290e+02
2.580000e-06	-1.492308e-06	3.723908e-09	-1.048757e+01	2.222302e+02
2.590000e-06	-1.643620e-06	3.331417e-09	-1.155095e+01	1.986343e+02
2.600000e-06	-1.794294e-06	2.922387e-09	-1.260985e+01	1.740418e+02
2.610000e-06	-1.944270e-06	2.491690e-09	-1.366384e+01	1.483156e+02
2.620000e-06	-2.093585e-06	2.035796e-09	-1.471318e+01	1.212976e+02
2.630000e-06	-2.242202e-06	1.553120e-09	-1.575763e+01	9.283356e+01
2.640000e-06	-2.390050e-06	1.045029e-09	-1.679666e+01	6.280342e+01
2.650000e-06	-2.537119e-06	5.143135e-10	-1.783023e+01	3.114958e+01
2.660000e-06	-2.683292e-06	-4.013912e-11	-1.885750e+01	-2.102607e+00
2.670000e-06	-2.828483e-06	-6.191580e-10	-1.987787e+01	-3.683681e+01
2.680000e-06	-2.972640e-06	-1.219227e-09	-2.089096e+01	-7.285101e+01
2.690000e-06	-3.115579e-06	-1.837825e-09	-2.189550e+01	-1.098740e+02
2.700000e-06	-3.257285e-06	-2.471601e-09	-2.289137e+01	-1.475883e+02
2.710000e-06	-3.397775e-06	-3.114512e-09	-2.387871e+01	-1.856543e+02
2.720000e-06	-3.537003e-06	-3.757884e-09	-2.485716e+01	-2.237306e+02
2.730000e-06	-3.674938e-06	-4.392669e-09	-2.582653e+01	-2.614881e+02
2.740000e-06	-3.811575e-06	-5.015151e-09	-2.678678e+01	-2.986186e+02
2.750000e-06	-3.946762e-06	-5.622256e-09	-2.773684e+01	-3.348399e+02
2.760000e-06	-4.080415e-06	-6.209596e-09	-2.867613e+01	-3.699004e+02
2.770000e-06	-4.212669e-06	-6.774860e-09	-2.960557e+01	-4.035851e+02
2.780000e-06	-4.343501e-06	-7.316023e-09	-3.052503e+01	-4.357250e+02
2.790000e-06	-4.472859e-06	-7.830532e-09	-3.143412e+01	-4.662052e+02
2.800000e-06	-4.600668e-06	-8.317120e-09	-3.233233e+01	-4.949717e+02
2.810000e-06	-4.726751e-06	-8.773788e-09	-3.321841e+01	-5.220300e+02
2.820000e-06	-4.851100e-06	-9.201034e-09	-3.409230e+01	-5.474370e+02
2.830000e-06	-4.973788e-06	-9.602365e-09	-3.495453e+01	-5.712837e+02
2.840000e-06	-5.094690e-06	-9.980185e-09	-3.580420e+01	-5.936751e+02
2.850000e-06	-5.213637e-06	-1.033459e-08	-3.664012e+01	-6.147094e+02
2.860000e-06	-5.330525e-06	-1.066658e-08	-3.746158e+01	-6.344649e+02
2.870000e-06	-5.445232e-06	-1.097879e-08	-3.826772e+01	-6.529961e+02
2.880000e-06	-5.557672e-06	-1.127262e-08	-3.905792e+01	-6.703391e+02
2.890000e-06	-5.667949e-06	-1.154673e-08	-3.983292e+01	-6.865255e+02
2.900000e-06	-5.776321e-06	-1.180084e-08	-4.059452e+01	-7.015964e+02
2.910000e-06	-5.882867e-06	-1.203684e-08	-4.134330e+01	-7.156132e+02
2.920000e-06	-5.987424e-06	-1.225877e-08	-4.207811e+01	-7.286595e+02
2.930000e-06	-6.089707e-06	-1.246617e-08	-4.279692e+01	-7.408336e+02
2.940000e-06	-6.189673e-06	-1.265805e-08	-4.349946e+01	-7.522345e+02
2.950000e-06	-6.287567e-06	-1.283622e-08	-4.418743e+01	-7.629459e+02
2.960000e-06	-6.383319e-06	-1.300404e-08	-4.486036e+01	-7.730246e+02
2.970000e-06	-6.476766e-06	-1.316393e-08	-4.551707e+01	-7.824979e+02
2.980000e-06	-6.567922e-06	-1.331504e-08	-4.615769e+01	-7.913706e+02
2.990000e-06	-6.656830e-06	-1.345721e-08	-4.678252e+01	-7.996392e+02
3.000000e-06	-6.743361e-06	-1.359098e-08	-4.739064e+01	-8.073088e+02
3.010000e-06	-6.827418e-06	-1.371494e-08	-4.798137e+01	-8.144050e+02
3.020000e-06	-6.909142e-06	-1.382566e-08	-4.855570e+01	-8.209779e+02
3.030000e-06	-6.988424e-06	-1.392389e-08	-4.911288e+01	-8.270959e+02
3.040000e-06	-7.064982e-06	-1.401523e-08	-4.965091e+01	-8.328315e+02
3.050000e-06	-7.138813e-06	-1.410485e-08	-5.016978e+01	-8.382455e+02
3.060000e-06	-7.210019e-06	-1.419113e-08	-5.067019e+01	-8.433746e+02
3.070000e-06	-7.278583e-06	-1.427361e-08	-5.115205e+01	-8.482272e+02
3.080000e-06	-7.344644e-06	-1.435323e-08	-5.161630e+01	-8.527898e+02
3.090000e-06	-7.408184e-06	-1.442865e-08	-5.206285e+01	-8.570406e+02
3.100000e-06	-7.469023e-06	-1.449896e-08	-5.249041e+01	-8.609647e+02
3.110000e-06	-7.527220e-06	-1.455825e-08	-5.289940e+01	-8.645668e+02
3.120000e-06	-7.582685e-06	-1.460853e-08	-5.328919e+01	-8.678741e+02
3.130000e-06	-7.635208e-06	-1.465508e-08	-5.365831e+01	-8.709308e+02
3.140000e-06	-7.684640e-06	-1.470161e-08	-5.400571e+01	-8.737846e+02
3.150000e-06	-7.731051e-06	-1.474833e-08	-5.433187e+01	-8.764719e+02
3.160000e-06	-7.774916e-06	-1.479307e-08	-5.464014e+01	-8.790065e+02
3.170000e-06	-7.816388e-06	-1.483466e-08	-5.493160e+01	-8.813778e+02
3.180000e-06	-7.855147e-06	-1.487423e-08	-5.520399e+01	-8.835573e+02
3.190000e-06	-7.891088e-06	-1.490877e-08	-5.545657e+01	-8.855127e+02
3.200000e-06	-7.924293e-06	-1.493519e-08	-5.568993e+01	-8.872234e+02
3.210000e-06	-7.954626e-06	-1.495651e-08	-5.590310e+01	-8.886910e+02
3.220000e-06	-7.982036e-06	-1.497594e-08	-5.609573e+01	-8.899411e+02
3.230000e-06	-8.006724e-06	-1.499438e-08	-5.626923e+01	-8.910159e+02
3.240000e-06	-8.028573e-06	-1.501212e-08	-5.642278e+01	-8.919600e+02
3.250000e-06	-8.047553e-06	-1.502974e-08	-5.655617e+01	-8.928053e+02
3.260000e-06	-8.063737e-06	-1.504420e-08	-5.666990e+01	-8.935610e+02
3.270000e-06	-8.076806e-06	-1.505453e-08	-5.676175e+01	-8.942125e+02
3.280000e-06	-8.086784e-06	-1.506087e-08	-5.683188e+01	-8.947295e+02
3.290000e-06	-8.093925e-06	-1.506687e-08	-5.688206e+01	-8.950809e+02
3.300000e-06	-8.098231e-06	-1.507304e-08	-5.691232e+01	-8.952489e+02
3.310000e-06	-8.099728e-06	-1.507664e-08	-5.692284e+01	-8.952385e+02
