# Temperatura_=_66.95
# Concentracion g/m^3_=_11780.0
# C_Vs_to_Am_M_A/Vsm_=_59384043850.047264
# pendiente_HvsI_1/m_=_3716.3
# ordenada_HvsI_A/m_=_1297.0
# frecuencia_Hz_=_301535.2847707653

Tiempo_(s)	Campo_(V.s)	Magnetizacion_(V.s)	Campo_(kA/m)	Magnetizacion_(A/m)
0.000000e+00	-8.086595e-06	-1.568005e-08	-5.692019e+01	-9.310922e+02
1.000000e-08	-8.083799e-06	-1.567805e-08	-5.690051e+01	-9.308093e+02
2.000000e-08	-8.078326e-06	-1.567255e-08	-5.686198e+01	-9.304195e+02
3.000000e-08	-8.070252e-06	-1.566301e-08	-5.680515e+01	-9.299556e+02
4.000000e-08	-8.059348e-06	-1.565402e-08	-5.672840e+01	-9.294302e+02
5.000000e-08	-8.045502e-06	-1.564433e-08	-5.663094e+01	-9.288296e+02
6.000000e-08	-8.028750e-06	-1.563271e-08	-5.651303e+01	-9.281186e+02
7.000000e-08	-8.009450e-06	-1.562308e-08	-5.637718e+01	-9.272532e+02
8.000000e-08	-7.987627e-06	-1.559441e-08	-5.622357e+01	-9.261974e+02
9.000000e-08	-7.962586e-06	-1.555088e-08	-5.604731e+01	-9.249376e+02
1.000000e-07	-7.934206e-06	-1.553397e-08	-5.584755e+01	-9.234882e+02
1.100000e-07	-7.902987e-06	-1.553166e-08	-5.562780e+01	-9.218871e+02
1.200000e-07	-7.869069e-06	-1.551253e-08	-5.538906e+01	-9.201831e+02
1.300000e-07	-7.832621e-06	-1.548056e-08	-5.513251e+01	-9.184177e+02
1.400000e-07	-7.794048e-06	-1.545734e-08	-5.486100e+01	-9.166114e+02
1.500000e-07	-7.753182e-06	-1.541541e-08	-5.457335e+01	-9.147562e+02
1.600000e-07	-7.709537e-06	-1.536677e-08	-5.426614e+01	-9.128197e+02
1.700000e-07	-7.663152e-06	-1.534612e-08	-5.393965e+01	-9.107571e+02
1.800000e-07	-7.613911e-06	-1.528704e-08	-5.359305e+01	-9.085281e+02
1.900000e-07	-7.561445e-06	-1.524997e-08	-5.322375e+01	-9.061109e+02
2.000000e-07	-7.506108e-06	-1.523647e-08	-5.283424e+01	-9.035089e+02
2.100000e-07	-7.448088e-06	-1.518052e-08	-5.242585e+01	-9.007486e+02
2.200000e-07	-7.387418e-06	-1.512605e-08	-5.199880e+01	-8.978676e+02
2.300000e-07	-7.324143e-06	-1.506672e-08	-5.155342e+01	-8.949000e+02
2.400000e-07	-7.258060e-06	-1.501451e-08	-5.108827e+01	-8.918627e+02
2.500000e-07	-7.189324e-06	-1.495700e-08	-5.060445e+01	-8.887493e+02
2.600000e-07	-7.118005e-06	-1.490692e-08	-5.010244e+01	-8.855326e+02
2.700000e-07	-7.043896e-06	-1.486058e-08	-4.958081e+01	-8.821749e+02
2.800000e-07	-6.966957e-06	-1.480128e-08	-4.903925e+01	-8.786420e+02
2.900000e-07	-6.887258e-06	-1.474699e-08	-4.847826e+01	-8.749152e+02
3.000000e-07	-6.805042e-06	-1.466593e-08	-4.789955e+01	-8.709980e+02
3.100000e-07	-6.720538e-06	-1.458250e-08	-4.730474e+01	-8.669129e+02
3.200000e-07	-6.633801e-06	-1.451584e-08	-4.669422e+01	-8.626926e+02
3.300000e-07	-6.544727e-06	-1.445250e-08	-4.606724e+01	-8.583667e+02
3.400000e-07	-6.453309e-06	-1.438364e-08	-4.542376e+01	-8.539506e+02
3.500000e-07	-6.359664e-06	-1.430648e-08	-4.476461e+01	-8.494400e+02
3.600000e-07	-6.263633e-06	-1.423230e-08	-4.408866e+01	-8.448129e+02
3.700000e-07	-6.165240e-06	-1.414968e-08	-4.339609e+01	-8.400381e+02
3.800000e-07	-6.064706e-06	-1.405826e-08	-4.268845e+01	-8.350874e+02
3.900000e-07	-5.962045e-06	-1.396008e-08	-4.196584e+01	-8.299452e+02
4.000000e-07	-5.857158e-06	-1.387119e-08	-4.122755e+01	-8.246144e+02
4.100000e-07	-5.750132e-06	-1.379168e-08	-4.047422e+01	-8.191137e+02
4.200000e-07	-5.641159e-06	-1.370372e-08	-3.970718e+01	-8.134701e+02
4.300000e-07	-5.530212e-06	-1.360740e-08	-3.892623e+01	-8.077076e+02
4.400000e-07	-5.417119e-06	-1.350693e-08	-3.813019e+01	-8.018381e+02
4.500000e-07	-5.301834e-06	-1.340625e-08	-3.731872e+01	-7.958560e+02
4.600000e-07	-5.184495e-06	-1.329982e-08	-3.649279e+01	-7.897399e+02
4.700000e-07	-5.065313e-06	-1.318678e-08	-3.565389e+01	-7.834602e+02
4.800000e-07	-4.944275e-06	-1.307333e-08	-3.480192e+01	-7.769886e+02
4.900000e-07	-4.821353e-06	-1.296815e-08	-3.393670e+01	-7.703080e+02
5.000000e-07	-4.696709e-06	-1.286289e-08	-3.305935e+01	-7.634175e+02
5.100000e-07	-4.570471e-06	-1.274430e-08	-3.217078e+01	-7.563310e+02
5.200000e-07	-4.442684e-06	-1.261832e-08	-3.127131e+01	-7.490715e+02
5.300000e-07	-4.313226e-06	-1.249505e-08	-3.036008e+01	-7.416614e+02
5.400000e-07	-4.182051e-06	-1.236890e-08	-2.943676e+01	-7.341136e+02
5.500000e-07	-4.049365e-06	-1.223517e-08	-2.850280e+01	-7.264255e+02
5.600000e-07	-3.915303e-06	-1.209851e-08	-2.755916e+01	-7.185790e+02
5.700000e-07	-3.779826e-06	-1.196770e-08	-2.660557e+01	-7.105451e+02
5.800000e-07	-3.642944e-06	-1.183721e-08	-2.564207e+01	-7.022928e+02
5.900000e-07	-3.504700e-06	-1.169595e-08	-2.466900e+01	-6.937972e+02
6.000000e-07	-3.365020e-06	-1.154477e-08	-2.368581e+01	-6.850463e+02
6.100000e-07	-3.223961e-06	-1.139241e-08	-2.269293e+01	-6.760426e+02
6.200000e-07	-3.081596e-06	-1.123925e-08	-2.169084e+01	-6.668000e+02
6.300000e-07	-2.938006e-06	-1.107920e-08	-2.068014e+01	-6.573371e+02
6.400000e-07	-2.793298e-06	-1.091495e-08	-1.966156e+01	-6.476690e+02
6.500000e-07	-2.647583e-06	-1.075221e-08	-1.863589e+01	-6.378004e+02
6.600000e-07	-2.501044e-06	-1.058924e-08	-1.760443e+01	-6.277227e+02
6.700000e-07	-2.353661e-06	-1.041719e-08	-1.656702e+01	-6.174151e+02
6.800000e-07	-2.205497e-06	-1.023447e-08	-1.552412e+01	-6.068490e+02
6.900000e-07	-2.056664e-06	-1.004826e-08	-1.447651e+01	-5.959956e+02
7.000000e-07	-1.907168e-06	-9.863504e-09	-1.342423e+01	-5.848317e+02
7.100000e-07	-1.756993e-06	-9.672961e-09	-1.236718e+01	-5.733440e+02
7.200000e-07	-1.606200e-06	-9.472670e-09	-1.130577e+01	-5.615296e+02
7.300000e-07	-1.454812e-06	-9.267627e-09	-1.024018e+01	-5.493925e+02
7.400000e-07	-1.302825e-06	-9.062951e-09	-9.170367e+00	-5.369381e+02
7.500000e-07	-1.150348e-06	-8.850362e-09	-8.097105e+00	-5.241667e+02
7.600000e-07	-9.974379e-07	-8.624439e-09	-7.020798e+00	-5.110682e+02
7.700000e-07	-8.441628e-07	-8.395015e-09	-5.941921e+00	-4.976194e+02
7.800000e-07	-6.906202e-07	-8.166840e-09	-4.861160e+00	-4.837841e+02
7.900000e-07	-5.368847e-07	-7.932707e-09	-3.779041e+00	-4.695158e+02
8.000000e-07	-3.829501e-07	-7.684107e-09	-2.695522e+00	-4.547610e+02
8.100000e-07	-2.287916e-07	-7.421463e-09	-1.610426e+00	-4.394638e+02
8.200000e-07	-7.451890e-08	-7.152740e-09	-5.245261e-01	-4.235680e+02
8.300000e-07	7.972235e-08	-6.876663e-09	5.611523e-01	-4.070197e+02
8.400000e-07	2.338946e-07	-6.584785e-09	1.646345e+00	-3.897679e+02
8.500000e-07	3.879758e-07	-6.278780e-09	2.730897e+00	-3.717658e+02
8.600000e-07	5.418565e-07	-5.963292e-09	3.814037e+00	-3.529717e+02
8.700000e-07	6.955030e-07	-5.636517e-09	4.895529e+00	-3.333500e+02
8.800000e-07	8.489269e-07	-5.289438e-09	5.975454e+00	-3.128719e+02
8.900000e-07	1.002085e-06	-4.923445e-09	7.053511e+00	-2.915126e+02
9.000000e-07	1.154886e-06	-4.548179e-09	8.129049e+00	-2.692466e+02
9.100000e-07	1.307246e-06	-4.162863e-09	9.201484e+00	-2.460386e+02
9.200000e-07	1.459108e-06	-3.756991e-09	1.027042e+01	-2.218326e+02
9.300000e-07	1.610417e-06	-3.326681e-09	1.133545e+01	-1.965426e+02
9.400000e-07	1.761170e-06	-2.878068e-09	1.239658e+01	-1.700470e+02
9.500000e-07	1.911288e-06	-2.409104e-09	1.345324e+01	-1.421929e+02
9.600000e-07	2.060673e-06	-1.911558e-09	1.450473e+01	-1.128097e+02
9.700000e-07	2.209364e-06	-1.381303e-09	1.555134e+01	-8.173459e+01
9.800000e-07	2.357282e-06	-8.223745e-10	1.659252e+01	-4.884370e+01
9.900000e-07	2.504360e-06	-2.396304e-10	1.762777e+01	-1.408514e+01
1.000000e-06	2.650582e-06	3.738417e-10	1.865701e+01	2.249427e+01
1.010000e-06	2.795857e-06	1.022002e-09	1.967957e+01	6.073459e+01
1.020000e-06	2.940072e-06	1.694363e-09	2.069467e+01	1.003644e+02
1.030000e-06	3.083201e-06	2.379486e-09	2.170213e+01	1.410185e+02
1.040000e-06	3.225249e-06	3.076124e-09	2.270199e+01	1.822688e+02
1.050000e-06	3.366133e-06	3.779861e-09	2.369365e+01	2.236605e+02
1.060000e-06	3.505689e-06	4.476377e-09	2.467596e+01	2.647478e+02
1.070000e-06	3.643848e-06	5.154172e-09	2.564844e+01	3.051222e+02
1.080000e-06	3.780611e-06	5.812588e-09	2.661109e+01	3.444309e+02
1.090000e-06	3.915907e-06	6.451627e-09	2.756342e+01	3.823836e+02
1.100000e-06	4.049809e-06	7.066918e-09	2.850593e+01	4.187526e+02
1.110000e-06	4.182359e-06	7.650243e-09	2.943892e+01	4.533689e+02
1.120000e-06	4.313372e-06	8.200808e-09	3.036110e+01	4.861179e+02
1.130000e-06	4.442756e-06	8.721866e-09	3.127182e+01	5.169375e+02
1.140000e-06	4.570578e-06	9.210945e-09	3.217154e+01	5.458162e+02
1.150000e-06	4.696827e-06	9.665480e-09	3.306018e+01	5.727919e+02
1.160000e-06	4.821515e-06	1.008606e-08	3.393784e+01	5.979450e+02
1.170000e-06	4.944507e-06	1.047770e-08	3.480356e+01	6.213880e+02
1.180000e-06	5.065675e-06	1.084413e-08	3.565644e+01	6.432496e+02
1.190000e-06	5.185030e-06	1.118512e-08	3.649656e+01	6.636572e+02
1.200000e-06	5.302447e-06	1.150216e-08	3.732303e+01	6.827221e+02
1.210000e-06	5.417747e-06	1.180131e-08	3.813461e+01	7.005319e+02
1.220000e-06	5.530934e-06	1.208401e-08	3.893132e+01	7.171511e+02
1.230000e-06	5.642140e-06	1.234725e-08	3.971408e+01	7.326303e+02
1.240000e-06	5.751409e-06	1.258906e-08	4.048320e+01	7.470196e+02
1.250000e-06	5.858636e-06	1.281322e-08	4.123796e+01	7.603806e+02
1.260000e-06	5.963699e-06	1.302210e-08	4.197748e+01	7.727936e+02
1.270000e-06	6.066597e-06	1.321534e-08	4.270176e+01	7.843545e+02
1.280000e-06	6.167303e-06	1.339384e-08	4.341061e+01	7.951646e+02
1.290000e-06	6.265695e-06	1.356311e-08	4.410318e+01	8.053154e+02
1.300000e-06	6.361738e-06	1.372638e-08	4.477921e+01	8.148750e+02
1.310000e-06	6.455620e-06	1.388035e-08	4.544003e+01	8.238810e+02
1.320000e-06	6.547326e-06	1.402220e-08	4.608553e+01	8.323432e+02
1.330000e-06	6.636707e-06	1.415303e-08	4.671467e+01	8.402553e+02
1.340000e-06	6.723761e-06	1.427455e-08	4.732743e+01	8.476119e+02
1.350000e-06	6.808497e-06	1.438745e-08	4.792388e+01	8.544236e+02
1.360000e-06	6.890921e-06	1.449113e-08	4.850404e+01	8.607265e+02
1.370000e-06	6.970862e-06	1.458757e-08	4.906673e+01	8.665801e+02
1.380000e-06	7.048215e-06	1.468148e-08	4.961120e+01	8.720567e+02
1.390000e-06	7.122936e-06	1.477298e-08	5.013716e+01	8.772247e+02
1.400000e-06	7.194985e-06	1.485808e-08	5.064430e+01	8.821328e+02
1.410000e-06	7.264461e-06	1.493546e-08	5.113333e+01	8.868013e+02
1.420000e-06	7.331333e-06	1.500857e-08	5.160403e+01	8.912233e+02
1.430000e-06	7.395566e-06	1.507912e-08	5.205616e+01	8.953751e+02
1.440000e-06	7.457322e-06	1.514380e-08	5.249084e+01	8.992328e+02
1.450000e-06	7.516539e-06	1.520188e-08	5.290766e+01	9.027871e+02
1.460000e-06	7.573048e-06	1.525563e-08	5.330542e+01	9.060521e+02
1.470000e-06	7.626696e-06	1.530797e-08	5.368304e+01	9.090636e+02
1.480000e-06	7.677190e-06	1.535885e-08	5.403846e+01	9.118683e+02
1.490000e-06	7.724634e-06	1.540663e-08	5.437241e+01	9.145088e+02
1.500000e-06	7.769351e-06	1.544923e-08	5.468716e+01	9.170084e+02
1.510000e-06	7.811261e-06	1.548717e-08	5.498216e+01	9.193649e+02
1.520000e-06	7.850357e-06	1.552186e-08	5.525735e+01	9.215527e+02
1.530000e-06	7.886795e-06	1.555282e-08	5.551383e+01	9.235351e+02
1.540000e-06	7.920501e-06	1.558039e-08	5.575108e+01	9.252805e+02
1.550000e-06	7.951417e-06	1.560595e-08	5.596870e+01	9.267766e+02
1.560000e-06	7.979615e-06	1.563038e-08	5.616717e+01	9.280374e+02
1.570000e-06	8.004957e-06	1.565108e-08	5.634555e+01	9.290998e+02
1.580000e-06	8.027405e-06	1.566777e-08	5.650356e+01	9.300116e+02
1.590000e-06	8.047149e-06	1.568105e-08	5.664254e+01	9.308152e+02
1.600000e-06	8.064114e-06	1.569206e-08	5.676195e+01	9.315338e+02
1.610000e-06	8.078120e-06	1.570050e-08	5.686054e+01	9.321644e+02
1.620000e-06	8.089011e-06	1.570568e-08	5.693719e+01	9.326822e+02
1.630000e-06	8.096782e-06	1.570988e-08	5.699189e+01	9.330524e+02
1.640000e-06	8.101710e-06	1.571534e-08	5.702658e+01	9.332460e+02
1.650000e-06	8.103829e-06	1.571799e-08	5.704150e+01	9.332530e+02
1.660000e-06	8.103122e-06	1.571747e-08	5.703652e+01	9.330873e+02
1.670000e-06	8.099797e-06	1.571587e-08	5.701311e+01	9.327820e+02
1.680000e-06	8.093784e-06	1.570972e-08	5.697079e+01	9.323766e+02
1.690000e-06	8.085053e-06	1.569935e-08	5.690934e+01	9.319012e+02
1.700000e-06	8.073626e-06	1.568478e-08	5.682891e+01	9.313637e+02
1.710000e-06	8.059393e-06	1.566844e-08	5.672872e+01	9.307461e+02
1.720000e-06	8.042573e-06	1.564937e-08	5.661033e+01	9.300103e+02
1.730000e-06	8.023416e-06	1.564304e-08	5.647548e+01	9.291127e+02
1.740000e-06	8.001511e-06	1.566015e-08	5.632130e+01	9.280204e+02
1.750000e-06	7.976187e-06	1.564626e-08	5.614305e+01	9.267245e+02
1.760000e-06	7.947176e-06	1.559729e-08	5.593884e+01	9.252443e+02
1.770000e-06	7.914941e-06	1.555635e-08	5.571194e+01	9.236209e+02
1.780000e-06	7.880217e-06	1.551804e-08	5.546753e+01	9.219029e+02
1.790000e-06	7.843122e-06	1.546944e-08	5.520642e+01	9.201292e+02
1.800000e-06	7.803806e-06	1.546311e-08	5.492969e+01	9.183152e+02
1.810000e-06	7.762285e-06	1.543738e-08	5.463742e+01	9.164480e+02
1.820000e-06	7.718156e-06	1.538144e-08	5.432681e+01	9.144920e+02
1.830000e-06	7.671437e-06	1.538374e-08	5.399796e+01	9.124019e+02
1.840000e-06	7.621814e-06	1.533749e-08	5.364867e+01	9.101399e+02
1.850000e-06	7.569048e-06	1.528429e-08	5.327726e+01	9.076882e+02
1.860000e-06	7.513393e-06	1.523602e-08	5.288552e+01	9.050552e+02
1.870000e-06	7.455033e-06	1.517648e-08	5.247473e+01	9.022701e+02
1.880000e-06	7.394148e-06	1.515626e-08	5.204617e+01	8.993711e+02
1.890000e-06	7.330480e-06	1.509665e-08	5.159803e+01	8.963901e+02
1.900000e-06	7.264101e-06	1.505424e-08	5.113079e+01	8.933399e+02
1.910000e-06	7.195029e-06	1.499372e-08	5.064461e+01	8.902102e+02
1.920000e-06	7.123083e-06	1.492945e-08	5.013819e+01	8.869709e+02
1.930000e-06	7.048505e-06	1.489037e-08	4.961325e+01	8.835837e+02
1.940000e-06	6.971210e-06	1.480972e-08	4.906918e+01	8.800165e+02
1.950000e-06	6.891243e-06	1.476000e-08	4.850631e+01	8.762545e+02
1.960000e-06	6.808836e-06	1.469773e-08	4.792626e+01	8.723048e+02
1.970000e-06	6.723966e-06	1.463349e-08	4.732888e+01	8.681927e+02
1.980000e-06	6.636564e-06	1.455571e-08	4.671366e+01	8.639513e+02
1.990000e-06	6.546802e-06	1.446289e-08	4.608185e+01	8.596084e+02
2.000000e-06	6.454886e-06	1.439731e-08	4.543486e+01	8.551759e+02
2.010000e-06	6.360613e-06	1.432115e-08	4.477129e+01	8.506462e+02
2.020000e-06	6.264019e-06	1.425163e-08	4.409138e+01	8.459947e+02
2.030000e-06	6.165277e-06	1.416857e-08	4.339636e+01	8.411899e+02
2.040000e-06	6.064348e-06	1.409377e-08	4.268593e+01	8.362053e+02
2.050000e-06	5.961198e-06	1.400919e-08	4.195987e+01	8.310284e+02
2.060000e-06	5.855921e-06	1.390846e-08	4.121885e+01	8.256651e+02
2.070000e-06	5.748665e-06	1.380523e-08	4.046389e+01	8.201365e+02
2.080000e-06	5.639349e-06	1.370055e-08	3.969444e+01	8.144697e+02
2.090000e-06	5.527918e-06	1.361210e-08	3.891009e+01	8.086874e+02
2.100000e-06	5.414381e-06	1.351880e-08	3.811092e+01	8.027983e+02
2.110000e-06	5.298755e-06	1.342172e-08	3.729705e+01	7.967938e+02
2.120000e-06	5.180946e-06	1.331940e-08	3.646782e+01	7.906504e+02
2.130000e-06	5.061148e-06	1.321464e-08	3.562457e+01	7.843379e+02
2.140000e-06	4.939646e-06	1.310018e-08	3.476934e+01	7.778295e+02
2.150000e-06	4.816373e-06	1.297492e-08	3.390164e+01	7.711107e+02
2.160000e-06	4.691310e-06	1.285469e-08	3.302134e+01	7.641833e+02
2.170000e-06	4.564505e-06	1.273887e-08	3.212879e+01	7.570638e+02
2.180000e-06	4.436032e-06	1.262521e-08	3.122449e+01	7.497755e+02
2.190000e-06	4.306036e-06	1.250475e-08	3.030947e+01	7.423400e+02
2.200000e-06	4.174569e-06	1.237673e-08	2.938409e+01	7.347674e+02
2.210000e-06	4.041586e-06	1.224614e-08	2.844805e+01	7.270524e+02
2.220000e-06	3.907125e-06	1.210845e-08	2.750160e+01	7.191743e+02
2.230000e-06	3.771201e-06	1.196458e-08	2.654485e+01	7.111033e+02
2.240000e-06	3.633921e-06	1.181719e-08	2.557856e+01	7.028087e+02
2.250000e-06	3.495352e-06	1.167746e-08	2.460320e+01	6.942676e+02
2.260000e-06	3.355467e-06	1.153741e-08	2.361857e+01	6.854706e+02
2.270000e-06	3.214286e-06	1.139070e-08	2.262482e+01	6.764226e+02
2.280000e-06	3.071871e-06	1.123329e-08	2.162239e+01	6.671390e+02
2.290000e-06	2.928274e-06	1.107098e-08	2.061163e+01	6.576382e+02
2.300000e-06	2.783597e-06	1.090392e-08	1.959328e+01	6.479339e+02
2.310000e-06	2.637982e-06	1.073179e-08	1.856832e+01	6.380286e+02
2.320000e-06	2.491492e-06	1.055604e-08	1.753720e+01	6.279113e+02
2.330000e-06	2.344165e-06	1.038177e-08	1.650019e+01	6.175593e+02
2.340000e-06	2.195986e-06	1.021210e-08	1.545718e+01	6.069436e+02
2.350000e-06	2.047032e-06	1.003238e-08	1.440872e+01	5.960358e+02
2.360000e-06	1.897365e-06	9.842770e-09	1.335524e+01	5.848144e+02
2.370000e-06	1.746967e-06	9.643045e-09	1.229661e+01	5.732679e+02
2.380000e-06	1.595923e-06	9.440606e-09	1.123344e+01	5.613951e+02
2.390000e-06	1.444315e-06	9.232206e-09	1.016629e+01	5.492007e+02
2.400000e-06	1.292183e-06	9.019248e-09	9.095462e+00	5.366896e+02
2.410000e-06	1.139615e-06	8.804305e-09	8.021563e+00	5.238605e+02
2.420000e-06	9.867212e-07	8.588275e-09	6.945366e+00	5.107012e+02
2.430000e-06	8.334995e-07	8.367051e-09	5.866863e+00	4.971860e+02
2.440000e-06	6.799845e-07	8.130568e-09	4.786297e+00	4.832766e+02
2.450000e-06	5.262599e-07	7.882132e-09	3.704256e+00	4.689251e+02
2.460000e-06	3.723271e-07	7.627204e-09	2.620748e+00	4.540773e+02
2.470000e-06	2.182196e-07	7.366010e-09	1.536011e+00	4.386768e+02
2.480000e-06	6.401167e-08	7.095665e-09	4.505674e-01	4.226681e+02
2.490000e-06	-9.019142e-08	6.816912e-09	-6.348423e-01	4.059974e+02
2.500000e-06	-2.443070e-07	6.530117e-09	-1.719636e+00	3.886146e+02
2.510000e-06	-3.983003e-07	6.231330e-09	-2.803569e+00	3.704735e+02
2.520000e-06	-5.521182e-07	5.913597e-09	-3.886268e+00	3.515337e+02
2.530000e-06	-7.057250e-07	5.575194e-09	-4.967481e+00	3.317606e+02
2.540000e-06	-8.590561e-07	5.221952e-09	-6.046752e+00	3.111265e+02
2.550000e-06	-1.012053e-06	4.856658e-09	-7.123674e+00	2.896070e+02
2.560000e-06	-1.164737e-06	4.477657e-09	-8.198387e+00	2.671755e+02
2.570000e-06	-1.317057e-06	4.086621e-09	-9.270544e+00	2.437938e+02
2.580000e-06	-1.468939e-06	3.682396e-09	-1.033962e+01	2.194011e+02
2.590000e-06	-1.620233e-06	3.261184e-09	-1.140455e+01	1.939054e+02
2.600000e-06	-1.770804e-06	2.815259e-09	-1.246439e+01	1.671788e+02
2.610000e-06	-1.920671e-06	2.340094e-09	-1.351928e+01	1.390639e+02
2.620000e-06	-2.069853e-06	1.837451e-09	-1.456935e+01	1.093895e+02
2.630000e-06	-2.218348e-06	1.307340e-09	-1.561458e+01	7.799720e+01
2.640000e-06	-2.366078e-06	7.486460e-10	-1.665443e+01	4.477369e+01
2.650000e-06	-2.512952e-06	1.615223e-10	-1.768825e+01	9.683026e+00
2.660000e-06	-2.658938e-06	-4.528287e-10	-1.871582e+01	-2.720841e+01
2.670000e-06	-2.804012e-06	-1.093826e-09	-1.973697e+01	-6.572014e+01
2.680000e-06	-2.948116e-06	-1.759299e-09	-2.075130e+01	-1.055622e+02
2.690000e-06	-3.091056e-06	-2.444823e-09	-2.175743e+01	-1.463559e+02
2.700000e-06	-3.232703e-06	-3.141544e-09	-2.275445e+01	-1.876653e+02
2.710000e-06	-3.373132e-06	-3.840453e-09	-2.374291e+01	-2.290350e+02
2.720000e-06	-3.512324e-06	-4.531881e-09	-2.472266e+01	-2.700238e+02
2.730000e-06	-3.650195e-06	-5.207185e-09	-2.569311e+01	-3.102325e+02
2.740000e-06	-3.786764e-06	-5.861406e-09	-2.665440e+01	-3.493188e+02
2.750000e-06	-3.921904e-06	-6.492568e-09	-2.760562e+01	-3.870040e+02
2.760000e-06	-4.055575e-06	-7.096758e-09	-2.854651e+01	-4.230712e+02
2.770000e-06	-4.187838e-06	-7.674383e-09	-2.947749e+01	-4.573613e+02
2.780000e-06	-4.318643e-06	-8.223392e-09	-3.039821e+01	-4.897693e+02
2.790000e-06	-4.448007e-06	-8.739997e-09	-3.130878e+01	-5.202420e+02
2.800000e-06	-4.575822e-06	-9.222503e-09	-3.220845e+01	-5.487772e+02
2.810000e-06	-4.701990e-06	-9.671005e-09	-3.309652e+01	-5.754207e+02
2.820000e-06	-4.826526e-06	-1.008827e-08	-3.397311e+01	-6.002598e+02
2.830000e-06	-4.949315e-06	-1.047534e-08	-3.483740e+01	-6.234112e+02
2.840000e-06	-5.070304e-06	-1.083901e-08	-3.568902e+01	-6.450045e+02
2.850000e-06	-5.189379e-06	-1.118216e-08	-3.652717e+01	-6.651652e+02
2.860000e-06	-5.306405e-06	-1.150531e-08	-3.735090e+01	-6.840006e+02
2.870000e-06	-5.421328e-06	-1.180579e-08	-3.815982e+01	-7.015940e+02
2.880000e-06	-5.534017e-06	-1.208231e-08	-3.895302e+01	-7.180065e+02
2.890000e-06	-5.644538e-06	-1.233855e-08	-3.973096e+01	-7.332876e+02
2.900000e-06	-5.753072e-06	-1.257611e-08	-4.049491e+01	-7.474886e+02
2.910000e-06	-5.859685e-06	-1.279401e-08	-4.124535e+01	-7.606743e+02
2.920000e-06	-5.964321e-06	-1.299703e-08	-4.198186e+01	-7.729281e+02
2.930000e-06	-6.066781e-06	-1.319051e-08	-4.270306e+01	-7.843479e+02
2.940000e-06	-6.166969e-06	-1.337566e-08	-4.340826e+01	-7.950345e+02
2.950000e-06	-6.264980e-06	-1.354922e-08	-4.409815e+01	-8.050759e+02
2.960000e-06	-6.360861e-06	-1.371012e-08	-4.477304e+01	-8.145351e+02
2.970000e-06	-6.454544e-06	-1.386035e-08	-4.543246e+01	-8.234444e+02
2.980000e-06	-6.545930e-06	-1.400148e-08	-4.607571e+01	-8.318094e+02
2.990000e-06	-6.635008e-06	-1.413215e-08	-4.670271e+01	-8.396228e+02
3.000000e-06	-6.721712e-06	-1.425249e-08	-4.731300e+01	-8.468810e+02
3.010000e-06	-6.805949e-06	-1.436564e-08	-4.790594e+01	-8.535988e+02
3.020000e-06	-6.887802e-06	-1.447290e-08	-4.848209e+01	-8.598169e+02
3.030000e-06	-6.967236e-06	-1.457406e-08	-4.904121e+01	-8.655982e+02
3.040000e-06	-7.044029e-06	-1.466533e-08	-4.958174e+01	-8.710154e+02
3.050000e-06	-7.118154e-06	-1.474989e-08	-5.010350e+01	-8.761345e+02
3.060000e-06	-7.189670e-06	-1.483033e-08	-5.060688e+01	-8.809996e+02
3.070000e-06	-7.258579e-06	-1.490677e-08	-5.109193e+01	-8.856256e+02
3.080000e-06	-7.324954e-06	-1.497867e-08	-5.155912e+01	-8.900017e+02
3.090000e-06	-7.388766e-06	-1.504725e-08	-5.200829e+01	-8.941028e+02
3.100000e-06	-7.449886e-06	-1.511402e-08	-5.243850e+01	-8.979068e+02
3.110000e-06	-7.508338e-06	-1.517533e-08	-5.284993e+01	-9.014081e+02
3.120000e-06	-7.564093e-06	-1.522802e-08	-5.324239e+01	-9.046250e+02
3.130000e-06	-7.616975e-06	-1.527404e-08	-5.361461e+01	-9.075964e+02
3.140000e-06	-7.666789e-06	-1.531995e-08	-5.396524e+01	-9.103695e+02
3.150000e-06	-7.713550e-06	-1.536721e-08	-5.429439e+01	-9.129842e+02
3.160000e-06	-7.757696e-06	-1.541137e-08	-5.460513e+01	-9.154595e+02
3.170000e-06	-7.799421e-06	-1.544968e-08	-5.489882e+01	-9.177886e+02
3.180000e-06	-7.838452e-06	-1.548576e-08	-5.517355e+01	-9.199429e+02
3.190000e-06	-7.874683e-06	-1.551960e-08	-5.542858e+01	-9.218853e+02
3.200000e-06	-7.908151e-06	-1.554704e-08	-5.566415e+01	-9.235867e+02
3.210000e-06	-7.938782e-06	-1.556857e-08	-5.587976e+01	-9.250394e+02
3.220000e-06	-7.966552e-06	-1.558793e-08	-5.607523e+01	-9.262619e+02
3.230000e-06	-7.991532e-06	-1.560718e-08	-5.625106e+01	-9.272942e+02
3.240000e-06	-8.013654e-06	-1.562651e-08	-5.640677e+01	-9.281843e+02
3.250000e-06	-8.032944e-06	-1.564259e-08	-5.654255e+01	-9.289722e+02
3.260000e-06	-8.049451e-06	-1.565336e-08	-5.665874e+01	-9.296763e+02
3.270000e-06	-8.062873e-06	-1.566141e-08	-5.675322e+01	-9.302895e+02
3.280000e-06	-8.073230e-06	-1.566782e-08	-5.682612e+01	-9.307839e+02
3.290000e-06	-8.080731e-06	-1.567308e-08	-5.687891e+01	-9.311247e+02
3.300000e-06	-8.085316e-06	-1.567684e-08	-5.691119e+01	-9.312854e+02
3.310000e-06	-8.087077e-06	-1.567940e-08	-5.692358e+01	-9.312602e+02
