# Temperatura_=_55.78
# Concentracion g/m^3_=_11780.0
# C_Vs_to_Am_M_A/Vsm_=_59384043850.047264
# pendiente_HvsI_1/m_=_3716.3
# ordenada_HvsI_A/m_=_1297.0
# frecuencia_Hz_=_301534.55293396144

Tiempo_(s)	Campo_(V.s)	Magnetizacion_(V.s)	Campo_(kA/m)	Magnetizacion_(A/m)
0.000000e+00	-8.085493e-06	-1.543267e-08	-5.691888e+01	-9.168141e+02
1.000000e-08	-8.082446e-06	-1.543211e-08	-5.689742e+01	-9.165165e+02
2.000000e-08	-8.076790e-06	-1.542790e-08	-5.685761e+01	-9.161076e+02
3.000000e-08	-8.068486e-06	-1.541771e-08	-5.679915e+01	-9.156445e+02
4.000000e-08	-8.057298e-06	-1.540776e-08	-5.672039e+01	-9.151551e+02
5.000000e-08	-8.043131e-06	-1.539758e-08	-5.662067e+01	-9.146262e+02
6.000000e-08	-8.026051e-06	-1.539344e-08	-5.650042e+01	-9.140072e+02
7.000000e-08	-8.006454e-06	-1.539405e-08	-5.636247e+01	-9.132295e+02
8.000000e-08	-7.984336e-06	-1.532907e-08	-5.620677e+01	-9.122329e+02
9.000000e-08	-7.959026e-06	-1.528462e-08	-5.602859e+01	-9.109905e+02
1.000000e-07	-7.930418e-06	-1.530519e-08	-5.582721e+01	-9.095199e+02
1.100000e-07	-7.898938e-06	-1.530459e-08	-5.560560e+01	-9.078787e+02
1.200000e-07	-7.864735e-06	-1.526231e-08	-5.536482e+01	-9.061437e+02
1.300000e-07	-7.828001e-06	-1.522436e-08	-5.510623e+01	-9.043832e+02
1.400000e-07	-7.789158e-06	-1.525151e-08	-5.483279e+01	-9.026309e+02
1.500000e-07	-7.748030e-06	-1.515576e-08	-5.454326e+01	-9.008743e+02
1.600000e-07	-7.704055e-06	-1.513854e-08	-5.423369e+01	-8.990583e+02
1.700000e-07	-7.657333e-06	-1.512275e-08	-5.390478e+01	-8.971069e+02
1.800000e-07	-7.607768e-06	-1.501231e-08	-5.355587e+01	-8.949502e+02
1.900000e-07	-7.555038e-06	-1.505303e-08	-5.318467e+01	-8.925508e+02
2.000000e-07	-7.499455e-06	-1.499768e-08	-5.279339e+01	-8.899160e+02
2.100000e-07	-7.441101e-06	-1.494095e-08	-5.238259e+01	-8.870940e+02
2.200000e-07	-7.380083e-06	-1.488962e-08	-5.195305e+01	-8.841537e+02
2.300000e-07	-7.316500e-06	-1.482296e-08	-5.150545e+01	-8.811582e+02
2.400000e-07	-7.250141e-06	-1.480363e-08	-5.103831e+01	-8.781401e+02
2.500000e-07	-7.181128e-06	-1.471118e-08	-5.055248e+01	-8.750895e+02
2.600000e-07	-7.109479e-06	-1.466628e-08	-5.004810e+01	-8.719585e+02
2.700000e-07	-7.035079e-06	-1.463006e-08	-4.952435e+01	-8.686804e+02
2.800000e-07	-6.957943e-06	-1.459192e-08	-4.898134e+01	-8.651957e+02
2.900000e-07	-6.878025e-06	-1.451552e-08	-4.841875e+01	-8.614749e+02
3.000000e-07	-6.795542e-06	-1.441209e-08	-4.783810e+01	-8.575297e+02
3.100000e-07	-6.710859e-06	-1.437322e-08	-4.724196e+01	-8.534076e+02
3.200000e-07	-6.623988e-06	-1.429008e-08	-4.663042e+01	-8.491736e+02
3.300000e-07	-6.534746e-06	-1.422203e-08	-4.600219e+01	-8.448846e+02
3.400000e-07	-6.443123e-06	-1.415078e-08	-4.535720e+01	-8.405677e+02
3.500000e-07	-6.349205e-06	-1.408305e-08	-4.469605e+01	-8.362102e+02
3.600000e-07	-6.252984e-06	-1.402154e-08	-4.401869e+01	-8.317643e+02
3.700000e-07	-6.154448e-06	-1.392864e-08	-4.332503e+01	-8.271658e+02
3.800000e-07	-6.053716e-06	-1.383977e-08	-4.261592e+01	-8.223581e+02
3.900000e-07	-5.950827e-06	-1.374165e-08	-4.189162e+01	-8.173124e+02
4.000000e-07	-5.845715e-06	-1.367615e-08	-4.115167e+01	-8.120375e+02
4.100000e-07	-5.738451e-06	-1.358613e-08	-4.039657e+01	-8.065744e+02
4.200000e-07	-5.629202e-06	-1.349118e-08	-3.962749e+01	-8.009791e+02
4.300000e-07	-5.517974e-06	-1.339732e-08	-3.884449e+01	-7.953000e+02
4.400000e-07	-5.404648e-06	-1.330588e-08	-3.804672e+01	-7.895587e+02
4.500000e-07	-5.289139e-06	-1.320542e-08	-3.723358e+01	-7.837417e+02
4.600000e-07	-5.171531e-06	-1.308901e-08	-3.640567e+01	-7.778058e+02
4.700000e-07	-5.052121e-06	-1.298492e-08	-3.556506e+01	-7.716947e+02
4.800000e-07	-4.930955e-06	-1.288311e-08	-3.471210e+01	-7.653600e+02
4.900000e-07	-4.807905e-06	-1.278646e-08	-3.384587e+01	-7.587799e+02
5.000000e-07	-4.683078e-06	-1.266608e-08	-3.296714e+01	-7.519662e+02
5.100000e-07	-4.556662e-06	-1.254652e-08	-3.207721e+01	-7.449592e+02
5.200000e-07	-4.428699e-06	-1.242706e-08	-3.117640e+01	-7.378118e+02
5.300000e-07	-4.299125e-06	-1.230589e-08	-3.026425e+01	-7.305690e+02
5.400000e-07	-4.167903e-06	-1.217450e-08	-2.934049e+01	-7.232502e+02
5.500000e-07	-4.035113e-06	-1.204483e-08	-2.840570e+01	-7.158412e+02
5.600000e-07	-3.900863e-06	-1.192531e-08	-2.746063e+01	-7.082985e+02
5.700000e-07	-3.765202e-06	-1.180099e-08	-2.650563e+01	-7.005634e+02
5.800000e-07	-3.628158e-06	-1.166657e-08	-2.554089e+01	-6.925810e+02
5.900000e-07	-3.489791e-06	-1.152067e-08	-2.456684e+01	-6.843170e+02
6.000000e-07	-3.350037e-06	-1.137948e-08	-2.358302e+01	-6.757661e+02
6.100000e-07	-3.208849e-06	-1.123299e-08	-2.258911e+01	-6.669498e+02
6.200000e-07	-3.066335e-06	-1.107989e-08	-2.158586e+01	-6.579048e+02
6.300000e-07	-2.922720e-06	-1.092264e-08	-2.057486e+01	-6.486667e+02
6.400000e-07	-2.778114e-06	-1.077017e-08	-1.955690e+01	-6.392548e+02
6.500000e-07	-2.632499e-06	-1.061508e-08	-1.853182e+01	-6.296640e+02
6.600000e-07	-2.485938e-06	-1.044679e-08	-1.750008e+01	-6.198660e+02
6.700000e-07	-2.338505e-06	-1.027217e-08	-1.646221e+01	-6.098176e+02
6.800000e-07	-2.190253e-06	-1.009608e-08	-1.541857e+01	-5.994753e+02
6.900000e-07	-2.041260e-06	-9.921756e-09	-1.436972e+01	-5.888071e+02
7.000000e-07	-1.891603e-06	-9.739333e-09	-1.331618e+01	-5.778012e+02
7.100000e-07	-1.741273e-06	-9.549175e-09	-1.225792e+01	-5.664649e+02
7.200000e-07	-1.590347e-06	-9.354718e-09	-1.119545e+01	-5.548182e+02
7.300000e-07	-1.438883e-06	-9.156886e-09	-1.012920e+01	-5.428822e+02
7.400000e-07	-1.286882e-06	-8.951704e-09	-9.059174e+00	-5.306678e+02
7.500000e-07	-1.134334e-06	-8.737318e-09	-7.985289e+00	-5.181684e+02
7.600000e-07	-9.812771e-07	-8.521014e-09	-6.907827e+00	-5.053575e+02
7.700000e-07	-8.278853e-07	-8.302893e-09	-5.828006e+00	-4.921930e+02
7.800000e-07	-6.742552e-07	-8.079584e-09	-4.746507e+00	-4.786240e+02
7.900000e-07	-5.204489e-07	-7.844481e-09	-3.663767e+00	-4.645985e+02
8.000000e-07	-3.664720e-07	-7.599404e-09	-2.579827e+00	-4.500679e+02
8.100000e-07	-2.123645e-07	-7.344819e-09	-1.494968e+00	-4.349885e+02
8.200000e-07	-5.818218e-08	-7.078507e-09	-4.095810e-01	-4.193194e+02
8.300000e-07	9.602660e-08	-6.801198e-09	6.759917e-01	-4.030188e+02
8.400000e-07	2.501560e-07	-6.514651e-09	1.761006e+00	-3.860416e+02
8.500000e-07	4.042200e-07	-6.219851e-09	2.845559e+00	-3.683394e+02
8.600000e-07	5.581703e-07	-5.912121e-09	3.929312e+00	-3.498643e+02
8.700000e-07	7.119393e-07	-5.588191e-09	5.011789e+00	-3.305743e+02
8.800000e-07	8.654901e-07	-5.245873e-09	6.092730e+00	-3.104376e+02
8.900000e-07	1.018723e-06	-4.889914e-09	7.171435e+00	-2.894333e+02
9.000000e-07	1.171574e-06	-4.521210e-09	8.247449e+00	-2.675466e+02
9.100000e-07	1.323993e-06	-4.138674e-09	9.320418e+00	-2.447574e+02
9.200000e-07	1.475884e-06	-3.740267e-09	1.038968e+01	-2.210264e+02
9.300000e-07	1.627147e-06	-3.323675e-09	1.145451e+01	-1.962820e+02
9.400000e-07	1.777819e-06	-2.887256e-09	1.251518e+01	-1.704121e+02
9.500000e-07	1.927888e-06	-2.427186e-09	1.357162e+01	-1.432681e+02
9.600000e-07	2.077228e-06	-1.942832e-09	1.462291e+01	-1.146797e+02
9.700000e-07	2.225763e-06	-1.431786e-09	1.566855e+01	-8.448125e+01
9.800000e-07	2.373524e-06	-8.916789e-10	1.670873e+01	-5.254551e+01
9.900000e-07	2.520459e-06	-3.213554e-10	1.774310e+01	-1.881609e+01
1.000000e-06	2.666505e-06	2.771254e-10	1.877120e+01	1.666664e+01
1.010000e-06	2.811676e-06	9.032298e-10	1.979316e+01	5.375332e+01
1.020000e-06	2.955870e-06	1.553323e-09	2.080823e+01	9.218943e+01
1.030000e-06	3.098969e-06	2.220538e-09	2.181560e+01	1.316344e+02
1.040000e-06	3.240894e-06	2.898512e-09	2.281469e+01	1.716916e+02
1.050000e-06	3.381501e-06	3.578691e-09	2.380452e+01	2.119419e+02
1.060000e-06	3.520723e-06	4.255674e-09	2.478459e+01	2.519754e+02
1.070000e-06	3.658686e-06	4.920446e-09	2.575580e+01	2.914147e+02
1.080000e-06	3.795317e-06	5.567709e-09	2.671763e+01	3.299280e+02
1.090000e-06	3.930477e-06	6.196241e-09	2.766910e+01	3.672344e+02
1.100000e-06	4.064210e-06	6.803839e-09	2.861053e+01	4.031025e+02
1.110000e-06	4.196522e-06	7.383058e-09	2.954196e+01	4.373486e+02
1.120000e-06	4.327348e-06	7.928748e-09	3.046293e+01	4.698363e+02
1.130000e-06	4.456669e-06	8.442652e-09	3.137330e+01	5.004796e+02
1.140000e-06	4.584392e-06	8.924782e-09	3.227242e+01	5.292456e+02
1.150000e-06	4.710444e-06	9.376568e-09	3.315978e+01	5.561561e+02
1.160000e-06	4.834830e-06	9.797245e-09	3.403541e+01	5.812829e+02
1.170000e-06	4.957535e-06	1.019103e-08	3.489921e+01	6.047353e+02
1.180000e-06	5.078517e-06	1.056241e-08	3.575088e+01	6.266420e+02
1.190000e-06	5.197607e-06	1.091006e-08	3.658923e+01	6.471295e+02
1.200000e-06	5.314721e-06	1.123131e-08	3.741366e+01	6.663051e+02
1.210000e-06	5.429851e-06	1.152887e-08	3.822414e+01	6.842467e+02
1.220000e-06	5.542892e-06	1.180735e-08	3.901990e+01	7.010048e+02
1.230000e-06	5.653846e-06	1.206895e-08	3.980098e+01	7.166144e+02
1.240000e-06	5.762850e-06	1.231266e-08	4.056833e+01	7.311124e+02
1.250000e-06	5.869896e-06	1.253905e-08	4.132189e+01	7.445538e+02
1.260000e-06	5.974769e-06	1.275112e-08	4.206016e+01	7.570202e+02
1.270000e-06	6.077419e-06	1.294851e-08	4.278278e+01	7.686172e+02
1.280000e-06	6.177867e-06	1.313072e-08	4.348990e+01	7.794601e+02
1.290000e-06	6.276059e-06	1.329957e-08	4.418113e+01	7.896540e+02
1.300000e-06	6.371949e-06	1.345877e-08	4.485616e+01	7.992748e+02
1.310000e-06	6.465614e-06	1.360999e-08	4.551553e+01	8.083590e+02
1.320000e-06	6.557089e-06	1.375238e-08	4.615948e+01	8.169058e+02
1.330000e-06	6.646186e-06	1.388545e-08	4.678669e+01	8.248927e+02
1.340000e-06	6.732936e-06	1.400933e-08	4.739737e+01	8.322976e+02
1.350000e-06	6.817399e-06	1.412372e-08	4.799197e+01	8.391212e+02
1.360000e-06	6.899445e-06	1.422838e-08	4.856953e+01	8.453997e+02
1.370000e-06	6.978978e-06	1.432433e-08	4.912942e+01	8.512047e+02
1.380000e-06	7.056000e-06	1.441473e-08	4.967162e+01	8.566280e+02
1.390000e-06	7.130361e-06	1.450210e-08	5.019510e+01	8.617596e+02
1.400000e-06	7.202042e-06	1.458424e-08	5.069971e+01	8.666638e+02
1.410000e-06	7.271238e-06	1.466245e-08	5.118682e+01	8.713651e+02
1.420000e-06	7.337863e-06	1.473991e-08	5.165584e+01	8.758483e+02
1.430000e-06	7.401823e-06	1.481362e-08	5.210609e+01	8.800719e+02
1.440000e-06	7.463298e-06	1.488054e-08	5.253885e+01	8.839913e+02
1.450000e-06	7.522202e-06	1.493889e-08	5.295351e+01	8.875818e+02
1.460000e-06	7.578362e-06	1.499209e-08	5.334886e+01	8.908530e+02
1.470000e-06	7.631696e-06	1.504329e-08	5.372431e+01	8.938491e+02
1.480000e-06	7.681886e-06	1.509272e-08	5.407763e+01	8.966349e+02
1.490000e-06	7.728998e-06	1.513812e-08	5.440929e+01	8.992730e+02
1.500000e-06	7.773396e-06	1.517906e-08	5.472183e+01	9.018016e+02
1.510000e-06	7.815012e-06	1.521953e-08	5.501479e+01	9.042215e+02
1.520000e-06	7.853803e-06	1.525831e-08	5.528786e+01	9.064969e+02
1.530000e-06	7.889977e-06	1.529280e-08	5.554252e+01	9.085720e+02
1.540000e-06	7.923401e-06	1.532223e-08	5.577781e+01	9.103937e+02
1.550000e-06	7.953966e-06	1.534810e-08	5.599297e+01	9.119357e+02
1.560000e-06	7.981836e-06	1.537152e-08	5.618917e+01	9.132101e+02
1.570000e-06	8.006840e-06	1.539148e-08	5.636519e+01	9.142660e+02
1.580000e-06	8.028953e-06	1.540604e-08	5.652085e+01	9.151724e+02
1.590000e-06	8.048383e-06	1.541874e-08	5.665764e+01	9.159938e+02
1.600000e-06	8.064967e-06	1.543292e-08	5.677438e+01	9.167670e+02
1.610000e-06	8.078568e-06	1.544608e-08	5.687012e+01	9.174890e+02
1.620000e-06	8.089033e-06	1.545496e-08	5.694380e+01	9.181203e+02
1.630000e-06	8.096427e-06	1.546054e-08	5.699585e+01	9.186023e+02
1.640000e-06	8.101074e-06	1.546549e-08	5.702856e+01	9.188822e+02
1.650000e-06	8.102912e-06	1.546619e-08	5.704150e+01	9.189355e+02
1.660000e-06	8.101908e-06	1.546920e-08	5.703443e+01	9.187765e+02
1.670000e-06	8.098297e-06	1.546485e-08	5.700901e+01	9.184539e+02
1.680000e-06	8.092011e-06	1.545835e-08	5.696476e+01	9.180314e+02
1.690000e-06	8.083050e-06	1.545188e-08	5.690168e+01	9.175623e+02
1.700000e-06	8.071413e-06	1.543951e-08	5.681976e+01	9.170677e+02
1.710000e-06	8.056875e-06	1.542167e-08	5.671742e+01	9.165269e+02
1.720000e-06	8.039747e-06	1.538845e-08	5.659684e+01	9.158843e+02
1.730000e-06	8.020375e-06	1.541722e-08	5.646047e+01	9.150709e+02
1.740000e-06	7.998239e-06	1.545289e-08	5.630464e+01	9.140308e+02
1.750000e-06	7.972591e-06	1.540253e-08	5.612408e+01	9.127447e+02
1.760000e-06	7.943242e-06	1.534863e-08	5.591748e+01	9.112381e+02
1.770000e-06	7.910738e-06	1.532907e-08	5.568866e+01	9.095740e+02
1.780000e-06	7.875728e-06	1.527232e-08	5.544221e+01	9.078299e+02
1.790000e-06	7.838320e-06	1.521543e-08	5.517887e+01	9.060692e+02
1.800000e-06	7.798734e-06	1.528959e-08	5.490020e+01	9.043181e+02
1.810000e-06	7.756916e-06	1.516617e-08	5.460582e+01	9.025555e+02
1.820000e-06	7.712562e-06	1.515466e-08	5.429358e+01	9.007208e+02
1.830000e-06	7.665570e-06	1.518840e-08	5.396277e+01	8.987368e+02
1.840000e-06	7.615535e-06	1.506162e-08	5.361054e+01	8.965379e+02
1.850000e-06	7.562459e-06	1.510087e-08	5.323691e+01	8.940943e+02
1.860000e-06	7.506542e-06	1.496289e-08	5.284328e+01	8.914213e+02
1.870000e-06	7.447906e-06	1.496377e-08	5.243050e+01	8.885725e+02
1.880000e-06	7.386722e-06	1.494174e-08	5.199979e+01	8.856180e+02
1.890000e-06	7.322741e-06	1.483989e-08	5.154938e+01	8.826169e+02
1.900000e-06	7.256037e-06	1.485792e-08	5.107981e+01	8.795946e+02
1.910000e-06	7.186552e-06	1.473903e-08	5.059066e+01	8.765336e+02
1.920000e-06	7.114229e-06	1.472474e-08	5.008154e+01	8.733810e+02
1.930000e-06	7.039325e-06	1.464284e-08	4.955424e+01	8.700695e+02
1.940000e-06	6.961641e-06	1.458600e-08	4.900737e+01	8.665433e+02
1.950000e-06	6.881334e-06	1.455048e-08	4.844204e+01	8.627800e+02
1.960000e-06	6.798620e-06	1.444815e-08	4.785977e+01	8.587984e+02
1.970000e-06	6.713512e-06	1.443556e-08	4.726064e+01	8.546511e+02
1.980000e-06	6.625968e-06	1.431190e-08	4.664436e+01	8.504034e+02
1.990000e-06	6.536013e-06	1.424891e-08	4.601111e+01	8.461082e+02
2.000000e-06	6.443841e-06	1.416271e-08	4.536225e+01	8.417858e+02
2.010000e-06	6.349295e-06	1.409419e-08	4.469668e+01	8.374164e+02
2.020000e-06	6.252484e-06	1.403019e-08	4.401517e+01	8.329477e+02
2.030000e-06	6.153519e-06	1.393892e-08	4.331849e+01	8.283151e+02
2.040000e-06	6.052336e-06	1.388742e-08	4.260621e+01	8.234656e+02
2.050000e-06	5.948906e-06	1.378142e-08	4.187809e+01	8.183769e+02
2.060000e-06	5.843337e-06	1.370192e-08	4.113492e+01	8.130643e+02
2.070000e-06	5.735775e-06	1.358217e-08	4.037773e+01	8.075731e+02
2.080000e-06	5.626201e-06	1.349725e-08	3.960637e+01	8.019595e+02
2.090000e-06	5.514530e-06	1.339982e-08	3.882025e+01	7.962683e+02
2.100000e-06	5.400690e-06	1.331143e-08	3.801886e+01	7.905151e+02
2.110000e-06	5.284806e-06	1.321486e-08	3.720307e+01	7.846803e+02
2.120000e-06	5.166854e-06	1.311321e-08	3.637274e+01	7.787170e+02
2.130000e-06	5.046922e-06	1.301191e-08	3.552846e+01	7.725685e+02
2.140000e-06	4.925167e-06	1.289655e-08	3.467135e+01	7.661903e+02
2.150000e-06	4.801626e-06	1.278552e-08	3.380167e+01	7.595663e+02
2.160000e-06	4.676416e-06	1.266258e-08	3.292024e+01	7.527142e+02
2.170000e-06	4.549547e-06	1.255449e-08	3.202712e+01	7.456778e+02
2.180000e-06	4.421023e-06	1.243393e-08	3.112237e+01	7.385103e+02
2.190000e-06	4.290940e-06	1.232004e-08	3.020663e+01	7.312530e+02
2.200000e-06	4.159320e-06	1.218768e-08	2.928007e+01	7.239197e+02
2.210000e-06	4.026239e-06	1.206479e-08	2.834323e+01	7.164904e+02
2.220000e-06	3.891740e-06	1.193256e-08	2.739641e+01	7.089174e+02
2.230000e-06	3.755733e-06	1.180067e-08	2.643897e+01	7.011414e+02
2.240000e-06	3.618349e-06	1.166205e-08	2.547183e+01	6.931101e+02
2.250000e-06	3.479635e-06	1.152497e-08	2.449534e+01	6.847941e+02
2.260000e-06	3.339595e-06	1.138833e-08	2.350951e+01	6.761932e+02
2.270000e-06	3.198333e-06	1.123881e-08	2.251508e+01	6.673328e+02
2.280000e-06	3.055846e-06	1.108350e-08	2.151202e+01	6.582507e+02
2.290000e-06	2.912179e-06	1.092003e-08	2.050066e+01	6.489803e+02
2.300000e-06	2.767464e-06	1.076054e-08	1.948192e+01	6.395372e+02
2.310000e-06	2.621812e-06	1.059545e-08	1.845658e+01	6.299118e+02
2.320000e-06	2.475233e-06	1.043201e-08	1.742472e+01	6.200721e+02
2.330000e-06	2.327787e-06	1.026381e-08	1.638676e+01	6.099739e+02
2.340000e-06	2.179492e-06	1.009384e-08	1.534282e+01	5.995748e+02
2.350000e-06	2.030405e-06	9.912627e-09	1.429330e+01	5.888462e+02
2.360000e-06	1.880642e-06	9.722752e-09	1.323902e+01	5.777799e+02
2.370000e-06	1.730289e-06	9.525897e-09	1.218060e+01	5.663861e+02
2.380000e-06	1.579363e-06	9.327184e-09	1.111813e+01	5.546860e+02
2.390000e-06	1.427846e-06	9.123909e-09	1.005151e+01	5.426996e+02
2.400000e-06	1.275731e-06	8.918292e-09	8.980674e+00	5.304351e+02
2.410000e-06	1.123057e-06	8.709124e-09	7.905903e+00	5.178821e+02
2.420000e-06	9.700265e-07	8.494929e-09	6.828627e+00	5.050111e+02
2.430000e-06	8.167432e-07	8.273814e-09	5.749570e+00	4.917779e+02
2.440000e-06	6.631992e-07	8.040649e-09	4.668677e+00	4.781308e+02
2.450000e-06	5.094163e-07	7.799430e-09	3.586102e+00	4.640181e+02
2.460000e-06	3.554577e-07	7.549842e-09	2.502291e+00	4.493922e+02
2.470000e-06	2.014237e-07	7.293818e-09	1.417948e+00	4.342102e+02
2.480000e-06	4.734292e-08	7.027551e-09	3.332766e-01	4.184311e+02
2.490000e-06	-1.067939e-07	6.752817e-09	-7.517897e-01	4.020128e+02
2.500000e-06	-2.609104e-07	6.468769e-09	-1.836712e+00	3.849093e+02
2.510000e-06	-4.148759e-07	6.174300e-09	-2.920572e+00	3.670721e+02
2.520000e-06	-5.686585e-07	5.861865e-09	-4.003145e+00	3.484540e+02
2.530000e-06	-7.222765e-07	5.529572e-09	-5.084559e+00	3.290145e+02
2.540000e-06	-8.756409e-07	5.182659e-09	-6.164188e+00	3.087237e+02
2.550000e-06	-1.028675e-06	4.823942e-09	-7.241489e+00	2.875626e+02
2.560000e-06	-1.181322e-06	4.452795e-09	-8.316069e+00	2.655162e+02
2.570000e-06	-1.333531e-06	4.067573e-09	-9.387561e+00	2.425621e+02
2.580000e-06	-1.485258e-06	3.669645e-09	-1.045567e+01	2.186562e+02
2.590000e-06	-1.636362e-06	3.256466e-09	-1.151938e+01	1.937198e+02
2.600000e-06	-1.786766e-06	2.820619e-09	-1.257817e+01	1.676338e+02
2.610000e-06	-1.936553e-06	2.357937e-09	-1.363261e+01	1.402443e+02
2.620000e-06	-2.085739e-06	1.869692e-09	-1.468283e+01	1.113795e+02
2.630000e-06	-2.234210e-06	1.355760e-09	-1.572801e+01	8.087817e+01
2.640000e-06	-2.381848e-06	8.135638e-10	-1.676733e+01	4.862338e+01
2.650000e-06	-2.528626e-06	2.423801e-10	-1.780059e+01	1.457448e+01
2.660000e-06	-2.674504e-06	-3.543889e-10	-1.882752e+01	-2.120916e+01
2.670000e-06	-2.819418e-06	-9.756310e-10	-1.984765e+01	-5.855864e+01
2.680000e-06	-2.963265e-06	-1.619561e-09	-2.086029e+01	-9.720230e+01
2.690000e-06	-3.105969e-06	-2.282897e-09	-2.186487e+01	-1.367872e+02
2.700000e-06	-3.247550e-06	-2.958335e-09	-2.286155e+01	-1.769100e+02
2.710000e-06	-3.387894e-06	-3.637449e-09	-2.384952e+01	-2.171513e+02
2.720000e-06	-3.526885e-06	-4.310790e-09	-2.482797e+01	-2.571056e+02
2.730000e-06	-3.664578e-06	-4.971581e-09	-2.579727e+01	-2.964027e+02
2.740000e-06	-3.800938e-06	-5.614204e-09	-2.675719e+01	-3.347201e+02
2.750000e-06	-3.935878e-06	-6.234300e-09	-2.770713e+01	-3.717856e+02
2.760000e-06	-4.069446e-06	-6.830130e-09	-2.864739e+01	-4.073765e+02
2.770000e-06	-4.201578e-06	-7.400536e-09	-2.957755e+01	-4.413175e+02
2.780000e-06	-4.332204e-06	-7.945425e-09	-3.049711e+01	-4.734811e+02
2.790000e-06	-4.461336e-06	-8.460446e-09	-3.140615e+01	-5.037903e+02
2.800000e-06	-4.588879e-06	-8.941595e-09	-3.230401e+01	-5.322222e+02
2.810000e-06	-4.714845e-06	-9.390690e-09	-3.319076e+01	-5.588080e+02
2.820000e-06	-4.839164e-06	-9.809491e-09	-3.406592e+01	-5.836273e+02
2.830000e-06	-4.961704e-06	-1.019818e-08	-3.492856e+01	-6.067944e+02
2.840000e-06	-5.082430e-06	-1.056068e-08	-3.577842e+01	-6.284391e+02
2.850000e-06	-5.201271e-06	-1.090224e-08	-3.661502e+01	-6.486857e+02
2.860000e-06	-5.318057e-06	-1.122565e-08	-3.743715e+01	-6.676364e+02
2.870000e-06	-5.432622e-06	-1.152827e-08	-3.824364e+01	-6.853640e+02
2.880000e-06	-5.545015e-06	-1.180738e-08	-3.903485e+01	-7.019150e+02
2.890000e-06	-5.655303e-06	-1.206616e-08	-3.981124e+01	-7.173234e+02
2.900000e-06	-5.763598e-06	-1.230850e-08	-4.057360e+01	-7.316283e+02
2.910000e-06	-5.869976e-06	-1.253203e-08	-4.132245e+01	-7.448892e+02
2.920000e-06	-5.974296e-06	-1.273804e-08	-4.205683e+01	-7.571924e+02
2.930000e-06	-6.076420e-06	-1.293114e-08	-4.277575e+01	-7.686467e+02
2.940000e-06	-6.176332e-06	-1.311420e-08	-4.347909e+01	-7.793670e+02
2.950000e-06	-6.274096e-06	-1.328596e-08	-4.416731e+01	-7.894544e+02
2.960000e-06	-6.369729e-06	-1.344518e-08	-4.484053e+01	-7.989783e+02
2.970000e-06	-6.463154e-06	-1.359547e-08	-4.549821e+01	-8.079678e+02
2.980000e-06	-6.554279e-06	-1.373932e-08	-4.613970e+01	-8.164169e+02
2.990000e-06	-6.643136e-06	-1.387631e-08	-4.676522e+01	-8.243015e+02
3.000000e-06	-6.729627e-06	-1.400254e-08	-4.737408e+01	-8.316020e+02
3.010000e-06	-6.813632e-06	-1.411692e-08	-4.796544e+01	-8.383248e+02
3.020000e-06	-6.895294e-06	-1.422109e-08	-4.854031e+01	-8.445130e+02
3.030000e-06	-6.974514e-06	-1.431714e-08	-4.909799e+01	-8.502432e+02
3.040000e-06	-7.050983e-06	-1.440502e-08	-4.963631e+01	-8.556087e+02
3.050000e-06	-7.124752e-06	-1.448704e-08	-5.015561e+01	-8.606963e+02
3.060000e-06	-7.195896e-06	-1.456722e-08	-5.065644e+01	-8.655640e+02
3.070000e-06	-7.264417e-06	-1.464774e-08	-5.113880e+01	-8.702289e+02
3.080000e-06	-7.330492e-06	-1.472558e-08	-5.160395e+01	-8.746696e+02
3.090000e-06	-7.394071e-06	-1.479608e-08	-5.205152e+01	-8.788422e+02
3.100000e-06	-7.454941e-06	-1.486211e-08	-5.248002e+01	-8.827041e+02
3.110000e-06	-7.513122e-06	-1.492103e-08	-5.288960e+01	-8.862362e+02
3.120000e-06	-7.568547e-06	-1.497207e-08	-5.327977e+01	-8.894545e+02
3.130000e-06	-7.621066e-06	-1.501693e-08	-5.364948e+01	-8.924085e+02
3.140000e-06	-7.670580e-06	-1.506129e-08	-5.399804e+01	-8.951641e+02
3.150000e-06	-7.717081e-06	-1.510837e-08	-5.432539e+01	-8.977812e+02
3.160000e-06	-7.760973e-06	-1.515484e-08	-5.463438e+01	-9.002918e+02
3.170000e-06	-7.802455e-06	-1.519678e-08	-5.492639e+01	-9.026897e+02
3.180000e-06	-7.841209e-06	-1.523456e-08	-5.519921e+01	-9.049341e+02
3.190000e-06	-7.877100e-06	-1.526758e-08	-5.545187e+01	-9.069677e+02
3.200000e-06	-7.910275e-06	-1.529518e-08	-5.568541e+01	-9.087407e+02
3.210000e-06	-7.940602e-06	-1.531655e-08	-5.589890e+01	-9.102332e+02
3.220000e-06	-7.968022e-06	-1.533451e-08	-5.609192e+01	-9.114645e+02
3.230000e-06	-7.992745e-06	-1.535361e-08	-5.626596e+01	-9.124888e+02
3.240000e-06	-8.014657e-06	-1.537346e-08	-5.642022e+01	-9.133762e+02
3.250000e-06	-8.033742e-06	-1.539108e-08	-5.655457e+01	-9.141877e+02
3.260000e-06	-8.049991e-06	-1.540346e-08	-5.666895e+01	-9.149535e+02
3.270000e-06	-8.063062e-06	-1.541386e-08	-5.676097e+01	-9.156634e+02
3.280000e-06	-8.073087e-06	-1.542262e-08	-5.683154e+01	-9.162728e+02
3.290000e-06	-8.080281e-06	-1.542944e-08	-5.688218e+01	-9.167225e+02
3.300000e-06	-8.084614e-06	-1.543331e-08	-5.691269e+01	-9.169630e+02
3.310000e-06	-8.086209e-06	-1.543621e-08	-5.692391e+01	-9.169766e+02
