# Temperatura_=_54.26
# Concentracion g/m^3_=_11780.0
# C_Vs_to_Am_M_A/Vsm_=_59384043850.047264
# pendiente_HvsI_1/m_=_3716.3
# ordenada_HvsI_A/m_=_1297.0
# frecuencia_Hz_=_301539.94127629144

Tiempo_(s)	Campo_(V.s)	Magnetizacion_(V.s)	Campo_(kA/m)	Magnetizacion_(A/m)
0.000000e+00	-8.211310e-06	-1.557468e-08	-5.691418e+01	-9.243314e+02
1.000000e-08	-8.208086e-06	-1.557008e-08	-5.689184e+01	-9.240218e+02
2.000000e-08	-8.202204e-06	-1.556641e-08	-5.685107e+01	-9.236359e+02
3.000000e-08	-8.193622e-06	-1.555936e-08	-5.679158e+01	-9.232082e+02
4.000000e-08	-8.182113e-06	-1.555190e-08	-5.671181e+01	-9.227399e+02
5.000000e-08	-8.167614e-06	-1.554292e-08	-5.661131e+01	-9.221965e+02
6.000000e-08	-8.150243e-06	-1.553817e-08	-5.649091e+01	-9.215205e+02
7.000000e-08	-8.130367e-06	-1.552663e-08	-5.635315e+01	-9.206526e+02
8.000000e-08	-8.107847e-06	-1.544433e-08	-5.619706e+01	-9.195548e+02
9.000000e-08	-8.082043e-06	-1.541196e-08	-5.601820e+01	-9.182256e+02
1.000000e-07	-8.052932e-06	-1.545031e-08	-5.581643e+01	-9.167019e+02
1.100000e-07	-8.020910e-06	-1.544767e-08	-5.559448e+01	-9.150469e+02
1.200000e-07	-7.986137e-06	-1.539725e-08	-5.535346e+01	-9.133281e+02
1.300000e-07	-7.948887e-06	-1.536085e-08	-5.509528e+01	-9.115932e+02
1.400000e-07	-7.909429e-06	-1.539491e-08	-5.482179e+01	-9.098540e+02
1.500000e-07	-7.867542e-06	-1.530130e-08	-5.453146e+01	-9.080825e+02
1.600000e-07	-7.822799e-06	-1.527268e-08	-5.422133e+01	-9.062217e+02
1.700000e-07	-7.775271e-06	-1.523161e-08	-5.389191e+01	-9.042063e+02
1.800000e-07	-7.724768e-06	-1.513609e-08	-5.354187e+01	-9.019857e+02
1.900000e-07	-7.671074e-06	-1.519512e-08	-5.316970e+01	-8.995408e+02
2.000000e-07	-7.614528e-06	-1.513582e-08	-5.277777e+01	-8.968889e+02
2.100000e-07	-7.555240e-06	-1.506510e-08	-5.236683e+01	-8.940755e+02
2.200000e-07	-7.493295e-06	-1.499929e-08	-5.193748e+01	-8.911555e+02
2.300000e-07	-7.428641e-06	-1.495627e-08	-5.148935e+01	-8.881731e+02
2.400000e-07	-7.361172e-06	-1.493633e-08	-5.102171e+01	-8.851454e+02
2.500000e-07	-7.290993e-06	-1.482458e-08	-5.053529e+01	-8.820576e+02
2.600000e-07	-7.218105e-06	-1.478379e-08	-5.003009e+01	-8.788695e+02
2.700000e-07	-7.142391e-06	-1.475892e-08	-4.950530e+01	-8.755319e+02
2.800000e-07	-7.063813e-06	-1.472685e-08	-4.896065e+01	-8.720047e+02
2.900000e-07	-6.982597e-06	-1.463060e-08	-4.839773e+01	-8.682708e+02
3.000000e-07	-6.899002e-06	-1.451930e-08	-4.781832e+01	-8.643417e+02
3.100000e-07	-6.813066e-06	-1.448501e-08	-4.722268e+01	-8.602507e+02
3.200000e-07	-6.724732e-06	-1.441555e-08	-4.661042e+01	-8.560398e+02
3.300000e-07	-6.634025e-06	-1.434810e-08	-4.598171e+01	-8.517429e+02
3.400000e-07	-6.541025e-06	-1.426065e-08	-4.533711e+01	-8.473733e+02
3.500000e-07	-6.445685e-06	-1.420056e-08	-4.467629e+01	-8.429198e+02
3.600000e-07	-6.347935e-06	-1.414172e-08	-4.399877e+01	-8.383517e+02
3.700000e-07	-6.247818e-06	-1.403953e-08	-4.330484e+01	-8.336311e+02
3.800000e-07	-6.145389e-06	-1.393434e-08	-4.259488e+01	-8.287273e+02
3.900000e-07	-6.040749e-06	-1.383982e-08	-4.186960e+01	-8.236282e+02
4.000000e-07	-5.933999e-06	-1.378633e-08	-4.112969e+01	-8.183433e+02
4.100000e-07	-5.825125e-06	-1.369762e-08	-4.037507e+01	-8.128991e+02
4.200000e-07	-5.714135e-06	-1.359958e-08	-3.960578e+01	-8.073279e+02
4.300000e-07	-5.601037e-06	-1.350532e-08	-3.882187e+01	-8.016540e+02
4.400000e-07	-5.485805e-06	-1.342013e-08	-3.802318e+01	-7.958841e+02
4.500000e-07	-5.368396e-06	-1.331416e-08	-3.720939e+01	-7.900040e+02
4.600000e-07	-5.248896e-06	-1.318673e-08	-3.638111e+01	-7.839828e+02
4.700000e-07	-5.127509e-06	-1.307709e-08	-3.553976e+01	-7.777843e+02
4.800000e-07	-5.004324e-06	-1.298167e-08	-3.468594e+01	-7.713789e+02
4.900000e-07	-4.879342e-06	-1.288969e-08	-3.381966e+01	-7.647545e+02
5.000000e-07	-4.752578e-06	-1.276807e-08	-3.294104e+01	-7.579193e+02
5.100000e-07	-4.624166e-06	-1.264705e-08	-3.205099e+01	-7.508985e+02
5.200000e-07	-4.494122e-06	-1.253005e-08	-3.114963e+01	-7.437242e+02
5.300000e-07	-4.362430e-06	-1.240802e-08	-3.023685e+01	-7.364225e+02
5.400000e-07	-4.229126e-06	-1.226772e-08	-2.931289e+01	-7.290033e+02
5.500000e-07	-4.094263e-06	-1.213247e-08	-2.837813e+01	-7.214549e+02
5.600000e-07	-3.957900e-06	-1.201538e-08	-2.743297e+01	-7.137464e+02
5.700000e-07	-3.820030e-06	-1.189419e-08	-2.647737e+01	-7.058366e+02
5.800000e-07	-3.680682e-06	-1.175685e-08	-2.551152e+01	-6.976856e+02
5.900000e-07	-3.539940e-06	-1.160741e-08	-2.453601e+01	-6.892665e+02
6.000000e-07	-3.397752e-06	-1.146535e-08	-2.355048e+01	-6.805722e+02
6.100000e-07	-3.254151e-06	-1.131805e-08	-2.255515e+01	-6.716152e+02
6.200000e-07	-3.109381e-06	-1.115904e-08	-2.155172e+01	-6.624211e+02
6.300000e-07	-2.963575e-06	-1.099547e-08	-2.054111e+01	-6.530176e+02
6.400000e-07	-2.816724e-06	-1.083909e-08	-1.952326e+01	-6.434233e+02
6.500000e-07	-2.668890e-06	-1.068308e-08	-1.849859e+01	-6.336391e+02
6.600000e-07	-2.520194e-06	-1.051469e-08	-1.746795e+01	-6.236460e+02
6.700000e-07	-2.370629e-06	-1.033865e-08	-1.643129e+01	-6.134093e+02
6.800000e-07	-2.220164e-06	-1.016148e-08	-1.538839e+01	-6.028881e+02
6.900000e-07	-2.068883e-06	-9.983906e-09	-1.433983e+01	-5.920464e+02
7.000000e-07	-1.916942e-06	-9.794635e-09	-1.328670e+01	-5.808618e+02
7.100000e-07	-1.764360e-06	-9.595846e-09	-1.222912e+01	-5.693303e+02
7.200000e-07	-1.611060e-06	-9.395842e-09	-1.116657e+01	-5.574632e+02
7.300000e-07	-1.457063e-06	-9.196188e-09	-1.009918e+01	-5.452800e+02
7.400000e-07	-1.302521e-06	-8.988601e-09	-9.028025e+00	-5.327973e+02
7.500000e-07	-1.147581e-06	-8.768926e-09	-7.954103e+00	-5.200188e+02
7.600000e-07	-9.922810e-07	-8.548058e-09	-6.877692e+00	-5.069292e+02
7.700000e-07	-8.366457e-07	-8.326184e-09	-5.798953e+00	-4.934930e+02
7.800000e-07	-6.807031e-07	-8.096071e-09	-4.718085e+00	-4.796593e+02
7.900000e-07	-5.245142e-07	-7.852753e-09	-3.635509e+00	-4.653694e+02
8.000000e-07	-3.681579e-07	-7.601107e-09	-2.551773e+00	-4.505650e+02
8.100000e-07	-2.116735e-07	-7.342783e-09	-1.467150e+00	-4.351936e+02
8.200000e-07	-5.507740e-08	-7.074041e-09	-3.817521e-01	-4.192100e+02
8.300000e-07	1.015351e-07	-6.791688e-09	7.037597e-01	-4.025742e+02
8.400000e-07	2.580802e-07	-6.497800e-09	1.788804e+00	-3.852473e+02
8.500000e-07	4.145796e-07	-6.197881e-09	2.873532e+00	-3.671880e+02
8.600000e-07	5.709221e-07	-5.885471e-09	3.957171e+00	-3.483519e+02
8.700000e-07	7.269749e-07	-5.553397e-09	5.038803e+00	-3.286938e+02
8.800000e-07	8.827613e-07	-5.201727e-09	6.118589e+00	-3.081721e+02
8.900000e-07	1.038233e-06	-4.838918e-09	7.196195e+00	-2.867521e+02
9.000000e-07	1.193326e-06	-4.464944e-09	8.271176e+00	-2.644044e+02
9.100000e-07	1.348075e-06	-4.073917e-09	9.343767e+00	-2.410986e+02
9.200000e-07	1.502453e-06	-3.664119e-09	1.041379e+01	-2.167906e+02
9.300000e-07	1.656290e-06	-3.237735e-09	1.148007e+01	-1.914089e+02
9.400000e-07	1.809439e-06	-2.791946e-09	1.254157e+01	-1.648448e+02
9.500000e-07	1.961905e-06	-2.318837e-09	1.359834e+01	-1.369523e+02
9.600000e-07	2.113632e-06	-1.817537e-09	1.465000e+01	-1.075614e+02
9.700000e-07	2.264509e-06	-1.288989e-09	1.569575e+01	-7.650503e+01
9.800000e-07	2.414455e-06	-7.340755e-10	1.673505e+01	-4.365606e+01
9.900000e-07	2.563544e-06	-1.485001e-10	1.776842e+01	-8.964639e+00
1.000000e-06	2.711752e-06	4.685389e-10	1.879568e+01	2.751162e+01
1.010000e-06	2.859002e-06	1.112180e-09	1.981629e+01	6.559379e+01
1.020000e-06	3.005321e-06	1.778188e-09	2.083046e+01	1.049877e+02
1.030000e-06	3.150627e-06	2.459295e-09	2.183760e+01	1.453088e+02
1.040000e-06	3.294840e-06	3.150159e-09	2.283717e+01	1.861203e+02
1.050000e-06	3.437768e-06	3.841010e-09	2.382784e+01	2.269739e+02
1.060000e-06	3.579313e-06	4.524476e-09	2.480891e+01	2.674460e+02
1.070000e-06	3.719497e-06	5.193899e-09	2.578055e+01	3.071615e+02
1.080000e-06	3.858306e-06	5.845242e-09	2.674267e+01	3.458036e+02
1.090000e-06	3.995664e-06	6.475022e-09	2.769472e+01	3.831123e+02
1.100000e-06	4.131443e-06	7.077742e-09	2.863583e+01	4.188783e+02
1.110000e-06	4.265721e-06	7.651314e-09	2.956654e+01	4.529363e+02
1.120000e-06	4.398542e-06	8.193805e-09	3.048714e+01	4.851644e+02
1.130000e-06	4.529783e-06	8.704653e-09	3.139681e+01	5.154881e+02
1.140000e-06	4.659408e-06	9.182706e-09	3.229526e+01	5.438868e+02
1.150000e-06	4.787304e-06	9.628679e-09	3.318173e+01	5.703969e+02
1.160000e-06	4.913434e-06	1.004305e-08	3.405596e+01	5.951074e+02
1.170000e-06	5.037957e-06	1.042917e-08	3.491906e+01	6.181455e+02
1.180000e-06	5.160820e-06	1.079017e-08	3.577064e+01	6.396546e+02
1.190000e-06	5.281792e-06	1.112780e-08	3.660912e+01	6.597701e+02
1.200000e-06	5.400758e-06	1.144162e-08	3.743370e+01	6.786008e+02
1.210000e-06	5.517721e-06	1.173609e-08	3.824439e+01	6.962203e+02
1.220000e-06	5.632623e-06	1.201338e-08	3.904080e+01	7.126729e+02
1.230000e-06	5.745350e-06	1.227106e-08	3.982214e+01	7.279891e+02
1.240000e-06	5.855924e-06	1.250917e-08	4.058854e+01	7.422060e+02
1.250000e-06	5.964476e-06	1.273008e-08	4.134094e+01	7.553840e+02
1.260000e-06	6.070944e-06	1.293702e-08	4.207889e+01	7.676119e+02
1.270000e-06	6.175139e-06	1.312897e-08	4.280108e+01	7.790000e+02
1.280000e-06	6.277063e-06	1.330575e-08	4.350754e+01	7.896622e+02
1.290000e-06	6.376794e-06	1.347081e-08	4.419879e+01	7.996941e+02
1.300000e-06	6.474132e-06	1.362783e-08	4.487346e+01	8.091568e+02
1.310000e-06	6.569048e-06	1.377763e-08	4.553135e+01	8.180713e+02
1.320000e-06	6.661802e-06	1.391796e-08	4.617424e+01	8.264277e+02
1.330000e-06	6.752301e-06	1.404665e-08	4.680151e+01	8.342050e+02
1.340000e-06	6.840361e-06	1.416547e-08	4.741187e+01	8.413950e+02
1.350000e-06	6.925994e-06	1.427546e-08	4.800541e+01	8.480206e+02
1.360000e-06	7.009270e-06	1.437513e-08	4.858261e+01	8.541414e+02
1.370000e-06	7.090047e-06	1.446733e-08	4.914249e+01	8.598452e+02
1.380000e-06	7.168214e-06	1.455793e-08	4.968428e+01	8.652270e+02
1.390000e-06	7.243745e-06	1.464870e-08	5.020780e+01	8.703645e+02
1.400000e-06	7.316494e-06	1.473381e-08	5.071204e+01	8.752991e+02
1.410000e-06	7.386612e-06	1.481052e-08	5.119804e+01	8.800293e+02
1.420000e-06	7.454167e-06	1.488478e-08	5.166627e+01	8.845194e+02
1.430000e-06	7.519018e-06	1.495676e-08	5.211577e+01	8.887198e+02
1.440000e-06	7.581279e-06	1.502120e-08	5.254732e+01	8.925915e+02
1.450000e-06	7.640996e-06	1.507724e-08	5.296122e+01	8.961252e+02
1.460000e-06	7.697961e-06	1.513085e-08	5.335606e+01	8.993483e+02
1.470000e-06	7.752099e-06	1.518407e-08	5.373130e+01	9.023166e+02
1.480000e-06	7.803173e-06	1.523372e-08	5.408530e+01	9.050951e+02
1.490000e-06	7.851040e-06	1.527877e-08	5.441708e+01	9.077349e+02
1.500000e-06	7.896078e-06	1.531902e-08	5.472925e+01	9.102560e+02
1.510000e-06	7.938310e-06	1.535730e-08	5.502197e+01	9.126422e+02
1.520000e-06	7.977664e-06	1.539432e-08	5.529473e+01	9.148504e+02
1.530000e-06	8.014320e-06	1.542680e-08	5.554881e+01	9.168300e+02
1.540000e-06	8.048110e-06	1.545379e-08	5.578301e+01	9.185457e+02
1.550000e-06	8.079024e-06	1.547881e-08	5.599728e+01	9.199935e+02
1.560000e-06	8.107245e-06	1.550088e-08	5.619288e+01	9.212046e+02
1.570000e-06	8.132555e-06	1.551874e-08	5.636831e+01	9.222350e+02
1.580000e-06	8.154932e-06	1.553443e-08	5.652341e+01	9.231460e+02
1.590000e-06	8.174637e-06	1.554874e-08	5.665999e+01	9.239818e+02
1.600000e-06	8.191479e-06	1.556196e-08	5.677673e+01	9.247548e+02
1.610000e-06	8.205235e-06	1.557172e-08	5.687207e+01	9.254432e+02
1.620000e-06	8.215834e-06	1.557755e-08	5.694554e+01	9.260017e+02
1.630000e-06	8.223362e-06	1.558227e-08	5.699771e+01	9.263824e+02
1.640000e-06	8.227993e-06	1.558646e-08	5.702981e+01	9.265549e+02
1.650000e-06	8.229679e-06	1.558608e-08	5.704150e+01	9.265208e+02
1.660000e-06	8.228590e-06	1.559030e-08	5.703395e+01	9.263134e+02
1.670000e-06	8.224904e-06	1.558771e-08	5.700841e+01	9.259861e+02
1.680000e-06	8.218498e-06	1.557996e-08	5.696400e+01	9.255905e+02
1.690000e-06	8.209306e-06	1.557152e-08	5.690029e+01	9.251562e+02
1.700000e-06	8.197245e-06	1.555829e-08	5.681669e+01	9.246774e+02
1.710000e-06	8.182332e-06	1.553949e-08	5.671333e+01	9.241144e+02
1.720000e-06	8.164909e-06	1.550993e-08	5.659257e+01	9.234077e+02
1.730000e-06	8.145166e-06	1.556023e-08	5.645572e+01	9.225002e+02
1.740000e-06	8.122548e-06	1.558190e-08	5.629895e+01	9.213595e+02
1.750000e-06	8.096346e-06	1.550467e-08	5.611734e+01	9.199914e+02
1.760000e-06	8.066475e-06	1.545120e-08	5.591030e+01	9.184387e+02
1.770000e-06	8.033477e-06	1.544104e-08	5.568159e+01	9.167672e+02
1.780000e-06	7.997922e-06	1.538279e-08	5.543515e+01	9.150425e+02
1.790000e-06	7.959920e-06	1.532272e-08	5.517175e+01	9.133067e+02
1.800000e-06	7.919711e-06	1.538882e-08	5.489305e+01	9.115643e+02
1.810000e-06	7.877190e-06	1.527328e-08	5.459833e+01	9.097811e+02
1.820000e-06	7.831981e-06	1.529077e-08	5.428498e+01	9.078969e+02
1.830000e-06	7.784056e-06	1.530169e-08	5.395280e+01	9.058473e+02
1.840000e-06	7.733072e-06	1.517029e-08	5.359942e+01	9.035865e+02
1.850000e-06	7.679006e-06	1.520222e-08	5.322468e+01	9.011020e+02
1.860000e-06	7.622102e-06	1.508028e-08	5.283027e+01	8.984169e+02
1.870000e-06	7.562426e-06	1.510474e-08	5.241664e+01	8.955800e+02
1.880000e-06	7.500137e-06	1.504278e-08	5.198490e+01	8.926458e+02
1.890000e-06	7.435103e-06	1.495800e-08	5.153414e+01	8.896545e+02
1.900000e-06	7.367327e-06	1.498006e-08	5.106437e+01	8.866176e+02
1.910000e-06	7.296738e-06	1.486041e-08	5.057511e+01	8.835148e+02
1.920000e-06	7.223304e-06	1.484657e-08	5.006612e+01	8.803032e+02
1.930000e-06	7.147135e-06	1.473828e-08	4.953817e+01	8.769337e+02
1.940000e-06	7.068165e-06	1.471200e-08	4.899082e+01	8.733695e+02
1.950000e-06	6.986600e-06	1.467218e-08	4.842548e+01	8.695987e+02
1.960000e-06	6.902521e-06	1.457088e-08	4.784271e+01	8.656373e+02
1.970000e-06	6.815953e-06	1.454106e-08	4.724269e+01	8.615214e+02
1.980000e-06	6.726984e-06	1.442268e-08	4.662603e+01	8.572926e+02
1.990000e-06	6.635670e-06	1.438308e-08	4.599311e+01	8.529820e+02
2.000000e-06	6.542013e-06	1.427460e-08	4.534396e+01	8.485985e+02
2.010000e-06	6.446005e-06	1.421161e-08	4.467851e+01	8.441267e+02
2.020000e-06	6.347763e-06	1.414097e-08	4.399758e+01	8.395337e+02
2.030000e-06	6.247200e-06	1.406766e-08	4.330055e+01	8.347817e+02
2.040000e-06	6.144344e-06	1.400183e-08	4.258764e+01	8.298429e+02
2.050000e-06	6.039291e-06	1.388895e-08	4.185949e+01	8.247088e+02
2.060000e-06	5.932118e-06	1.381311e-08	4.111666e+01	8.193927e+02
2.070000e-06	5.822860e-06	1.369516e-08	4.035937e+01	8.139231e+02
2.080000e-06	5.711429e-06	1.361060e-08	3.958702e+01	8.083316e+02
2.090000e-06	5.597807e-06	1.349978e-08	3.879949e+01	8.026403e+02
2.100000e-06	5.482007e-06	1.342115e-08	3.799685e+01	7.968519e+02
2.110000e-06	5.364130e-06	1.332921e-08	3.717982e+01	7.909487e+02
2.120000e-06	5.244221e-06	1.323609e-08	3.634871e+01	7.848980e+02
2.130000e-06	5.122397e-06	1.312199e-08	3.550433e+01	7.786638e+02
2.140000e-06	4.998747e-06	1.300406e-08	3.464728e+01	7.722192e+02
2.150000e-06	4.873288e-06	1.289256e-08	3.377770e+01	7.655554e+02
2.160000e-06	4.746067e-06	1.276942e-08	3.289591e+01	7.586844e+02
2.170000e-06	4.617156e-06	1.265525e-08	3.200240e+01	7.516334e+02
2.180000e-06	4.486592e-06	1.253583e-08	3.109744e+01	7.444344e+02
2.190000e-06	4.354433e-06	1.243083e-08	3.018142e+01	7.371111e+02
2.200000e-06	4.220717e-06	1.229940e-08	2.925461e+01	7.296698e+02
2.210000e-06	4.085538e-06	1.216920e-08	2.831765e+01	7.220951e+02
2.220000e-06	3.948860e-06	1.202665e-08	2.737031e+01	7.143533e+02
2.230000e-06	3.810532e-06	1.189566e-08	2.641153e+01	7.064026e+02
2.240000e-06	3.670801e-06	1.175505e-08	2.544304e+01	6.982047e+02
2.250000e-06	3.529762e-06	1.161347e-08	2.446546e+01	6.897360e+02
2.260000e-06	3.387393e-06	1.147125e-08	2.347868e+01	6.809929e+02
2.270000e-06	3.243783e-06	1.132601e-08	2.248329e+01	6.719910e+02
2.280000e-06	3.099023e-06	1.117107e-08	2.147993e+01	6.627571e+02
2.290000e-06	2.953111e-06	1.100204e-08	2.046859e+01	6.533182e+02
2.300000e-06	2.806104e-06	1.083535e-08	1.944965e+01	6.436900e+02
2.310000e-06	2.658210e-06	1.066844e-08	1.842457e+01	6.338700e+02
2.320000e-06	2.509401e-06	1.050177e-08	1.739314e+01	6.238357e+02
2.330000e-06	2.359595e-06	1.032749e-08	1.635481e+01	6.135507e+02
2.340000e-06	2.208940e-06	1.015277e-08	1.531059e+01	6.029742e+02
2.350000e-06	2.057585e-06	9.973040e-09	1.426152e+01	5.920719e+02
2.360000e-06	1.905563e-06	9.785407e-09	1.320783e+01	5.808247e+02
2.370000e-06	1.752888e-06	9.583988e-09	1.214961e+01	5.692316e+02
2.380000e-06	1.599610e-06	9.378204e-09	1.108721e+01	5.573061e+02
2.390000e-06	1.445719e-06	9.171991e-09	1.002056e+01	5.450680e+02
2.400000e-06	1.291145e-06	8.965486e-09	8.949177e+00	5.325322e+02
2.410000e-06	1.136048e-06	8.748797e-09	7.874171e+00	5.196995e+02
2.420000e-06	9.806381e-07	8.527618e-09	6.796993e+00	5.065506e+02
2.430000e-06	8.249474e-07	8.303658e-09	5.717870e+00	4.930471e+02
2.440000e-06	6.690372e-07	8.070478e-09	4.637226e+00	4.791358e+02
2.450000e-06	5.129249e-07	7.823588e-09	3.555182e+00	4.647577e+02
2.460000e-06	3.565622e-07	7.565590e-09	2.471401e+00	4.498553e+02
2.470000e-06	2.000191e-07	7.304985e-09	1.386371e+00	4.343772e+02
2.480000e-06	4.344198e-08	7.037567e-09	3.011047e-01	4.182795e+02
2.490000e-06	-1.130563e-07	6.756749e-09	-7.836149e-01	4.015227e+02
2.500000e-06	-2.694916e-07	6.461043e-09	-1.867898e+00	3.840677e+02
2.510000e-06	-4.258277e-07	6.157909e-09	-2.951494e+00	3.658726e+02
2.520000e-06	-5.819955e-07	5.842771e-09	-4.033924e+00	3.468924e+02
2.530000e-06	-7.379612e-07	5.506994e-09	-5.114952e+00	3.270825e+02
2.540000e-06	-8.936842e-07	5.151254e-09	-6.194299e+00	3.064024e+02
2.550000e-06	-1.049097e-06	4.783958e-09	-7.271493e+00	2.848183e+02
2.560000e-06	-1.204088e-06	4.407837e-09	-8.345767e+00	2.623015e+02
2.570000e-06	-1.358608e-06	4.015934e-09	-9.416773e+00	2.388201e+02
2.580000e-06	-1.512564e-06	3.604628e-09	-1.048388e+01	2.143261e+02
2.590000e-06	-1.665931e-06	3.175734e-09	-1.154689e+01	1.887419e+02
2.600000e-06	-1.818718e-06	2.728975e-09	-1.260589e+01	1.619518e+02
2.610000e-06	-1.970805e-06	2.257051e-09	-1.366003e+01	1.338041e+02
2.620000e-06	-2.122166e-06	1.754234e-09	-1.470914e+01	1.041269e+02
2.630000e-06	-2.272858e-06	1.224433e-09	-1.575362e+01	7.275755e+01
2.640000e-06	-2.422849e-06	6.697665e-10	-1.679324e+01	3.957997e+01
2.650000e-06	-2.571939e-06	8.589977e-11	-1.782661e+01	4.561719e+00
2.660000e-06	-2.720040e-06	-5.290528e-10	-1.885312e+01	-3.221842e+01
2.670000e-06	-2.867164e-06	-1.169995e-09	-1.987287e+01	-7.055988e+01
2.680000e-06	-3.013197e-06	-1.831488e-09	-2.088506e+01	-1.101501e+02
2.690000e-06	-3.158192e-06	-2.508600e-09	-2.189004e+01	-1.505922e+02
2.700000e-06	-3.302090e-06	-3.195620e-09	-2.288743e+01	-1.914442e+02
2.710000e-06	-3.444750e-06	-3.883252e-09	-2.387623e+01	-2.322600e+02
2.720000e-06	-3.586095e-06	-4.561095e-09	-2.485592e+01	-2.726234e+02
2.730000e-06	-3.726026e-06	-5.226163e-09	-2.582581e+01	-3.121692e+02
2.740000e-06	-3.864496e-06	-5.874910e-09	-2.678557e+01	-3.505911e+02
2.750000e-06	-4.001513e-06	-6.499360e-09	-2.773526e+01	-3.876389e+02
2.760000e-06	-4.137104e-06	-7.093366e-09	-2.867507e+01	-4.231112e+02
2.770000e-06	-4.271197e-06	-7.658234e-09	-2.960449e+01	-4.568506e+02
2.780000e-06	-4.403729e-06	-8.196608e-09	-3.052310e+01	-4.887430e+02
2.790000e-06	-4.534704e-06	-8.704475e-09	-3.143091e+01	-5.187233e+02
2.800000e-06	-4.664135e-06	-9.177701e-09	-3.232802e+01	-5.467810e+02
2.810000e-06	-4.791959e-06	-9.618820e-09	-3.321399e+01	-5.729623e+02
2.820000e-06	-4.918093e-06	-1.003263e-08	-3.408825e+01	-5.973645e+02
2.830000e-06	-5.042419e-06	-1.041765e-08	-3.494998e+01	-6.201194e+02
2.840000e-06	-5.164903e-06	-1.077444e-08	-3.579895e+01	-6.413708e+02
2.850000e-06	-5.285609e-06	-1.111010e-08	-3.663558e+01	-6.612504e+02
2.860000e-06	-5.404401e-06	-1.142847e-08	-3.745895e+01	-6.798608e+02
2.870000e-06	-5.520972e-06	-1.172669e-08	-3.826693e+01	-6.972699e+02
2.880000e-06	-5.635277e-06	-1.199990e-08	-3.905920e+01	-7.135178e+02
2.890000e-06	-5.747318e-06	-1.225058e-08	-3.983577e+01	-7.286349e+02
2.900000e-06	-5.857141e-06	-1.248531e-08	-4.059698e+01	-7.426616e+02
2.910000e-06	-5.964985e-06	-1.270530e-08	-4.134446e+01	-7.556630e+02
2.920000e-06	-6.070883e-06	-1.291064e-08	-4.207846e+01	-7.677330e+02
2.930000e-06	-6.174681e-06	-1.310270e-08	-4.279791e+01	-7.789838e+02
2.940000e-06	-6.276180e-06	-1.328447e-08	-4.350142e+01	-7.895277e+02
2.950000e-06	-6.375381e-06	-1.345542e-08	-4.418900e+01	-7.994552e+02
2.960000e-06	-6.472401e-06	-1.361277e-08	-4.486147e+01	-8.088200e+02
2.970000e-06	-6.567203e-06	-1.375874e-08	-4.551856e+01	-8.176366e+02
2.980000e-06	-6.659632e-06	-1.389696e-08	-4.615920e+01	-8.258915e+02
2.990000e-06	-6.749696e-06	-1.402976e-08	-4.678345e+01	-8.335643e+02
3.000000e-06	-6.837447e-06	-1.415428e-08	-4.739167e+01	-8.406513e+02
3.010000e-06	-6.922705e-06	-1.426858e-08	-4.798261e+01	-8.471818e+02
3.020000e-06	-7.005471e-06	-1.437258e-08	-4.855627e+01	-8.532217e+02
3.030000e-06	-7.085805e-06	-1.446736e-08	-4.911309e+01	-8.588616e+02
3.040000e-06	-7.163433e-06	-1.455475e-08	-4.965114e+01	-8.641954e+02
3.050000e-06	-7.238235e-06	-1.463659e-08	-5.016961e+01	-8.692953e+02
3.060000e-06	-7.310444e-06	-1.471603e-08	-5.067010e+01	-8.741952e+02
3.070000e-06	-7.380048e-06	-1.479652e-08	-5.115254e+01	-8.788863e+02
3.080000e-06	-7.447002e-06	-1.487777e-08	-5.161661e+01	-8.833288e+02
3.090000e-06	-7.511411e-06	-1.495177e-08	-5.206305e+01	-8.874732e+02
3.100000e-06	-7.573111e-06	-1.501894e-08	-5.249070e+01	-8.912846e+02
3.110000e-06	-7.632054e-06	-1.507735e-08	-5.289924e+01	-8.947603e+02
3.120000e-06	-7.688271e-06	-1.512617e-08	-5.328889e+01	-8.979337e+02
3.130000e-06	-7.741538e-06	-1.516802e-08	-5.365810e+01	-9.008639e+02
3.140000e-06	-7.791734e-06	-1.521118e-08	-5.400602e+01	-9.036151e+02
3.150000e-06	-7.838873e-06	-1.525871e-08	-5.433275e+01	-9.062337e+02
3.160000e-06	-7.883327e-06	-1.530639e-08	-5.464087e+01	-9.087334e+02
3.170000e-06	-7.925330e-06	-1.535105e-08	-5.493200e+01	-9.110919e+02
3.180000e-06	-7.964627e-06	-1.539015e-08	-5.520437e+01	-9.132633e+02
3.190000e-06	-8.001089e-06	-1.542271e-08	-5.545710e+01	-9.151981e+02
3.200000e-06	-8.034740e-06	-1.544824e-08	-5.569034e+01	-9.168657e+02
3.210000e-06	-8.065491e-06	-1.546793e-08	-5.590348e+01	-9.182685e+02
3.220000e-06	-8.093299e-06	-1.548378e-08	-5.609622e+01	-9.194432e+02
3.230000e-06	-8.118275e-06	-1.550174e-08	-5.626933e+01	-9.204485e+02
3.240000e-06	-8.140346e-06	-1.552245e-08	-5.642231e+01	-9.213441e+02
3.250000e-06	-8.159566e-06	-1.554223e-08	-5.655553e+01	-9.221693e+02
3.260000e-06	-8.175952e-06	-1.555654e-08	-5.666911e+01	-9.229301e+02
3.270000e-06	-8.189164e-06	-1.556684e-08	-5.676068e+01	-9.235994e+02
3.280000e-06	-8.199240e-06	-1.557364e-08	-5.683052e+01	-9.241300e+02
3.290000e-06	-8.206404e-06	-1.557896e-08	-5.688017e+01	-9.244754e+02
3.300000e-06	-8.210680e-06	-1.558267e-08	-5.690981e+01	-9.246103e+02
3.310000e-06	-8.212159e-06	-1.558306e-08	-5.692007e+01	-9.245425e+02
