# Temperatura_=_36.18
# Concentracion g/m^3_=_11780.0
# C_Vs_to_Am_M_A/Vsm_=_59384043850.047264
# pendiente_HvsI_1/m_=_3716.3
# ordenada_HvsI_A/m_=_1297.0
# frecuencia_Hz_=_301534.42149936

Tiempo_(s)	Campo_(V.s)	Magnetizacion_(V.s)	Campo_(kA/m)	Magnetizacion_(A/m)
0.000000e+00	-8.119938e-06	-1.514864e-08	-5.692248e+01	-8.994376e+02
1.000000e-08	-8.116777e-06	-1.514363e-08	-5.690032e+01	-8.991274e+02
2.000000e-08	-8.110904e-06	-1.513688e-08	-5.685915e+01	-8.987104e+02
3.000000e-08	-8.102372e-06	-1.512680e-08	-5.679934e+01	-8.982473e+02
4.000000e-08	-8.091030e-06	-1.511893e-08	-5.671983e+01	-8.977682e+02
5.000000e-08	-8.076763e-06	-1.511262e-08	-5.661981e+01	-8.972597e+02
6.000000e-08	-8.059622e-06	-1.510982e-08	-5.649965e+01	-8.966682e+02
7.000000e-08	-8.039926e-06	-1.510369e-08	-5.636158e+01	-8.959198e+02
8.000000e-08	-8.017601e-06	-1.504053e-08	-5.620507e+01	-8.949489e+02
9.000000e-08	-7.992084e-06	-1.500915e-08	-5.602619e+01	-8.937243e+02
1.000000e-07	-7.963279e-06	-1.502676e-08	-5.582427e+01	-8.922633e+02
1.100000e-07	-7.931577e-06	-1.501457e-08	-5.560203e+01	-8.906271e+02
1.200000e-07	-7.897160e-06	-1.497242e-08	-5.536076e+01	-8.888998e+02
1.300000e-07	-7.860245e-06	-1.494667e-08	-5.510198e+01	-8.871576e+02
1.400000e-07	-7.821172e-06	-1.496220e-08	-5.482806e+01	-8.854410e+02
1.500000e-07	-7.779751e-06	-1.487097e-08	-5.453770e+01	-8.837392e+02
1.600000e-07	-7.735525e-06	-1.486782e-08	-5.422766e+01	-8.819942e+02
1.700000e-07	-7.688517e-06	-1.483613e-08	-5.389812e+01	-8.801223e+02
1.800000e-07	-7.638563e-06	-1.474773e-08	-5.354793e+01	-8.780445e+02
1.900000e-07	-7.585427e-06	-1.477852e-08	-5.317544e+01	-8.757162e+02
2.000000e-07	-7.529498e-06	-1.471489e-08	-5.278337e+01	-8.731423e+02
2.100000e-07	-7.470894e-06	-1.466742e-08	-5.237254e+01	-8.703749e+02
2.200000e-07	-7.409628e-06	-1.460723e-08	-5.194305e+01	-8.674919e+02
2.300000e-07	-7.345706e-06	-1.456262e-08	-5.149495e+01	-8.645670e+02
2.400000e-07	-7.278979e-06	-1.453384e-08	-5.102718e+01	-8.616412e+02
2.500000e-07	-7.209581e-06	-1.444225e-08	-5.054068e+01	-8.587072e+02
2.600000e-07	-7.137580e-06	-1.440995e-08	-5.003594e+01	-8.557123e+02
2.700000e-07	-7.062795e-06	-1.436960e-08	-4.951168e+01	-8.525785e+02
2.800000e-07	-6.985147e-06	-1.432182e-08	-4.896735e+01	-8.492324e+02
2.900000e-07	-6.904795e-06	-1.424778e-08	-4.840407e+01	-8.456331e+02
3.000000e-07	-6.822022e-06	-1.416546e-08	-4.782381e+01	-8.417869e+02
3.100000e-07	-6.736971e-06	-1.411465e-08	-4.722758e+01	-8.377448e+02
3.200000e-07	-6.649618e-06	-1.403616e-08	-4.661522e+01	-8.335827e+02
3.300000e-07	-6.559871e-06	-1.397710e-08	-4.598608e+01	-8.293725e+02
3.400000e-07	-6.467743e-06	-1.389925e-08	-4.534024e+01	-8.251555e+02
3.500000e-07	-6.373344e-06	-1.383074e-08	-4.467849e+01	-8.209274e+02
3.600000e-07	-6.276587e-06	-1.376646e-08	-4.400019e+01	-8.166408e+02
3.700000e-07	-6.177517e-06	-1.367895e-08	-4.330570e+01	-8.122241e+02
3.800000e-07	-6.076309e-06	-1.359294e-08	-4.259621e+01	-8.076084e+02
3.900000e-07	-5.972909e-06	-1.350352e-08	-4.187135e+01	-8.027526e+02
4.000000e-07	-5.867233e-06	-1.343878e-08	-4.113054e+01	-7.976575e+02
4.100000e-07	-5.759454e-06	-1.335145e-08	-4.037499e+01	-7.923628e+02
4.200000e-07	-5.649725e-06	-1.326155e-08	-3.960576e+01	-7.869293e+02
4.300000e-07	-5.538004e-06	-1.316923e-08	-3.882258e+01	-7.814138e+02
4.400000e-07	-5.424147e-06	-1.307700e-08	-3.802441e+01	-7.758458e+02
4.500000e-07	-5.308069e-06	-1.297624e-08	-3.721068e+01	-7.702151e+02
4.600000e-07	-5.189970e-06	-1.286642e-08	-3.638278e+01	-7.644760e+02
4.700000e-07	-5.070022e-06	-1.276654e-08	-3.554192e+01	-7.585642e+02
4.800000e-07	-4.948210e-06	-1.266611e-08	-3.468799e+01	-7.524217e+02
4.900000e-07	-4.824560e-06	-1.256928e-08	-3.382118e+01	-7.460190e+02
5.000000e-07	-4.699199e-06	-1.245779e-08	-3.294238e+01	-7.393654e+02
5.100000e-07	-4.572245e-06	-1.234293e-08	-3.205240e+01	-7.325055e+02
5.200000e-07	-4.443640e-06	-1.222353e-08	-3.115085e+01	-7.255015e+02
5.300000e-07	-4.313306e-06	-1.210256e-08	-3.023718e+01	-7.184085e+02
5.400000e-07	-4.181391e-06	-1.197366e-08	-2.931243e+01	-7.112537e+02
5.500000e-07	-4.048025e-06	-1.184608e-08	-2.837751e+01	-7.040244e+02
5.600000e-07	-3.913247e-06	-1.172735e-08	-2.743268e+01	-6.966719e+02
5.700000e-07	-3.777061e-06	-1.160670e-08	-2.647799e+01	-6.891277e+02
5.800000e-07	-3.639448e-06	-1.147968e-08	-2.551330e+01	-6.813266e+02
5.900000e-07	-3.500423e-06	-1.134030e-08	-2.453870e+01	-6.732280e+02
6.000000e-07	-3.359931e-06	-1.119856e-08	-2.355382e+01	-6.648275e+02
6.100000e-07	-3.217984e-06	-1.105188e-08	-2.255875e+01	-6.561550e+02
6.200000e-07	-3.074704e-06	-1.089990e-08	-2.155433e+01	-6.472602e+02
6.300000e-07	-2.930316e-06	-1.074385e-08	-2.054213e+01	-6.381923e+02
6.400000e-07	-2.784929e-06	-1.058971e-08	-1.952294e+01	-6.289794e+02
6.500000e-07	-2.638564e-06	-1.043815e-08	-1.849689e+01	-6.196172e+02
6.600000e-07	-2.491370e-06	-1.028115e-08	-1.746503e+01	-6.100697e+02
6.700000e-07	-2.343403e-06	-1.011641e-08	-1.642775e+01	-6.002809e+02
6.800000e-07	-2.194650e-06	-9.942870e-09	-1.538496e+01	-5.901936e+02
6.900000e-07	-2.045100e-06	-9.767548e-09	-1.433658e+01	-5.797668e+02
7.000000e-07	-1.894856e-06	-9.587126e-09	-1.328334e+01	-5.689875e+02
7.100000e-07	-1.744031e-06	-9.399336e-09	-1.222602e+01	-5.578706e+02
7.200000e-07	-1.592573e-06	-9.206280e-09	-1.116427e+01	-5.464491e+02
7.300000e-07	-1.440447e-06	-9.011273e-09	-1.009784e+01	-5.347580e+02
7.400000e-07	-1.287693e-06	-8.813031e-09	-9.026996e+00	-5.228173e+02
7.500000e-07	-1.134422e-06	-8.606095e-09	-7.952539e+00	-5.106215e+02
7.600000e-07	-9.807448e-07	-8.394209e-09	-6.875228e+00	-4.981373e+02
7.700000e-07	-8.267509e-07	-8.179532e-09	-5.795698e+00	-4.853103e+02
7.800000e-07	-6.725014e-07	-7.961598e-09	-4.714377e+00	-4.720774e+02
7.900000e-07	-5.180192e-07	-7.732712e-09	-3.631424e+00	-4.583803e+02
8.000000e-07	-3.633590e-07	-7.491400e-09	-2.547223e+00	-4.441738e+02
8.100000e-07	-2.085367e-07	-7.240527e-09	-1.461886e+00	-4.294279e+02
8.200000e-07	-5.360857e-08	-6.982180e-09	-3.758074e-01	-4.141222e+02
8.300000e-07	1.013340e-07	-6.715966e-09	7.103727e-01	-3.982372e+02
8.400000e-07	2.561993e-07	-6.438659e-09	1.796011e+00	-3.817449e+02
8.500000e-07	4.109218e-07	-6.152290e-09	2.880649e+00	-3.646047e+02
8.600000e-07	5.654882e-07	-5.854241e-09	3.964192e+00	-3.467648e+02
8.700000e-07	7.198526e-07	-5.539533e-09	5.046318e+00	-3.281706e+02
8.800000e-07	8.740088e-07	-5.206769e-09	6.126986e+00	-3.087743e+02
8.900000e-07	1.027841e-06	-4.861407e-09	7.205381e+00	-2.885426e+02
9.000000e-07	1.181230e-06	-4.506928e-09	8.280672e+00	-2.674584e+02
9.100000e-07	1.334221e-06	-4.142296e-09	9.353167e+00	-2.455131e+02
9.200000e-07	1.486696e-06	-3.761858e-09	1.042205e+01	-2.226927e+02
9.300000e-07	1.638595e-06	-3.361525e-09	1.148690e+01	-1.989597e+02
9.400000e-07	1.789851e-06	-2.943531e-09	1.254723e+01	-1.742399e+02
9.500000e-07	1.940403e-06	-2.505760e-09	1.360263e+01	-1.484176e+02
9.600000e-07	2.090260e-06	-2.045292e-09	1.465316e+01	-1.213437e+02
9.700000e-07	2.239359e-06	-1.559915e-09	1.569838e+01	-9.285823e+01
9.800000e-07	2.387698e-06	-1.052163e-09	1.673827e+01	-6.282099e+01
9.900000e-07	2.535250e-06	-5.209739e-10	1.777264e+01	-3.114599e+01
1.000000e-06	2.681954e-06	3.956582e-11	1.880106e+01	2.170218e+00
1.010000e-06	2.827718e-06	6.294336e-10	1.982290e+01	3.703222e+01
1.020000e-06	2.972415e-06	1.243116e-09	2.083726e+01	7.324528e+01
1.030000e-06	3.115976e-06	1.872554e-09	2.184365e+01	1.105304e+02
1.040000e-06	3.258363e-06	2.515551e-09	2.284181e+01	1.485503e+02
1.050000e-06	3.399576e-06	3.166769e-09	2.383174e+01	1.869406e+02
1.060000e-06	3.539558e-06	3.817556e-09	2.481305e+01	2.253372e+02
1.070000e-06	3.678113e-06	4.458912e-09	2.578435e+01	2.633977e+02
1.080000e-06	3.815218e-06	5.087253e-09	2.674548e+01	3.008122e+02
1.090000e-06	3.950879e-06	5.702948e-09	2.769649e+01	3.373064e+02
1.100000e-06	4.085064e-06	6.300652e-09	2.863716e+01	3.726411e+02
1.110000e-06	4.217867e-06	6.872890e-09	2.956814e+01	4.066113e+02
1.120000e-06	4.349187e-06	7.418714e-09	3.048872e+01	4.390492e+02
1.130000e-06	4.478887e-06	7.939519e-09	3.139794e+01	4.698303e+02
1.140000e-06	4.606980e-06	8.430436e-09	3.229590e+01	4.988820e+02
1.150000e-06	4.733433e-06	8.888971e-09	3.318236e+01	5.261886e+02
1.160000e-06	4.858297e-06	9.316721e-09	3.405769e+01	5.517902e+02
1.170000e-06	4.981515e-06	9.718449e-09	3.492147e+01	5.757722e+02
1.180000e-06	5.102894e-06	1.009699e-08	3.577236e+01	5.982467e+02
1.190000e-06	5.222392e-06	1.045224e-08	3.661007e+01	6.193306e+02
1.200000e-06	5.339982e-06	1.078365e-08	3.743440e+01	6.391252e+02
1.210000e-06	5.455522e-06	1.109340e-08	3.824436e+01	6.577039e+02
1.220000e-06	5.568920e-06	1.138473e-08	3.903930e+01	6.751119e+02
1.230000e-06	5.680259e-06	1.165723e-08	3.981981e+01	6.913761e+02
1.240000e-06	5.789632e-06	1.191161e-08	4.058654e+01	7.065229e+02
1.250000e-06	5.896987e-06	1.214879e-08	4.133912e+01	7.205948e+02
1.260000e-06	6.002196e-06	1.236939e-08	4.207666e+01	7.336613e+02
1.270000e-06	6.105268e-06	1.257358e-08	4.279922e+01	7.458178e+02
1.280000e-06	6.206166e-06	1.276291e-08	4.350653e+01	7.571736e+02
1.290000e-06	6.304720e-06	1.293992e-08	4.419742e+01	7.678331e+02
1.300000e-06	6.400940e-06	1.310717e-08	4.487194e+01	7.778757e+02
1.310000e-06	6.494964e-06	1.326585e-08	4.553106e+01	7.873450e+02
1.320000e-06	6.586790e-06	1.341496e-08	4.617478e+01	7.962485e+02
1.330000e-06	6.676259e-06	1.355445e-08	4.680198e+01	8.045710e+02
1.340000e-06	6.763294e-06	1.368358e-08	4.741211e+01	8.122951e+02
1.350000e-06	6.848064e-06	1.380224e-08	4.800637e+01	8.194224e+02
1.360000e-06	6.930516e-06	1.390957e-08	4.858438e+01	8.259875e+02
1.370000e-06	7.010389e-06	1.400757e-08	4.914430e+01	8.320582e+02
1.380000e-06	7.087660e-06	1.410165e-08	4.968599e+01	8.377227e+02
1.390000e-06	7.162271e-06	1.419417e-08	5.020903e+01	8.430682e+02
1.400000e-06	7.234186e-06	1.428214e-08	5.071317e+01	8.481586e+02
1.410000e-06	7.303586e-06	1.436361e-08	5.119968e+01	8.530198e+02
1.420000e-06	7.370402e-06	1.444115e-08	5.166807e+01	8.576391e+02
1.430000e-06	7.434546e-06	1.451514e-08	5.211774e+01	8.619777e+02
1.440000e-06	7.496176e-06	1.458226e-08	5.254978e+01	8.659932e+02
1.450000e-06	7.555210e-06	1.463993e-08	5.296361e+01	8.696625e+02
1.460000e-06	7.611515e-06	1.469312e-08	5.335832e+01	8.729960e+02
1.470000e-06	7.664986e-06	1.474537e-08	5.373316e+01	8.760396e+02
1.480000e-06	7.715328e-06	1.479545e-08	5.408607e+01	8.788603e+02
1.490000e-06	7.762611e-06	1.484183e-08	5.441754e+01	8.815250e+02
1.500000e-06	7.807151e-06	1.488472e-08	5.472977e+01	8.840770e+02
1.510000e-06	7.848911e-06	1.492627e-08	5.502252e+01	8.865219e+02
1.520000e-06	7.887836e-06	1.496393e-08	5.529539e+01	8.888284e+02
1.530000e-06	7.924066e-06	1.499669e-08	5.554937e+01	8.909419e+02
1.540000e-06	7.957545e-06	1.502438e-08	5.578407e+01	8.928088e+02
1.550000e-06	7.988201e-06	1.505013e-08	5.599897e+01	8.943992e+02
1.560000e-06	8.016053e-06	1.507437e-08	5.619422e+01	8.957208e+02
1.570000e-06	8.040989e-06	1.509623e-08	5.636903e+01	8.968185e+02
1.580000e-06	8.063121e-06	1.511394e-08	5.652418e+01	8.977580e+02
1.590000e-06	8.082569e-06	1.512915e-08	5.666051e+01	8.986025e+02
1.600000e-06	8.099165e-06	1.514290e-08	5.677685e+01	8.993894e+02
1.610000e-06	8.112794e-06	1.515133e-08	5.687239e+01	9.001172e+02
1.620000e-06	8.123279e-06	1.515632e-08	5.694590e+01	9.007480e+02
1.630000e-06	8.130670e-06	1.516211e-08	5.699771e+01	9.012244e+02
1.640000e-06	8.135237e-06	1.517061e-08	5.702973e+01	9.014948e+02
1.650000e-06	8.136917e-06	1.517467e-08	5.704150e+01	9.015355e+02
1.660000e-06	8.135804e-06	1.517979e-08	5.703370e+01	9.013627e+02
1.670000e-06	8.132116e-06	1.517649e-08	5.700785e+01	9.010280e+02
1.680000e-06	8.125710e-06	1.516804e-08	5.696294e+01	9.005985e+02
1.690000e-06	8.116580e-06	1.515844e-08	5.689893e+01	9.001311e+02
1.700000e-06	8.104688e-06	1.514428e-08	5.681557e+01	8.996487e+02
1.710000e-06	8.090002e-06	1.512563e-08	5.671262e+01	8.991298e+02
1.720000e-06	8.072780e-06	1.509872e-08	5.659189e+01	8.985155e+02
1.730000e-06	8.053210e-06	1.513521e-08	5.645470e+01	8.977311e+02
1.740000e-06	8.030881e-06	1.515475e-08	5.629817e+01	8.967155e+02
1.750000e-06	8.005036e-06	1.510025e-08	5.611699e+01	8.954456e+02
1.760000e-06	7.975453e-06	1.505428e-08	5.590961e+01	8.939474e+02
1.770000e-06	7.942694e-06	1.503429e-08	5.567996e+01	8.922882e+02
1.780000e-06	7.907476e-06	1.497320e-08	5.543307e+01	8.905529e+02
1.790000e-06	7.869891e-06	1.493723e-08	5.516960e+01	8.888133e+02
1.800000e-06	7.830119e-06	1.498401e-08	5.489078e+01	8.871013e+02
1.810000e-06	7.788080e-06	1.486565e-08	5.459608e+01	8.853967e+02
1.820000e-06	7.743424e-06	1.488156e-08	5.428303e+01	8.836351e+02
1.830000e-06	7.696098e-06	1.487763e-08	5.395127e+01	8.817312e+02
1.840000e-06	7.645790e-06	1.478204e-08	5.359860e+01	8.796102e+02
1.850000e-06	7.592427e-06	1.480339e-08	5.322451e+01	8.772358e+02
1.860000e-06	7.536192e-06	1.468644e-08	5.283029e+01	8.746221e+02
1.870000e-06	7.477286e-06	1.469995e-08	5.241735e+01	8.718276e+02
1.880000e-06	7.415752e-06	1.463037e-08	5.198598e+01	8.689319e+02
1.890000e-06	7.351413e-06	1.456086e-08	5.153495e+01	8.660047e+02
1.900000e-06	7.284420e-06	1.456342e-08	5.106532e+01	8.630791e+02
1.910000e-06	7.214652e-06	1.445464e-08	5.057623e+01	8.601388e+02
1.920000e-06	7.142025e-06	1.445693e-08	5.006710e+01	8.571246e+02
1.930000e-06	7.066689e-06	1.437001e-08	4.953898e+01	8.539573e+02
1.940000e-06	6.988612e-06	1.432423e-08	4.899164e+01	8.505674e+02
1.950000e-06	6.907996e-06	1.426911e-08	4.842651e+01	8.469217e+02
1.960000e-06	6.824952e-06	1.418252e-08	4.784435e+01	8.430354e+02
1.970000e-06	6.739453e-06	1.414982e-08	4.724499e+01	8.389656e+02
1.980000e-06	6.651450e-06	1.403412e-08	4.662807e+01	8.347898e+02
1.990000e-06	6.561119e-06	1.399175e-08	4.599483e+01	8.305762e+02
2.000000e-06	6.468530e-06	1.390381e-08	4.534576e+01	8.263585e+02
2.010000e-06	6.373524e-06	1.384629e-08	4.467975e+01	8.221240e+02
2.020000e-06	6.276312e-06	1.377304e-08	4.399827e+01	8.178194e+02
2.030000e-06	6.176935e-06	1.369500e-08	4.330161e+01	8.133713e+02
2.040000e-06	6.075287e-06	1.363311e-08	4.258904e+01	8.087142e+02
2.050000e-06	5.971375e-06	1.353009e-08	4.186059e+01	8.038140e+02
2.060000e-06	5.865383e-06	1.345161e-08	4.111757e+01	7.986790e+02
2.070000e-06	5.757383e-06	1.333969e-08	4.036047e+01	7.933544e+02
2.080000e-06	5.647268e-06	1.326267e-08	3.958854e+01	7.879023e+02
2.090000e-06	5.535079e-06	1.316599e-08	3.880207e+01	7.823759e+02
2.100000e-06	5.420737e-06	1.308311e-08	3.800051e+01	7.767982e+02
2.110000e-06	5.304242e-06	1.298622e-08	3.718385e+01	7.711520e+02
2.120000e-06	5.185657e-06	1.289195e-08	3.635255e+01	7.653865e+02
2.130000e-06	5.065127e-06	1.278876e-08	3.550760e+01	7.594368e+02
2.140000e-06	4.942804e-06	1.267561e-08	3.465010e+01	7.532486e+02
2.150000e-06	4.818735e-06	1.256653e-08	3.378034e+01	7.467988e+02
2.160000e-06	4.692900e-06	1.245093e-08	3.289821e+01	7.401039e+02
2.170000e-06	4.565333e-06	1.234302e-08	3.200395e+01	7.332132e+02
2.180000e-06	4.436199e-06	1.222480e-08	3.109869e+01	7.261894e+02
2.190000e-06	4.305575e-06	1.211449e-08	3.018299e+01	7.190841e+02
2.200000e-06	4.173446e-06	1.198865e-08	2.925674e+01	7.119177e+02
2.210000e-06	4.039737e-06	1.186816e-08	2.831941e+01	7.046704e+02
2.220000e-06	3.904533e-06	1.173445e-08	2.737160e+01	6.972885e+02
2.230000e-06	3.767899e-06	1.160423e-08	2.641377e+01	6.897024e+02
2.240000e-06	3.629883e-06	1.146960e-08	2.544625e+01	6.818498e+02
2.250000e-06	3.490536e-06	1.133754e-08	2.446939e+01	6.736962e+02
2.260000e-06	3.349809e-06	1.120223e-08	2.348287e+01	6.652437e+02
2.270000e-06	3.207776e-06	1.105791e-08	2.248719e+01	6.565271e+02
2.280000e-06	3.064570e-06	1.090862e-08	2.148328e+01	6.475979e+02
2.290000e-06	2.920236e-06	1.074990e-08	2.047147e+01	6.385024e+02
2.300000e-06	2.774818e-06	1.058944e-08	1.945206e+01	6.292637e+02
2.310000e-06	2.628446e-06	1.042354e-08	1.842596e+01	6.198715e+02
2.320000e-06	2.481256e-06	1.026271e-08	1.739413e+01	6.102850e+02
2.330000e-06	2.333239e-06	1.010118e-08	1.635650e+01	6.004464e+02
2.340000e-06	2.184340e-06	9.937455e-09	1.531268e+01	5.903004e+02
2.350000e-06	2.034649e-06	9.763064e-09	1.426332e+01	5.798103e+02
2.360000e-06	1.884227e-06	9.579703e-09	1.320882e+01	5.689686e+02
2.370000e-06	1.733183e-06	9.387126e-09	1.214997e+01	5.577942e+02
2.380000e-06	1.581600e-06	9.189181e-09	1.108735e+01	5.463218e+02
2.390000e-06	1.429430e-06	8.987371e-09	1.002061e+01	5.345849e+02
2.400000e-06	1.276664e-06	8.785776e-09	8.949686e+00	5.225995e+02
2.410000e-06	1.123405e-06	8.582862e-09	7.875309e+00	5.103550e+02
2.420000e-06	9.697492e-07	8.376332e-09	6.798146e+00	4.978136e+02
2.430000e-06	8.157636e-07	8.162286e-09	5.718675e+00	4.849184e+02
2.440000e-06	6.615453e-07	7.936665e-09	4.637572e+00	4.716062e+02
2.450000e-06	5.071638e-07	7.701057e-09	3.555325e+00	4.578206e+02
2.460000e-06	3.526094e-07	7.454741e-09	2.471866e+00	4.435192e+02
2.470000e-06	1.979480e-07	7.201892e-09	1.387657e+00	4.286742e+02
2.480000e-06	4.325492e-08	6.941291e-09	3.032261e-01	4.132663e+02
2.490000e-06	-1.114709e-07	6.674028e-09	-7.814345e-01	3.972749e+02
2.500000e-06	-2.661503e-07	6.397756e-09	-1.865770e+00	3.806699e+02
2.510000e-06	-4.207103e-07	6.110866e-09	-2.949268e+00	3.634083e+02
2.520000e-06	-5.750687e-07	5.809629e-09	-4.031353e+00	3.454373e+02
2.530000e-06	-7.292417e-07	5.491761e-09	-5.112138e+00	3.267026e+02
2.540000e-06	-8.832079e-07	5.158758e-09	-6.191473e+00	3.071586e+02
2.550000e-06	-1.036840e-06	4.811248e-09	-7.268465e+00	2.867752e+02
2.560000e-06	-1.190060e-06	4.453666e-09	-8.342570e+00	2.655374e+02
2.570000e-06	-1.342855e-06	4.084509e-09	-9.413696e+00	2.434370e+02
2.580000e-06	-1.495215e-06	3.700630e-09	-1.048177e+01	2.204568e+02
2.590000e-06	-1.647059e-06	3.300816e-09	-1.154623e+01	1.965539e+02
2.600000e-06	-1.798190e-06	2.883875e-09	-1.260569e+01	1.716465e+02
2.610000e-06	-1.948552e-06	2.447531e-09	-1.365976e+01	1.456119e+02
2.620000e-06	-2.098272e-06	1.988499e-09	-1.470933e+01	1.182972e+02
2.630000e-06	-2.247319e-06	1.503639e-09	-1.575418e+01	8.954334e+01
2.640000e-06	-2.395520e-06	9.922332e-10	-1.679310e+01	5.921750e+01
2.650000e-06	-2.542815e-06	4.559040e-10	-1.782567e+01	2.724657e+01
2.660000e-06	-2.689294e-06	-1.054219e-10	-1.885252e+01	-6.356012e+00
2.670000e-06	-2.834898e-06	-6.934543e-10	-1.987323e+01	-4.147665e+01
2.680000e-06	-2.979524e-06	-1.302977e-09	-2.088709e+01	-7.790406e+01
2.690000e-06	-3.122973e-06	-1.927423e-09	-2.189270e+01	-1.153467e+02
2.700000e-06	-3.265123e-06	-2.565277e-09	-2.288920e+01	-1.534602e+02
2.710000e-06	-3.405994e-06	-3.213930e-09	-2.387674e+01	-1.918783e+02
2.720000e-06	-3.545527e-06	-3.862446e-09	-2.485489e+01	-2.302396e+02
2.730000e-06	-3.683728e-06	-4.500893e-09	-2.582371e+01	-2.682068e+02
2.740000e-06	-3.820628e-06	-5.126122e-09	-2.678341e+01	-3.054764e+02
2.750000e-06	-3.956170e-06	-5.735289e-09	-2.773359e+01	-3.417805e+02
2.760000e-06	-4.090259e-06	-6.324166e-09	-2.867358e+01	-3.768860e+02
2.770000e-06	-4.222876e-06	-6.888407e-09	-2.960325e+01	-4.105942e+02
2.780000e-06	-4.354005e-06	-7.427526e-09	-3.052249e+01	-4.427443e+02
2.790000e-06	-4.483632e-06	-7.942059e-09	-3.143120e+01	-4.732207e+02
2.800000e-06	-4.611741e-06	-8.430211e-09	-3.232928e+01	-5.019606e+02
2.810000e-06	-4.738139e-06	-8.887794e-09	-3.321535e+01	-5.289587e+02
2.820000e-06	-4.862740e-06	-9.314360e-09	-3.408883e+01	-5.542642e+02
2.830000e-06	-4.985711e-06	-9.713164e-09	-3.495088e+01	-5.779687e+02
2.840000e-06	-5.106984e-06	-1.008790e-08	-3.580103e+01	-6.001869e+02
2.850000e-06	-5.226295e-06	-1.044000e-08	-3.663743e+01	-6.210343e+02
2.860000e-06	-5.343562e-06	-1.077122e-08	-3.745949e+01	-6.406076e+02
2.870000e-06	-5.458696e-06	-1.108346e-08	-3.826661e+01	-6.589751e+02
2.880000e-06	-5.571540e-06	-1.137616e-08	-3.905767e+01	-6.761775e+02
2.890000e-06	-5.682143e-06	-1.164735e-08	-3.983302e+01	-6.922404e+02
2.900000e-06	-5.790778e-06	-1.189802e-08	-4.059457e+01	-7.071918e+02
2.910000e-06	-5.897530e-06	-1.213080e-08	-4.134293e+01	-7.210786e+02
2.920000e-06	-6.002298e-06	-1.234856e-08	-4.207737e+01	-7.339754e+02
2.930000e-06	-6.104908e-06	-1.255208e-08	-4.279669e+01	-7.459811e+02
2.940000e-06	-6.205223e-06	-1.274279e-08	-4.349992e+01	-7.572059e+02
2.950000e-06	-6.303340e-06	-1.292138e-08	-4.418774e+01	-7.677506e+02
2.960000e-06	-6.399320e-06	-1.308919e-08	-4.486058e+01	-7.776892e+02
2.970000e-06	-6.493040e-06	-1.324709e-08	-4.551758e+01	-7.870582e+02
2.980000e-06	-6.584426e-06	-1.339508e-08	-4.615822e+01	-7.958599e+02
2.990000e-06	-6.673581e-06	-1.353500e-08	-4.678321e+01	-8.040769e+02
3.000000e-06	-6.760369e-06	-1.366705e-08	-4.739161e+01	-8.116938e+02
3.010000e-06	-6.844679e-06	-1.378916e-08	-4.798264e+01	-8.187176e+02
3.020000e-06	-6.926643e-06	-1.389822e-08	-4.855723e+01	-8.251890e+02
3.030000e-06	-7.006081e-06	-1.399746e-08	-4.911410e+01	-8.311807e+02
3.040000e-06	-7.082771e-06	-1.408988e-08	-4.965171e+01	-8.367827e+02
3.050000e-06	-7.156804e-06	-1.417994e-08	-5.017070e+01	-8.420793e+02
3.060000e-06	-7.228237e-06	-1.426527e-08	-5.067146e+01	-8.471285e+02
3.070000e-06	-7.297008e-06	-1.434599e-08	-5.115356e+01	-8.519488e+02
3.080000e-06	-7.363243e-06	-1.442434e-08	-5.161789e+01	-8.565216e+02
3.090000e-06	-7.427004e-06	-1.449818e-08	-5.206486e+01	-8.608057e+02
3.100000e-06	-7.488049e-06	-1.456663e-08	-5.249280e+01	-8.647607e+02
3.110000e-06	-7.546392e-06	-1.462688e-08	-5.290180e+01	-8.683685e+02
3.120000e-06	-7.602012e-06	-1.468021e-08	-5.329171e+01	-8.716465e+02
3.130000e-06	-7.654711e-06	-1.472864e-08	-5.366113e+01	-8.746453e+02
3.140000e-06	-7.704307e-06	-1.477336e-08	-5.400881e+01	-8.774341e+02
3.150000e-06	-7.750865e-06	-1.481731e-08	-5.433520e+01	-8.800769e+02
3.160000e-06	-7.794823e-06	-1.486207e-08	-5.464335e+01	-8.826109e+02
3.170000e-06	-7.836352e-06	-1.490320e-08	-5.493448e+01	-8.850347e+02
3.180000e-06	-7.875196e-06	-1.494055e-08	-5.520678e+01	-8.873114e+02
3.190000e-06	-7.911214e-06	-1.497559e-08	-5.545927e+01	-8.893848e+02
3.200000e-06	-7.944505e-06	-1.500831e-08	-5.569265e+01	-8.912039e+02
3.210000e-06	-7.974968e-06	-1.503563e-08	-5.590621e+01	-8.927450e+02
3.220000e-06	-8.002551e-06	-1.505623e-08	-5.609957e+01	-8.940228e+02
3.230000e-06	-8.027346e-06	-1.507291e-08	-5.627338e+01	-8.950875e+02
3.240000e-06	-8.049281e-06	-1.508947e-08	-5.642715e+01	-8.960063e+02
3.250000e-06	-8.068389e-06	-1.510569e-08	-5.656111e+01	-8.968393e+02
3.260000e-06	-8.084657e-06	-1.511874e-08	-5.667515e+01	-8.976173e+02
3.270000e-06	-8.097756e-06	-1.512990e-08	-5.676698e+01	-8.983318e+02
3.280000e-06	-8.107788e-06	-1.514011e-08	-5.683730e+01	-8.989397e+02
3.290000e-06	-8.114957e-06	-1.514886e-08	-5.688755e+01	-8.993830e+02
3.300000e-06	-8.119241e-06	-1.515535e-08	-5.691759e+01	-8.996134e+02
3.310000e-06	-8.120742e-06	-1.515664e-08	-5.692811e+01	-8.996140e+02
