# Temperatura_=_46.51
# Concentracion g/m^3_=_11780.0
# C_Vs_to_Am_M_A/Vsm_=_59384043850.047264
# pendiente_HvsI_1/m_=_3716.3
# ordenada_HvsI_A/m_=_1297.0
# frecuencia_Hz_=_301534.45461071195

Tiempo_(s)	Campo_(V.s)	Magnetizacion_(V.s)	Campo_(kA/m)	Magnetizacion_(A/m)
0.000000e+00	-8.115918e-06	-1.524036e-08	-5.692803e+01	-9.040342e+02
1.000000e-08	-8.113368e-06	-1.523272e-08	-5.691014e+01	-9.037324e+02
2.000000e-08	-8.108114e-06	-1.522672e-08	-5.687329e+01	-9.033437e+02
3.000000e-08	-8.100248e-06	-1.522119e-08	-5.681812e+01	-9.029295e+02
4.000000e-08	-8.089533e-06	-1.521340e-08	-5.674296e+01	-9.025136e+02
5.000000e-08	-8.075865e-06	-1.520382e-08	-5.664709e+01	-9.020700e+02
6.000000e-08	-8.059276e-06	-1.519572e-08	-5.653072e+01	-9.015310e+02
7.000000e-08	-8.040096e-06	-1.519561e-08	-5.639619e+01	-9.008115e+02
8.000000e-08	-8.018415e-06	-1.517289e-08	-5.624411e+01	-8.998416e+02
9.000000e-08	-7.993617e-06	-1.509959e-08	-5.607017e+01	-8.985941e+02
1.000000e-07	-7.965477e-06	-1.507496e-08	-5.587279e+01	-8.970975e+02
1.100000e-07	-7.934397e-06	-1.509689e-08	-5.565478e+01	-8.954284e+02
1.200000e-07	-7.900565e-06	-1.508490e-08	-5.541747e+01	-8.936856e+02
1.300000e-07	-7.864143e-06	-1.503688e-08	-5.516199e+01	-8.919555e+02
1.400000e-07	-7.825614e-06	-1.501938e-08	-5.489173e+01	-8.902820e+02
1.500000e-07	-7.784913e-06	-1.501753e-08	-5.460624e+01	-8.886508e+02
1.600000e-07	-7.741392e-06	-1.492406e-08	-5.430097e+01	-8.869953e+02
1.700000e-07	-7.694999e-06	-1.493162e-08	-5.397555e+01	-8.852206e+02
1.800000e-07	-7.645785e-06	-1.486572e-08	-5.363035e+01	-8.832370e+02
1.900000e-07	-7.593411e-06	-1.480826e-08	-5.326298e+01	-8.809907e+02
2.000000e-07	-7.538079e-06	-1.484607e-08	-5.287486e+01	-8.784807e+02
2.100000e-07	-7.480033e-06	-1.475262e-08	-5.246770e+01	-8.757551e+02
2.200000e-07	-7.419344e-06	-1.471192e-08	-5.204201e+01	-8.728905e+02
2.300000e-07	-7.356011e-06	-1.464063e-08	-5.159776e+01	-8.699611e+02
2.400000e-07	-7.289877e-06	-1.459523e-08	-5.113388e+01	-8.670110e+02
2.500000e-07	-7.221090e-06	-1.456235e-08	-5.065138e+01	-8.640387e+02
2.600000e-07	-7.149679e-06	-1.448534e-08	-5.015048e+01	-8.610004e+02
2.700000e-07	-7.075487e-06	-1.444461e-08	-4.963007e+01	-8.578289e+02
2.800000e-07	-6.998526e-06	-1.440741e-08	-4.909024e+01	-8.544612e+02
2.900000e-07	-6.918825e-06	-1.436453e-08	-4.853119e+01	-8.508636e+02
3.000000e-07	-6.836589e-06	-1.424757e-08	-4.795435e+01	-8.470446e+02
3.100000e-07	-6.752082e-06	-1.416388e-08	-4.736159e+01	-8.430502e+02
3.200000e-07	-6.665318e-06	-1.412868e-08	-4.675299e+01	-8.389458e+02
3.300000e-07	-6.576243e-06	-1.405575e-08	-4.612819e+01	-8.347901e+02
3.400000e-07	-6.484809e-06	-1.398871e-08	-4.548684e+01	-8.306125e+02
3.500000e-07	-6.391020e-06	-1.391614e-08	-4.482896e+01	-8.264023e+02
3.600000e-07	-6.294894e-06	-1.385308e-08	-4.415470e+01	-8.221133e+02
3.700000e-07	-6.196413e-06	-1.377862e-08	-4.346392e+01	-8.176823e+02
3.800000e-07	-6.095633e-06	-1.368232e-08	-4.275701e+01	-8.130529e+02
3.900000e-07	-5.992696e-06	-1.358286e-08	-4.203497e+01	-8.081963e+02
4.000000e-07	-5.887644e-06	-1.350169e-08	-4.129810e+01	-8.031204e+02
4.100000e-07	-5.780471e-06	-1.344078e-08	-4.054635e+01	-7.978641e+02
4.200000e-07	-5.671239e-06	-1.335122e-08	-3.978016e+01	-7.924809e+02
4.300000e-07	-5.560036e-06	-1.325706e-08	-3.900014e+01	-7.870158e+02
4.400000e-07	-5.446770e-06	-1.316690e-08	-3.820565e+01	-7.814878e+02
4.500000e-07	-5.331227e-06	-1.307826e-08	-3.739519e+01	-7.758820e+02
4.600000e-07	-5.213519e-06	-1.296963e-08	-3.656954e+01	-7.701559e+02
4.700000e-07	-5.093941e-06	-1.284938e-08	-3.573078e+01	-7.642558e+02
4.800000e-07	-4.972570e-06	-1.274724e-08	-3.487943e+01	-7.581374e+02
4.900000e-07	-4.849401e-06	-1.265854e-08	-3.401548e+01	-7.517820e+02
5.000000e-07	-4.724479e-06	-1.255977e-08	-3.313924e+01	-7.452024e+02
5.100000e-07	-4.597921e-06	-1.243867e-08	-3.225151e+01	-7.384365e+02
5.200000e-07	-4.469781e-06	-1.231973e-08	-3.135269e+01	-7.315307e+02
5.300000e-07	-4.340000e-06	-1.220517e-08	-3.044236e+01	-7.245210e+02
5.400000e-07	-4.208559e-06	-1.208101e-08	-2.952038e+01	-7.174179e+02
5.500000e-07	-4.075566e-06	-1.194602e-08	-2.858752e+01	-7.102013e+02
5.600000e-07	-3.941137e-06	-1.181807e-08	-2.764458e+01	-7.028268e+02
5.700000e-07	-3.805268e-06	-1.170504e-08	-2.669155e+01	-6.952413e+02
5.800000e-07	-3.667972e-06	-1.158361e-08	-2.572850e+01	-6.874004e+02
5.900000e-07	-3.529239e-06	-1.144131e-08	-2.475538e+01	-6.792831e+02
6.000000e-07	-3.389133e-06	-1.129381e-08	-2.377262e+01	-6.708959e+02
6.100000e-07	-3.247736e-06	-1.115376e-08	-2.278081e+01	-6.622679e+02
6.200000e-07	-3.105031e-06	-1.101061e-08	-2.177983e+01	-6.534370e+02
6.300000e-07	-2.961157e-06	-1.085402e-08	-2.077064e+01	-6.444337e+02
6.400000e-07	-2.816171e-06	-1.069713e-08	-1.975366e+01	-6.352684e+02
6.500000e-07	-2.670116e-06	-1.054703e-08	-1.872918e+01	-6.259264e+02
6.600000e-07	-2.523179e-06	-1.039464e-08	-1.769851e+01	-6.163719e+02
6.700000e-07	-2.375415e-06	-1.022568e-08	-1.666203e+01	-6.065601e+02
6.800000e-07	-2.226808e-06	-1.004724e-08	-1.561965e+01	-5.964505e+02
6.900000e-07	-2.077437e-06	-9.872414e-09	-1.457190e+01	-5.860180e+02
7.000000e-07	-1.927406e-06	-9.699383e-09	-1.351953e+01	-5.752580e+02
7.100000e-07	-1.776704e-06	-9.514602e-09	-1.246246e+01	-5.641825e+02
7.200000e-07	-1.625366e-06	-9.317919e-09	-1.140092e+01	-5.528114e+02
7.300000e-07	-1.473479e-06	-9.123607e-09	-1.033552e+01	-5.411606e+02
7.400000e-07	-1.321078e-06	-8.929920e-09	-9.266525e+00	-5.292328e+02
7.500000e-07	-1.168201e-06	-8.724848e-09	-8.194194e+00	-5.170127e+02
7.600000e-07	-1.014888e-06	-8.506682e-09	-7.118796e+00	-5.044689e+02
7.700000e-07	-8.612001e-07	-8.290429e-09	-6.040774e+00	-4.915603e+02
7.800000e-07	-7.071608e-07	-8.075367e-09	-4.960286e+00	-4.782441e+02
7.900000e-07	-5.528257e-07	-7.848666e-09	-3.877723e+00	-4.644817e+02
8.000000e-07	-3.982755e-07	-7.605121e-09	-2.793651e+00	-4.502410e+02
8.100000e-07	-2.435884e-07	-7.352804e-09	-1.708619e+00	-4.354932e+02
8.200000e-07	-8.881199e-08	-7.096486e-09	-6.229600e-01	-4.202076e+02
8.300000e-07	6.601808e-08	-6.829072e-09	4.630751e-01	-4.043457e+02
8.400000e-07	2.208050e-07	-6.548031e-09	1.548808e+00	-3.878584e+02
8.500000e-07	3.754797e-07	-6.258419e-09	2.633753e+00	-3.706880e+02
8.600000e-07	5.299782e-07	-5.963717e-09	3.717462e+00	-3.527746e+02
8.700000e-07	6.842565e-07	-5.652218e-09	4.799626e+00	-3.340652e+02
8.800000e-07	8.382724e-07	-5.316008e-09	5.879951e+00	-3.145210e+02
8.900000e-07	9.919670e-07	-4.964877e-09	6.958021e+00	-2.941201e+02
9.000000e-07	1.145268e-06	-4.607810e-09	8.033333e+00	-2.728538e+02
9.100000e-07	1.298164e-06	-4.240364e-09	9.105800e+00	-2.507142e+02
9.200000e-07	1.450596e-06	-3.853829e-09	1.017502e+01	-2.276790e+02
9.300000e-07	1.602501e-06	-3.447798e-09	1.124053e+01	-2.036951e+02
9.400000e-07	1.753828e-06	-3.025126e-09	1.230199e+01	-1.786688e+02
9.500000e-07	1.904526e-06	-2.583249e-09	1.335905e+01	-1.524654e+02
9.600000e-07	2.054596e-06	-2.113794e-09	1.441169e+01	-1.249226e+02
9.700000e-07	2.203989e-06	-1.616557e-09	1.545959e+01	-9.587409e+01
9.800000e-07	2.352605e-06	-1.097046e-09	1.650204e+01	-6.518197e+01
9.900000e-07	2.500375e-06	-5.542465e-10	1.753855e+01	-3.276888e+01
1.000000e-06	2.647248e-06	1.925953e-11	1.856877e+01	1.355305e+00
1.010000e-06	2.793120e-06	6.269640e-10	1.959197e+01	3.707914e+01
1.020000e-06	2.937916e-06	1.257184e-09	2.060762e+01	7.419045e+01
1.030000e-06	3.081616e-06	1.900793e-09	2.161559e+01	1.123916e+02
1.040000e-06	3.224187e-06	2.558884e-09	2.261563e+01	1.513257e+02
1.050000e-06	3.365570e-06	3.227536e-09	2.360735e+01	1.906065e+02
1.060000e-06	3.505728e-06	3.892545e-09	2.459046e+01	2.298480e+02
1.070000e-06	3.644483e-06	4.543952e-09	2.556374e+01	2.686858e+02
1.080000e-06	3.781796e-06	5.182510e-09	2.652691e+01	3.067904e+02
1.090000e-06	3.917757e-06	5.809609e-09	2.748059e+01	3.438731e+02
1.100000e-06	4.052316e-06	6.418095e-09	2.842444e+01	3.796867e+02
1.110000e-06	4.185446e-06	6.996689e-09	2.935825e+01	4.140254e+02
1.120000e-06	4.317038e-06	7.545537e-09	3.028129e+01	4.467272e+02
1.130000e-06	4.447050e-06	8.067606e-09	3.119324e+01	4.776788e+02
1.140000e-06	4.575487e-06	8.560019e-09	3.209415e+01	5.068207e+02
1.150000e-06	4.702311e-06	9.018736e-09	3.298374e+01	5.341508e+02
1.160000e-06	4.827538e-06	9.444096e-09	3.386213e+01	5.597207e+02
1.170000e-06	4.951055e-06	9.844334e-09	3.472852e+01	5.836246e+02
1.180000e-06	5.072769e-06	1.022197e-08	3.558227e+01	6.059809e+02
1.190000e-06	5.192696e-06	1.057443e-08	3.642348e+01	6.269109e+02
1.200000e-06	5.310721e-06	1.090212e-08	3.725135e+01	6.465202e+02
1.210000e-06	5.426699e-06	1.120911e-08	3.806486e+01	6.648874e+02
1.220000e-06	5.540570e-06	1.149829e-08	3.886359e+01	6.820649e+02
1.230000e-06	5.652340e-06	1.176726e-08	3.964759e+01	6.980892e+02
1.240000e-06	5.762103e-06	1.201474e-08	4.041751e+01	7.129969e+02
1.250000e-06	5.869819e-06	1.224690e-08	4.117307e+01	7.268411e+02
1.260000e-06	5.975388e-06	1.246510e-08	4.191357e+01	7.396997e+02
1.270000e-06	6.078820e-06	1.266689e-08	4.263908e+01	7.516726e+02
1.280000e-06	6.180107e-06	1.285237e-08	4.334954e+01	7.628696e+02
1.290000e-06	6.279143e-06	1.302590e-08	4.404422e+01	7.733904e+02
1.300000e-06	6.375871e-06	1.319173e-08	4.472271e+01	7.833074e+02
1.310000e-06	6.470367e-06	1.334834e-08	4.538554e+01	7.926558e+02
1.320000e-06	6.562656e-06	1.349504e-08	4.603288e+01	8.014370e+02
1.330000e-06	6.652607e-06	1.363099e-08	4.666383e+01	8.096331e+02
1.340000e-06	6.740158e-06	1.375892e-08	4.727795e+01	8.172292e+02
1.350000e-06	6.825416e-06	1.387612e-08	4.787597e+01	8.242339e+02
1.360000e-06	6.908276e-06	1.398109e-08	4.845719e+01	8.306904e+02
1.370000e-06	6.988595e-06	1.407703e-08	4.902057e+01	8.366746e+02
1.380000e-06	7.066409e-06	1.416980e-08	4.956639e+01	8.422790e+02
1.390000e-06	7.141600e-06	1.426256e-08	5.009381e+01	8.475893e+02
1.400000e-06	7.214083e-06	1.435046e-08	5.060223e+01	8.526624e+02
1.410000e-06	7.284007e-06	1.443157e-08	5.109270e+01	8.575137e+02
1.420000e-06	7.351384e-06	1.450861e-08	5.156531e+01	8.621193e+02
1.430000e-06	7.416052e-06	1.458228e-08	5.201892e+01	8.664331e+02
1.440000e-06	7.478113e-06	1.464833e-08	5.245423e+01	8.704107e+02
1.450000e-06	7.537687e-06	1.470595e-08	5.287211e+01	8.740334e+02
1.460000e-06	7.594600e-06	1.475873e-08	5.327132e+01	8.773212e+02
1.470000e-06	7.648726e-06	1.481253e-08	5.365097e+01	8.803304e+02
1.480000e-06	7.699748e-06	1.486384e-08	5.400887e+01	8.831365e+02
1.490000e-06	7.747639e-06	1.490955e-08	5.434479e+01	8.858091e+02
1.500000e-06	7.792786e-06	1.495175e-08	5.466147e+01	8.883879e+02
1.510000e-06	7.835169e-06	1.499234e-08	5.495876e+01	8.908698e+02
1.520000e-06	7.874680e-06	1.503054e-08	5.523590e+01	8.932127e+02
1.530000e-06	7.911512e-06	1.506540e-08	5.549426e+01	8.953537e+02
1.540000e-06	7.945643e-06	1.509713e-08	5.573366e+01	8.972353e+02
1.550000e-06	7.976917e-06	1.512543e-08	5.595303e+01	8.988300e+02
1.560000e-06	8.005409e-06	1.515011e-08	5.615288e+01	9.001527e+02
1.570000e-06	8.031071e-06	1.516897e-08	5.633288e+01	9.012566e+02
1.580000e-06	8.053867e-06	1.518267e-08	5.649278e+01	9.022139e+02
1.590000e-06	8.073968e-06	1.519464e-08	5.663378e+01	9.030892e+02
1.600000e-06	8.091230e-06	1.520919e-08	5.675486e+01	9.039154e+02
1.610000e-06	8.105456e-06	1.522332e-08	5.685465e+01	9.046826e+02
1.620000e-06	8.116581e-06	1.523326e-08	5.693268e+01	9.053442e+02
1.630000e-06	8.124590e-06	1.524064e-08	5.698886e+01	9.058371e+02
1.640000e-06	8.129752e-06	1.524711e-08	5.702507e+01	9.061098e+02
1.650000e-06	8.132094e-06	1.524862e-08	5.704150e+01	9.061452e+02
1.660000e-06	8.131598e-06	1.524435e-08	5.703802e+01	9.059703e+02
1.670000e-06	8.128528e-06	1.524287e-08	5.701648e+01	9.056471e+02
1.680000e-06	8.122781e-06	1.523880e-08	5.697617e+01	9.052497e+02
1.690000e-06	8.114286e-06	1.523284e-08	5.691658e+01	9.048345e+02
1.700000e-06	8.103090e-06	1.522440e-08	5.683805e+01	9.044165e+02
1.710000e-06	8.089053e-06	1.521151e-08	5.673960e+01	9.039614e+02
1.720000e-06	8.072367e-06	1.519015e-08	5.662255e+01	9.033960e+02
1.730000e-06	8.053308e-06	1.516598e-08	5.648886e+01	9.026356e+02
1.740000e-06	8.031610e-06	1.521453e-08	5.633667e+01	9.016162e+02
1.750000e-06	8.006551e-06	1.521697e-08	5.616090e+01	9.003200e+02
1.760000e-06	7.977777e-06	1.514336e-08	5.595906e+01	8.987856e+02
1.770000e-06	7.945729e-06	1.509971e-08	5.573426e+01	8.970956e+02
1.780000e-06	7.911085e-06	1.507977e-08	5.549126e+01	8.953492e+02
1.790000e-06	7.874049e-06	1.499720e-08	5.523148e+01	8.936272e+02
1.800000e-06	7.834808e-06	1.500352e-08	5.495623e+01	8.919635e+02
1.810000e-06	7.793365e-06	1.502871e-08	5.466553e+01	8.903337e+02
1.820000e-06	7.749338e-06	1.489957e-08	5.435671e+01	8.886639e+02
1.830000e-06	7.702697e-06	1.497031e-08	5.402955e+01	8.868573e+02
1.840000e-06	7.653076e-06	1.491526e-08	5.368149e+01	8.848289e+02
1.850000e-06	7.600354e-06	1.484468e-08	5.331168e+01	8.825337e+02
1.860000e-06	7.544814e-06	1.484519e-08	5.292210e+01	8.799800e+02
1.870000e-06	7.486480e-06	1.471910e-08	5.251292e+01	8.772233e+02
1.880000e-06	7.425577e-06	1.476515e-08	5.208573e+01	8.743418e+02
1.890000e-06	7.361952e-06	1.468395e-08	5.163944e+01	8.714062e+02
1.900000e-06	7.295536e-06	1.463107e-08	5.117357e+01	8.684533e+02
1.910000e-06	7.226399e-06	1.459773e-08	5.068862e+01	8.654730e+02
1.920000e-06	7.154429e-06	1.450096e-08	5.018380e+01	8.624157e+02
1.930000e-06	7.079801e-06	1.448770e-08	4.966033e+01	8.592128e+02
1.940000e-06	7.002425e-06	1.438395e-08	4.911758e+01	8.558050e+02
1.950000e-06	6.922393e-06	1.437427e-08	4.855621e+01	8.521657e+02
1.960000e-06	6.839922e-06	1.430301e-08	4.797773e+01	8.483106e+02
1.970000e-06	6.754965e-06	1.422715e-08	4.738181e+01	8.442912e+02
1.980000e-06	6.667554e-06	1.417820e-08	4.676868e+01	8.401736e+02
1.990000e-06	6.577805e-06	1.405697e-08	4.613915e+01	8.360125e+02
2.000000e-06	6.485865e-06	1.401154e-08	4.549424e+01	8.318307e+02
2.010000e-06	6.391518e-06	1.392259e-08	4.483246e+01	8.276101e+02
2.020000e-06	6.294817e-06	1.387566e-08	4.415416e+01	8.233001e+02
2.030000e-06	6.195917e-06	1.379755e-08	4.346044e+01	8.188369e+02
2.040000e-06	6.094801e-06	1.373031e-08	4.275118e+01	8.141677e+02
2.050000e-06	5.991462e-06	1.365598e-08	4.202632e+01	8.092699e+02
2.060000e-06	5.885932e-06	1.354952e-08	4.128609e+01	8.041578e+02
2.070000e-06	5.778408e-06	1.345685e-08	4.053188e+01	7.988745e+02
2.080000e-06	5.668855e-06	1.334395e-08	3.976343e+01	7.934735e+02
2.090000e-06	5.557180e-06	1.326808e-08	3.898011e+01	7.879963e+02
2.100000e-06	5.443371e-06	1.317366e-08	3.818181e+01	7.824561e+02
2.110000e-06	5.327473e-06	1.309288e-08	3.736886e+01	7.768321e+02
2.120000e-06	5.209508e-06	1.299870e-08	3.654141e+01	7.710784e+02
2.130000e-06	5.089524e-06	1.290198e-08	3.569979e+01	7.651416e+02
2.140000e-06	4.967672e-06	1.278957e-08	3.484508e+01	7.589809e+02
2.150000e-06	4.844090e-06	1.266930e-08	3.397823e+01	7.525833e+02
2.160000e-06	4.718793e-06	1.255300e-08	3.309935e+01	7.459668e+02
2.170000e-06	4.591810e-06	1.244059e-08	3.220864e+01	7.391722e+02
2.180000e-06	4.463214e-06	1.233565e-08	3.130662e+01	7.322454e+02
2.190000e-06	4.333002e-06	1.222282e-08	3.039327e+01	7.252187e+02
2.200000e-06	4.201248e-06	1.210683e-08	2.946910e+01	7.180973e+02
2.210000e-06	4.067928e-06	1.197930e-08	2.853394e+01	7.108558e+02
2.220000e-06	3.933086e-06	1.185060e-08	2.758811e+01	7.034471e+02
2.230000e-06	3.796807e-06	1.171448e-08	2.663220e+01	6.958183e+02
2.240000e-06	3.659181e-06	1.158041e-08	2.566684e+01	6.879284e+02
2.250000e-06	3.520227e-06	1.144590e-08	2.469216e+01	6.797612e+02
2.260000e-06	3.379934e-06	1.131072e-08	2.370810e+01	6.713280e+02
2.270000e-06	3.238412e-06	1.116903e-08	2.271541e+01	6.626606e+02
2.280000e-06	3.095712e-06	1.101759e-08	2.171446e+01	6.537968e+02
2.290000e-06	2.951772e-06	1.085995e-08	2.070481e+01	6.447641e+02
2.300000e-06	2.806681e-06	1.069819e-08	1.968709e+01	6.355687e+02
2.310000e-06	2.660653e-06	1.053702e-08	1.866280e+01	6.261913e+02
2.320000e-06	2.513705e-06	1.037596e-08	1.763205e+01	6.165939e+02
2.330000e-06	2.365914e-06	1.021517e-08	1.659539e+01	6.067311e+02
2.340000e-06	2.217300e-06	1.005135e-08	1.555296e+01	5.965647e+02
2.350000e-06	2.067900e-06	9.876366e-09	1.450501e+01	5.860731e+02
2.360000e-06	1.917801e-06	9.692636e-09	1.345216e+01	5.752551e+02
2.370000e-06	1.767050e-06	9.498659e-09	1.239474e+01	5.641249e+02
2.380000e-06	1.615650e-06	9.300535e-09	1.133276e+01	5.527026e+02
2.390000e-06	1.463592e-06	9.101095e-09	1.026618e+01	5.410023e+02
2.400000e-06	1.310948e-06	8.901234e-09	9.195475e+00	5.290235e+02
2.410000e-06	1.157839e-06	8.699419e-09	8.121509e+00	5.167479e+02
2.420000e-06	1.004368e-06	8.489597e-09	7.045009e+00	5.041417e+02
2.430000e-06	8.505856e-07	8.273121e-09	5.966320e+00	4.911629e+02
2.440000e-06	6.965363e-07	8.044883e-09	4.885762e+00	4.777693e+02
2.450000e-06	5.422838e-07	7.807722e-09	3.803778e+00	4.639233e+02
2.460000e-06	3.878187e-07	7.560871e-09	2.720303e+00	4.495937e+02
2.470000e-06	2.331509e-07	7.307927e-09	1.635406e+00	4.347519e+02
2.480000e-06	7.841238e-08	7.050691e-09	5.500132e-01	4.193661e+02
2.490000e-06	-7.634102e-08	6.784463e-09	-5.354840e-01	4.033960e+02
2.500000e-06	-2.310304e-07	6.507384e-09	-1.620532e+00	3.867907e+02
2.510000e-06	-3.855511e-07	6.218290e-09	-2.704397e+00	3.694916e+02
2.520000e-06	-5.399158e-07	5.916226e-09	-3.787168e+00	3.514393e+02
2.530000e-06	-6.941286e-07	5.597628e-09	-4.868873e+00	3.325828e+02
2.540000e-06	-8.481009e-07	5.262743e-09	-5.948892e+00	3.128862e+02
2.550000e-06	-1.001747e-06	4.914945e-09	-7.026622e+00	2.923309e+02
2.560000e-06	-1.155028e-06	4.554019e-09	-8.101789e+00	2.709089e+02
2.570000e-06	-1.307906e-06	4.179232e-09	-9.174135e+00	2.486114e+02
2.580000e-06	-1.460329e-06	3.789485e-09	-1.024328e+01	2.254114e+02
2.590000e-06	-1.612182e-06	3.385737e-09	-1.130844e+01	2.012491e+02
2.600000e-06	-1.763406e-06	2.965913e-09	-1.236918e+01	1.760230e+02
2.610000e-06	-1.913884e-06	2.524020e-09	-1.342469e+01	1.495925e+02
2.620000e-06	-2.063568e-06	2.057230e-09	-1.447462e+01	1.217922e+02
2.630000e-06	-2.212586e-06	1.562275e-09	-1.551989e+01	9.245860e+01
2.640000e-06	-2.360870e-06	1.039159e-09	-1.656001e+01	6.146221e+01
2.650000e-06	-2.508334e-06	4.890538e-10	-1.759438e+01	2.873962e+01
2.660000e-06	-2.654990e-06	-8.710671e-11	-1.862308e+01	-5.681788e+00
2.670000e-06	-2.800712e-06	-6.884994e-10	-1.964522e+01	-4.167209e+01
2.680000e-06	-2.945377e-06	-1.311779e-09	-2.065996e+01	-7.900234e+01
2.690000e-06	-3.088906e-06	-1.951906e-09	-2.166673e+01	-1.173622e+02
2.700000e-06	-3.231202e-06	-2.605404e-09	-2.266484e+01	-1.563872e+02
2.710000e-06	-3.372270e-06	-3.268731e-09	-2.365434e+01	-1.956894e+02
2.720000e-06	-3.512131e-06	-3.930663e-09	-2.463538e+01	-2.348851e+02
2.730000e-06	-3.650657e-06	-4.580986e-09	-2.560705e+01	-2.736153e+02
2.740000e-06	-3.787803e-06	-5.217462e-09	-2.656904e+01	-3.115578e+02
2.750000e-06	-3.923524e-06	-5.836862e-09	-2.752104e+01	-3.484312e+02
2.760000e-06	-4.057781e-06	-6.434918e-09	-2.846277e+01	-3.839957e+02
2.770000e-06	-4.190631e-06	-7.006899e-09	-2.939463e+01	-4.180531e+02
2.780000e-06	-4.322034e-06	-7.552551e-09	-3.031633e+01	-4.504496e+02
2.790000e-06	-4.451949e-06	-8.071499e-09	-3.122761e+01	-4.810811e+02
2.800000e-06	-4.580318e-06	-8.559478e-09	-3.212803e+01	-5.098984e+02
2.810000e-06	-4.706995e-06	-9.014545e-09	-3.301659e+01	-5.369094e+02
2.820000e-06	-4.831993e-06	-9.439884e-09	-3.389337e+01	-5.621743e+02
2.830000e-06	-4.955343e-06	-9.838330e-09	-3.475860e+01	-5.857932e+02
2.840000e-06	-5.076908e-06	-1.021224e-08	-3.561130e+01	-6.078866e+02
2.850000e-06	-5.196534e-06	-1.056266e-08	-3.645040e+01	-6.285741e+02
2.860000e-06	-5.314164e-06	-1.089166e-08	-3.727550e+01	-6.479570e+02
2.870000e-06	-5.429747e-06	-1.120090e-08	-3.808624e+01	-6.661090e+02
2.880000e-06	-5.543078e-06	-1.148926e-08	-3.888119e+01	-6.830785e+02
2.890000e-06	-5.654183e-06	-1.175605e-08	-3.966052e+01	-6.989008e+02
2.900000e-06	-5.763294e-06	-1.200281e-08	-4.042586e+01	-7.136145e+02
2.910000e-06	-5.870463e-06	-1.223178e-08	-4.117759e+01	-7.272766e+02
2.920000e-06	-5.975665e-06	-1.244507e-08	-4.191551e+01	-7.399696e+02
2.930000e-06	-6.078694e-06	-1.264598e-08	-4.263819e+01	-7.517964e+02
2.940000e-06	-6.179478e-06	-1.283611e-08	-4.334513e+01	-7.628663e+02
2.950000e-06	-6.278116e-06	-1.301394e-08	-4.403701e+01	-7.732754e+02
2.960000e-06	-6.374593e-06	-1.317885e-08	-4.471374e+01	-7.830897e+02
2.970000e-06	-6.468802e-06	-1.333352e-08	-4.537456e+01	-7.923380e+02
2.980000e-06	-6.560673e-06	-1.348066e-08	-4.601897e+01	-8.010166e+02
2.990000e-06	-6.650271e-06	-1.361921e-08	-4.664744e+01	-8.091066e+02
3.000000e-06	-6.737472e-06	-1.374782e-08	-4.725911e+01	-8.165960e+02
3.010000e-06	-6.822209e-06	-1.386784e-08	-4.785348e+01	-8.234989e+02
3.020000e-06	-6.904603e-06	-1.397865e-08	-4.843142e+01	-8.298652e+02
3.030000e-06	-6.984582e-06	-1.407891e-08	-4.899243e+01	-8.357750e+02
3.040000e-06	-7.061892e-06	-1.416917e-08	-4.953471e+01	-8.413216e+02
3.050000e-06	-7.136478e-06	-1.425476e-08	-5.005788e+01	-8.465869e+02
3.060000e-06	-7.208479e-06	-1.433904e-08	-5.056292e+01	-8.516209e+02
3.070000e-06	-7.277877e-06	-1.442117e-08	-5.104970e+01	-8.564314e+02
3.080000e-06	-7.344652e-06	-1.449951e-08	-5.151809e+01	-8.609890e+02
3.090000e-06	-7.408872e-06	-1.457254e-08	-5.196856e+01	-8.652459e+02
3.100000e-06	-7.470464e-06	-1.464143e-08	-5.240058e+01	-8.691609e+02
3.110000e-06	-7.529378e-06	-1.470303e-08	-5.281382e+01	-8.727215e+02
3.120000e-06	-7.585571e-06	-1.475426e-08	-5.320798e+01	-8.759550e+02
3.130000e-06	-7.638867e-06	-1.479941e-08	-5.358182e+01	-8.789226e+02
3.140000e-06	-7.689137e-06	-1.484523e-08	-5.393444e+01	-8.817008e+02
3.150000e-06	-7.736404e-06	-1.489274e-08	-5.426598e+01	-8.843553e+02
3.160000e-06	-7.780958e-06	-1.493790e-08	-5.457850e+01	-8.869186e+02
3.170000e-06	-7.823050e-06	-1.497965e-08	-5.487375e+01	-8.893801e+02
3.180000e-06	-7.862521e-06	-1.501829e-08	-5.515061e+01	-8.916922e+02
3.190000e-06	-7.899194e-06	-1.505480e-08	-5.540785e+01	-8.937909e+02
3.200000e-06	-7.933118e-06	-1.508524e-08	-5.564581e+01	-8.956225e+02
3.210000e-06	-7.964205e-06	-1.510800e-08	-5.586386e+01	-8.971667e+02
3.220000e-06	-7.992362e-06	-1.512783e-08	-5.606137e+01	-8.984459e+02
3.230000e-06	-8.017741e-06	-1.514778e-08	-5.623938e+01	-8.995186e+02
3.240000e-06	-8.040253e-06	-1.516868e-08	-5.639729e+01	-9.004576e+02
3.250000e-06	-8.059872e-06	-1.518654e-08	-5.653490e+01	-9.013233e+02
3.260000e-06	-8.076724e-06	-1.520094e-08	-5.665311e+01	-9.021413e+02
3.270000e-06	-8.090580e-06	-1.521401e-08	-5.675030e+01	-9.028943e+02
3.280000e-06	-8.101347e-06	-1.522240e-08	-5.682583e+01	-9.035308e+02
3.290000e-06	-8.109146e-06	-1.522772e-08	-5.688053e+01	-9.039878e+02
3.300000e-06	-8.114012e-06	-1.523287e-08	-5.691466e+01	-9.042186e+02
3.310000e-06	-8.116092e-06	-1.523785e-08	-5.692926e+01	-9.042136e+02
