# Temperatura_=_48.61464285714286
# Concentracion g/m^3_=_11780.0
# C_Vs_to_Am_M_A/Vsm_=_59384043850.047264
# pendiente_HvsI_1/m_=_3716.3
# ordenada_HvsI_A/m_=_1297.0
# frecuencia_Hz_=_301502.20626800123
# Promedio de 28 ciclos

Tiempo_(s)	Campo_(V.s)	Magnetizacion_(V.s)	Campo_(kA/m)	Magnetizacion_(A/m)
0.000000e+00	-8.138468e-09	-1.455501e-08	-5.692850e+01	-8.645139e+02
1.000000e-08	-8.134596e-09	-1.454831e-08	-5.690142e+01	-8.642971e+02
2.000000e-08	-8.128093e-09	-1.454385e-08	-5.685592e+01	-8.639920e+02
3.000000e-08	-8.118834e-09	-1.453871e-08	-5.679116e+01	-8.635940e+02
4.000000e-08	-8.106685e-09	-1.453109e-08	-5.670618e+01	-8.630924e+02
5.000000e-08	-8.091581e-09	-1.452240e-08	-5.660053e+01	-8.624734e+02
6.000000e-08	-8.073669e-09	-1.452117e-08	-5.647524e+01	-8.617255e+02
7.000000e-08	-8.053291e-09	-1.450498e-08	-5.633269e+01	-8.608437e+02
8.000000e-08	-8.030106e-09	-1.443930e-08	-5.617051e+01	-8.598331e+02
9.000000e-08	-8.003549e-09	-1.441588e-08	-5.598475e+01	-8.587087e+02
1.000000e-07	-7.973814e-09	-1.443717e-08	-5.577675e+01	-8.574917e+02
1.100000e-07	-7.941308e-09	-1.442698e-08	-5.554938e+01	-8.562041e+02
1.200000e-07	-7.906131e-09	-1.438827e-08	-5.530331e+01	-8.548612e+02
1.300000e-07	-7.868598e-09	-1.437991e-08	-5.504077e+01	-8.534670e+02
1.400000e-07	-7.828975e-09	-1.438155e-08	-5.476361e+01	-8.520126e+02
1.500000e-07	-7.786785e-09	-1.430728e-08	-5.446849e+01	-8.504783e+02
1.600000e-07	-7.741684e-09	-1.431424e-08	-5.415301e+01	-8.488403e+02
1.700000e-07	-7.693836e-09	-1.424601e-08	-5.381831e+01	-8.470771e+02
1.800000e-07	-7.642889e-09	-1.418873e-08	-5.346194e+01	-8.451767e+02
1.900000e-07	-7.588841e-09	-1.421128e-08	-5.308388e+01	-8.431385e+02
2.000000e-07	-7.532062e-09	-1.414584e-08	-5.268671e+01	-8.409726e+02
2.100000e-07	-7.472551e-09	-1.412336e-08	-5.227044e+01	-8.386943e+02
2.200000e-07	-7.410432e-09	-1.406681e-08	-5.183592e+01	-8.363173e+02
2.300000e-07	-7.345604e-09	-1.404445e-08	-5.138244e+01	-8.338482e+02
2.400000e-07	-7.277994e-09	-1.400821e-08	-5.090951e+01	-8.312835e+02
2.500000e-07	-7.207753e-09	-1.393014e-08	-5.041818e+01	-8.286112e+02
2.600000e-07	-7.134794e-09	-1.388778e-08	-4.990783e+01	-8.258153e+02
2.700000e-07	-7.059032e-09	-1.384948e-08	-4.937788e+01	-8.228823e+02
2.800000e-07	-6.980482e-09	-1.382059e-08	-4.882842e+01	-8.198063e+02
2.900000e-07	-6.899262e-09	-1.374229e-08	-4.826029e+01	-8.165913e+02
3.000000e-07	-6.815654e-09	-1.368331e-08	-4.767546e+01	-8.132494e+02
3.100000e-07	-6.729824e-09	-1.363713e-08	-4.707508e+01	-8.097956e+02
3.200000e-07	-6.641667e-09	-1.357071e-08	-4.645842e+01	-8.062419e+02
3.300000e-07	-6.551108e-09	-1.351329e-08	-4.582496e+01	-8.025921e+02
3.400000e-07	-6.458250e-09	-1.344200e-08	-4.517542e+01	-7.988397e+02
3.500000e-07	-6.363078e-09	-1.338399e-08	-4.450969e+01	-7.949706e+02
3.600000e-07	-6.265529e-09	-1.332322e-08	-4.382734e+01	-7.909675e+02
3.700000e-07	-6.165668e-09	-1.325082e-08	-4.312882e+01	-7.868163e+02
3.800000e-07	-6.063622e-09	-1.316715e-08	-4.241501e+01	-7.825103e+02
3.900000e-07	-5.959409e-09	-1.309045e-08	-4.168604e+01	-7.780515e+02
4.000000e-07	-5.853002e-09	-1.302684e-08	-4.094172e+01	-7.734489e+02
4.100000e-07	-5.744512e-09	-1.294922e-08	-4.018284e+01	-7.687132e+02
4.200000e-07	-5.634024e-09	-1.286527e-08	-3.940997e+01	-7.638518e+02
4.300000e-07	-5.521461e-09	-1.278024e-08	-3.862260e+01	-7.588652e+02
4.400000e-07	-5.406708e-09	-1.270040e-08	-3.781990e+01	-7.537467e+02
4.500000e-07	-5.289797e-09	-1.261040e-08	-3.700211e+01	-7.484847e+02
4.600000e-07	-5.170897e-09	-1.251251e-08	-3.617041e+01	-7.430679e+02
4.700000e-07	-5.050151e-09	-1.241784e-08	-3.532580e+01	-7.374895e+02
4.800000e-07	-4.927568e-09	-1.232826e-08	-3.446833e+01	-7.317501e+02
4.900000e-07	-4.803176e-09	-1.223504e-08	-3.359821e+01	-7.258568e+02
5.000000e-07	-4.677107e-09	-1.213125e-08	-3.271636e+01	-7.198195e+02
5.100000e-07	-4.549429e-09	-1.202481e-08	-3.182325e+01	-7.136454e+02
5.200000e-07	-4.420108e-09	-1.192105e-08	-3.091865e+01	-7.073350e+02
5.300000e-07	-4.289106e-09	-1.181405e-08	-3.000230e+01	-7.008797e+02
5.400000e-07	-4.156527e-09	-1.169793e-08	-2.907491e+01	-6.942632e+02
5.500000e-07	-4.022496e-09	-1.157909e-08	-2.813737e+01	-6.874660e+02
5.600000e-07	-3.887013e-09	-1.146527e-08	-2.718966e+01	-6.804706e+02
5.700000e-07	-3.750100e-09	-1.134937e-08	-2.623196e+01	-6.732663e+02
5.800000e-07	-3.611771e-09	-1.122461e-08	-2.526434e+01	-6.658508e+02
5.900000e-07	-3.472002e-09	-1.109549e-08	-2.428667e+01	-6.582288e+02
6.000000e-07	-3.330780e-09	-1.096643e-08	-2.329882e+01	-6.504077e+02
6.100000e-07	-3.188204e-09	-1.083434e-08	-2.230150e+01	-6.423925e+02
6.200000e-07	-3.044439e-09	-1.069309e-08	-2.129587e+01	-6.341823e+02
6.300000e-07	-2.899567e-09	-1.054888e-08	-2.028249e+01	-6.257693e+02
6.400000e-07	-2.753649e-09	-1.040502e-08	-1.926180e+01	-6.171399e+02
6.500000e-07	-2.606774e-09	-1.026128e-08	-1.823441e+01	-6.082793e+02
6.600000e-07	-2.459051e-09	-1.010998e-08	-1.720109e+01	-5.991750e+02
6.700000e-07	-2.310548e-09	-9.951327e-09	-1.616231e+01	-5.898194e+02
6.800000e-07	-2.161257e-09	-9.787675e-09	-1.511802e+01	-5.802092e+02
6.900000e-07	-2.011198e-09	-9.622175e-09	-1.406836e+01	-5.703424e+02
7.000000e-07	-1.860456e-09	-9.453905e-09	-1.301392e+01	-5.602146e+02
7.100000e-07	-1.709062e-09	-9.277286e-09	-1.195492e+01	-5.498155e+02
7.200000e-07	-1.557026e-09	-9.096234e-09	-1.089143e+01	-5.391278e+02
7.300000e-07	-1.404419e-09	-8.912454e-09	-9.823949e+00	-5.281296e+02
7.400000e-07	-1.251310e-09	-8.725568e-09	-8.752951e+00	-5.167981e+02
7.500000e-07	-1.097733e-09	-8.529079e-09	-7.678684e+00	-5.051140e+02
7.600000e-07	-9.437326e-10	-8.324567e-09	-6.601454e+00	-4.930640e+02
7.700000e-07	-7.893835e-10	-8.114004e-09	-5.521784e+00	-4.806391e+02
7.800000e-07	-6.347506e-10	-7.899332e-09	-4.440128e+00	-4.678300e+02
7.900000e-07	-4.799131e-10	-7.678775e-09	-3.357042e+00	-4.546197e+02
8.000000e-07	-3.249361e-10	-7.447901e-09	-2.272979e+00	-4.409768e+02
8.100000e-07	-1.698242e-10	-7.208259e-09	-1.187973e+00	-4.268520e+02
8.200000e-07	-1.463481e-11	-6.961420e-09	-1.024247e-01	-4.121798e+02
8.300000e-07	1.405482e-10	-6.705892e-09	9.830791e-01	-3.968859e+02
8.400000e-07	2.956660e-10	-6.435211e-09	2.068127e+00	-3.808979e+02
8.500000e-07	4.506738e-10	-6.152763e-09	3.152405e+00	-3.641560e+02
8.600000e-07	6.055180e-10	-5.859027e-09	4.235538e+00	-3.466205e+02
8.700000e-07	7.601333e-10	-5.550038e-09	5.317071e+00	-3.282726e+02
8.800000e-07	9.144688e-10	-5.223691e-09	6.396645e+00	-3.091081e+02
8.900000e-07	1.068459e-09	-4.883602e-09	7.473804e+00	-2.891245e+02
9.000000e-07	1.222041e-09	-4.534488e-09	8.548109e+00	-2.683063e+02
9.100000e-07	1.375175e-09	-4.172104e-09	9.619283e+00	-2.466101e+02
9.200000e-07	1.527797e-09	-3.789836e-09	1.068687e+01	-2.239571e+02
9.300000e-07	1.679842e-09	-3.385326e-09	1.175042e+01	-2.002320e+02
9.400000e-07	1.831289e-09	-2.962804e-09	1.280979e+01	-1.752911e+02
9.500000e-07	1.982087e-09	-2.518622e-09	1.386462e+01	-1.489776e+02
9.600000e-07	2.132171e-09	-2.046697e-09	1.491446e+01	-1.211417e+02
9.700000e-07	2.281489e-09	-1.545043e-09	1.595894e+01	-9.166186e+01
9.800000e-07	2.429973e-09	-1.016230e-09	1.699758e+01	-6.046484e+01
9.900000e-07	2.577574e-09	-4.621314e-10	1.803005e+01	-2.754211e+01
1.000000e-06	2.724267e-09	1.224119e-10	1.905617e+01	7.038757e+00
1.010000e-06	2.870012e-09	7.356246e-10	2.007565e+01	4.312845e+01
1.020000e-06	3.014739e-09	1.368487e-09	2.108802e+01	8.049663e+01
1.030000e-06	3.158357e-09	2.014822e-09	2.209262e+01	1.188392e+02
1.040000e-06	3.300798e-09	2.673753e-09	2.308900e+01	1.577924e+02
1.050000e-06	3.441993e-09	3.339219e-09	2.407665e+01	1.969527e+02
1.060000e-06	3.581856e-09	3.998796e-09	2.505499e+01	2.359021e+02
1.070000e-06	3.720350e-09	4.644030e-09	2.602376e+01	2.742351e+02
1.080000e-06	3.857440e-09	5.272256e-09	2.698270e+01	3.115842e+02
1.090000e-06	3.993067e-09	5.880515e-09	2.793141e+01	3.476419e+02
1.100000e-06	4.127246e-09	6.461602e-09	2.887000e+01	3.821738e+02
1.110000e-06	4.259975e-09	7.013288e-09	2.979843e+01	4.150226e+02
1.120000e-06	4.391178e-09	7.536179e-09	3.071619e+01	4.461037e+02
1.130000e-06	4.520800e-09	8.030872e-09	3.162290e+01	4.753928e+02
1.140000e-06	4.648797e-09	8.496675e-09	3.251824e+01	5.029104e+02
1.150000e-06	4.775156e-09	8.931158e-09	3.340212e+01	5.287061e+02
1.160000e-06	4.899879e-09	9.335086e-09	3.427456e+01	5.528455e+02
1.170000e-06	5.022889e-09	9.712987e-09	3.513501e+01	5.754013e+02
1.180000e-06	5.144090e-09	1.006654e-08	3.598281e+01	5.964496e+02
1.190000e-06	5.263410e-09	1.039408e-08	3.681745e+01	6.160686e+02
1.200000e-06	5.380756e-09	1.069847e-08	3.763829e+01	6.343394e+02
1.210000e-06	5.496034e-09	1.098345e-08	3.844466e+01	6.513459e+02
1.220000e-06	5.609189e-09	1.125191e-08	3.923618e+01	6.671739e+02
1.230000e-06	5.720268e-09	1.149991e-08	4.001317e+01	6.819084e+02
1.240000e-06	5.829356e-09	1.172824e-08	4.077624e+01	6.956308e+02
1.250000e-06	5.936422e-09	1.194207e-08	4.152517e+01	7.084160e+02
1.260000e-06	6.041334e-09	1.214443e-08	4.225903e+01	7.203309e+02
1.270000e-06	6.144051e-09	1.233388e-08	4.297753e+01	7.314347e+02
1.280000e-06	6.244547e-09	1.250780e-08	4.368050e+01	7.417796e+02
1.290000e-06	6.342734e-09	1.266862e-08	4.436732e+01	7.514135e+02
1.300000e-06	6.438589e-09	1.281674e-08	4.503783e+01	7.603816e+02
1.310000e-06	6.532203e-09	1.295389e-08	4.569265e+01	7.687270e+02
1.320000e-06	6.623580e-09	1.308139e-08	4.633184e+01	7.764917e+02
1.330000e-06	6.712597e-09	1.320171e-08	4.695451e+01	7.837162e+02
1.340000e-06	6.799246e-09	1.331640e-08	4.756062e+01	7.904389e+02
1.350000e-06	6.883593e-09	1.342353e-08	4.815063e+01	7.966965e+02
1.360000e-06	6.965538e-09	1.352053e-08	4.872383e+01	8.025243e+02
1.370000e-06	7.044933e-09	1.360978e-08	4.927920e+01	8.079564e+02
1.380000e-06	7.121732e-09	1.369482e-08	4.981641e+01	8.130258e+02
1.390000e-06	7.195847e-09	1.377444e-08	5.033485e+01	8.177641e+02
1.400000e-06	7.267295e-09	1.384724e-08	5.083463e+01	8.222007e+02
1.410000e-06	7.336208e-09	1.391758e-08	5.131667e+01	8.263607e+02
1.420000e-06	7.402508e-09	1.398666e-08	5.178044e+01	8.302640e+02
1.430000e-06	7.466139e-09	1.404937e-08	5.222554e+01	8.339248e+02
1.440000e-06	7.527246e-09	1.410547e-08	5.265298e+01	8.373517e+02
1.450000e-06	7.585765e-09	1.415914e-08	5.306232e+01	8.405497e+02
1.460000e-06	7.641538e-09	1.421057e-08	5.345245e+01	8.435218e+02
1.470000e-06	7.694390e-09	1.425679e-08	5.382216e+01	8.462715e+02
1.480000e-06	7.744067e-09	1.429878e-08	5.416965e+01	8.488041e+02
1.490000e-06	7.790729e-09	1.433836e-08	5.449605e+01	8.511274e+02
1.500000e-06	7.834666e-09	1.437497e-08	5.480338e+01	8.532514e+02
1.510000e-06	7.875788e-09	1.440711e-08	5.509104e+01	8.551873e+02
1.520000e-06	7.914102e-09	1.443503e-08	5.535904e+01	8.569462e+02
1.530000e-06	7.949731e-09	1.446127e-08	5.560826e+01	8.585386e+02
1.540000e-06	7.982559e-09	1.448658e-08	5.583790e+01	8.599732e+02
1.550000e-06	8.012595e-09	1.450902e-08	5.604800e+01	8.612572e+02
1.560000e-06	8.039878e-09	1.452734e-08	5.623885e+01	8.623960e+02
1.570000e-06	8.064247e-09	1.454226e-08	5.640931e+01	8.633932e+02
1.580000e-06	8.085802e-09	1.455514e-08	5.656009e+01	8.642510e+02
1.590000e-06	8.104632e-09	1.456682e-08	5.669181e+01	8.649700e+02
1.600000e-06	8.120540e-09	1.457647e-08	5.680308e+01	8.655506e+02
1.610000e-06	8.133371e-09	1.458371e-08	5.689284e+01	8.659939e+02
1.620000e-06	8.143038e-09	1.458996e-08	5.696045e+01	8.663029e+02
1.630000e-06	8.149710e-09	1.459373e-08	5.700713e+01	8.664836e+02
1.640000e-06	8.153596e-09	1.459284e-08	5.703431e+01	8.665453e+02
1.650000e-06	8.154614e-09	1.458906e-08	5.704143e+01	8.664993e+02
1.660000e-06	8.152870e-09	1.459102e-08	5.702924e+01	8.663563e+02
1.670000e-06	8.148513e-09	1.458876e-08	5.699876e+01	8.661235e+02
1.680000e-06	8.141429e-09	1.458118e-08	5.694921e+01	8.658021e+02
1.690000e-06	8.131654e-09	1.457196e-08	5.688084e+01	8.653864e+02
1.700000e-06	8.119078e-09	1.455980e-08	5.679287e+01	8.648646e+02
1.710000e-06	8.103679e-09	1.453931e-08	5.668515e+01	8.642232e+02
1.720000e-06	8.085821e-09	1.451093e-08	5.656024e+01	8.634514e+02
1.730000e-06	8.065594e-09	1.455366e-08	5.641875e+01	8.625458e+02
1.740000e-06	8.042360e-09	1.455834e-08	5.625623e+01	8.615134e+02
1.750000e-06	8.015440e-09	1.449979e-08	5.606793e+01	8.603706e+02
1.760000e-06	7.984928e-09	1.446657e-08	5.585450e+01	8.591393e+02
1.770000e-06	7.951488e-09	1.444766e-08	5.562059e+01	8.578406e+02
1.780000e-06	7.915628e-09	1.438053e-08	5.536974e+01	8.564884e+02
1.790000e-06	7.877449e-09	1.438588e-08	5.510269e+01	8.550842e+02
1.800000e-06	7.837103e-09	1.440126e-08	5.482047e+01	8.536169e+02
1.810000e-06	7.794331e-09	1.429398e-08	5.452128e+01	8.520658e+02
1.820000e-06	7.748924e-09	1.434774e-08	5.420366e+01	8.504066e+02
1.830000e-06	7.700768e-09	1.429912e-08	5.386681e+01	8.486193e+02
1.840000e-06	7.649506e-09	1.425519e-08	5.350823e+01	8.466939e+02
1.850000e-06	7.595261e-09	1.424389e-08	5.312879e+01	8.446318e+02
1.860000e-06	7.538180e-09	1.413712e-08	5.272951e+01	8.424445e+02
1.870000e-06	7.478453e-09	1.417505e-08	5.231172e+01	8.401474e+02
1.880000e-06	7.416082e-09	1.409438e-08	5.187544e+01	8.377535e+02
1.890000e-06	7.350897e-09	1.406384e-08	5.141947e+01	8.352677e+02
1.900000e-06	7.283032e-09	1.404302e-08	5.094475e+01	8.326848e+02
1.910000e-06	7.212309e-09	1.396538e-08	5.045005e+01	8.299915e+02
1.920000e-06	7.138837e-09	1.394984e-08	4.993612e+01	8.271718e+02
1.930000e-06	7.062675e-09	1.385453e-08	4.940336e+01	8.242133e+02
1.940000e-06	6.983740e-09	1.383315e-08	4.885122e+01	8.211118e+02
1.950000e-06	6.902316e-09	1.376097e-08	4.828166e+01	8.178729e+02
1.960000e-06	6.818442e-09	1.371398e-08	4.769496e+01	8.145097e+02
1.970000e-06	6.732104e-09	1.367770e-08	4.709103e+01	8.110372e+02
1.980000e-06	6.643301e-09	1.358400e-08	4.646986e+01	8.074661e+02
1.990000e-06	6.552194e-09	1.354596e-08	4.583256e+01	8.037985e+02
2.000000e-06	6.458820e-09	1.345966e-08	4.517941e+01	8.000263e+02
2.010000e-06	6.363085e-09	1.341042e-08	4.450974e+01	7.961345e+02
2.020000e-06	6.265127e-09	1.332735e-08	4.382453e+01	7.921058e+02
2.030000e-06	6.164935e-09	1.326706e-08	4.312369e+01	7.879271e+02
2.040000e-06	6.062487e-09	1.319925e-08	4.240707e+01	7.835932e+02
2.050000e-06	5.957817e-09	1.311855e-08	4.167491e+01	7.791079e+02
2.060000e-06	5.851087e-09	1.304214e-08	4.092833e+01	7.744805e+02
2.070000e-06	5.742335e-09	1.294832e-08	4.016761e+01	7.697218e+02
2.080000e-06	5.631468e-09	1.287664e-08	3.939210e+01	7.648380e+02
2.090000e-06	5.518453e-09	1.278389e-08	3.860156e+01	7.598285e+02
2.100000e-06	5.403296e-09	1.270472e-08	3.779604e+01	7.546851e+02
2.110000e-06	5.286052e-09	1.260821e-08	3.697592e+01	7.493962e+02
2.120000e-06	5.166738e-09	1.252441e-08	3.614132e+01	7.439507e+02
2.130000e-06	5.045529e-09	1.242388e-08	3.529347e+01	7.383433e+02
2.140000e-06	4.922530e-09	1.232607e-08	3.443309e+01	7.325757e+02
2.150000e-06	4.797768e-09	1.222297e-08	3.356039e+01	7.266558e+02
2.160000e-06	4.671254e-09	1.212363e-08	3.267542e+01	7.205934e+02
2.170000e-06	4.543064e-09	1.202292e-08	3.177873e+01	7.143950e+02
2.180000e-06	4.413291e-09	1.191276e-08	3.087097e+01	7.080595e+02
2.190000e-06	4.281976e-09	1.180581e-08	2.995242e+01	7.015766e+02
2.200000e-06	4.149142e-09	1.169020e-08	2.902326e+01	6.949292e+02
2.210000e-06	4.014814e-09	1.157896e-08	2.808363e+01	6.880977e+02
2.220000e-06	3.878990e-09	1.145737e-08	2.713354e+01	6.810655e+02
2.230000e-06	3.741689e-09	1.133862e-08	2.617313e+01	6.738235e+02
2.240000e-06	3.603010e-09	1.121274e-08	2.520307e+01	6.663706e+02
2.250000e-06	3.463001e-09	1.108576e-08	2.422371e+01	6.587124e+02
2.260000e-06	3.321726e-09	1.095190e-08	2.323549e+01	6.508562e+02
2.270000e-06	3.179185e-09	1.081458e-08	2.223842e+01	6.428064e+02
2.280000e-06	3.035429e-09	1.067375e-08	2.123285e+01	6.345607e+02
2.290000e-06	2.890556e-09	1.053115e-08	2.021946e+01	6.261101e+02
2.300000e-06	2.744666e-09	1.038395e-08	1.919897e+01	6.174405e+02
2.310000e-06	2.597853e-09	1.023264e-08	1.817201e+01	6.085372e+02
2.320000e-06	2.450137e-09	1.007914e-08	1.713874e+01	5.993885e+02
2.330000e-06	2.301563e-09	9.921591e-09	1.609947e+01	5.899876e+02
2.340000e-06	2.152171e-09	9.759527e-09	1.505447e+01	5.803317e+02
2.350000e-06	2.002021e-09	9.591715e-09	1.400417e+01	5.704187e+02
2.360000e-06	1.851178e-09	9.419976e-09	1.294903e+01	5.602434e+02
2.370000e-06	1.699693e-09	9.242875e-09	1.188940e+01	5.497941e+02
2.380000e-06	1.547598e-09	9.060942e-09	1.082549e+01	5.390528e+02
2.390000e-06	1.394918e-09	8.872059e-09	9.757496e+00	5.279968e+02
2.400000e-06	1.241709e-09	8.680543e-09	8.685798e+00	5.166037e+02
2.410000e-06	1.088052e-09	8.483983e-09	7.610971e+00	5.048553e+02
2.420000e-06	9.340222e-10	8.282359e-09	6.533531e+00	4.927390e+02
2.430000e-06	7.796906e-10	8.070817e-09	5.453983e+00	4.802465e+02
2.440000e-06	6.251059e-10	7.851995e-09	4.372665e+00	4.673676e+02
2.450000e-06	4.703146e-10	7.628482e-09	3.289902e+00	4.540830e+02
2.460000e-06	3.153558e-10	7.397115e-09	2.205966e+00	4.403584e+02
2.470000e-06	1.602747e-10	7.156791e-09	1.121176e+00	4.261412e+02
2.480000e-06	5.155695e-12	6.906614e-09	3.611975e-02	4.113639e+02
2.490000e-06	-1.499480e-10	6.647421e-09	-1.048829e+00	3.959516e+02
2.500000e-06	-3.049866e-10	6.377691e-09	-2.133323e+00	3.798335e+02
2.510000e-06	-4.598841e-10	6.096081e-09	-3.216829e+00	3.629528e+02
2.520000e-06	-6.145935e-10	5.799037e-09	-4.299020e+00	3.452737e+02
2.530000e-06	-7.690879e-10	5.485738e-09	-5.379707e+00	3.267808e+02
2.540000e-06	-9.233167e-10	5.158369e-09	-6.458536e+00	3.074710e+02
2.550000e-06	-1.077209e-09	4.818741e-09	-7.535009e+00	2.873409e+02
2.560000e-06	-1.230695e-09	4.466402e-09	-8.608645e+00	2.663707e+02
2.570000e-06	-1.383711e-09	4.099843e-09	-9.678994e+00	2.445113e+02
2.580000e-06	-1.536198e-09	3.717769e-09	-1.074564e+01	2.216771e+02
2.590000e-06	-1.688090e-09	3.318507e-09	-1.180812e+01	1.977471e+02
2.600000e-06	-1.839329e-09	2.897706e-09	-1.286604e+01	1.725738e+02
2.610000e-06	-1.989901e-09	2.451621e-09	-1.391929e+01	1.460003e+02
2.620000e-06	-2.139787e-09	1.979122e-09	-1.496774e+01	1.178801e+02
2.630000e-06	-2.288916e-09	1.479848e-09	-1.601089e+01	8.809904e+01
2.640000e-06	-2.437217e-09	9.519823e-10	-1.704826e+01	5.659418e+01
2.650000e-06	-2.584652e-09	3.946439e-10	-1.807956e+01	2.336988e+01
2.660000e-06	-2.731188e-09	-1.904615e-10	-1.910458e+01	-1.149199e+01
2.670000e-06	-2.876760e-09	-7.984946e-10	-2.012286e+01	-4.782752e+01
2.680000e-06	-3.021283e-09	-1.427378e-09	-2.113379e+01	-8.539256e+01
2.690000e-06	-3.164664e-09	-2.073423e-09	-2.213674e+01	-1.238712e+02
2.700000e-06	-3.306841e-09	-2.727289e-09	-2.313127e+01	-1.628911e+02
2.710000e-06	-3.447761e-09	-3.383574e-09	-2.411700e+01	-2.020442e+02
2.720000e-06	-3.587371e-09	-4.036506e-09	-2.509357e+01	-2.409129e+02
2.730000e-06	-3.725645e-09	-4.679755e-09	-2.606080e+01	-2.790965e+02
2.740000e-06	-3.862538e-09	-5.305619e-09	-2.701836e+01	-3.162371e+02
2.750000e-06	-3.997983e-09	-5.907425e-09	-2.796580e+01	-3.520391e+02
2.760000e-06	-4.131985e-09	-6.483290e-09	-2.890315e+01	-3.862819e+02
2.770000e-06	-4.264529e-09	-7.031874e-09	-2.983029e+01	-4.188217e+02
2.780000e-06	-4.395571e-09	-7.549621e-09	-3.074692e+01	-4.495855e+02
2.790000e-06	-4.525091e-09	-8.036588e-09	-3.165292e+01	-4.785583e+02
2.800000e-06	-4.653017e-09	-8.494786e-09	-3.254776e+01	-5.057666e+02
2.810000e-06	-4.779272e-09	-8.926588e-09	-3.343091e+01	-5.312639e+02
2.820000e-06	-4.903834e-09	-9.331006e-09	-3.430223e+01	-5.551174e+02
2.830000e-06	-5.026675e-09	-9.707248e-09	-3.516150e+01	-5.774007e+02
2.840000e-06	-5.147712e-09	-1.005862e-08	-3.600815e+01	-5.981902e+02
2.850000e-06	-5.266807e-09	-1.038606e-08	-3.684122e+01	-6.175646e+02
2.860000e-06	-5.383834e-09	-1.068959e-08	-3.765982e+01	-6.356055e+02
2.870000e-06	-5.498682e-09	-1.097157e-08	-3.846318e+01	-6.523972e+02
2.880000e-06	-5.611293e-09	-1.123560e-08	-3.925089e+01	-6.680255e+02
2.890000e-06	-5.721753e-09	-1.148300e-08	-4.002356e+01	-6.825752e+02
2.900000e-06	-5.830207e-09	-1.171357e-08	-4.078219e+01	-6.961266e+02
2.910000e-06	-5.936724e-09	-1.192593e-08	-4.152728e+01	-7.087532e+02
2.920000e-06	-6.041198e-09	-1.212239e-08	-4.225808e+01	-7.205206e+02
2.930000e-06	-6.143439e-09	-1.230590e-08	-4.297325e+01	-7.314865e+02
2.940000e-06	-6.243418e-09	-1.247672e-08	-4.367261e+01	-7.417024e+02
2.950000e-06	-6.341245e-09	-1.263617e-08	-4.435691e+01	-7.512154e+02
2.960000e-06	-6.436896e-09	-1.278726e-08	-4.502599e+01	-7.600703e+02
2.970000e-06	-6.530250e-09	-1.293018e-08	-4.567899e+01	-7.683101e+02
2.980000e-06	-6.621300e-09	-1.306253e-08	-4.631589e+01	-7.759766e+02
2.990000e-06	-6.710075e-09	-1.318363e-08	-4.693687e+01	-7.831097e+02
3.000000e-06	-6.796458e-09	-1.329482e-08	-4.754112e+01	-7.897476e+02
3.010000e-06	-6.880377e-09	-1.339850e-08	-4.812813e+01	-7.959269e+02
3.020000e-06	-6.961913e-09	-1.349460e-08	-4.869848e+01	-8.016824e+02
3.030000e-06	-7.040941e-09	-1.358471e-08	-4.925128e+01	-8.070481e+02
3.040000e-06	-7.117222e-09	-1.366951e-08	-4.978487e+01	-8.120569e+02
3.050000e-06	-7.190808e-09	-1.374937e-08	-5.029960e+01	-8.167401e+02
3.060000e-06	-7.261792e-09	-1.382435e-08	-5.079614e+01	-8.211263e+02
3.070000e-06	-7.330160e-09	-1.389392e-08	-5.127436e+01	-8.252398e+02
3.080000e-06	-7.395978e-09	-1.395700e-08	-5.173476e+01	-8.290996e+02
3.090000e-06	-7.459223e-09	-1.401645e-08	-5.217716e+01	-8.327187e+02
3.100000e-06	-7.519783e-09	-1.407379e-08	-5.260078e+01	-8.361051e+02
3.110000e-06	-7.577654e-09	-1.412624e-08	-5.300559e+01	-8.392631e+02
3.120000e-06	-7.632748e-09	-1.417487e-08	-5.339097e+01	-8.421958e+02
3.130000e-06	-7.684888e-09	-1.422170e-08	-5.375569e+01	-8.449069e+02
3.140000e-06	-7.733923e-09	-1.426546e-08	-5.409869e+01	-8.474020e+02
3.150000e-06	-7.779999e-09	-1.430419e-08	-5.442099e+01	-8.496896e+02
3.160000e-06	-7.823535e-09	-1.433792e-08	-5.472553e+01	-8.517797e+02
3.170000e-06	-7.864565e-09	-1.436741e-08	-5.501253e+01	-8.536838e+02
3.180000e-06	-7.902817e-09	-1.439550e-08	-5.528011e+01	-8.554128e+02
3.190000e-06	-7.938285e-09	-1.442231e-08	-5.552820e+01	-8.569769e+02
3.200000e-06	-7.971012e-09	-1.444802e-08	-5.575713e+01	-8.583847e+02
3.210000e-06	-8.000814e-09	-1.447212e-08	-5.596560e+01	-8.596429e+02
3.220000e-06	-8.027737e-09	-1.449340e-08	-5.615392e+01	-8.607567e+02
3.230000e-06	-8.051900e-09	-1.451141e-08	-5.632295e+01	-8.617294e+02
3.240000e-06	-8.073174e-09	-1.452546e-08	-5.647176e+01	-8.625628e+02
3.250000e-06	-8.091602e-09	-1.453482e-08	-5.660066e+01	-8.632575e+02
3.260000e-06	-8.107157e-09	-1.454237e-08	-5.670947e+01	-8.638140e+02
3.270000e-06	-8.119574e-09	-1.455011e-08	-5.679633e+01	-8.642335e+02
3.280000e-06	-8.128973e-09	-1.455681e-08	-5.686208e+01	-8.645195e+02
3.290000e-06	-8.135473e-09	-1.456138e-08	-5.690755e+01	-8.646787e+02
3.300000e-06	-8.139099e-09	-1.456583e-08	-5.693291e+01	-8.647208e+02
3.310000e-06	-8.139977e-09	-1.456585e-08	-5.693905e+01	-8.646572e+02
