# Temperatura_=_44.92
# Concentracion g/m^3_=_11780.0
# C_Vs_to_Am_M_A/Vsm_=_59384043850.047264
# pendiente_HvsI_1/m_=_3716.3
# ordenada_HvsI_A/m_=_1297.0
# frecuencia_Hz_=_301496.19751234475

Tiempo_(s)	Campo_(V.s)	Magnetizacion_(V.s)	Campo_(kA/m)	Magnetizacion_(A/m)
0.000000e+00	-8.121987e-06	-1.431817e-08	-5.692867e+01	-8.505265e+02
1.000000e-08	-8.117628e-06	-1.431370e-08	-5.689812e+01	-8.503634e+02
2.000000e-08	-8.110685e-06	-1.431142e-08	-5.684945e+01	-8.501141e+02
3.000000e-08	-8.100960e-06	-1.430634e-08	-5.678129e+01	-8.497472e+02
4.000000e-08	-8.088314e-06	-1.429825e-08	-5.669265e+01	-8.492340e+02
5.000000e-08	-8.072723e-06	-1.429366e-08	-5.658337e+01	-8.485587e+02
6.000000e-08	-8.054337e-06	-1.430264e-08	-5.645450e+01	-8.477246e+02
7.000000e-08	-8.033498e-06	-1.427050e-08	-5.630843e+01	-8.467535e+02
8.000000e-08	-8.009789e-06	-1.417246e-08	-5.614225e+01	-8.456796e+02
9.000000e-08	-7.982652e-06	-1.416625e-08	-5.595204e+01	-8.445383e+02
1.000000e-07	-7.952433e-06	-1.421639e-08	-5.574023e+01	-8.433548e+02
1.100000e-07	-7.919498e-06	-1.420121e-08	-5.550938e+01	-8.421364e+02
1.200000e-07	-7.883933e-06	-1.415163e-08	-5.526010e+01	-8.408703e+02
1.300000e-07	-7.846077e-06	-1.417005e-08	-5.499476e+01	-8.395288e+02
1.400000e-07	-7.806066e-06	-1.415937e-08	-5.471432e+01	-8.380794e+02
1.500000e-07	-7.763396e-06	-1.406215e-08	-5.441523e+01	-8.364961e+02
1.600000e-07	-7.717861e-06	-1.409676e-08	-5.409607e+01	-8.347685e+02
1.700000e-07	-7.669557e-06	-1.397719e-08	-5.375749e+01	-8.329042e+02
1.800000e-07	-7.618050e-06	-1.394628e-08	-5.339647e+01	-8.309257e+02
1.900000e-07	-7.563515e-06	-1.399239e-08	-5.301422e+01	-8.288605e+02
2.000000e-07	-7.506317e-06	-1.390402e-08	-5.261331e+01	-8.267306e+02
2.100000e-07	-7.446435e-06	-1.390841e-08	-5.219359e+01	-8.245435e+02
2.200000e-07	-7.383953e-06	-1.383170e-08	-5.175564e+01	-8.222894e+02
2.300000e-07	-7.318699e-06	-1.383113e-08	-5.129826e+01	-8.199445e+02
2.400000e-07	-7.250703e-06	-1.378261e-08	-5.082166e+01	-8.174799e+02
2.500000e-07	-7.180161e-06	-1.368408e-08	-5.032722e+01	-8.148721e+02
2.600000e-07	-7.106863e-06	-1.365664e-08	-4.981346e+01	-8.121116e+02
2.700000e-07	-7.030706e-06	-1.363293e-08	-4.927966e+01	-8.092054e+02
2.800000e-07	-6.951761e-06	-1.360739e-08	-4.872632e+01	-8.061737e+02
2.900000e-07	-6.870195e-06	-1.350694e-08	-4.815460e+01	-8.030415e+02
3.000000e-07	-6.786313e-06	-1.347699e-08	-4.756666e+01	-7.998277e+02
3.100000e-07	-6.700255e-06	-1.342901e-08	-4.696346e+01	-7.965381e+02
3.200000e-07	-6.611809e-06	-1.334776e-08	-4.634352e+01	-7.931629e+02
3.300000e-07	-6.520912e-06	-1.329666e-08	-4.570641e+01	-7.896802e+02
3.400000e-07	-6.427778e-06	-1.322231e-08	-4.505361e+01	-7.860649e+02
3.500000e-07	-6.332347e-06	-1.317421e-08	-4.438472e+01	-7.822980e+02
3.600000e-07	-6.234503e-06	-1.311318e-08	-4.369891e+01	-7.783736e+02
3.700000e-07	-6.134410e-06	-1.304248e-08	-4.299733e+01	-7.743002e+02
3.800000e-07	-6.032210e-06	-1.295653e-08	-4.228099e+01	-7.700965e+02
3.900000e-07	-5.927768e-06	-1.288863e-08	-4.154894e+01	-7.657824e+02
4.000000e-07	-5.821133e-06	-1.282898e-08	-4.080151e+01	-7.613702e+02
4.100000e-07	-5.712497e-06	-1.274856e-08	-4.004006e+01	-7.568591e+02
4.200000e-07	-5.601906e-06	-1.266703e-08	-3.926491e+01	-7.522343e+02
4.300000e-07	-5.489194e-06	-1.258885e-08	-3.847489e+01	-7.474734e+02
4.400000e-07	-5.374226e-06	-1.251658e-08	-3.766905e+01	-7.425545e+02
4.500000e-07	-5.257129e-06	-1.242237e-08	-3.684829e+01	-7.374656e+02
4.600000e-07	-5.138109e-06	-1.232737e-08	-3.601406e+01	-7.322085e+02
4.700000e-07	-5.017293e-06	-1.224202e-08	-3.516723e+01	-7.267981e+02
4.800000e-07	-4.894634e-06	-1.216075e-08	-3.430749e+01	-7.212555e+02
4.900000e-07	-4.770177e-06	-1.206512e-08	-3.343515e+01	-7.155978e+02
5.000000e-07	-4.644091e-06	-1.196298e-08	-3.255139e+01	-7.098301e+02
5.100000e-07	-4.516391e-06	-1.186235e-08	-3.165631e+01	-7.039408e+02
5.200000e-07	-4.386993e-06	-1.176359e-08	-3.074933e+01	-6.979044e+02
5.300000e-07	-4.255886e-06	-1.165879e-08	-2.983037e+01	-6.916889e+02
5.400000e-07	-4.123209e-06	-1.154438e-08	-2.890041e+01	-6.852662e+02
5.500000e-07	-3.989147e-06	-1.143377e-08	-2.796075e+01	-6.786210e+02
5.600000e-07	-3.853651e-06	-1.132751e-08	-2.701103e+01	-6.717542e+02
5.700000e-07	-3.716720e-06	-1.121191e-08	-2.605125e+01	-6.646803e+02
5.800000e-07	-3.578373e-06	-1.108445e-08	-2.508155e+01	-6.574194e+02
5.900000e-07	-3.438597e-06	-1.096010e-08	-2.410183e+01	-6.499868e+02
6.000000e-07	-3.297386e-06	-1.083573e-08	-2.311205e+01	-6.423855e+02
6.100000e-07	-3.154797e-06	-1.070318e-08	-2.211262e+01	-6.346036e+02
6.200000e-07	-3.010981e-06	-1.056210e-08	-2.110458e+01	-6.266180e+02
6.300000e-07	-2.866060e-06	-1.042578e-08	-2.008880e+01	-6.184030e+02
6.400000e-07	-2.720193e-06	-1.028934e-08	-1.906639e+01	-6.099398e+02
6.500000e-07	-2.573452e-06	-1.014694e-08	-1.803785e+01	-6.012232e+02
6.600000e-07	-2.425867e-06	-9.995003e-09	-1.700340e+01	-5.922616e+02
6.700000e-07	-2.277482e-06	-9.839459e-09	-1.596333e+01	-5.830713e+02
6.800000e-07	-2.128363e-06	-9.681889e-09	-1.491813e+01	-5.736661e+02
6.900000e-07	-1.978557e-06	-9.518698e-09	-1.386811e+01	-5.640468e+02
7.000000e-07	-1.828092e-06	-9.351645e-09	-1.281347e+01	-5.541956e+02
7.100000e-07	-1.676972e-06	-9.180318e-09	-1.175424e+01	-5.440768e+02
7.200000e-07	-1.525176e-06	-9.008629e-09	-1.069027e+01	-5.336450e+02
7.300000e-07	-1.372718e-06	-8.829688e-09	-9.621659e+00	-5.228574e+02
7.400000e-07	-1.219744e-06	-8.642370e-09	-8.549436e+00	-5.116855e+02
7.500000e-07	-1.066381e-06	-8.445943e-09	-7.474485e+00	-5.001210e+02
7.600000e-07	-9.126494e-07	-8.245698e-09	-6.396947e+00	-4.881739e+02
7.700000e-07	-7.586154e-07	-8.037647e-09	-5.317290e+00	-4.758624e+02
7.800000e-07	-6.043238e-07	-7.822498e-09	-4.235829e+00	-4.631979e+02
7.900000e-07	-4.498453e-07	-7.604213e-09	-3.153058e+00	-4.501708e+02
8.000000e-07	-2.951840e-07	-7.378359e-09	-2.069005e+00	-4.367415e+02
8.100000e-07	-1.403449e-07	-7.144014e-09	-9.837061e-01	-4.228419e+02
8.200000e-07	1.453543e-08	-6.899005e-09	1.018818e-01	-4.083850e+02
8.300000e-07	1.693341e-07	-6.645111e-09	1.186897e+00	-3.932813e+02
8.400000e-07	3.240524e-07	-6.378858e-09	2.271350e+00	-3.774555e+02
8.500000e-07	4.786363e-07	-6.100943e-09	3.354860e+00	-3.608588e+02
8.600000e-07	6.330743e-07	-5.806841e-09	4.437348e+00	-3.434717e+02
8.700000e-07	7.873053e-07	-5.496395e-09	5.518384e+00	-3.252966e+02
8.800000e-07	9.412270e-07	-5.174359e-09	6.597253e+00	-3.063434e+02
8.900000e-07	1.094821e-06	-4.841241e-09	7.673826e+00	-2.866113e+02
9.000000e-07	1.248009e-06	-4.496988e-09	8.747550e+00	-2.660739e+02
9.100000e-07	1.400789e-06	-4.137786e-09	9.818418e+00	-2.446697e+02
9.200000e-07	1.553040e-06	-3.760890e-09	1.088558e+01	-2.223021e+02
9.300000e-07	1.704665e-06	-3.362428e-09	1.194835e+01	-1.988462e+02
9.400000e-07	1.855672e-06	-2.943715e-09	1.300678e+01	-1.741620e+02
9.500000e-07	2.005987e-06	-2.501358e-09	1.406037e+01	-1.481087e+02
9.600000e-07	2.155605e-06	-2.033151e-09	1.510908e+01	-1.205596e+02
9.700000e-07	2.304495e-06	-1.538682e-09	1.615268e+01	-9.141476e+01
9.800000e-07	2.452512e-06	-1.016843e-09	1.719016e+01	-6.061387e+01
9.900000e-07	2.599626e-06	-4.691592e-10	1.822131e+01	-2.814749e+01
1.000000e-06	2.745854e-06	1.081390e-10	1.924625e+01	5.930995e+00
1.010000e-06	2.891148e-06	7.102185e-10	2.026465e+01	4.149463e+01
1.020000e-06	3.035425e-06	1.332474e-09	2.127592e+01	7.833586e+01
1.030000e-06	3.178562e-06	1.970643e-09	2.227919e+01	1.161664e+02
1.040000e-06	3.320513e-06	2.621885e-09	2.327415e+01	1.546271e+02
1.050000e-06	3.461227e-06	3.279404e-09	2.426045e+01	1.933078e+02
1.060000e-06	3.600578e-06	3.931919e-09	2.523719e+01	2.317775e+02
1.070000e-06	3.738535e-06	4.571716e-09	2.620416e+01	2.696181e+02
1.080000e-06	3.875085e-06	5.192413e-09	2.716127e+01	3.064570e+02
1.090000e-06	4.010167e-06	5.790158e-09	2.810808e+01	3.419920e+02
1.100000e-06	4.143811e-06	6.360517e-09	2.904482e+01	3.760045e+02
1.110000e-06	4.275990e-06	6.904883e-09	2.997129e+01	4.083582e+02
1.120000e-06	4.406627e-06	7.420665e-09	3.088695e+01	4.389883e+02
1.130000e-06	4.535700e-06	7.907920e-09	3.179165e+01	4.678822e+02
1.140000e-06	4.663167e-06	8.368479e-09	3.268509e+01	4.950602e+02
1.150000e-06	4.789040e-06	8.799785e-09	3.356736e+01	5.205602e+02
1.160000e-06	4.913210e-06	9.200191e-09	3.443770e+01	5.444282e+02
1.170000e-06	5.035584e-06	9.573249e-09	3.529544e+01	5.667171e+02
1.180000e-06	5.156122e-06	9.921768e-09	3.614032e+01	5.874883e+02
1.190000e-06	5.274799e-06	1.024323e-08	3.697214e+01	6.068156e+02
1.200000e-06	5.391543e-06	1.054031e-08	3.779043e+01	6.247863e+02
1.210000e-06	5.506177e-06	1.081867e-08	3.859392e+01	6.414984e+02
1.220000e-06	5.618684e-06	1.108310e-08	3.938251e+01	6.570543e+02
1.230000e-06	5.729185e-06	1.132969e-08	4.015703e+01	6.715518e+02
1.240000e-06	5.837727e-06	1.155612e-08	4.091782e+01	6.850772e+02
1.250000e-06	5.944161e-06	1.176781e-08	4.166384e+01	6.977008e+02
1.260000e-06	6.048406e-06	1.196807e-08	4.239451e+01	7.094774e+02
1.270000e-06	6.150519e-06	1.215465e-08	4.311025e+01	7.204505e+02
1.280000e-06	6.250434e-06	1.232441e-08	4.381057e+01	7.306593e+02
1.290000e-06	6.348044e-06	1.248086e-08	4.449474e+01	7.401441e+02
1.300000e-06	6.443345e-06	1.262667e-08	4.516273e+01	7.489506e+02
1.310000e-06	6.536378e-06	1.276213e-08	4.581481e+01	7.571298e+02
1.320000e-06	6.627133e-06	1.288806e-08	4.645093e+01	7.647353e+02
1.330000e-06	6.715538e-06	1.300743e-08	4.707058e+01	7.718179e+02
1.340000e-06	6.801625e-06	1.312017e-08	4.767398e+01	7.784223e+02
1.350000e-06	6.885425e-06	1.322404e-08	4.826135e+01	7.845842e+02
1.360000e-06	6.966755e-06	1.331741e-08	4.883142e+01	7.903313e+02
1.370000e-06	7.045463e-06	1.340396e-08	4.938310e+01	7.956866e+02
1.380000e-06	7.121562e-06	1.348790e-08	4.991649e+01	8.006722e+02
1.390000e-06	7.194982e-06	1.356577e-08	5.043110e+01	8.053133e+02
1.400000e-06	7.265787e-06	1.363698e-08	5.092739e+01	8.096392e+02
1.410000e-06	7.334071e-06	1.370557e-08	5.140600e+01	8.136820e+02
1.420000e-06	7.399724e-06	1.377196e-08	5.186618e+01	8.174729e+02
1.430000e-06	7.462766e-06	1.383255e-08	5.230805e+01	8.210372e+02
1.440000e-06	7.523277e-06	1.388835e-08	5.273219e+01	8.243905e+02
1.450000e-06	7.581163e-06	1.394245e-08	5.313793e+01	8.275374e+02
1.460000e-06	7.636317e-06	1.399308e-08	5.352451e+01	8.304728e+02
1.470000e-06	7.688481e-06	1.403840e-08	5.389014e+01	8.331867e+02
1.480000e-06	7.737407e-06	1.407980e-08	5.423307e+01	8.356703e+02
1.490000e-06	7.783421e-06	1.411799e-08	5.455559e+01	8.379221e+02
1.500000e-06	7.826767e-06	1.415287e-08	5.485941e+01	8.399512e+02
1.510000e-06	7.867287e-06	1.418262e-08	5.514342e+01	8.417779e+02
1.520000e-06	7.905033e-06	1.420881e-08	5.540800e+01	8.434295e+02
1.530000e-06	7.940115e-06	1.423467e-08	5.565389e+01	8.449346e+02
1.540000e-06	7.972385e-06	1.425920e-08	5.588008e+01	8.463158e+02
1.550000e-06	8.001837e-06	1.428031e-08	5.608651e+01	8.475839e+02
1.560000e-06	8.028463e-06	1.429688e-08	5.627314e+01	8.487363e+02
1.570000e-06	8.052164e-06	1.431027e-08	5.643927e+01	8.497582e+02
1.580000e-06	8.073132e-06	1.432243e-08	5.658624e+01	8.506295e+02
1.590000e-06	8.091386e-06	1.433476e-08	5.671418e+01	8.513322e+02
1.600000e-06	8.106728e-06	1.434597e-08	5.682171e+01	8.518584e+02
1.610000e-06	8.118977e-06	1.435371e-08	5.690757e+01	8.522150e+02
1.620000e-06	8.128056e-06	1.435816e-08	5.697121e+01	8.524235e+02
1.630000e-06	8.134195e-06	1.435898e-08	5.701424e+01	8.525147e+02
1.640000e-06	8.137558e-06	1.435435e-08	5.703781e+01	8.525207e+02
1.650000e-06	8.138084e-06	1.434781e-08	5.704150e+01	8.524646e+02
1.660000e-06	8.135910e-06	1.435029e-08	5.702626e+01	8.523537e+02
1.670000e-06	8.131086e-06	1.434845e-08	5.699245e+01	8.521771e+02
1.680000e-06	8.123525e-06	1.434353e-08	5.693945e+01	8.519090e+02
1.690000e-06	8.113301e-06	1.433849e-08	5.686779e+01	8.515176e+02
1.700000e-06	8.100231e-06	1.432608e-08	5.677618e+01	8.509758e+02
1.710000e-06	8.084385e-06	1.429345e-08	5.666511e+01	8.502711e+02
1.720000e-06	8.066178e-06	1.425987e-08	5.653749e+01	8.494102e+02
1.730000e-06	8.045532e-06	1.434250e-08	5.639278e+01	8.484179e+02
1.740000e-06	8.021746e-06	1.433437e-08	5.622606e+01	8.473293e+02
1.750000e-06	7.994207e-06	1.424215e-08	5.603303e+01	8.461788e+02
1.760000e-06	7.963161e-06	1.421750e-08	5.581543e+01	8.449889e+02
1.770000e-06	7.929341e-06	1.420213e-08	5.557837e+01	8.437631e+02
1.780000e-06	7.893153e-06	1.411125e-08	5.532472e+01	8.424856e+02
1.790000e-06	7.854694e-06	1.417362e-08	5.505516e+01	8.411270e+02
1.800000e-06	7.814001e-06	1.416325e-08	5.476994e+01	8.396550e+02
1.810000e-06	7.770821e-06	1.401517e-08	5.446727e+01	8.380460e+02
1.820000e-06	7.725015e-06	1.415934e-08	5.414621e+01	8.362926e+02
1.830000e-06	7.676394e-06	1.403848e-08	5.380542e+01	8.344058e+02
1.840000e-06	7.624664e-06	1.402654e-08	5.344283e+01	8.324095e+02
1.850000e-06	7.569943e-06	1.400427e-08	5.305928e+01	8.303313e+02
1.860000e-06	7.512406e-06	1.385695e-08	5.265599e+01	8.281909e+02
1.870000e-06	7.452358e-06	1.397020e-08	5.223511e+01	8.259928e+02
1.880000e-06	7.389641e-06	1.382966e-08	5.179550e+01	8.237243e+02
1.890000e-06	7.324104e-06	1.383532e-08	5.133614e+01	8.213599e+02
1.900000e-06	7.255905e-06	1.381559e-08	5.085812e+01	8.188709e+02
1.910000e-06	7.184775e-06	1.373064e-08	5.035956e+01	8.162358e+02
1.920000e-06	7.110913e-06	1.372878e-08	4.984185e+01	8.134480e+02
1.930000e-06	7.034335e-06	1.359616e-08	4.930509e+01	8.105175e+02
1.940000e-06	6.955034e-06	1.361348e-08	4.874926e+01	8.074658e+02
1.950000e-06	6.873325e-06	1.350555e-08	4.817654e+01	8.043177e+02
1.960000e-06	6.789150e-06	1.349118e-08	4.758654e+01	8.010901e+02
1.970000e-06	6.702481e-06	1.345950e-08	4.697906e+01	7.977862e+02
1.980000e-06	6.613355e-06	1.335147e-08	4.635436e+01	7.943934e+02
1.990000e-06	6.522039e-06	1.333944e-08	4.571431e+01	7.908886e+02
2.000000e-06	6.428423e-06	1.323154e-08	4.505814e+01	7.872471e+02
2.010000e-06	6.332383e-06	1.320118e-08	4.438497e+01	7.834518e+02
2.020000e-06	6.234177e-06	1.309916e-08	4.369663e+01	7.794995e+02
2.030000e-06	6.133776e-06	1.305845e-08	4.299289e+01	7.754011e+02
2.040000e-06	6.031083e-06	1.298920e-08	4.227309e+01	7.711761e+02
2.050000e-06	5.926153e-06	1.291134e-08	4.153762e+01	7.668436e+02
2.060000e-06	5.819279e-06	1.283544e-08	4.078852e+01	7.624141e+02
2.070000e-06	5.710423e-06	1.274199e-08	4.002552e+01	7.578838e+02
2.080000e-06	5.599386e-06	1.268336e-08	3.924724e+01	7.532363e+02
2.090000e-06	5.486227e-06	1.258539e-08	3.845409e+01	7.484483e+02
2.100000e-06	5.370973e-06	1.251937e-08	3.764625e+01	7.434994e+02
2.110000e-06	5.253564e-06	1.242013e-08	3.682331e+01	7.383796e+02
2.120000e-06	5.134078e-06	1.234483e-08	3.598581e+01	7.330935e+02
2.130000e-06	5.012760e-06	1.223638e-08	3.513546e+01	7.276577e+02
2.140000e-06	4.889701e-06	1.214562e-08	3.427291e+01	7.220933e+02
2.150000e-06	4.764831e-06	1.204541e-08	3.339768e+01	7.164158e+02
2.160000e-06	4.638213e-06	1.195744e-08	3.251018e+01	7.106275e+02
2.170000e-06	4.509985e-06	1.186271e-08	3.161141e+01	7.047139e+02
2.180000e-06	4.380213e-06	1.175431e-08	3.070181e+01	6.986477e+02
2.190000e-06	4.248902e-06	1.165359e-08	2.978143e+01	6.923967e+02
2.200000e-06	4.116027e-06	1.153651e-08	2.885008e+01	6.859347e+02
2.210000e-06	3.981702e-06	1.142903e-08	2.790857e+01	6.792491e+02
2.220000e-06	3.845908e-06	1.130448e-08	2.695676e+01	6.723438e+02
2.230000e-06	3.708732e-06	1.119337e-08	2.599526e+01	6.652348e+02
2.240000e-06	3.570197e-06	1.107089e-08	2.502424e+01	6.579422e+02
2.250000e-06	3.430243e-06	1.094902e-08	2.404328e+01	6.504794e+02
2.260000e-06	3.289034e-06	1.081688e-08	2.305351e+01	6.428469e+02
2.270000e-06	3.146547e-06	1.068320e-08	2.205479e+01	6.350303e+02
2.280000e-06	3.002819e-06	1.054637e-08	2.104737e+01	6.270053e+02
2.290000e-06	2.858009e-06	1.040575e-08	2.003237e+01	6.187468e+02
2.300000e-06	2.712278e-06	1.026000e-08	1.901091e+01	6.102381e+02
2.310000e-06	2.565690e-06	1.011284e-08	1.798345e+01	6.014765e+02
2.320000e-06	2.418161e-06	9.964593e-09	1.694939e+01	5.924726e+02
2.330000e-06	2.269728e-06	9.809282e-09	1.590899e+01	5.832429e+02
2.340000e-06	2.120520e-06	9.648848e-09	1.486316e+01	5.737996e+02
2.350000e-06	1.970617e-06	9.483822e-09	1.381246e+01	5.641406e+02
2.360000e-06	1.819991e-06	9.317069e-09	1.275669e+01	5.542444e+02
2.370000e-06	1.668640e-06	9.142679e-09	1.169584e+01	5.440729e+02
2.380000e-06	1.516662e-06	8.963791e-09	1.063059e+01	5.335802e+02
2.390000e-06	1.364139e-06	8.779356e-09	9.561532e+00	5.227253e+02
2.400000e-06	1.211114e-06	8.594736e-09	8.488945e+00	5.114831e+02
2.410000e-06	1.057657e-06	8.401965e-09	7.413336e+00	4.998488e+02
2.420000e-06	9.038854e-07	8.201861e-09	6.335518e+00	4.878351e+02
2.430000e-06	7.498317e-07	7.989646e-09	5.255724e+00	4.754599e+02
2.440000e-06	5.955513e-07	7.773031e-09	4.174341e+00	4.627320e+02
2.450000e-06	4.410681e-07	7.552913e-09	3.091537e+00	4.496366e+02
2.460000e-06	2.863988e-07	7.323690e-09	2.007428e+00	4.361288e+02
2.470000e-06	1.316415e-07	7.087188e-09	9.227022e-01	4.221362e+02
2.480000e-06	-2.311737e-08	6.841849e-09	-1.620344e-01	4.075699e+02
2.490000e-06	-1.778469e-07	6.588486e-09	-1.246566e+00	3.923418e+02
2.500000e-06	-3.325220e-07	6.321367e-09	-2.330715e+00	3.763808e+02
2.510000e-06	-4.870601e-07	6.041210e-09	-3.413904e+00	3.596435e+02
2.520000e-06	-6.413935e-07	5.745982e-09	-4.495659e+00	3.421148e+02
2.530000e-06	-7.955421e-07	5.435509e-09	-5.576117e+00	3.237999e+02
2.540000e-06	-9.494707e-07	5.112376e-09	-6.655035e+00	3.047079e+02
2.550000e-06	-1.103039e-06	4.777003e-09	-7.731424e+00	2.848347e+02
2.560000e-06	-1.256201e-06	4.429306e-09	-8.804973e+00	2.641478e+02
2.570000e-06	-1.408929e-06	4.068227e-09	-9.875472e+00	2.425794e+02
2.580000e-06	-1.561108e-06	3.691020e-09	-1.094212e+01	2.200270e+02
2.590000e-06	-1.712613e-06	3.295374e-09	-1.200406e+01	1.963620e+02
2.600000e-06	-1.863399e-06	2.878501e-09	-1.306095e+01	1.714432e+02
2.610000e-06	-2.013527e-06	2.437732e-09	-1.411322e+01	1.451313e+02
2.620000e-06	-2.163042e-06	1.972028e-09	-1.516120e+01	1.173033e+02
2.630000e-06	-2.311794e-06	1.478608e-09	-1.620383e+01	8.786563e+01
2.640000e-06	-2.459641e-06	9.546644e-10	-1.724013e+01	5.676613e+01
2.650000e-06	-2.606601e-06	4.034033e-10	-1.827020e+01	2.400573e+01
2.660000e-06	-2.752689e-06	-1.727390e-10	-1.929416e+01	-1.034976e+01
2.670000e-06	-2.897867e-06	-7.718426e-10	-2.031174e+01	-4.615937e+01
2.680000e-06	-3.041974e-06	-1.391996e-09	-2.132182e+01	-8.320089e+01
2.690000e-06	-3.184878e-06	-2.028508e-09	-2.232346e+01	-1.211723e+02
2.700000e-06	-3.326578e-06	-2.672666e-09	-2.331667e+01	-1.597036e+02
2.710000e-06	-3.466963e-06	-3.320479e-09	-2.430065e+01	-1.983786e+02
2.720000e-06	-3.606010e-06	-3.966159e-09	-2.527526e+01	-2.367659e+02
2.730000e-06	-3.743801e-06	-4.602610e-09	-2.624106e+01	-2.744534e+02
2.740000e-06	-3.880204e-06	-5.220609e-09	-2.719714e+01	-3.110796e+02
2.750000e-06	-4.015138e-06	-5.813174e-09	-2.814292e+01	-3.463566e+02
2.760000e-06	-4.148657e-06	-6.379254e-09	-2.907879e+01	-3.800808e+02
2.770000e-06	-4.280707e-06	-6.916825e-09	-3.000435e+01	-4.121299e+02
2.780000e-06	-4.411269e-06	-7.424197e-09	-3.091949e+01	-4.424499e+02
2.790000e-06	-4.540342e-06	-7.903929e-09	-3.182419e+01	-4.710355e+02
2.800000e-06	-4.667775e-06	-8.358120e-09	-3.271739e+01	-4.979110e+02
2.810000e-06	-4.793471e-06	-8.786954e-09	-3.359842e+01	-5.231162e+02
2.820000e-06	-4.917460e-06	-9.187911e-09	-3.446748e+01	-5.466985e+02
2.830000e-06	-5.039776e-06	-9.560524e-09	-3.532482e+01	-5.687117e+02
2.840000e-06	-5.160256e-06	-9.906309e-09	-3.616929e+01	-5.892195e+02
2.850000e-06	-5.278710e-06	-1.022645e-08	-3.699956e+01	-6.082980e+02
2.860000e-06	-5.395061e-06	-1.052229e-08	-3.781509e+01	-6.260368e+02
2.870000e-06	-5.509261e-06	-1.079784e-08	-3.861554e+01	-6.425352e+02
2.880000e-06	-5.621277e-06	-1.105752e-08	-3.940068e+01	-6.578954e+02
2.890000e-06	-5.731178e-06	-1.130201e-08	-4.017100e+01	-6.722137e+02
2.900000e-06	-5.839085e-06	-1.153032e-08	-4.092734e+01	-6.855736e+02
2.910000e-06	-5.945015e-06	-1.174073e-08	-4.166983e+01	-6.980425e+02
2.920000e-06	-6.048877e-06	-1.193493e-08	-4.239782e+01	-7.096729e+02
2.930000e-06	-6.150486e-06	-1.211510e-08	-4.311002e+01	-7.205069e+02
2.940000e-06	-6.249869e-06	-1.228205e-08	-4.380661e+01	-7.305836e+02
2.950000e-06	-6.347159e-06	-1.243767e-08	-4.448854e+01	-7.399439e+02
2.960000e-06	-6.442230e-06	-1.258498e-08	-4.515491e+01	-7.486348e+02
2.970000e-06	-6.534971e-06	-1.272497e-08	-4.580495e+01	-7.567079e+02
2.980000e-06	-6.625466e-06	-1.285571e-08	-4.643924e+01	-7.642166e+02
2.990000e-06	-6.713620e-06	-1.297518e-08	-4.705714e+01	-7.712111e+02
3.000000e-06	-6.799298e-06	-1.308495e-08	-4.765767e+01	-7.777343e+02
3.010000e-06	-6.882581e-06	-1.318788e-08	-4.824142e+01	-7.838205e+02
3.020000e-06	-6.963512e-06	-1.328251e-08	-4.880868e+01	-7.894963e+02
3.030000e-06	-7.041858e-06	-1.337066e-08	-4.935783e+01	-7.947842e+02
3.040000e-06	-7.117484e-06	-1.345371e-08	-4.988790e+01	-7.997065e+02
3.050000e-06	-7.190450e-06	-1.353352e-08	-5.039934e+01	-8.042893e+02
3.060000e-06	-7.260788e-06	-1.360815e-08	-5.089235e+01	-8.085624e+02
3.070000e-06	-7.328539e-06	-1.367587e-08	-5.136723e+01	-8.125583e+02
3.080000e-06	-7.393720e-06	-1.373648e-08	-5.182409e+01	-8.163074e+02
3.090000e-06	-7.456292e-06	-1.379532e-08	-5.226268e+01	-8.198334e+02
3.100000e-06	-7.516216e-06	-1.385244e-08	-5.268270e+01	-8.231501e+02
3.110000e-06	-7.573487e-06	-1.390366e-08	-5.308412e+01	-8.262601e+02
3.120000e-06	-7.627963e-06	-1.395037e-08	-5.346595e+01	-8.291569e+02
3.130000e-06	-7.679474e-06	-1.399560e-08	-5.382700e+01	-8.318304e+02
3.140000e-06	-7.727851e-06	-1.403876e-08	-5.416609e+01	-8.342727e+02
3.150000e-06	-7.773307e-06	-1.407657e-08	-5.448470e+01	-8.364839e+02
3.160000e-06	-7.816304e-06	-1.410918e-08	-5.478608e+01	-8.384754e+02
3.170000e-06	-7.856752e-06	-1.413730e-08	-5.506958e+01	-8.402689e+02
3.180000e-06	-7.894417e-06	-1.416456e-08	-5.533358e+01	-8.418926e+02
3.190000e-06	-7.929371e-06	-1.419175e-08	-5.557859e+01	-8.433744e+02
3.200000e-06	-7.961483e-06	-1.421698e-08	-5.580366e+01	-8.447352e+02
3.210000e-06	-7.990605e-06	-1.423983e-08	-5.600778e+01	-8.459835e+02
3.220000e-06	-8.016921e-06	-1.426095e-08	-5.619224e+01	-8.471141e+02
3.230000e-06	-8.040511e-06	-1.427981e-08	-5.635759e+01	-8.481109e+02
3.240000e-06	-8.061263e-06	-1.429544e-08	-5.650304e+01	-8.489534e+02
3.250000e-06	-8.079147e-06	-1.430409e-08	-5.662840e+01	-8.496251e+02
3.260000e-06	-8.094043e-06	-1.430996e-08	-5.673281e+01	-8.501203e+02
3.270000e-06	-8.105798e-06	-1.431643e-08	-5.681520e+01	-8.504487e+02
3.280000e-06	-8.114582e-06	-1.432320e-08	-5.687676e+01	-8.506341e+02
3.290000e-06	-8.120486e-06	-1.432785e-08	-5.691815e+01	-8.507081e+02
3.300000e-06	-8.123603e-06	-1.433335e-08	-5.694000e+01	-8.507019e+02
3.310000e-06	-8.124005e-06	-1.433235e-08	-5.694282e+01	-8.506363e+02
