# Temperatura_=_29.01
# Concentracion g/m^3_=_11780.0
# C_Vs_to_Am_M_A/Vsm_=_59384043850.047264
# pendiente_HvsI_1/m_=_3716.3
# ordenada_HvsI_A/m_=_1297.0
# frecuencia_Hz_=_301493.22214916826

Tiempo_(s)	Campo_(V.s)	Magnetizacion_(V.s)	Campo_(kA/m)	Magnetizacion_(A/m)
0.000000e+00	-8.136260e-06	-1.425552e-08	-5.693109e+01	-8.472383e+02
1.000000e-08	-8.131867e-06	-1.424985e-08	-5.690035e+01	-8.470048e+02
2.000000e-08	-8.124903e-06	-1.424827e-08	-5.685162e+01	-8.466835e+02
3.000000e-08	-8.115120e-06	-1.424384e-08	-5.678317e+01	-8.462837e+02
4.000000e-08	-8.102393e-06	-1.423554e-08	-5.669411e+01	-8.458039e+02
5.000000e-08	-8.086745e-06	-1.423033e-08	-5.658462e+01	-8.452320e+02
6.000000e-08	-8.068392e-06	-1.423605e-08	-5.645620e+01	-8.445493e+02
7.000000e-08	-8.047585e-06	-1.420361e-08	-5.631061e+01	-8.437384e+02
8.000000e-08	-8.023841e-06	-1.412090e-08	-5.614447e+01	-8.427912e+02
9.000000e-08	-7.996720e-06	-1.412007e-08	-5.595470e+01	-8.417139e+02
1.000000e-07	-7.966473e-06	-1.416050e-08	-5.574305e+01	-8.405276e+02
1.100000e-07	-7.933468e-06	-1.414069e-08	-5.551211e+01	-8.392619e+02
1.200000e-07	-7.897846e-06	-1.409623e-08	-5.526286e+01	-8.379453e+02
1.300000e-07	-7.859970e-06	-1.411087e-08	-5.499783e+01	-8.365952e+02
1.400000e-07	-7.819919e-06	-1.408900e-08	-5.471759e+01	-8.352102e+02
1.500000e-07	-7.777192e-06	-1.400931e-08	-5.441861e+01	-8.337695e+02
1.600000e-07	-7.731640e-06	-1.403685e-08	-5.409987e+01	-8.322393e+02
1.700000e-07	-7.683310e-06	-1.393211e-08	-5.376170e+01	-8.305830e+02
1.800000e-07	-7.631803e-06	-1.390936e-08	-5.340130e+01	-8.287739e+02
1.900000e-07	-7.577237e-06	-1.394024e-08	-5.301948e+01	-8.268031e+02
2.000000e-07	-7.519950e-06	-1.386707e-08	-5.261864e+01	-8.246816e+02
2.100000e-07	-7.459959e-06	-1.386230e-08	-5.219887e+01	-8.224350e+02
2.200000e-07	-7.397414e-06	-1.378505e-08	-5.176122e+01	-8.200927e+02
2.300000e-07	-7.332149e-06	-1.377396e-08	-5.130456e+01	-8.176759e+02
2.400000e-07	-7.264105e-06	-1.372474e-08	-5.082844e+01	-8.151889e+02
2.500000e-07	-7.193460e-06	-1.364713e-08	-5.033412e+01	-8.126176e+02
2.600000e-07	-7.120052e-06	-1.361524e-08	-4.982047e+01	-8.099343e+02
2.700000e-07	-7.043843e-06	-1.358941e-08	-4.928722e+01	-8.071093e+02
2.800000e-07	-6.964849e-06	-1.357104e-08	-4.873448e+01	-8.041216e+02
2.900000e-07	-6.883197e-06	-1.347309e-08	-4.816315e+01	-8.009680e+02
3.000000e-07	-6.799203e-06	-1.342543e-08	-4.757542e+01	-7.976641e+02
3.100000e-07	-6.712963e-06	-1.336997e-08	-4.697198e+01	-7.942383e+02
3.200000e-07	-6.624387e-06	-1.329953e-08	-4.635220e+01	-7.907210e+02
3.300000e-07	-6.533437e-06	-1.325000e-08	-4.571580e+01	-7.871325e+02
3.400000e-07	-6.440210e-06	-1.318374e-08	-4.506348e+01	-7.834751e+02
3.500000e-07	-6.344675e-06	-1.313673e-08	-4.439500e+01	-7.797316e+02
3.600000e-07	-6.246783e-06	-1.307761e-08	-4.371002e+01	-7.758720e+02
3.700000e-07	-6.146613e-06	-1.301042e-08	-4.300912e+01	-7.718635e+02
3.800000e-07	-6.044239e-06	-1.291670e-08	-4.229279e+01	-7.676827e+02
3.900000e-07	-5.939666e-06	-1.284054e-08	-4.156107e+01	-7.633228e+02
4.000000e-07	-5.832880e-06	-1.277667e-08	-4.081386e+01	-7.587947e+02
4.100000e-07	-5.724039e-06	-1.270096e-08	-4.005228e+01	-7.541209e+02
4.200000e-07	-5.613202e-06	-1.262272e-08	-3.927673e+01	-7.493255e+02
4.300000e-07	-5.500284e-06	-1.254209e-08	-3.848662e+01	-7.444237e+02
4.400000e-07	-5.385213e-06	-1.246842e-08	-3.768144e+01	-7.394159e+02
4.500000e-07	-5.268024e-06	-1.237881e-08	-3.686145e+01	-7.342875e+02
4.600000e-07	-5.148846e-06	-1.228001e-08	-3.602754e+01	-7.290153e+02
4.700000e-07	-5.027791e-06	-1.218120e-08	-3.518049e+01	-7.235777e+02
4.800000e-07	-4.904890e-06	-1.209579e-08	-3.432052e+01	-7.179631e+02
4.900000e-07	-4.780220e-06	-1.200658e-08	-3.344818e+01	-7.121752e+02
5.000000e-07	-4.653888e-06	-1.190690e-08	-3.256421e+01	-7.062307e+02
5.100000e-07	-4.525912e-06	-1.180248e-08	-3.166874e+01	-7.001518e+02
5.200000e-07	-4.396362e-06	-1.170081e-08	-3.076225e+01	-6.939559e+02
5.300000e-07	-4.265161e-06	-1.159571e-08	-2.984421e+01	-6.876470e+02
5.400000e-07	-4.132315e-06	-1.148003e-08	-2.891466e+01	-6.812116e+02
5.500000e-07	-3.998031e-06	-1.136357e-08	-2.797504e+01	-6.746220e+02
5.600000e-07	-3.862321e-06	-1.125455e-08	-2.702546e+01	-6.678448e+02
5.700000e-07	-3.725119e-06	-1.114553e-08	-2.606543e+01	-6.608514e+02
5.800000e-07	-3.586532e-06	-1.102454e-08	-2.509570e+01	-6.536271e+02
5.900000e-07	-3.446539e-06	-1.089859e-08	-2.411615e+01	-6.461749e+02
6.000000e-07	-3.305118e-06	-1.076942e-08	-2.312659e+01	-6.385119e+02
6.100000e-07	-3.162371e-06	-1.063851e-08	-2.212776e+01	-6.306610e+02
6.200000e-07	-3.018470e-06	-1.050023e-08	-2.112086e+01	-6.226407e+02
6.300000e-07	-2.873508e-06	-1.035974e-08	-2.010653e+01	-6.144560e+02
6.400000e-07	-2.727393e-06	-1.021999e-08	-1.908413e+01	-6.060951e+02
6.500000e-07	-2.580366e-06	-1.008064e-08	-1.805535e+01	-5.975322e+02
6.600000e-07	-2.432617e-06	-9.935543e-09	-1.702152e+01	-5.887356e+02
6.700000e-07	-2.284003e-06	-9.780303e-09	-1.598164e+01	-5.796764e+02
6.800000e-07	-2.134562e-06	-9.620969e-09	-1.493597e+01	-5.703363e+02
6.900000e-07	-1.984423e-06	-9.461396e-09	-1.388542e+01	-5.607101e+02
7.000000e-07	-1.833611e-06	-9.298640e-09	-1.283015e+01	-5.508033e+02
7.100000e-07	-1.682118e-06	-9.123941e-09	-1.177012e+01	-5.406248e+02
7.200000e-07	-1.529983e-06	-8.943661e-09	-1.070560e+01	-5.301796e+02
7.300000e-07	-1.377251e-06	-8.763457e-09	-9.636908e+00	-5.194626e+02
7.400000e-07	-1.224009e-06	-8.581631e-09	-8.564644e+00	-5.084576e+02
7.500000e-07	-1.070374e-06	-8.390253e-09	-7.489629e+00	-4.971396e+02
7.600000e-07	-9.163921e-07	-8.193432e-09	-6.412184e+00	-4.854805e+02
7.700000e-07	-7.621366e-07	-7.994186e-09	-5.332827e+00	-4.734540e+02
7.800000e-07	-6.076229e-07	-7.788350e-09	-4.251663e+00	-4.610378e+02
7.900000e-07	-4.528820e-07	-7.572454e-09	-3.168909e+00	-4.482119e+02
8.000000e-07	-2.980174e-07	-7.344850e-09	-2.085289e+00	-4.349535e+02
8.100000e-07	-1.430309e-07	-7.111243e-09	-1.000816e+00	-4.212301e+02
8.200000e-07	1.202411e-08	-6.871355e-09	8.413517e-02	-4.069964e+02
8.300000e-07	1.670492e-07	-6.623351e-09	1.168877e+00	-3.921938e+02
8.400000e-07	3.219879e-07	-6.361767e-09	2.253016e+00	-3.767569e+02
8.500000e-07	4.767790e-07	-6.091086e-09	3.336121e+00	-3.606230e+02
8.600000e-07	6.314190e-07	-5.810209e-09	4.418169e+00	-3.437423e+02
8.700000e-07	7.858648e-07	-5.512859e-09	5.498858e+00	-3.260843e+02
8.800000e-07	9.399982e-07	-5.198185e-09	6.577361e+00	-3.076388e+02
8.900000e-07	1.093812e-06	-4.870743e-09	7.653630e+00	-2.884079e+02
9.000000e-07	1.247280e-06	-4.536702e-09	8.727478e+00	-2.683928e+02
9.100000e-07	1.400296e-06	-4.188757e-09	9.798158e+00	-2.475784e+02
9.200000e-07	1.552790e-06	-3.820655e-09	1.086519e+01	-2.259191e+02
9.300000e-07	1.704707e-06	-3.435002e-09	1.192818e+01	-2.033328e+02
9.400000e-07	1.856015e-06	-3.037824e-09	1.298692e+01	-1.797027e+02
9.500000e-07	2.006691e-06	-2.621161e-09	1.404123e+01	-1.548893e+02
9.600000e-07	2.156661e-06	-2.177385e-09	1.509060e+01	-1.287497e+02
9.700000e-07	2.305907e-06	-1.707329e-09	1.613491e+01	-1.011592e+02
9.800000e-07	2.454340e-06	-1.216317e-09	1.717352e+01	-7.203307e+01
9.900000e-07	2.601814e-06	-7.017992e-10	1.820543e+01	-4.134329e+01
1.000000e-06	2.748314e-06	-1.541015e-10	1.923052e+01	-9.129101e+00
1.010000e-06	2.893833e-06	4.199247e-10	2.024874e+01	2.449962e+01
1.020000e-06	3.038296e-06	1.010090e-09	2.125958e+01	5.936521e+01
1.030000e-06	3.181676e-06	1.614183e-09	2.226284e+01	9.522999e+01
1.040000e-06	3.323873e-06	2.234347e-09	2.325782e+01	1.318076e+02
1.050000e-06	3.464750e-06	2.863308e-09	2.424357e+01	1.687768e+02
1.060000e-06	3.604282e-06	3.488968e-09	2.521990e+01	2.057972e+02
1.070000e-06	3.742446e-06	4.105736e-09	2.618666e+01	2.425262e+02
1.080000e-06	3.879252e-06	4.713277e-09	2.714393e+01	2.786358e+02
1.090000e-06	4.014667e-06	5.309514e-09	2.809145e+01	3.138289e+02
1.100000e-06	4.148627e-06	5.883322e-09	2.902880e+01	3.478530e+02
1.110000e-06	4.281066e-06	6.432220e-09	2.995550e+01	3.805097e+02
1.120000e-06	4.411913e-06	6.957825e-09	3.087107e+01	4.116589e+02
1.130000e-06	4.541176e-06	7.458205e-09	3.177555e+01	4.412174e+02
1.140000e-06	4.668926e-06	7.930075e-09	3.266944e+01	4.691530e+02
1.150000e-06	4.795079e-06	8.371239e-09	3.355216e+01	4.954745e+02
1.160000e-06	4.919511e-06	8.784586e-09	3.442283e+01	5.202203e+02
1.170000e-06	5.042169e-06	9.175186e-09	3.528109e+01	5.434477e+02
1.180000e-06	5.162981e-06	9.541970e-09	3.612644e+01	5.652232e+02
1.190000e-06	5.281925e-06	9.882219e-09	3.695871e+01	5.856167e+02
1.200000e-06	5.398896e-06	1.020157e-08	3.777719e+01	6.046973e+02
1.210000e-06	5.513758e-06	1.050312e-08	3.858090e+01	6.225323e+02
1.220000e-06	5.626521e-06	1.078573e-08	3.936993e+01	6.391876e+02
1.230000e-06	5.737256e-06	1.104487e-08	4.014476e+01	6.547286e+02
1.240000e-06	5.845990e-06	1.128486e-08	4.090559e+01	6.692215e+02
1.250000e-06	5.952614e-06	1.151190e-08	4.165166e+01	6.827336e+02
1.260000e-06	6.057089e-06	1.172666e-08	4.238270e+01	6.953322e+02
1.270000e-06	6.159410e-06	1.192641e-08	4.309866e+01	7.070832e+02
1.280000e-06	6.259488e-06	1.211150e-08	4.379893e+01	7.180488e+02
1.290000e-06	6.357272e-06	1.228452e-08	4.448314e+01	7.282846e+02
1.300000e-06	6.452773e-06	1.244318e-08	4.515138e+01	7.378380e+02
1.310000e-06	6.546042e-06	1.258908e-08	4.580400e+01	7.467476e+02
1.320000e-06	6.637020e-06	1.272506e-08	4.644059e+01	7.550449e+02
1.330000e-06	6.725627e-06	1.285451e-08	4.706060e+01	7.627572e+02
1.340000e-06	6.811887e-06	1.297693e-08	4.766417e+01	7.699118e+02
1.350000e-06	6.895798e-06	1.308860e-08	4.825132e+01	7.765402e+02
1.360000e-06	6.977262e-06	1.318899e-08	4.882134e+01	7.826801e+02
1.370000e-06	7.056201e-06	1.328303e-08	4.937369e+01	7.883760e+02
1.380000e-06	7.132523e-06	1.337330e-08	4.990773e+01	7.936759e+02
1.390000e-06	7.206159e-06	1.345590e-08	5.042298e+01	7.986268e+02
1.400000e-06	7.277158e-06	1.353159e-08	5.091977e+01	8.032694e+02
1.410000e-06	7.345559e-06	1.360610e-08	5.139839e+01	8.076330e+02
1.420000e-06	7.411327e-06	1.367932e-08	5.185858e+01	8.117345e+02
1.430000e-06	7.474504e-06	1.374499e-08	5.230064e+01	8.155798e+02
1.440000e-06	7.535135e-06	1.380237e-08	5.272489e+01	8.191677e+02
1.450000e-06	7.593102e-06	1.385670e-08	5.313050e+01	8.224960e+02
1.460000e-06	7.648293e-06	1.390859e-08	5.351668e+01	8.255664e+02
1.470000e-06	7.700555e-06	1.395488e-08	5.388237e+01	8.283874e+02
1.480000e-06	7.749658e-06	1.399672e-08	5.422596e+01	8.309743e+02
1.490000e-06	7.795820e-06	1.403682e-08	5.454896e+01	8.333459e+02
1.500000e-06	7.839261e-06	1.407697e-08	5.485292e+01	8.355204e+02
1.510000e-06	7.879886e-06	1.411409e-08	5.513718e+01	8.375121e+02
1.520000e-06	7.917769e-06	1.414449e-08	5.540226e+01	8.393289e+02
1.530000e-06	7.952894e-06	1.417151e-08	5.564804e+01	8.409740e+02
1.540000e-06	7.985207e-06	1.419642e-08	5.587414e+01	8.424481e+02
1.550000e-06	8.014813e-06	1.421598e-08	5.608130e+01	8.437537e+02
1.560000e-06	8.041661e-06	1.423103e-08	5.626916e+01	8.448971e+02
1.570000e-06	8.065611e-06	1.424480e-08	5.643674e+01	8.458889e+02
1.580000e-06	8.086767e-06	1.425971e-08	5.658477e+01	8.467421e+02
1.590000e-06	8.105128e-06	1.427447e-08	5.671325e+01	8.474680e+02
1.600000e-06	8.120502e-06	1.428545e-08	5.682082e+01	8.480730e+02
1.610000e-06	8.132747e-06	1.429293e-08	5.690651e+01	8.485575e+02
1.620000e-06	8.141865e-06	1.429966e-08	5.697030e+01	8.489167e+02
1.630000e-06	8.148081e-06	1.430340e-08	5.701380e+01	8.491448e+02
1.640000e-06	8.151478e-06	1.430090e-08	5.703757e+01	8.492397e+02
1.650000e-06	8.152040e-06	1.429755e-08	5.704150e+01	8.492060e+02
1.660000e-06	8.149903e-06	1.430247e-08	5.702655e+01	8.490557e+02
1.670000e-06	8.145124e-06	1.430038e-08	5.699311e+01	8.488052e+02
1.680000e-06	8.137635e-06	1.428997e-08	5.694070e+01	8.484692e+02
1.690000e-06	8.127429e-06	1.427902e-08	5.686929e+01	8.480552e+02
1.700000e-06	8.114326e-06	1.426572e-08	5.677761e+01	8.475598e+02
1.710000e-06	8.098449e-06	1.424036e-08	5.666652e+01	8.469692e+02
1.720000e-06	8.080243e-06	1.422055e-08	5.653912e+01	8.462644e+02
1.730000e-06	8.059596e-06	1.429379e-08	5.639465e+01	8.454291e+02
1.740000e-06	8.035797e-06	1.428263e-08	5.622812e+01	8.444573e+02
1.750000e-06	8.008265e-06	1.420281e-08	5.603548e+01	8.433584e+02
1.760000e-06	7.977241e-06	1.417982e-08	5.581840e+01	8.421553e+02
1.770000e-06	7.943406e-06	1.415581e-08	5.558165e+01	8.408782e+02
1.780000e-06	7.907154e-06	1.407034e-08	5.532798e+01	8.395546e+02
1.790000e-06	7.868637e-06	1.412360e-08	5.505847e+01	8.381986e+02
1.800000e-06	7.827942e-06	1.411183e-08	5.477372e+01	8.368053e+02
1.810000e-06	7.784756e-06	1.399982e-08	5.447154e+01	8.353510e+02
1.820000e-06	7.738926e-06	1.411248e-08	5.415086e+01	8.338005e+02
1.830000e-06	7.690311e-06	1.400781e-08	5.381069e+01	8.321182e+02
1.840000e-06	7.638613e-06	1.399647e-08	5.344894e+01	8.302799e+02
1.850000e-06	7.583951e-06	1.394981e-08	5.306647e+01	8.282805e+02
1.860000e-06	7.526475e-06	1.383995e-08	5.266430e+01	8.261342e+02
1.870000e-06	7.466360e-06	1.392311e-08	5.224365e+01	8.238682e+02
1.880000e-06	7.403541e-06	1.380637e-08	5.180410e+01	8.215111e+02
1.890000e-06	7.337939e-06	1.381873e-08	5.134507e+01	8.190816e+02
1.900000e-06	7.269628e-06	1.376744e-08	5.086709e+01	8.165808e+02
1.910000e-06	7.198417e-06	1.369736e-08	5.036880e+01	8.139914e+02
1.920000e-06	7.124494e-06	1.367993e-08	4.985155e+01	8.112846e+02
1.930000e-06	7.047863e-06	1.356040e-08	4.931535e+01	8.084312e+02
1.940000e-06	6.968478e-06	1.357478e-08	4.875988e+01	8.054132e+02
1.950000e-06	6.886655e-06	1.348381e-08	4.818734e+01	8.022308e+02
1.960000e-06	6.802443e-06	1.347583e-08	4.759809e+01	7.989025e+02
1.970000e-06	6.715735e-06	1.342010e-08	4.699138e+01	7.954580e+02
1.980000e-06	6.626557e-06	1.331801e-08	4.636738e+01	7.919266e+02
1.990000e-06	6.535120e-06	1.328306e-08	4.572758e+01	7.883259e+02
2.000000e-06	6.441371e-06	1.318382e-08	4.507160e+01	7.846545e+02
2.010000e-06	6.345260e-06	1.315406e-08	4.439909e+01	7.808924e+02
2.020000e-06	6.246910e-06	1.305609e-08	4.371092e+01	7.770081e+02
2.030000e-06	6.146346e-06	1.302253e-08	4.300725e+01	7.729699e+02
2.040000e-06	6.043543e-06	1.295146e-08	4.228792e+01	7.687567e+02
2.050000e-06	5.938580e-06	1.287921e-08	4.155347e+01	7.643652e+02
2.060000e-06	5.831586e-06	1.279298e-08	4.080481e+01	7.598089e+02
2.070000e-06	5.722512e-06	1.269355e-08	4.004159e+01	7.551115e+02
2.080000e-06	5.611300e-06	1.262935e-08	3.926342e+01	7.502960e+02
2.090000e-06	5.497922e-06	1.253259e-08	3.847009e+01	7.453754e+02
2.100000e-06	5.382383e-06	1.246234e-08	3.766164e+01	7.403472e+02
2.110000e-06	5.264777e-06	1.236468e-08	3.683873e+01	7.351945e+02
2.120000e-06	5.145143e-06	1.229361e-08	3.600163e+01	7.298939e+02
2.130000e-06	5.023626e-06	1.218912e-08	3.515134e+01	7.244247e+02
2.140000e-06	4.900313e-06	1.209384e-08	3.428850e+01	7.187782e+02
2.150000e-06	4.775255e-06	1.198615e-08	3.341344e+01	7.129605e+02
2.160000e-06	4.648482e-06	1.189085e-08	3.252639e+01	7.069900e+02
2.170000e-06	4.520069e-06	1.179345e-08	3.162785e+01	7.008889e+02
2.180000e-06	4.390106e-06	1.168646e-08	3.071847e+01	6.946727e+02
2.190000e-06	4.258594e-06	1.158393e-08	2.979826e+01	6.883423e+02
2.200000e-06	4.125583e-06	1.147135e-08	2.886755e+01	6.818814e+02
2.210000e-06	3.991130e-06	1.136640e-08	2.792676e+01	6.752605e+02
2.220000e-06	3.855165e-06	1.124063e-08	2.697538e+01	6.684461e+02
2.230000e-06	3.717667e-06	1.112433e-08	2.601328e+01	6.614117e+02
2.240000e-06	3.578720e-06	1.100072e-08	2.504104e+01	6.541457e+02
2.250000e-06	3.438459e-06	1.088382e-08	2.405961e+01	6.466540e+02
2.260000e-06	3.297051e-06	1.075355e-08	2.307014e+01	6.389554e+02
2.270000e-06	3.154386e-06	1.061745e-08	2.207189e+01	6.310729e+02
2.280000e-06	3.010459e-06	1.047715e-08	2.106480e+01	6.230230e+02
2.290000e-06	2.865423e-06	1.033685e-08	2.004995e+01	6.148078e+02
2.300000e-06	2.719421e-06	1.019353e-08	1.902835e+01	6.064127e+02
2.310000e-06	2.572488e-06	1.004474e-08	1.800023e+01	5.978102e+02
2.320000e-06	2.424616e-06	9.901895e-09	1.696553e+01	5.889682e+02
2.330000e-06	2.275848e-06	9.754073e-09	1.592457e+01	5.798595e+02
2.340000e-06	2.126314e-06	9.599822e-09	1.487825e+01	5.704679e+02
2.350000e-06	1.976175e-06	9.431663e-09	1.382770e+01	5.607907e+02
2.360000e-06	1.825417e-06	9.258165e-09	1.277282e+01	5.508344e+02
2.370000e-06	1.673958e-06	9.082802e-09	1.171303e+01	5.406078e+02
2.380000e-06	1.521804e-06	8.903956e-09	1.064837e+01	5.301144e+02
2.390000e-06	1.369028e-06	8.721028e-09	9.579368e+00	5.193472e+02
2.400000e-06	1.215731e-06	8.537736e-09	8.506722e+00	5.082880e+02
2.410000e-06	1.062033e-06	8.353365e-09	7.431265e+00	4.969108e+02
2.420000e-06	9.079794e-07	8.161103e-09	6.353319e+00	4.851876e+02
2.430000e-06	7.536106e-07	7.952699e-09	5.273168e+00	4.730927e+02
2.440000e-06	5.989784e-07	7.735639e-09	4.191175e+00	4.606045e+02
2.450000e-06	4.441610e-07	7.515463e-09	3.107886e+00	4.477029e+02
2.460000e-06	2.891966e-07	7.289692e-09	2.023568e+00	4.343638e+02
2.470000e-06	1.341507e-07	7.054443e-09	9.386799e-01	4.205528e+02
2.480000e-06	-2.092485e-08	6.813256e-09	-1.464155e-01	4.062217e+02
2.490000e-06	-1.760045e-07	6.570500e-09	-1.231540e+00	3.913104e+02
2.500000e-06	-3.310024e-07	6.316679e-09	-2.316092e+00	3.757531e+02
2.510000e-06	-4.858316e-07	6.044950e-09	-3.399464e+00	3.594887e+02
2.520000e-06	-6.404922e-07	5.752745e-09	-4.481656e+00	3.424704e+02
2.530000e-06	-7.949755e-07	5.448098e-09	-5.562607e+00	3.246717e+02
2.540000e-06	-9.491314e-07	5.132110e-09	-6.641268e+00	3.060853e+02
2.550000e-06	-1.102895e-06	4.803191e-09	-7.717186e+00	2.867142e+02
2.560000e-06	-1.256266e-06	4.464523e-09	-8.790353e+00	2.665579e+02
2.570000e-06	-1.409220e-06	4.117808e-09	-9.860599e+00	2.455966e+02
2.580000e-06	-1.561642e-06	3.758860e-09	-1.092713e+01	2.237786e+02
2.590000e-06	-1.713386e-06	3.379654e-09	-1.198891e+01	2.010150e+02
2.600000e-06	-1.864429e-06	2.976516e-09	-1.304579e+01	1.771838e+02
2.610000e-06	-2.014783e-06	2.551892e-09	-1.409785e+01	1.521436e+02
2.620000e-06	-2.164467e-06	2.107964e-09	-1.514522e+01	1.257528e+02
2.630000e-06	-2.313430e-06	1.640031e-09	-1.618754e+01	9.789253e+01
2.640000e-06	-2.461570e-06	1.145006e-09	-1.722411e+01	6.848704e+01
2.650000e-06	-2.608817e-06	6.270877e-10	-1.825443e+01	3.751981e+01
2.660000e-06	-2.755197e-06	8.684774e-11	-1.927868e+01	5.042617e+00
2.670000e-06	-2.900635e-06	-4.775813e-10	-2.029634e+01	-2.882219e+01
2.680000e-06	-3.044903e-06	-1.066262e-09	-2.130581e+01	-6.388554e+01
2.690000e-06	-3.187983e-06	-1.672490e-09	-2.230698e+01	-9.990013e+01
2.700000e-06	-3.329858e-06	-2.286125e-09	-2.329970e+01	-1.365723e+02
2.710000e-06	-3.470478e-06	-2.907614e-09	-2.428365e+01	-1.735762e+02
2.720000e-06	-3.609871e-06	-3.531908e-09	-2.525901e+01	-2.105699e+02
2.730000e-06	-3.748019e-06	-4.148784e-09	-2.622566e+01	-2.472120e+02
2.740000e-06	-3.884761e-06	-4.750873e-09	-2.718247e+01	-2.831789e+02
2.750000e-06	-4.019991e-06	-5.337266e-09	-2.812871e+01	-3.181806e+02
2.760000e-06	-4.153726e-06	-5.907221e-09	-2.906448e+01	-3.519738e+02
2.770000e-06	-4.285979e-06	-6.453181e-09	-2.998987e+01	-3.843702e+02
2.780000e-06	-4.416783e-06	-6.970664e-09	-3.090514e+01	-4.152402e+02
2.790000e-06	-4.546087e-06	-7.463279e-09	-3.180991e+01	-4.445102e+02
2.800000e-06	-4.673717e-06	-7.932781e-09	-3.270296e+01	-4.721563e+02
2.810000e-06	-4.799606e-06	-8.375193e-09	-3.358383e+01	-4.981933e+02
2.820000e-06	-4.923863e-06	-8.786517e-09	-3.445328e+01	-5.226637e+02
2.830000e-06	-5.046434e-06	-9.171547e-09	-3.531094e+01	-5.456271e+02
2.840000e-06	-5.167129e-06	-9.537064e-09	-3.615546e+01	-5.671510e+02
2.850000e-06	-5.285812e-06	-9.879615e-09	-3.698592e+01	-5.873054e+02
2.860000e-06	-5.402410e-06	-1.019544e-08	-3.780178e+01	-6.061590e+02
2.870000e-06	-5.516890e-06	-1.048909e-08	-3.860282e+01	-6.237788e+02
2.880000e-06	-5.629135e-06	-1.076750e-08	-3.938821e+01	-6.402306e+02
2.890000e-06	-5.739252e-06	-1.102971e-08	-4.015873e+01	-6.555800e+02
2.900000e-06	-5.847427e-06	-1.127160e-08	-4.091565e+01	-6.698931e+02
2.910000e-06	-5.953588e-06	-1.149410e-08	-4.165848e+01	-6.832375e+02
2.920000e-06	-6.057626e-06	-1.170338e-08	-4.238645e+01	-6.956803e+02
2.930000e-06	-6.159436e-06	-1.190054e-08	-4.309884e+01	-7.072870e+02
2.940000e-06	-6.259074e-06	-1.208155e-08	-4.379603e+01	-7.181188e+02
2.950000e-06	-6.356537e-06	-1.224780e-08	-4.447800e+01	-7.282298e+02
2.960000e-06	-6.451760e-06	-1.240658e-08	-4.514429e+01	-7.376659e+02
2.970000e-06	-6.544699e-06	-1.255914e-08	-4.579461e+01	-7.464644e+02
2.980000e-06	-6.635331e-06	-1.270111e-08	-4.642878e+01	-7.546556e+02
2.990000e-06	-6.723679e-06	-1.283062e-08	-4.704697e+01	-7.622666e+02
3.000000e-06	-6.809586e-06	-1.294976e-08	-4.764808e+01	-7.693251e+02
3.010000e-06	-6.893064e-06	-1.306223e-08	-4.823219e+01	-7.758636e+02
3.020000e-06	-6.974167e-06	-1.316452e-08	-4.879968e+01	-7.819211e+02
3.030000e-06	-7.052692e-06	-1.325797e-08	-4.934913e+01	-7.875430e+02
3.040000e-06	-7.128517e-06	-1.334628e-08	-4.987970e+01	-7.927776e+02
3.050000e-06	-7.201694e-06	-1.342963e-08	-5.039174e+01	-7.976711e+02
3.060000e-06	-7.272211e-06	-1.350770e-08	-5.088515e+01	-8.022624e+02
3.070000e-06	-7.340084e-06	-1.357902e-08	-5.136008e+01	-8.065786e+02
3.080000e-06	-7.405436e-06	-1.364574e-08	-5.181736e+01	-8.106346e+02
3.090000e-06	-7.468158e-06	-1.371216e-08	-5.225624e+01	-8.144344e+02
3.100000e-06	-7.528210e-06	-1.377478e-08	-5.267644e+01	-8.179764e+02
3.110000e-06	-7.585625e-06	-1.382875e-08	-5.307818e+01	-8.212587e+02
3.120000e-06	-7.640233e-06	-1.387715e-08	-5.346028e+01	-8.242840e+02
3.130000e-06	-7.691853e-06	-1.392410e-08	-5.382148e+01	-8.270623e+02
3.140000e-06	-7.740371e-06	-1.396712e-08	-5.416097e+01	-8.296097e+02
3.150000e-06	-7.786013e-06	-1.400486e-08	-5.448033e+01	-8.319451e+02
3.160000e-06	-7.829136e-06	-1.403892e-08	-5.478208e+01	-8.340865e+02
3.170000e-06	-7.869699e-06	-1.407171e-08	-5.506590e+01	-8.360468e+02
3.180000e-06	-7.907464e-06	-1.410226e-08	-5.533015e+01	-8.378332e+02
3.190000e-06	-7.942453e-06	-1.412926e-08	-5.557498e+01	-8.394480e+02
3.200000e-06	-7.974660e-06	-1.415388e-08	-5.580034e+01	-8.408921e+02
3.210000e-06	-8.003917e-06	-1.417761e-08	-5.600505e+01	-8.421684e+02
3.220000e-06	-8.030340e-06	-1.419953e-08	-5.618994e+01	-8.432842e+02
3.230000e-06	-8.054019e-06	-1.421682e-08	-5.635563e+01	-8.442507e+02
3.240000e-06	-8.074801e-06	-1.423016e-08	-5.650104e+01	-8.450807e+02
3.250000e-06	-8.092753e-06	-1.424036e-08	-5.662666e+01	-8.457851e+02
3.260000e-06	-8.107830e-06	-1.425008e-08	-5.673216e+01	-8.463690e+02
3.270000e-06	-8.119778e-06	-1.425872e-08	-5.681576e+01	-8.468319e+02
3.280000e-06	-8.128726e-06	-1.426594e-08	-5.687837e+01	-8.471684e+02
3.290000e-06	-8.134761e-06	-1.427014e-08	-5.692059e+01	-8.473731e+02
3.300000e-06	-8.137896e-06	-1.427387e-08	-5.694253e+01	-8.474447e+02
3.310000e-06	-8.138284e-06	-1.427017e-08	-5.694525e+01	-8.473895e+02
