# Temperatura_=_46.49
# Concentracion g/m^3_=_11780.0
# C_Vs_to_Am_M_A/Vsm_=_59384043850.047264
# pendiente_HvsI_1/m_=_3716.3
# ordenada_HvsI_A/m_=_1297.0
# frecuencia_Hz_=_301498.2372241277

Tiempo_(s)	Campo_(V.s)	Magnetizacion_(V.s)	Campo_(kA/m)	Magnetizacion_(A/m)
0.000000e+00	-8.181107e-06	-1.444914e-08	-5.692728e+01	-8.578996e+02
1.000000e-08	-8.177389e-06	-1.444244e-08	-5.690142e+01	-8.577386e+02
2.000000e-08	-8.171007e-06	-1.443859e-08	-5.685701e+01	-8.574692e+02
3.000000e-08	-8.161772e-06	-1.443387e-08	-5.679274e+01	-8.570728e+02
4.000000e-08	-8.149581e-06	-1.442363e-08	-5.670791e+01	-8.565387e+02
5.000000e-08	-8.134532e-06	-1.440906e-08	-5.660320e+01	-8.558688e+02
6.000000e-08	-8.116678e-06	-1.439579e-08	-5.647896e+01	-8.550769e+02
7.000000e-08	-8.096307e-06	-1.438395e-08	-5.633721e+01	-8.541841e+02
8.000000e-08	-8.073130e-06	-1.435283e-08	-5.617594e+01	-8.532116e+02
9.000000e-08	-8.046558e-06	-1.432355e-08	-5.599104e+01	-8.521729e+02
1.000000e-07	-8.016784e-06	-1.431599e-08	-5.578386e+01	-8.510699e+02
1.100000e-07	-7.984220e-06	-1.430966e-08	-5.555727e+01	-8.498928e+02
1.200000e-07	-7.948992e-06	-1.428818e-08	-5.531214e+01	-8.486240e+02
1.300000e-07	-7.911393e-06	-1.425551e-08	-5.505051e+01	-8.472454e+02
1.400000e-07	-7.871652e-06	-1.425865e-08	-5.477398e+01	-8.457452e+02
1.500000e-07	-7.829345e-06	-1.422447e-08	-5.447959e+01	-8.441221e+02
1.600000e-07	-7.784082e-06	-1.417732e-08	-5.416463e+01	-8.423856e+02
1.700000e-07	-7.736001e-06	-1.415487e-08	-5.383006e+01	-8.405519e+02
1.800000e-07	-7.684841e-06	-1.409543e-08	-5.347408e+01	-8.386376e+02
1.900000e-07	-7.630566e-06	-1.408615e-08	-5.309641e+01	-8.366535e+02
2.000000e-07	-7.573581e-06	-1.405834e-08	-5.269989e+01	-8.345999e+02
2.100000e-07	-7.513886e-06	-1.400725e-08	-5.228450e+01	-8.324667e+02
2.200000e-07	-7.451544e-06	-1.397946e-08	-5.185071e+01	-8.302365e+02
2.300000e-07	-7.386530e-06	-1.393807e-08	-5.139831e+01	-8.278907e+02
2.400000e-07	-7.318769e-06	-1.390655e-08	-5.092680e+01	-8.254149e+02
2.500000e-07	-7.248355e-06	-1.384323e-08	-5.043684e+01	-8.228028e+02
2.600000e-07	-7.175156e-06	-1.379063e-08	-4.992749e+01	-8.200568e+02
2.700000e-07	-7.099144e-06	-1.374886e-08	-4.939857e+01	-8.171855e+02
2.800000e-07	-7.020314e-06	-1.371435e-08	-4.885004e+01	-8.141990e+02
2.900000e-07	-6.938784e-06	-1.367166e-08	-4.828272e+01	-8.111044e+02
3.000000e-07	-6.854913e-06	-1.359345e-08	-4.769912e+01	-8.079033e+02
3.100000e-07	-6.768810e-06	-1.353999e-08	-4.709998e+01	-8.045915e+02
3.200000e-07	-6.680281e-06	-1.348664e-08	-4.648396e+01	-8.011614e+02
3.300000e-07	-6.589309e-06	-1.342818e-08	-4.585094e+01	-7.976051e+02
3.400000e-07	-6.496074e-06	-1.336023e-08	-4.520218e+01	-7.939181e+02
3.500000e-07	-6.400512e-06	-1.329759e-08	-4.453722e+01	-7.900998e+02
3.600000e-07	-6.302562e-06	-1.324447e-08	-4.385565e+01	-7.861532e+02
3.700000e-07	-6.202295e-06	-1.317392e-08	-4.315795e+01	-7.820816e+02
3.800000e-07	-6.099835e-06	-1.309660e-08	-4.244499e+01	-7.778859e+02
3.900000e-07	-5.995177e-06	-1.301060e-08	-4.171674e+01	-7.735628e+02
4.000000e-07	-5.888288e-06	-1.294223e-08	-4.097297e+01	-7.691043e+02
4.100000e-07	-5.779307e-06	-1.287677e-08	-4.021464e+01	-7.645002e+02
4.200000e-07	-5.668309e-06	-1.279743e-08	-3.944227e+01	-7.597418e+02
4.300000e-07	-5.555195e-06	-1.271077e-08	-3.865518e+01	-7.548251e+02
4.400000e-07	-5.439883e-06	-1.262978e-08	-3.785280e+01	-7.497525e+02
4.500000e-07	-5.322439e-06	-1.254560e-08	-3.703557e+01	-7.445323e+02
4.600000e-07	-5.202981e-06	-1.244854e-08	-3.620434e+01	-7.391754e+02
4.700000e-07	-5.081670e-06	-1.235084e-08	-3.536021e+01	-7.336911e+02
4.800000e-07	-4.958578e-06	-1.225819e-08	-3.450369e+01	-7.280829e+02
4.900000e-07	-4.833667e-06	-1.217126e-08	-3.363451e+01	-7.223470e+02
5.000000e-07	-4.706998e-06	-1.207445e-08	-3.275310e+01	-7.164720e+02
5.100000e-07	-4.578682e-06	-1.196954e-08	-3.186023e+01	-7.104426e+02
5.200000e-07	-4.448691e-06	-1.186411e-08	-3.095570e+01	-7.042438e+02
5.300000e-07	-4.317027e-06	-1.176361e-08	-3.003953e+01	-6.978647e+02
5.400000e-07	-4.183858e-06	-1.165332e-08	-2.911289e+01	-6.913008e+02
5.500000e-07	-4.049273e-06	-1.153256e-08	-2.817640e+01	-6.845534e+02
5.600000e-07	-3.913173e-06	-1.141515e-08	-2.722936e+01	-6.776271e+02
5.700000e-07	-3.775534e-06	-1.130143e-08	-2.627162e+01	-6.705255e+02
5.800000e-07	-3.636446e-06	-1.118254e-08	-2.530379e+01	-6.632477e+02
5.900000e-07	-3.495924e-06	-1.105459e-08	-2.432598e+01	-6.557866e+02
6.000000e-07	-3.353932e-06	-1.092583e-08	-2.333795e+01	-6.481299e+02
6.100000e-07	-3.210571e-06	-1.079676e-08	-2.234038e+01	-6.402627e+02
6.200000e-07	-3.066071e-06	-1.066121e-08	-2.133490e+01	-6.321718e+02
6.300000e-07	-2.920494e-06	-1.051725e-08	-2.032192e+01	-6.238490e+02
6.400000e-07	-2.773858e-06	-1.037253e-08	-1.930157e+01	-6.152926e+02
6.500000e-07	-2.626329e-06	-1.023019e-08	-1.827500e+01	-6.065058e+02
6.600000e-07	-2.477996e-06	-1.008380e-08	-1.724285e+01	-5.974937e+02
6.700000e-07	-2.328898e-06	-9.928221e-09	-1.620537e+01	-5.882585e+02
6.800000e-07	-2.178993e-06	-9.765323e-09	-1.516227e+01	-5.787953e+02
6.900000e-07	-2.028223e-06	-9.600989e-09	-1.411315e+01	-5.690908e+02
7.000000e-07	-1.876725e-06	-9.434210e-09	-1.305897e+01	-5.591240e+02
7.100000e-07	-1.724597e-06	-9.259599e-09	-1.200041e+01	-5.488695e+02
7.200000e-07	-1.571802e-06	-9.079113e-09	-1.093720e+01	-5.383029e+02
7.300000e-07	-1.418363e-06	-8.897290e-09	-9.869513e+00	-5.274051e+02
7.400000e-07	-1.264371e-06	-8.712623e-09	-8.797977e+00	-5.161644e+02
7.500000e-07	-1.109935e-06	-8.518576e-09	-7.723353e+00	-5.045763e+02
7.600000e-07	-9.551568e-07	-8.313872e-09	-6.646348e+00	-4.926392e+02
7.700000e-07	-8.000627e-07	-8.103796e-09	-5.567144e+00	-4.803485e+02
7.800000e-07	-6.446449e-07	-7.892239e-09	-4.485687e+00	-4.676900e+02
7.900000e-07	-4.890154e-07	-7.674717e-09	-3.402757e+00	-4.546351e+02
8.000000e-07	-3.332726e-07	-7.446437e-09	-2.319039e+00	-4.411387e+02
8.100000e-07	-1.773791e-07	-7.208685e-09	-1.234272e+00	-4.271416e+02
8.200000e-07	-2.136302e-08	-6.965296e-09	-1.486521e-01	-4.125761e+02
8.300000e-07	1.346508e-07	-6.711666e-09	9.369517e-01	-3.973737e+02
8.400000e-07	2.905884e-07	-6.442004e-09	2.022026e+00	-3.814734e+02
8.500000e-07	4.464098e-07	-6.160037e-09	3.106291e+00	-3.648277e+02
8.600000e-07	6.020629e-07	-5.868621e-09	4.189385e+00	-3.474048e+02
8.700000e-07	7.575265e-07	-5.563220e-09	5.271161e+00	-3.291869e+02
8.800000e-07	9.126891e-07	-5.239074e-09	6.350842e+00	-3.101627e+02
8.900000e-07	1.067452e-06	-4.901374e-09	7.427740e+00	-2.903180e+02
9.000000e-07	1.221824e-06	-4.554287e-09	8.501923e+00	-2.696245e+02
9.100000e-07	1.375790e-06	-4.195026e-09	9.573277e+00	-2.480302e+02
9.200000e-07	1.529331e-06	-3.815216e-09	1.064167e+01	-2.254533e+02
9.300000e-07	1.682321e-06	-3.412147e-09	1.170624e+01	-2.017819e+02
9.400000e-07	1.834681e-06	-2.990406e-09	1.276642e+01	-1.768800e+02
9.500000e-07	1.986358e-06	-2.547505e-09	1.382184e+01	-1.505989e+02
9.600000e-07	2.137294e-06	-2.076328e-09	1.487211e+01	-1.227945e+02
9.700000e-07	2.287443e-06	-1.573884e-09	1.591691e+01	-9.334683e+01
9.800000e-07	2.436733e-06	-1.043784e-09	1.695572e+01	-6.217996e+01
9.900000e-07	2.585114e-06	-4.901294e-10	1.798822e+01	-2.928021e+01
1.000000e-06	2.732541e-06	9.221588e-11	1.901407e+01	5.290208e+00
1.010000e-06	2.879061e-06	7.041635e-10	2.003361e+01	4.138558e+01
1.020000e-06	3.024605e-06	1.336422e-09	2.104636e+01	7.877639e+01
1.030000e-06	3.169013e-06	1.983287e-09	2.205121e+01	1.171567e+02
1.040000e-06	3.312276e-06	2.644664e-09	2.304809e+01	1.561589e+02
1.050000e-06	3.454327e-06	3.313395e-09	2.403654e+01	1.953747e+02
1.060000e-06	3.595019e-06	3.975610e-09	2.501552e+01	2.343807e+02
1.070000e-06	3.734356e-06	4.620687e-09	2.598508e+01	2.727654e+02
1.080000e-06	3.872347e-06	5.247077e-09	2.694528e+01	3.101548e+02
1.090000e-06	4.008765e-06	5.852979e-09	2.789452e+01	3.462343e+02
1.100000e-06	4.143611e-06	6.434029e-09	2.883284e+01	3.807626e+02
1.110000e-06	4.277129e-06	6.986452e-09	2.976191e+01	4.135779e+02
1.120000e-06	4.409159e-06	7.509086e-09	3.068062e+01	4.445940e+02
1.130000e-06	4.539558e-06	8.002514e-09	3.158799e+01	4.737898e+02
1.140000e-06	4.668301e-06	8.465698e-09	3.248383e+01	5.011931e+02
1.150000e-06	4.795293e-06	8.898428e-09	3.336749e+01	5.268630e+02
1.160000e-06	4.920653e-06	9.299740e-09	3.423980e+01	5.508741e+02
1.170000e-06	5.044364e-06	9.674677e-09	3.510062e+01	5.733051e+02
1.180000e-06	5.166325e-06	1.002446e-08	3.594927e+01	5.942333e+02
1.190000e-06	5.286396e-06	1.034986e-08	3.678478e+01	6.137331e+02
1.200000e-06	5.404421e-06	1.065276e-08	3.760604e+01	6.318794e+02
1.210000e-06	5.520401e-06	1.093555e-08	3.841307e+01	6.487505e+02
1.220000e-06	5.634307e-06	1.120119e-08	3.920567e+01	6.644298e+02
1.230000e-06	5.746091e-06	1.144686e-08	3.998351e+01	6.790054e+02
1.240000e-06	5.855802e-06	1.167293e-08	4.074692e+01	6.925656e+02
1.250000e-06	5.963479e-06	1.188368e-08	4.149618e+01	7.051942e+02
1.260000e-06	6.069035e-06	1.208199e-08	4.223068e+01	7.169648e+02
1.270000e-06	6.172375e-06	1.226813e-08	4.294976e+01	7.279385e+02
1.280000e-06	6.273464e-06	1.244060e-08	4.365317e+01	7.381634e+02
1.290000e-06	6.372258e-06	1.259959e-08	4.434062e+01	7.476787e+02
1.300000e-06	6.468662e-06	1.274498e-08	4.501144e+01	7.565193e+02
1.310000e-06	6.562791e-06	1.287939e-08	4.566642e+01	7.647218e+02
1.320000e-06	6.654712e-06	1.300648e-08	4.630604e+01	7.723270e+02
1.330000e-06	6.744274e-06	1.312521e-08	4.692925e+01	7.793813e+02
1.340000e-06	6.831455e-06	1.323546e-08	4.753589e+01	7.859343e+02
1.350000e-06	6.916342e-06	1.333822e-08	4.812656e+01	7.920346e+02
1.360000e-06	6.998832e-06	1.343297e-08	4.870056e+01	7.977263e+02
1.370000e-06	7.078724e-06	1.352145e-08	4.925648e+01	8.030461e+02
1.380000e-06	7.156061e-06	1.360558e-08	4.979462e+01	8.080230e+02
1.390000e-06	7.230758e-06	1.368434e-08	5.031439e+01	8.126801e+02
1.400000e-06	7.302718e-06	1.375616e-08	5.081512e+01	8.170373e+02
1.410000e-06	7.372112e-06	1.382461e-08	5.129799e+01	8.211137e+02
1.420000e-06	7.438867e-06	1.389220e-08	5.176249e+01	8.249281e+02
1.430000e-06	7.502917e-06	1.395397e-08	5.220818e+01	8.284985e+02
1.440000e-06	7.564399e-06	1.400942e-08	5.263600e+01	8.318395e+02
1.450000e-06	7.623326e-06	1.406342e-08	5.304603e+01	8.349604e+02
1.460000e-06	7.679528e-06	1.411466e-08	5.343711e+01	8.378642e+02
1.470000e-06	7.732835e-06	1.415906e-08	5.380803e+01	8.405490e+02
1.480000e-06	7.782942e-06	1.419849e-08	5.415670e+01	8.430120e+02
1.490000e-06	7.829913e-06	1.423620e-08	5.448354e+01	8.452535e+02
1.500000e-06	7.874168e-06	1.427190e-08	5.479149e+01	8.472807e+02
1.510000e-06	7.915626e-06	1.430258e-08	5.507996e+01	8.491093e+02
1.520000e-06	7.954226e-06	1.432874e-08	5.534856e+01	8.507610e+02
1.530000e-06	7.990138e-06	1.435319e-08	5.559845e+01	8.522593e+02
1.540000e-06	8.023266e-06	1.437649e-08	5.582897e+01	8.536234e+02
1.550000e-06	8.053586e-06	1.439694e-08	5.603994e+01	8.548637e+02
1.560000e-06	8.081174e-06	1.441283e-08	5.623191e+01	8.559795e+02
1.570000e-06	8.105814e-06	1.442590e-08	5.640337e+01	8.569617e+02
1.580000e-06	8.127590e-06	1.443845e-08	5.655489e+01	8.577974e+02
1.590000e-06	8.146637e-06	1.445046e-08	5.668743e+01	8.584770e+02
1.600000e-06	8.162703e-06	1.445957e-08	5.679922e+01	8.589999e+02
1.610000e-06	8.175669e-06	1.446627e-08	5.688945e+01	8.593765e+02
1.620000e-06	8.185505e-06	1.447160e-08	5.695789e+01	8.596267e+02
1.630000e-06	8.192328e-06	1.447516e-08	5.700536e+01	8.597740e+02
1.640000e-06	8.196351e-06	1.447394e-08	5.703336e+01	8.598378e+02
1.650000e-06	8.197521e-06	1.447018e-08	5.704150e+01	8.598279e+02
1.660000e-06	8.195856e-06	1.446945e-08	5.702991e+01	8.597407e+02
1.670000e-06	8.191538e-06	1.446903e-08	5.699987e+01	8.595616e+02
1.680000e-06	8.184509e-06	1.446549e-08	5.695095e+01	8.592706e+02
1.690000e-06	8.174791e-06	1.445698e-08	5.688334e+01	8.588499e+02
1.700000e-06	8.162270e-06	1.444613e-08	5.679621e+01	8.582909e+02
1.710000e-06	8.146864e-06	1.443269e-08	5.668901e+01	8.575977e+02
1.720000e-06	8.128962e-06	1.441591e-08	5.656444e+01	8.567859e+02
1.730000e-06	8.108761e-06	1.440926e-08	5.642387e+01	8.558773e+02
1.740000e-06	8.085588e-06	1.441128e-08	5.626263e+01	8.548921e+02
1.750000e-06	8.058637e-06	1.439025e-08	5.607509e+01	8.538420e+02
1.760000e-06	8.028017e-06	1.435871e-08	5.586203e+01	8.527266e+02
1.770000e-06	7.994463e-06	1.433371e-08	5.562854e+01	8.515343e+02
1.780000e-06	7.958482e-06	1.430927e-08	5.537817e+01	8.502470e+02
1.790000e-06	7.920153e-06	1.425479e-08	5.511147e+01	8.488471e+02
1.800000e-06	7.879667e-06	1.426112e-08	5.482975e+01	8.473245e+02
1.810000e-06	7.836779e-06	1.422386e-08	5.453132e+01	8.456800e+02
1.820000e-06	7.791188e-06	1.417947e-08	5.421408e+01	8.439246e+02
1.830000e-06	7.742825e-06	1.419589e-08	5.387755e+01	8.420753e+02
1.840000e-06	7.691312e-06	1.413542e-08	5.351911e+01	8.401479e+02
1.850000e-06	7.636820e-06	1.412987e-08	5.313993e+01	8.381514e+02
1.860000e-06	7.579577e-06	1.406893e-08	5.274161e+01	8.360845e+02
1.870000e-06	7.519598e-06	1.402305e-08	5.232425e+01	8.339351e+02
1.880000e-06	7.456946e-06	1.400912e-08	5.188829e+01	8.316854e+02
1.890000e-06	7.391498e-06	1.394090e-08	5.143288e+01	8.293171e+02
1.900000e-06	7.323329e-06	1.393473e-08	5.095854e+01	8.268169e+02
1.910000e-06	7.252351e-06	1.387677e-08	5.046464e+01	8.241803e+02
1.920000e-06	7.178630e-06	1.383137e-08	4.995166e+01	8.214111e+02
1.930000e-06	7.102206e-06	1.378441e-08	4.941987e+01	8.185183e+02
1.940000e-06	7.023018e-06	1.371472e-08	4.886886e+01	8.155119e+02
1.950000e-06	6.941373e-06	1.367880e-08	4.830074e+01	8.123982e+02
1.960000e-06	6.857172e-06	1.361237e-08	4.771484e+01	8.091776e+02
1.970000e-06	6.770426e-06	1.357669e-08	4.711122e+01	8.058451e+02
1.980000e-06	6.681308e-06	1.351079e-08	4.649111e+01	8.023928e+02
1.990000e-06	6.589856e-06	1.344676e-08	4.585475e+01	7.988132e+02
2.000000e-06	6.496098e-06	1.338672e-08	4.520235e+01	7.951025e+02
2.010000e-06	6.399981e-06	1.331304e-08	4.453353e+01	7.912608e+02
2.020000e-06	6.301690e-06	1.325744e-08	4.384958e+01	7.872915e+02
2.030000e-06	6.201089e-06	1.318257e-08	4.314956e+01	7.831976e+02
2.040000e-06	6.098150e-06	1.311860e-08	4.243327e+01	7.789794e+02
2.050000e-06	5.993049e-06	1.304147e-08	4.170193e+01	7.746326e+02
2.060000e-06	5.885904e-06	1.296362e-08	4.095638e+01	7.701486e+02
2.070000e-06	5.776701e-06	1.288347e-08	4.019650e+01	7.655173e+02
2.080000e-06	5.665333e-06	1.280031e-08	3.942157e+01	7.607306e+02
2.090000e-06	5.551871e-06	1.272080e-08	3.863205e+01	7.557855e+02
2.100000e-06	5.436210e-06	1.263798e-08	3.782724e+01	7.506857e+02
2.110000e-06	5.318366e-06	1.254655e-08	3.700723e+01	7.454401e+02
2.120000e-06	5.198423e-06	1.245237e-08	3.617262e+01	7.400597e+02
2.130000e-06	5.076643e-06	1.235639e-08	3.532523e+01	7.345530e+02
2.140000e-06	4.953135e-06	1.226143e-08	3.446582e+01	7.289224e+02
2.150000e-06	4.827773e-06	1.216607e-08	3.359350e+01	7.231624e+02
2.160000e-06	4.700617e-06	1.207032e-08	3.270870e+01	7.172608e+02
2.170000e-06	4.571825e-06	1.197172e-08	3.181251e+01	7.112021e+02
2.180000e-06	4.441482e-06	1.186368e-08	3.090554e+01	7.049715e+02
2.190000e-06	4.309581e-06	1.175385e-08	2.998772e+01	6.985594e+02
2.200000e-06	4.176105e-06	1.163683e-08	2.905894e+01	6.919622e+02
2.210000e-06	4.041119e-06	1.152048e-08	2.811966e+01	6.851824e+02
2.220000e-06	3.904644e-06	1.140730e-08	2.717001e+01	6.782244e+02
2.230000e-06	3.766669e-06	1.129243e-08	2.620993e+01	6.710914e+02
2.240000e-06	3.627335e-06	1.117173e-08	2.524039e+01	6.637813e+02
2.250000e-06	3.486587e-06	1.104444e-08	2.426101e+01	6.562862e+02
2.260000e-06	3.344520e-06	1.091359e-08	2.327245e+01	6.485928e+02
2.270000e-06	3.201267e-06	1.077939e-08	2.227565e+01	6.406863e+02
2.280000e-06	3.056816e-06	1.063785e-08	2.127050e+01	6.325543e+02
2.290000e-06	2.911254e-06	1.049700e-08	2.025762e+01	6.241896e+02
2.300000e-06	2.764647e-06	1.035072e-08	1.923748e+01	6.155914e+02
2.310000e-06	2.617091e-06	1.020433e-08	1.821072e+01	6.067639e+02
2.320000e-06	2.468630e-06	1.005060e-08	1.717767e+01	5.977118e+02
2.330000e-06	2.319260e-06	9.891776e-09	1.613830e+01	5.884362e+02
2.340000e-06	2.169078e-06	9.734155e-09	1.509328e+01	5.789310e+02
2.350000e-06	2.018248e-06	9.572001e-09	1.404375e+01	5.691813e+02
2.360000e-06	1.866743e-06	9.405627e-09	1.298952e+01	5.591648e+02
2.370000e-06	1.714485e-06	9.228859e-09	1.193005e+01	5.488561e+02
2.380000e-06	1.561619e-06	9.049828e-09	1.086635e+01	5.382314e+02
2.390000e-06	1.408198e-06	8.863932e-09	9.798782e+00	5.272727e+02
2.400000e-06	1.254187e-06	8.673935e-09	8.727112e+00	5.159700e+02
2.410000e-06	1.099711e-06	8.477586e-09	7.652210e+00	5.043195e+02
2.420000e-06	9.449195e-07	8.277114e-09	6.575113e+00	4.923196e+02
2.430000e-06	7.898085e-07	8.072746e-09	5.495791e+00	4.799644e+02
2.440000e-06	6.344121e-07	7.857419e-09	4.414483e+00	4.672375e+02
2.450000e-06	4.788229e-07	7.634456e-09	3.331834e+00	4.541074e+02
2.460000e-06	3.231027e-07	7.403453e-09	2.248272e+00	4.405261e+02
2.470000e-06	1.672671e-07	7.164925e-09	1.163909e+00	4.264324e+02
2.480000e-06	1.136617e-08	6.916470e-09	7.909015e-02	4.117579e+02
2.490000e-06	-1.444898e-07	6.657723e-09	-1.005415e+00	3.964349e+02
2.500000e-06	-3.003038e-07	6.391256e-09	-2.089629e+00	3.804043e+02
2.510000e-06	-4.559883e-07	6.114463e-09	-3.172942e+00	3.636215e+02
2.520000e-06	-6.114410e-07	5.820665e-09	-4.254641e+00	3.460575e+02
2.530000e-06	-7.666844e-07	5.506997e-09	-5.334884e+00	3.276962e+02
2.540000e-06	-9.216480e-07	5.179033e-09	-6.413181e+00	3.085266e+02
2.550000e-06	-1.076254e-06	4.842632e-09	-7.488987e+00	2.885328e+02
2.560000e-06	-1.230493e-06	4.493115e-09	-8.562246e+00	2.676829e+02
2.570000e-06	-1.384330e-06	4.127507e-09	-9.632699e+00	2.459198e+02
2.580000e-06	-1.537713e-06	3.744917e-09	-1.069999e+01	2.231563e+02
2.590000e-06	-1.690487e-06	3.347179e-09	-1.176306e+01	1.992755e+02
2.600000e-06	-1.842508e-06	2.929061e-09	-1.282088e+01	1.741381e+02
2.610000e-06	-1.993790e-06	2.482994e-09	-1.387356e+01	1.475950e+02
2.620000e-06	-2.144400e-06	2.010009e-09	-1.492156e+01	1.195048e+02
2.630000e-06	-2.294375e-06	1.511797e-09	-1.596514e+01	8.975390e+01
2.640000e-06	-2.443593e-06	9.865947e-10	-1.700346e+01	5.827636e+01
2.650000e-06	-2.591868e-06	4.297678e-10	-1.803521e+01	2.507119e+01
2.660000e-06	-2.739156e-06	-1.560481e-10	-1.906010e+01	-9.784866e+00
2.670000e-06	-2.885477e-06	-7.649234e-10	-2.007826e+01	-4.613093e+01
2.680000e-06	-3.030781e-06	-1.394493e-09	-2.108934e+01	-8.372306e+01
2.690000e-06	-3.174937e-06	-2.040447e-09	-2.209243e+01	-1.222430e+02
2.700000e-06	-3.317879e-06	-2.694443e-09	-2.308707e+01	-1.613143e+02
2.710000e-06	-3.459601e-06	-3.350906e-09	-2.407323e+01	-2.005239e+02
2.720000e-06	-3.600052e-06	-4.004613e-09	-2.505054e+01	-2.394486e+02
2.730000e-06	-3.739154e-06	-4.649141e-09	-2.601847e+01	-2.776817e+02
2.740000e-06	-3.876862e-06	-5.275889e-09	-2.697669e+01	-3.148585e+02
2.750000e-06	-4.013113e-06	-5.877091e-09	-2.792478e+01	-3.506765e+02
2.760000e-06	-4.147868e-06	-6.451883e-09	-2.886246e+01	-3.849088e+02
2.770000e-06	-4.281144e-06	-7.000279e-09	-2.978985e+01	-4.174072e+02
2.780000e-06	-4.412865e-06	-7.517845e-09	-3.070641e+01	-4.480983e+02
2.790000e-06	-4.543052e-06	-8.003443e-09	-3.161230e+01	-4.769711e+02
2.800000e-06	-4.671693e-06	-8.459576e-09	-3.250744e+01	-5.040600e+02
2.810000e-06	-4.798644e-06	-8.889636e-09	-3.339081e+01	-5.294282e+02
2.820000e-06	-4.923944e-06	-9.291790e-09	-3.426269e+01	-5.531515e+02
2.830000e-06	-5.047541e-06	-9.664534e-09	-3.512273e+01	-5.753088e+02
2.840000e-06	-5.169327e-06	-1.001331e-08	-3.597016e+01	-5.959766e+02
2.850000e-06	-5.289236e-06	-1.033906e-08	-3.680454e+01	-6.152294e+02
2.860000e-06	-5.407066e-06	-1.064067e-08	-3.762444e+01	-6.331423e+02
2.870000e-06	-5.522696e-06	-1.092068e-08	-3.842904e+01	-6.497944e+02
2.880000e-06	-5.636046e-06	-1.118301e-08	-3.921777e+01	-6.652703e+02
2.890000e-06	-5.747172e-06	-1.142948e-08	-3.999103e+01	-6.796583e+02
2.900000e-06	-5.856273e-06	-1.165791e-08	-4.075019e+01	-6.930465e+02
2.910000e-06	-5.963408e-06	-1.186706e-08	-4.149568e+01	-7.055170e+02
2.920000e-06	-6.068514e-06	-1.206033e-08	-4.222705e+01	-7.171414e+02
2.930000e-06	-6.171427e-06	-1.224242e-08	-4.294316e+01	-7.279783e+02
2.940000e-06	-6.272025e-06	-1.241163e-08	-4.364316e+01	-7.380740e+02
2.950000e-06	-6.370426e-06	-1.256821e-08	-4.432787e+01	-7.474665e+02
2.960000e-06	-6.466661e-06	-1.271736e-08	-4.499751e+01	-7.561906e+02
2.970000e-06	-6.560599e-06	-1.285930e-08	-4.565117e+01	-7.642834e+02
2.980000e-06	-6.652184e-06	-1.299024e-08	-4.628845e+01	-7.717869e+02
2.990000e-06	-6.741473e-06	-1.310682e-08	-4.690976e+01	-7.787482e+02
3.000000e-06	-6.828400e-06	-1.321308e-08	-4.751463e+01	-7.852170e+02
3.010000e-06	-6.912819e-06	-1.331452e-08	-4.810205e+01	-7.912415e+02
3.020000e-06	-6.994792e-06	-1.341035e-08	-4.867245e+01	-7.968645e+02
3.030000e-06	-7.074306e-06	-1.349856e-08	-4.922574e+01	-8.021213e+02
3.040000e-06	-7.151094e-06	-1.358161e-08	-4.976006e+01	-8.070397e+02
3.050000e-06	-7.225136e-06	-1.366083e-08	-5.027527e+01	-8.116421e+02
3.060000e-06	-7.296614e-06	-1.373507e-08	-5.077264e+01	-8.159479e+02
3.070000e-06	-7.365461e-06	-1.380165e-08	-5.125171e+01	-8.199763e+02
3.080000e-06	-7.431706e-06	-1.386070e-08	-5.171267e+01	-8.237461e+02
3.090000e-06	-7.495410e-06	-1.391746e-08	-5.215595e+01	-8.272748e+02
3.100000e-06	-7.556451e-06	-1.397437e-08	-5.258069e+01	-8.305762e+02
3.110000e-06	-7.614796e-06	-1.402701e-08	-5.298667e+01	-8.336584e+02
3.120000e-06	-7.670346e-06	-1.407475e-08	-5.337321e+01	-8.365235e+02
3.130000e-06	-7.722923e-06	-1.411989e-08	-5.373906e+01	-8.391691e+02
3.140000e-06	-7.772458e-06	-1.416232e-08	-5.408375e+01	-8.415925e+02
3.150000e-06	-7.818938e-06	-1.420021e-08	-5.440717e+01	-8.437951e+02
3.160000e-06	-7.862740e-06	-1.423242e-08	-5.471197e+01	-8.457857e+02
3.170000e-06	-7.904089e-06	-1.426116e-08	-5.499969e+01	-8.475811e+02
3.180000e-06	-7.942693e-06	-1.428824e-08	-5.526831e+01	-8.492039e+02
3.190000e-06	-7.978481e-06	-1.431393e-08	-5.551733e+01	-8.506773e+02
3.200000e-06	-8.011523e-06	-1.433920e-08	-5.574726e+01	-8.520190e+02
3.210000e-06	-8.041642e-06	-1.436348e-08	-5.595684e+01	-8.532376e+02
3.220000e-06	-8.068814e-06	-1.438434e-08	-5.614591e+01	-8.543306e+02
3.230000e-06	-8.093153e-06	-1.440183e-08	-5.631527e+01	-8.552878e+02
3.240000e-06	-8.114580e-06	-1.441538e-08	-5.646437e+01	-8.560963e+02
3.250000e-06	-8.133173e-06	-1.442530e-08	-5.659374e+01	-8.567478e+02
3.260000e-06	-8.148937e-06	-1.443397e-08	-5.670343e+01	-8.572436e+02
3.270000e-06	-8.161533e-06	-1.444122e-08	-5.679108e+01	-8.575962e+02
3.280000e-06	-8.171049e-06	-1.444533e-08	-5.685730e+01	-8.578266e+02
3.290000e-06	-8.177689e-06	-1.444777e-08	-5.690350e+01	-8.579579e+02
3.300000e-06	-8.181457e-06	-1.445000e-08	-5.692972e+01	-8.580084e+02
3.310000e-06	-8.182462e-06	-1.445272e-08	-5.693671e+01	-8.579855e+02
