# Temperatura_=_62.46
# Concentracion g/m^3_=_11780.0
# C_Vs_to_Am_M_A/Vsm_=_59384043850.047264
# pendiente_HvsI_1/m_=_3716.3
# ordenada_HvsI_A/m_=_1297.0
# frecuencia_Hz_=_301502.6278997709

Tiempo_(s)	Campo_(V.s)	Magnetizacion_(V.s)	Campo_(kA/m)	Magnetizacion_(A/m)
0.000000e+00	-8.160413e-06	-1.490764e-08	-5.692715e+01	-8.853229e+02
1.000000e-08	-8.156461e-06	-1.490167e-08	-5.689958e+01	-8.851397e+02
2.000000e-08	-8.149880e-06	-1.489772e-08	-5.685367e+01	-8.848798e+02
3.000000e-08	-8.140569e-06	-1.489202e-08	-5.678872e+01	-8.845054e+02
4.000000e-08	-8.128386e-06	-1.488287e-08	-5.670373e+01	-8.839811e+02
5.000000e-08	-8.113186e-06	-1.487210e-08	-5.659769e+01	-8.832866e+02
6.000000e-08	-8.095171e-06	-1.486955e-08	-5.647202e+01	-8.824234e+02
7.000000e-08	-8.074756e-06	-1.484929e-08	-5.632960e+01	-8.814147e+02
8.000000e-08	-8.051506e-06	-1.477535e-08	-5.616741e+01	-8.802972e+02
9.000000e-08	-8.024887e-06	-1.475978e-08	-5.598172e+01	-8.791089e+02
1.000000e-07	-7.995087e-06	-1.478897e-08	-5.577383e+01	-8.778767e+02
1.100000e-07	-7.962492e-06	-1.477157e-08	-5.554644e+01	-8.766084e+02
1.200000e-07	-7.927227e-06	-1.472301e-08	-5.530044e+01	-8.752920e+02
1.300000e-07	-7.889566e-06	-1.471976e-08	-5.503771e+01	-8.739006e+02
1.400000e-07	-7.849809e-06	-1.473223e-08	-5.476037e+01	-8.724030e+02
1.500000e-07	-7.807530e-06	-1.463841e-08	-5.446543e+01	-8.707734e+02
1.600000e-07	-7.762322e-06	-1.465884e-08	-5.415006e+01	-8.689990e+02
1.700000e-07	-7.714274e-06	-1.458304e-08	-5.381487e+01	-8.670816e+02
1.800000e-07	-7.663071e-06	-1.452140e-08	-5.345768e+01	-8.650335e+02
1.900000e-07	-7.608801e-06	-1.454935e-08	-5.307910e+01	-8.628709e+02
2.000000e-07	-7.551830e-06	-1.445966e-08	-5.268167e+01	-8.606058e+02
2.100000e-07	-7.492139e-06	-1.444239e-08	-5.226526e+01	-8.582412e+02
2.200000e-07	-7.429867e-06	-1.438008e-08	-5.183085e+01	-8.557707e+02
2.300000e-07	-7.364875e-06	-1.437401e-08	-5.137746e+01	-8.531818e+02
2.400000e-07	-7.297044e-06	-1.433930e-08	-5.090427e+01	-8.504618e+02
2.500000e-07	-7.226539e-06	-1.425086e-08	-5.041243e+01	-8.476032e+02
2.600000e-07	-7.153303e-06	-1.420998e-08	-4.990153e+01	-8.446071e+02
2.700000e-07	-7.077264e-06	-1.416318e-08	-4.937108e+01	-8.414819e+02
2.800000e-07	-6.998432e-06	-1.412437e-08	-4.882115e+01	-8.382392e+02
2.900000e-07	-6.916972e-06	-1.403100e-08	-4.825289e+01	-8.348885e+02
3.000000e-07	-6.833149e-06	-1.398086e-08	-4.766813e+01	-8.314327e+02
3.100000e-07	-6.747095e-06	-1.394404e-08	-4.706782e+01	-8.278663e+02
3.200000e-07	-6.658706e-06	-1.387777e-08	-4.645122e+01	-8.241776e+02
3.300000e-07	-6.567955e-06	-1.381816e-08	-4.581814e+01	-8.203536e+02
3.400000e-07	-6.474886e-06	-1.373663e-08	-4.516889e+01	-8.163847e+02
3.500000e-07	-6.379463e-06	-1.367021e-08	-4.450322e+01	-8.122691e+02
3.600000e-07	-6.281684e-06	-1.360214e-08	-4.382111e+01	-8.080128e+02
3.700000e-07	-6.181537e-06	-1.352462e-08	-4.312248e+01	-8.036265e+02
3.800000e-07	-6.079176e-06	-1.343795e-08	-4.240841e+01	-7.991205e+02
3.900000e-07	-5.974661e-06	-1.336659e-08	-4.167931e+01	-7.944987e+02
4.000000e-07	-5.868014e-06	-1.330761e-08	-4.093534e+01	-7.897557e+02
4.100000e-07	-5.759299e-06	-1.322453e-08	-4.017695e+01	-7.848766e+02
4.200000e-07	-5.648500e-06	-1.313348e-08	-3.940401e+01	-7.798419e+02
4.300000e-07	-5.535551e-06	-1.304485e-08	-3.861607e+01	-7.746329e+02
4.400000e-07	-5.420421e-06	-1.296122e-08	-3.781293e+01	-7.692390e+02
4.500000e-07	-5.303174e-06	-1.286321e-08	-3.699501e+01	-7.636606e+02
4.600000e-07	-5.183952e-06	-1.275753e-08	-3.616332e+01	-7.579096e+02
4.700000e-07	-5.062838e-06	-1.265817e-08	-3.531842e+01	-7.520049e+02
4.800000e-07	-4.939877e-06	-1.256644e-08	-3.446064e+01	-7.459652e+02
4.900000e-07	-4.815119e-06	-1.246800e-08	-3.359033e+01	-7.398024e+02
5.000000e-07	-4.688697e-06	-1.235795e-08	-3.270841e+01	-7.335167e+02
5.100000e-07	-4.560730e-06	-1.224935e-08	-3.181571e+01	-7.270961e+02
5.200000e-07	-4.431088e-06	-1.214417e-08	-3.091133e+01	-7.205202e+02
5.300000e-07	-4.299766e-06	-1.203072e-08	-2.999522e+01	-7.137658e+02
5.400000e-07	-4.166921e-06	-1.190644e-08	-2.906850e+01	-7.068146e+02
5.500000e-07	-4.032621e-06	-1.178208e-08	-2.813161e+01	-6.996572e+02
5.600000e-07	-3.896821e-06	-1.166366e-08	-2.718427e+01	-6.922944e+02
5.700000e-07	-3.759479e-06	-1.154083e-08	-2.622618e+01	-6.847346e+02
5.800000e-07	-3.620670e-06	-1.141024e-08	-2.525784e+01	-6.769878e+02
5.900000e-07	-3.480510e-06	-1.127883e-08	-2.428008e+01	-6.690597e+02
6.000000e-07	-3.338830e-06	-1.114735e-08	-2.329172e+01	-6.609473e+02
6.100000e-07	-3.195721e-06	-1.101018e-08	-2.229339e+01	-6.526386e+02
6.200000e-07	-3.051458e-06	-1.086070e-08	-2.128701e+01	-6.441147e+02
6.300000e-07	-2.906192e-06	-1.070938e-08	-2.027363e+01	-6.353555e+02
6.400000e-07	-2.759962e-06	-1.055993e-08	-1.925353e+01	-6.263455e+02
6.500000e-07	-2.612748e-06	-1.040979e-08	-1.822656e+01	-6.170774e+02
6.600000e-07	-2.464694e-06	-1.025039e-08	-1.719374e+01	-6.075529e+02
6.700000e-07	-2.315847e-06	-1.008492e-08	-1.615538e+01	-5.977787e+02
6.800000e-07	-2.166178e-06	-9.915729e-09	-1.511128e+01	-5.877618e+02
6.900000e-07	-2.015723e-06	-9.744254e-09	-1.406171e+01	-5.775024e+02
7.000000e-07	-1.864533e-06	-9.569168e-09	-1.300701e+01	-5.669908e+02
7.100000e-07	-1.712592e-06	-9.384470e-09	-1.194706e+01	-5.562065e+02
7.200000e-07	-1.560008e-06	-9.196549e-09	-1.088264e+01	-5.451218e+02
7.300000e-07	-1.406877e-06	-9.006518e-09	-9.814389e+00	-5.337080e+02
7.400000e-07	-1.253249e-06	-8.812089e-09	-8.742678e+00	-5.219418e+02
7.500000e-07	-1.099175e-06	-8.606568e-09	-7.667862e+00	-5.098091e+02
7.600000e-07	-9.446851e-07	-8.393881e-09	-6.590135e+00	-4.973046e+02
7.700000e-07	-7.898619e-07	-8.175660e-09	-5.510087e+00	-4.844265e+02
7.800000e-07	-6.347968e-07	-7.953120e-09	-4.428351e+00	-4.711682e+02
7.900000e-07	-4.795969e-07	-7.723811e-09	-3.345674e+00	-4.575091e+02
8.000000e-07	-3.242942e-07	-7.484508e-09	-2.262281e+00	-4.434077e+02
8.100000e-07	-1.688659e-07	-7.237399e-09	-1.178011e+00	-4.288007e+02
8.200000e-07	-1.333970e-08	-6.982263e-09	-9.305795e-02	-4.136082e+02
8.300000e-07	1.422110e-07	-6.717297e-09	9.920655e-01	-3.977441e+02
8.400000e-07	2.976859e-07	-6.435181e-09	2.076661e+00	-3.811295e+02
8.500000e-07	4.530541e-07	-6.140863e-09	3.160511e+00	-3.637045e+02
8.600000e-07	6.082674e-07	-5.835696e-09	4.243282e+00	-3.454342e+02
8.700000e-07	7.632989e-07	-5.513642e-09	5.324783e+00	-3.263073e+02
8.800000e-07	9.181159e-07	-5.171070e-09	6.404789e+00	-3.063254e+02
8.900000e-07	1.072623e-06	-4.814532e-09	7.482629e+00	-2.854872e+02
9.000000e-07	1.226729e-06	-4.451346e-09	8.557681e+00	-2.637700e+02
9.100000e-07	1.380344e-06	-4.074832e-09	9.629299e+00	-2.411143e+02
9.200000e-07	1.533429e-06	-3.676098e-09	1.069722e+01	-2.174161e+02
9.300000e-07	1.685983e-06	-3.252514e-09	1.176144e+01	-1.925291e+02
9.400000e-07	1.837994e-06	-2.808304e-09	1.282187e+01	-1.662776e+02
9.500000e-07	1.989285e-06	-2.337342e-09	1.387727e+01	-1.384786e+02
9.600000e-07	2.139716e-06	-1.833789e-09	1.492669e+01	-1.089674e+02
9.700000e-07	2.289342e-06	-1.298014e-09	1.597048e+01	-7.762448e+01
9.800000e-07	2.438112e-06	-7.356972e-10	1.700830e+01	-4.439787e+01
9.900000e-07	2.585973e-06	-1.488864e-10	1.803978e+01	-9.318978e+00
1.000000e-06	2.732960e-06	4.711333e-10	1.906517e+01	2.748976e+01
1.010000e-06	2.879071e-06	1.121744e-09	2.008443e+01	6.581512e+01
1.020000e-06	3.024242e-06	1.792419e-09	2.109715e+01	1.053605e+02
1.030000e-06	3.168287e-06	2.475278e-09	2.210201e+01	1.457592e+02
1.040000e-06	3.311096e-06	3.168811e-09	2.309825e+01	1.865926e+02
1.050000e-06	3.452605e-06	3.863131e-09	2.408542e+01	2.274127e+02
1.060000e-06	3.592791e-06	4.543365e-09	2.506336e+01	2.677673e+02
1.070000e-06	3.731668e-06	5.204687e-09	2.603217e+01	3.072271e+02
1.080000e-06	3.869178e-06	5.846206e-09	2.699144e+01	3.454122e+02
1.090000e-06	4.005210e-06	6.462713e-09	2.794040e+01	3.820138e+02
1.100000e-06	4.139716e-06	7.046801e-09	2.887871e+01	4.168097e+02
1.110000e-06	4.272790e-06	7.597528e-09	2.980704e+01	4.496688e+02
1.120000e-06	4.404368e-06	8.118825e-09	3.072493e+01	4.805456e+02
1.130000e-06	4.534381e-06	8.609627e-09	3.163190e+01	5.094641e+02
1.140000e-06	4.662771e-06	9.067573e-09	3.252755e+01	5.364960e+02
1.150000e-06	4.789449e-06	9.491694e-09	3.341126e+01	5.617378e+02
1.160000e-06	4.914451e-06	9.883699e-09	3.428327e+01	5.852903e+02
1.170000e-06	5.037798e-06	1.024915e-08	3.514375e+01	6.072466e+02
1.180000e-06	5.159363e-06	1.058904e-08	3.599178e+01	6.276887e+02
1.190000e-06	5.278964e-06	1.090367e-08	3.682612e+01	6.466906e+02
1.200000e-06	5.396562e-06	1.119888e-08	3.764649e+01	6.643271e+02
1.210000e-06	5.512152e-06	1.147757e-08	3.845284e+01	6.806808e+02
1.220000e-06	5.625635e-06	1.173724e-08	3.924450e+01	6.958462e+02
1.230000e-06	5.736968e-06	1.197476e-08	4.002116e+01	7.099268e+02
1.240000e-06	5.846260e-06	1.219215e-08	4.078359e+01	7.230279e+02
1.250000e-06	5.953575e-06	1.239452e-08	4.153222e+01	7.352462e+02
1.260000e-06	6.058778e-06	1.258550e-08	4.226612e+01	7.466607e+02
1.270000e-06	6.161732e-06	1.276567e-08	4.298433e+01	7.573286e+02
1.280000e-06	6.262449e-06	1.293331e-08	4.368693e+01	7.672874e+02
1.290000e-06	6.360884e-06	1.309124e-08	4.437361e+01	7.765622e+02
1.300000e-06	6.456978e-06	1.323594e-08	4.504396e+01	7.851762e+02
1.310000e-06	6.550763e-06	1.336703e-08	4.569821e+01	7.931606e+02
1.320000e-06	6.642292e-06	1.348776e-08	4.633672e+01	8.005590e+02
1.330000e-06	6.731563e-06	1.360117e-08	4.695947e+01	8.074267e+02
1.340000e-06	6.818485e-06	1.370904e-08	4.756584e+01	8.138242e+02
1.350000e-06	6.903066e-06	1.380939e-08	4.815588e+01	8.198079e+02
1.360000e-06	6.985267e-06	1.390253e-08	4.872931e+01	8.254223e+02
1.370000e-06	7.064932e-06	1.398985e-08	4.928506e+01	8.306953e+02
1.380000e-06	7.142014e-06	1.407454e-08	4.982279e+01	8.356407e+02
1.390000e-06	7.216393e-06	1.415345e-08	5.034165e+01	8.402644e+02
1.400000e-06	7.288016e-06	1.422473e-08	5.084130e+01	8.445733e+02
1.410000e-06	7.357105e-06	1.429350e-08	5.132326e+01	8.485821e+02
1.420000e-06	7.423620e-06	1.435906e-08	5.178727e+01	8.523165e+02
1.430000e-06	7.487422e-06	1.441695e-08	5.223235e+01	8.558095e+02
1.440000e-06	7.548717e-06	1.446850e-08	5.265994e+01	8.590944e+02
1.450000e-06	7.607440e-06	1.451963e-08	5.306960e+01	8.621956e+02
1.460000e-06	7.663344e-06	1.457103e-08	5.345959e+01	8.651223e+02
1.470000e-06	7.716295e-06	1.461822e-08	5.382897e+01	8.678671e+02
1.480000e-06	7.766071e-06	1.466175e-08	5.417621e+01	8.704113e+02
1.490000e-06	7.812820e-06	1.470334e-08	5.450234e+01	8.727342e+02
1.500000e-06	7.856858e-06	1.473927e-08	5.480954e+01	8.748245e+02
1.510000e-06	7.898063e-06	1.476700e-08	5.509699e+01	8.766871e+02
1.520000e-06	7.936418e-06	1.478943e-08	5.536456e+01	8.783453e+02
1.530000e-06	7.972093e-06	1.481211e-08	5.561343e+01	8.798349e+02
1.540000e-06	8.004967e-06	1.483757e-08	5.584276e+01	8.811934e+02
1.550000e-06	8.035037e-06	1.486238e-08	5.605252e+01	8.824481e+02
1.560000e-06	8.062307e-06	1.488323e-08	5.624276e+01	8.836074e+02
1.570000e-06	8.086643e-06	1.489994e-08	5.641253e+01	8.846588e+02
1.580000e-06	8.108200e-06	1.491250e-08	5.656291e+01	8.855744e+02
1.590000e-06	8.127061e-06	1.492156e-08	5.669448e+01	8.863227e+02
1.600000e-06	8.142994e-06	1.492794e-08	5.680563e+01	8.868815e+02
1.610000e-06	8.155821e-06	1.493224e-08	5.689511e+01	8.872479e+02
1.620000e-06	8.165438e-06	1.493736e-08	5.696220e+01	8.874415e+02
1.630000e-06	8.172058e-06	1.494088e-08	5.700838e+01	8.874989e+02
1.640000e-06	8.175866e-06	1.493936e-08	5.703495e+01	8.874626e+02
1.650000e-06	8.176805e-06	1.493540e-08	5.704150e+01	8.873667e+02
1.660000e-06	8.175037e-06	1.493927e-08	5.702917e+01	8.872260e+02
1.670000e-06	8.170695e-06	1.493694e-08	5.699887e+01	8.870312e+02
1.680000e-06	8.163631e-06	1.492744e-08	5.694959e+01	8.867534e+02
1.690000e-06	8.153800e-06	1.491644e-08	5.688102e+01	8.863543e+02
1.700000e-06	8.141114e-06	1.490259e-08	5.679252e+01	8.858002e+02
1.710000e-06	8.125622e-06	1.488142e-08	5.668444e+01	8.850745e+02
1.720000e-06	8.107665e-06	1.485134e-08	5.655917e+01	8.841828e+02
1.730000e-06	8.087314e-06	1.490819e-08	5.641721e+01	8.831514e+02
1.740000e-06	8.063979e-06	1.490721e-08	5.625442e+01	8.820184e+02
1.750000e-06	8.036927e-06	1.483622e-08	5.606571e+01	8.808205e+02
1.760000e-06	8.006265e-06	1.480615e-08	5.585181e+01	8.795816e+02
1.770000e-06	7.972735e-06	1.479420e-08	5.561791e+01	8.783058e+02
1.780000e-06	7.936753e-06	1.471132e-08	5.536689e+01	8.769779e+02
1.790000e-06	7.898442e-06	1.471894e-08	5.509963e+01	8.755695e+02
1.800000e-06	7.857992e-06	1.474653e-08	5.481745e+01	8.740496e+02
1.810000e-06	7.815045e-06	1.461727e-08	5.451785e+01	8.723944e+02
1.820000e-06	7.769497e-06	1.469537e-08	5.420011e+01	8.705937e+02
1.830000e-06	7.721266e-06	1.462984e-08	5.386365e+01	8.686515e+02
1.840000e-06	7.669791e-06	1.458664e-08	5.350456e+01	8.665815e+02
1.850000e-06	7.615283e-06	1.458060e-08	5.312431e+01	8.643996e+02
1.860000e-06	7.558026e-06	1.446149e-08	5.272489e+01	8.621165e+02
1.870000e-06	7.498120e-06	1.452232e-08	5.230699e+01	8.597335e+02
1.880000e-06	7.435541e-06	1.440493e-08	5.187043e+01	8.572425e+02
1.890000e-06	7.370176e-06	1.438112e-08	5.141444e+01	8.546307e+02
1.900000e-06	7.302127e-06	1.436266e-08	5.093974e+01	8.518860e+02
1.910000e-06	7.231202e-06	1.427486e-08	5.044496e+01	8.490022e+02
1.920000e-06	7.157530e-06	1.427185e-08	4.993102e+01	8.459820e+02
1.930000e-06	7.081110e-06	1.416593e-08	4.939791e+01	8.428346e+02
1.940000e-06	7.001908e-06	1.415695e-08	4.884540e+01	8.395718e+02
1.950000e-06	6.920257e-06	1.406321e-08	4.827580e+01	8.362021e+02
1.960000e-06	6.836095e-06	1.401109e-08	4.768869e+01	8.327269e+02
1.970000e-06	6.749494e-06	1.397176e-08	4.708456e+01	8.291393e+02
1.980000e-06	6.660463e-06	1.387348e-08	4.646347e+01	8.254271e+02
1.990000e-06	6.569029e-06	1.385028e-08	4.582563e+01	8.215774e+02
2.000000e-06	6.475322e-06	1.375751e-08	4.517193e+01	8.175819e+02
2.010000e-06	6.379327e-06	1.371276e-08	4.450226e+01	8.134402e+02
2.020000e-06	6.281120e-06	1.361542e-08	4.381717e+01	8.091595e+02
2.030000e-06	6.180606e-06	1.355088e-08	4.311599e+01	8.047510e+02
2.040000e-06	6.077811e-06	1.347191e-08	4.239889e+01	8.002239e+02
2.050000e-06	5.972835e-06	1.338702e-08	4.166658e+01	7.955809e+02
2.060000e-06	5.865856e-06	1.331463e-08	4.092029e+01	7.908146e+02
2.070000e-06	5.756794e-06	1.322085e-08	4.015947e+01	7.859089e+02
2.080000e-06	5.645569e-06	1.315035e-08	3.938356e+01	7.808440e+02
2.090000e-06	5.532225e-06	1.304958e-08	3.859288e+01	7.756022e+02
2.100000e-06	5.416671e-06	1.296512e-08	3.778677e+01	7.701746e+02
2.110000e-06	5.299054e-06	1.285810e-08	3.696627e+01	7.645639e+02
2.120000e-06	5.179423e-06	1.277025e-08	3.613172e+01	7.587838e+02
2.130000e-06	5.057905e-06	1.266464e-08	3.528401e+01	7.528534e+02
2.140000e-06	4.934552e-06	1.256742e-08	3.442350e+01	7.467908e+02
2.150000e-06	4.809371e-06	1.246195e-08	3.355024e+01	7.406061e+02
2.160000e-06	4.682506e-06	1.236042e-08	3.266522e+01	7.342972e+02
2.170000e-06	4.554019e-06	1.225170e-08	3.176890e+01	7.278503e+02
2.180000e-06	4.423924e-06	1.213442e-08	3.086135e+01	7.212438e+02
2.190000e-06	4.292228e-06	1.202065e-08	2.994264e+01	7.144551e+02
2.200000e-06	4.158971e-06	1.189746e-08	2.901304e+01	7.074672e+02
2.210000e-06	4.024269e-06	1.178203e-08	2.807335e+01	7.002724e+02
2.220000e-06	3.888172e-06	1.165627e-08	2.712394e+01	6.928735e+02
2.230000e-06	3.750579e-06	1.153428e-08	2.616409e+01	6.852793e+02
2.240000e-06	3.611472e-06	1.140067e-08	2.519368e+01	6.774996e+02
2.250000e-06	3.470938e-06	1.126825e-08	2.421331e+01	6.695387e+02
2.260000e-06	3.329189e-06	1.112697e-08	2.322447e+01	6.613922e+02
2.270000e-06	3.186281e-06	1.098452e-08	2.222754e+01	6.530462e+02
2.280000e-06	3.042188e-06	1.083830e-08	2.122234e+01	6.444814e+02
2.290000e-06	2.896961e-06	1.068974e-08	2.020924e+01	6.356780e+02
2.300000e-06	2.750733e-06	1.053613e-08	1.918915e+01	6.266219e+02
2.310000e-06	2.603524e-06	1.037835e-08	1.816222e+01	6.173074e+02
2.320000e-06	2.455355e-06	1.021967e-08	1.712859e+01	6.077374e+02
2.330000e-06	2.306312e-06	1.005631e-08	1.608886e+01	5.979192e+02
2.340000e-06	2.156430e-06	9.887040e-09	1.504328e+01	5.878589e+02
2.350000e-06	2.005792e-06	9.710941e-09	1.399243e+01	5.775553e+02
2.360000e-06	1.854466e-06	9.531564e-09	1.293678e+01	5.669965e+02
2.370000e-06	1.702567e-06	9.347576e-09	1.187713e+01	5.561603e+02
2.380000e-06	1.550058e-06	9.158806e-09	1.081322e+01	5.450185e+02
2.390000e-06	1.396972e-06	8.963654e-09	9.745295e+00	5.335430e+02
2.400000e-06	1.243435e-06	8.765794e-09	8.674220e+00	5.217118e+02
2.410000e-06	1.089492e-06	8.562482e-09	7.600312e+00	5.095126e+02
2.420000e-06	9.351548e-07	8.354209e-09	6.523652e+00	4.969412e+02
2.430000e-06	7.804874e-07	8.135290e-09	5.444690e+00	4.839957e+02
2.440000e-06	6.255381e-07	7.909428e-09	4.363762e+00	4.706676e+02
2.450000e-06	4.703020e-07	7.678526e-09	3.280833e+00	4.569329e+02
2.460000e-06	3.148418e-07	7.439305e-09	2.196340e+00	4.427462e+02
2.470000e-06	1.592710e-07	7.189887e-09	1.111077e+00	4.280406e+02
2.480000e-06	3.640015e-09	6.930167e-09	2.539279e-02	4.127341e+02
2.490000e-06	-1.520272e-07	6.662092e-09	-1.060544e+00	3.967410e+02
2.500000e-06	-3.076177e-07	6.382070e-09	-2.145945e+00	3.799851e+02
2.510000e-06	-4.630585e-07	6.089576e-09	-3.230302e+00	3.624107e+02
2.520000e-06	-6.183077e-07	5.780933e-09	-4.313322e+00	3.439874e+02
2.530000e-06	-7.732966e-07	5.454245e-09	-5.394527e+00	3.247072e+02
2.540000e-06	-9.278997e-07	5.111734e-09	-6.473040e+00	3.045726e+02
2.550000e-06	-1.082048e-06	4.756947e-09	-7.548382e+00	2.835797e+02
2.560000e-06	-1.235817e-06	4.389688e-09	-8.621072e+00	2.617002e+02
2.570000e-06	-1.389171e-06	4.006365e-09	-9.690872e+00	2.388671e+02
2.580000e-06	-1.542023e-06	3.605813e-09	-1.075717e+01	2.149681e+02
2.590000e-06	-1.694285e-06	3.186922e-09	-1.181936e+01	1.898505e+02
2.600000e-06	-1.845868e-06	2.744724e-09	-1.287680e+01	1.633356e+02
2.610000e-06	-1.996852e-06	2.273582e-09	-1.393007e+01	1.352417e+02
2.620000e-06	-2.147180e-06	1.771724e-09	-1.497875e+01	1.054102e+02
2.630000e-06	-2.296720e-06	1.240247e-09	-1.602195e+01	7.373215e+01
2.640000e-06	-2.445489e-06	6.786848e-10	-1.705977e+01	4.016961e+01
2.650000e-06	-2.593394e-06	8.624527e-11	-1.809155e+01	4.769872e+00
2.660000e-06	-2.740354e-06	-5.349915e-10	-1.911675e+01	-3.232816e+01
2.670000e-06	-2.886278e-06	-1.179739e-09	-2.013471e+01	-7.089566e+01
2.680000e-06	-3.031132e-06	-1.845109e-09	-2.114521e+01	-1.106224e+02
2.690000e-06	-3.174897e-06	-2.526602e-09	-2.214812e+01	-1.511309e+02
2.700000e-06	-3.317459e-06	-3.211678e-09	-2.314264e+01	-1.919956e+02
2.710000e-06	-3.458802e-06	-3.894226e-09	-2.412864e+01	-2.327657e+02
2.720000e-06	-3.598856e-06	-4.570425e-09	-2.510566e+01	-2.729912e+02
2.730000e-06	-3.737443e-06	-5.232791e-09	-2.607245e+01	-3.122497e+02
2.740000e-06	-3.874584e-06	-5.871769e-09	-2.702915e+01	-3.501726e+02
2.750000e-06	-4.010345e-06	-6.482513e-09	-2.797622e+01	-3.864658e+02
2.760000e-06	-4.144643e-06	-7.064916e-09	-2.891308e+01	-4.209231e+02
2.770000e-06	-4.277524e-06	-7.615782e-09	-2.984006e+01	-4.534296e+02
2.780000e-06	-4.408896e-06	-8.128991e-09	-3.075652e+01	-4.839536e+02
2.790000e-06	-4.538710e-06	-8.607149e-09	-3.166210e+01	-5.125292e+02
2.800000e-06	-4.666983e-06	-9.055827e-09	-3.255693e+01	-5.392343e+02
2.810000e-06	-4.793589e-06	-9.478446e-09	-3.344014e+01	-5.641675e+02
2.820000e-06	-4.918530e-06	-9.874382e-09	-3.431173e+01	-5.874287e+02
2.830000e-06	-5.041640e-06	-1.024162e-08	-3.517054e+01	-6.091093e+02
2.840000e-06	-5.162866e-06	-1.058368e-08	-3.601622e+01	-6.292891e+02
2.850000e-06	-5.282264e-06	-1.090201e-08	-3.684914e+01	-6.480419e+02
2.860000e-06	-5.399661e-06	-1.119506e-08	-3.766811e+01	-6.654432e+02
2.870000e-06	-5.514812e-06	-1.146525e-08	-3.847140e+01	-6.815778e+02
2.880000e-06	-5.627686e-06	-1.171691e-08	-3.925881e+01	-6.965420e+02
2.890000e-06	-5.738427e-06	-1.195248e-08	-4.003134e+01	-7.104403e+02
2.900000e-06	-5.847115e-06	-1.217261e-08	-4.078955e+01	-7.233774e+02
2.910000e-06	-5.953865e-06	-1.237554e-08	-4.153424e+01	-7.354473e+02
2.920000e-06	-6.058543e-06	-1.256333e-08	-4.226448e+01	-7.467252e+02
2.930000e-06	-6.160979e-06	-1.274028e-08	-4.297907e+01	-7.572646e+02
2.940000e-06	-6.261165e-06	-1.290559e-08	-4.367797e+01	-7.670998e+02
2.950000e-06	-6.359242e-06	-1.305917e-08	-4.436216e+01	-7.762551e+02
2.960000e-06	-6.455141e-06	-1.320572e-08	-4.503115e+01	-7.847544e+02
2.970000e-06	-6.548732e-06	-1.334401e-08	-4.568404e+01	-7.926308e+02
2.980000e-06	-6.640021e-06	-1.346948e-08	-4.632087e+01	-7.999304e+02
2.990000e-06	-6.729027e-06	-1.358235e-08	-4.694178e+01	-8.067100e+02
3.000000e-06	-6.815656e-06	-1.368789e-08	-4.754610e+01	-8.130301e+02
3.010000e-06	-6.899741e-06	-1.378833e-08	-4.813268e+01	-8.189453e+02
3.020000e-06	-6.981458e-06	-1.388172e-08	-4.870274e+01	-8.244974e+02
3.030000e-06	-7.060691e-06	-1.396918e-08	-4.925547e+01	-8.297115e+02
3.040000e-06	-7.137095e-06	-1.405269e-08	-4.978847e+01	-8.345995e+02
3.050000e-06	-7.210808e-06	-1.413200e-08	-5.030269e+01	-8.391666e+02
3.060000e-06	-7.281910e-06	-1.420437e-08	-5.079870e+01	-8.434208e+02
3.070000e-06	-7.350355e-06	-1.426867e-08	-5.127617e+01	-8.473788e+02
3.080000e-06	-7.416264e-06	-1.432672e-08	-5.173596e+01	-8.510678e+02
3.090000e-06	-7.479646e-06	-1.438432e-08	-5.217811e+01	-8.545216e+02
3.100000e-06	-7.540359e-06	-1.444089e-08	-5.260164e+01	-8.577726e+02
3.110000e-06	-7.598372e-06	-1.449242e-08	-5.300634e+01	-8.608428e+02
3.120000e-06	-7.653602e-06	-1.454045e-08	-5.339163e+01	-8.637383e+02
3.130000e-06	-7.705856e-06	-1.458810e-08	-5.375615e+01	-8.664492e+02
3.140000e-06	-7.755012e-06	-1.463267e-08	-5.409906e+01	-8.689555e+02
3.150000e-06	-7.801178e-06	-1.467046e-08	-5.442112e+01	-8.712376e+02
3.160000e-06	-7.844804e-06	-1.470217e-08	-5.472546e+01	-8.732866e+02
3.170000e-06	-7.885978e-06	-1.472912e-08	-5.501268e+01	-8.751109e+02
3.180000e-06	-7.924313e-06	-1.475546e-08	-5.528011e+01	-8.767364e+02
3.190000e-06	-7.959806e-06	-1.478116e-08	-5.552771e+01	-8.782003e+02
3.200000e-06	-7.992584e-06	-1.480738e-08	-5.575637e+01	-8.795390e+02
3.210000e-06	-8.022461e-06	-1.483316e-08	-5.596479e+01	-8.807770e+02
3.220000e-06	-8.049464e-06	-1.485512e-08	-5.615316e+01	-8.819188e+02
3.230000e-06	-8.073628e-06	-1.487338e-08	-5.632174e+01	-8.829485e+02
3.240000e-06	-8.094898e-06	-1.488773e-08	-5.647011e+01	-8.838368e+02
3.250000e-06	-8.113389e-06	-1.489793e-08	-5.659911e+01	-8.845527e+02
3.260000e-06	-8.129048e-06	-1.490549e-08	-5.670835e+01	-8.850770e+02
3.270000e-06	-8.141536e-06	-1.491149e-08	-5.679546e+01	-8.854108e+02
3.280000e-06	-8.150975e-06	-1.491651e-08	-5.686130e+01	-8.855773e+02
3.290000e-06	-8.157502e-06	-1.491831e-08	-5.690684e+01	-8.856153e+02
3.300000e-06	-8.161118e-06	-1.492179e-08	-5.693207e+01	-8.855666e+02
3.310000e-06	-8.161975e-06	-1.492118e-08	-5.693804e+01	-8.854626e+02
