# Temperatura_=_49.66
# Concentracion g/m^3_=_11780.0
# C_Vs_to_Am_M_A/Vsm_=_59384043850.047264
# pendiente_HvsI_1/m_=_3716.3
# ordenada_HvsI_A/m_=_1297.0
# frecuencia_Hz_=_301496.7169561166

Tiempo_(s)	Campo_(V.s)	Magnetizacion_(V.s)	Campo_(kA/m)	Magnetizacion_(A/m)
0.000000e+00	-8.131767e-06	-1.453144e-08	-5.693025e+01	-8.627022e+02
1.000000e-08	-8.128086e-06	-1.452683e-08	-5.690448e+01	-8.625395e+02
2.000000e-08	-8.121737e-06	-1.452111e-08	-5.686003e+01	-8.622606e+02
3.000000e-08	-8.112677e-06	-1.451365e-08	-5.679660e+01	-8.618489e+02
4.000000e-08	-8.100814e-06	-1.450616e-08	-5.671355e+01	-8.612989e+02
5.000000e-08	-8.085972e-06	-1.449620e-08	-5.660964e+01	-8.606176e+02
6.000000e-08	-8.068231e-06	-1.449067e-08	-5.648543e+01	-8.598216e+02
7.000000e-08	-8.048003e-06	-1.448405e-08	-5.634382e+01	-8.589308e+02
8.000000e-08	-8.025043e-06	-1.442494e-08	-5.618308e+01	-8.579608e+02
9.000000e-08	-7.998734e-06	-1.439249e-08	-5.599889e+01	-8.569185e+02
1.000000e-07	-7.969196e-06	-1.440770e-08	-5.579210e+01	-8.558010e+02
1.100000e-07	-7.936855e-06	-1.440071e-08	-5.556568e+01	-8.545987e+02
1.200000e-07	-7.901822e-06	-1.436624e-08	-5.532041e+01	-8.532999e+02
1.300000e-07	-7.864444e-06	-1.434563e-08	-5.505873e+01	-8.518963e+02
1.400000e-07	-7.825079e-06	-1.435932e-08	-5.478314e+01	-8.503857e+02
1.500000e-07	-7.783112e-06	-1.428294e-08	-5.448933e+01	-8.487710e+02
1.600000e-07	-7.738132e-06	-1.428516e-08	-5.417443e+01	-8.470576e+02
1.700000e-07	-7.690500e-06	-1.423873e-08	-5.384095e+01	-8.452489e+02
1.800000e-07	-7.639776e-06	-1.415716e-08	-5.348583e+01	-8.433435e+02
1.900000e-07	-7.585908e-06	-1.418218e-08	-5.310870e+01	-8.413345e+02
2.000000e-07	-7.529343e-06	-1.412170e-08	-5.271270e+01	-8.392123e+02
2.100000e-07	-7.470045e-06	-1.409333e-08	-5.229756e+01	-8.369684e+02
2.200000e-07	-7.408185e-06	-1.404642e-08	-5.186447e+01	-8.346002e+02
2.300000e-07	-7.343608e-06	-1.401293e-08	-5.141238e+01	-8.321120e+02
2.400000e-07	-7.276178e-06	-1.398783e-08	-5.094030e+01	-8.295144e+02
2.500000e-07	-7.206160e-06	-1.390957e-08	-5.045010e+01	-8.268196e+02
2.600000e-07	-7.133465e-06	-1.386412e-08	-4.994117e+01	-8.240363e+02
2.700000e-07	-7.057971e-06	-1.381641e-08	-4.941264e+01	-8.211646e+02
2.800000e-07	-6.979647e-06	-1.379073e-08	-4.886430e+01	-8.181950e+02
2.900000e-07	-6.898602e-06	-1.373193e-08	-4.829690e+01	-8.151105e+02
3.000000e-07	-6.815194e-06	-1.366264e-08	-4.771296e+01	-8.118917e+02
3.100000e-07	-6.729614e-06	-1.362130e-08	-4.711382e+01	-8.085238e+02
3.200000e-07	-6.641703e-06	-1.355506e-08	-4.649836e+01	-8.050014e+02
3.300000e-07	-6.551362e-06	-1.349747e-08	-4.586589e+01	-8.013305e+02
3.400000e-07	-6.458742e-06	-1.342098e-08	-4.521745e+01	-7.975258e+02
3.500000e-07	-6.363795e-06	-1.335708e-08	-4.455273e+01	-7.936053e+02
3.600000e-07	-6.266463e-06	-1.330103e-08	-4.387132e+01	-7.895827e+02
3.700000e-07	-6.166826e-06	-1.323041e-08	-4.317376e+01	-7.854626e+02
3.800000e-07	-6.065031e-06	-1.315432e-08	-4.246109e+01	-7.812376e+02
3.900000e-07	-5.961055e-06	-1.307275e-08	-4.173316e+01	-7.768910e+02
4.000000e-07	-5.854851e-06	-1.301246e-08	-4.098963e+01	-7.724021e+02
4.100000e-07	-5.746577e-06	-1.293671e-08	-4.023161e+01	-7.677531e+02
4.200000e-07	-5.636353e-06	-1.285320e-08	-3.945993e+01	-7.629350e+02
4.300000e-07	-5.524099e-06	-1.276611e-08	-3.867405e+01	-7.579498e+02
4.400000e-07	-5.409635e-06	-1.268408e-08	-3.787269e+01	-7.528094e+02
4.500000e-07	-5.292975e-06	-1.259702e-08	-3.705595e+01	-7.475302e+02
4.600000e-07	-5.174315e-06	-1.249906e-08	-3.622522e+01	-7.421269e+02
4.700000e-07	-5.053764e-06	-1.240443e-08	-3.538124e+01	-7.366074e+02
4.800000e-07	-4.931326e-06	-1.231292e-08	-3.452406e+01	-7.309695e+02
4.900000e-07	-4.807127e-06	-1.222582e-08	-3.365455e+01	-7.252016e+02
5.000000e-07	-4.681315e-06	-1.212620e-08	-3.277374e+01	-7.192869e+02
5.100000e-07	-4.553867e-06	-1.202211e-08	-3.188148e+01	-7.132083e+02
5.200000e-07	-4.424755e-06	-1.191814e-08	-3.097757e+01	-7.069530e+02
5.300000e-07	-4.293960e-06	-1.181187e-08	-3.006188e+01	-7.005151e+02
5.400000e-07	-4.161512e-06	-1.169403e-08	-2.913462e+01	-6.938956e+02
5.500000e-07	-4.027640e-06	-1.157175e-08	-2.819738e+01	-6.870994e+02
5.600000e-07	-3.892385e-06	-1.145797e-08	-2.725047e+01	-6.801312e+02
5.700000e-07	-3.755680e-06	-1.134508e-08	-2.629340e+01	-6.729918e+02
5.800000e-07	-3.617517e-06	-1.122601e-08	-2.532613e+01	-6.656759e+02
5.900000e-07	-3.477958e-06	-1.109675e-08	-2.434907e+01	-6.581725e+02
6.000000e-07	-3.336950e-06	-1.096914e-08	-2.336189e+01	-6.504667e+02
6.100000e-07	-3.194541e-06	-1.084022e-08	-2.236488e+01	-6.425435e+02
6.200000e-07	-3.051013e-06	-1.070038e-08	-2.136004e+01	-6.343909e+02
6.300000e-07	-2.906358e-06	-1.055183e-08	-2.034733e+01	-6.260023e+02
6.400000e-07	-2.760607e-06	-1.040423e-08	-1.932692e+01	-6.173767e+02
6.500000e-07	-2.613905e-06	-1.026202e-08	-1.829987e+01	-6.085167e+02
6.600000e-07	-2.466281e-06	-1.011281e-08	-1.726636e+01	-5.994262e+02
6.700000e-07	-2.317901e-06	-9.955389e-09	-1.622755e+01	-5.901061e+02
6.800000e-07	-2.168782e-06	-9.791476e-09	-1.518358e+01	-5.805519e+02
6.900000e-07	-2.018853e-06	-9.628023e-09	-1.413393e+01	-5.707527e+02
7.000000e-07	-1.868279e-06	-9.460423e-09	-1.307977e+01	-5.606908e+02
7.100000e-07	-1.717150e-06	-9.282429e-09	-1.202171e+01	-5.503452e+02
7.200000e-07	-1.565312e-06	-9.098383e-09	-1.095870e+01	-5.396940e+02
7.300000e-07	-1.412775e-06	-8.915043e-09	-9.890793e+00	-5.287185e+02
7.400000e-07	-1.259709e-06	-8.732179e-09	-8.819182e+00	-5.174054e+02
7.500000e-07	-1.106293e-06	-8.538317e-09	-7.745121e+00	-5.057469e+02
7.600000e-07	-9.525741e-07	-8.334304e-09	-6.668942e+00	-4.937391e+02
7.700000e-07	-7.984778e-07	-8.123155e-09	-5.590119e+00	-4.813768e+02
7.800000e-07	-6.440390e-07	-7.908737e-09	-4.508897e+00	-4.686480e+02
7.900000e-07	-4.893782e-07	-7.687557e-09	-3.426122e+00	-4.555279e+02
8.000000e-07	-3.345527e-07	-7.455891e-09	-2.342193e+00	-4.419756e+02
8.100000e-07	-1.795691e-07	-7.217309e-09	-1.257158e+00	-4.279337e+02
8.200000e-07	-2.444445e-08	-6.974561e-09	-1.711348e-01	-4.133330e+02
8.300000e-07	1.306569e-07	-6.722188e-09	9.147249e-01	-3.980995e+02
8.400000e-07	2.856208e-07	-6.450939e-09	1.999623e+00	-3.821648e+02
8.500000e-07	4.405377e-07	-6.167193e-09	3.084191e+00	-3.654744e+02
8.600000e-07	5.952942e-07	-5.874050e-09	4.167636e+00	-3.479930e+02
8.700000e-07	7.497589e-07	-5.566714e-09	5.249039e+00	-3.297036e+02
8.800000e-07	9.038943e-07	-5.240582e-09	6.328136e+00	-3.106015e+02
8.900000e-07	1.057696e-06	-4.900855e-09	7.404898e+00	-2.906818e+02
9.000000e-07	1.211192e-06	-4.553885e-09	8.479517e+00	-2.699259e+02
9.100000e-07	1.364313e-06	-4.194061e-09	9.551514e+00	-2.482891e+02
9.200000e-07	1.516903e-06	-3.812477e-09	1.061979e+01	-2.256926e+02
9.300000e-07	1.668884e-06	-3.406761e-09	1.168381e+01	-2.020230e+02
9.400000e-07	1.820208e-06	-2.983749e-09	1.274322e+01	-1.771402e+02
9.500000e-07	1.970847e-06	-2.540305e-09	1.379784e+01	-1.508912e+02
9.600000e-07	2.120799e-06	-2.069935e-09	1.484765e+01	-1.231287e+02
9.700000e-07	2.269990e-06	-1.569769e-09	1.589213e+01	-9.373183e+01
9.800000e-07	2.418374e-06	-1.043789e-09	1.693096e+01	-6.262437e+01
9.900000e-07	2.565900e-06	-4.936281e-10	1.796378e+01	-2.979122e+01
1.000000e-06	2.712523e-06	8.759113e-11	1.899029e+01	4.710296e+00
1.010000e-06	2.858222e-06	7.014834e-10	2.001032e+01	4.074356e+01
1.020000e-06	3.002901e-06	1.337071e-09	2.102322e+01	7.809124e+01
1.030000e-06	3.146459e-06	1.984372e-09	2.202827e+01	1.164596e+02
1.040000e-06	3.288899e-06	2.643496e-09	2.302548e+01	1.554898e+02
1.050000e-06	3.430137e-06	3.310294e-09	2.401429e+01	1.947752e+02
1.060000e-06	3.569971e-06	3.972451e-09	2.499326e+01	2.338866e+02
1.070000e-06	3.708432e-06	4.620499e-09	2.596262e+01	2.724006e+02
1.080000e-06	3.845554e-06	5.252297e-09	2.692260e+01	3.099294e+02
1.090000e-06	3.981131e-06	5.865363e-09	2.787178e+01	3.461474e+02
1.100000e-06	4.115200e-06	6.450982e-09	2.881039e+01	3.808090e+02
1.110000e-06	4.247874e-06	7.003012e-09	2.973924e+01	4.137550e+02
1.120000e-06	4.379053e-06	7.523969e-09	3.065761e+01	4.449079e+02
1.130000e-06	4.508690e-06	8.017473e-09	3.156520e+01	4.742559e+02
1.140000e-06	4.636700e-06	8.483879e-09	3.246140e+01	5.018322e+02
1.150000e-06	4.763051e-06	8.921001e-09	3.334598e+01	5.276934e+02
1.160000e-06	4.887801e-06	9.328507e-09	3.421934e+01	5.519038e+02
1.170000e-06	5.010844e-06	9.710368e-09	3.508076e+01	5.745265e+02
1.180000e-06	5.132095e-06	1.006644e-08	3.592964e+01	5.956233e+02
1.190000e-06	5.251412e-06	1.039230e-08	3.676498e+01	6.152596e+02
1.200000e-06	5.368721e-06	1.069220e-08	3.758625e+01	6.335102e+02
1.210000e-06	5.484018e-06	1.097272e-08	3.839344e+01	6.504631e+02
1.220000e-06	5.597181e-06	1.123914e-08	3.918569e+01	6.662177e+02
1.230000e-06	5.708255e-06	1.148728e-08	3.996332e+01	6.808775e+02
1.240000e-06	5.817354e-06	1.171670e-08	4.072711e+01	6.945404e+02
1.250000e-06	5.924462e-06	1.193237e-08	4.147698e+01	7.072898e+02
1.260000e-06	6.029448e-06	1.213674e-08	4.221198e+01	7.191894e+02
1.270000e-06	6.132217e-06	1.232677e-08	4.293146e+01	7.302854e+02
1.280000e-06	6.232756e-06	1.249834e-08	4.363534e+01	7.406124e+02
1.290000e-06	6.330995e-06	1.265652e-08	4.432310e+01	7.502037e+02
1.300000e-06	6.426882e-06	1.280242e-08	4.499440e+01	7.590992e+02
1.310000e-06	6.520519e-06	1.293724e-08	4.564995e+01	7.673500e+02
1.320000e-06	6.611940e-06	1.306177e-08	4.628999e+01	7.750161e+02
1.330000e-06	6.701024e-06	1.317937e-08	4.691366e+01	7.821599e+02
1.340000e-06	6.787735e-06	1.329551e-08	4.752073e+01	7.888370e+02
1.350000e-06	6.872168e-06	1.340582e-08	4.811183e+01	7.950892e+02
1.360000e-06	6.954220e-06	1.350395e-08	4.868628e+01	8.009419e+02
1.370000e-06	7.033687e-06	1.359273e-08	4.924262e+01	8.064077e+02
1.380000e-06	7.110570e-06	1.367605e-08	4.978088e+01	8.114945e+02
1.390000e-06	7.184765e-06	1.375231e-08	5.030032e+01	8.162145e+02
1.400000e-06	7.256265e-06	1.381997e-08	5.080089e+01	8.205912e+02
1.410000e-06	7.325267e-06	1.388773e-08	5.128397e+01	8.246605e+02
1.420000e-06	7.391701e-06	1.395907e-08	5.174907e+01	8.284656e+02
1.430000e-06	7.455479e-06	1.402464e-08	5.219558e+01	8.320479e+02
1.440000e-06	7.516740e-06	1.408117e-08	5.262446e+01	8.354368e+02
1.450000e-06	7.575412e-06	1.413253e-08	5.303522e+01	8.386435e+02
1.460000e-06	7.631278e-06	1.418143e-08	5.342634e+01	8.416602e+02
1.470000e-06	7.684244e-06	1.422571e-08	5.379715e+01	8.444668e+02
1.480000e-06	7.734070e-06	1.426593e-08	5.414598e+01	8.470414e+02
1.490000e-06	7.780863e-06	1.430548e-08	5.447358e+01	8.493716e+02
1.500000e-06	7.824927e-06	1.434454e-08	5.478207e+01	8.514622e+02
1.510000e-06	7.866186e-06	1.438001e-08	5.507093e+01	8.533362e+02
1.520000e-06	7.904632e-06	1.440809e-08	5.534008e+01	8.550286e+02
1.530000e-06	7.940377e-06	1.443083e-08	5.559033e+01	8.565760e+02
1.540000e-06	7.973367e-06	1.445246e-08	5.582130e+01	8.580054e+02
1.550000e-06	8.003608e-06	1.447453e-08	5.603301e+01	8.593265e+02
1.560000e-06	8.031084e-06	1.449496e-08	5.622537e+01	8.605309e+02
1.570000e-06	8.055640e-06	1.451110e-08	5.639729e+01	8.615971e+02
1.580000e-06	8.077353e-06	1.452487e-08	5.654930e+01	8.625014e+02
1.590000e-06	8.096355e-06	1.453884e-08	5.668233e+01	8.632281e+02
1.600000e-06	8.112500e-06	1.455035e-08	5.679536e+01	8.637770e+02
1.610000e-06	8.125551e-06	1.455677e-08	5.688673e+01	8.641645e+02
1.620000e-06	8.135414e-06	1.456096e-08	5.695578e+01	8.644187e+02
1.630000e-06	8.142301e-06	1.456352e-08	5.700400e+01	8.645696e+02
1.640000e-06	8.146431e-06	1.456221e-08	5.703292e+01	8.646395e+02
1.650000e-06	8.147658e-06	1.455655e-08	5.704150e+01	8.646365e+02
1.660000e-06	8.146065e-06	1.455834e-08	5.703035e+01	8.645531e+02
1.670000e-06	8.141882e-06	1.455881e-08	5.700107e+01	8.643710e+02
1.680000e-06	8.134984e-06	1.455397e-08	5.695277e+01	8.640691e+02
1.690000e-06	8.125369e-06	1.454432e-08	5.688546e+01	8.636326e+02
1.700000e-06	8.112945e-06	1.453153e-08	5.679848e+01	8.630581e+02
1.710000e-06	8.097713e-06	1.451421e-08	5.669184e+01	8.623548e+02
1.720000e-06	8.079986e-06	1.448032e-08	5.656773e+01	8.615403e+02
1.730000e-06	8.059938e-06	1.450479e-08	5.642738e+01	8.606342e+02
1.740000e-06	8.036972e-06	1.451783e-08	5.626659e+01	8.596509e+02
1.750000e-06	8.010375e-06	1.447104e-08	5.608039e+01	8.585955e+02
1.760000e-06	7.980159e-06	1.443687e-08	5.586885e+01	8.574635e+02
1.770000e-06	7.946926e-06	1.442459e-08	5.563618e+01	8.562446e+02
1.780000e-06	7.911279e-06	1.437167e-08	5.538662e+01	8.549274e+02
1.790000e-06	7.873259e-06	1.434954e-08	5.512044e+01	8.535045e+02
1.800000e-06	7.833080e-06	1.438281e-08	5.483915e+01	8.519748e+02
1.810000e-06	7.790512e-06	1.426816e-08	5.454113e+01	8.503419e+02
1.820000e-06	7.745341e-06	1.428698e-08	5.422489e+01	8.486112e+02
1.830000e-06	7.697494e-06	1.427600e-08	5.388992e+01	8.467853e+02
1.840000e-06	7.646520e-06	1.420709e-08	5.353305e+01	8.448619e+02
1.850000e-06	7.592521e-06	1.422299e-08	5.315501e+01	8.428332e+02
1.860000e-06	7.535647e-06	1.410956e-08	5.275683e+01	8.406896e+02
1.870000e-06	7.476143e-06	1.413163e-08	5.234025e+01	8.384234e+02
1.880000e-06	7.414008e-06	1.407133e-08	5.190524e+01	8.360330e+02
1.890000e-06	7.349014e-06	1.401222e-08	5.145022e+01	8.335242e+02
1.900000e-06	7.281376e-06	1.401445e-08	5.097669e+01	8.309082e+02
1.910000e-06	7.210883e-06	1.392398e-08	5.048317e+01	8.281970e+02
1.920000e-06	7.137636e-06	1.392351e-08	4.997037e+01	8.253980e+02
1.930000e-06	7.061679e-06	1.383040e-08	4.943860e+01	8.225096e+02
1.940000e-06	6.982898e-06	1.378743e-08	4.888705e+01	8.195207e+02
1.950000e-06	6.901680e-06	1.373606e-08	4.831845e+01	8.164134e+02
1.960000e-06	6.818010e-06	1.367138e-08	4.773268e+01	8.131687e+02
1.970000e-06	6.731899e-06	1.365649e-08	4.712982e+01	8.097731e+02
1.980000e-06	6.643322e-06	1.355792e-08	4.650969e+01	8.062233e+02
1.990000e-06	6.552435e-06	1.352603e-08	4.587340e+01	8.025271e+02
2.000000e-06	6.459336e-06	1.344168e-08	4.522161e+01	7.987003e+02
2.010000e-06	6.363850e-06	1.338073e-08	4.455312e+01	7.947605e+02
2.020000e-06	6.266128e-06	1.330347e-08	4.386897e+01	7.907204e+02
2.030000e-06	6.166172e-06	1.322797e-08	4.316918e+01	7.865822e+02
2.040000e-06	6.063967e-06	1.317344e-08	4.245364e+01	7.823368e+02
2.050000e-06	5.959506e-06	1.308748e-08	4.172232e+01	7.779661e+02
2.060000e-06	5.852977e-06	1.302388e-08	4.097651e+01	7.734495e+02
2.070000e-06	5.744436e-06	1.293086e-08	4.021662e+01	7.687705e+02
2.080000e-06	5.633753e-06	1.286205e-08	3.944173e+01	7.639219e+02
2.090000e-06	5.520976e-06	1.276826e-08	3.865218e+01	7.589078e+02
2.100000e-06	5.406069e-06	1.268145e-08	3.784772e+01	7.537412e+02
2.110000e-06	5.289029e-06	1.258454e-08	3.702833e+01	7.484387e+02
2.120000e-06	5.169879e-06	1.249857e-08	3.619416e+01	7.430142e+02
2.130000e-06	5.048815e-06	1.240665e-08	3.534660e+01	7.374738e+02
2.140000e-06	4.926022e-06	1.230780e-08	3.448693e+01	7.318136e+02
2.150000e-06	4.801491e-06	1.221139e-08	3.361509e+01	7.260206e+02
2.160000e-06	4.675173e-06	1.211006e-08	3.273074e+01	7.200777e+02
2.170000e-06	4.547171e-06	1.201181e-08	3.183461e+01	7.139681e+02
2.180000e-06	4.417613e-06	1.189780e-08	3.092757e+01	7.076802e+02
2.190000e-06	4.286533e-06	1.179166e-08	3.000989e+01	7.012095e+02
2.200000e-06	4.153887e-06	1.167589e-08	2.908123e+01	6.945579e+02
2.210000e-06	4.019735e-06	1.156637e-08	2.814204e+01	6.877305e+02
2.220000e-06	3.884115e-06	1.144666e-08	2.719257e+01	6.807316e+02
2.230000e-06	3.746973e-06	1.132700e-08	2.623245e+01	6.735611e+02
2.240000e-06	3.608475e-06	1.120483e-08	2.526282e+01	6.662126e+02
2.250000e-06	3.468651e-06	1.107833e-08	2.428392e+01	6.586740e+02
2.260000e-06	3.327561e-06	1.094868e-08	2.329615e+01	6.509302e+02
2.270000e-06	3.185190e-06	1.081087e-08	2.229942e+01	6.429666e+02
2.280000e-06	3.041603e-06	1.067263e-08	2.129417e+01	6.347720e+02
2.290000e-06	2.896909e-06	1.052995e-08	2.028117e+01	6.263409e+02
2.300000e-06	2.751179e-06	1.038293e-08	1.926092e+01	6.176729e+02
2.310000e-06	2.604580e-06	1.023136e-08	1.823458e+01	6.087714e+02
2.320000e-06	2.457030e-06	1.007923e-08	1.720159e+01	5.996398e+02
2.330000e-06	2.308546e-06	9.925307e-09	1.616206e+01	5.902782e+02
2.340000e-06	2.159278e-06	9.765897e-09	1.511704e+01	5.806811e+02
2.350000e-06	2.009269e-06	9.600809e-09	1.406683e+01	5.708362e+02
2.360000e-06	1.858577e-06	9.429219e-09	1.301184e+01	5.607252e+02
2.370000e-06	1.707287e-06	9.251262e-09	1.195267e+01	5.503264e+02
2.380000e-06	1.555446e-06	9.067663e-09	1.088963e+01	5.396183e+02
2.390000e-06	1.403047e-06	8.877547e-09	9.822692e+00	5.285832e+02
2.400000e-06	1.250082e-06	8.687044e-09	8.751785e+00	5.172086e+02
2.410000e-06	1.096633e-06	8.492870e-09	7.677494e+00	5.054878e+02
2.420000e-06	9.427854e-07	8.294156e-09	6.600412e+00	4.934170e+02
2.430000e-06	7.886229e-07	8.086692e-09	5.521125e+00	4.809903e+02
2.440000e-06	6.342341e-07	7.869481e-09	4.440253e+00	4.681937e+02
2.450000e-06	4.796449e-07	7.645370e-09	3.357979e+00	4.549997e+02
2.460000e-06	3.248284e-07	7.412640e-09	2.274114e+00	4.413645e+02
2.470000e-06	1.699191e-07	7.173112e-09	1.189599e+00	4.272280e+02
2.480000e-06	1.503654e-08	6.924976e-09	1.052703e-01	4.125195e+02
2.490000e-06	-1.398392e-07	6.667243e-09	-9.790101e-01	3.971653e+02
2.500000e-06	-2.946296e-07	6.399007e-09	-2.062693e+00	3.810990e+02
2.510000e-06	-4.492827e-07	6.119508e-09	-3.145414e+00	3.642692e+02
2.520000e-06	-6.037815e-07	5.825634e-09	-4.227056e+00	3.466441e+02
2.530000e-06	-7.580631e-07	5.511910e-09	-5.307177e+00	3.282096e+02
2.540000e-06	-9.121145e-07	5.181442e-09	-6.385685e+00	3.089618e+02
2.550000e-06	-1.065889e-06	4.840743e-09	-7.462254e+00	2.888946e+02
2.560000e-06	-1.219277e-06	4.490125e-09	-8.536118e+00	2.679855e+02
2.570000e-06	-1.372190e-06	4.127288e-09	-9.606661e+00	2.461839e+02
2.580000e-06	-1.524543e-06	3.748834e-09	-1.067328e+01	2.234048e+02
2.590000e-06	-1.676323e-06	3.352670e-09	-1.173589e+01	1.995293e+02
2.600000e-06	-1.827482e-06	2.932820e-09	-1.279415e+01	1.744137e+02
2.610000e-06	-1.977946e-06	2.484937e-09	-1.384754e+01	1.479046e+02
2.620000e-06	-2.127792e-06	2.011220e-09	-1.489661e+01	1.198579e+02
2.630000e-06	-2.276991e-06	1.512957e-09	-1.594115e+01	9.015936e+01
2.640000e-06	-2.425351e-06	9.872082e-10	-1.697981e+01	5.874272e+01
2.650000e-06	-2.572713e-06	4.309909e-10	-1.801149e+01	2.560504e+01
2.660000e-06	-2.719111e-06	-1.526856e-10	-1.903642e+01	-9.182532e+00
2.670000e-06	-2.864557e-06	-7.577002e-10	-2.005467e+01	-4.546892e+01
2.680000e-06	-3.008962e-06	-1.385080e-09	-2.106565e+01	-8.302265e+01
2.690000e-06	-3.152295e-06	-2.034079e-09	-2.206912e+01	-1.215374e+02
2.700000e-06	-3.294473e-06	-2.691702e-09	-2.306450e+01	-1.606441e+02
2.710000e-06	-3.435397e-06	-3.349290e-09	-2.405111e+01	-1.999303e+02
2.720000e-06	-3.574997e-06	-4.002978e-09	-2.502844e+01	-2.389656e+02
2.730000e-06	-3.713254e-06	-4.649332e-09	-2.599638e+01	-2.773308e+02
2.740000e-06	-3.850120e-06	-5.279875e-09	-2.695457e+01	-3.146475e+02
2.750000e-06	-3.985532e-06	-5.883615e-09	-2.790258e+01	-3.506033e+02
2.760000e-06	-4.119521e-06	-6.458918e-09	-2.884064e+01	-3.849678e+02
2.770000e-06	-4.252039e-06	-7.008910e-09	-2.976840e+01	-4.175974e+02
2.780000e-06	-4.383062e-06	-7.530732e-09	-3.068568e+01	-4.484274e+02
2.790000e-06	-4.512595e-06	-8.019739e-09	-3.159254e+01	-4.774559e+02
2.800000e-06	-4.640531e-06	-8.476679e-09	-3.248822e+01	-5.047215e+02
2.810000e-06	-4.766789e-06	-8.908232e-09	-3.337214e+01	-5.302834e+02
2.820000e-06	-4.891342e-06	-9.314541e-09	-3.424413e+01	-5.542058e+02
2.830000e-06	-5.014125e-06	-9.691576e-09	-3.510373e+01	-5.765517e+02
2.840000e-06	-5.135147e-06	-1.004150e-08	-3.595101e+01	-5.973829e+02
2.850000e-06	-5.254325e-06	-1.036823e-08	-3.678536e+01	-6.167660e+02
2.860000e-06	-5.371448e-06	-1.067426e-08	-3.760534e+01	-6.347782e+02
2.870000e-06	-5.486326e-06	-1.095828e-08	-3.840960e+01	-6.515098e+02
2.880000e-06	-5.598915e-06	-1.122091e-08	-3.919783e+01	-6.670615e+02
2.890000e-06	-5.709407e-06	-1.146530e-08	-3.997138e+01	-6.815366e+02
2.900000e-06	-5.817904e-06	-1.169506e-08	-4.073097e+01	-6.950310e+02
2.910000e-06	-5.924470e-06	-1.190751e-08	-4.147703e+01	-7.076246e+02
2.920000e-06	-6.029017e-06	-1.210216e-08	-4.220896e+01	-7.193780e+02
2.930000e-06	-6.131360e-06	-1.228433e-08	-4.292547e+01	-7.303345e+02
2.940000e-06	-6.231452e-06	-1.245536e-08	-4.362621e+01	-7.405278e+02
2.950000e-06	-6.329387e-06	-1.261571e-08	-4.431184e+01	-7.499917e+02
2.960000e-06	-6.425179e-06	-1.276552e-08	-4.498248e+01	-7.587682e+02
2.970000e-06	-6.518637e-06	-1.290532e-08	-4.563678e+01	-7.669102e+02
2.980000e-06	-6.609727e-06	-1.303669e-08	-4.627450e+01	-7.744787e+02
2.990000e-06	-6.698545e-06	-1.315873e-08	-4.689630e+01	-7.815356e+02
3.000000e-06	-6.785000e-06	-1.326996e-08	-4.750158e+01	-7.881344e+02
3.010000e-06	-6.869019e-06	-1.337144e-08	-4.808979e+01	-7.943140e+02
3.020000e-06	-6.950724e-06	-1.346675e-08	-4.866180e+01	-8.000971e+02
3.030000e-06	-7.029932e-06	-1.355887e-08	-4.921633e+01	-8.054949e+02
3.040000e-06	-7.106350e-06	-1.364503e-08	-4.975134e+01	-8.105151e+02
3.050000e-06	-7.180057e-06	-1.372436e-08	-5.026736e+01	-8.151719e+02
3.060000e-06	-7.251156e-06	-1.379830e-08	-5.076512e+01	-8.194910e+02
3.070000e-06	-7.319631e-06	-1.386800e-08	-5.124451e+01	-8.235100e+02
3.080000e-06	-7.385581e-06	-1.393104e-08	-5.170622e+01	-8.272727e+02
3.090000e-06	-7.448961e-06	-1.398744e-08	-5.214995e+01	-8.308189e+02
3.100000e-06	-7.509642e-06	-1.404226e-08	-5.257477e+01	-8.341752e+02
3.110000e-06	-7.567645e-06	-1.409596e-08	-5.298085e+01	-8.373492e+02
3.120000e-06	-7.622897e-06	-1.414663e-08	-5.336767e+01	-8.403302e+02
3.130000e-06	-7.675194e-06	-1.419370e-08	-5.373380e+01	-8.430970e+02
3.140000e-06	-7.724334e-06	-1.423779e-08	-5.407783e+01	-8.456286e+02
3.150000e-06	-7.770508e-06	-1.427865e-08	-5.440109e+01	-8.479153e+02
3.160000e-06	-7.814187e-06	-1.431348e-08	-5.470688e+01	-8.499653e+02
3.170000e-06	-7.855365e-06	-1.434035e-08	-5.499517e+01	-8.518043e+02
3.180000e-06	-7.893743e-06	-1.436468e-08	-5.526385e+01	-8.534684e+02
3.190000e-06	-7.929343e-06	-1.439053e-08	-5.551308e+01	-8.549933e+02
3.200000e-06	-7.962208e-06	-1.441846e-08	-5.574317e+01	-8.564034e+02
3.210000e-06	-7.992118e-06	-1.444449e-08	-5.595257e+01	-8.577050e+02
3.220000e-06	-8.019163e-06	-1.446605e-08	-5.614191e+01	-8.588866e+02
3.230000e-06	-8.043493e-06	-1.448547e-08	-5.631224e+01	-8.599257e+02
3.240000e-06	-8.064931e-06	-1.450176e-08	-5.646233e+01	-8.607993e+02
3.250000e-06	-8.083559e-06	-1.451049e-08	-5.659275e+01	-8.614939e+02
3.260000e-06	-8.099369e-06	-1.451453e-08	-5.670343e+01	-8.620125e+02
3.270000e-06	-8.112010e-06	-1.452042e-08	-5.679193e+01	-8.623742e+02
3.280000e-06	-8.121582e-06	-1.452815e-08	-5.685894e+01	-8.626080e+02
3.290000e-06	-8.128236e-06	-1.453376e-08	-5.690553e+01	-8.627433e+02
3.300000e-06	-8.132012e-06	-1.453666e-08	-5.693197e+01	-8.628003e+02
3.310000e-06	-8.133072e-06	-1.453842e-08	-5.693938e+01	-8.627840e+02
