# Temperatura_=_43.24
# Concentracion g/m^3_=_11780.0
# C_Vs_to_Am_M_A/Vsm_=_59384043850.047264
# pendiente_HvsI_1/m_=_3716.3
# ordenada_HvsI_A/m_=_1297.0
# frecuencia_Hz_=_301495.552252854

Tiempo_(s)	Campo_(V.s)	Magnetizacion_(V.s)	Campo_(kA/m)	Magnetizacion_(A/m)
0.000000e+00	-8.107161e-06	-1.440735e-08	-5.694142e+01	-8.547878e+02
1.000000e-08	-8.105350e-06	-1.439126e-08	-5.692870e+01	-8.546415e+02
2.000000e-08	-8.100783e-06	-1.438628e-08	-5.689662e+01	-8.544301e+02
3.000000e-08	-8.093667e-06	-1.438458e-08	-5.684665e+01	-8.541481e+02
4.000000e-08	-8.083733e-06	-1.437766e-08	-5.677687e+01	-8.537768e+02
5.000000e-08	-8.070865e-06	-1.436982e-08	-5.668649e+01	-8.532902e+02
6.000000e-08	-8.055052e-06	-1.437253e-08	-5.657542e+01	-8.526643e+02
7.000000e-08	-8.036527e-06	-1.439589e-08	-5.644531e+01	-8.518864e+02
8.000000e-08	-8.015605e-06	-1.435913e-08	-5.629836e+01	-8.509613e+02
9.000000e-08	-7.991712e-06	-1.421578e-08	-5.613055e+01	-8.499109e+02
1.000000e-07	-7.964377e-06	-1.421714e-08	-5.593856e+01	-8.487688e+02
1.100000e-07	-7.933960e-06	-1.430800e-08	-5.572493e+01	-8.475693e+02
1.200000e-07	-7.900781e-06	-1.429039e-08	-5.549189e+01	-8.463367e+02
1.300000e-07	-7.865026e-06	-1.422153e-08	-5.524076e+01	-8.450771e+02
1.400000e-07	-7.827130e-06	-1.426258e-08	-5.497459e+01	-8.437768e+02
1.500000e-07	-7.787128e-06	-1.426150e-08	-5.469364e+01	-8.424077e+02
1.600000e-07	-7.744376e-06	-1.411505e-08	-5.439337e+01	-8.409372e+02
1.700000e-07	-7.698778e-06	-1.420657e-08	-5.407310e+01	-8.393391e+02
1.800000e-07	-7.650453e-06	-1.404000e-08	-5.373369e+01	-8.376021e+02
1.900000e-07	-7.598914e-06	-1.400604e-08	-5.337170e+01	-8.357313e+02
2.000000e-07	-7.544352e-06	-1.411556e-08	-5.298848e+01	-8.337437e+02
2.100000e-07	-7.487030e-06	-1.397760e-08	-5.258587e+01	-8.316589e+02
2.200000e-07	-7.427031e-06	-1.400039e-08	-5.216446e+01	-8.294886e+02
2.300000e-07	-7.364523e-06	-1.390246e-08	-5.172543e+01	-8.272308e+02
2.400000e-07	-7.299217e-06	-1.391727e-08	-5.126675e+01	-8.248692e+02
2.500000e-07	-7.231133e-06	-1.386396e-08	-5.078855e+01	-8.223795e+02
2.600000e-07	-7.160482e-06	-1.374712e-08	-5.029233e+01	-8.197397e+02
2.700000e-07	-7.087160e-06	-1.373999e-08	-4.977734e+01	-8.169397e+02
2.800000e-07	-7.011021e-06	-1.371793e-08	-4.924258e+01	-8.139866e+02
2.900000e-07	-6.932060e-06	-1.370393e-08	-4.868798e+01	-8.109029e+02
3.000000e-07	-6.850466e-06	-1.356444e-08	-4.811490e+01	-8.077183e+02
3.100000e-07	-6.766542e-06	-1.353810e-08	-4.752545e+01	-8.044578e+02
3.200000e-07	-6.680433e-06	-1.351036e-08	-4.692066e+01	-8.011313e+02
3.300000e-07	-6.592026e-06	-1.342187e-08	-4.629973e+01	-7.977287e+02
3.400000e-07	-6.501239e-06	-1.337547e-08	-4.566208e+01	-7.942222e+02
3.500000e-07	-6.408203e-06	-1.330021e-08	-4.500862e+01	-7.905768e+02
3.600000e-07	-6.312867e-06	-1.326499e-08	-4.433903e+01	-7.867622e+02
3.700000e-07	-6.215114e-06	-1.319704e-08	-4.365245e+01	-7.827644e+02
3.800000e-07	-6.115074e-06	-1.311324e-08	-4.294981e+01	-7.785901e+02
3.900000e-07	-6.012932e-06	-1.301663e-08	-4.223240e+01	-7.742630e+02
4.000000e-07	-5.908586e-06	-1.295377e-08	-4.149952e+01	-7.698138e+02
4.100000e-07	-5.802015e-06	-1.290321e-08	-4.075101e+01	-7.652669e+02
4.200000e-07	-5.693441e-06	-1.281410e-08	-3.998843e+01	-7.606297e+02
4.300000e-07	-5.582918e-06	-1.273222e-08	-3.921216e+01	-7.558893e+02
4.400000e-07	-5.470340e-06	-1.265613e-08	-3.842146e+01	-7.510168e+02
4.500000e-07	-5.355556e-06	-1.258395e-08	-3.761526e+01	-7.459789e+02
4.600000e-07	-5.238584e-06	-1.247934e-08	-3.679369e+01	-7.407515e+02
4.700000e-07	-5.119695e-06	-1.237544e-08	-3.595867e+01	-7.353291e+02
4.800000e-07	-4.999035e-06	-1.228713e-08	-3.511120e+01	-7.297280e+02
4.900000e-07	-4.876507e-06	-1.220755e-08	-3.425061e+01	-7.239792e+02
5.000000e-07	-4.752161e-06	-1.210853e-08	-3.337726e+01	-7.181163e+02
5.100000e-07	-4.626192e-06	-1.200157e-08	-3.249250e+01	-7.121610e+02
5.200000e-07	-4.498651e-06	-1.190069e-08	-3.159671e+01	-7.061137e+02
5.300000e-07	-4.369451e-06	-1.180229e-08	-3.068926e+01	-6.999513e+02
5.400000e-07	-4.238561e-06	-1.169088e-08	-2.976994e+01	-6.936344e+02
5.500000e-07	-4.106069e-06	-1.156950e-08	-2.883937e+01	-6.871212e+02
5.600000e-07	-3.972191e-06	-1.145835e-08	-2.789907e+01	-6.803808e+02
5.700000e-07	-3.836982e-06	-1.135362e-08	-2.694941e+01	-6.734038e+02
5.800000e-07	-3.700365e-06	-1.123578e-08	-2.598986e+01	-6.662023e+02
5.900000e-07	-3.562294e-06	-1.110196e-08	-2.502011e+01	-6.588030e+02
6.000000e-07	-3.422779e-06	-1.097513e-08	-2.404022e+01	-6.512336e+02
6.100000e-07	-3.281864e-06	-1.085187e-08	-2.305048e+01	-6.435094e+02
6.200000e-07	-3.139639e-06	-1.071869e-08	-2.205155e+01	-6.356256e+02
6.300000e-07	-2.996129e-06	-1.057273e-08	-2.104360e+01	-6.275574e+02
6.400000e-07	-2.851443e-06	-1.043703e-08	-2.002738e+01	-6.192684e+02
6.500000e-07	-2.705746e-06	-1.030285e-08	-1.900407e+01	-6.107246e+02
6.600000e-07	-2.559116e-06	-1.016039e-08	-1.797420e+01	-6.019060e+02
6.700000e-07	-2.411728e-06	-1.000203e-08	-1.693900e+01	-5.928131e+02
6.800000e-07	-2.263613e-06	-9.840925e-09	-1.589870e+01	-5.834642e+02
6.900000e-07	-2.114683e-06	-9.680929e-09	-1.485268e+01	-5.738850e+02
7.000000e-07	-1.965040e-06	-9.515869e-09	-1.380165e+01	-5.640945e+02
7.100000e-07	-1.814812e-06	-9.345522e-09	-1.274651e+01	-5.540931e+02
7.200000e-07	-1.663950e-06	-9.172907e-09	-1.168691e+01	-5.438573e+02
7.300000e-07	-1.512436e-06	-9.004161e-09	-1.062274e+01	-5.333447e+02
7.400000e-07	-1.360361e-06	-8.823826e-09	-9.554623e+00	-5.225054e+02
7.500000e-07	-1.207816e-06	-8.632568e-09	-8.483209e+00	-5.112968e+02
7.600000e-07	-1.054796e-06	-8.431765e-09	-7.408459e+00	-4.996952e+02
7.700000e-07	-9.013143e-07	-8.231753e-09	-6.330467e+00	-4.876989e+02
7.800000e-07	-7.474677e-07	-8.024320e-09	-5.249911e+00	-4.753217e+02
7.900000e-07	-5.934062e-07	-7.808790e-09	-4.167845e+00	-4.625780e+02
8.000000e-07	-4.391812e-07	-7.590817e-09	-3.084631e+00	-4.494661e+02
8.100000e-07	-2.847763e-07	-7.365932e-09	-2.000154e+00	-4.359560e+02
8.200000e-07	-1.302177e-07	-7.131492e-09	-9.145968e-01	-4.219854e+02
8.300000e-07	2.442644e-08	-6.881875e-09	1.715614e-01	-4.074677e+02
8.400000e-07	1.790383e-07	-6.624786e-09	1.257493e+00	-3.923088e+02
8.500000e-07	3.335595e-07	-6.357740e-09	2.342787e+00	-3.764258e+02
8.600000e-07	4.879473e-07	-6.080288e-09	3.427145e+00	-3.597635e+02
8.700000e-07	6.421749e-07	-5.786048e-09	4.510377e+00	-3.422998e+02
8.800000e-07	7.962370e-07	-5.475543e-09	5.592446e+00	-3.240404e+02
8.900000e-07	9.499880e-07	-5.155077e-09	6.672331e+00	-3.050034e+02
9.000000e-07	1.103233e-06	-4.821033e-09	7.748665e+00	-2.851979e+02
9.100000e-07	1.255997e-06	-4.473274e-09	8.821616e+00	-2.646055e+02
9.200000e-07	1.408306e-06	-4.110744e-09	9.891373e+00	-2.431682e+02
9.300000e-07	1.560072e-06	-3.734686e-09	1.095731e+01	-2.207867e+02
9.400000e-07	1.711248e-06	-3.338580e-09	1.201912e+01	-1.973293e+02
9.500000e-07	1.861846e-06	-2.919425e-09	1.307685e+01	-1.726472e+02
9.600000e-07	2.011837e-06	-2.475590e-09	1.413033e+01	-1.465933e+02
9.700000e-07	2.161155e-06	-2.009650e-09	1.517908e+01	-1.190393e+02
9.800000e-07	2.309697e-06	-1.518432e-09	1.622238e+01	-8.988975e+01
9.900000e-07	2.457388e-06	-9.979296e-10	1.725970e+01	-5.909319e+01
1.000000e-06	2.604232e-06	-4.517960e-10	1.829108e+01	-2.665043e+01
1.010000e-06	2.750189e-06	1.225445e-10	1.931621e+01	7.377226e+00
1.020000e-06	2.895144e-06	7.221814e-10	2.033432e+01	4.286030e+01
1.030000e-06	3.039015e-06	1.346071e-09	2.134481e+01	7.959543e+01
1.040000e-06	3.181753e-06	1.985482e-09	2.234735e+01	1.173044e+02
1.050000e-06	3.323348e-06	2.634573e-09	2.334185e+01	1.556412e+02
1.060000e-06	3.463637e-06	3.286885e-09	2.432719e+01	1.942091e+02
1.070000e-06	3.602511e-06	3.934485e-09	2.530258e+01	2.325872e+02
1.080000e-06	3.740034e-06	4.571773e-09	2.626849e+01	2.703622e+02
1.090000e-06	3.876129e-06	5.189517e-09	2.722436e+01	3.071616e+02
1.100000e-06	4.010811e-06	5.786599e-09	2.817032e+01	3.426793e+02
1.110000e-06	4.144143e-06	6.361180e-09	2.910678e+01	3.766915e+02
1.120000e-06	4.275997e-06	6.910988e-09	3.003287e+01	4.090580e+02
1.130000e-06	4.406304e-06	7.428682e-09	3.094810e+01	4.397123e+02
1.140000e-06	4.534969e-06	7.914591e-09	3.185179e+01	4.686437e+02
1.150000e-06	4.661982e-06	8.373107e-09	3.274387e+01	4.958767e+02
1.160000e-06	4.787478e-06	8.803871e-09	3.362531e+01	5.214539e+02
1.170000e-06	4.911325e-06	9.205369e-09	3.449516e+01	5.454250e+02
1.180000e-06	5.033338e-06	9.580725e-09	3.535213e+01	5.678436e+02
1.190000e-06	5.153510e-06	9.933930e-09	3.619617e+01	5.887678e+02
1.200000e-06	5.271848e-06	1.026328e-08	3.702732e+01	6.082648e+02
1.210000e-06	5.388194e-06	1.056884e-08	3.784449e+01	6.264125e+02
1.220000e-06	5.502397e-06	1.085043e-08	3.864661e+01	6.432991e+02
1.230000e-06	5.614472e-06	1.111385e-08	3.943378e+01	6.590184e+02
1.240000e-06	5.724593e-06	1.135927e-08	4.020723e+01	6.736630e+02
1.250000e-06	5.832811e-06	1.158729e-08	4.096731e+01	6.873177e+02
1.260000e-06	5.938907e-06	1.180050e-08	4.171248e+01	7.000556e+02
1.270000e-06	6.042815e-06	1.200198e-08	4.244229e+01	7.119365e+02
1.280000e-06	6.144595e-06	1.219304e-08	4.315715e+01	7.230099e+02
1.290000e-06	6.244158e-06	1.236901e-08	4.385644e+01	7.333190e+02
1.300000e-06	6.341372e-06	1.252863e-08	4.453923e+01	7.429055e+02
1.310000e-06	6.436284e-06	1.267424e-08	4.520585e+01	7.518133e+02
1.320000e-06	6.529026e-06	1.281040e-08	4.585724e+01	7.600886e+02
1.330000e-06	6.619446e-06	1.293807e-08	4.649231e+01	7.677801e+02
1.340000e-06	6.707466e-06	1.305854e-08	4.711053e+01	7.749354e+02
1.350000e-06	6.793229e-06	1.317168e-08	4.771289e+01	7.815996e+02
1.360000e-06	6.876720e-06	1.327855e-08	4.829930e+01	7.878129e+02
1.370000e-06	6.957744e-06	1.337672e-08	4.886838e+01	7.936103e+02
1.380000e-06	7.036220e-06	1.346599e-08	4.941956e+01	7.990225e+02
1.390000e-06	7.112051e-06	1.355017e-08	4.995217e+01	8.040766e+02
1.400000e-06	7.185145e-06	1.362858e-08	5.046555e+01	8.087973e+02
1.410000e-06	7.255657e-06	1.370235e-08	5.096080e+01	8.132078e+02
1.420000e-06	7.323654e-06	1.377231e-08	5.143839e+01	8.173297e+02
1.430000e-06	7.389065e-06	1.383848e-08	5.189781e+01	8.211826e+02
1.440000e-06	7.451887e-06	1.389910e-08	5.233904e+01	8.247838e+02
1.450000e-06	7.512179e-06	1.395537e-08	5.276251e+01	8.281475e+02
1.460000e-06	7.569772e-06	1.400874e-08	5.316702e+01	8.312850e+02
1.470000e-06	7.624591e-06	1.405729e-08	5.355204e+01	8.342042e+02
1.480000e-06	7.676426e-06	1.410252e-08	5.391611e+01	8.369105e+02
1.490000e-06	7.725036e-06	1.414533e-08	5.425753e+01	8.394072e+02
1.500000e-06	7.770780e-06	1.418455e-08	5.457882e+01	8.416969e+02
1.510000e-06	7.813851e-06	1.421874e-08	5.488133e+01	8.437831e+02
1.520000e-06	7.854036e-06	1.424918e-08	5.516357e+01	8.456715e+02
1.530000e-06	7.891477e-06	1.427734e-08	5.542654e+01	8.473714e+02
1.540000e-06	7.926247e-06	1.430335e-08	5.567075e+01	8.488954e+02
1.550000e-06	7.958168e-06	1.432693e-08	5.589495e+01	8.502588e+02
1.560000e-06	7.987390e-06	1.434658e-08	5.610020e+01	8.514762e+02
1.570000e-06	8.013851e-06	1.436403e-08	5.628605e+01	8.525592e+02
1.580000e-06	8.037362e-06	1.437955e-08	5.645118e+01	8.535135e+02
1.590000e-06	8.058140e-06	1.439177e-08	5.659712e+01	8.543380e+02
1.600000e-06	8.076174e-06	1.440106e-08	5.672378e+01	8.550264e+02
1.610000e-06	8.091251e-06	1.440876e-08	5.682967e+01	8.555708e+02
1.620000e-06	8.103239e-06	1.441527e-08	5.691387e+01	8.559666e+02
1.630000e-06	8.112057e-06	1.442058e-08	5.697581e+01	8.562172e+02
1.640000e-06	8.118002e-06	1.442171e-08	5.701756e+01	8.563350e+02
1.650000e-06	8.121150e-06	1.441842e-08	5.703967e+01	8.563404e+02
1.660000e-06	8.121410e-06	1.441385e-08	5.704150e+01	8.562561e+02
1.670000e-06	8.119042e-06	1.442174e-08	5.702487e+01	8.561001e+02
1.680000e-06	8.114061e-06	1.441895e-08	5.698988e+01	8.558791e+02
1.690000e-06	8.106352e-06	1.440741e-08	5.693573e+01	8.555857e+02
1.700000e-06	8.095972e-06	1.439899e-08	5.686283e+01	8.551994e+02
1.710000e-06	8.082716e-06	1.438308e-08	5.676973e+01	8.546940e+02
1.720000e-06	8.066712e-06	1.434132e-08	5.665732e+01	8.540467e+02
1.730000e-06	8.048367e-06	1.429328e-08	5.652847e+01	8.532469e+02
1.740000e-06	8.027593e-06	1.443695e-08	5.638257e+01	8.523020e+02
1.750000e-06	8.003660e-06	1.444367e-08	5.621447e+01	8.512362e+02
1.760000e-06	7.975921e-06	1.430925e-08	5.601965e+01	8.500837e+02
1.770000e-06	7.944692e-06	1.428136e-08	5.580031e+01	8.488782e+02
1.780000e-06	7.910759e-06	1.427195e-08	5.556197e+01	8.476417e+02
1.790000e-06	7.874472e-06	1.413158e-08	5.530710e+01	8.463774e+02
1.800000e-06	7.835896e-06	1.424265e-08	5.503617e+01	8.450691e+02
1.810000e-06	7.795127e-06	1.425820e-08	5.474982e+01	8.436873e+02
1.820000e-06	7.751879e-06	1.402970e-08	5.444606e+01	8.421997e+02
1.830000e-06	7.705961e-06	1.428566e-08	5.412355e+01	8.405819e+02
1.840000e-06	7.657181e-06	1.411539e-08	5.378094e+01	8.388250e+02
1.850000e-06	7.605385e-06	1.409789e-08	5.341715e+01	8.369362e+02
1.860000e-06	7.550690e-06	1.409654e-08	5.303300e+01	8.349334e+02
1.870000e-06	7.493092e-06	1.388961e-08	5.262845e+01	8.328358e+02
1.880000e-06	7.432937e-06	1.409908e-08	5.220594e+01	8.306533e+02
1.890000e-06	7.370139e-06	1.389810e-08	5.176487e+01	8.283818e+02
1.900000e-06	7.304520e-06	1.393258e-08	5.130399e+01	8.260033e+02
1.910000e-06	7.236180e-06	1.391318e-08	5.082400e+01	8.234932e+02
1.920000e-06	7.164955e-06	1.378656e-08	5.032375e+01	8.208306e+02
1.930000e-06	7.091136e-06	1.383517e-08	4.980527e+01	8.180077e+02
1.940000e-06	7.014580e-06	1.364739e-08	4.926757e+01	8.150341e+02
1.950000e-06	6.935275e-06	1.371604e-08	4.871057e+01	8.119340e+02
1.960000e-06	6.853574e-06	1.358936e-08	4.813673e+01	8.087372e+02
1.970000e-06	6.769452e-06	1.358301e-08	4.754589e+01	8.054670e+02
1.980000e-06	6.682851e-06	1.355789e-08	4.693764e+01	8.021306e+02
1.990000e-06	6.593742e-06	1.340347e-08	4.631178e+01	7.987149e+02
2.000000e-06	6.502447e-06	1.342417e-08	4.567056e+01	7.951907e+02
2.010000e-06	6.408852e-06	1.328942e-08	4.501319e+01	7.915225e+02
2.020000e-06	6.312876e-06	1.328687e-08	4.433908e+01	7.876820e+02
2.030000e-06	6.214756e-06	1.316634e-08	4.364993e+01	7.836579e+02
2.040000e-06	6.114463e-06	1.314056e-08	4.294552e+01	7.794598e+02
2.050000e-06	6.011903e-06	1.307158e-08	4.222517e+01	7.751133e+02
2.060000e-06	5.907079e-06	1.298129e-08	4.148894e+01	7.706488e+02
2.070000e-06	5.800298e-06	1.290711e-08	4.073895e+01	7.660888e+02
2.080000e-06	5.691479e-06	1.279329e-08	3.997465e+01	7.614380e+02
2.090000e-06	5.580522e-06	1.274596e-08	3.919533e+01	7.566806e+02
2.100000e-06	5.467461e-06	1.263843e-08	3.840124e+01	7.517863e+02
2.110000e-06	5.352286e-06	1.258231e-08	3.759229e+01	7.467223e+02
2.120000e-06	5.235025e-06	1.247341e-08	3.676870e+01	7.414667e+02
2.130000e-06	5.115686e-06	1.240453e-08	3.593051e+01	7.360172e+02
2.140000e-06	4.994504e-06	1.228873e-08	3.507938e+01	7.303927e+02
2.150000e-06	4.871608e-06	1.219376e-08	3.421620e+01	7.246255e+02
2.160000e-06	4.746968e-06	1.208558e-08	3.334078e+01	7.187484e+02
2.170000e-06	4.620529e-06	1.199356e-08	3.245273e+01	7.127804e+02
2.180000e-06	4.492415e-06	1.189899e-08	3.155291e+01	7.067184e+02
2.190000e-06	4.362773e-06	1.178826e-08	3.064235e+01	7.005364e+02
2.200000e-06	4.231696e-06	1.168968e-08	2.972172e+01	6.941938e+02
2.210000e-06	4.099087e-06	1.156749e-08	2.879033e+01	6.876493e+02
2.220000e-06	3.964932e-06	1.146157e-08	2.784808e+01	6.808751e+02
2.230000e-06	3.829206e-06	1.133135e-08	2.689479e+01	6.738647e+02
2.240000e-06	3.692028e-06	1.121856e-08	2.593131e+01	6.666330e+02
2.250000e-06	3.553606e-06	1.109100e-08	2.495909e+01	6.592077e+02
2.260000e-06	3.413912e-06	1.096930e-08	2.397794e+01	6.516154e+02
2.270000e-06	3.272912e-06	1.083576e-08	2.298761e+01	6.438691e+02
2.280000e-06	3.130586e-06	1.069927e-08	2.198797e+01	6.359607e+02
2.290000e-06	2.987092e-06	1.055980e-08	2.098012e+01	6.278631e+02
2.300000e-06	2.842481e-06	1.041815e-08	1.996444e+01	6.195395e+02
2.310000e-06	2.696944e-06	1.027045e-08	1.894224e+01	6.109571e+02
2.320000e-06	2.550567e-06	1.011984e-08	1.791415e+01	6.020986e+02
2.330000e-06	2.403310e-06	9.969835e-09	1.687988e+01	5.929676e+02
2.340000e-06	2.255190e-06	9.815882e-09	1.583954e+01	5.835840e+02
2.350000e-06	2.106200e-06	9.654129e-09	1.479309e+01	5.739737e+02
2.360000e-06	1.956476e-06	9.485019e-09	1.374149e+01	5.641534e+02
2.370000e-06	1.806108e-06	9.314090e-09	1.268537e+01	5.541203e+02
2.380000e-06	1.655026e-06	9.138307e-09	1.162423e+01	5.438478e+02
2.390000e-06	1.503223e-06	8.959570e-09	1.055803e+01	5.332914e+02
2.400000e-06	1.350828e-06	8.774501e-09	9.487673e+00	5.224014e+02
2.410000e-06	1.197958e-06	8.590933e-09	8.413969e+00	5.111374e+02
2.420000e-06	1.044698e-06	8.396527e-09	7.337537e+00	4.994789e+02
2.430000e-06	8.911688e-07	8.194848e-09	6.259209e+00	4.874271e+02
2.440000e-06	7.374123e-07	7.978778e-09	5.179286e+00	4.749967e+02
2.450000e-06	5.834195e-07	7.760060e-09	4.097702e+00	4.622008e+02
2.460000e-06	4.292252e-07	7.538940e-09	3.014705e+00	4.490346e+02
2.470000e-06	2.748690e-07	7.311009e-09	1.930569e+00	4.354630e+02
2.480000e-06	1.204323e-07	7.077401e-09	8.458676e-01	4.214198e+02
2.490000e-06	-3.399850e-08	6.832394e-09	-2.387917e-01	4.068161e+02
2.500000e-06	-1.883953e-07	6.577855e-09	-1.323213e+00	3.915581e+02
2.510000e-06	-3.427154e-07	6.306336e-09	-2.407094e+00	3.755663e+02
2.520000e-06	-4.968773e-07	6.022194e-09	-3.489865e+00	3.587899e+02
2.530000e-06	-6.508520e-07	5.725658e-09	-4.571321e+00	3.412115e+02
2.540000e-06	-8.046682e-07	5.417432e-09	-5.651664e+00	3.228398e+02
2.550000e-06	-9.582560e-07	5.097386e-09	-6.730402e+00	3.036927e+02
2.560000e-06	-1.111513e-06	4.763618e-09	-7.806815e+00	2.837766e+02
2.570000e-06	-1.264389e-06	4.417032e-09	-8.880557e+00	2.630679e+02
2.580000e-06	-1.416780e-06	4.053764e-09	-9.950893e+00	2.415026e+02
2.590000e-06	-1.568576e-06	3.672511e-09	-1.101704e+01	2.189759e+02
2.600000e-06	-1.719655e-06	3.275101e-09	-1.207816e+01	1.953527e+02
2.610000e-06	-1.870046e-06	2.860642e-09	-1.313445e+01	1.704832e+02
2.620000e-06	-2.019869e-06	2.422959e-09	-1.418675e+01	1.442221e+02
2.630000e-06	-2.168992e-06	1.957534e-09	-1.523412e+01	1.164449e+02
2.640000e-06	-2.317239e-06	1.465781e-09	-1.627535e+01	8.706192e+01
2.650000e-06	-2.464652e-06	9.461058e-10	-1.731072e+01	5.602866e+01
2.660000e-06	-2.611257e-06	3.954962e-10	-1.834041e+01	2.335406e+01
2.670000e-06	-2.756995e-06	-1.831927e-10	-1.936402e+01	-1.089126e+01
2.680000e-06	-2.901868e-06	-7.830398e-10	-2.038155e+01	-4.656757e+01
2.690000e-06	-3.045632e-06	-1.399643e-09	-2.139129e+01	-8.346070e+01
2.700000e-06	-3.188154e-06	-2.031216e-09	-2.239230e+01	-1.212821e+02
2.710000e-06	-3.329438e-06	-2.673542e-09	-2.338463e+01	-1.596773e+02
2.720000e-06	-3.469356e-06	-3.320262e-09	-2.436735e+01	-1.982442e+02
2.730000e-06	-3.607944e-06	-3.962191e-09	-2.534074e+01	-2.365609e+02
2.740000e-06	-3.745268e-06	-4.596431e-09	-2.630525e+01	-2.742182e+02
2.750000e-06	-3.881245e-06	-5.216659e-09	-2.726029e+01	-3.108515e+02
2.760000e-06	-4.015787e-06	-5.812599e-09	-2.820526e+01	-3.461661e+02
2.770000e-06	-4.148890e-06	-6.381051e-09	-2.914013e+01	-3.799500e+02
2.780000e-06	-4.280524e-06	-6.919410e-09	-3.006467e+01	-4.120746e+02
2.790000e-06	-4.410700e-06	-7.428817e-09	-3.097897e+01	-4.424826e+02
2.800000e-06	-4.539371e-06	-7.910141e-09	-3.188270e+01	-4.711694e+02
2.810000e-06	-4.666364e-06	-8.363660e-09	-3.277465e+01	-4.981631e+02
2.820000e-06	-4.791652e-06	-8.790102e-09	-3.365463e+01	-5.235079e+02
2.830000e-06	-4.915292e-06	-9.191804e-09	-3.452302e+01	-5.472541e+02
2.840000e-06	-5.037277e-06	-9.569527e-09	-3.537979e+01	-5.694555e+02
2.850000e-06	-5.157403e-06	-9.920824e-09	-3.622351e+01	-5.901717e+02
2.860000e-06	-5.275466e-06	-1.024569e-08	-3.705274e+01	-6.094710e+02
2.870000e-06	-5.391436e-06	-1.054726e-08	-3.786727e+01	-6.274331e+02
2.880000e-06	-5.505242e-06	-1.082912e-08	-3.866659e+01	-6.441474e+02
2.890000e-06	-5.616797e-06	-1.109113e-08	-3.945011e+01	-6.597077e+02
2.900000e-06	-5.726244e-06	-1.133496e-08	-4.021882e+01	-6.742061e+02
2.910000e-06	-5.833790e-06	-1.156426e-08	-4.097418e+01	-6.877258e+02
2.920000e-06	-5.939430e-06	-1.177901e-08	-4.171615e+01	-7.003381e+02
2.930000e-06	-6.042939e-06	-1.197804e-08	-4.244316e+01	-7.121009e+02
2.940000e-06	-6.144146e-06	-1.216050e-08	-4.315399e+01	-7.230627e+02
2.950000e-06	-6.243171e-06	-1.232943e-08	-4.384951e+01	-7.332661e+02
2.960000e-06	-6.340133e-06	-1.248909e-08	-4.453053e+01	-7.427531e+02
2.970000e-06	-6.434890e-06	-1.263921e-08	-4.519606e+01	-7.515678e+02
2.980000e-06	-6.527285e-06	-1.277884e-08	-4.584501e+01	-7.597569e+02
2.990000e-06	-6.617420e-06	-1.290924e-08	-4.647808e+01	-7.673690e+02
3.000000e-06	-6.705250e-06	-1.303161e-08	-4.709496e+01	-7.744517e+02
3.010000e-06	-6.790571e-06	-1.314387e-08	-4.769422e+01	-7.810492e+02
3.020000e-06	-6.873512e-06	-1.324553e-08	-4.827677e+01	-7.872012e+02
3.030000e-06	-6.954149e-06	-1.333901e-08	-4.884313e+01	-7.929420e+02
3.040000e-06	-7.032154e-06	-1.342996e-08	-4.939100e+01	-7.983016e+02
3.050000e-06	-7.107390e-06	-1.351573e-08	-4.991943e+01	-8.033067e+02
3.060000e-06	-7.180037e-06	-1.359436e-08	-5.042968e+01	-8.079819e+02
3.070000e-06	-7.250072e-06	-1.366839e-08	-5.092157e+01	-8.123500e+02
3.080000e-06	-7.317493e-06	-1.373867e-08	-5.139511e+01	-8.164325e+02
3.090000e-06	-7.382407e-06	-1.380269e-08	-5.185104e+01	-8.202486e+02
3.100000e-06	-7.444703e-06	-1.386227e-08	-5.228858e+01	-8.238152e+02
3.110000e-06	-7.504335e-06	-1.391712e-08	-5.270741e+01	-8.271462e+02
3.120000e-06	-7.561287e-06	-1.396775e-08	-5.310742e+01	-8.302522e+02
3.130000e-06	-7.615378e-06	-1.401693e-08	-5.348734e+01	-8.331409e+02
3.140000e-06	-7.666532e-06	-1.406472e-08	-5.384662e+01	-8.358172e+02
3.150000e-06	-7.714604e-06	-1.410672e-08	-5.418426e+01	-8.382843e+02
3.160000e-06	-7.759821e-06	-1.414427e-08	-5.450185e+01	-8.405449e+02
3.170000e-06	-7.802583e-06	-1.418010e-08	-5.480219e+01	-8.426025e+02
3.180000e-06	-7.842750e-06	-1.421001e-08	-5.508431e+01	-8.444635e+02
3.190000e-06	-7.880106e-06	-1.423563e-08	-5.534667e+01	-8.461375e+02
3.200000e-06	-7.914749e-06	-1.426001e-08	-5.558999e+01	-8.476379e+02
3.210000e-06	-7.946655e-06	-1.428550e-08	-5.581409e+01	-8.489796e+02
3.220000e-06	-7.975591e-06	-1.430969e-08	-5.601733e+01	-8.501774e+02
3.230000e-06	-8.001683e-06	-1.432970e-08	-5.620059e+01	-8.512420e+02
3.240000e-06	-8.024999e-06	-1.434558e-08	-5.636435e+01	-8.521781e+02
3.250000e-06	-8.045454e-06	-1.435987e-08	-5.650802e+01	-8.529838e+02
3.260000e-06	-8.063134e-06	-1.436980e-08	-5.663219e+01	-8.536522e+02
3.270000e-06	-8.077873e-06	-1.437615e-08	-5.673571e+01	-8.541757e+02
3.280000e-06	-8.089453e-06	-1.438061e-08	-5.681705e+01	-8.545505e+02
3.290000e-06	-8.098103e-06	-1.438815e-08	-5.687780e+01	-8.547813e+02
3.300000e-06	-8.103822e-06	-1.439559e-08	-5.691797e+01	-8.548818e+02
3.310000e-06	-8.106612e-06	-1.440345e-08	-5.693757e+01	-8.548732e+02
