# Temperatura_=_36.3
# Concentracion g/m^3_=_11780.0
# C_Vs_to_Am_M_A/Vsm_=_59384043850.047264
# pendiente_HvsI_1/m_=_3716.3
# ordenada_HvsI_A/m_=_1297.0
# frecuencia_Hz_=_301495.9865094972

Tiempo_(s)	Campo_(V.s)	Magnetizacion_(V.s)	Campo_(kA/m)	Magnetizacion_(A/m)
0.000000e+00	-8.146094e-06	-1.429867e-08	-5.692672e+01	-8.491902e+02
1.000000e-08	-8.142236e-06	-1.428867e-08	-5.689976e+01	-8.489471e+02
2.000000e-08	-8.135731e-06	-1.427975e-08	-5.685430e+01	-8.486081e+02
3.000000e-08	-8.126449e-06	-1.427114e-08	-5.678943e+01	-8.481847e+02
4.000000e-08	-8.114298e-06	-1.426158e-08	-5.670452e+01	-8.476802e+02
5.000000e-08	-8.099238e-06	-1.425284e-08	-5.659927e+01	-8.470878e+02
6.000000e-08	-8.081374e-06	-1.425232e-08	-5.647443e+01	-8.463940e+02
7.000000e-08	-8.061001e-06	-1.424402e-08	-5.633207e+01	-8.455840e+02
8.000000e-08	-8.037785e-06	-1.419704e-08	-5.616983e+01	-8.446489e+02
9.000000e-08	-8.011170e-06	-1.417299e-08	-5.598384e+01	-8.435917e+02
1.000000e-07	-7.981388e-06	-1.417748e-08	-5.577572e+01	-8.424273e+02
1.100000e-07	-7.948830e-06	-1.416268e-08	-5.554819e+01	-8.411787e+02
1.200000e-07	-7.913578e-06	-1.412635e-08	-5.530184e+01	-8.398689e+02
1.300000e-07	-7.875997e-06	-1.411463e-08	-5.503922e+01	-8.385118e+02
1.400000e-07	-7.836335e-06	-1.412326e-08	-5.476205e+01	-8.371062e+02
1.500000e-07	-7.794086e-06	-1.404902e-08	-5.446681e+01	-8.356350e+02
1.600000e-07	-7.748897e-06	-1.405670e-08	-5.415101e+01	-8.340706e+02
1.700000e-07	-7.700981e-06	-1.401242e-08	-5.381617e+01	-8.323840e+02
1.800000e-07	-7.649996e-06	-1.394949e-08	-5.345988e+01	-8.305546e+02
1.900000e-07	-7.595868e-06	-1.396440e-08	-5.308161e+01	-8.285772e+02
2.000000e-07	-7.539012e-06	-1.389676e-08	-5.268429e+01	-8.264629e+02
2.100000e-07	-7.479439e-06	-1.387247e-08	-5.226798e+01	-8.242331e+02
2.200000e-07	-7.417235e-06	-1.382409e-08	-5.183329e+01	-8.219111e+02
2.300000e-07	-7.352382e-06	-1.379696e-08	-5.138008e+01	-8.195116e+02
2.400000e-07	-7.284734e-06	-1.376701e-08	-5.090734e+01	-8.170348e+02
2.500000e-07	-7.214390e-06	-1.369881e-08	-5.041576e+01	-8.144667e+02
2.600000e-07	-7.141407e-06	-1.366010e-08	-4.990574e+01	-8.117848e+02
2.700000e-07	-7.065621e-06	-1.361938e-08	-4.937613e+01	-8.089672e+02
2.800000e-07	-6.987026e-06	-1.358277e-08	-4.882689e+01	-8.060027e+02
2.900000e-07	-6.905830e-06	-1.350986e-08	-4.825948e+01	-8.028945e+02
3.000000e-07	-6.822213e-06	-1.345177e-08	-4.767514e+01	-7.996602e+02
3.100000e-07	-6.736287e-06	-1.341046e-08	-4.707467e+01	-7.963237e+02
3.200000e-07	-6.648041e-06	-1.334791e-08	-4.645799e+01	-7.929055e+02
3.300000e-07	-6.557420e-06	-1.329413e-08	-4.582471e+01	-7.894139e+02
3.400000e-07	-6.464469e-06	-1.323328e-08	-4.517514e+01	-7.858410e+02
3.500000e-07	-6.369226e-06	-1.317299e-08	-4.450957e+01	-7.821643e+02
3.600000e-07	-6.271662e-06	-1.310890e-08	-4.382777e+01	-7.783552e+02
3.700000e-07	-6.171776e-06	-1.303706e-08	-4.312974e+01	-7.743889e+02
3.800000e-07	-6.069642e-06	-1.296247e-08	-4.241601e+01	-7.702532e+02
3.900000e-07	-5.965311e-06	-1.288891e-08	-4.168692e+01	-7.659513e+02
4.000000e-07	-5.858773e-06	-1.282618e-08	-4.094241e+01	-7.614996e+02
4.100000e-07	-5.750120e-06	-1.275286e-08	-4.018312e+01	-7.569190e+02
4.200000e-07	-5.639454e-06	-1.267482e-08	-3.940976e+01	-7.522256e+02
4.300000e-07	-5.526745e-06	-1.259399e-08	-3.862213e+01	-7.474232e+02
4.400000e-07	-5.411898e-06	-1.251300e-08	-3.781955e+01	-7.425013e+02
4.500000e-07	-5.294915e-06	-1.242595e-08	-3.700204e+01	-7.374394e+02
4.600000e-07	-5.175919e-06	-1.233393e-08	-3.617047e+01	-7.322150e+02
4.700000e-07	-5.055087e-06	-1.224530e-08	-3.532607e+01	-7.268131e+02
4.800000e-07	-4.932410e-06	-1.215544e-08	-3.446877e+01	-7.212318e+02
4.900000e-07	-4.807903e-06	-1.206320e-08	-3.359870e+01	-7.154833e+02
5.000000e-07	-4.681724e-06	-1.196448e-08	-3.271693e+01	-7.095876e+02
5.100000e-07	-4.553921e-06	-1.186328e-08	-3.182381e+01	-7.035639e+02
5.200000e-07	-4.424515e-06	-1.176045e-08	-3.091950e+01	-6.974213e+02
5.300000e-07	-4.293398e-06	-1.165386e-08	-3.000322e+01	-6.911539e+02
5.400000e-07	-4.160656e-06	-1.154305e-08	-2.907559e+01	-6.847411e+02
5.500000e-07	-4.026518e-06	-1.142996e-08	-2.813820e+01	-6.781548e+02
5.600000e-07	-3.890861e-06	-1.131909e-08	-2.719020e+01	-6.713677e+02
5.700000e-07	-3.753768e-06	-1.120451e-08	-2.623216e+01	-6.643630e+02
5.800000e-07	-3.615302e-06	-1.108330e-08	-2.526454e+01	-6.571379e+02
5.900000e-07	-3.475425e-06	-1.095972e-08	-2.428704e+01	-6.497026e+02
6.000000e-07	-3.334124e-06	-1.083557e-08	-2.329960e+01	-6.420740e+02
6.100000e-07	-3.191450e-06	-1.070620e-08	-2.230256e+01	-6.342661e+02
6.200000e-07	-3.047567e-06	-1.056859e-08	-2.129708e+01	-6.262837e+02
6.300000e-07	-2.902563e-06	-1.042967e-08	-2.028375e+01	-6.181187e+02
6.400000e-07	-2.756527e-06	-1.029021e-08	-1.926322e+01	-6.097525e+02
6.500000e-07	-2.609516e-06	-1.014987e-08	-1.823588e+01	-6.011625e+02
6.600000e-07	-2.461660e-06	-1.000218e-08	-1.720263e+01	-5.923297e+02
6.700000e-07	-2.313047e-06	-9.849094e-09	-1.616408e+01	-5.832437e+02
6.800000e-07	-2.163614e-06	-9.690582e-09	-1.511982e+01	-5.739036e+02
6.900000e-07	-2.013392e-06	-9.528988e-09	-1.407003e+01	-5.643135e+02
7.000000e-07	-1.862544e-06	-9.364959e-09	-1.301587e+01	-5.544761e+02
7.100000e-07	-1.711075e-06	-9.193718e-09	-1.195737e+01	-5.443855e+02
7.200000e-07	-1.558904e-06	-9.018180e-09	-1.089397e+01	-5.340246e+02
7.300000e-07	-1.406154e-06	-8.838424e-09	-9.826518e+00	-5.233662e+02
7.400000e-07	-1.252976e-06	-8.656558e-09	-8.756073e+00	-5.123799e+02
7.500000e-07	-1.099315e-06	-8.466995e-09	-7.682258e+00	-5.010393e+02
7.600000e-07	-9.451558e-07	-8.268795e-09	-6.604959e+00	-4.893279e+02
7.700000e-07	-7.906063e-07	-8.062682e-09	-5.524932e+00	-4.772400e+02
7.800000e-07	-6.357697e-07	-7.852725e-09	-4.442900e+00	-4.647747e+02
7.900000e-07	-4.806897e-07	-7.639133e-09	-3.359167e+00	-4.519270e+02
8.000000e-07	-3.254205e-07	-7.415518e-09	-2.274111e+00	-4.386765e+02
8.100000e-07	-1.700301e-07	-7.180833e-09	-1.188208e+00	-4.249810e+02
8.200000e-07	-1.462665e-08	-6.940236e-09	-1.022143e-01	-4.107762e+02
8.300000e-07	1.407393e-07	-6.694954e-09	9.835176e-01	-3.959830e+02
8.400000e-07	2.960472e-07	-6.435707e-09	2.068844e+00	-3.805212e+02
8.500000e-07	4.512870e-07	-6.161599e-09	3.153694e+00	-3.643232e+02
8.600000e-07	6.063757e-07	-5.876012e-09	4.237488e+00	-3.473455e+02
8.700000e-07	7.612183e-07	-5.577588e-09	5.319563e+00	-3.295707e+02
8.800000e-07	9.157750e-07	-5.261857e-09	6.399639e+00	-3.110020e+02
8.900000e-07	1.069937e-06	-4.930861e-09	7.476961e+00	-2.916488e+02
9.000000e-07	1.223642e-06	-4.590255e-09	8.551079e+00	-2.715097e+02
9.100000e-07	1.376885e-06	-4.241138e-09	9.621979e+00	-2.505566e+02
9.200000e-07	1.529606e-06	-3.874391e-09	1.068922e+01	-2.287256e+02
9.300000e-07	1.681752e-06	-3.484514e-09	1.175246e+01	-2.059167e+02
9.400000e-07	1.833304e-06	-3.077795e-09	1.281153e+01	-1.820015e+02
9.500000e-07	1.984222e-06	-2.653162e-09	1.386618e+01	-1.568381e+02
9.600000e-07	2.134437e-06	-2.204720e-09	1.491592e+01	-1.302892e+02
9.700000e-07	2.283796e-06	-1.726913e-09	1.595968e+01	-1.022397e+02
9.800000e-07	2.432301e-06	-1.222831e-09	1.699746e+01	-7.261226e+01
9.900000e-07	2.579966e-06	-6.965449e-10	1.802938e+01	-4.138008e+01
1.000000e-06	2.726764e-06	-1.426220e-10	1.905523e+01	-8.576468e+00
1.010000e-06	2.872630e-06	4.393115e-10	2.007458e+01	2.569821e+01
1.020000e-06	3.017420e-06	1.041957e-09	2.108640e+01	6.127272e+01
1.030000e-06	3.161141e-06	1.657874e-09	2.209075e+01	9.790546e+01
1.040000e-06	3.303734e-06	2.289333e-09	2.308723e+01	1.352908e+02
1.050000e-06	3.445024e-06	2.933366e-09	2.407459e+01	1.730729e+02
1.060000e-06	3.584963e-06	3.576537e-09	2.505252e+01	2.108663e+02
1.070000e-06	3.723564e-06	4.206683e-09	2.602109e+01	2.482821e+02
1.080000e-06	3.860779e-06	4.820751e-09	2.697998e+01	2.849554e+02
1.090000e-06	3.996551e-06	5.419481e-09	2.792879e+01	3.205693e+02
1.100000e-06	4.130920e-06	5.996653e-09	2.886779e+01	3.548726e+02
1.110000e-06	4.263778e-06	6.548304e-09	2.979623e+01	3.876859e+02
1.120000e-06	4.395072e-06	7.075300e-09	3.071374e+01	4.188994e+02
1.130000e-06	4.524848e-06	7.577730e-09	3.162064e+01	4.484613e+02
1.140000e-06	4.653030e-06	8.051670e-09	3.251641e+01	4.763637e+02
1.150000e-06	4.779522e-06	8.494094e-09	3.340036e+01	5.026278e+02
1.160000e-06	4.904359e-06	8.904725e-09	3.427275e+01	5.272925e+02
1.170000e-06	5.027532e-06	9.290336e-09	3.513351e+01	5.504084e+02
1.180000e-06	5.148880e-06	9.653861e-09	3.598152e+01	5.720344e+02
1.190000e-06	5.268324e-06	9.993444e-09	3.681622e+01	5.922373e+02
1.200000e-06	5.385805e-06	1.030909e-08	3.763720e+01	6.110917e+02
1.210000e-06	5.501215e-06	1.060406e-08	3.844371e+01	6.286773e+02
1.220000e-06	5.614436e-06	1.088211e-08	3.923493e+01	6.450762e+02
1.230000e-06	5.725538e-06	1.113932e-08	4.001133e+01	6.603678e+02
1.240000e-06	5.834740e-06	1.137587e-08	4.077446e+01	6.746266e+02
1.250000e-06	5.941970e-06	1.159767e-08	4.152381e+01	6.879199e+02
1.260000e-06	6.046974e-06	1.180910e-08	4.225760e+01	7.003090e+02
1.270000e-06	6.149754e-06	1.200740e-08	4.297585e+01	7.118510e+02
1.280000e-06	6.250387e-06	1.218895e-08	4.367909e+01	7.226014e+02
1.290000e-06	6.348702e-06	1.235555e-08	4.436614e+01	7.326150e+02
1.300000e-06	6.444639e-06	1.250994e-08	4.503657e+01	7.419447e+02
1.310000e-06	6.538357e-06	1.265463e-08	4.569149e+01	7.506394e+02
1.320000e-06	6.629830e-06	1.278887e-08	4.633073e+01	7.587415e+02
1.330000e-06	6.718924e-06	1.291455e-08	4.695333e+01	7.662860e+02
1.340000e-06	6.805636e-06	1.303339e-08	4.755930e+01	7.733017e+02
1.350000e-06	6.890083e-06	1.314384e-08	4.814943e+01	7.798150e+02
1.360000e-06	6.972160e-06	1.324354e-08	4.872300e+01	7.858540e+02
1.370000e-06	7.051678e-06	1.333567e-08	4.927869e+01	7.914526e+02
1.380000e-06	7.128575e-06	1.342566e-08	4.981607e+01	7.966516e+02
1.390000e-06	7.202740e-06	1.351057e-08	5.033435e+01	8.014957e+02
1.400000e-06	7.274213e-06	1.358618e-08	5.083382e+01	8.060291e+02
1.410000e-06	7.343226e-06	1.365790e-08	5.131610e+01	8.102884e+02
1.420000e-06	7.409647e-06	1.372756e-08	5.178026e+01	8.142984e+02
1.430000e-06	7.473295e-06	1.378948e-08	5.222505e+01	8.180702e+02
1.440000e-06	7.534447e-06	1.384521e-08	5.265239e+01	8.216035e+02
1.450000e-06	7.593077e-06	1.390018e-08	5.306211e+01	8.248927e+02
1.460000e-06	7.648997e-06	1.395449e-08	5.345289e+01	8.279334e+02
1.470000e-06	7.701982e-06	1.400433e-08	5.382316e+01	8.307279e+02
1.480000e-06	7.751697e-06	1.404917e-08	5.417058e+01	8.332869e+02
1.490000e-06	7.798340e-06	1.408846e-08	5.449653e+01	8.356283e+02
1.500000e-06	7.842283e-06	1.412294e-08	5.480362e+01	8.377724e+02
1.510000e-06	7.883423e-06	1.415390e-08	5.509111e+01	8.397363e+02
1.520000e-06	7.921736e-06	1.418196e-08	5.535885e+01	8.415307e+02
1.530000e-06	7.957426e-06	1.420827e-08	5.560826e+01	8.431588e+02
1.540000e-06	7.990324e-06	1.423380e-08	5.583816e+01	8.446192e+02
1.550000e-06	8.020400e-06	1.425795e-08	5.604834e+01	8.459102e+02
1.560000e-06	8.047768e-06	1.427808e-08	5.623959e+01	8.470343e+02
1.570000e-06	8.072228e-06	1.429296e-08	5.641052e+01	8.479999e+02
1.580000e-06	8.093845e-06	1.430425e-08	5.656159e+01	8.488204e+02
1.590000e-06	8.112691e-06	1.431491e-08	5.669329e+01	8.495107e+02
1.600000e-06	8.128561e-06	1.432430e-08	5.680419e+01	8.500824e+02
1.610000e-06	8.141393e-06	1.433050e-08	5.689386e+01	8.505405e+02
1.620000e-06	8.151082e-06	1.433569e-08	5.696157e+01	8.508832e+02
1.630000e-06	8.157710e-06	1.434104e-08	5.700789e+01	8.511043e+02
1.640000e-06	8.161534e-06	1.434295e-08	5.703461e+01	8.511985e+02
1.650000e-06	8.162519e-06	1.434009e-08	5.704150e+01	8.511652e+02
1.660000e-06	8.160764e-06	1.434073e-08	5.702923e+01	8.510113e+02
1.670000e-06	8.156437e-06	1.433924e-08	5.699900e+01	8.507496e+02
1.680000e-06	8.149371e-06	1.433303e-08	5.694961e+01	8.503946e+02
1.690000e-06	8.139592e-06	1.432170e-08	5.688128e+01	8.499565e+02
1.700000e-06	8.127028e-06	1.430715e-08	5.679348e+01	8.494366e+02
1.710000e-06	8.111611e-06	1.429073e-08	5.668574e+01	8.488270e+02
1.720000e-06	8.093717e-06	1.426909e-08	5.656070e+01	8.481131e+02
1.730000e-06	8.073453e-06	1.429367e-08	5.641908e+01	8.472807e+02
1.740000e-06	8.050174e-06	1.429526e-08	5.625641e+01	8.463230e+02
1.750000e-06	8.023226e-06	1.425429e-08	5.606808e+01	8.452448e+02
1.760000e-06	7.992696e-06	1.422509e-08	5.585473e+01	8.440633e+02
1.770000e-06	7.959210e-06	1.420470e-08	5.562073e+01	8.428019e+02
1.780000e-06	7.923273e-06	1.414057e-08	5.536959e+01	8.414827e+02
1.790000e-06	7.885059e-06	1.413270e-08	5.510254e+01	8.401171e+02
1.800000e-06	7.844703e-06	1.416177e-08	5.482053e+01	8.387011e+02
1.810000e-06	7.801901e-06	1.406446e-08	5.452142e+01	8.372151e+02
1.820000e-06	7.756446e-06	1.409383e-08	5.420377e+01	8.356306e+02
1.830000e-06	7.708206e-06	1.406160e-08	5.386666e+01	8.339192e+02
1.840000e-06	7.656828e-06	1.401030e-08	5.350762e+01	8.320630e+02
1.850000e-06	7.602495e-06	1.400523e-08	5.312792e+01	8.300596e+02
1.860000e-06	7.545357e-06	1.390805e-08	5.272863e+01	8.279226e+02
1.870000e-06	7.485548e-06	1.392576e-08	5.231067e+01	8.256744e+02
1.880000e-06	7.423136e-06	1.386420e-08	5.187453e+01	8.233375e+02
1.890000e-06	7.357937e-06	1.383084e-08	5.141890e+01	8.209243e+02
1.900000e-06	7.290001e-06	1.380690e-08	5.094415e+01	8.184323e+02
1.910000e-06	7.219187e-06	1.372488e-08	5.044929e+01	8.158453e+02
1.920000e-06	7.145613e-06	1.370570e-08	4.993513e+01	8.131402e+02
1.930000e-06	7.069373e-06	1.363470e-08	4.940235e+01	8.102965e+02
1.940000e-06	6.990376e-06	1.360393e-08	4.885030e+01	8.073052e+02
1.950000e-06	6.908835e-06	1.353887e-08	4.828048e+01	8.041727e+02
1.960000e-06	6.824827e-06	1.348402e-08	4.769341e+01	8.009180e+02
1.970000e-06	6.738368e-06	1.345066e-08	4.708921e+01	7.975652e+02
1.980000e-06	6.649460e-06	1.336467e-08	4.646790e+01	7.941334e+02
1.990000e-06	6.558278e-06	1.331341e-08	4.583071e+01	7.906281e+02
2.000000e-06	6.464858e-06	1.324025e-08	4.517786e+01	7.870382e+02
2.010000e-06	6.369084e-06	1.319474e-08	4.450857e+01	7.833397e+02
2.020000e-06	6.271028e-06	1.312722e-08	4.382334e+01	7.795037e+02
2.030000e-06	6.170770e-06	1.306080e-08	4.312271e+01	7.755073e+02
2.040000e-06	6.068311e-06	1.299287e-08	4.240671e+01	7.713409e+02
2.050000e-06	5.963572e-06	1.291568e-08	4.167477e+01	7.670105e+02
2.060000e-06	5.856726e-06	1.284200e-08	4.092810e+01	7.625339e+02
2.070000e-06	5.747820e-06	1.274919e-08	4.016704e+01	7.579319e+02
2.080000e-06	5.636757e-06	1.267081e-08	3.939091e+01	7.532188e+02
2.090000e-06	5.523570e-06	1.259053e-08	3.859994e+01	7.483959e+02
2.100000e-06	5.408306e-06	1.251631e-08	3.779444e+01	7.434504e+02
2.110000e-06	5.291026e-06	1.242613e-08	3.697487e+01	7.383607e+02
2.120000e-06	5.171725e-06	1.233714e-08	3.614117e+01	7.331050e+02
2.130000e-06	5.050498e-06	1.224305e-08	3.529400e+01	7.276704e+02
2.140000e-06	4.927405e-06	1.214795e-08	3.443380e+01	7.220578e+02
2.150000e-06	4.802531e-06	1.204243e-08	3.356116e+01	7.162810e+02
2.160000e-06	4.675914e-06	1.194059e-08	3.267633e+01	7.103609e+02
2.170000e-06	4.547617e-06	1.184427e-08	3.177976e+01	7.043154e+02
2.180000e-06	4.417733e-06	1.174673e-08	3.087210e+01	6.981511e+02
2.190000e-06	4.286256e-06	1.164106e-08	2.995331e+01	6.918592e+02
2.200000e-06	4.153291e-06	1.152685e-08	2.902412e+01	6.854173e+02
2.210000e-06	4.018820e-06	1.141580e-08	2.808441e+01	6.787965e+02
2.220000e-06	3.882784e-06	1.130180e-08	2.713376e+01	6.719711e+02
2.230000e-06	3.745266e-06	1.118325e-08	2.617275e+01	6.649265e+02
2.240000e-06	3.606427e-06	1.105660e-08	2.520252e+01	6.576625e+02
2.250000e-06	3.466286e-06	1.093240e-08	2.422318e+01	6.501911e+02
2.260000e-06	3.324910e-06	1.080635e-08	2.323521e+01	6.425292e+02
2.270000e-06	3.182258e-06	1.067454e-08	2.223833e+01	6.346899e+02
2.280000e-06	3.038341e-06	1.053428e-08	2.123260e+01	6.266755e+02
2.290000e-06	2.893331e-06	1.039491e-08	2.021924e+01	6.184758e+02
2.300000e-06	2.747316e-06	1.025409e-08	1.919886e+01	6.100709e+02
2.310000e-06	2.600332e-06	1.010818e-08	1.817170e+01	6.014384e+02
2.320000e-06	2.452408e-06	9.954984e-09	1.713798e+01	5.925606e+02
2.330000e-06	2.303706e-06	9.801118e-09	1.609881e+01	5.834287e+02
2.340000e-06	2.154223e-06	9.645756e-09	1.505419e+01	5.740432e+02
2.350000e-06	2.003890e-06	9.486346e-09	1.400363e+01	5.644087e+02
2.360000e-06	1.852850e-06	9.317994e-09	1.294813e+01	5.545264e+02
2.370000e-06	1.701215e-06	9.143959e-09	1.188847e+01	5.443889e+02
2.380000e-06	1.548972e-06	8.968737e-09	1.082456e+01	5.339766e+02
2.390000e-06	1.396121e-06	8.787270e-09	9.756405e+00	5.232616e+02
2.400000e-06	1.242726e-06	8.600120e-09	8.684446e+00	5.122133e+02
2.410000e-06	1.088926e-06	8.407725e-09	7.609659e+00	5.008071e+02
2.420000e-06	9.347789e-07	8.213310e-09	6.532443e+00	4.890283e+02
2.430000e-06	7.803245e-07	8.008628e-09	5.453081e+00	4.768727e+02
2.440000e-06	6.255824e-07	7.794333e-09	4.371709e+00	4.643395e+02
2.450000e-06	4.705903e-07	7.575466e-09	3.288589e+00	4.514216e+02
2.460000e-06	3.154348e-07	7.352677e-09	2.204328e+00	4.380950e+02
2.470000e-06	1.601841e-07	7.122892e-09	1.119402e+00	4.243136e+02
2.480000e-06	4.909154e-09	6.880952e-09	3.430626e-02	4.100094e+02
2.490000e-06	-1.503136e-07	6.627331e-09	-1.050425e+00	3.951022e+02
2.500000e-06	-3.054644e-07	6.364620e-09	-2.134653e+00	3.795129e+02
2.510000e-06	-4.604868e-07	6.091551e-09	-3.217984e+00	3.631778e+02
2.520000e-06	-6.153037e-07	5.803529e-09	-4.299879e+00	3.460579e+02
2.530000e-06	-7.698947e-07	5.499406e-09	-5.380195e+00	3.281404e+02
2.540000e-06	-9.242357e-07	5.183589e-09	-6.458764e+00	3.094307e+02
2.550000e-06	-1.078283e-06	4.857861e-09	-7.535280e+00	2.899375e+02
2.560000e-06	-1.231913e-06	4.518580e-09	-8.608879e+00	2.696557e+02
2.570000e-06	-1.385016e-06	4.164157e-09	-9.678801e+00	2.485513e+02
2.580000e-06	-1.537575e-06	3.795830e-09	-1.074491e+01	2.265537e+02
2.590000e-06	-1.689568e-06	3.412336e-09	-1.180708e+01	2.035569e+02
2.600000e-06	-1.841008e-06	3.009118e-09	-1.286538e+01	1.794290e+02
2.610000e-06	-1.991811e-06	2.582608e-09	-1.391921e+01	1.540275e+02
2.620000e-06	-2.141852e-06	2.132211e-09	-1.496774e+01	1.272179e+02
2.630000e-06	-2.291070e-06	1.657930e-09	-1.601051e+01	9.889059e+01
2.640000e-06	-2.439421e-06	1.157168e-09	-1.704722e+01	6.897658e+01
2.650000e-06	-2.586983e-06	6.282507e-10	-1.807841e+01	3.745915e+01
2.660000e-06	-2.733686e-06	7.318553e-11	-1.910361e+01	4.383142e+00
2.670000e-06	-2.879331e-06	-5.031504e-10	-2.012141e+01	-3.013861e+01
2.680000e-06	-3.023935e-06	-1.101238e-09	-2.113193e+01	-6.592211e+01
2.690000e-06	-3.167488e-06	-1.720275e-09	-2.213511e+01	-1.027137e+02
2.700000e-06	-3.309819e-06	-2.350444e-09	-2.312975e+01	-1.401975e+02
2.710000e-06	-3.450915e-06	-2.984204e-09	-2.411576e+01	-1.780107e+02
2.720000e-06	-3.590705e-06	-3.617390e-09	-2.509265e+01	-2.157652e+02
2.730000e-06	-3.729111e-06	-4.245277e-09	-2.605986e+01	-2.530744e+02
2.740000e-06	-3.866167e-06	-4.859534e-09	-2.701763e+01	-2.895803e+02
2.750000e-06	-4.001778e-06	-5.452686e-09	-2.796531e+01	-3.249769e+02
2.760000e-06	-4.135911e-06	-6.023163e-09	-2.890267e+01	-3.590255e+02
2.770000e-06	-4.268560e-06	-6.571968e-09	-2.982965e+01	-3.915597e+02
2.780000e-06	-4.399717e-06	-7.095069e-09	-3.074620e+01	-4.224809e+02
2.790000e-06	-4.529338e-06	-7.588372e-09	-3.165202e+01	-4.517464e+02
2.800000e-06	-4.657384e-06	-8.052284e-09	-3.254683e+01	-4.793544e+02
2.810000e-06	-4.783782e-06	-8.490526e-09	-3.343013e+01	-5.053299e+02
2.820000e-06	-4.908496e-06	-8.903042e-09	-3.430166e+01	-5.297145e+02
2.830000e-06	-5.031505e-06	-9.288345e-09	-3.516127e+01	-5.525601e+02
2.840000e-06	-5.152724e-06	-9.648135e-09	-3.600838e+01	-5.739271e+02
2.850000e-06	-5.271983e-06	-9.984608e-09	-3.684179e+01	-5.938840e+02
2.860000e-06	-5.389111e-06	-1.029884e-08	-3.766031e+01	-6.125061e+02
2.870000e-06	-5.504064e-06	-1.059316e-08	-3.846362e+01	-6.298742e+02
2.880000e-06	-5.616788e-06	-1.086742e-08	-3.925136e+01	-6.460699e+02
2.890000e-06	-5.727298e-06	-1.112255e-08	-4.002363e+01	-6.611722e+02
2.900000e-06	-5.835787e-06	-1.136203e-08	-4.078178e+01	-6.752542e+02
2.910000e-06	-5.942404e-06	-1.158242e-08	-4.152684e+01	-6.883820e+02
2.920000e-06	-6.046975e-06	-1.178485e-08	-4.225761e+01	-7.006160e+02
2.930000e-06	-6.149284e-06	-1.197422e-08	-4.297256e+01	-7.120130e+02
2.940000e-06	-6.249315e-06	-1.215183e-08	-4.367160e+01	-7.226282e+02
2.950000e-06	-6.347226e-06	-1.231814e-08	-4.435583e+01	-7.325162e+02
2.960000e-06	-6.442974e-06	-1.247497e-08	-4.502494e+01	-7.417294e+02
2.970000e-06	-6.536410e-06	-1.262466e-08	-4.567789e+01	-7.503157e+02
2.980000e-06	-6.627552e-06	-1.276468e-08	-4.631480e+01	-7.583162e+02
2.990000e-06	-6.716474e-06	-1.289182e-08	-4.693622e+01	-7.657646e+02
3.000000e-06	-6.803008e-06	-1.300674e-08	-4.754093e+01	-7.726891e+02
3.010000e-06	-6.886989e-06	-1.311278e-08	-4.812781e+01	-7.791157e+02
3.020000e-06	-6.968571e-06	-1.321045e-08	-4.869792e+01	-7.850738e+02
3.030000e-06	-7.047665e-06	-1.330222e-08	-4.925065e+01	-7.905982e+02
3.040000e-06	-7.123985e-06	-1.338847e-08	-4.978399e+01	-7.957308e+02
3.050000e-06	-7.197594e-06	-1.347043e-08	-5.029839e+01	-8.005167e+02
3.060000e-06	-7.268658e-06	-1.354837e-08	-5.079500e+01	-8.049991e+02
3.070000e-06	-7.337137e-06	-1.362131e-08	-5.127354e+01	-8.092128e+02
3.080000e-06	-7.403040e-06	-1.368558e-08	-5.173409e+01	-8.131802e+02
3.090000e-06	-7.466300e-06	-1.374381e-08	-5.217616e+01	-8.169099e+02
3.100000e-06	-7.526867e-06	-1.380150e-08	-5.259942e+01	-8.204004e+02
3.110000e-06	-7.584795e-06	-1.385576e-08	-5.300424e+01	-8.236458e+02
3.120000e-06	-7.639944e-06	-1.390733e-08	-5.338963e+01	-8.266425e+02
3.130000e-06	-7.692151e-06	-1.395665e-08	-5.375446e+01	-8.293942e+02
3.140000e-06	-7.741246e-06	-1.400265e-08	-5.409755e+01	-8.319132e+02
3.150000e-06	-7.787350e-06	-1.404307e-08	-5.441973e+01	-8.342183e+02
3.160000e-06	-7.830931e-06	-1.407617e-08	-5.472429e+01	-8.363294e+02
3.170000e-06	-7.871996e-06	-1.410236e-08	-5.501125e+01	-8.382629e+02
3.180000e-06	-7.910229e-06	-1.412924e-08	-5.527844e+01	-8.400278e+02
3.190000e-06	-7.945699e-06	-1.415708e-08	-5.552631e+01	-8.416265e+02
3.200000e-06	-7.978506e-06	-1.418499e-08	-5.575557e+01	-8.430570e+02
3.210000e-06	-8.008372e-06	-1.421082e-08	-5.596429e+01	-8.443182e+02
3.220000e-06	-8.035296e-06	-1.423274e-08	-5.615243e+01	-8.454136e+02
3.230000e-06	-8.059460e-06	-1.425231e-08	-5.632130e+01	-8.463525e+02
3.240000e-06	-8.080731e-06	-1.426529e-08	-5.646994e+01	-8.471490e+02
3.250000e-06	-8.099163e-06	-1.427104e-08	-5.659875e+01	-8.478178e+02
3.260000e-06	-8.114780e-06	-1.427504e-08	-5.670789e+01	-8.483694e+02
3.270000e-06	-8.127237e-06	-1.428189e-08	-5.679494e+01	-8.488075e+02
3.280000e-06	-8.136597e-06	-1.429092e-08	-5.686035e+01	-8.491293e+02
3.290000e-06	-8.143063e-06	-1.429826e-08	-5.690554e+01	-8.493285e+02
3.300000e-06	-8.146681e-06	-1.430460e-08	-5.693082e+01	-8.494000e+02
3.310000e-06	-8.147577e-06	-1.430759e-08	-5.693708e+01	-8.493448e+02
