# Temperatura_=_66.27
# Concentracion g/m^3_=_11780.0
# C_Vs_to_Am_M_A/Vsm_=_59384043850.047264
# pendiente_HvsI_1/m_=_3716.3
# ordenada_HvsI_A/m_=_1297.0
# frecuencia_Hz_=_301502.78964983165

Tiempo_(s)	Campo_(V.s)	Magnetizacion_(V.s)	Campo_(kA/m)	Magnetizacion_(A/m)
0.000000e+00	-8.123503e-06	-1.494097e-08	-5.692780e+01	-8.880028e+02
1.000000e-08	-8.119951e-06	-1.493581e-08	-5.690291e+01	-8.877740e+02
2.000000e-08	-8.113736e-06	-1.493059e-08	-5.685935e+01	-8.874396e+02
3.000000e-08	-8.104814e-06	-1.492431e-08	-5.679683e+01	-8.870038e+02
4.000000e-08	-8.093033e-06	-1.491606e-08	-5.671428e+01	-8.864678e+02
5.000000e-08	-8.078325e-06	-1.490474e-08	-5.661120e+01	-8.858275e+02
6.000000e-08	-8.060759e-06	-1.489564e-08	-5.648810e+01	-8.850742e+02
7.000000e-08	-8.040735e-06	-1.488922e-08	-5.634778e+01	-8.841982e+02
8.000000e-08	-8.018066e-06	-1.485310e-08	-5.618892e+01	-8.831935e+02
9.000000e-08	-7.991981e-06	-1.481993e-08	-5.600612e+01	-8.820618e+02
1.000000e-07	-7.962606e-06	-1.481227e-08	-5.580027e+01	-8.808144e+02
1.100000e-07	-7.930498e-06	-1.480116e-08	-5.557526e+01	-8.794692e+02
1.200000e-07	-7.895720e-06	-1.477455e-08	-5.533154e+01	-8.780454e+02
1.300000e-07	-7.858558e-06	-1.474912e-08	-5.507112e+01	-8.765560e+02
1.400000e-07	-7.819350e-06	-1.474594e-08	-5.479636e+01	-8.750021e+02
1.500000e-07	-7.777651e-06	-1.469956e-08	-5.450414e+01	-8.733714e+02
1.600000e-07	-7.732968e-06	-1.468378e-08	-5.419101e+01	-8.716411e+02
1.700000e-07	-7.685511e-06	-1.464396e-08	-5.385844e+01	-8.697855e+02
1.800000e-07	-7.635045e-06	-1.457953e-08	-5.350479e+01	-8.677847e+02
1.900000e-07	-7.581451e-06	-1.456641e-08	-5.312921e+01	-8.656314e+02
2.000000e-07	-7.525111e-06	-1.452349e-08	-5.273439e+01	-8.633329e+02
2.100000e-07	-7.466051e-06	-1.448861e-08	-5.232052e+01	-8.609075e+02
2.200000e-07	-7.404346e-06	-1.443953e-08	-5.188810e+01	-8.583769e+02
2.300000e-07	-7.339983e-06	-1.440424e-08	-5.143706e+01	-8.557568e+02
2.400000e-07	-7.272893e-06	-1.437310e-08	-5.096690e+01	-8.530506e+02
2.500000e-07	-7.203137e-06	-1.430742e-08	-5.047807e+01	-8.502475e+02
2.600000e-07	-7.130645e-06	-1.425156e-08	-4.997006e+01	-8.473268e+02
2.700000e-07	-7.055354e-06	-1.420073e-08	-4.944243e+01	-8.442662e+02
2.800000e-07	-6.977296e-06	-1.416320e-08	-4.889542e+01	-8.410508e+02
2.900000e-07	-6.896519e-06	-1.410657e-08	-4.832936e+01	-8.376788e+02
3.000000e-07	-6.813302e-06	-1.403664e-08	-4.774619e+01	-8.341620e+02
3.100000e-07	-6.727876e-06	-1.398058e-08	-4.714754e+01	-8.305205e+02
3.200000e-07	-6.640216e-06	-1.392144e-08	-4.653323e+01	-8.267735e+02
3.300000e-07	-6.550155e-06	-1.386079e-08	-4.590211e+01	-8.229309e+02
3.400000e-07	-6.457748e-06	-1.378581e-08	-4.525454e+01	-8.189883e+02
3.500000e-07	-6.363061e-06	-1.371747e-08	-4.459099e+01	-8.149279e+02
3.600000e-07	-6.265957e-06	-1.365450e-08	-4.391051e+01	-8.107249e+02
3.700000e-07	-6.166519e-06	-1.358081e-08	-4.321367e+01	-8.063576e+02
3.800000e-07	-6.064956e-06	-1.349739e-08	-4.250193e+01	-8.018153e+02
3.900000e-07	-5.961196e-06	-1.341238e-08	-4.177481e+01	-7.971028e+02
4.000000e-07	-5.855181e-06	-1.334157e-08	-4.103188e+01	-7.922375e+02
4.100000e-07	-5.747116e-06	-1.326262e-08	-4.027458e+01	-7.872422e+02
4.200000e-07	-5.637072e-06	-1.317307e-08	-3.950341e+01	-7.821346e+02
4.300000e-07	-5.525017e-06	-1.308345e-08	-3.871816e+01	-7.769200e+02
4.400000e-07	-5.410745e-06	-1.300041e-08	-3.791736e+01	-7.715876e+02
4.500000e-07	-5.294223e-06	-1.291333e-08	-3.710080e+01	-7.661152e+02
4.600000e-07	-5.175766e-06	-1.281459e-08	-3.627068e+01	-7.604768e+02
4.700000e-07	-5.055504e-06	-1.271292e-08	-3.542791e+01	-7.546536e+02
4.800000e-07	-4.933369e-06	-1.261336e-08	-3.457201e+01	-7.486405e+02
4.900000e-07	-4.809403e-06	-1.251463e-08	-3.370329e+01	-7.424480e+02
5.000000e-07	-4.683790e-06	-1.240591e-08	-3.282301e+01	-7.360965e+02
5.100000e-07	-4.556646e-06	-1.229307e-08	-3.193202e+01	-7.296075e+02
5.200000e-07	-4.427897e-06	-1.218809e-08	-3.102977e+01	-7.229926e+02
5.300000e-07	-4.297381e-06	-1.208365e-08	-3.011514e+01	-7.162477e+02
5.400000e-07	-4.165198e-06	-1.196551e-08	-2.918883e+01	-7.093525e+02
5.500000e-07	-4.031585e-06	-1.183776e-08	-2.825250e+01	-7.022769e+02
5.600000e-07	-3.896623e-06	-1.171572e-08	-2.730671e+01	-6.949912e+02
5.700000e-07	-3.760268e-06	-1.159395e-08	-2.635117e+01	-6.874756e+02
5.800000e-07	-3.622421e-06	-1.146452e-08	-2.538517e+01	-6.797264e+02
5.900000e-07	-3.483077e-06	-1.132800e-08	-2.440867e+01	-6.717544e+02
6.000000e-07	-3.342327e-06	-1.119296e-08	-2.342233e+01	-6.635785e+02
6.100000e-07	-3.200174e-06	-1.105932e-08	-2.242615e+01	-6.552155e+02
6.200000e-07	-3.056685e-06	-1.091510e-08	-2.142060e+01	-6.466714e+02
6.300000e-07	-2.912117e-06	-1.076301e-08	-2.040750e+01	-6.379374e+02
6.400000e-07	-2.766550e-06	-1.061114e-08	-1.938740e+01	-6.289922e+02
6.500000e-07	-2.619976e-06	-1.046316e-08	-1.836024e+01	-6.198092e+02
6.600000e-07	-2.472581e-06	-1.030796e-08	-1.732733e+01	-6.103661e+02
6.700000e-07	-2.324449e-06	-1.014164e-08	-1.628925e+01	-6.006512e+02
6.800000e-07	-2.175573e-06	-9.969925e-09	-1.524596e+01	-5.906648e+02
6.900000e-07	-2.025929e-06	-9.800260e-09	-1.419728e+01	-5.804149e+02
7.000000e-07	-1.875604e-06	-9.627899e-09	-1.314384e+01	-5.699081e+02
7.100000e-07	-1.724682e-06	-9.444438e-09	-1.208621e+01	-5.591411e+02
7.200000e-07	-1.573169e-06	-9.255766e-09	-1.102444e+01	-5.480959e+02
7.300000e-07	-1.421055e-06	-9.067601e-09	-9.958455e+00	-5.367413e+02
7.400000e-07	-1.268339e-06	-8.875390e-09	-8.888256e+00	-5.250401e+02
7.500000e-07	-1.115108e-06	-8.671203e-09	-7.814443e+00	-5.129592e+02
7.600000e-07	-9.614181e-07	-8.457791e-09	-6.737415e+00	-5.004774e+02
7.700000e-07	-8.073032e-07	-8.240437e-09	-5.657411e+00	-4.875873e+02
7.800000e-07	-6.528448e-07	-8.020151e-09	-4.574999e+00	-4.742898e+02
7.900000e-07	-4.981553e-07	-7.789882e-09	-3.490968e+00	-4.605818e+02
8.000000e-07	-3.433762e-07	-7.548399e-09	-2.406308e+00	-4.464433e+02
8.100000e-07	-1.885027e-07	-7.300571e-09	-1.320987e+00	-4.318274e+02
8.200000e-07	-3.347753e-08	-7.047030e-09	-2.346035e-01	-4.166596e+02
8.300000e-07	1.215844e-07	-6.782368e-09	8.520377e-01	-4.008473e+02
8.400000e-07	2.765679e-07	-6.500292e-09	1.938130e+00	-3.842965e+02
8.500000e-07	4.314471e-07	-6.206316e-09	3.023490e+00	-3.669303e+02
8.600000e-07	5.862021e-07	-5.902228e-09	4.107981e+00	-3.487028e+02
8.700000e-07	7.407108e-07	-5.580639e-09	5.190745e+00	-3.296018e+02
8.800000e-07	8.949181e-07	-5.238500e-09	6.271398e+00	-3.096383e+02
8.900000e-07	1.048777e-06	-4.884180e-09	7.349609e+00	-2.888264e+02
9.000000e-07	1.202178e-06	-4.522149e-09	8.424611e+00	-2.671578e+02
9.100000e-07	1.355101e-06	-4.145753e-09	9.496265e+00	-2.445805e+02
9.200000e-07	1.507461e-06	-3.746780e-09	1.056397e+01	-2.209875e+02
9.300000e-07	1.659200e-06	-3.324069e-09	1.162732e+01	-1.962208e+02
9.400000e-07	1.810346e-06	-2.882851e-09	1.268653e+01	-1.700891e+02
9.500000e-07	1.960832e-06	-2.415950e-09	1.374110e+01	-1.423946e+02
9.600000e-07	2.110632e-06	-1.915198e-09	1.479086e+01	-1.129645e+02
9.700000e-07	2.259719e-06	-1.380594e-09	1.583564e+01	-8.167760e+01
9.800000e-07	2.407987e-06	-8.173196e-10	1.687467e+01	-4.848475e+01
9.900000e-07	2.555453e-06	-2.260078e-10	1.790808e+01	-1.341937e+01
1.000000e-06	2.702141e-06	3.977058e-10	1.893603e+01	2.339941e+01
1.010000e-06	2.847844e-06	1.049639e-09	1.995709e+01	6.176902e+01
1.020000e-06	2.992467e-06	1.718240e-09	2.097058e+01	1.014090e+02
1.030000e-06	3.135968e-06	2.400337e-09	2.197621e+01	1.419689e+02
1.040000e-06	3.278267e-06	3.097169e-09	2.297341e+01	1.830402e+02
1.050000e-06	3.419348e-06	3.799189e-09	2.396207e+01	2.241733e+02
1.060000e-06	3.559132e-06	4.490073e-09	2.494165e+01	2.649014e+02
1.070000e-06	3.697599e-06	5.160644e-09	2.591200e+01	3.047706e+02
1.080000e-06	3.834618e-06	5.810158e-09	2.687219e+01	3.433723e+02
1.090000e-06	3.970102e-06	6.433125e-09	2.782164e+01	3.803727e+02
1.100000e-06	4.104207e-06	7.022136e-09	2.876142e+01	4.155332e+02
1.110000e-06	4.236843e-06	7.576915e-09	2.969090e+01	4.487180e+02
1.120000e-06	4.367945e-06	8.101866e-09	3.060964e+01	4.798851e+02
1.130000e-06	4.497518e-06	8.596618e-09	3.151766e+01	5.090670e+02
1.140000e-06	4.625426e-06	9.058576e-09	3.241401e+01	5.363430e+02
1.150000e-06	4.751668e-06	9.486792e-09	3.329869e+01	5.618121e+02
1.160000e-06	4.876307e-06	9.884403e-09	3.417213e+01	5.855737e+02
1.170000e-06	4.999289e-06	1.025555e-08	3.503396e+01	6.077168e+02
1.180000e-06	5.120443e-06	1.060019e-08	3.588299e+01	6.283203e+02
1.190000e-06	5.239717e-06	1.091805e-08	3.671884e+01	6.474598e+02
1.200000e-06	5.357126e-06	1.121430e-08	3.754161e+01	6.652159e+02
1.210000e-06	5.472460e-06	1.149215e-08	3.834985e+01	6.816798e+02
1.220000e-06	5.585591e-06	1.175174e-08	3.914265e+01	6.969534e+02
1.230000e-06	5.696641e-06	1.199067e-08	3.992086e+01	7.111429e+02
1.240000e-06	5.805742e-06	1.221116e-08	4.068542e+01	7.243500e+02
1.250000e-06	5.912836e-06	1.241761e-08	4.143591e+01	7.366637e+02
1.260000e-06	6.017820e-06	1.261188e-08	4.217161e+01	7.481548e+02
1.270000e-06	6.120622e-06	1.279273e-08	4.289203e+01	7.588766e+02
1.280000e-06	6.221177e-06	1.295964e-08	4.359670e+01	7.688695e+02
1.290000e-06	6.319474e-06	1.311651e-08	4.428554e+01	7.781687e+02
1.300000e-06	6.415422e-06	1.326197e-08	4.495793e+01	7.868105e+02
1.310000e-06	6.509119e-06	1.339502e-08	4.561453e+01	7.948363e+02
1.320000e-06	6.600618e-06	1.351786e-08	4.625574e+01	8.022922e+02
1.330000e-06	6.689757e-06	1.363443e-08	4.688041e+01	8.092263e+02
1.340000e-06	6.776547e-06	1.374594e-08	4.748862e+01	8.156847e+02
1.350000e-06	6.861094e-06	1.384859e-08	4.808110e+01	8.217082e+02
1.360000e-06	6.943223e-06	1.394090e-08	4.865665e+01	8.273320e+02
1.370000e-06	7.022808e-06	1.402734e-08	4.921436e+01	8.325863e+02
1.380000e-06	7.099880e-06	1.411121e-08	4.975447e+01	8.374996e+02
1.390000e-06	7.174233e-06	1.419030e-08	5.027551e+01	8.420997e+02
1.400000e-06	7.245857e-06	1.426251e-08	5.077744e+01	8.464142e+02
1.410000e-06	7.314933e-06	1.433295e-08	5.126151e+01	8.504684e+02
1.420000e-06	7.381385e-06	1.440161e-08	5.172719e+01	8.542825e+02
1.430000e-06	7.445176e-06	1.446172e-08	5.217423e+01	8.578690e+02
1.440000e-06	7.506447e-06	1.451439e-08	5.260360e+01	8.612326e+02
1.450000e-06	7.565153e-06	1.456734e-08	5.301500e+01	8.643722e+02
1.460000e-06	7.621128e-06	1.461926e-08	5.340726e+01	8.672852e+02
1.470000e-06	7.674169e-06	1.466573e-08	5.377896e+01	8.699725e+02
1.480000e-06	7.724030e-06	1.470820e-08	5.412838e+01	8.724417e+02
1.490000e-06	7.770911e-06	1.474791e-08	5.445691e+01	8.747076e+02
1.500000e-06	7.815088e-06	1.478442e-08	5.476649e+01	8.767893e+02
1.510000e-06	7.856427e-06	1.481526e-08	5.505619e+01	8.787055e+02
1.520000e-06	7.894981e-06	1.484062e-08	5.532637e+01	8.804700e+02
1.530000e-06	7.930929e-06	1.486643e-08	5.557828e+01	8.820884e+02
1.540000e-06	7.964062e-06	1.489321e-08	5.581047e+01	8.835585e+02
1.550000e-06	7.994356e-06	1.491699e-08	5.602276e+01	8.848731e+02
1.560000e-06	8.021926e-06	1.493741e-08	5.621597e+01	8.860254e+02
1.570000e-06	8.046583e-06	1.495552e-08	5.638876e+01	8.870130e+02
1.580000e-06	8.068403e-06	1.497061e-08	5.654167e+01	8.878405e+02
1.590000e-06	8.087544e-06	1.498026e-08	5.667580e+01	8.885187e+02
1.600000e-06	8.103799e-06	1.498615e-08	5.678972e+01	8.890615e+02
1.610000e-06	8.117004e-06	1.499019e-08	5.688226e+01	8.894821e+02
1.620000e-06	8.127057e-06	1.499587e-08	5.695270e+01	8.897891e+02
1.630000e-06	8.134090e-06	1.500012e-08	5.700199e+01	8.899860e+02
1.640000e-06	8.138340e-06	1.500072e-08	5.703178e+01	8.900722e+02
1.650000e-06	8.139728e-06	1.499949e-08	5.704150e+01	8.900460e+02
1.660000e-06	8.138317e-06	1.500199e-08	5.703161e+01	8.899073e+02
1.670000e-06	8.134260e-06	1.499975e-08	5.700319e+01	8.896590e+02
1.680000e-06	8.127438e-06	1.499112e-08	5.695537e+01	8.893059e+02
1.690000e-06	8.117907e-06	1.498034e-08	5.688858e+01	8.888520e+02
1.700000e-06	8.105646e-06	1.496804e-08	5.680266e+01	8.882975e+02
1.710000e-06	8.090558e-06	1.495246e-08	5.669692e+01	8.876374e+02
1.720000e-06	8.072956e-06	1.492612e-08	5.657358e+01	8.868626e+02
1.730000e-06	8.053093e-06	1.493264e-08	5.643438e+01	8.859636e+02
1.740000e-06	8.030328e-06	1.493780e-08	5.627485e+01	8.849355e+02
1.750000e-06	8.003897e-06	1.491102e-08	5.608963e+01	8.837818e+02
1.760000e-06	7.973838e-06	1.487697e-08	5.587898e+01	8.825152e+02
1.770000e-06	7.940787e-06	1.485085e-08	5.564736e+01	8.811543e+02
1.780000e-06	7.905300e-06	1.480849e-08	5.539868e+01	8.797179e+02
1.790000e-06	7.867427e-06	1.478039e-08	5.513327e+01	8.782169e+02
1.800000e-06	7.827398e-06	1.478350e-08	5.485276e+01	8.766503e+02
1.810000e-06	7.785039e-06	1.471571e-08	5.455591e+01	8.750034e+02
1.820000e-06	7.740060e-06	1.470600e-08	5.424071e+01	8.732522e+02
1.830000e-06	7.692367e-06	1.469034e-08	5.390649e+01	8.713715e+02
1.840000e-06	7.641573e-06	1.464481e-08	5.355054e+01	8.693434e+02
1.850000e-06	7.587727e-06	1.462504e-08	5.317320e+01	8.671629e+02
1.860000e-06	7.530982e-06	1.455148e-08	5.277554e+01	8.648399e+02
1.870000e-06	7.471645e-06	1.453567e-08	5.235972e+01	8.623938e+02
1.880000e-06	7.409737e-06	1.448313e-08	5.192588e+01	8.598461e+02
1.890000e-06	7.344973e-06	1.442840e-08	5.147203e+01	8.572105e+02
1.900000e-06	7.277581e-06	1.440231e-08	5.099975e+01	8.544879e+02
1.910000e-06	7.207414e-06	1.433967e-08	5.050804e+01	8.516651e+02
1.920000e-06	7.134483e-06	1.430903e-08	4.999695e+01	8.487207e+02
1.930000e-06	7.058830e-06	1.423613e-08	4.946680e+01	8.456329e+02
1.940000e-06	6.980348e-06	1.418339e-08	4.891681e+01	8.423890e+02
1.950000e-06	6.899368e-06	1.412728e-08	4.834932e+01	8.389896e+02
1.960000e-06	6.816007e-06	1.406136e-08	4.776514e+01	8.354487e+02
1.970000e-06	6.730188e-06	1.401674e-08	4.716374e+01	8.317867e+02
1.980000e-06	6.641821e-06	1.393756e-08	4.654449e+01	8.280220e+02
1.990000e-06	6.551150e-06	1.388481e-08	4.590908e+01	8.241621e+02
2.000000e-06	6.458206e-06	1.380874e-08	4.525775e+01	8.201998e+02
2.010000e-06	6.362874e-06	1.374125e-08	4.458968e+01	8.161154e+02
2.020000e-06	6.265387e-06	1.366631e-08	4.390651e+01	8.118842e+02
2.030000e-06	6.165705e-06	1.359370e-08	4.320796e+01	8.074857e+02
2.040000e-06	6.063675e-06	1.352387e-08	4.249296e+01	8.029119e+02
2.050000e-06	5.959343e-06	1.343656e-08	4.176182e+01	7.981703e+02
2.060000e-06	5.852996e-06	1.335700e-08	4.101657e+01	7.932798e+02
2.070000e-06	5.744730e-06	1.326526e-08	4.025786e+01	7.882631e+02
2.080000e-06	5.634391e-06	1.318461e-08	3.948463e+01	7.831362e+02
2.090000e-06	5.521883e-06	1.309312e-08	3.869620e+01	7.779014e+02
2.100000e-06	5.407284e-06	1.300010e-08	3.789311e+01	7.725457e+02
2.110000e-06	5.290564e-06	1.290177e-08	3.707516e+01	7.670451e+02
2.120000e-06	5.171645e-06	1.280979e-08	3.624180e+01	7.613745e+02
2.130000e-06	5.050819e-06	1.271175e-08	3.539508e+01	7.555170e+02
2.140000e-06	4.928271e-06	1.260667e-08	3.453629e+01	7.494704e+02
2.150000e-06	4.803952e-06	1.250264e-08	3.366508e+01	7.432475e+02
2.160000e-06	4.677796e-06	1.239918e-08	3.278101e+01	7.368698e+02
2.170000e-06	4.549926e-06	1.229057e-08	3.188492e+01	7.303575e+02
2.180000e-06	4.420509e-06	1.217231e-08	3.097799e+01	7.237199e+02
2.190000e-06	4.289619e-06	1.205647e-08	3.006075e+01	7.169498e+02
2.200000e-06	4.157249e-06	1.194047e-08	2.913313e+01	7.100244e+02
2.210000e-06	4.023303e-06	1.182181e-08	2.819446e+01	7.029130e+02
2.220000e-06	3.887840e-06	1.169688e-08	2.724516e+01	6.955869e+02
2.230000e-06	3.750972e-06	1.157034e-08	2.628602e+01	6.880292e+02
2.240000e-06	3.612786e-06	1.144131e-08	2.531764e+01	6.802387e+02
2.250000e-06	3.473323e-06	1.130772e-08	2.434032e+01	6.722285e+02
2.260000e-06	3.332505e-06	1.116792e-08	2.335349e+01	6.640179e+02
2.270000e-06	3.190265e-06	1.102469e-08	2.235671e+01	6.556223e+02
2.280000e-06	3.046802e-06	1.087827e-08	2.135135e+01	6.470450e+02
2.290000e-06	2.902315e-06	1.072884e-08	2.033881e+01	6.382748e+02
2.300000e-06	2.756846e-06	1.057312e-08	1.931940e+01	6.292888e+02
2.310000e-06	2.610449e-06	1.041637e-08	1.829348e+01	6.200605e+02
2.320000e-06	2.463226e-06	1.025794e-08	1.726177e+01	6.105690e+02
2.330000e-06	2.315165e-06	1.009590e-08	1.622419e+01	6.008050e+02
2.340000e-06	2.166197e-06	9.926012e-09	1.518025e+01	5.907706e+02
2.350000e-06	2.016316e-06	9.751820e-09	1.412992e+01	5.804742e+02
2.360000e-06	1.865659e-06	9.573367e-09	1.307415e+01	5.699212e+02
2.370000e-06	1.714418e-06	9.389052e-09	1.201428e+01	5.591060e+02
2.380000e-06	1.562605e-06	9.199392e-09	1.095041e+01	5.480078e+02
2.390000e-06	1.410262e-06	9.005073e-09	9.882816e+00	5.365938e+02
2.400000e-06	1.257428e-06	8.808714e-09	8.811794e+00	5.248267e+02
2.410000e-06	1.104124e-06	8.606088e-09	7.737466e+00	5.126750e+02
2.420000e-06	9.504561e-07	8.396607e-09	6.660596e+00	5.001202e+02
2.430000e-06	7.964517e-07	8.177038e-09	5.581366e+00	4.871569e+02
2.440000e-06	6.421612e-07	7.950035e-09	4.500130e+00	4.737863e+02
2.450000e-06	4.877076e-07	7.717758e-09	3.417752e+00	4.600034e+02
2.460000e-06	3.330802e-07	7.477559e-09	2.334156e+00	4.457836e+02
2.470000e-06	1.783041e-07	7.228092e-09	1.249518e+00	4.310750e+02
2.480000e-06	2.347107e-08	6.969868e-09	1.644803e-01	4.157989e+02
2.490000e-06	-1.313740e-07	6.702857e-09	-9.206414e-01	3.998611e+02
2.500000e-06	-2.861368e-07	6.425260e-09	-2.005186e+00	3.831692e+02
2.510000e-06	-4.407558e-07	6.133363e-09	-3.088724e+00	3.656513e+02
2.520000e-06	-5.952366e-07	5.825170e-09	-4.171293e+00	3.472676e+02
2.530000e-06	-7.494920e-07	5.499041e-09	-5.252282e+00	3.280110e+02
2.540000e-06	-9.034631e-07	5.157013e-09	-6.331279e+00	3.078950e+02
2.550000e-06	-1.057122e-06	4.801485e-09	-7.408092e+00	2.869314e+02
2.560000e-06	-1.210354e-06	4.433796e-09	-8.481905e+00	2.651056e+02
2.570000e-06	-1.363086e-06	4.052476e-09	-9.552217e+00	2.423560e+02
2.580000e-06	-1.515345e-06	3.654595e-09	-1.061922e+01	2.185660e+02
2.590000e-06	-1.667061e-06	3.238780e-09	-1.168241e+01	1.935699e+02
2.600000e-06	-1.818150e-06	2.799059e-09	-1.274121e+01	1.671730e+02
2.610000e-06	-1.968586e-06	2.329801e-09	-1.379544e+01	1.391798e+02
2.620000e-06	-2.118288e-06	1.829369e-09	-1.484452e+01	1.094248e+02
2.630000e-06	-2.267177e-06	1.298608e-09	-1.588790e+01	7.779862e+01
2.640000e-06	-2.415197e-06	7.383949e-10	-1.692519e+01	4.426617e+01
2.650000e-06	-2.562374e-06	1.471463e-10	-1.795658e+01	8.876185e+00
2.660000e-06	-2.708779e-06	-4.762376e-10	-1.898256e+01	-2.823702e+01
2.670000e-06	-2.854275e-06	-1.122849e-09	-2.000216e+01	-6.685648e+01
2.680000e-06	-2.998728e-06	-1.788403e-09	-2.101446e+01	-1.066886e+02
2.690000e-06	-3.142057e-06	-2.470545e-09	-2.201887e+01	-1.473715e+02
2.700000e-06	-3.284153e-06	-3.160049e-09	-2.301465e+01	-1.884880e+02
2.710000e-06	-3.424873e-06	-3.850300e-09	-2.400079e+01	-2.295833e+02
2.720000e-06	-3.564203e-06	-4.532604e-09	-2.497718e+01	-2.701908e+02
2.730000e-06	-3.702251e-06	-5.200203e-09	-2.594460e+01	-3.098621e+02
2.740000e-06	-3.839002e-06	-5.846715e-09	-2.690292e+01	-3.482001e+02
2.750000e-06	-3.974355e-06	-6.463521e-09	-2.785144e+01	-3.848867e+02
2.760000e-06	-4.108258e-06	-7.047751e-09	-2.878981e+01	-4.197019e+02
2.770000e-06	-4.240686e-06	-7.601182e-09	-2.971784e+01	-4.525272e+02
2.780000e-06	-4.371647e-06	-8.121080e-09	-3.063558e+01	-4.833361e+02
2.790000e-06	-4.501125e-06	-8.607137e-09	-3.154294e+01	-5.121712e+02
2.800000e-06	-4.629119e-06	-9.061615e-09	-3.243989e+01	-5.391173e+02
2.810000e-06	-4.755481e-06	-9.488068e-09	-3.332541e+01	-5.642748e+02
2.820000e-06	-4.879997e-06	-9.885736e-09	-3.419799e+01	-5.877415e+02
2.830000e-06	-5.002787e-06	-1.025332e-08	-3.505848e+01	-6.096044e+02
2.840000e-06	-5.123848e-06	-1.059564e-08	-3.590685e+01	-6.299411e+02
2.850000e-06	-5.242967e-06	-1.091451e-08	-3.674161e+01	-6.488277e+02
2.860000e-06	-5.360005e-06	-1.121040e-08	-3.756179e+01	-6.663463e+02
2.870000e-06	-5.474837e-06	-1.148360e-08	-3.836650e+01	-6.825903e+02
2.880000e-06	-5.587470e-06	-1.173716e-08	-3.915581e+01	-6.976628e+02
2.890000e-06	-5.697957e-06	-1.197528e-08	-3.993008e+01	-7.116700e+02
2.900000e-06	-5.806403e-06	-1.219872e-08	-4.069005e+01	-7.247119e+02
2.910000e-06	-5.912966e-06	-1.240392e-08	-4.143682e+01	-7.368743e+02
2.920000e-06	-6.017532e-06	-1.259131e-08	-4.216959e+01	-7.482249e+02
2.930000e-06	-6.119816e-06	-1.276619e-08	-4.288639e+01	-7.588140e+02
2.940000e-06	-6.219815e-06	-1.293181e-08	-4.358715e+01	-7.686808e+02
2.950000e-06	-6.317729e-06	-1.308761e-08	-4.427332e+01	-7.778602e+02
2.960000e-06	-6.413498e-06	-1.323349e-08	-4.494444e+01	-7.863891e+02
2.970000e-06	-6.506959e-06	-1.336978e-08	-4.559940e+01	-7.943099e+02
2.980000e-06	-6.598109e-06	-1.349618e-08	-4.623816e+01	-8.016694e+02
2.990000e-06	-6.686991e-06	-1.361180e-08	-4.686102e+01	-8.085156e+02
3.000000e-06	-6.773482e-06	-1.371672e-08	-4.746714e+01	-8.148938e+02
3.010000e-06	-6.857527e-06	-1.381450e-08	-4.805611e+01	-8.208438e+02
3.020000e-06	-6.939219e-06	-1.390695e-08	-4.862858e+01	-8.263998e+02
3.030000e-06	-7.018424e-06	-1.399477e-08	-4.918364e+01	-8.315915e+02
3.040000e-06	-7.094874e-06	-1.407683e-08	-4.971938e+01	-8.364471e+02
3.050000e-06	-7.168627e-06	-1.415395e-08	-5.023623e+01	-8.409945e+02
3.060000e-06	-7.239766e-06	-1.422784e-08	-5.073476e+01	-8.452610e+02
3.070000e-06	-7.308297e-06	-1.429609e-08	-5.121501e+01	-8.492714e+02
3.080000e-06	-7.374324e-06	-1.435561e-08	-5.167771e+01	-8.530445e+02
3.090000e-06	-7.437771e-06	-1.441093e-08	-5.212233e+01	-8.565914e+02
3.100000e-06	-7.498524e-06	-1.446545e-08	-5.254808e+01	-8.599155e+02
3.110000e-06	-7.556603e-06	-1.451678e-08	-5.295509e+01	-8.630150e+02
3.120000e-06	-7.611907e-06	-1.456473e-08	-5.334264e+01	-8.658878e+02
3.130000e-06	-7.664240e-06	-1.461126e-08	-5.370938e+01	-8.685357e+02
3.140000e-06	-7.713493e-06	-1.465566e-08	-5.405453e+01	-8.709677e+02
3.150000e-06	-7.759776e-06	-1.469439e-08	-5.437887e+01	-8.731995e+02
3.160000e-06	-7.803503e-06	-1.472613e-08	-5.468531e+01	-8.752506e+02
3.170000e-06	-7.844758e-06	-1.475331e-08	-5.497441e+01	-8.771392e+02
3.180000e-06	-7.883275e-06	-1.478141e-08	-5.524433e+01	-8.788778e+02
3.190000e-06	-7.919007e-06	-1.480890e-08	-5.549474e+01	-8.804704e+02
3.200000e-06	-7.952014e-06	-1.483356e-08	-5.572604e+01	-8.819135e+02
3.210000e-06	-7.982142e-06	-1.485603e-08	-5.593717e+01	-8.831999e+02
3.220000e-06	-8.009353e-06	-1.487681e-08	-5.612786e+01	-8.843231e+02
3.230000e-06	-8.033818e-06	-1.489543e-08	-5.629931e+01	-8.852819e+02
3.240000e-06	-8.055409e-06	-1.490978e-08	-5.645061e+01	-8.860821e+02
3.250000e-06	-8.074146e-06	-1.491925e-08	-5.658192e+01	-8.867353e+02
3.260000e-06	-8.090031e-06	-1.492705e-08	-5.669324e+01	-8.872558e+02
3.270000e-06	-8.102786e-06	-1.493552e-08	-5.678262e+01	-8.876558e+02
3.280000e-06	-8.112568e-06	-1.494159e-08	-5.685117e+01	-8.879434e+02
3.290000e-06	-8.119442e-06	-1.494410e-08	-5.689934e+01	-8.881209e+02
3.300000e-06	-8.123445e-06	-1.494625e-08	-5.692739e+01	-8.881875e+02
3.310000e-06	-8.124681e-06	-1.494695e-08	-5.693606e+01	-8.881414e+02
