# Temperatura_=_32.58
# Concentracion g/m^3_=_11780.0
# C_Vs_to_Am_M_A/Vsm_=_59384043850.047264
# pendiente_HvsI_1/m_=_3716.3
# ordenada_HvsI_A/m_=_1297.0
# frecuencia_Hz_=_301493.6109438806

Tiempo_(s)	Campo_(V.s)	Magnetizacion_(V.s)	Campo_(kA/m)	Magnetizacion_(A/m)
0.000000e+00	-8.136427e-06	-1.429896e-08	-5.692903e+01	-8.490562e+02
1.000000e-08	-8.132363e-06	-1.429375e-08	-5.690060e+01	-8.488675e+02
2.000000e-08	-8.125639e-06	-1.428973e-08	-5.685355e+01	-8.485773e+02
3.000000e-08	-8.116117e-06	-1.428332e-08	-5.678693e+01	-8.481814e+02
4.000000e-08	-8.103685e-06	-1.427453e-08	-5.669995e+01	-8.476753e+02
5.000000e-08	-8.088329e-06	-1.426687e-08	-5.659251e+01	-8.470548e+02
6.000000e-08	-8.070212e-06	-1.426701e-08	-5.646574e+01	-8.463170e+02
7.000000e-08	-8.049616e-06	-1.424134e-08	-5.632164e+01	-8.454612e+02
8.000000e-08	-8.026192e-06	-1.418474e-08	-5.615774e+01	-8.444899e+02
9.000000e-08	-7.999357e-06	-1.417975e-08	-5.596998e+01	-8.434086e+02
1.000000e-07	-7.969307e-06	-1.419503e-08	-5.575973e+01	-8.422263e+02
1.100000e-07	-7.936505e-06	-1.417479e-08	-5.553022e+01	-8.409536e+02
1.200000e-07	-7.901082e-06	-1.413848e-08	-5.528237e+01	-8.396017e+02
1.300000e-07	-7.863349e-06	-1.414048e-08	-5.501836e+01	-8.381792e+02
1.400000e-07	-7.823510e-06	-1.411518e-08	-5.473962e+01	-8.366904e+02
1.500000e-07	-7.781125e-06	-1.405271e-08	-5.444306e+01	-8.351337e+02
1.600000e-07	-7.735860e-06	-1.406815e-08	-5.412634e+01	-8.335015e+02
1.700000e-07	-7.687769e-06	-1.397063e-08	-5.378986e+01	-8.317819e+02
1.800000e-07	-7.636605e-06	-1.395702e-08	-5.343188e+01	-8.299614e+02
1.900000e-07	-7.582402e-06	-1.396702e-08	-5.305263e+01	-8.280277e+02
2.000000e-07	-7.525447e-06	-1.389221e-08	-5.265413e+01	-8.259725e+02
2.100000e-07	-7.465767e-06	-1.388387e-08	-5.223656e+01	-8.237928e+02
2.200000e-07	-7.403421e-06	-1.381702e-08	-5.180033e+01	-8.214904e+02
2.300000e-07	-7.338350e-06	-1.380810e-08	-5.134504e+01	-8.190700e+02
2.400000e-07	-7.270515e-06	-1.374952e-08	-5.087042e+01	-8.165367e+02
2.500000e-07	-7.200029e-06	-1.368211e-08	-5.037724e+01	-8.138940e+02
2.600000e-07	-7.126920e-06	-1.364884e-08	-4.986571e+01	-8.111420e+02
2.700000e-07	-7.051016e-06	-1.361512e-08	-4.933463e+01	-8.082782e+02
2.800000e-07	-6.972235e-06	-1.357898e-08	-4.878341e+01	-8.052985e+02
2.900000e-07	-6.890795e-06	-1.348781e-08	-4.821359e+01	-8.021997e+02
3.000000e-07	-6.806961e-06	-1.345408e-08	-4.762702e+01	-7.989806e+02
3.100000e-07	-6.720903e-06	-1.339772e-08	-4.702488e+01	-7.956428e+02
3.200000e-07	-6.632561e-06	-1.333050e-08	-4.640677e+01	-7.921899e+02
3.300000e-07	-6.541849e-06	-1.327343e-08	-4.577208e+01	-7.886258e+02
3.400000e-07	-6.448860e-06	-1.321074e-08	-4.512145e+01	-7.849521e+02
3.500000e-07	-6.353551e-06	-1.316028e-08	-4.445459e+01	-7.811674e+02
3.600000e-07	-6.255865e-06	-1.309073e-08	-4.377110e+01	-7.772664e+02
3.700000e-07	-6.155871e-06	-1.302074e-08	-4.307146e+01	-7.732414e+02
3.800000e-07	-6.053668e-06	-1.293702e-08	-4.235637e+01	-7.690844e+02
3.900000e-07	-5.949293e-06	-1.287133e-08	-4.162607e+01	-7.647892e+02
4.000000e-07	-5.842732e-06	-1.280043e-08	-4.088049e+01	-7.603530e+02
4.100000e-07	-5.734057e-06	-1.272337e-08	-4.012011e+01	-7.557765e+02
4.200000e-07	-5.623396e-06	-1.264662e-08	-3.934583e+01	-7.510630e+02
4.300000e-07	-5.510702e-06	-1.256877e-08	-3.855733e+01	-7.462159e+02
4.400000e-07	-5.395828e-06	-1.249029e-08	-3.775359e+01	-7.412374e+02
4.500000e-07	-5.278773e-06	-1.239701e-08	-3.693458e+01	-7.361265e+02
4.600000e-07	-5.159721e-06	-1.230437e-08	-3.610159e+01	-7.308795e+02
4.700000e-07	-5.038857e-06	-1.221408e-08	-3.525592e+01	-7.254912e+02
4.800000e-07	-4.916216e-06	-1.212703e-08	-3.439783e+01	-7.199566e+02
4.900000e-07	-4.791751e-06	-1.202858e-08	-3.352697e+01	-7.142725e+02
5.000000e-07	-4.665542e-06	-1.193092e-08	-3.264391e+01	-7.084379e+02
5.100000e-07	-4.537738e-06	-1.183326e-08	-3.174969e+01	-7.024537e+02
5.200000e-07	-4.408309e-06	-1.173575e-08	-3.084410e+01	-6.963202e+02
5.300000e-07	-4.277258e-06	-1.162722e-08	-2.992716e+01	-6.900356e+02
5.400000e-07	-4.144692e-06	-1.151528e-08	-2.899963e+01	-6.835939e+02
5.500000e-07	-4.010640e-06	-1.140327e-08	-2.806169e+01	-6.769850e+02
5.600000e-07	-3.875045e-06	-1.129000e-08	-2.711295e+01	-6.701961e+02
5.700000e-07	-3.738014e-06	-1.117180e-08	-2.615417e+01	-6.632136e+02
5.800000e-07	-3.599614e-06	-1.104904e-08	-2.518581e+01	-6.560268e+02
5.900000e-07	-3.459819e-06	-1.093143e-08	-2.420770e+01	-6.486292e+02
6.000000e-07	-3.318520e-06	-1.080832e-08	-2.321905e+01	-6.410201e+02
6.100000e-07	-3.175869e-06	-1.067823e-08	-2.222096e+01	-6.332028e+02
6.200000e-07	-3.032100e-06	-1.053909e-08	-2.121503e+01	-6.251827e+02
6.300000e-07	-2.887230e-06	-1.040125e-08	-2.020140e+01	-6.169641e+02
6.400000e-07	-2.741342e-06	-1.025889e-08	-1.918065e+01	-6.085475e+02
6.500000e-07	-2.594474e-06	-1.011268e-08	-1.815304e+01	-5.999280e+02
6.600000e-07	-2.446729e-06	-9.963543e-09	-1.711930e+01	-5.910953e+02
6.700000e-07	-2.298172e-06	-9.814071e-09	-1.607988e+01	-5.820346e+02
6.800000e-07	-2.148797e-06	-9.658930e-09	-1.503472e+01	-5.727292e+02
6.900000e-07	-1.998665e-06	-9.497405e-09	-1.398428e+01	-5.631617e+02
7.000000e-07	-1.847870e-06	-9.335086e-09	-1.292920e+01	-5.533166e+02
7.100000e-07	-1.696433e-06	-9.166353e-09	-1.186962e+01	-5.431801e+02
7.200000e-07	-1.544367e-06	-8.989772e-09	-1.080564e+01	-5.327412e+02
7.300000e-07	-1.391734e-06	-8.803430e-09	-9.737696e+00	-5.219906e+02
7.400000e-07	-1.238585e-06	-8.616957e-09	-8.666145e+00	-5.109201e+02
7.500000e-07	-1.084980e-06	-8.427518e-09	-7.591400e+00	-4.995218e+02
7.600000e-07	-9.309822e-07	-8.231027e-09	-6.513906e+00	-4.877860e+02
7.700000e-07	-7.766451e-07	-8.025948e-09	-5.434038e+00	-4.756999e+02
7.800000e-07	-6.220426e-07	-7.817363e-09	-4.352314e+00	-4.632446e+02
7.900000e-07	-4.672996e-07	-7.606858e-09	-3.269607e+00	-4.503931e+02
8.000000e-07	-3.124119e-07	-7.384066e-09	-2.185887e+00	-4.371082e+02
8.100000e-07	-1.573867e-07	-7.147385e-09	-1.101205e+00	-4.233430e+02
8.200000e-07	-2.338874e-09	-6.902765e-09	-1.636466e-02	-4.090422e+02
8.300000e-07	1.527102e-07	-6.654650e-09	1.068485e+00	-3.941471e+02
8.400000e-07	3.077275e-07	-6.392822e-09	2.153111e+00	-3.786009e+02
8.500000e-07	4.626572e-07	-6.116885e-09	3.237125e+00	-3.623553e+02
8.600000e-07	6.174395e-07	-5.832067e-09	4.320107e+00	-3.453748e+02
8.700000e-07	7.719867e-07	-5.536385e-09	5.401444e+00	-3.276376e+02
8.800000e-07	9.262575e-07	-5.224281e-09	6.480848e+00	-3.091329e+02
8.900000e-07	1.080190e-06	-4.894547e-09	7.557883e+00	-2.898533e+02
9.000000e-07	1.233740e-06	-4.554773e-09	8.632247e+00	-2.697850e+02
9.100000e-07	1.386846e-06	-4.204204e-09	9.703502e+00	-2.488966e+02
9.200000e-07	1.539448e-06	-3.835920e-09	1.077122e+01	-2.271315e+02
9.300000e-07	1.691459e-06	-3.446074e-09	1.183482e+01	-2.044036e+02
9.400000e-07	1.842798e-06	-3.042359e-09	1.289371e+01	-1.805999e+02
9.500000e-07	1.993469e-06	-2.623927e-09	1.394793e+01	-1.555899e+02
9.600000e-07	2.143472e-06	-2.180648e-09	1.499747e+01	-1.292397e+02
9.700000e-07	2.292766e-06	-1.707028e-09	1.604205e+01	-1.014300e+02
9.800000e-07	2.441166e-06	-1.206254e-09	1.708038e+01	-7.207497e+01
9.900000e-07	2.588562e-06	-6.844793e-10	1.811168e+01	-4.113913e+01
1.000000e-06	2.735064e-06	-1.348392e-10	1.913672e+01	-8.650939e+00
1.010000e-06	2.880695e-06	4.426985e-10	2.015568e+01	2.528940e+01
1.020000e-06	3.025341e-06	1.040148e-09	2.116773e+01	6.050806e+01
1.030000e-06	3.168808e-06	1.649167e-09	2.217155e+01	9.676222e+01
1.040000e-06	3.311050e-06	2.271235e-09	2.316679e+01	1.337508e+02
1.050000e-06	3.452125e-06	2.906079e-09	2.415386e+01	1.711305e+02
1.060000e-06	3.591881e-06	3.542056e-09	2.513171e+01	2.085357e+02
1.070000e-06	3.730240e-06	4.168256e-09	2.609978e+01	2.456007e+02
1.080000e-06	3.867191e-06	4.779909e-09	2.705800e+01	2.819813e+02
1.090000e-06	4.002680e-06	5.377508e-09	2.800599e+01	3.173739e+02
1.100000e-06	4.136743e-06	5.953875e-09	2.894401e+01	3.515293e+02
1.110000e-06	4.269362e-06	6.503647e-09	2.987191e+01	3.842605e+02
1.120000e-06	4.400386e-06	7.027060e-09	3.078867e+01	4.154425e+02
1.130000e-06	4.529803e-06	7.525909e-09	3.169418e+01	4.450073e+02
1.140000e-06	4.657641e-06	7.999612e-09	3.258863e+01	4.729336e+02
1.150000e-06	4.783845e-06	8.442521e-09	3.347166e+01	4.992347e+02
1.160000e-06	4.908418e-06	8.854231e-09	3.434327e+01	5.239478e+02
1.170000e-06	5.031256e-06	9.242494e-09	3.520275e+01	5.471247e+02
1.180000e-06	5.152312e-06	9.609193e-09	3.604975e+01	5.688262e+02
1.190000e-06	5.271501e-06	9.948959e-09	3.688369e+01	5.891189e+02
1.200000e-06	5.388694e-06	1.026322e-08	3.770367e+01	6.080745e+02
1.210000e-06	5.503806e-06	1.055814e-08	3.850909e+01	6.257685e+02
1.220000e-06	5.616769e-06	1.083774e-08	3.929947e+01	6.422792e+02
1.230000e-06	5.727649e-06	1.109545e-08	4.007527e+01	6.576854e+02
1.240000e-06	5.836530e-06	1.133204e-08	4.083710e+01	6.720633e+02
1.250000e-06	5.943381e-06	1.155627e-08	4.158471e+01	6.854835e+02
1.260000e-06	6.048065e-06	1.177162e-08	4.231716e+01	6.980092e+02
1.270000e-06	6.150542e-06	1.197353e-08	4.303418e+01	7.096956e+02
1.280000e-06	6.250791e-06	1.215671e-08	4.373560e+01	7.205917e+02
1.290000e-06	6.348766e-06	1.232486e-08	4.442111e+01	7.307421e+02
1.300000e-06	6.444421e-06	1.248032e-08	4.509040e+01	7.401899e+02
1.310000e-06	6.537821e-06	1.262394e-08	4.574389e+01	7.489785e+02
1.320000e-06	6.628974e-06	1.275524e-08	4.638167e+01	7.571522e+02
1.330000e-06	6.717761e-06	1.287936e-08	4.700290e+01	7.647552e+02
1.340000e-06	6.804175e-06	1.300179e-08	4.760752e+01	7.718305e+02
1.350000e-06	6.888290e-06	1.311800e-08	4.819606e+01	7.784184e+02
1.360000e-06	6.970025e-06	1.322046e-08	4.876794e+01	7.845554e+02
1.370000e-06	7.049230e-06	1.331274e-08	4.932213e+01	7.902740e+02
1.380000e-06	7.125819e-06	1.340143e-08	4.985800e+01	7.956043e+02
1.390000e-06	7.199710e-06	1.348451e-08	5.037501e+01	8.005742e+02
1.400000e-06	7.270956e-06	1.355770e-08	5.087350e+01	8.052107e+02
1.410000e-06	7.339657e-06	1.362797e-08	5.135419e+01	8.095395e+02
1.420000e-06	7.405742e-06	1.370065e-08	5.181657e+01	8.135844e+02
1.430000e-06	7.469139e-06	1.376917e-08	5.226015e+01	8.173656e+02
1.440000e-06	7.529996e-06	1.382757e-08	5.268595e+01	8.208987e+02
1.450000e-06	7.588303e-06	1.388041e-08	5.309392e+01	8.241945e+02
1.460000e-06	7.643882e-06	1.393203e-08	5.348279e+01	8.272596e+02
1.470000e-06	7.696499e-06	1.397989e-08	5.385094e+01	8.300985e+02
1.480000e-06	7.745908e-06	1.402238e-08	5.419665e+01	8.327154e+02
1.490000e-06	7.792333e-06	1.406008e-08	5.452148e+01	8.351168e+02
1.500000e-06	7.836052e-06	1.409735e-08	5.482737e+01	8.373116e+02
1.510000e-06	7.876944e-06	1.413380e-08	5.511348e+01	8.393115e+02
1.520000e-06	7.915013e-06	1.416378e-08	5.537985e+01	8.411292e+02
1.530000e-06	7.950391e-06	1.418762e-08	5.562738e+01	8.427763e+02
1.540000e-06	7.982943e-06	1.421218e-08	5.585514e+01	8.442616e+02
1.550000e-06	8.012717e-06	1.423686e-08	5.606346e+01	8.455905e+02
1.560000e-06	8.039713e-06	1.425646e-08	5.625235e+01	8.467653e+02
1.570000e-06	8.063775e-06	1.426895e-08	5.642071e+01	8.477865e+02
1.580000e-06	8.085111e-06	1.428040e-08	5.656999e+01	8.486551e+02
1.590000e-06	8.103709e-06	1.429504e-08	5.670011e+01	8.493740e+02
1.600000e-06	8.119397e-06	1.430709e-08	5.680988e+01	8.499488e+02
1.610000e-06	8.132054e-06	1.431268e-08	5.689844e+01	8.503882e+02
1.620000e-06	8.141521e-06	1.431697e-08	5.696468e+01	8.507024e+02
1.630000e-06	8.147990e-06	1.432285e-08	5.700994e+01	8.509014e+02
1.640000e-06	8.151666e-06	1.432337e-08	5.703567e+01	8.509938e+02
1.650000e-06	8.152500e-06	1.431877e-08	5.704150e+01	8.509850e+02
1.660000e-06	8.150606e-06	1.431896e-08	5.702824e+01	8.508776e+02
1.670000e-06	8.146072e-06	1.431795e-08	5.699652e+01	8.506708e+02
1.680000e-06	8.138809e-06	1.431419e-08	5.694571e+01	8.503618e+02
1.690000e-06	8.128839e-06	1.430567e-08	5.687595e+01	8.499464e+02
1.700000e-06	8.116027e-06	1.429077e-08	5.678631e+01	8.494199e+02
1.710000e-06	8.100429e-06	1.427009e-08	5.667717e+01	8.487784e+02
1.720000e-06	8.082424e-06	1.425258e-08	5.655119e+01	8.480192e+02
1.730000e-06	8.061985e-06	1.430018e-08	5.640818e+01	8.471423e+02
1.740000e-06	8.038465e-06	1.427595e-08	5.624361e+01	8.461506e+02
1.750000e-06	8.011234e-06	1.422133e-08	5.605308e+01	8.450504e+02
1.760000e-06	7.980500e-06	1.420782e-08	5.583805e+01	8.438508e+02
1.770000e-06	7.946921e-06	1.418052e-08	5.560310e+01	8.425630e+02
1.780000e-06	7.910879e-06	1.410444e-08	5.535092e+01	8.411977e+02
1.790000e-06	7.872537e-06	1.414851e-08	5.508265e+01	8.397630e+02
1.800000e-06	7.832009e-06	1.412240e-08	5.479908e+01	8.382622e+02
1.810000e-06	7.789028e-06	1.403056e-08	5.449835e+01	8.366924e+02
1.820000e-06	7.743408e-06	1.411824e-08	5.417916e+01	8.350454e+02
1.830000e-06	7.694959e-06	1.400293e-08	5.384017e+01	8.333085e+02
1.840000e-06	7.643376e-06	1.401144e-08	5.347925e+01	8.314684e+02
1.850000e-06	7.588866e-06	1.396448e-08	5.309786e+01	8.295132e+02
1.860000e-06	7.531539e-06	1.387881e-08	5.269675e+01	8.274356e+02
1.870000e-06	7.471569e-06	1.393184e-08	5.227715e+01	8.252335e+02
1.880000e-06	7.409000e-06	1.381964e-08	5.183937e+01	8.229094e+02
1.890000e-06	7.343649e-06	1.384016e-08	5.138212e+01	8.204683e+02
1.900000e-06	7.275546e-06	1.377395e-08	5.090562e+01	8.179151e+02
1.910000e-06	7.204602e-06	1.371709e-08	5.040923e+01	8.152527e+02
1.920000e-06	7.130921e-06	1.369179e-08	4.989370e+01	8.124807e+02
1.930000e-06	7.054500e-06	1.359966e-08	4.935900e+01	8.095963e+02
1.940000e-06	6.975387e-06	1.360557e-08	4.880546e+01	8.065953e+02
1.950000e-06	6.893805e-06	1.350192e-08	4.823464e+01	8.034748e+02
1.960000e-06	6.809780e-06	1.348914e-08	4.764674e+01	8.002341e+02
1.970000e-06	6.723310e-06	1.343070e-08	4.704172e+01	7.968752e+02
1.980000e-06	6.634343e-06	1.335075e-08	4.641924e+01	7.934020e+02
1.990000e-06	6.543043e-06	1.330732e-08	4.578043e+01	7.898180e+02
2.000000e-06	6.449488e-06	1.321968e-08	4.512584e+01	7.861245e+02
2.010000e-06	6.353651e-06	1.318787e-08	4.445529e+01	7.823193e+02
2.020000e-06	6.255543e-06	1.309081e-08	4.376885e+01	7.783965e+02
2.030000e-06	6.155170e-06	1.304656e-08	4.306655e+01	7.743483e+02
2.040000e-06	6.052539e-06	1.296485e-08	4.234847e+01	7.701668e+02
2.050000e-06	5.947688e-06	1.290331e-08	4.161484e+01	7.658463e+02
2.060000e-06	5.840800e-06	1.282272e-08	4.086697e+01	7.613846e+02
2.070000e-06	5.731888e-06	1.273591e-08	4.010493e+01	7.567831e+02
2.080000e-06	5.620878e-06	1.266472e-08	3.932822e+01	7.520453e+02
2.090000e-06	5.507679e-06	1.257369e-08	3.853618e+01	7.471745e+02
2.100000e-06	5.392320e-06	1.249817e-08	3.772904e+01	7.421722e+02
2.110000e-06	5.274911e-06	1.239926e-08	3.690755e+01	7.370371e+02
2.120000e-06	5.155484e-06	1.232043e-08	3.607195e+01	7.317650e+02
2.130000e-06	5.034137e-06	1.222102e-08	3.522290e+01	7.263507e+02
2.140000e-06	4.911007e-06	1.213700e-08	3.436139e+01	7.207893e+02
2.150000e-06	4.786183e-06	1.203246e-08	3.348801e+01	7.150781e+02
2.160000e-06	4.659595e-06	1.193935e-08	3.260230e+01	7.092165e+02
2.170000e-06	4.531272e-06	1.183575e-08	3.170445e+01	7.032054e+02
2.180000e-06	4.401385e-06	1.173301e-08	3.079566e+01	6.970450e+02
2.190000e-06	4.270005e-06	1.162464e-08	2.987642e+01	6.907326e+02
2.200000e-06	4.137094e-06	1.151179e-08	2.894646e+01	6.842617e+02
2.210000e-06	4.002680e-06	1.140306e-08	2.800599e+01	6.776215e+02
2.220000e-06	3.866743e-06	1.128816e-08	2.705487e+01	6.707987e+02
2.230000e-06	3.729331e-06	1.117661e-08	2.609342e+01	6.637802e+02
2.240000e-06	3.590570e-06	1.105037e-08	2.512254e+01	6.565558e+02
2.250000e-06	3.450494e-06	1.092709e-08	2.414245e+01	6.491201e+02
2.260000e-06	3.309154e-06	1.079551e-08	2.315352e+01	6.414732e+02
2.270000e-06	3.166616e-06	1.066358e-08	2.215621e+01	6.336191e+02
2.280000e-06	3.022904e-06	1.052292e-08	2.115069e+01	6.255631e+02
2.290000e-06	2.877936e-06	1.038535e-08	2.013637e+01	6.173090e+02
2.300000e-06	2.731930e-06	1.024402e-08	1.911480e+01	6.088565e+02
2.310000e-06	2.585129e-06	1.009990e-08	1.808766e+01	6.001996e+02
2.320000e-06	2.437440e-06	9.949497e-09	1.705431e+01	5.913271e+02
2.330000e-06	2.288837e-06	9.795237e-09	1.601456e+01	5.822238e+02
2.340000e-06	2.139360e-06	9.637348e-09	1.496870e+01	5.728725e+02
2.350000e-06	1.989137e-06	9.474854e-09	1.391762e+01	5.632564e+02
2.360000e-06	1.838322e-06	9.305961e-09	1.286239e+01	5.533599e+02
2.370000e-06	1.686898e-06	9.132585e-09	1.180290e+01	5.431700e+02
2.380000e-06	1.534851e-06	8.956673e-09	1.073906e+01	5.326758e+02
2.390000e-06	1.382124e-06	8.775602e-09	9.670458e+00	5.218684e+02
2.400000e-06	1.228796e-06	8.588777e-09	8.597654e+00	5.107397e+02
2.410000e-06	1.075085e-06	8.395070e-09	7.522165e+00	4.992817e+02
2.420000e-06	9.210458e-07	8.198984e-09	6.444383e+00	4.874842e+02
2.430000e-06	7.667575e-07	7.992571e-09	5.364857e+00	4.753336e+02
2.440000e-06	6.122769e-07	7.779458e-09	4.283986e+00	4.628095e+02
2.450000e-06	4.576322e-07	7.558908e-09	3.201966e+00	4.498834e+02
2.460000e-06	3.028395e-07	7.334489e-09	2.118911e+00	4.365162e+02
2.470000e-06	1.478787e-07	7.102568e-09	1.034680e+00	4.226594e+02
2.480000e-06	-7.166777e-09	6.859939e-09	-5.014458e-02	4.082566e+02
2.490000e-06	-1.621681e-07	6.605429e-09	-1.134659e+00	3.932489e+02
2.500000e-06	-3.170610e-07	6.341976e-09	-2.218416e+00	3.775809e+02
2.510000e-06	-4.718431e-07	6.070425e-09	-3.301397e+00	3.612060e+02
2.520000e-06	-6.264701e-07	5.782702e-09	-4.383293e+00	3.440913e+02
2.530000e-06	-7.808854e-07	5.478760e-09	-5.463707e+00	3.262174e+02
2.540000e-06	-9.350270e-07	5.162764e-09	-6.542207e+00	3.075747e+02
2.550000e-06	-1.088842e-06	4.837406e-09	-7.618420e+00	2.881554e+02
2.560000e-06	-1.242296e-06	4.499153e-09	-8.692107e+00	2.679434e+02
2.570000e-06	-1.395294e-06	4.144727e-09	-9.762611e+00	2.469033e+02
2.580000e-06	-1.547740e-06	3.776436e-09	-1.082924e+01	2.249731e+02
2.590000e-06	-1.699510e-06	3.395498e-09	-1.189115e+01	2.020618e+02
2.600000e-06	-1.850583e-06	2.995093e-09	-1.294818e+01	1.780524e+02
2.610000e-06	-2.001038e-06	2.570542e-09	-1.400088e+01	1.528125e+02
2.620000e-06	-2.150891e-06	2.123508e-09	-1.504938e+01	1.262094e+02
2.630000e-06	-2.300012e-06	1.654902e-09	-1.609275e+01	9.812862e+01
2.640000e-06	-2.448223e-06	1.158052e-09	-1.712975e+01	6.849195e+01
2.650000e-06	-2.595495e-06	6.311856e-10	-1.816019e+01	3.727459e+01
2.660000e-06	-2.741842e-06	7.842378e-11	-1.918415e+01	4.517374e+00
2.670000e-06	-2.887313e-06	-4.929300e-10	-2.020198e+01	-2.966630e+01
2.680000e-06	-3.031771e-06	-1.083830e-09	-2.121273e+01	-6.508976e+01
2.690000e-06	-3.175012e-06	-1.693975e-09	-2.221496e+01	-1.014988e+02
2.700000e-06	-3.317068e-06	-2.314734e-09	-2.320890e+01	-1.385836e+02
2.710000e-06	-3.457917e-06	-2.941358e-09	-2.419439e+01	-1.759951e+02
2.720000e-06	-3.597405e-06	-3.569336e-09	-2.517036e+01	-2.133663e+02
2.730000e-06	-3.735511e-06	-4.194868e-09	-2.613666e+01	-2.503336e+02
2.740000e-06	-3.872277e-06	-4.807475e-09	-2.709359e+01	-2.865589e+02
2.750000e-06	-4.007590e-06	-5.398303e-09	-2.804035e+01	-3.217474e+02
2.760000e-06	-4.141457e-06	-5.966394e-09	-2.897699e+01	-3.556606e+02
2.770000e-06	-4.273814e-06	-6.512413e-09	-2.990307e+01	-3.881228e+02
2.780000e-06	-4.404589e-06	-7.031915e-09	-3.081808e+01	-4.190197e+02
2.790000e-06	-4.533890e-06	-7.523670e-09	-3.172277e+01	-4.482926e+02
2.800000e-06	-4.661625e-06	-7.989123e-09	-3.261651e+01	-4.759270e+02
2.810000e-06	-4.787705e-06	-8.430576e-09	-3.349866e+01	-5.019416e+02
2.820000e-06	-4.912146e-06	-8.846539e-09	-3.436936e+01	-5.263765e+02
2.830000e-06	-5.034853e-06	-9.234608e-09	-3.522791e+01	-5.492855e+02
2.840000e-06	-5.155746e-06	-9.596591e-09	-3.607378e+01	-5.707306e+02
2.850000e-06	-5.274655e-06	-9.933473e-09	-3.690576e+01	-5.907794e+02
2.860000e-06	-5.391421e-06	-1.024840e-08	-3.772275e+01	-6.095043e+02
2.870000e-06	-5.506029e-06	-1.054305e-08	-3.852464e+01	-6.269814e+02
2.880000e-06	-5.618435e-06	-1.081851e-08	-3.931112e+01	-6.432893e+02
2.890000e-06	-5.728731e-06	-1.107661e-08	-4.008285e+01	-6.585067e+02
2.900000e-06	-5.837051e-06	-1.131917e-08	-4.084074e+01	-6.727088e+02
2.910000e-06	-5.943433e-06	-1.154467e-08	-4.158508e+01	-6.859651e+02
2.920000e-06	-6.047751e-06	-1.175245e-08	-4.231497e+01	-6.983373e+02
2.930000e-06	-6.149790e-06	-1.194293e-08	-4.302892e+01	-7.098795e+02
2.940000e-06	-6.249568e-06	-1.212000e-08	-4.372704e+01	-7.206394e+02
2.950000e-06	-6.347186e-06	-1.228799e-08	-4.441006e+01	-7.306614e+02
2.960000e-06	-6.442630e-06	-1.244781e-08	-4.507786e+01	-7.399886e+02
2.970000e-06	-6.535809e-06	-1.259876e-08	-4.572982e+01	-7.486643e+02
2.980000e-06	-6.626673e-06	-1.273908e-08	-4.636558e+01	-7.567331e+02
2.990000e-06	-6.715277e-06	-1.286899e-08	-4.698552e+01	-7.642390e+02
3.000000e-06	-6.801447e-06	-1.298775e-08	-4.758843e+01	-7.712247e+02
3.010000e-06	-6.885119e-06	-1.309539e-08	-4.817387e+01	-7.777297e+02
3.020000e-06	-6.966440e-06	-1.319396e-08	-4.874286e+01	-7.837899e+02
3.030000e-06	-7.045195e-06	-1.328882e-08	-4.929390e+01	-7.894373e+02
3.040000e-06	-7.121216e-06	-1.337910e-08	-4.982580e+01	-7.947014e+02
3.050000e-06	-7.194621e-06	-1.346350e-08	-5.033940e+01	-7.996101e+02
3.060000e-06	-7.265387e-06	-1.354229e-08	-5.083453e+01	-8.041900e+02
3.070000e-06	-7.333518e-06	-1.361612e-08	-5.131124e+01	-8.084667e+02
3.080000e-06	-7.399129e-06	-1.368349e-08	-5.177031e+01	-8.124634e+02
3.090000e-06	-7.462117e-06	-1.374429e-08	-5.221102e+01	-8.161995e+02
3.100000e-06	-7.522448e-06	-1.380061e-08	-5.263314e+01	-8.196898e+02
3.110000e-06	-7.580108e-06	-1.385308e-08	-5.303658e+01	-8.229442e+02
3.120000e-06	-7.634955e-06	-1.390412e-08	-5.342033e+01	-8.259689e+02
3.130000e-06	-7.686843e-06	-1.395430e-08	-5.378338e+01	-8.287680e+02
3.140000e-06	-7.735622e-06	-1.399941e-08	-5.412468e+01	-8.313461e+02
3.150000e-06	-7.781439e-06	-1.403955e-08	-5.444525e+01	-8.337101e+02
3.160000e-06	-7.824742e-06	-1.407601e-08	-5.474823e+01	-8.358694e+02
3.170000e-06	-7.865580e-06	-1.410735e-08	-5.503398e+01	-8.378361e+02
3.180000e-06	-7.903646e-06	-1.413519e-08	-5.530031e+01	-8.396228e+02
3.190000e-06	-7.938926e-06	-1.416203e-08	-5.554716e+01	-8.412406e+02
3.200000e-06	-7.971450e-06	-1.418977e-08	-5.577472e+01	-8.426979e+02
3.210000e-06	-8.001043e-06	-1.421582e-08	-5.598178e+01	-8.439995e+02
3.220000e-06	-8.027792e-06	-1.423781e-08	-5.616894e+01	-8.451471e+02
3.230000e-06	-8.051763e-06	-1.425619e-08	-5.633666e+01	-8.461412e+02
3.240000e-06	-8.072813e-06	-1.427178e-08	-5.648394e+01	-8.469830e+02
3.250000e-06	-8.091011e-06	-1.428130e-08	-5.661127e+01	-8.476758e+02
3.260000e-06	-8.106323e-06	-1.428746e-08	-5.671840e+01	-8.482260e+02
3.270000e-06	-8.118546e-06	-1.429433e-08	-5.680392e+01	-8.486425e+02
3.280000e-06	-8.127748e-06	-1.430249e-08	-5.686831e+01	-8.489357e+02
3.290000e-06	-8.133995e-06	-1.430907e-08	-5.691202e+01	-8.491153e+02
3.300000e-06	-8.137402e-06	-1.431444e-08	-5.693586e+01	-8.491895e+02
3.310000e-06	-8.138114e-06	-1.431176e-08	-5.694084e+01	-8.491633e+02
