# Temperatura_=_48.14
# Concentracion g/m^3_=_11780.0
# C_Vs_to_Am_M_A/Vsm_=_59384043850.047264
# pendiente_HvsI_1/m_=_3716.3
# ordenada_HvsI_A/m_=_1297.0
# frecuencia_Hz_=_301497.49134129693

Tiempo_(s)	Campo_(V.s)	Magnetizacion_(V.s)	Campo_(kA/m)	Magnetizacion_(A/m)
0.000000e+00	-8.144706e-06	-1.450236e-08	-5.692407e+01	-8.615570e+02
1.000000e-08	-8.140586e-06	-1.449665e-08	-5.689527e+01	-8.613257e+02
2.000000e-08	-8.133826e-06	-1.449316e-08	-5.684803e+01	-8.610255e+02
3.000000e-08	-8.124315e-06	-1.448872e-08	-5.678156e+01	-8.606542e+02
4.000000e-08	-8.111959e-06	-1.448448e-08	-5.669520e+01	-8.601944e+02
5.000000e-08	-8.096667e-06	-1.447845e-08	-5.658832e+01	-8.596191e+02
6.000000e-08	-8.078543e-06	-1.448028e-08	-5.646165e+01	-8.589016e+02
7.000000e-08	-8.057958e-06	-1.446202e-08	-5.631778e+01	-8.580267e+02
8.000000e-08	-8.034510e-06	-1.437269e-08	-5.615390e+01	-8.569982e+02
9.000000e-08	-8.007610e-06	-1.435198e-08	-5.596589e+01	-8.558396e+02
1.000000e-07	-7.977577e-06	-1.439257e-08	-5.575599e+01	-8.545881e+02
1.100000e-07	-7.944897e-06	-1.438311e-08	-5.552758e+01	-8.532818e+02
1.200000e-07	-7.909566e-06	-1.433785e-08	-5.528065e+01	-8.519465e+02
1.300000e-07	-7.871859e-06	-1.433900e-08	-5.501712e+01	-8.505860e+02
1.400000e-07	-7.832043e-06	-1.435537e-08	-5.473884e+01	-8.491797e+02
1.500000e-07	-7.789570e-06	-1.424399e-08	-5.444199e+01	-8.476899e+02
1.600000e-07	-7.744186e-06	-1.427359e-08	-5.412480e+01	-8.460746e+02
1.700000e-07	-7.696138e-06	-1.418726e-08	-5.378899e+01	-8.443025e+02
1.800000e-07	-7.644943e-06	-1.411931e-08	-5.343118e+01	-8.423643e+02
1.900000e-07	-7.590617e-06	-1.418461e-08	-5.305149e+01	-8.402754e+02
2.000000e-07	-7.533565e-06	-1.409634e-08	-5.265275e+01	-8.380691e+02
2.100000e-07	-7.473760e-06	-1.408645e-08	-5.223477e+01	-8.357831e+02
2.200000e-07	-7.411404e-06	-1.401954e-08	-5.179896e+01	-8.334436e+02
2.300000e-07	-7.346361e-06	-1.399766e-08	-5.134436e+01	-8.310541e+02
2.400000e-07	-7.278484e-06	-1.396116e-08	-5.086996e+01	-8.285928e+02
2.500000e-07	-7.207960e-06	-1.386586e-08	-5.037707e+01	-8.260197e+02
2.600000e-07	-7.134735e-06	-1.384264e-08	-4.986529e+01	-8.232911e+02
2.700000e-07	-7.058718e-06	-1.381510e-08	-4.933400e+01	-8.203759e+02
2.800000e-07	-6.979924e-06	-1.379148e-08	-4.878330e+01	-8.172678e+02
2.900000e-07	-6.898480e-06	-1.370090e-08	-4.821409e+01	-8.139877e+02
3.000000e-07	-6.814670e-06	-1.363718e-08	-4.762833e+01	-8.105761e+02
3.100000e-07	-6.728612e-06	-1.358948e-08	-4.702687e+01	-8.070783e+02
3.200000e-07	-6.640201e-06	-1.351093e-08	-4.640895e+01	-8.035275e+02
3.300000e-07	-6.549380e-06	-1.346357e-08	-4.577420e+01	-7.999323e+02
3.400000e-07	-6.456272e-06	-1.339752e-08	-4.512345e+01	-7.962737e+02
3.500000e-07	-6.360877e-06	-1.335067e-08	-4.445673e+01	-7.925122e+02
3.600000e-07	-6.263077e-06	-1.329603e-08	-4.377320e+01	-7.886024e+02
3.700000e-07	-6.162977e-06	-1.321610e-08	-4.307359e+01	-7.845093e+02
3.800000e-07	-6.060744e-06	-1.312660e-08	-4.235908e+01	-7.802203e+02
3.900000e-07	-5.956317e-06	-1.304318e-08	-4.162922e+01	-7.757478e+02
4.000000e-07	-5.849651e-06	-1.298195e-08	-4.088373e+01	-7.711231e+02
4.100000e-07	-5.740920e-06	-1.290346e-08	-4.012380e+01	-7.663820e+02
4.200000e-07	-5.630173e-06	-1.282501e-08	-3.934978e+01	-7.615504e+02
4.300000e-07	-5.517342e-06	-1.274648e-08	-3.856119e+01	-7.566339e+02
4.400000e-07	-5.402373e-06	-1.267166e-08	-3.775766e+01	-7.516151e+02
4.500000e-07	-5.285221e-06	-1.257802e-08	-3.693888e+01	-7.464614e+02
4.600000e-07	-5.166057e-06	-1.247472e-08	-3.610603e+01	-7.411376e+02
4.700000e-07	-5.045060e-06	-1.238264e-08	-3.526037e+01	-7.356196e+02
4.800000e-07	-4.922241e-06	-1.229383e-08	-3.440198e+01	-7.299031e+02
4.900000e-07	-4.797656e-06	-1.220083e-08	-3.353124e+01	-7.240041e+02
5.000000e-07	-4.671368e-06	-1.209801e-08	-3.264860e+01	-7.179517e+02
5.100000e-07	-4.543458e-06	-1.199505e-08	-3.175463e+01	-7.117746e+02
5.200000e-07	-4.413900e-06	-1.189175e-08	-3.084914e+01	-7.054891e+02
5.300000e-07	-4.282680e-06	-1.178402e-08	-2.993203e+01	-6.990913e+02
5.400000e-07	-4.149940e-06	-1.166645e-08	-2.900430e+01	-6.925576e+02
5.500000e-07	-4.015705e-06	-1.154808e-08	-2.806612e+01	-6.858528e+02
5.600000e-07	-3.880032e-06	-1.143729e-08	-2.711789e+01	-6.789421e+02
5.700000e-07	-3.743005e-06	-1.132254e-08	-2.616019e+01	-6.718025e+02
5.800000e-07	-3.604504e-06	-1.119866e-08	-2.519220e+01	-6.644291e+02
5.900000e-07	-3.464510e-06	-1.107042e-08	-2.421376e+01	-6.568335e+02
6.000000e-07	-3.323098e-06	-1.094377e-08	-2.322543e+01	-6.490361e+02
6.100000e-07	-3.180368e-06	-1.081289e-08	-2.222788e+01	-6.410553e+02
6.200000e-07	-3.036472e-06	-1.067172e-08	-2.122217e+01	-6.328979e+02
6.300000e-07	-2.891450e-06	-1.053065e-08	-2.020860e+01	-6.245549e+02
6.400000e-07	-2.745370e-06	-1.038911e-08	-1.918764e+01	-6.160038e+02
6.500000e-07	-2.598295e-06	-1.024583e-08	-1.815971e+01	-6.072165e+02
6.600000e-07	-2.450357e-06	-1.009246e-08	-1.712576e+01	-5.981689e+02
6.700000e-07	-2.301661e-06	-9.934287e-09	-1.608651e+01	-5.888479e+02
6.800000e-07	-2.152154e-06	-9.772128e-09	-1.504159e+01	-5.792530e+02
6.900000e-07	-2.001887e-06	-9.606766e-09	-1.399136e+01	-5.693923e+02
7.000000e-07	-1.850984e-06	-9.438446e-09	-1.293669e+01	-5.592741e+02
7.100000e-07	-1.699425e-06	-9.262844e-09	-1.187743e+01	-5.488981e+02
7.200000e-07	-1.547218e-06	-9.084779e-09	-1.081364e+01	-5.382508e+02
7.300000e-07	-1.394533e-06	-8.902026e-09	-9.746512e+00	-5.273057e+02
7.400000e-07	-1.241394e-06	-8.715351e-09	-8.676210e+00	-5.160293e+02
7.500000e-07	-1.087744e-06	-8.518143e-09	-7.602337e+00	-5.043900e+02
7.600000e-07	-9.335925e-07	-8.314315e-09	-6.524960e+00	-4.923652e+02
7.700000e-07	-7.790427e-07	-8.103908e-09	-5.444798e+00	-4.799436e+02
7.800000e-07	-6.241875e-07	-7.889453e-09	-4.362502e+00	-4.671210e+02
7.900000e-07	-4.691140e-07	-7.670842e-09	-3.278679e+00	-4.538906e+02
8.000000e-07	-3.139439e-07	-7.440279e-09	-2.194182e+00	-4.402319e+02
8.100000e-07	-1.586128e-07	-7.198487e-09	-1.108559e+00	-4.261025e+02
8.200000e-07	-3.143322e-09	-6.948616e-09	-2.196896e-02	-4.114369e+02
8.300000e-07	1.522645e-07	-6.692535e-09	1.064190e+00	-3.961535e+02
8.400000e-07	3.075631e-07	-6.423662e-09	2.149586e+00	-3.801680e+02
8.500000e-07	4.627899e-07	-6.143591e-09	3.234479e+00	-3.634093e+02
8.600000e-07	6.178667e-07	-5.849966e-09	4.318325e+00	-3.458310e+02
8.700000e-07	7.726569e-07	-5.540903e-09	5.400167e+00	-3.274154e+02
8.800000e-07	9.270798e-07	-5.213472e-09	6.479443e+00	-3.081670e+02
8.900000e-07	1.081093e-06	-4.869054e-09	7.555857e+00	-2.880972e+02
9.000000e-07	1.234636e-06	-4.514204e-09	8.628980e+00	-2.672039e+02
9.100000e-07	1.387730e-06	-4.149163e-09	9.698969e+00	-2.454528e+02
9.200000e-07	1.540397e-06	-3.768971e-09	1.076597e+01	-2.227659e+02
9.300000e-07	1.692552e-06	-3.366350e-09	1.182940e+01	-1.990206e+02
9.400000e-07	1.844072e-06	-2.945054e-09	1.288838e+01	-1.740597e+02
9.500000e-07	1.994909e-06	-2.501683e-09	1.394259e+01	-1.477118e+02
9.600000e-07	2.145053e-06	-2.029416e-09	1.499196e+01	-1.198151e+02
9.700000e-07	2.294429e-06	-1.522197e-09	1.603597e+01	-9.024346e+01
9.800000e-07	2.443010e-06	-9.856014e-10	1.707441e+01	-5.892692e+01
9.900000e-07	2.590799e-06	-4.269018e-10	1.810733e+01	-2.586746e+01
1.000000e-06	2.737593e-06	1.582073e-10	1.913328e+01	8.852786e+00
1.010000e-06	2.883348e-06	7.711440e-10	2.015197e+01	4.506978e+01
1.020000e-06	3.028122e-06	1.404287e-09	2.116381e+01	8.254158e+01
1.030000e-06	3.171752e-06	2.050371e-09	2.216765e+01	1.209576e+02
1.040000e-06	3.314211e-06	2.709712e-09	2.316331e+01	1.599525e+02
1.050000e-06	3.455445e-06	3.377002e-09	2.415041e+01	1.991253e+02
1.060000e-06	3.595355e-06	4.040891e-09	2.512825e+01	2.380614e+02
1.070000e-06	3.733835e-06	4.688399e-09	2.609611e+01	2.763579e+02
1.080000e-06	3.870832e-06	5.313572e-09	2.705358e+01	3.136477e+02
1.090000e-06	4.006424e-06	5.918246e-09	2.800125e+01	3.496211e+02
1.100000e-06	4.140608e-06	6.496106e-09	2.893908e+01	3.840397e+02
1.110000e-06	4.273367e-06	7.043193e-09	2.986694e+01	4.167428e+02
1.120000e-06	4.404553e-06	7.560593e-09	3.078381e+01	4.476442e+02
1.130000e-06	4.534081e-06	8.052353e-09	3.168910e+01	4.767220e+02
1.140000e-06	4.662033e-06	8.518572e-09	3.258336e+01	5.040033e+02
1.150000e-06	4.788364e-06	8.952372e-09	3.346630e+01	5.295477e+02
1.160000e-06	4.913089e-06	9.352019e-09	3.433801e+01	5.534328e+02
1.170000e-06	5.036048e-06	9.724270e-09	3.519738e+01	5.757430e+02
1.180000e-06	5.157114e-06	1.007359e-08	3.604352e+01	5.965632e+02
1.190000e-06	5.276327e-06	1.039640e-08	3.687672e+01	6.159757e+02
1.200000e-06	5.393640e-06	1.069544e-08	3.769662e+01	6.340604e+02
1.210000e-06	5.508846e-06	1.097568e-08	3.850181e+01	6.508956e+02
1.220000e-06	5.621878e-06	1.124348e-08	3.929180e+01	6.665587e+02
1.230000e-06	5.732902e-06	1.149181e-08	4.006776e+01	6.811269e+02
1.240000e-06	5.841988e-06	1.171841e-08	4.083017e+01	6.946767e+02
1.250000e-06	5.948992e-06	1.192841e-08	4.157803e+01	7.072829e+02
1.260000e-06	6.053792e-06	1.212777e-08	4.231049e+01	7.190172e+02
1.270000e-06	6.156430e-06	1.231458e-08	4.302783e+01	7.299474e+02
1.280000e-06	6.256885e-06	1.248387e-08	4.372992e+01	7.401352e+02
1.290000e-06	6.354989e-06	1.263932e-08	4.441558e+01	7.496356e+02
1.300000e-06	6.450718e-06	1.278448e-08	4.508464e+01	7.584958e+02
1.310000e-06	6.544247e-06	1.292222e-08	4.573832e+01	7.667554e+02
1.320000e-06	6.635490e-06	1.305036e-08	4.637603e+01	7.744481e+02
1.330000e-06	6.724308e-06	1.317062e-08	4.699678e+01	7.816036e+02
1.340000e-06	6.810769e-06	1.328519e-08	4.760106e+01	7.882514e+02
1.350000e-06	6.895003e-06	1.339284e-08	4.818978e+01	7.944235e+02
1.360000e-06	6.976828e-06	1.348622e-08	4.876167e+01	8.001558e+02
1.370000e-06	7.056077e-06	1.357024e-08	4.931555e+01	8.054882e+02
1.380000e-06	7.132796e-06	1.365193e-08	4.985174e+01	8.104622e+02
1.390000e-06	7.206806e-06	1.373021e-08	5.036900e+01	8.151171e+02
1.400000e-06	7.278111e-06	1.380372e-08	5.086736e+01	8.194861e+02
1.410000e-06	7.346932e-06	1.387573e-08	5.134835e+01	8.235933e+02
1.420000e-06	7.413090e-06	1.394553e-08	5.181074e+01	8.274537e+02
1.430000e-06	7.476555e-06	1.400679e-08	5.225430e+01	8.310747e+02
1.440000e-06	7.537577e-06	1.406101e-08	5.268079e+01	8.344597e+02
1.450000e-06	7.595965e-06	1.411219e-08	5.308887e+01	8.376122e+02
1.460000e-06	7.651623e-06	1.416103e-08	5.347787e+01	8.405387e+02
1.470000e-06	7.704361e-06	1.420559e-08	5.384646e+01	8.432491e+02
1.480000e-06	7.753871e-06	1.424898e-08	5.419249e+01	8.457556e+02
1.490000e-06	7.800421e-06	1.429021e-08	5.451783e+01	8.480699e+02
1.500000e-06	7.844261e-06	1.432698e-08	5.482424e+01	8.502010e+02
1.510000e-06	7.885235e-06	1.435936e-08	5.511060e+01	8.521538e+02
1.520000e-06	7.923357e-06	1.438765e-08	5.537704e+01	8.539306e+02
1.530000e-06	7.958821e-06	1.441325e-08	5.562490e+01	8.555332e+02
1.540000e-06	7.991519e-06	1.443678e-08	5.585343e+01	8.569663e+02
1.550000e-06	8.021407e-06	1.445867e-08	5.606232e+01	8.582387e+02
1.560000e-06	8.048556e-06	1.447763e-08	5.625207e+01	8.593628e+02
1.570000e-06	8.072770e-06	1.449395e-08	5.642130e+01	8.603518e+02
1.580000e-06	8.094078e-06	1.450656e-08	5.657022e+01	8.612157e+02
1.590000e-06	8.112687e-06	1.451685e-08	5.670028e+01	8.619579e+02
1.600000e-06	8.128399e-06	1.452741e-08	5.681010e+01	8.625742e+02
1.610000e-06	8.141010e-06	1.453594e-08	5.689824e+01	8.630560e+02
1.620000e-06	8.150451e-06	1.454116e-08	5.696422e+01	8.633944e+02
1.630000e-06	8.156949e-06	1.454362e-08	5.700963e+01	8.635869e+02
1.640000e-06	8.160683e-06	1.454469e-08	5.703573e+01	8.636407e+02
1.650000e-06	8.161508e-06	1.454331e-08	5.704150e+01	8.635732e+02
1.660000e-06	8.159572e-06	1.454710e-08	5.702797e+01	8.634070e+02
1.670000e-06	8.154979e-06	1.454145e-08	5.699587e+01	8.631625e+02
1.680000e-06	8.147657e-06	1.453161e-08	5.694469e+01	8.628499e+02
1.690000e-06	8.137702e-06	1.452362e-08	5.687512e+01	8.624641e+02
1.700000e-06	8.124938e-06	1.451126e-08	5.678591e+01	8.619854e+02
1.710000e-06	8.109304e-06	1.448738e-08	5.667664e+01	8.613861e+02
1.720000e-06	8.091203e-06	1.445415e-08	5.655013e+01	8.606408e+02
1.730000e-06	8.070754e-06	1.452294e-08	5.640721e+01	8.597372e+02
1.740000e-06	8.047219e-06	1.453170e-08	5.624273e+01	8.586828e+02
1.750000e-06	8.019941e-06	1.445200e-08	5.605208e+01	8.575044e+02
1.760000e-06	7.989120e-06	1.441669e-08	5.583667e+01	8.562401e+02
1.770000e-06	7.955411e-06	1.440157e-08	5.560107e+01	8.549269e+02
1.780000e-06	7.919328e-06	1.431256e-08	5.534889e+01	8.535872e+02
1.790000e-06	7.880967e-06	1.433614e-08	5.508077e+01	8.522203e+02
1.800000e-06	7.840459e-06	1.437866e-08	5.479766e+01	8.508018e+02
1.810000e-06	7.797467e-06	1.422370e-08	5.449719e+01	8.492922e+02
1.820000e-06	7.751787e-06	1.432881e-08	5.417793e+01	8.476503e+02
1.830000e-06	7.703368e-06	1.425722e-08	5.383952e+01	8.458481e+02
1.840000e-06	7.651823e-06	1.419082e-08	5.347927e+01	8.438808e+02
1.850000e-06	7.597317e-06	1.421001e-08	5.309832e+01	8.417678e+02
1.860000e-06	7.539968e-06	1.404936e-08	5.269750e+01	8.395443e+02
1.870000e-06	7.479975e-06	1.413754e-08	5.227821e+01	8.372470e+02
1.880000e-06	7.417368e-06	1.404292e-08	5.184064e+01	8.348987e+02
1.890000e-06	7.351922e-06	1.401495e-08	5.138323e+01	8.324983e+02
1.900000e-06	7.283794e-06	1.401939e-08	5.090708e+01	8.300200e+02
1.910000e-06	7.212775e-06	1.390584e-08	5.041072e+01	8.274218e+02
1.920000e-06	7.138999e-06	1.391103e-08	4.989510e+01	8.246611e+02
1.930000e-06	7.062552e-06	1.379099e-08	4.936080e+01	8.217108e+02
1.940000e-06	6.983334e-06	1.378652e-08	4.880714e+01	8.185694e+02
1.950000e-06	6.901643e-06	1.371466e-08	4.823619e+01	8.152621e+02
1.960000e-06	6.817508e-06	1.366629e-08	4.764816e+01	8.118315e+02
1.970000e-06	6.730949e-06	1.365185e-08	4.704320e+01	8.083221e+02
1.980000e-06	6.641950e-06	1.352887e-08	4.642118e+01	8.047632e+02
1.990000e-06	6.550642e-06	1.350420e-08	4.578302e+01	8.011584e+02
2.000000e-06	6.457027e-06	1.340147e-08	4.512873e+01	7.974843e+02
2.010000e-06	6.361049e-06	1.335859e-08	4.445793e+01	7.936992e+02
2.020000e-06	6.262872e-06	1.327906e-08	4.377176e+01	7.897584e+02
2.030000e-06	6.162464e-06	1.322387e-08	4.307001e+01	7.856301e+02
2.040000e-06	6.059833e-06	1.316764e-08	4.235271e+01	7.813064e+02
2.050000e-06	5.954984e-06	1.308029e-08	4.161991e+01	7.768037e+02
2.060000e-06	5.848017e-06	1.300688e-08	4.087231e+01	7.721553e+02
2.070000e-06	5.739023e-06	1.290296e-08	4.011054e+01	7.673963e+02
2.080000e-06	5.627931e-06	1.283429e-08	3.933411e+01	7.625495e+02
2.090000e-06	5.514658e-06	1.273676e-08	3.854243e+01	7.576161e+02
2.100000e-06	5.399265e-06	1.266664e-08	3.773594e+01	7.525756e+02
2.110000e-06	5.281769e-06	1.257286e-08	3.691475e+01	7.473936e+02
2.120000e-06	5.162190e-06	1.249392e-08	3.607900e+01	7.420360e+02
2.130000e-06	5.040729e-06	1.239287e-08	3.523010e+01	7.364818e+02
2.140000e-06	4.917494e-06	1.229398e-08	3.436880e+01	7.307307e+02
2.150000e-06	4.792568e-06	1.218697e-08	3.349568e+01	7.248017e+02
2.160000e-06	4.665884e-06	1.208395e-08	3.261028e+01	7.187247e+02
2.170000e-06	4.537498e-06	1.198579e-08	3.171297e+01	7.125273e+02
2.180000e-06	4.407493e-06	1.187621e-08	3.080436e+01	7.062222e+02
2.190000e-06	4.275956e-06	1.177538e-08	2.988503e+01	6.998020e+02
2.200000e-06	4.142928e-06	1.166044e-08	2.895529e+01	6.932401e+02
2.210000e-06	4.008364e-06	1.155184e-08	2.801481e+01	6.865005e+02
2.220000e-06	3.872328e-06	1.142935e-08	2.706404e+01	6.795498e+02
2.230000e-06	3.734790e-06	1.131055e-08	2.610278e+01	6.723679e+02
2.240000e-06	3.595849e-06	1.118211e-08	2.513170e+01	6.649533e+02
2.250000e-06	3.455644e-06	1.105445e-08	2.415180e+01	6.573196e+02
2.260000e-06	3.314217e-06	1.092210e-08	2.316335e+01	6.494880e+02
2.270000e-06	3.171453e-06	1.078636e-08	2.216556e+01	6.414753e+02
2.280000e-06	3.027460e-06	1.064691e-08	2.115919e+01	6.332855e+02
2.290000e-06	2.882390e-06	1.050662e-08	2.014528e+01	6.249068e+02
2.300000e-06	2.736211e-06	1.036026e-08	1.912362e+01	6.163152e+02
2.310000e-06	2.589066e-06	1.021032e-08	1.809521e+01	6.074826e+02
2.320000e-06	2.441080e-06	1.005517e-08	1.706092e+01	5.983865e+02
2.330000e-06	2.292358e-06	9.897598e-09	1.602149e+01	5.890159e+02
2.340000e-06	2.142878e-06	9.737476e-09	1.497676e+01	5.793724e+02
2.350000e-06	1.992564e-06	9.571100e-09	1.392620e+01	5.694649e+02
2.360000e-06	1.841542e-06	9.400796e-09	1.287070e+01	5.593007e+02
2.370000e-06	1.689941e-06	9.223124e-09	1.181115e+01	5.488773e+02
2.380000e-06	1.537749e-06	9.043222e-09	1.074747e+01	5.381787e+02
2.390000e-06	1.384922e-06	8.853820e-09	9.679342e+00	5.271766e+02
2.400000e-06	1.231504e-06	8.662777e-09	8.607090e+00	5.158371e+02
2.410000e-06	1.077602e-06	8.465764e-09	7.531457e+00	5.041299e+02
2.420000e-06	9.233478e-07	8.265554e-09	6.453359e+00	4.920344e+02
2.430000e-06	7.688507e-07	8.055818e-09	5.373566e+00	4.795411e+02
2.440000e-06	6.140952e-07	7.836632e-09	4.291966e+00	4.666461e+02
2.450000e-06	4.591326e-07	7.612419e-09	3.208919e+00	4.533409e+02
2.460000e-06	3.040180e-07	7.380523e-09	2.124808e+00	4.396016e+02
2.470000e-06	1.487716e-07	7.140632e-09	1.039778e+00	4.253815e+02
2.480000e-06	-6.473354e-09	6.889121e-09	-4.524285e-02	4.106114e+02
2.490000e-06	-1.616782e-07	6.629569e-09	-1.129983e+00	3.952083e+02
2.500000e-06	-3.168194e-07	6.360087e-09	-2.214279e+00	3.790890e+02
2.510000e-06	-4.718123e-07	6.079128e-09	-3.297538e+00	3.621862e+02
2.520000e-06	-6.266669e-07	5.782539e-09	-4.379830e+00	3.444585e+02
2.530000e-06	-7.813435e-07	5.468150e-09	-5.460879e+00	3.258930e+02
2.540000e-06	-9.357029e-07	5.139682e-09	-6.539710e+00	3.064969e+02
2.550000e-06	-1.089701e-06	4.799423e-09	-7.616019e+00	2.862805e+02
2.560000e-06	-1.243350e-06	4.445724e-09	-8.689879e+00	2.652373e+02
2.570000e-06	-1.396507e-06	4.076598e-09	-9.760311e+00	2.433258e+02
2.580000e-06	-1.549068e-06	3.693263e-09	-1.082657e+01	2.204598e+02
2.590000e-06	-1.701058e-06	3.295171e-09	-1.188884e+01	1.965092e+02
2.600000e-06	-1.852468e-06	2.876392e-09	-1.294706e+01	1.713130e+02
2.610000e-06	-2.003128e-06	2.429939e-09	-1.400004e+01	1.446992e+02
2.620000e-06	-2.152960e-06	1.955573e-09	-1.504723e+01	1.165110e+02
2.630000e-06	-2.302057e-06	1.455559e-09	-1.608928e+01	8.663063e+01
2.640000e-06	-2.450428e-06	9.265037e-10	-1.712626e+01	5.500010e+01
2.650000e-06	-2.597943e-06	3.658759e-10	-1.815726e+01	2.163531e+01
2.660000e-06	-2.744506e-06	-2.226113e-10	-1.918159e+01	-1.336694e+01
2.670000e-06	-2.890157e-06	-8.323599e-10	-2.019956e+01	-4.982824e+01
2.680000e-06	-3.034770e-06	-1.461526e-09	-2.121027e+01	-8.749358e+01
2.690000e-06	-3.178230e-06	-2.108216e-09	-2.221293e+01	-1.260414e+02
2.700000e-06	-3.320421e-06	-2.763100e-09	-2.320672e+01	-1.650986e+02
2.710000e-06	-3.461301e-06	-3.419204e-09	-2.419134e+01	-2.042599e+02
2.720000e-06	-3.600886e-06	-4.071307e-09	-2.516691e+01	-2.431109e+02
2.730000e-06	-3.739158e-06	-4.714517e-09	-2.613330e+01	-2.812535e+02
2.740000e-06	-3.876116e-06	-5.340975e-09	-2.709052e+01	-3.183295e+02
2.750000e-06	-4.011596e-06	-5.941555e-09	-2.803740e+01	-3.540409e+02
2.760000e-06	-4.145539e-06	-6.515276e-09	-2.897354e+01	-3.881630e+02
2.770000e-06	-4.278025e-06	-7.060987e-09	-2.989949e+01	-4.205490e+02
2.780000e-06	-4.409043e-06	-7.574775e-09	-3.081519e+01	-4.511252e+02
2.790000e-06	-4.538576e-06	-8.057575e-09	-3.172051e+01	-4.798794e+02
2.800000e-06	-4.666522e-06	-8.511307e-09	-3.261474e+01	-5.068458e+02
2.810000e-06	-4.792689e-06	-8.939632e-09	-3.349653e+01	-5.320883e+02
2.820000e-06	-4.917157e-06	-9.340251e-09	-3.436644e+01	-5.556863e+02
2.830000e-06	-5.039971e-06	-9.712315e-09	-3.522480e+01	-5.777246e+02
2.840000e-06	-5.161024e-06	-1.005937e-08	-3.607085e+01	-5.982878e+02
2.850000e-06	-5.280077e-06	-1.038302e-08	-3.690292e+01	-6.174578e+02
2.860000e-06	-5.396976e-06	-1.068360e-08	-3.771994e+01	-6.353140e+02
2.870000e-06	-5.511744e-06	-1.096190e-08	-3.852207e+01	-6.519346e+02
2.880000e-06	-5.624317e-06	-1.122271e-08	-3.930885e+01	-6.673969e+02
2.890000e-06	-5.734783e-06	-1.146842e-08	-4.008091e+01	-6.817781e+02
2.900000e-06	-5.843259e-06	-1.169777e-08	-4.083905e+01	-6.951543e+02
2.910000e-06	-5.949771e-06	-1.190735e-08	-4.158347e+01	-7.075999e+02
2.920000e-06	-6.054238e-06	-1.209878e-08	-4.231360e+01	-7.191863e+02
2.930000e-06	-6.156436e-06	-1.227793e-08	-4.302788e+01	-7.299799e+02
2.940000e-06	-6.256333e-06	-1.244761e-08	-4.372606e+01	-7.400415e+02
2.950000e-06	-6.354109e-06	-1.260690e-08	-4.440943e+01	-7.494247e+02
2.960000e-06	-6.449675e-06	-1.275710e-08	-4.507734e+01	-7.581753e+02
2.970000e-06	-6.542861e-06	-1.289859e-08	-4.572863e+01	-7.663317e+02
2.980000e-06	-6.633771e-06	-1.302920e-08	-4.636401e+01	-7.739267e+02
2.990000e-06	-6.722468e-06	-1.314753e-08	-4.698393e+01	-7.809897e+02
3.000000e-06	-6.808733e-06	-1.325583e-08	-4.758684e+01	-7.875505e+02
3.010000e-06	-6.892500e-06	-1.335811e-08	-4.817229e+01	-7.936416e+02
3.020000e-06	-6.973915e-06	-1.345383e-08	-4.874131e+01	-7.992999e+02
3.030000e-06	-7.052777e-06	-1.354321e-08	-4.929248e+01	-8.045656e+02
3.040000e-06	-7.128852e-06	-1.362599e-08	-4.982417e+01	-8.094803e+02
3.050000e-06	-7.202256e-06	-1.370494e-08	-5.033720e+01	-8.140823e+02
3.060000e-06	-7.273044e-06	-1.377983e-08	-5.083194e+01	-8.184034e+02
3.070000e-06	-7.341237e-06	-1.384831e-08	-5.130855e+01	-8.224661e+02
3.080000e-06	-7.406932e-06	-1.390900e-08	-5.176770e+01	-8.262837e+02
3.090000e-06	-7.470031e-06	-1.396690e-08	-5.220871e+01	-8.298627e+02
3.100000e-06	-7.530429e-06	-1.402326e-08	-5.263084e+01	-8.332062e+02
3.110000e-06	-7.588134e-06	-1.407408e-08	-5.303414e+01	-8.363181e+02
3.120000e-06	-7.643038e-06	-1.412142e-08	-5.341786e+01	-8.392056e+02
3.130000e-06	-7.694997e-06	-1.416889e-08	-5.378102e+01	-8.418790e+02
3.140000e-06	-7.743803e-06	-1.421360e-08	-5.412212e+01	-8.443508e+02
3.150000e-06	-7.789646e-06	-1.425230e-08	-5.444253e+01	-8.466322e+02
3.160000e-06	-7.833043e-06	-1.428524e-08	-5.474583e+01	-8.487316e+02
3.170000e-06	-7.873924e-06	-1.431307e-08	-5.503155e+01	-8.506532e+02
3.180000e-06	-7.911998e-06	-1.434179e-08	-5.529765e+01	-8.523991e+02
3.190000e-06	-7.947283e-06	-1.436927e-08	-5.554426e+01	-8.539714e+02
3.200000e-06	-7.979800e-06	-1.439410e-08	-5.577153e+01	-8.553753e+02
3.210000e-06	-8.009362e-06	-1.441827e-08	-5.597814e+01	-8.566206e+02
3.220000e-06	-8.036056e-06	-1.444107e-08	-5.616471e+01	-8.577200e+02
3.230000e-06	-8.059997e-06	-1.445952e-08	-5.633203e+01	-8.586865e+02
3.240000e-06	-8.081064e-06	-1.447247e-08	-5.647927e+01	-8.595290e+02
3.250000e-06	-8.099288e-06	-1.448099e-08	-5.660664e+01	-8.602495e+02
3.260000e-06	-8.114616e-06	-1.448986e-08	-5.671377e+01	-8.608429e+02
3.270000e-06	-8.126828e-06	-1.449922e-08	-5.679912e+01	-8.613000e+02
3.280000e-06	-8.136051e-06	-1.450655e-08	-5.686358e+01	-8.616126e+02
3.290000e-06	-8.142395e-06	-1.451115e-08	-5.690792e+01	-8.617799e+02
3.300000e-06	-8.145837e-06	-1.451555e-08	-5.693197e+01	-8.618109e+02
3.310000e-06	-8.146466e-06	-1.451582e-08	-5.693637e+01	-8.617245e+02
