# Temperatura_=_58.37
# Concentracion g/m^3_=_11780.0
# C_Vs_to_Am_M_A/Vsm_=_59384043850.047264
# pendiente_HvsI_1/m_=_3716.3
# ordenada_HvsI_A/m_=_1297.0
# frecuencia_Hz_=_301501.45326713

Tiempo_(s)	Campo_(V.s)	Magnetizacion_(V.s)	Campo_(kA/m)	Magnetizacion_(A/m)
0.000000e+00	-8.146064e-06	-1.476582e-08	-5.692670e+01	-8.773373e+02
1.000000e-08	-8.142195e-06	-1.475731e-08	-5.689966e+01	-8.770925e+02
2.000000e-08	-8.135774e-06	-1.475252e-08	-5.685479e+01	-8.767740e+02
3.000000e-08	-8.126602e-06	-1.474783e-08	-5.679069e+01	-8.763928e+02
4.000000e-08	-8.114478e-06	-1.474063e-08	-5.670596e+01	-8.759411e+02
5.000000e-08	-8.099363e-06	-1.473181e-08	-5.660033e+01	-8.753939e+02
6.000000e-08	-8.081452e-06	-1.473110e-08	-5.647517e+01	-8.747179e+02
7.000000e-08	-8.061091e-06	-1.471941e-08	-5.633288e+01	-8.738845e+02
8.000000e-08	-8.037915e-06	-1.465088e-08	-5.617092e+01	-8.728820e+02
9.000000e-08	-8.011351e-06	-1.462676e-08	-5.598529e+01	-8.717228e+02
1.000000e-07	-7.981624e-06	-1.464986e-08	-5.577755e+01	-8.704407e+02
1.100000e-07	-7.949147e-06	-1.463622e-08	-5.555059e+01	-8.690803e+02
1.200000e-07	-7.913981e-06	-1.459262e-08	-5.530484e+01	-8.676817e+02
1.300000e-07	-7.876433e-06	-1.458129e-08	-5.504245e+01	-8.662655e+02
1.400000e-07	-7.836775e-06	-1.459635e-08	-5.476530e+01	-8.648250e+02
1.500000e-07	-7.794528e-06	-1.451497e-08	-5.447008e+01	-8.633274e+02
1.600000e-07	-7.749389e-06	-1.452907e-08	-5.415463e+01	-8.617252e+02
1.700000e-07	-7.701555e-06	-1.446880e-08	-5.382035e+01	-8.599722e+02
1.800000e-07	-7.650639e-06	-1.439810e-08	-5.346454e+01	-8.580390e+02
1.900000e-07	-7.596581e-06	-1.442456e-08	-5.308677e+01	-8.559226e+02
2.000000e-07	-7.539819e-06	-1.435117e-08	-5.269010e+01	-8.536448e+02
2.100000e-07	-7.480294e-06	-1.432695e-08	-5.227413e+01	-8.512429e+02
2.200000e-07	-7.418064e-06	-1.426948e-08	-5.183925e+01	-8.487542e+02
2.300000e-07	-7.353090e-06	-1.424785e-08	-5.138520e+01	-8.462012e+02
2.400000e-07	-7.285341e-06	-1.421901e-08	-5.091175e+01	-8.435836e+02
2.500000e-07	-7.215047e-06	-1.413877e-08	-5.042052e+01	-8.408790e+02
2.600000e-07	-7.142065e-06	-1.409817e-08	-4.991051e+01	-8.380528e+02
2.700000e-07	-7.066243e-06	-1.405400e-08	-4.938064e+01	-8.350720e+02
2.800000e-07	-6.987635e-06	-1.402464e-08	-4.883131e+01	-8.319182e+02
2.900000e-07	-6.906378e-06	-1.394623e-08	-4.826346e+01	-8.285940e+02
3.000000e-07	-6.822744e-06	-1.387878e-08	-4.767901e+01	-8.251212e+02
3.100000e-07	-6.736905e-06	-1.383396e-08	-4.707914e+01	-8.215307e+02
3.200000e-07	-6.648734e-06	-1.376836e-08	-4.646298e+01	-8.178495e+02
3.300000e-07	-6.558098e-06	-1.371367e-08	-4.582960e+01	-8.140895e+02
3.400000e-07	-6.465122e-06	-1.363570e-08	-4.517986e+01	-8.102423e+02
3.500000e-07	-6.369847e-06	-1.357458e-08	-4.451405e+01	-8.062826e+02
3.600000e-07	-6.272173e-06	-1.351518e-08	-4.383148e+01	-8.021779e+02
3.700000e-07	-6.172188e-06	-1.343981e-08	-4.313277e+01	-7.979009e+02
3.800000e-07	-6.070072e-06	-1.335279e-08	-4.241915e+01	-7.934394e+02
3.900000e-07	-5.965787e-06	-1.327084e-08	-4.169039e+01	-7.887993e+02
4.000000e-07	-5.859276e-06	-1.321068e-08	-4.094606e+01	-7.840011e+02
4.100000e-07	-5.750704e-06	-1.313067e-08	-4.018733e+01	-7.790697e+02
4.200000e-07	-5.640193e-06	-1.304196e-08	-3.941505e+01	-7.740238e+02
4.300000e-07	-5.527573e-06	-1.295092e-08	-3.862804e+01	-7.688681e+02
4.400000e-07	-5.412686e-06	-1.286889e-08	-3.782518e+01	-7.635916e+02
4.500000e-07	-5.295658e-06	-1.277756e-08	-3.700736e+01	-7.581729e+02
4.600000e-07	-5.176668e-06	-1.267519e-08	-3.617583e+01	-7.525896e+02
4.700000e-07	-5.055828e-06	-1.257680e-08	-3.533136e+01	-7.468276e+02
4.800000e-07	-4.933139e-06	-1.248480e-08	-3.447398e+01	-7.408869e+02
4.900000e-07	-4.808655e-06	-1.239249e-08	-3.360406e+01	-7.347808e+02
5.000000e-07	-4.682572e-06	-1.228282e-08	-3.272296e+01	-7.285297e+02
5.100000e-07	-4.554874e-06	-1.216915e-08	-3.183058e+01	-7.221510e+02
5.200000e-07	-4.425418e-06	-1.206168e-08	-3.092591e+01	-7.156512e+02
5.300000e-07	-4.294249e-06	-1.195370e-08	-3.000927e+01	-7.090212e+02
5.400000e-07	-4.161577e-06	-1.183385e-08	-2.908212e+01	-7.022389e+02
5.500000e-07	-4.027494e-06	-1.170940e-08	-2.814511e+01	-6.952762e+02
5.600000e-07	-3.891968e-06	-1.159273e-08	-2.719803e+01	-6.881084e+02
5.700000e-07	-3.754979e-06	-1.147575e-08	-2.624071e+01	-6.807216e+02
5.800000e-07	-3.616493e-06	-1.134883e-08	-2.527294e+01	-6.731158e+02
5.900000e-07	-3.476559e-06	-1.121365e-08	-2.429505e+01	-6.653014e+02
6.000000e-07	-3.335148e-06	-1.108115e-08	-2.330684e+01	-6.572925e+02
6.100000e-07	-3.192333e-06	-1.094989e-08	-2.230881e+01	-6.490984e+02
6.200000e-07	-3.048297e-06	-1.080786e-08	-2.130225e+01	-6.407178e+02
6.300000e-07	-2.903132e-06	-1.065710e-08	-2.028780e+01	-6.321375e+02
6.400000e-07	-2.757051e-06	-1.050766e-08	-1.926695e+01	-6.233370e+02
6.500000e-07	-2.610133e-06	-1.036290e-08	-1.824025e+01	-6.142947e+02
6.600000e-07	-2.462347e-06	-1.021109e-08	-1.720749e+01	-6.049951e+02
6.700000e-07	-2.313787e-06	-1.004994e-08	-1.616931e+01	-5.954319e+02
6.800000e-07	-2.164497e-06	-9.881783e-09	-1.512604e+01	-5.856070e+02
6.900000e-07	-2.014416e-06	-9.713869e-09	-1.407723e+01	-5.755250e+02
7.000000e-07	-1.863600e-06	-9.542288e-09	-1.302329e+01	-5.651860e+02
7.100000e-07	-1.712065e-06	-9.359948e-09	-1.196433e+01	-5.545801e+02
7.200000e-07	-1.559887e-06	-9.172969e-09	-1.090087e+01	-5.436862e+02
7.300000e-07	-1.407164e-06	-8.986049e-09	-9.833608e+00	-5.324754e+02
7.400000e-07	-1.253842e-06	-8.798504e-09	-8.762153e+00	-5.209173e+02
7.500000e-07	-1.100016e-06	-8.599978e-09	-7.687182e+00	-5.089877e+02
7.600000e-07	-9.457840e-07	-8.392096e-09	-6.609370e+00	-4.966719e+02
7.700000e-07	-7.912170e-07	-8.176805e-09	-5.529219e+00	-4.839632e+02
7.800000e-07	-6.363523e-07	-7.957027e-09	-4.446986e+00	-4.708568e+02
7.900000e-07	-4.812480e-07	-7.729606e-09	-3.363079e+00	-4.573395e+02
8.000000e-07	-3.260045e-07	-7.490924e-09	-2.278199e+00	-4.433812e+02
8.100000e-07	-1.706548e-07	-7.245756e-09	-1.192577e+00	-4.289308e+02
8.200000e-07	-1.526076e-08	-6.995872e-09	-1.066460e-01	-4.139185e+02
8.300000e-07	1.401605e-07	-6.735673e-09	9.794758e-01	-3.982646e+02
8.400000e-07	2.955630e-07	-6.456958e-09	2.065467e+00	-3.818928e+02
8.500000e-07	4.508271e-07	-6.166880e-09	3.150491e+00	-3.647409e+02
8.600000e-07	6.059362e-07	-5.867620e-09	4.234431e+00	-3.467689e+02
8.700000e-07	7.608186e-07	-5.551977e-09	5.316787e+00	-3.279576e+02
8.800000e-07	9.153792e-07	-5.214827e-09	6.396894e+00	-3.083000e+02
8.900000e-07	1.069598e-06	-4.864049e-09	7.474615e+00	-2.877879e+02
9.000000e-07	1.223454e-06	-4.506717e-09	8.549800e+00	-2.663959e+02
9.100000e-07	1.376889e-06	-4.135495e-09	9.622039e+00	-2.440685e+02
9.200000e-07	1.529737e-06	-3.739718e-09	1.069018e+01	-2.207141e+02
9.300000e-07	1.681915e-06	-3.319181e-09	1.175363e+01	-1.962063e+02
9.400000e-07	1.833478e-06	-2.882763e-09	1.281280e+01	-1.703932e+02
9.500000e-07	1.984369e-06	-2.424423e-09	1.386726e+01	-1.431127e+02
9.600000e-07	2.134511e-06	-1.934358e-09	1.491648e+01	-1.142117e+02
9.700000e-07	2.283853e-06	-1.411715e-09	1.596013e+01	-8.356732e+01
9.800000e-07	2.432362e-06	-8.627562e-10	1.699795e+01	-5.110702e+01
9.900000e-07	2.580062e-06	-2.869051e-10	1.803011e+01	-1.682780e+01
1.000000e-06	2.726932e-06	3.242222e-10	1.905647e+01	1.918892e+01
1.010000e-06	2.872904e-06	9.654066e-10	2.007656e+01	5.676814e+01
1.020000e-06	3.017856e-06	1.623245e-09	2.108952e+01	9.564016e+01
1.030000e-06	3.161634e-06	2.293328e-09	2.209427e+01	1.354496e+02
1.040000e-06	3.304208e-06	2.976306e-09	2.309061e+01	1.757749e+02
1.050000e-06	3.445524e-06	3.662558e-09	2.407817e+01	2.161571e+02
1.060000e-06	3.585529e-06	4.336445e-09	2.505655e+01	2.561344e+02
1.070000e-06	3.724262e-06	4.993154e-09	2.602606e+01	2.952762e+02
1.080000e-06	3.861555e-06	5.633658e-09	2.698549e+01	3.332129e+02
1.090000e-06	3.997283e-06	6.252712e-09	2.793399e+01	3.696543e+02
1.100000e-06	4.131549e-06	6.838452e-09	2.887228e+01	4.043967e+02
1.110000e-06	4.264366e-06	7.389706e-09	2.980044e+01	4.373172e+02
1.120000e-06	4.395731e-06	7.911391e-09	3.071845e+01	4.683608e+02
1.130000e-06	4.525574e-06	8.404582e-09	3.162582e+01	4.975231e+02
1.140000e-06	4.653704e-06	8.866262e-09	3.252122e+01	5.248345e+02
1.150000e-06	4.780134e-06	9.294593e-09	3.340475e+01	5.503484e+02
1.160000e-06	4.904908e-06	9.693330e-09	3.427670e+01	5.741348e+02
1.170000e-06	5.028021e-06	1.006720e-08	3.513704e+01	5.962767e+02
1.180000e-06	5.149390e-06	1.041528e-08	3.598520e+01	6.168689e+02
1.190000e-06	5.268833e-06	1.073397e-08	3.681990e+01	6.360148e+02
1.200000e-06	5.386287e-06	1.103191e-08	3.764069e+01	6.538213e+02
1.210000e-06	5.501682e-06	1.131210e-08	3.844711e+01	6.703923e+02
1.220000e-06	5.614936e-06	1.157384e-08	3.923855e+01	6.858219e+02
1.230000e-06	5.726103e-06	1.181317e-08	4.001541e+01	7.001910e+02
1.240000e-06	5.835234e-06	1.203596e-08	4.077805e+01	7.135670e+02
1.250000e-06	5.942379e-06	1.224691e-08	4.152680e+01	7.260076e+02
1.260000e-06	6.047409e-06	1.244587e-08	4.226078e+01	7.375667e+02
1.270000e-06	6.150224e-06	1.263039e-08	4.297928e+01	7.482999e+02
1.280000e-06	6.250841e-06	1.279888e-08	4.368241e+01	7.582673e+02
1.290000e-06	6.349193e-06	1.295420e-08	4.436972e+01	7.675324e+02
1.300000e-06	6.445165e-06	1.309452e-08	4.504039e+01	7.761574e+02
1.310000e-06	6.538793e-06	1.322258e-08	4.569469e+01	7.841981e+02
1.320000e-06	6.630213e-06	1.334227e-08	4.633355e+01	7.916994e+02
1.330000e-06	6.719291e-06	1.345890e-08	4.695605e+01	7.986951e+02
1.340000e-06	6.806028e-06	1.357212e-08	4.756219e+01	8.052106e+02
1.350000e-06	6.890465e-06	1.367798e-08	4.815226e+01	8.112694e+02
1.360000e-06	6.972483e-06	1.377361e-08	4.872542e+01	8.168991e+02
1.370000e-06	7.051927e-06	1.386221e-08	4.928059e+01	8.221346e+02
1.380000e-06	7.128775e-06	1.394443e-08	4.981763e+01	8.270174e+02
1.390000e-06	7.202986e-06	1.401872e-08	5.033623e+01	8.315913e+02
1.400000e-06	7.274490e-06	1.408653e-08	5.083592e+01	8.358946e+02
1.410000e-06	7.343401e-06	1.415503e-08	5.131749e+01	8.399543e+02
1.420000e-06	7.409691e-06	1.422427e-08	5.178074e+01	8.437834e+02
1.430000e-06	7.473345e-06	1.428587e-08	5.222557e+01	8.473823e+02
1.440000e-06	7.534486e-06	1.434031e-08	5.265284e+01	8.507455e+02
1.450000e-06	7.593072e-06	1.439450e-08	5.306225e+01	8.538686e+02
1.460000e-06	7.648929e-06	1.444773e-08	5.345259e+01	8.567546e+02
1.470000e-06	7.701861e-06	1.449161e-08	5.382249e+01	8.594161e+02
1.480000e-06	7.751593e-06	1.452859e-08	5.417004e+01	8.618728e+02
1.490000e-06	7.798337e-06	1.456677e-08	5.449669e+01	8.641454e+02
1.500000e-06	7.842381e-06	1.460563e-08	5.480448e+01	8.662492e+02
1.510000e-06	7.883581e-06	1.463761e-08	5.509240e+01	8.681896e+02
1.520000e-06	7.921925e-06	1.466388e-08	5.536035e+01	8.699627e+02
1.530000e-06	7.957534e-06	1.469080e-08	5.560920e+01	8.715594e+02
1.540000e-06	7.990347e-06	1.471703e-08	5.583851e+01	8.729728e+02
1.550000e-06	8.020362e-06	1.473849e-08	5.604826e+01	8.742045e+02
1.560000e-06	8.047686e-06	1.475300e-08	5.623921e+01	8.752675e+02
1.570000e-06	8.072088e-06	1.476475e-08	5.640973e+01	8.761839e+02
1.580000e-06	8.093595e-06	1.477750e-08	5.656003e+01	8.769778e+02
1.590000e-06	8.112435e-06	1.478979e-08	5.669169e+01	8.776678e+02
1.600000e-06	8.128393e-06	1.479879e-08	5.680321e+01	8.782603e+02
1.610000e-06	8.141248e-06	1.480776e-08	5.689304e+01	8.787486e+02
1.620000e-06	8.150924e-06	1.481810e-08	5.696066e+01	8.791169e+02
1.630000e-06	8.157580e-06	1.482276e-08	5.700717e+01	8.793490e+02
1.640000e-06	8.161481e-06	1.481958e-08	5.703443e+01	8.794373e+02
1.650000e-06	8.162493e-06	1.481301e-08	5.704150e+01	8.793878e+02
1.660000e-06	8.160715e-06	1.481527e-08	5.702908e+01	8.792202e+02
1.670000e-06	8.156403e-06	1.481177e-08	5.699895e+01	8.789604e+02
1.680000e-06	8.149368e-06	1.480195e-08	5.694978e+01	8.786301e+02
1.690000e-06	8.139598e-06	1.479342e-08	5.688151e+01	8.782370e+02
1.700000e-06	8.127000e-06	1.478606e-08	5.679347e+01	8.777701e+02
1.710000e-06	8.111562e-06	1.477073e-08	5.668559e+01	8.772020e+02
1.720000e-06	8.093649e-06	1.474070e-08	5.656041e+01	8.764993e+02
1.730000e-06	8.073395e-06	1.478386e-08	5.641886e+01	8.756355e+02
1.740000e-06	8.050185e-06	1.478811e-08	5.625667e+01	8.746031e+02
1.750000e-06	8.023289e-06	1.472370e-08	5.606871e+01	8.734186e+02
1.760000e-06	7.992694e-06	1.468915e-08	5.585491e+01	8.721188e+02
1.770000e-06	7.959123e-06	1.467683e-08	5.562030e+01	8.707486e+02
1.780000e-06	7.923188e-06	1.461337e-08	5.536918e+01	8.693457e+02
1.790000e-06	7.884916e-06	1.460544e-08	5.510173e+01	8.679262e+02
1.800000e-06	7.844495e-06	1.463540e-08	5.481925e+01	8.664781e+02
1.810000e-06	7.801667e-06	1.451388e-08	5.451997e+01	8.649652e+02
1.820000e-06	7.756155e-06	1.455900e-08	5.420192e+01	8.633387e+02
1.830000e-06	7.707946e-06	1.452460e-08	5.386502e+01	8.615546e+02
1.840000e-06	7.656614e-06	1.446408e-08	5.350630e+01	8.595878e+02
1.850000e-06	7.602254e-06	1.446848e-08	5.312641e+01	8.574400e+02
1.860000e-06	7.545100e-06	1.435575e-08	5.272701e+01	8.551367e+02
1.870000e-06	7.485385e-06	1.439539e-08	5.230971e+01	8.527165e+02
1.880000e-06	7.423028e-06	1.430471e-08	5.187394e+01	8.502149e+02
1.890000e-06	7.357769e-06	1.425966e-08	5.141789e+01	8.476507e+02
1.900000e-06	7.289873e-06	1.424876e-08	5.094342e+01	8.450193e+02
1.910000e-06	7.219139e-06	1.416170e-08	5.044911e+01	8.422953e+02
1.920000e-06	7.145631e-06	1.416237e-08	4.993542e+01	8.394433e+02
1.930000e-06	7.069453e-06	1.406004e-08	4.940307e+01	8.364320e+02
1.940000e-06	6.990476e-06	1.403680e-08	4.885116e+01	8.332466e+02
1.950000e-06	6.909042e-06	1.396675e-08	4.828208e+01	8.298935e+02
1.960000e-06	6.825163e-06	1.390541e-08	4.769591e+01	8.263969e+02
1.970000e-06	6.738718e-06	1.387053e-08	4.709182e+01	8.227882e+02
1.980000e-06	6.649742e-06	1.376811e-08	4.647003e+01	8.190923e+02
1.990000e-06	6.558530e-06	1.374202e-08	4.583261e+01	8.153175e+02
2.000000e-06	6.465086e-06	1.365262e-08	4.517960e+01	8.114521e+02
2.010000e-06	6.369218e-06	1.360058e-08	4.450966e+01	8.074685e+02
2.020000e-06	6.271210e-06	1.351345e-08	4.382475e+01	8.033344e+02
2.030000e-06	6.170977e-06	1.344758e-08	4.312430e+01	7.990244e+02
2.040000e-06	6.068366e-06	1.337926e-08	4.240723e+01	7.945297e+02
2.050000e-06	5.963534e-06	1.328735e-08	4.167464e+01	7.898592e+02
2.060000e-06	5.856721e-06	1.321305e-08	4.092820e+01	7.850351e+02
2.070000e-06	5.747883e-06	1.311644e-08	4.016762e+01	7.800818e+02
2.080000e-06	5.636926e-06	1.304729e-08	3.939222e+01	7.750161e+02
2.090000e-06	5.523835e-06	1.294728e-08	3.860192e+01	7.698396e+02
2.100000e-06	5.408603e-06	1.286365e-08	3.779664e+01	7.645391e+02
2.110000e-06	5.291224e-06	1.276391e-08	3.697637e+01	7.590922e+02
2.120000e-06	5.171779e-06	1.267833e-08	3.614166e+01	7.534773e+02
2.130000e-06	5.050498e-06	1.257459e-08	3.529412e+01	7.476825e+02
2.140000e-06	4.927379e-06	1.246990e-08	3.443373e+01	7.417106e+02
2.150000e-06	4.802465e-06	1.236688e-08	3.356080e+01	7.355768e+02
2.160000e-06	4.675796e-06	1.226600e-08	3.267561e+01	7.293014e+02
2.170000e-06	4.547494e-06	1.216386e-08	3.177900e+01	7.229007e+02
2.180000e-06	4.417651e-06	1.204742e-08	3.087163e+01	7.163783e+02
2.190000e-06	4.286267e-06	1.193776e-08	2.995348e+01	7.097227e+02
2.200000e-06	4.153348e-06	1.181927e-08	2.902461e+01	7.029099e+02
2.210000e-06	4.018861e-06	1.170599e-08	2.808478e+01	6.959118e+02
2.220000e-06	3.882929e-06	1.157931e-08	2.713486e+01	6.887051e+02
2.230000e-06	3.745614e-06	1.145713e-08	2.617527e+01	6.812785e+02
2.240000e-06	3.606856e-06	1.133062e-08	2.520559e+01	6.736340e+02
2.250000e-06	3.466701e-06	1.120169e-08	2.422616e+01	6.657836e+02
2.260000e-06	3.325247e-06	1.106244e-08	2.323764e+01	6.577409e+02
2.270000e-06	3.182477e-06	1.091960e-08	2.223993e+01	6.495135e+02
2.280000e-06	3.038531e-06	1.077721e-08	2.123400e+01	6.410981e+02
2.290000e-06	2.893557e-06	1.063193e-08	2.022089e+01	6.324798e+02
2.300000e-06	2.747562e-06	1.048026e-08	1.920064e+01	6.236372e+02
2.310000e-06	2.600653e-06	1.032301e-08	1.817400e+01	6.145495e+02
2.320000e-06	2.452914e-06	1.016779e-08	1.714156e+01	6.052026e+02
2.330000e-06	2.304313e-06	1.000885e-08	1.610310e+01	5.955920e+02
2.340000e-06	2.154831e-06	9.841879e-09	1.505848e+01	5.857206e+02
2.350000e-06	2.004507e-06	9.667803e-09	1.400799e+01	5.755925e+02
2.360000e-06	1.853354e-06	9.493030e-09	1.295169e+01	5.652065e+02
2.370000e-06	1.701533e-06	9.315160e-09	1.189073e+01	5.545507e+02
2.380000e-06	1.549221e-06	9.129757e-09	1.082633e+01	5.436021e+02
2.390000e-06	1.396457e-06	8.934978e-09	9.758786e+00	5.323310e+02
2.400000e-06	1.243241e-06	8.739619e-09	8.688077e+00	5.207077e+02
2.410000e-06	1.089568e-06	8.539732e-09	7.614165e+00	5.087096e+02
2.420000e-06	9.354862e-07	8.332832e-09	6.537407e+00	4.963235e+02
2.430000e-06	7.810627e-07	8.114192e-09	5.458258e+00	4.835440e+02
2.440000e-06	6.263820e-07	7.889273e-09	4.377311e+00	4.703652e+02
2.450000e-06	4.714731e-07	7.663546e-09	3.294770e+00	4.567716e+02
2.460000e-06	3.162998e-07	7.428054e-09	2.210381e+00	4.427294e+02
2.470000e-06	1.610023e-07	7.180895e-09	1.125123e+00	4.281838e+02
2.480000e-06	5.736770e-09	6.924193e-09	4.008995e-02	4.130624e+02
2.490000e-06	-1.495292e-07	6.661307e-09	-1.044947e+00	3.972854e+02
2.500000e-06	-3.047706e-07	6.386560e-09	-2.129812e+00	3.807778e+02
2.510000e-06	-4.598641e-07	6.095471e-09	-3.213643e+00	3.634814e+02
2.520000e-06	-6.147346e-07	5.789513e-09	-4.295917e+00	3.453601e+02
2.530000e-06	-7.693700e-07	5.469528e-09	-5.376546e+00	3.263976e+02
2.540000e-06	-9.237036e-07	5.134659e-09	-6.455067e+00	3.065880e+02
2.550000e-06	-1.077657e-06	4.785337e-09	-7.530933e+00	2.859210e+02
2.560000e-06	-1.231187e-06	4.422835e-09	-8.603834e+00	2.643666e+02
2.570000e-06	-1.384286e-06	4.047205e-09	-9.673729e+00	2.418632e+02
2.580000e-06	-1.536895e-06	3.654668e-09	-1.074020e+01	2.183126e+02
2.590000e-06	-1.688950e-06	3.240145e-09	-1.180279e+01	1.935831e+02
2.600000e-06	-1.840436e-06	2.802903e-09	-1.286142e+01	1.675195e+02
2.610000e-06	-1.991269e-06	2.341656e-09	-1.391547e+01	1.399598e+02
2.620000e-06	-2.141402e-06	1.853231e-09	-1.496464e+01	1.107550e+02
2.630000e-06	-2.290773e-06	1.333974e-09	-1.600848e+01	7.978951e+01
2.640000e-06	-2.439223e-06	7.831872e-10	-1.704589e+01	4.700199e+01
2.650000e-06	-2.586769e-06	2.036131e-10	-1.807698e+01	1.240355e+01
2.660000e-06	-2.733415e-06	-4.037412e-10	-1.910177e+01	-2.390817e+01
2.670000e-06	-2.879071e-06	-1.037318e-09	-2.011966e+01	-6.174104e+01
2.680000e-06	-3.023694e-06	-1.694083e-09	-2.113031e+01	-1.008091e+02
2.690000e-06	-3.167242e-06	-2.365153e-09	-2.213347e+01	-1.407434e+02
2.700000e-06	-3.309648e-06	-3.039170e-09	-2.312863e+01	-1.811135e+02
2.710000e-06	-3.450723e-06	-3.713808e-09	-2.411450e+01	-2.214572e+02
2.720000e-06	-3.590379e-06	-4.385052e-09	-2.509045e+01	-2.613158e+02
2.730000e-06	-3.728673e-06	-5.041978e-09	-2.605688e+01	-3.002678e+02
2.740000e-06	-3.865594e-06	-5.675903e-09	-2.701372e+01	-3.379567e+02
2.750000e-06	-4.001142e-06	-6.284487e-09	-2.796096e+01	-3.741075e+02
2.760000e-06	-4.135350e-06	-6.866579e-09	-2.889884e+01	-4.085317e+02
2.770000e-06	-4.268068e-06	-7.416798e-09	-2.982631e+01	-4.411198e+02
2.780000e-06	-4.399219e-06	-7.930095e-09	-3.074282e+01	-4.718269e+02
2.790000e-06	-4.528881e-06	-8.412301e-09	-3.164893e+01	-5.006561e+02
2.800000e-06	-4.656951e-06	-8.868207e-09	-3.254391e+01	-5.276425e+02
2.810000e-06	-4.783379e-06	-9.296203e-09	-3.342743e+01	-5.528427e+02
2.820000e-06	-4.908065e-06	-9.693316e-09	-3.429876e+01	-5.763294e+02
2.830000e-06	-5.030932e-06	-1.006073e-08	-3.515739e+01	-5.981877e+02
2.840000e-06	-5.152012e-06	-1.040523e-08	-3.600352e+01	-6.185142e+02
2.850000e-06	-5.271247e-06	-1.072657e-08	-3.683676e+01	-6.374135e+02
2.860000e-06	-5.388445e-06	-1.102080e-08	-3.765578e+01	-6.549923e+02
2.870000e-06	-5.503395e-06	-1.129248e-08	-3.845908e+01	-6.713532e+02
2.880000e-06	-5.616223e-06	-1.155046e-08	-3.924754e+01	-6.865883e+02
2.890000e-06	-5.726877e-06	-1.179326e-08	-4.002082e+01	-7.007759e+02
2.900000e-06	-5.835446e-06	-1.201691e-08	-4.077953e+01	-7.139812e+02
2.910000e-06	-5.942119e-06	-1.222127e-08	-4.152499e+01	-7.262608e+02
2.920000e-06	-6.046713e-06	-1.241061e-08	-4.225592e+01	-7.376686e+02
2.930000e-06	-6.149064e-06	-1.258736e-08	-4.297117e+01	-7.482609e+02
2.940000e-06	-6.249124e-06	-1.275151e-08	-4.367041e+01	-7.580985e+02
2.950000e-06	-6.347003e-06	-1.290493e-08	-4.435441e+01	-7.672452e+02
2.960000e-06	-6.442751e-06	-1.305128e-08	-4.502352e+01	-7.757624e+02
2.970000e-06	-6.536220e-06	-1.319103e-08	-4.567671e+01	-7.837042e+02
2.980000e-06	-6.627367e-06	-1.331931e-08	-4.631366e+01	-7.911135e+02
2.990000e-06	-6.716236e-06	-1.343585e-08	-4.693471e+01	-7.980220e+02
3.000000e-06	-6.802735e-06	-1.354292e-08	-4.753918e+01	-8.044546e+02
3.010000e-06	-6.886733e-06	-1.364261e-08	-4.812618e+01	-8.104350e+02
3.020000e-06	-6.968320e-06	-1.373434e-08	-4.869633e+01	-8.159918e+02
3.030000e-06	-7.047446e-06	-1.381982e-08	-4.924928e+01	-8.211615e+02
3.040000e-06	-7.123803e-06	-1.390075e-08	-4.978288e+01	-8.259864e+02
3.050000e-06	-7.197400e-06	-1.397831e-08	-5.029720e+01	-8.305098e+02
3.060000e-06	-7.268441e-06	-1.405217e-08	-5.079365e+01	-8.347684e+02
3.070000e-06	-7.336867e-06	-1.412031e-08	-5.127182e+01	-8.387867e+02
3.080000e-06	-7.402667e-06	-1.418227e-08	-5.173165e+01	-8.425753e+02
3.090000e-06	-7.465959e-06	-1.424116e-08	-5.217395e+01	-8.461330e+02
3.100000e-06	-7.526597e-06	-1.429690e-08	-5.259771e+01	-8.494539e+02
3.110000e-06	-7.584578e-06	-1.434610e-08	-5.300289e+01	-8.525345e+02
3.120000e-06	-7.639840e-06	-1.439117e-08	-5.338908e+01	-8.553796e+02
3.130000e-06	-7.692085e-06	-1.443582e-08	-5.375418e+01	-8.580033e+02
3.140000e-06	-7.741233e-06	-1.447889e-08	-5.409764e+01	-8.604260e+02
3.150000e-06	-7.787441e-06	-1.451661e-08	-5.442055e+01	-8.626680e+02
3.160000e-06	-7.831091e-06	-1.454988e-08	-5.472558e+01	-8.647429e+02
3.170000e-06	-7.872236e-06	-1.458051e-08	-5.501312e+01	-8.666544e+02
3.180000e-06	-7.910519e-06	-1.461011e-08	-5.528065e+01	-8.683970e+02
3.190000e-06	-7.945954e-06	-1.463577e-08	-5.552828e+01	-8.699616e+02
3.200000e-06	-7.978704e-06	-1.465923e-08	-5.575714e+01	-8.713425e+02
3.210000e-06	-8.008552e-06	-1.468317e-08	-5.596572e+01	-8.725432e+02
3.220000e-06	-8.035504e-06	-1.470489e-08	-5.615407e+01	-8.735786e+02
3.230000e-06	-8.059713e-06	-1.472195e-08	-5.632325e+01	-8.744718e+02
3.240000e-06	-8.081008e-06	-1.473414e-08	-5.647206e+01	-8.752464e+02
3.250000e-06	-8.099413e-06	-1.474406e-08	-5.660069e+01	-8.759193e+02
3.260000e-06	-8.114926e-06	-1.475320e-08	-5.670909e+01	-8.764945e+02
3.270000e-06	-8.127319e-06	-1.476012e-08	-5.679570e+01	-8.769630e+02
3.280000e-06	-8.136728e-06	-1.476502e-08	-5.686145e+01	-8.773084e+02
3.290000e-06	-8.143214e-06	-1.477038e-08	-5.690678e+01	-8.775154e+02
3.300000e-06	-8.146822e-06	-1.477725e-08	-5.693199e+01	-8.775785e+02
3.310000e-06	-8.147656e-06	-1.477881e-08	-5.693782e+01	-8.775066e+02
