# Temperatura_=_61.09
# Concentracion g/m^3_=_11780.0
# C_Vs_to_Am_M_A/Vsm_=_59384043850.047264
# pendiente_HvsI_1/m_=_3716.3
# ordenada_HvsI_A/m_=_1297.0
# frecuencia_Hz_=_301500.10331834975

Tiempo_(s)	Campo_(V.s)	Magnetizacion_(V.s)	Campo_(kA/m)	Magnetizacion_(A/m)
0.000000e+00	-8.139177e-06	-1.476115e-08	-5.692744e+01	-8.765711e+02
1.000000e-08	-8.135278e-06	-1.475507e-08	-5.690017e+01	-8.763142e+02
2.000000e-08	-8.128727e-06	-1.475001e-08	-5.685435e+01	-8.759587e+02
3.000000e-08	-8.119407e-06	-1.474441e-08	-5.678916e+01	-8.755221e+02
4.000000e-08	-8.107146e-06	-1.473679e-08	-5.670341e+01	-8.750095e+02
5.000000e-08	-8.091973e-06	-1.472796e-08	-5.659728e+01	-8.744109e+02
6.000000e-08	-8.074050e-06	-1.472405e-08	-5.647193e+01	-8.737039e+02
7.000000e-08	-8.053627e-06	-1.470457e-08	-5.632908e+01	-8.728639e+02
8.000000e-08	-8.030364e-06	-1.464739e-08	-5.616637e+01	-8.718750e+02
9.000000e-08	-8.003728e-06	-1.463278e-08	-5.598008e+01	-8.707386e+02
1.000000e-07	-7.973923e-06	-1.464523e-08	-5.577161e+01	-8.694755e+02
1.100000e-07	-7.941337e-06	-1.462471e-08	-5.554369e+01	-8.681194e+02
1.200000e-07	-7.906086e-06	-1.458705e-08	-5.529714e+01	-8.667049e+02
1.300000e-07	-7.868503e-06	-1.458094e-08	-5.503428e+01	-8.652538e+02
1.400000e-07	-7.828788e-06	-1.458162e-08	-5.475650e+01	-8.637663e+02
1.500000e-07	-7.786480e-06	-1.450870e-08	-5.446059e+01	-8.622195e+02
1.600000e-07	-7.741271e-06	-1.451398e-08	-5.414438e+01	-8.605751e+02
1.700000e-07	-7.693268e-06	-1.444971e-08	-5.380864e+01	-8.587934e+02
1.800000e-07	-7.642241e-06	-1.440027e-08	-5.345175e+01	-8.568474e+02
1.900000e-07	-7.588196e-06	-1.441140e-08	-5.307374e+01	-8.547326e+02
2.000000e-07	-7.531350e-06	-1.433786e-08	-5.267615e+01	-8.524675e+02
2.100000e-07	-7.471795e-06	-1.431714e-08	-5.225960e+01	-8.500850e+02
2.200000e-07	-7.409704e-06	-1.426349e-08	-5.182532e+01	-8.476183e+02
2.300000e-07	-7.344871e-06	-1.423856e-08	-5.137186e+01	-8.450869e+02
2.400000e-07	-7.277218e-06	-1.419359e-08	-5.089868e+01	-8.424878e+02
2.500000e-07	-7.206914e-06	-1.412388e-08	-5.040695e+01	-8.397961e+02
2.600000e-07	-7.133911e-06	-1.408297e-08	-4.989635e+01	-8.369748e+02
2.700000e-07	-7.058091e-06	-1.404029e-08	-4.936605e+01	-8.339892e+02
2.800000e-07	-6.979454e-06	-1.400962e-08	-4.881605e+01	-8.308210e+02
2.900000e-07	-6.898213e-06	-1.392771e-08	-4.824782e+01	-8.274753e+02
3.000000e-07	-6.814583e-06	-1.386870e-08	-4.766290e+01	-8.239788e+02
3.100000e-07	-6.728704e-06	-1.381822e-08	-4.706224e+01	-8.203688e+02
3.200000e-07	-6.640509e-06	-1.374893e-08	-4.644538e+01	-8.166787e+02
3.300000e-07	-6.549903e-06	-1.368699e-08	-4.581166e+01	-8.129240e+02
3.400000e-07	-6.456993e-06	-1.362064e-08	-4.516182e+01	-8.090964e+02
3.500000e-07	-6.361732e-06	-1.356553e-08	-4.449554e+01	-8.051666e+02
3.600000e-07	-6.264072e-06	-1.349972e-08	-4.381248e+01	-8.010955e+02
3.700000e-07	-6.164076e-06	-1.342479e-08	-4.311309e+01	-7.968487e+02
3.800000e-07	-6.061872e-06	-1.333749e-08	-4.239825e+01	-7.924091e+02
3.900000e-07	-5.957569e-06	-1.325794e-08	-4.166873e+01	-7.877819e+02
4.000000e-07	-5.851171e-06	-1.318639e-08	-4.092455e+01	-7.829909e+02
4.100000e-07	-5.742719e-06	-1.310432e-08	-4.016601e+01	-7.780676e+02
4.200000e-07	-5.632196e-06	-1.302216e-08	-3.939298e+01	-7.730375e+02
4.300000e-07	-5.519569e-06	-1.293994e-08	-3.860524e+01	-7.679098e+02
4.400000e-07	-5.404804e-06	-1.285705e-08	-3.780255e+01	-7.626743e+02
4.500000e-07	-5.287869e-06	-1.276311e-08	-3.698468e+01	-7.573059e+02
4.600000e-07	-5.168898e-06	-1.266153e-08	-3.615257e+01	-7.517759e+02
4.700000e-07	-5.048113e-06	-1.256125e-08	-3.530777e+01	-7.460638e+02
4.800000e-07	-4.925480e-06	-1.246903e-08	-3.445004e+01	-7.401651e+02
4.900000e-07	-4.801018e-06	-1.237440e-08	-3.357952e+01	-7.340929e+02
5.000000e-07	-4.674907e-06	-1.227055e-08	-3.269747e+01	-7.278707e+02
5.100000e-07	-4.547169e-06	-1.216273e-08	-3.180403e+01	-7.215216e+02
5.200000e-07	-4.417819e-06	-1.205560e-08	-3.089933e+01	-7.150572e+02
5.300000e-07	-4.286848e-06	-1.194153e-08	-2.998329e+01	-7.084714e+02
5.400000e-07	-4.154264e-06	-1.182003e-08	-2.905596e+01	-7.017411e+02
5.500000e-07	-4.020152e-06	-1.169772e-08	-2.811795e+01	-6.948342e+02
5.600000e-07	-3.884565e-06	-1.158233e-08	-2.716962e+01	-6.877204e+02
5.700000e-07	-3.747596e-06	-1.146665e-08	-2.621162e+01	-6.803809e+02
5.800000e-07	-3.609264e-06	-1.134116e-08	-2.524410e+01	-6.728131e+02
5.900000e-07	-3.469490e-06	-1.120878e-08	-2.426648e+01	-6.650286e+02
6.000000e-07	-3.328241e-06	-1.107291e-08	-2.327855e+01	-6.570449e+02
6.100000e-07	-3.185730e-06	-1.093488e-08	-2.228179e+01	-6.488755e+02
6.200000e-07	-3.042078e-06	-1.079098e-08	-2.127706e+01	-6.405225e+02
6.300000e-07	-2.897262e-06	-1.064649e-08	-2.026417e+01	-6.319737e+02
6.400000e-07	-2.751344e-06	-1.050291e-08	-1.924358e+01	-6.232066e+02
6.500000e-07	-2.604390e-06	-1.035797e-08	-1.821576e+01	-6.141963e+02
6.600000e-07	-2.456615e-06	-1.020314e-08	-1.718218e+01	-6.049236e+02
6.700000e-07	-2.308075e-06	-1.003965e-08	-1.614325e+01	-5.953804e+02
6.800000e-07	-2.158707e-06	-9.869686e-09	-1.509853e+01	-5.855691e+02
6.900000e-07	-2.008603e-06	-9.700069e-09	-1.404867e+01	-5.754966e+02
7.000000e-07	-1.857868e-06	-9.530015e-09	-1.299439e+01	-5.651660e+02
7.100000e-07	-1.706463e-06	-9.351380e-09	-1.193543e+01	-5.545699e+02
7.200000e-07	-1.554371e-06	-9.167593e-09	-1.087166e+01	-5.436878e+02
7.300000e-07	-1.401732e-06	-8.979997e-09	-9.804061e+00	-5.324894e+02
7.400000e-07	-1.248653e-06	-8.787192e-09	-8.733393e+00	-5.209422e+02
7.500000e-07	-1.095156e-06	-8.586261e-09	-7.659793e+00	-5.090202e+02
7.600000e-07	-9.411859e-07	-8.377803e-09	-6.582890e+00	-4.967085e+02
7.700000e-07	-7.868792e-07	-8.163314e-09	-5.503629e+00	-4.840022e+02
7.800000e-07	-6.323311e-07	-7.944930e-09	-4.422682e+00	-4.708989e+02
7.900000e-07	-4.775416e-07	-7.719665e-09	-3.340045e+00	-4.573867e+02
8.000000e-07	-3.226046e-07	-7.482883e-09	-2.256377e+00	-4.434346e+02
8.100000e-07	-1.675399e-07	-7.235100e-09	-1.171816e+00	-4.289865e+02
8.200000e-07	-1.241603e-08	-6.981161e-09	-8.684084e-02	-4.139655e+02
8.300000e-07	1.426672e-07	-6.719608e-09	9.978499e-01	-3.982842e+02
8.400000e-07	2.977201e-07	-6.443695e-09	2.082329e+00	-3.818609e+02
8.500000e-07	4.526575e-07	-6.155935e-09	3.166000e+00	-3.646338e+02
8.600000e-07	6.074115e-07	-5.854865e-09	4.248388e+00	-3.465683e+02
8.700000e-07	7.619689e-07	-5.535814e-09	5.329401e+00	-3.276553e+02
8.800000e-07	9.162817e-07	-5.196923e-09	6.408703e+00	-3.078989e+02
8.900000e-07	1.070227e-06	-4.844407e-09	7.485438e+00	-2.872976e+02
9.000000e-07	1.223746e-06	-4.484295e-09	8.559186e+00	-2.658258e+02
9.100000e-07	1.376849e-06	-4.109765e-09	9.630028e+00	-2.434192e+02
9.200000e-07	1.529454e-06	-3.714379e-09	1.069738e+01	-2.199706e+02
9.300000e-07	1.681476e-06	-3.296394e-09	1.176066e+01	-1.953354e+02
9.400000e-07	1.832872e-06	-2.858245e-09	1.281956e+01	-1.693467e+02
9.500000e-07	1.983617e-06	-2.393457e-09	1.387391e+01	-1.418359e+02
9.600000e-07	2.133722e-06	-1.897008e-09	1.492379e+01	-1.126546e+02
9.700000e-07	2.283195e-06	-1.368014e-09	1.596924e+01	-8.169425e+01
9.800000e-07	2.431773e-06	-8.098522e-10	1.700843e+01	-4.890377e+01
9.900000e-07	2.579377e-06	-2.271761e-10	1.804080e+01	-1.430219e+01
1.000000e-06	2.726099e-06	3.858546e-10	1.906702e+01	2.201138e+01
1.010000e-06	2.871859e-06	1.026312e-09	2.008650e+01	5.985185e+01
1.020000e-06	3.016568e-06	1.685909e-09	2.109863e+01	9.894735e+01
1.030000e-06	3.160171e-06	2.359328e-09	2.210303e+01	1.389456e+02
1.040000e-06	3.302588e-06	3.045075e-09	2.309913e+01	1.794295e+02
1.050000e-06	3.443768e-06	3.734793e-09	2.408658e+01	2.199417e+02
1.060000e-06	3.583616e-06	4.415204e-09	2.506471e+01	2.600171e+02
1.070000e-06	3.722059e-06	5.076436e-09	2.603301e+01	2.992183e+02
1.080000e-06	3.859104e-06	5.714218e-09	2.699154e+01	3.371669e+02
1.090000e-06	3.994765e-06	6.325732e-09	2.794039e+01	3.735673e+02
1.100000e-06	4.129043e-06	6.907550e-09	2.887956e+01	4.082157e+02
1.110000e-06	4.261867e-06	7.458989e-09	2.980856e+01	4.409966e+02
1.120000e-06	4.393102e-06	7.977999e-09	3.072645e+01	4.718677e+02
1.130000e-06	4.522663e-06	8.466126e-09	3.163264e+01	5.008399e+02
1.140000e-06	4.650619e-06	8.924583e-09	3.252759e+01	5.279566e+02
1.150000e-06	4.776974e-06	9.352521e-09	3.341135e+01	5.532793e+02
1.160000e-06	4.901742e-06	9.748705e-09	3.428401e+01	5.768792e+02
1.170000e-06	5.024804e-06	1.011540e-08	3.514474e+01	5.988361e+02
1.180000e-06	5.146011e-06	1.045612e-08	3.599248e+01	6.192390e+02
1.190000e-06	5.265386e-06	1.077307e-08	3.682743e+01	6.381868e+02
1.200000e-06	5.382800e-06	1.106742e-08	3.764865e+01	6.557861e+02
1.210000e-06	5.498052e-06	1.134153e-08	3.845475e+01	6.721445e+02
1.220000e-06	5.611152e-06	1.159912e-08	3.924580e+01	6.873635e+02
1.230000e-06	5.722216e-06	1.183764e-08	4.002261e+01	7.015312e+02
1.240000e-06	5.831343e-06	1.205869e-08	4.078587e+01	7.147204e+02
1.250000e-06	5.938419e-06	1.226436e-08	4.153479e+01	7.269901e+02
1.260000e-06	6.043294e-06	1.245559e-08	4.226831e+01	7.383925e+02
1.270000e-06	6.146017e-06	1.263400e-08	4.298678e+01	7.489795e+02
1.280000e-06	6.246560e-06	1.279970e-08	4.369000e+01	7.588084e+02
1.290000e-06	6.344744e-06	1.295272e-08	4.437673e+01	7.679424e+02
1.300000e-06	6.440556e-06	1.309248e-08	4.504686e+01	7.764465e+02
1.310000e-06	6.534166e-06	1.322333e-08	4.570159e+01	7.843810e+02
1.320000e-06	6.625610e-06	1.334675e-08	4.634118e+01	7.917948e+02
1.330000e-06	6.714699e-06	1.346275e-08	4.696428e+01	7.987222e+02
1.340000e-06	6.801311e-06	1.357126e-08	4.757007e+01	8.051858e+02
1.350000e-06	6.885586e-06	1.367169e-08	4.815951e+01	8.112019e+02
1.360000e-06	6.967512e-06	1.376505e-08	4.873252e+01	8.167901e+02
1.370000e-06	7.046854e-06	1.385186e-08	4.928746e+01	8.219789e+02
1.380000e-06	7.123567e-06	1.393308e-08	4.982401e+01	8.268075e+02
1.390000e-06	7.197602e-06	1.400938e-08	5.034183e+01	8.313218e+02
1.400000e-06	7.268962e-06	1.408013e-08	5.084094e+01	8.355659e+02
1.410000e-06	7.337801e-06	1.414795e-08	5.132242e+01	8.395730e+02
1.420000e-06	7.404046e-06	1.421293e-08	5.178575e+01	8.433590e+02
1.430000e-06	7.467646e-06	1.427156e-08	5.223058e+01	8.469227e+02
1.440000e-06	7.528755e-06	1.432571e-08	5.265799e+01	8.502517e+02
1.450000e-06	7.587293e-06	1.437781e-08	5.306742e+01	8.533326e+02
1.460000e-06	7.643065e-06	1.442501e-08	5.345751e+01	8.561611e+02
1.470000e-06	7.695939e-06	1.446546e-08	5.382732e+01	8.587481e+02
1.480000e-06	7.745626e-06	1.450480e-08	5.417484e+01	8.611193e+02
1.490000e-06	7.792229e-06	1.454359e-08	5.450080e+01	8.633082e+02
1.500000e-06	7.836164e-06	1.457797e-08	5.480809e+01	8.653462e+02
1.510000e-06	7.877300e-06	1.460895e-08	5.509580e+01	8.672525e+02
1.520000e-06	7.915569e-06	1.463941e-08	5.536347e+01	8.690292e+02
1.530000e-06	7.951175e-06	1.466882e-08	5.561251e+01	8.706638e+02
1.540000e-06	7.983977e-06	1.469224e-08	5.584193e+01	8.721361e+02
1.550000e-06	8.013972e-06	1.471006e-08	5.605172e+01	8.734291e+02
1.560000e-06	8.041251e-06	1.472743e-08	5.624252e+01	8.745378e+02
1.570000e-06	8.065612e-06	1.474445e-08	5.641290e+01	8.754723e+02
1.580000e-06	8.087142e-06	1.475764e-08	5.656349e+01	8.762553e+02
1.590000e-06	8.105893e-06	1.476695e-08	5.669464e+01	8.769135e+02
1.600000e-06	8.121694e-06	1.477591e-08	5.680516e+01	8.774679e+02
1.610000e-06	8.134460e-06	1.478567e-08	5.689445e+01	8.779270e+02
1.620000e-06	8.144074e-06	1.479219e-08	5.696169e+01	8.782851e+02
1.630000e-06	8.150706e-06	1.479251e-08	5.700807e+01	8.785274e+02
1.640000e-06	8.154547e-06	1.479063e-08	5.703494e+01	8.786384e+02
1.650000e-06	8.155485e-06	1.479028e-08	5.704150e+01	8.786109e+02
1.660000e-06	8.153668e-06	1.479364e-08	5.702880e+01	8.784505e+02
1.670000e-06	8.149234e-06	1.478844e-08	5.699778e+01	8.781740e+02
1.680000e-06	8.142075e-06	1.477841e-08	5.694771e+01	8.778027e+02
1.690000e-06	8.132260e-06	1.477013e-08	5.687906e+01	8.773522e+02
1.700000e-06	8.119636e-06	1.475864e-08	5.679077e+01	8.768252e+02
1.710000e-06	8.104217e-06	1.473777e-08	5.668292e+01	8.762087e+02
1.720000e-06	8.086336e-06	1.471281e-08	5.655785e+01	8.754793e+02
1.730000e-06	8.066069e-06	1.475458e-08	5.641610e+01	8.746131e+02
1.740000e-06	8.042789e-06	1.474936e-08	5.625327e+01	8.735968e+02
1.750000e-06	8.015829e-06	1.469472e-08	5.606471e+01	8.724354e+02
1.760000e-06	7.985300e-06	1.466994e-08	5.585119e+01	8.711527e+02
1.770000e-06	7.951823e-06	1.465178e-08	5.561704e+01	8.697835e+02
1.780000e-06	7.915881e-06	1.458413e-08	5.536565e+01	8.683610e+02
1.790000e-06	7.877640e-06	1.458337e-08	5.509819e+01	8.669038e+02
1.800000e-06	7.837286e-06	1.459360e-08	5.481594e+01	8.654076e+02
1.810000e-06	7.794484e-06	1.449488e-08	5.451657e+01	8.638461e+02
1.820000e-06	7.749018e-06	1.454087e-08	5.419857e+01	8.621795e+02
1.830000e-06	7.700808e-06	1.448334e-08	5.386138e+01	8.603695e+02
1.840000e-06	7.649478e-06	1.444376e-08	5.350236e+01	8.583927e+02
1.850000e-06	7.595199e-06	1.442727e-08	5.312272e+01	8.562488e+02
1.860000e-06	7.538097e-06	1.433187e-08	5.272334e+01	8.539597e+02
1.870000e-06	7.478276e-06	1.435403e-08	5.230493e+01	8.515595e+02
1.880000e-06	7.415804e-06	1.426771e-08	5.186799e+01	8.490801e+02
1.890000e-06	7.350577e-06	1.425196e-08	5.141177e+01	8.465372e+02
1.900000e-06	7.282678e-06	1.421751e-08	5.093687e+01	8.439236e+02
1.910000e-06	7.211896e-06	1.414770e-08	5.044180e+01	8.412112e+02
1.920000e-06	7.138378e-06	1.412449e-08	4.992760e+01	8.383625e+02
1.930000e-06	7.062189e-06	1.402763e-08	4.939472e+01	8.353447e+02
1.940000e-06	6.983204e-06	1.401245e-08	4.884228e+01	8.321433e+02
1.950000e-06	6.901718e-06	1.393450e-08	4.827234e+01	8.287679e+02
1.960000e-06	6.817813e-06	1.388861e-08	4.768549e+01	8.252479e+02
1.970000e-06	6.731441e-06	1.383937e-08	4.708138e+01	8.216212e+02
1.980000e-06	6.642614e-06	1.375510e-08	4.646010e+01	8.179187e+02
1.990000e-06	6.551482e-06	1.370906e-08	4.582271e+01	8.141519e+02
2.000000e-06	6.458033e-06	1.361667e-08	4.516910e+01	8.103084e+02
2.010000e-06	6.362223e-06	1.356667e-08	4.449898e+01	8.063559e+02
2.020000e-06	6.264190e-06	1.348167e-08	4.381331e+01	8.022553e+02
2.030000e-06	6.163932e-06	1.342628e-08	4.311208e+01	7.979743e+02
2.040000e-06	6.061493e-06	1.334971e-08	4.239559e+01	7.934998e+02
2.050000e-06	5.956864e-06	1.327401e-08	4.166380e+01	7.888409e+02
2.060000e-06	5.850096e-06	1.319312e-08	4.091703e+01	7.840236e+02
2.070000e-06	5.741292e-06	1.309675e-08	4.015603e+01	7.790794e+02
2.080000e-06	5.630419e-06	1.301606e-08	3.938056e+01	7.740313e+02
2.090000e-06	5.517349e-06	1.292032e-08	3.858972e+01	7.688853e+02
2.100000e-06	5.402090e-06	1.284047e-08	3.778357e+01	7.636278e+02
2.110000e-06	5.284773e-06	1.274669e-08	3.696302e+01	7.582323e+02
2.120000e-06	5.165453e-06	1.266507e-08	3.612847e+01	7.526706e+02
2.130000e-06	5.044235e-06	1.255999e-08	3.528064e+01	7.469245e+02
2.140000e-06	4.921139e-06	1.246027e-08	3.441968e+01	7.409931e+02
2.150000e-06	4.796293e-06	1.234867e-08	3.354647e+01	7.348919e+02
2.160000e-06	4.669746e-06	1.224269e-08	3.266137e+01	7.286452e+02
2.170000e-06	4.541518e-06	1.213634e-08	3.176451e+01	7.222748e+02
2.180000e-06	4.411699e-06	1.203198e-08	3.085653e+01	7.157894e+02
2.190000e-06	4.280292e-06	1.192822e-08	2.993743e+01	7.091795e+02
2.200000e-06	4.147404e-06	1.181453e-08	2.900798e+01	7.024198e+02
2.210000e-06	4.013092e-06	1.169919e-08	2.806857e+01	6.954776e+02
2.220000e-06	3.877268e-06	1.157266e-08	2.711858e+01	6.883240e+02
2.230000e-06	3.739891e-06	1.144980e-08	2.615773e+01	6.809431e+02
2.240000e-06	3.601090e-06	1.132004e-08	2.518692e+01	6.733351e+02
2.250000e-06	3.461004e-06	1.119044e-08	2.420713e+01	6.655134e+02
2.260000e-06	3.319736e-06	1.105553e-08	2.321907e+01	6.574954e+02
2.270000e-06	3.177173e-06	1.091982e-08	2.222194e+01	6.492932e+02
2.280000e-06	3.033342e-06	1.077815e-08	2.121595e+01	6.409062e+02
2.290000e-06	2.888393e-06	1.063245e-08	2.020214e+01	6.323199e+02
2.300000e-06	2.742440e-06	1.048136e-08	1.918131e+01	6.235107e+02
2.310000e-06	2.595566e-06	1.032759e-08	1.815404e+01	6.144543e+02
2.320000e-06	2.447775e-06	1.017085e-08	1.712035e+01	6.051332e+02
2.330000e-06	2.299141e-06	1.001070e-08	1.608077e+01	5.955414e+02
2.340000e-06	2.149774e-06	9.844583e-09	1.503606e+01	5.856826e+02
2.350000e-06	1.999699e-06	9.673521e-09	1.398640e+01	5.755636e+02
2.360000e-06	1.848885e-06	9.498273e-09	1.293157e+01	5.651862e+02
2.370000e-06	1.697441e-06	9.319609e-09	1.187232e+01	5.545406e+02
2.380000e-06	1.545325e-06	9.135780e-09	1.080839e+01	5.436041e+02
2.390000e-06	1.392516e-06	8.944665e-09	9.739605e+00	5.323453e+02
2.400000e-06	1.239157e-06	8.750732e-09	8.666973e+00	5.207324e+02
2.410000e-06	1.085387e-06	8.549992e-09	7.591466e+00	5.087412e+02
2.420000e-06	9.312759e-07	8.342735e-09	6.513576e+00	4.963589e+02
2.430000e-06	7.769257e-07	8.124453e-09	5.434013e+00	4.835817e+02
2.440000e-06	6.224053e-07	7.900879e-09	4.353258e+00	4.704062e+02
2.450000e-06	4.676700e-07	7.673210e-09	3.271001e+00	4.568182e+02
2.460000e-06	3.127802e-07	7.438152e-09	2.187663e+00	4.427819e+02
2.470000e-06	1.577765e-07	7.194101e-09	1.103529e+00	4.282373e+02
2.480000e-06	2.694633e-09	6.939499e-09	1.884693e-02	4.131045e+02
2.490000e-06	-1.523742e-07	6.673846e-09	-1.065744e+00	3.972959e+02
2.500000e-06	-3.073889e-07	6.394948e-09	-2.149955e+00	3.807326e+02
2.510000e-06	-4.622686e-07	6.103421e-09	-3.233222e+00	3.633571e+02
2.520000e-06	-6.169366e-07	5.796395e-09	-4.315008e+00	3.451400e+02
2.530000e-06	-7.713894e-07	5.473828e-09	-5.395290e+00	3.260756e+02
2.540000e-06	-9.256199e-07	5.137767e-09	-6.474017e+00	3.061685e+02
2.550000e-06	-1.079569e-06	4.789000e-09	-7.550773e+00	2.854143e+02
2.560000e-06	-1.233177e-06	4.426717e-09	-8.625150e+00	2.637812e+02
2.570000e-06	-1.386323e-06	4.048060e-09	-9.696290e+00	2.411973e+02
2.580000e-06	-1.538871e-06	3.651714e-09	-1.076325e+01	2.175479e+02
2.590000e-06	-1.690784e-06	3.235862e-09	-1.182577e+01	1.926832e+02
2.600000e-06	-1.842037e-06	2.796181e-09	-1.288366e+01	1.664344e+02
2.610000e-06	-1.992574e-06	2.329927e-09	-1.393656e+01	1.386350e+02
2.620000e-06	-2.142417e-06	1.835227e-09	-1.498460e+01	1.091421e+02
2.630000e-06	-2.291578e-06	1.311452e-09	-1.602787e+01	7.785649e+01
2.640000e-06	-2.439889e-06	7.575054e-10	-1.706520e+01	4.473865e+01
2.650000e-06	-2.587336e-06	1.725469e-10	-1.809648e+01	9.821313e+00
2.660000e-06	-2.733915e-06	-4.418807e-10	-1.912168e+01	-2.678136e+01
2.670000e-06	-2.879529e-06	-1.080150e-09	-2.014015e+01	-6.486869e+01
2.680000e-06	-3.024114e-06	-1.738670e-09	-2.115141e+01	-1.041537e+02
2.690000e-06	-3.167530e-06	-2.412073e-09	-2.215450e+01	-1.442712e+02
2.700000e-06	-3.309696e-06	-3.091404e-09	-2.314884e+01	-1.847947e+02
2.710000e-06	-3.450570e-06	-3.770086e-09	-2.413415e+01	-2.252630e+02
2.720000e-06	-3.590103e-06	-4.440908e-09	-2.511007e+01	-2.652134e+02
2.730000e-06	-3.728329e-06	-5.097083e-09	-2.607686e+01	-3.042169e+02
2.740000e-06	-3.865200e-06	-5.731236e-09	-2.703417e+01	-3.419085e+02
2.750000e-06	-4.000603e-06	-6.337853e-09	-2.798121e+01	-3.780086e+02
2.760000e-06	-4.134570e-06	-6.915534e-09	-2.891822e+01	-4.123300e+02
2.770000e-06	-4.267097e-06	-7.463949e-09	-2.984514e+01	-4.447715e+02
2.780000e-06	-4.398147e-06	-7.979468e-09	-3.076174e+01	-4.753019e+02
2.790000e-06	-4.527678e-06	-8.462192e-09	-3.166771e+01	-5.039393e+02
2.800000e-06	-4.655563e-06	-8.913542e-09	-3.256217e+01	-5.307311e+02
2.810000e-06	-4.781730e-06	-9.336078e-09	-3.344462e+01	-5.557410e+02
2.820000e-06	-4.906219e-06	-9.729542e-09	-3.431532e+01	-5.790418e+02
2.830000e-06	-5.029106e-06	-1.009493e-08	-3.517482e+01	-6.007148e+02
2.840000e-06	-5.150242e-06	-1.043630e-08	-3.602208e+01	-6.208506e+02
2.850000e-06	-5.269356e-06	-1.075341e-08	-3.685519e+01	-6.395500e+02
2.860000e-06	-5.386370e-06	-1.104600e-08	-3.767362e+01	-6.569202e+02
2.870000e-06	-5.501202e-06	-1.131791e-08	-3.847679e+01	-6.730684e+02
2.880000e-06	-5.613771e-06	-1.157282e-08	-3.926412e+01	-6.880940e+02
2.890000e-06	-5.724172e-06	-1.181030e-08	-4.003629e+01	-7.020825e+02
2.900000e-06	-5.832530e-06	-1.203011e-08	-4.079417e+01	-7.151038e+02
2.910000e-06	-5.938942e-06	-1.223285e-08	-4.153845e+01	-7.272153e+02
2.920000e-06	-6.043411e-06	-1.242136e-08	-4.226913e+01	-7.384685e+02
2.930000e-06	-6.145625e-06	-1.259652e-08	-4.298404e+01	-7.489160e+02
2.940000e-06	-6.245526e-06	-1.275890e-08	-4.368277e+01	-7.586164e+02
2.950000e-06	-6.343305e-06	-1.291114e-08	-4.436666e+01	-7.676335e+02
2.960000e-06	-6.438948e-06	-1.305603e-08	-4.503561e+01	-7.760321e+02
2.970000e-06	-6.532283e-06	-1.319184e-08	-4.568842e+01	-7.838708e+02
2.980000e-06	-6.623326e-06	-1.331712e-08	-4.632520e+01	-7.911960e+02
2.990000e-06	-6.712104e-06	-1.343151e-08	-4.694613e+01	-7.980396e+02
3.000000e-06	-6.798439e-06	-1.353801e-08	-4.754998e+01	-8.044224e+02
3.010000e-06	-6.882315e-06	-1.363893e-08	-4.813663e+01	-8.103609e+02
3.020000e-06	-6.963780e-06	-1.373124e-08	-4.870642e+01	-8.158757e+02
3.030000e-06	-7.042747e-06	-1.381691e-08	-4.925873e+01	-8.209973e+02
3.040000e-06	-7.118990e-06	-1.389828e-08	-4.979199e+01	-8.257667e+02
3.050000e-06	-7.192588e-06	-1.397469e-08	-5.030676e+01	-8.302300e+02
3.060000e-06	-7.263561e-06	-1.404553e-08	-5.080316e+01	-8.344302e+02
3.070000e-06	-7.331826e-06	-1.411110e-08	-5.128062e+01	-8.383975e+02
3.080000e-06	-7.397587e-06	-1.417147e-08	-5.174057e+01	-8.421447e+02
3.090000e-06	-7.460859e-06	-1.423078e-08	-5.218311e+01	-8.456679e+02
3.100000e-06	-7.521456e-06	-1.428830e-08	-5.260695e+01	-8.489538e+02
3.110000e-06	-7.579365e-06	-1.434045e-08	-5.301197e+01	-8.519899e+02
3.120000e-06	-7.634461e-06	-1.438845e-08	-5.339733e+01	-8.547744e+02
3.130000e-06	-7.686552e-06	-1.443384e-08	-5.376166e+01	-8.573210e+02
3.140000e-06	-7.735568e-06	-1.447483e-08	-5.410449e+01	-8.596574e+02
3.150000e-06	-7.781615e-06	-1.451033e-08	-5.442656e+01	-8.618177e+02
3.160000e-06	-7.825095e-06	-1.454122e-08	-5.473067e+01	-8.638316e+02
3.170000e-06	-7.866055e-06	-1.456961e-08	-5.501715e+01	-8.657154e+02
3.180000e-06	-7.904240e-06	-1.459796e-08	-5.528423e+01	-8.674684e+02
3.190000e-06	-7.939638e-06	-1.462603e-08	-5.553181e+01	-8.690759e+02
3.200000e-06	-7.972298e-06	-1.465501e-08	-5.576024e+01	-8.705175e+02
3.210000e-06	-8.002032e-06	-1.468132e-08	-5.596821e+01	-8.717779e+02
3.220000e-06	-8.028891e-06	-1.470196e-08	-5.615607e+01	-8.728546e+02
3.230000e-06	-8.053031e-06	-1.471714e-08	-5.632491e+01	-8.737605e+02
3.240000e-06	-8.074278e-06	-1.472912e-08	-5.647352e+01	-8.745196e+02
3.250000e-06	-8.092678e-06	-1.473841e-08	-5.660222e+01	-8.751584e+02
3.260000e-06	-8.108210e-06	-1.474652e-08	-5.671084e+01	-8.756959e+02
3.270000e-06	-8.120557e-06	-1.475513e-08	-5.679721e+01	-8.761381e+02
3.280000e-06	-8.129879e-06	-1.476355e-08	-5.686241e+01	-8.764772e+02
3.290000e-06	-8.136325e-06	-1.477003e-08	-5.690749e+01	-8.766974e+02
3.300000e-06	-8.139870e-06	-1.477402e-08	-5.693228e+01	-8.767842e+02
3.310000e-06	-8.140688e-06	-1.477237e-08	-5.693800e+01	-8.767325e+02
