# Temperatura_=_56.98
# Concentracion g/m^3_=_11780.0
# C_Vs_to_Am_M_A/Vsm_=_59384043850.047264
# pendiente_HvsI_1/m_=_3716.3
# ordenada_HvsI_A/m_=_1297.0
# frecuencia_Hz_=_301500.86569198745

Tiempo_(s)	Campo_(V.s)	Magnetizacion_(V.s)	Campo_(kA/m)	Magnetizacion_(A/m)
0.000000e+00	-8.128457e-06	-1.467540e-08	-5.692819e+01	-8.719025e+02
1.000000e-08	-8.124485e-06	-1.466647e-08	-5.690037e+01	-8.716429e+02
2.000000e-08	-8.117885e-06	-1.466026e-08	-5.685415e+01	-8.713092e+02
3.000000e-08	-8.108484e-06	-1.465551e-08	-5.678831e+01	-8.709083e+02
4.000000e-08	-8.096248e-06	-1.464939e-08	-5.670261e+01	-8.704312e+02
5.000000e-08	-8.081134e-06	-1.464227e-08	-5.659676e+01	-8.698557e+02
6.000000e-08	-8.063204e-06	-1.464493e-08	-5.647118e+01	-8.691541e+02
7.000000e-08	-8.042785e-06	-1.462843e-08	-5.632818e+01	-8.683037e+02
8.000000e-08	-8.019491e-06	-1.455084e-08	-5.616504e+01	-8.672978e+02
9.000000e-08	-7.992842e-06	-1.453482e-08	-5.597840e+01	-8.661494e+02
1.000000e-07	-7.963053e-06	-1.456532e-08	-5.576977e+01	-8.648893e+02
1.100000e-07	-7.930504e-06	-1.454662e-08	-5.554181e+01	-8.635560e+02
1.200000e-07	-7.895317e-06	-1.450094e-08	-5.529538e+01	-8.621826e+02
1.300000e-07	-7.857736e-06	-1.450257e-08	-5.503218e+01	-8.607846e+02
1.400000e-07	-7.818082e-06	-1.450855e-08	-5.475445e+01	-8.593541e+02
1.500000e-07	-7.775903e-06	-1.441330e-08	-5.445906e+01	-8.578614e+02
1.600000e-07	-7.730816e-06	-1.444735e-08	-5.414328e+01	-8.562653e+02
1.700000e-07	-7.682949e-06	-1.435858e-08	-5.380804e+01	-8.545269e+02
1.800000e-07	-7.631987e-06	-1.430336e-08	-5.345113e+01	-8.526219e+02
1.900000e-07	-7.578000e-06	-1.434282e-08	-5.307302e+01	-8.505480e+02
2.000000e-07	-7.521207e-06	-1.424873e-08	-5.267527e+01	-8.483229e+02
2.100000e-07	-7.461654e-06	-1.424254e-08	-5.225819e+01	-8.459760e+02
2.200000e-07	-7.399510e-06	-1.417649e-08	-5.182296e+01	-8.435354e+02
2.300000e-07	-7.334588e-06	-1.416431e-08	-5.136827e+01	-8.410168e+02
2.400000e-07	-7.266905e-06	-1.412464e-08	-5.089425e+01	-8.384172e+02
2.500000e-07	-7.196624e-06	-1.404004e-08	-5.040203e+01	-8.357173e+02
2.600000e-07	-7.123636e-06	-1.399988e-08	-4.989086e+01	-8.328900e+02
2.700000e-07	-7.047837e-06	-1.395773e-08	-4.935999e+01	-8.299118e+02
2.800000e-07	-6.969258e-06	-1.393637e-08	-4.880966e+01	-8.267719e+02
2.900000e-07	-6.888061e-06	-1.384180e-08	-4.824100e+01	-8.234766e+02
3.000000e-07	-6.804489e-06	-1.379354e-08	-4.765569e+01	-8.200455e+02
3.100000e-07	-6.718703e-06	-1.375397e-08	-4.705488e+01	-8.165025e+02
3.200000e-07	-6.630569e-06	-1.367906e-08	-4.643763e+01	-8.128656e+02
3.300000e-07	-6.540034e-06	-1.361750e-08	-4.580356e+01	-8.091392e+02
3.400000e-07	-6.447229e-06	-1.354135e-08	-4.515359e+01	-8.053117e+02
3.500000e-07	-6.352060e-06	-1.348607e-08	-4.448708e+01	-8.013612e+02
3.600000e-07	-6.254558e-06	-1.342267e-08	-4.380421e+01	-7.972640e+02
3.700000e-07	-6.154800e-06	-1.335097e-08	-4.310555e+01	-7.930045e+02
3.800000e-07	-6.052845e-06	-1.326418e-08	-4.239150e+01	-7.885813e+02
3.900000e-07	-5.948743e-06	-1.319003e-08	-4.166242e+01	-7.840062e+02
4.000000e-07	-5.842428e-06	-1.312624e-08	-4.091783e+01	-7.792984e+02
4.100000e-07	-5.733974e-06	-1.303895e-08	-4.015827e+01	-7.744749e+02
4.200000e-07	-5.623498e-06	-1.294944e-08	-3.938454e+01	-7.695417e+02
4.300000e-07	-5.510933e-06	-1.286457e-08	-3.859618e+01	-7.644903e+02
4.400000e-07	-5.396188e-06	-1.278920e-08	-3.779256e+01	-7.593005e+02
4.500000e-07	-5.279322e-06	-1.269844e-08	-3.697408e+01	-7.539483e+02
4.600000e-07	-5.160477e-06	-1.259698e-08	-3.614174e+01	-7.484159e+02
4.700000e-07	-5.039779e-06	-1.249826e-08	-3.529643e+01	-7.426995e+02
4.800000e-07	-4.917233e-06	-1.240756e-08	-3.443817e+01	-7.368110e+02
4.900000e-07	-4.792874e-06	-1.231163e-08	-3.356721e+01	-7.307733e+02
5.000000e-07	-4.666895e-06	-1.220254e-08	-3.268491e+01	-7.246104e+02
5.100000e-07	-4.539295e-06	-1.209490e-08	-3.179126e+01	-7.183366e+02
5.200000e-07	-4.410045e-06	-1.199458e-08	-3.088605e+01	-7.119496e+02
5.300000e-07	-4.279090e-06	-1.188665e-08	-2.996889e+01	-7.054291e+02
5.400000e-07	-4.146533e-06	-1.176719e-08	-2.904052e+01	-6.987436e+02
5.500000e-07	-4.012625e-06	-1.164439e-08	-2.810269e+01	-6.918603e+02
5.600000e-07	-3.877196e-06	-1.152804e-08	-2.715420e+01	-6.847561e+02
5.700000e-07	-3.740305e-06	-1.141131e-08	-2.619547e+01	-6.774238e+02
5.800000e-07	-3.602127e-06	-1.128502e-08	-2.522774e+01	-6.698721e+02
5.900000e-07	-3.462494e-06	-1.115409e-08	-2.424980e+01	-6.621188e+02
6.000000e-07	-3.321305e-06	-1.102396e-08	-2.326098e+01	-6.541805e+02
6.100000e-07	-3.178781e-06	-1.089141e-08	-2.226281e+01	-6.460634e+02
6.200000e-07	-3.035132e-06	-1.074771e-08	-2.125675e+01	-6.377587e+02
6.300000e-07	-2.890402e-06	-1.060074e-08	-2.024312e+01	-6.292444e+02
6.400000e-07	-2.744608e-06	-1.045341e-08	-1.922204e+01	-6.204936e+02
6.500000e-07	-2.597848e-06	-1.030854e-08	-1.819420e+01	-6.114836e+02
6.600000e-07	-2.450257e-06	-1.015601e-08	-1.716054e+01	-6.022045e+02
6.700000e-07	-2.301846e-06	-9.995493e-09	-1.612113e+01	-5.926602e+02
6.800000e-07	-2.152670e-06	-9.829319e-09	-1.507637e+01	-5.828646e+02
6.900000e-07	-2.002808e-06	-9.661033e-09	-1.402680e+01	-5.728312e+02
7.000000e-07	-1.852270e-06	-9.490393e-09	-1.297249e+01	-5.625633e+02
7.100000e-07	-1.701022e-06	-9.312097e-09	-1.191322e+01	-5.520474e+02
7.200000e-07	-1.549118e-06	-9.129611e-09	-1.084935e+01	-5.412531e+02
7.300000e-07	-1.396653e-06	-8.943630e-09	-9.781553e+00	-5.301400e+02
7.400000e-07	-1.243711e-06	-8.755175e-09	-8.710410e+00	-5.186693e+02
7.500000e-07	-1.090325e-06	-8.555482e-09	-7.636160e+00	-5.068134e+02
7.600000e-07	-9.365611e-07	-8.347189e-09	-6.559268e+00	-4.945616e+02
7.700000e-07	-7.824731e-07	-8.133354e-09	-5.480103e+00	-4.819164e+02
7.800000e-07	-6.280781e-07	-7.916282e-09	-4.398787e+00	-4.688836e+02
7.900000e-07	-4.735000e-07	-7.692449e-09	-3.316189e+00	-4.554580e+02
8.000000e-07	-3.187657e-07	-7.456788e-09	-2.232497e+00	-4.416113e+02
8.100000e-07	-1.638662e-07	-7.213433e-09	-1.147648e+00	-4.272870e+02
8.200000e-07	-8.835987e-09	-6.963284e-09	-6.188342e-02	-4.124048e+02
8.300000e-07	1.461939e-07	-6.703377e-09	1.023879e+00	-3.968737e+02
8.400000e-07	3.011405e-07	-6.426391e-09	2.109058e+00	-3.806096e+02
8.500000e-07	4.559913e-07	-6.140446e-09	3.193565e+00	-3.635507e+02
8.600000e-07	6.106022e-07	-5.843590e-09	4.276393e+00	-3.456651e+02
8.700000e-07	7.649051e-07	-5.528590e-09	5.357064e+00	-3.269482e+02
8.800000e-07	9.189001e-07	-5.195849e-09	6.435578e+00	-3.074094e+02
8.900000e-07	1.072577e-06	-4.849399e-09	7.511863e+00	-2.870522e+02
9.000000e-07	1.225918e-06	-4.495266e-09	8.585800e+00	-2.658546e+02
9.100000e-07	1.378872e-06	-4.126737e-09	9.657021e+00	-2.437551e+02
9.200000e-07	1.531362e-06	-3.736157e-09	1.072500e+01	-2.206487e+02
9.300000e-07	1.683279e-06	-3.321994e-09	1.178895e+01	-1.963931e+02
9.400000e-07	1.834557e-06	-2.889107e-09	1.284845e+01	-1.708243e+02
9.500000e-07	1.985103e-06	-2.432941e-09	1.390280e+01	-1.437768e+02
9.600000e-07	2.134880e-06	-1.946809e-09	1.495178e+01	-1.151044e+02
9.700000e-07	2.283899e-06	-1.429959e-09	1.599544e+01	-8.469880e+01
9.800000e-07	2.432173e-06	-8.858934e-10	1.703388e+01	-5.250530e+01
9.900000e-07	2.579649e-06	-3.159677e-10	1.806675e+01	-1.853421e+01
1.000000e-06	2.726119e-06	2.873903e-10	1.909256e+01	1.712953e+01
1.010000e-06	2.871668e-06	9.210393e-10	2.011192e+01	5.431990e+01
1.020000e-06	3.016255e-06	1.573579e-09	2.112454e+01	9.278719e+01
1.030000e-06	3.159638e-06	2.238774e-09	2.212874e+01	1.322018e+02
1.040000e-06	3.301830e-06	2.915586e-09	2.312459e+01	1.721665e+02
1.050000e-06	3.442818e-06	3.595868e-09	2.411201e+01	2.122392e+02
1.060000e-06	3.582507e-06	4.266123e-09	2.509033e+01	2.519625e+02
1.070000e-06	3.720796e-06	4.919212e-09	2.605884e+01	2.908993e+02
1.080000e-06	3.857612e-06	5.553777e-09	2.701704e+01	3.286654e+02
1.090000e-06	3.992937e-06	6.167518e-09	2.796480e+01	3.649543e+02
1.100000e-06	4.126856e-06	6.751323e-09	2.890271e+01	3.995507e+02
1.110000e-06	4.259412e-06	7.302168e-09	2.983108e+01	4.323287e+02
1.120000e-06	4.390454e-06	7.821960e-09	3.074884e+01	4.632386e+02
1.130000e-06	4.519830e-06	8.312574e-09	3.165493e+01	4.922876e+02
1.140000e-06	4.647534e-06	8.772233e-09	3.254931e+01	5.195178e+02
1.150000e-06	4.773629e-06	9.199199e-09	3.343243e+01	5.449897e+02
1.160000e-06	4.898145e-06	9.596189e-09	3.430448e+01	5.687719e+02
1.170000e-06	5.020941e-06	9.968085e-09	3.516450e+01	5.909378e+02
1.180000e-06	5.141852e-06	1.031635e-08	3.601130e+01	6.115671e+02
1.190000e-06	5.260934e-06	1.063849e-08	3.684530e+01	6.307473e+02
1.200000e-06	5.378122e-06	1.093606e-08	3.766603e+01	6.485744e+02
1.210000e-06	5.493214e-06	1.121274e-08	3.847209e+01	6.651490e+02
1.220000e-06	5.606139e-06	1.147314e-08	3.926297e+01	6.805705e+02
1.230000e-06	5.716980e-06	1.171307e-08	4.003925e+01	6.949309e+02
1.240000e-06	5.825844e-06	1.193439e-08	4.080169e+01	7.083094e+02
1.250000e-06	5.932687e-06	1.214218e-08	4.154997e+01	7.207723e+02
1.260000e-06	6.037372e-06	1.233983e-08	4.228313e+01	7.323753e+02
1.270000e-06	6.139876e-06	1.252575e-08	4.300103e+01	7.431686e+02
1.280000e-06	6.240248e-06	1.269535e-08	4.370400e+01	7.532018e+02
1.290000e-06	6.338302e-06	1.285164e-08	4.439072e+01	7.625270e+02
1.300000e-06	6.433967e-06	1.299484e-08	4.506072e+01	7.711980e+02
1.310000e-06	6.527419e-06	1.312673e-08	4.571521e+01	7.792681e+02
1.320000e-06	6.618655e-06	1.324761e-08	4.635419e+01	7.867861e+02
1.330000e-06	6.707543e-06	1.336190e-08	4.697672e+01	7.937933e+02
1.340000e-06	6.794032e-06	1.347338e-08	4.758246e+01	8.003236e+02
1.350000e-06	6.878189e-06	1.357934e-08	4.817185e+01	8.064057e+02
1.360000e-06	6.959920e-06	1.367520e-08	4.874427e+01	8.120672e+02
1.370000e-06	7.039056e-06	1.376232e-08	4.929849e+01	8.173374e+02
1.380000e-06	7.115613e-06	1.384587e-08	4.983467e+01	8.222493e+02
1.390000e-06	7.189498e-06	1.392417e-08	5.035213e+01	8.268380e+02
1.400000e-06	7.260720e-06	1.399516e-08	5.085094e+01	8.311367e+02
1.410000e-06	7.329476e-06	1.406272e-08	5.133247e+01	8.351726e+02
1.420000e-06	7.395612e-06	1.412846e-08	5.179566e+01	8.389642e+02
1.430000e-06	7.459056e-06	1.418893e-08	5.224000e+01	8.425209e+02
1.440000e-06	7.520038e-06	1.424479e-08	5.266709e+01	8.458458e+02
1.450000e-06	7.578450e-06	1.429743e-08	5.307618e+01	8.489405e+02
1.460000e-06	7.634090e-06	1.434764e-08	5.346586e+01	8.518089e+02
1.470000e-06	7.686821e-06	1.439392e-08	5.383516e+01	8.544601e+02
1.480000e-06	7.736372e-06	1.443599e-08	5.418220e+01	8.569073e+02
1.490000e-06	7.782912e-06	1.447416e-08	5.450814e+01	8.591650e+02
1.500000e-06	7.826717e-06	1.450796e-08	5.481493e+01	8.612448e+02
1.510000e-06	7.867711e-06	1.453895e-08	5.510204e+01	8.631527e+02
1.520000e-06	7.905911e-06	1.456727e-08	5.536957e+01	8.648889e+02
1.530000e-06	7.941449e-06	1.459358e-08	5.561847e+01	8.664504e+02
1.540000e-06	7.974204e-06	1.461817e-08	5.584787e+01	8.678359e+02
1.550000e-06	8.004114e-06	1.463978e-08	5.605734e+01	8.690494e+02
1.560000e-06	8.031243e-06	1.465704e-08	5.624734e+01	8.701022e+02
1.570000e-06	8.055424e-06	1.466909e-08	5.641670e+01	8.710112e+02
1.580000e-06	8.076785e-06	1.467809e-08	5.656630e+01	8.717941e+02
1.590000e-06	8.095453e-06	1.468844e-08	5.669705e+01	8.724639e+02
1.600000e-06	8.111195e-06	1.469947e-08	5.680729e+01	8.730249e+02
1.610000e-06	8.123870e-06	1.470832e-08	5.689606e+01	8.734721e+02
1.620000e-06	8.133400e-06	1.471505e-08	5.696281e+01	8.737949e+02
1.630000e-06	8.139945e-06	1.471903e-08	5.700864e+01	8.739836e+02
1.640000e-06	8.143728e-06	1.471733e-08	5.703514e+01	8.740357e+02
1.650000e-06	8.144636e-06	1.471062e-08	5.704150e+01	8.739599e+02
1.660000e-06	8.142801e-06	1.471258e-08	5.702865e+01	8.737740e+02
1.670000e-06	8.138374e-06	1.470985e-08	5.699764e+01	8.734997e+02
1.680000e-06	8.131186e-06	1.470281e-08	5.694730e+01	8.731535e+02
1.690000e-06	8.121334e-06	1.469460e-08	5.687830e+01	8.727396e+02
1.700000e-06	8.108748e-06	1.468096e-08	5.679015e+01	8.722465e+02
1.710000e-06	8.093367e-06	1.465718e-08	5.668243e+01	8.716502e+02
1.720000e-06	8.075493e-06	1.462472e-08	5.655725e+01	8.709228e+02
1.730000e-06	8.055193e-06	1.469215e-08	5.641508e+01	8.700442e+02
1.740000e-06	8.031876e-06	1.468761e-08	5.625178e+01	8.690109e+02
1.750000e-06	8.004914e-06	1.461149e-08	5.606295e+01	8.678395e+02
1.760000e-06	7.974402e-06	1.458794e-08	5.584925e+01	8.665631e+02
1.770000e-06	7.940926e-06	1.457669e-08	5.561480e+01	8.652202e+02
1.780000e-06	7.904981e-06	1.449096e-08	5.536306e+01	8.638415e+02
1.790000e-06	7.866768e-06	1.451473e-08	5.509543e+01	8.624386e+02
1.800000e-06	7.826424e-06	1.453787e-08	5.481288e+01	8.609992e+02
1.810000e-06	7.783593e-06	1.439271e-08	5.451291e+01	8.594908e+02
1.820000e-06	7.738169e-06	1.449387e-08	5.419478e+01	8.578715e+02
1.830000e-06	7.690054e-06	1.441148e-08	5.385780e+01	8.561041e+02
1.840000e-06	7.638793e-06	1.437511e-08	5.349879e+01	8.541681e+02
1.850000e-06	7.584511e-06	1.438061e-08	5.311863e+01	8.520649e+02
1.860000e-06	7.527384e-06	1.424789e-08	5.271854e+01	8.498153e+02
1.870000e-06	7.467668e-06	1.432182e-08	5.230031e+01	8.474495e+02
1.880000e-06	7.405312e-06	1.420093e-08	5.186359e+01	8.449940e+02
1.890000e-06	7.340188e-06	1.418894e-08	5.140750e+01	8.424612e+02
1.900000e-06	7.272384e-06	1.416083e-08	5.093262e+01	8.398450e+02
1.910000e-06	7.201657e-06	1.407653e-08	5.043728e+01	8.371241e+02
1.920000e-06	7.128197e-06	1.408001e-08	4.992280e+01	8.342709e+02
1.930000e-06	7.052071e-06	1.395959e-08	4.938965e+01	8.312637e+02
1.940000e-06	6.973145e-06	1.397159e-08	4.883689e+01	8.280947e+02
1.950000e-06	6.891714e-06	1.387120e-08	4.826658e+01	8.247731e+02
1.960000e-06	6.807854e-06	1.382680e-08	4.767926e+01	8.213198e+02
1.970000e-06	6.721563e-06	1.378896e-08	4.707491e+01	8.177586e+02
1.980000e-06	6.632818e-06	1.368573e-08	4.645338e+01	8.141056e+02
1.990000e-06	6.541724e-06	1.366376e-08	4.581540e+01	8.103619e+02
2.000000e-06	6.448370e-06	1.356116e-08	4.516159e+01	8.065139e+02
2.010000e-06	6.352678e-06	1.352772e-08	4.449140e+01	8.025383e+02
2.020000e-06	6.254711e-06	1.342690e-08	4.380529e+01	7.984125e+02
2.030000e-06	6.154445e-06	1.337264e-08	4.310306e+01	7.941231e+02
2.040000e-06	6.051983e-06	1.329643e-08	4.238547e+01	7.896712e+02
2.050000e-06	5.947357e-06	1.321622e-08	4.165271e+01	7.850705e+02
2.060000e-06	5.840693e-06	1.314240e-08	4.090568e+01	7.803406e+02
2.070000e-06	5.732021e-06	1.304174e-08	4.014459e+01	7.754970e+02
2.080000e-06	5.621216e-06	1.297562e-08	3.936856e+01	7.705433e+02
2.090000e-06	5.508256e-06	1.287430e-08	3.857744e+01	7.654686e+02
2.100000e-06	5.393120e-06	1.280023e-08	3.777108e+01	7.602511e+02
2.110000e-06	5.275896e-06	1.269900e-08	3.695009e+01	7.548673e+02
2.120000e-06	5.156639e-06	1.261912e-08	3.611486e+01	7.493014e+02
2.130000e-06	5.035515e-06	1.251159e-08	3.526657e+01	7.435526e+02
2.140000e-06	4.912546e-06	1.241454e-08	3.440534e+01	7.376352e+02
2.150000e-06	4.787836e-06	1.230488e-08	3.353193e+01	7.315731e+02
2.160000e-06	4.661452e-06	1.220007e-08	3.264679e+01	7.253893e+02
2.170000e-06	4.533332e-06	1.209826e-08	3.174949e+01	7.190957e+02
2.180000e-06	4.403625e-06	1.198940e-08	3.084108e+01	7.126863e+02
2.190000e-06	4.272347e-06	1.188633e-08	2.992167e+01	7.061385e+02
2.200000e-06	4.139540e-06	1.176956e-08	2.899155e+01	6.994195e+02
2.210000e-06	4.005376e-06	1.166074e-08	2.805192e+01	6.924976e+02
2.220000e-06	3.869686e-06	1.153389e-08	2.710160e+01	6.853523e+02
2.230000e-06	3.732410e-06	1.141022e-08	2.614018e+01	6.779794e+02
2.240000e-06	3.593772e-06	1.127626e-08	2.516922e+01	6.703899e+02
2.250000e-06	3.453822e-06	1.114806e-08	2.418907e+01	6.626021e+02
2.260000e-06	3.312641e-06	1.101558e-08	2.320030e+01	6.546314e+02
2.270000e-06	3.170242e-06	1.087909e-08	2.220300e+01	6.464815e+02
2.280000e-06	3.026642e-06	1.073704e-08	2.119729e+01	6.381408e+02
2.290000e-06	2.881892e-06	1.059314e-08	2.018352e+01	6.295859e+02
2.300000e-06	2.736122e-06	1.044555e-08	1.916261e+01	6.207897e+02
2.310000e-06	2.589486e-06	1.028894e-08	1.813563e+01	6.117316e+02
2.320000e-06	2.441851e-06	1.012931e-08	1.710167e+01	6.024041e+02
2.330000e-06	2.293285e-06	9.966225e-09	1.606118e+01	5.928134e+02
2.340000e-06	2.143992e-06	9.800615e-09	1.501559e+01	5.829740e+02
2.350000e-06	1.994044e-06	9.630161e-09	1.396542e+01	5.728986e+02
2.360000e-06	1.843434e-06	9.455358e-09	1.291061e+01	5.625875e+02
2.370000e-06	1.692092e-06	9.277974e-09	1.185068e+01	5.520241e+02
2.380000e-06	1.540070e-06	9.096730e-09	1.078598e+01	5.411755e+02
2.390000e-06	1.387470e-06	8.906817e-09	9.717241e+00	5.300008e+02
2.400000e-06	1.234391e-06	8.710465e-09	8.645138e+00	5.184625e+02
2.410000e-06	1.080910e-06	8.506812e-09	7.570224e+00	5.065358e+02
2.420000e-06	9.270763e-07	8.299916e-09	6.492841e+00	4.942129e+02
2.430000e-06	7.729747e-07	8.084477e-09	5.413580e+00	4.814978e+02
2.440000e-06	6.186210e-07	7.863423e-09	4.332553e+00	4.683954e+02
2.450000e-06	4.640423e-07	7.638881e-09	3.249951e+00	4.548970e+02
2.460000e-06	3.092915e-07	7.407746e-09	2.166144e+00	4.409696e+02
2.470000e-06	1.544202e-07	7.166028e-09	1.081492e+00	4.265516e+02
2.480000e-06	-5.341096e-10	6.909610e-09	-3.740672e-03	4.115598e+02
2.490000e-06	-1.555001e-07	6.642600e-09	-1.089055e+00	3.959032e+02
2.500000e-06	-3.103452e-07	6.366131e-09	-2.173523e+00	3.795005e+02
2.510000e-06	-4.650214e-07	6.079725e-09	-3.256808e+00	3.622949e+02
2.520000e-06	-6.194995e-07	5.777352e-09	-4.338706e+00	3.442602e+02
2.530000e-06	-7.737506e-07	5.458528e-09	-5.419014e+00	3.253954e+02
2.540000e-06	-9.277264e-07	5.127648e-09	-6.497394e+00	3.057102e+02
2.550000e-06	-1.081369e-06	4.783045e-09	-7.573441e+00	2.852052e+02
2.560000e-06	-1.234612e-06	4.423322e-09	-8.646685e+00	2.638519e+02
2.570000e-06	-1.387451e-06	4.046941e-09	-9.717105e+00	2.415811e+02
2.580000e-06	-1.539854e-06	3.655584e-09	-1.078447e+01	2.182804e+02
2.590000e-06	-1.691673e-06	3.247856e-09	-1.184775e+01	1.938022e+02
2.600000e-06	-1.842746e-06	2.816520e-09	-1.290579e+01	1.679808e+02
2.610000e-06	-1.993054e-06	2.358187e-09	-1.395849e+01	1.406526e+02
2.620000e-06	-2.142682e-06	1.872243e-09	-1.500641e+01	1.116768e+02
2.630000e-06	-2.291660e-06	1.358301e-09	-1.604980e+01	8.095387e+01
2.640000e-06	-2.439785e-06	8.131061e-10	-1.708719e+01	4.843973e+01
2.650000e-06	-2.586957e-06	2.364036e-10	-1.811793e+01	1.415748e+01
2.660000e-06	-2.733235e-06	-3.675236e-10	-1.914239e+01	-2.179387e+01
2.670000e-06	-2.878553e-06	-9.938715e-10	-2.016014e+01	-5.923338e+01
2.680000e-06	-3.022893e-06	-1.641146e-09	-2.117103e+01	-9.789656e+01
2.690000e-06	-3.166074e-06	-2.305027e-09	-2.217381e+01	-1.374406e+02
2.700000e-06	-3.307953e-06	-2.975277e-09	-2.316747e+01	-1.774583e+02
2.710000e-06	-3.448642e-06	-3.646299e-09	-2.415279e+01	-2.175024e+02
2.720000e-06	-3.588090e-06	-4.310975e-09	-2.512943e+01	-2.571167e+02
2.730000e-06	-3.726139e-06	-4.963446e-09	-2.609627e+01	-2.958710e+02
2.740000e-06	-3.862838e-06	-5.596927e-09	-2.705364e+01	-3.333936e+02
2.750000e-06	-3.998141e-06	-6.202829e-09	-2.800125e+01	-3.693939e+02
2.760000e-06	-4.131975e-06	-6.779370e-09	-2.893856e+01	-4.036728e+02
2.770000e-06	-4.264331e-06	-7.325911e-09	-2.986553e+01	-4.361193e+02
2.780000e-06	-4.395161e-06	-7.840858e-09	-3.078180e+01	-4.666955e+02
2.790000e-06	-4.524483e-06	-8.323985e-09	-3.168752e+01	-4.954163e+02
2.800000e-06	-4.652252e-06	-8.776552e-09	-3.258235e+01	-5.223282e+02
2.810000e-06	-4.778317e-06	-9.201923e-09	-3.346526e+01	-5.474936e+02
2.820000e-06	-4.902617e-06	-9.600074e-09	-3.433580e+01	-5.709820e+02
2.830000e-06	-5.025187e-06	-9.968853e-09	-3.519423e+01	-5.928679e+02
2.840000e-06	-5.146037e-06	-1.031224e-08	-3.604061e+01	-6.132321e+02
2.850000e-06	-5.264973e-06	-1.063267e-08	-3.687359e+01	-6.321639e+02
2.860000e-06	-5.381768e-06	-1.092983e-08	-3.769157e+01	-6.497603e+02
2.870000e-06	-5.496385e-06	-1.120520e-08	-3.849430e+01	-6.661222e+02
2.880000e-06	-5.608789e-06	-1.146268e-08	-3.928153e+01	-6.813483e+02
2.890000e-06	-5.719027e-06	-1.170456e-08	-4.005358e+01	-6.955283e+02
2.900000e-06	-5.827329e-06	-1.192899e-08	-4.081209e+01	-7.087392e+02
2.910000e-06	-5.933732e-06	-1.213418e-08	-4.155729e+01	-7.210451e+02
2.920000e-06	-6.038047e-06	-1.232370e-08	-4.228786e+01	-7.325003e+02
2.930000e-06	-6.140069e-06	-1.250179e-08	-4.300238e+01	-7.431546e+02
2.940000e-06	-6.239808e-06	-1.266944e-08	-4.370091e+01	-7.530579e+02
2.950000e-06	-6.337437e-06	-1.282669e-08	-4.438466e+01	-7.622626e+02
2.960000e-06	-6.432951e-06	-1.297402e-08	-4.505360e+01	-7.708230e+02
2.970000e-06	-6.526151e-06	-1.311269e-08	-4.570633e+01	-7.787915e+02
2.980000e-06	-6.616976e-06	-1.323935e-08	-4.634243e+01	-7.862159e+02
2.990000e-06	-6.705541e-06	-1.335412e-08	-4.696270e+01	-7.931360e+02
3.000000e-06	-6.791698e-06	-1.346041e-08	-4.756611e+01	-7.995847e+02
3.010000e-06	-6.875405e-06	-1.356150e-08	-4.815236e+01	-8.055901e+02
3.020000e-06	-6.956797e-06	-1.365580e-08	-4.872239e+01	-8.111798e+02
3.030000e-06	-7.035696e-06	-1.374444e-08	-4.927497e+01	-8.163839e+02
3.040000e-06	-7.111795e-06	-1.382753e-08	-4.980793e+01	-8.212360e+02
3.050000e-06	-7.185180e-06	-1.390446e-08	-5.032188e+01	-8.257710e+02
3.060000e-06	-7.255977e-06	-1.397576e-08	-5.081772e+01	-8.300214e+02
3.070000e-06	-7.324139e-06	-1.404049e-08	-5.129509e+01	-8.340130e+02
3.080000e-06	-7.389770e-06	-1.409938e-08	-5.175475e+01	-8.377626e+02
3.090000e-06	-7.452888e-06	-1.415684e-08	-5.219680e+01	-8.412781e+02
3.100000e-06	-7.513314e-06	-1.421376e-08	-5.262000e+01	-8.445623e+02
3.110000e-06	-7.570987e-06	-1.426640e-08	-5.302391e+01	-8.476165e+02
3.120000e-06	-7.625840e-06	-1.431471e-08	-5.340807e+01	-8.504458e+02
3.130000e-06	-7.677741e-06	-1.436007e-08	-5.377157e+01	-8.530599e+02
3.140000e-06	-7.726561e-06	-1.440099e-08	-5.411349e+01	-8.554726e+02
3.150000e-06	-7.772456e-06	-1.443690e-08	-5.443491e+01	-8.576982e+02
3.160000e-06	-7.815841e-06	-1.446924e-08	-5.473876e+01	-8.597475e+02
3.170000e-06	-7.856704e-06	-1.449673e-08	-5.502495e+01	-8.616252e+02
3.180000e-06	-7.894774e-06	-1.452349e-08	-5.529157e+01	-8.633309e+02
3.190000e-06	-7.930110e-06	-1.455069e-08	-5.553906e+01	-8.648614e+02
3.200000e-06	-7.962731e-06	-1.457732e-08	-5.576751e+01	-8.662161e+02
3.210000e-06	-7.992351e-06	-1.460052e-08	-5.597496e+01	-8.674002e+02
3.220000e-06	-8.019069e-06	-1.462036e-08	-5.616208e+01	-8.684264e+02
3.230000e-06	-8.043059e-06	-1.463712e-08	-5.633010e+01	-8.693121e+02
3.240000e-06	-8.064200e-06	-1.464971e-08	-5.647816e+01	-8.700745e+02
3.250000e-06	-8.082538e-06	-1.465699e-08	-5.660659e+01	-8.707252e+02
3.260000e-06	-8.097948e-06	-1.466354e-08	-5.671452e+01	-8.712669e+02
3.270000e-06	-8.110143e-06	-1.467195e-08	-5.679993e+01	-8.716931e+02
3.280000e-06	-8.119379e-06	-1.467964e-08	-5.686461e+01	-8.719930e+02
3.290000e-06	-8.125712e-06	-1.468485e-08	-5.690896e+01	-8.721576e+02
3.300000e-06	-8.129207e-06	-1.469080e-08	-5.693344e+01	-8.721863e+02
3.310000e-06	-8.130051e-06	-1.469127e-08	-5.693935e+01	-8.720897e+02
