# Temperatura_=_49.67777777777778
# Concentracion g/m^3_=_11780.0
# C_Vs_to_Am_M_A/Vsm_=_59384043850.047264
# pendiente_HvsI_1/m_=_3716.3
# ordenada_HvsI_A/m_=_1297.0
# frecuencia_Hz_=_301521.75422963884
# Promedio de 27 ciclos

Tiempo_(s)	Campo_(V.s)	Magnetizacion_(V.s)	Campo_(kA/m)	Magnetizacion_(A/m)
0.000000e+00	-8.122603e-09	-1.537221e-08	-5.691801e+01	-9.127498e+02
1.000000e-08	-8.119501e-09	-1.536801e-08	-5.689627e+01	-9.124608e+02
2.000000e-08	-8.113741e-09	-1.536386e-08	-5.685590e+01	-9.120756e+02
3.000000e-08	-8.105310e-09	-1.535618e-08	-5.679682e+01	-9.116363e+02
4.000000e-08	-8.093997e-09	-1.534799e-08	-5.671755e+01	-9.111572e+02
5.000000e-08	-8.079718e-09	-1.533910e-08	-5.661749e+01	-9.106183e+02
6.000000e-08	-8.062556e-09	-1.533465e-08	-5.649723e+01	-9.099712e+02
7.000000e-08	-8.042880e-09	-1.532968e-08	-5.635935e+01	-9.091570e+02
8.000000e-08	-8.020623e-09	-1.526496e-08	-5.620339e+01	-9.081287e+02
9.000000e-08	-7.995123e-09	-1.522291e-08	-5.602470e+01	-9.068704e+02
1.000000e-07	-7.966308e-09	-1.524278e-08	-5.582279e+01	-9.054051e+02
1.100000e-07	-7.934642e-09	-1.524305e-08	-5.560089e+01	-9.037881e+02
1.200000e-07	-7.900267e-09	-1.520302e-08	-5.536002e+01	-9.020887e+02
1.300000e-07	-7.863394e-09	-1.516837e-08	-5.510163e+01	-9.003652e+02
1.400000e-07	-7.824409e-09	-1.518371e-08	-5.482844e+01	-8.986451e+02
1.500000e-07	-7.783070e-09	-1.510275e-08	-5.453877e+01	-8.969146e+02
1.600000e-07	-7.738865e-09	-1.508041e-08	-5.422901e+01	-8.951239e+02
1.700000e-07	-7.691882e-09	-1.505220e-08	-5.389978e+01	-8.932050e+02
1.800000e-07	-7.641985e-09	-1.495956e-08	-5.355013e+01	-8.910956e+02
1.900000e-07	-7.588922e-09	-1.498842e-08	-5.317830e+01	-8.887600e+02
2.000000e-07	-7.533027e-09	-1.494081e-08	-5.278663e+01	-8.862007e+02
2.100000e-07	-7.474408e-09	-1.488408e-08	-5.237587e+01	-8.834549e+02
2.200000e-07	-7.413158e-09	-1.482738e-08	-5.194666e+01	-8.805791e+02
2.300000e-07	-7.349270e-09	-1.477007e-08	-5.149898e+01	-8.776265e+02
2.400000e-07	-7.282574e-09	-1.474727e-08	-5.103161e+01	-8.746275e+02
2.500000e-07	-7.213216e-09	-1.465849e-08	-5.054560e+01	-8.715786e+02
2.600000e-07	-7.141206e-09	-1.461069e-08	-5.004100e+01	-8.684449e+02
2.700000e-07	-7.066406e-09	-1.457462e-08	-4.951685e+01	-8.651744e+02
2.800000e-07	-6.988796e-09	-1.453555e-08	-4.897300e+01	-8.617180e+02
2.900000e-07	-6.908449e-09	-1.446009e-08	-4.840998e+01	-8.580483e+02
3.000000e-07	-6.825634e-09	-1.436225e-08	-4.782967e+01	-8.541698e+02
3.100000e-07	-6.740573e-09	-1.431598e-08	-4.723362e+01	-8.501158e+02
3.200000e-07	-6.653232e-09	-1.424184e-08	-4.662158e+01	-8.459359e+02
3.300000e-07	-6.563519e-09	-1.417763e-08	-4.599294e+01	-8.416763e+02
3.400000e-07	-6.471467e-09	-1.410032e-08	-4.534789e+01	-8.373625e+02
3.500000e-07	-6.377124e-09	-1.402942e-08	-4.468679e+01	-8.329901e+02
3.600000e-07	-6.280423e-09	-1.396622e-08	-4.400918e+01	-8.285267e+02
3.700000e-07	-6.181383e-09	-1.387781e-08	-4.331517e+01	-8.239244e+02
3.800000e-07	-6.080152e-09	-1.378683e-08	-4.260580e+01	-8.191377e+02
3.900000e-07	-5.976755e-09	-1.369065e-08	-4.188126e+01	-8.141398e+02
4.000000e-07	-5.871146e-09	-1.362473e-08	-4.114122e+01	-8.089315e+02
4.100000e-07	-5.763411e-09	-1.353956e-08	-4.038628e+01	-8.035391e+02
4.200000e-07	-5.653673e-09	-1.344576e-08	-3.961731e+01	-7.980034e+02
4.300000e-07	-5.541914e-09	-1.334895e-08	-3.883418e+01	-7.923627e+02
4.400000e-07	-5.428013e-09	-1.325733e-08	-3.803603e+01	-7.866377e+02
4.500000e-07	-5.311915e-09	-1.315876e-08	-3.722249e+01	-7.808237e+02
4.600000e-07	-5.193768e-09	-1.304513e-08	-3.639460e+01	-7.748918e+02
4.700000e-07	-5.073759e-09	-1.293905e-08	-3.555364e+01	-7.687999e+02
4.800000e-07	-4.951925e-09	-1.283719e-08	-3.469991e+01	-7.625080e+02
4.900000e-07	-4.828269e-09	-1.274115e-08	-3.383341e+01	-7.559927e+02
5.000000e-07	-4.702867e-09	-1.262570e-08	-3.295467e+01	-7.492554e+02
5.100000e-07	-4.575842e-09	-1.250614e-08	-3.206456e+01	-7.423200e+02
5.200000e-07	-4.447210e-09	-1.238628e-08	-3.116319e+01	-7.352236e+02
5.300000e-07	-4.316921e-09	-1.226752e-08	-3.025021e+01	-7.280013e+02
5.400000e-07	-4.185018e-09	-1.213827e-08	-2.932592e+01	-7.206720e+02
5.500000e-07	-4.051629e-09	-1.200649e-08	-2.839121e+01	-7.132303e+02
5.600000e-07	-3.916798e-09	-1.188301e-08	-2.744640e+01	-7.056469e+02
5.700000e-07	-3.780511e-09	-1.175926e-08	-2.649139e+01	-6.978775e+02
5.800000e-07	-3.642812e-09	-1.162684e-08	-2.552648e+01	-6.898766e+02
5.900000e-07	-3.503714e-09	-1.148207e-08	-2.455178e+01	-6.816117e+02
6.000000e-07	-3.363178e-09	-1.133927e-08	-2.356699e+01	-6.730718e+02
6.100000e-07	-3.221249e-09	-1.119359e-08	-2.257245e+01	-6.642686e+02
6.200000e-07	-3.078062e-09	-1.104171e-08	-2.156909e+01	-6.552299e+02
6.300000e-07	-2.933766e-09	-1.088300e-08	-2.055795e+01	-6.459869e+02
6.400000e-07	-2.788401e-09	-1.072582e-08	-1.953933e+01	-6.365613e+02
6.500000e-07	-2.642023e-09	-1.056952e-08	-1.851360e+01	-6.269564e+02
6.600000e-07	-2.494763e-09	-1.040594e-08	-1.748169e+01	-6.171539e+02
6.700000e-07	-2.346687e-09	-1.023448e-08	-1.644407e+01	-6.071195e+02
6.800000e-07	-2.197831e-09	-1.005820e-08	-1.540098e+01	-5.968125e+02
6.900000e-07	-2.048222e-09	-9.882611e-09	-1.435262e+01	-5.861979e+02
7.000000e-07	-1.897903e-09	-9.701081e-09	-1.329928e+01	-5.752552e+02
7.100000e-07	-1.746928e-09	-9.510339e-09	-1.224134e+01	-5.639818e+02
7.200000e-07	-1.595339e-09	-9.313151e-09	-1.117911e+01	-5.523897e+02
7.300000e-07	-1.443160e-09	-9.115257e-09	-1.011273e+01	-5.404967e+02
7.400000e-07	-1.290419e-09	-8.913981e-09	-9.042418e+00	-5.283165e+02
7.500000e-07	-1.137183e-09	-8.702411e-09	-7.968643e+00	-5.158486e+02
7.600000e-07	-9.835370e-10	-8.484675e-09	-6.891989e+00	-5.030744e+02
7.700000e-07	-8.295521e-10	-8.265503e-09	-5.812962e+00	-4.899572e+02
7.800000e-07	-6.752840e-10	-8.043326e-09	-4.731950e+00	-4.764478e+02
7.900000e-07	-5.207919e-10	-7.809475e-09	-3.649368e+00	-4.624918e+02
8.000000e-07	-3.661230e-10	-7.563180e-09	-2.565548e+00	-4.480369e+02
8.100000e-07	-2.113054e-10	-7.307816e-09	-1.480686e+00	-4.330363e+02
8.200000e-07	-5.639366e-11	-7.045392e-09	-3.951631e-01	-4.174493e+02
8.300000e-07	9.851730e-11	-6.773238e-09	6.903536e-01	-4.012380e+02
8.400000e-07	2.533688e-10	-6.487834e-09	1.775454e+00	-3.843642e+02
8.500000e-07	4.081302e-10	-6.192494e-09	2.859922e+00	-3.667864e+02
8.600000e-07	5.627346e-10	-5.886944e-09	3.943290e+00	-3.484610e+02
8.700000e-07	7.171356e-10	-5.565960e-09	5.025233e+00	-3.293452e+02
8.800000e-07	8.712952e-10	-5.225236e-09	6.105485e+00	-3.094018e+02
8.900000e-07	1.025133e-09	-4.870780e-09	7.183481e+00	-2.886016e+02
9.000000e-07	1.178576e-09	-4.507099e-09	8.258709e+00	-2.669222e+02
9.100000e-07	1.331589e-09	-4.130798e-09	9.330929e+00	-2.443403e+02
9.200000e-07	1.484132e-09	-3.735375e-09	1.039985e+01	-2.208198e+02
9.300000e-07	1.636134e-09	-3.319921e-09	1.146498e+01	-1.962990e+02
9.400000e-07	1.787538e-09	-2.887086e-09	1.252592e+01	-1.706806e+02
9.500000e-07	1.938290e-09	-2.433525e-09	1.358229e+01	-1.438316e+02
9.600000e-07	2.088319e-09	-1.954233e-09	1.463360e+01	-1.155939e+02
9.700000e-07	2.237589e-09	-1.447024e-09	1.567959e+01	-8.580832e+01
9.800000e-07	2.386060e-09	-9.151097e-10	1.671998e+01	-5.434594e+01
9.900000e-07	2.533676e-09	-3.574202e-10	1.775438e+01	-2.114197e+01
1.000000e-06	2.680392e-09	2.314543e-10	1.878247e+01	1.377645e+01
1.010000e-06	2.826166e-09	8.513654e-10	1.980397e+01	5.027528e+01
1.020000e-06	2.970930e-09	1.493298e-09	2.081838e+01	8.811510e+01
1.030000e-06	3.114619e-09	2.148353e-09	2.182526e+01	1.269690e+02
1.040000e-06	3.257162e-09	2.815298e-09	2.282411e+01	1.664523e+02
1.050000e-06	3.398456e-09	3.488668e-09	2.381420e+01	2.061572e+02
1.060000e-06	3.538423e-09	4.157716e-09	2.479500e+01	2.456851e+02
1.070000e-06	3.677036e-09	4.813133e-09	2.576632e+01	2.846699e+02
1.080000e-06	3.814265e-09	5.453299e-09	2.672792e+01	3.227911e+02
1.090000e-06	3.950052e-09	6.078333e-09	2.767943e+01	3.597771e+02
1.100000e-06	4.084396e-09	6.681785e-09	2.862083e+01	3.954027e+02
1.110000e-06	4.217303e-09	7.255621e-09	2.955216e+01	4.294859e+02
1.120000e-06	4.348700e-09	7.799649e-09	3.047290e+01	4.618873e+02
1.130000e-06	4.478530e-09	8.316484e-09	3.138267e+01	4.925128e+02
1.140000e-06	4.606762e-09	8.802974e-09	3.228123e+01	5.213184e+02
1.150000e-06	4.733360e-09	9.256752e-09	3.316835e+01	5.483134e+02
1.160000e-06	4.858321e-09	9.678577e-09	3.404400e+01	5.735571e+02
1.170000e-06	4.981584e-09	1.007462e-08	3.490775e+01	5.971486e+02
1.180000e-06	5.103080e-09	1.044747e-08	3.575912e+01	6.192085e+02
1.190000e-06	5.222726e-09	1.079470e-08	3.659752e+01	6.398592e+02
1.200000e-06	5.340408e-09	1.111660e-08	3.742216e+01	6.592061e+02
1.210000e-06	5.456045e-09	1.141881e-08	3.823247e+01	6.773280e+02
1.220000e-06	5.569576e-09	1.170461e-08	3.902802e+01	6.942775e+02
1.230000e-06	5.681025e-09	1.197118e-08	3.980898e+01	7.100914e+02
1.240000e-06	5.790486e-09	1.221754e-08	4.057601e+01	7.248068e+02
1.250000e-06	5.897935e-09	1.244714e-08	4.132895e+01	7.384758e+02
1.260000e-06	6.003240e-09	1.266269e-08	4.206686e+01	7.511740e+02
1.270000e-06	6.106359e-09	1.286178e-08	4.278946e+01	7.629978e+02
1.280000e-06	6.207278e-09	1.304422e-08	4.349663e+01	7.740525e+02
1.290000e-06	6.305912e-09	1.321562e-08	4.418780e+01	7.844344e+02
1.300000e-06	6.402210e-09	1.338028e-08	4.486258e+01	7.942148e+02
1.310000e-06	6.496259e-09	1.353675e-08	4.552162e+01	8.034309e+02
1.320000e-06	6.588104e-09	1.368185e-08	4.616522e+01	8.120889e+02
1.330000e-06	6.677614e-09	1.381620e-08	4.679244e+01	8.201773e+02
1.340000e-06	6.764741e-09	1.394156e-08	4.740298e+01	8.276860e+02
1.350000e-06	6.849558e-09	1.405708e-08	4.799732e+01	8.346242e+02
1.360000e-06	6.932016e-09	1.416143e-08	4.857513e+01	8.410311e+02
1.370000e-06	7.011950e-09	1.425755e-08	4.913525e+01	8.469733e+02
1.380000e-06	7.089303e-09	1.435111e-08	4.967729e+01	8.525321e+02
1.390000e-06	7.164002e-09	1.444332e-08	5.020074e+01	8.577839e+02
1.400000e-06	7.236014e-09	1.452942e-08	5.070535e+01	8.627819e+02
1.410000e-06	7.305477e-09	1.460825e-08	5.119210e+01	8.675452e+02
1.420000e-06	7.372350e-09	1.468431e-08	5.166071e+01	8.720608e+02
1.430000e-06	7.436544e-09	1.475712e-08	5.211054e+01	8.762966e+02
1.440000e-06	7.498186e-09	1.482267e-08	5.254249e+01	8.802205e+02
1.450000e-06	7.557274e-09	1.487953e-08	5.295654e+01	8.838192e+02
1.460000e-06	7.613669e-09	1.493305e-08	5.335172e+01	8.871082e+02
1.470000e-06	7.667232e-09	1.498642e-08	5.372705e+01	8.901301e+02
1.480000e-06	7.717658e-09	1.503660e-08	5.408040e+01	8.929417e+02
1.490000e-06	7.764990e-09	1.508165e-08	5.441208e+01	8.955950e+02
1.500000e-06	7.809569e-09	1.512324e-08	5.472446e+01	8.981196e+02
1.510000e-06	7.851366e-09	1.516416e-08	5.501734e+01	9.005139e+02
1.520000e-06	7.890332e-09	1.520196e-08	5.529039e+01	9.027480e+02
1.530000e-06	7.926623e-09	1.523413e-08	5.554469e+01	9.047777e+02
1.540000e-06	7.960140e-09	1.526181e-08	5.577956e+01	9.065642e+02
1.550000e-06	7.990831e-09	1.528771e-08	5.599463e+01	9.080913e+02
1.560000e-06	8.018798e-09	1.531102e-08	5.619060e+01	9.093743e+02
1.570000e-06	8.043884e-09	1.532981e-08	5.636639e+01	9.104555e+02
1.580000e-06	8.066103e-09	1.534496e-08	5.652208e+01	9.113902e+02
1.590000e-06	8.085630e-09	1.535951e-08	5.665892e+01	9.122266e+02
1.600000e-06	8.102302e-09	1.537370e-08	5.677574e+01	9.129892e+02
1.610000e-06	8.115935e-09	1.538352e-08	5.687128e+01	9.136710e+02
1.620000e-06	8.126414e-09	1.538906e-08	5.694471e+01	9.142389e+02
1.630000e-06	8.133829e-09	1.539422e-08	5.699666e+01	9.146485e+02
1.640000e-06	8.138455e-09	1.539970e-08	5.702908e+01	9.148647e+02
1.650000e-06	8.140227e-09	1.539943e-08	5.704150e+01	9.148768e+02
1.660000e-06	8.139182e-09	1.540088e-08	5.703417e+01	9.147054e+02
1.670000e-06	8.135528e-09	1.539823e-08	5.700857e+01	9.143950e+02
1.680000e-06	8.129164e-09	1.539220e-08	5.696397e+01	9.139974e+02
1.690000e-06	8.120086e-09	1.538377e-08	5.690036e+01	9.135504e+02
1.700000e-06	8.108269e-09	1.536966e-08	5.681756e+01	9.130627e+02
1.710000e-06	8.093616e-09	1.535081e-08	5.671488e+01	9.125083e+02
1.720000e-06	8.076398e-09	1.532168e-08	5.659423e+01	9.118353e+02
1.730000e-06	8.056857e-09	1.535107e-08	5.645730e+01	9.109851e+02
1.740000e-06	8.034530e-09	1.538010e-08	5.630084e+01	9.099154e+02
1.750000e-06	8.008681e-09	1.532696e-08	5.611971e+01	9.086170e+02
1.760000e-06	7.979142e-09	1.527262e-08	5.591272e+01	9.071195e+02
1.770000e-06	7.946471e-09	1.525276e-08	5.568378e+01	9.054823e+02
1.780000e-06	7.911293e-09	1.519885e-08	5.543727e+01	9.037746e+02
1.790000e-06	7.873719e-09	1.514933e-08	5.517398e+01	9.020505e+02
1.800000e-06	7.833967e-09	1.519882e-08	5.489542e+01	9.003303e+02
1.810000e-06	7.791959e-09	1.509605e-08	5.460106e+01	8.985931e+02
1.820000e-06	7.747338e-09	1.509053e-08	5.428838e+01	8.967843e+02
1.830000e-06	7.700044e-09	1.510982e-08	5.395698e+01	8.948351e+02
1.840000e-06	7.649731e-09	1.500586e-08	5.360442e+01	8.926864e+02
1.850000e-06	7.596347e-09	1.502322e-08	5.323033e+01	8.903092e+02
1.860000e-06	7.540118e-09	1.490851e-08	5.283632e+01	8.877127e+02
1.870000e-06	7.481179e-09	1.490639e-08	5.242331e+01	8.849390e+02
1.880000e-06	7.419657e-09	1.486923e-08	5.199220e+01	8.820455e+02
1.890000e-06	7.355354e-09	1.478046e-08	5.154161e+01	8.790829e+02
1.900000e-06	7.288330e-09	1.478581e-08	5.107195e+01	8.760759e+02
1.910000e-06	7.218519e-09	1.468194e-08	5.058276e+01	8.730148e+02
1.920000e-06	7.145887e-09	1.466429e-08	5.007380e+01	8.698603e+02
1.930000e-06	7.070605e-09	1.458256e-08	4.954627e+01	8.665594e+02
1.940000e-06	6.992551e-09	1.452808e-08	4.899932e+01	8.630657e+02
1.950000e-06	6.911917e-09	1.448525e-08	4.843429e+01	8.593571e+02
1.960000e-06	6.828848e-09	1.439139e-08	4.785220e+01	8.554437e+02
1.970000e-06	6.743311e-09	1.436417e-08	4.725280e+01	8.513630e+02
1.980000e-06	6.655300e-09	1.425091e-08	4.663608e+01	8.471655e+02
1.990000e-06	6.564935e-09	1.419439e-08	4.600286e+01	8.428948e+02
2.000000e-06	6.472331e-09	1.410961e-08	4.535395e+01	8.385714e+02
2.010000e-06	6.377363e-09	1.404273e-08	4.468848e+01	8.341853e+02
2.020000e-06	6.280137e-09	1.397364e-08	4.400718e+01	8.297004e+02
2.030000e-06	6.180696e-09	1.388799e-08	4.331036e+01	8.250678e+02
2.040000e-06	6.079022e-09	1.382912e-08	4.259789e+01	8.202442e+02
2.050000e-06	5.975118e-09	1.372567e-08	4.186980e+01	8.152075e+02
2.060000e-06	5.869089e-09	1.364490e-08	4.112682e+01	8.099634e+02
2.070000e-06	5.761051e-09	1.353050e-08	4.036976e+01	8.045419e+02
2.080000e-06	5.650933e-09	1.344601e-08	3.959811e+01	7.989846e+02
2.090000e-06	5.538702e-09	1.334845e-08	3.881168e+01	7.933276e+02
2.100000e-06	5.424314e-09	1.326138e-08	3.801011e+01	7.875875e+02
2.110000e-06	5.307826e-09	1.316512e-08	3.719385e+01	7.817547e+02
2.120000e-06	5.189256e-09	1.306558e-08	3.636299e+01	7.757971e+02
2.130000e-06	5.068734e-09	1.296208e-08	3.551844e+01	7.696717e+02
2.140000e-06	4.946411e-09	1.284650e-08	3.466128e+01	7.633405e+02
2.150000e-06	4.822308e-09	1.273608e-08	3.379165e+01	7.567844e+02
2.160000e-06	4.696464e-09	1.261616e-08	3.290981e+01	7.500090e+02
2.170000e-06	4.568920e-09	1.250749e-08	3.201607e+01	7.430416e+02
2.180000e-06	4.439767e-09	1.238756e-08	3.111105e+01	7.359201e+02
2.190000e-06	4.309072e-09	1.227437e-08	3.019522e+01	7.286775e+02
2.200000e-06	4.176848e-09	1.214462e-08	2.926867e+01	7.213289e+02
2.210000e-06	4.043118e-09	1.201898e-08	2.833158e+01	7.138643e+02
2.220000e-06	3.907929e-09	1.188435e-08	2.738426e+01	7.062507e+02
2.230000e-06	3.771262e-09	1.175147e-08	2.642659e+01	6.984428e+02
2.240000e-06	3.633194e-09	1.161418e-08	2.545910e+01	6.903962e+02
2.250000e-06	3.493784e-09	1.147669e-08	2.448220e+01	6.820819e+02
2.260000e-06	3.353063e-09	1.133854e-08	2.349612e+01	6.734932e+02
2.270000e-06	3.211090e-09	1.119086e-08	2.250127e+01	6.646452e+02
2.280000e-06	3.067909e-09	1.103792e-08	2.149794e+01	6.555675e+02
2.290000e-06	2.923577e-09	1.087543e-08	2.048656e+01	6.462903e+02
2.300000e-06	2.778194e-09	1.071362e-08	1.946781e+01	6.368328e+02
2.310000e-06	2.631859e-09	1.054713e-08	1.844238e+01	6.271940e+02
2.320000e-06	2.484613e-09	1.038231e-08	1.741058e+01	6.173526e+02
2.330000e-06	2.336496e-09	1.021440e-08	1.637267e+01	6.072721e+02
2.340000e-06	2.187534e-09	1.004545e-08	1.532884e+01	5.969120e+02
2.350000e-06	2.037812e-09	9.868029e-09	1.427969e+01	5.862395e+02
2.360000e-06	1.887404e-09	9.681426e-09	1.322572e+01	5.752371e+02
2.370000e-06	1.736339e-09	9.485751e-09	1.216715e+01	5.639052e+02
2.380000e-06	1.584662e-09	9.286001e-09	1.110430e+01	5.522576e+02
2.390000e-06	1.432409e-09	9.082804e-09	1.003741e+01	5.403122e+02
2.400000e-06	1.279612e-09	8.877473e-09	8.966700e+00	5.280808e+02
2.410000e-06	1.126341e-09	8.667814e-09	7.892675e+00	5.155598e+02
2.420000e-06	9.726728e-10	8.454686e-09	6.815867e+00	5.027271e+02
2.430000e-06	8.186686e-10	8.236616e-09	5.736703e+00	4.895433e+02
2.440000e-06	6.644001e-10	8.007289e-09	4.655688e+00	4.759577e+02
2.450000e-06	5.099068e-10	7.767282e-09	3.573098e+00	4.619160e+02
2.460000e-06	3.552181e-10	7.517193e-09	2.489139e+00	4.473665e+02
2.470000e-06	2.004021e-10	7.261326e-09	1.404288e+00	4.322637e+02
2.480000e-06	4.553166e-11	6.996744e-09	3.190553e-01	4.165675e+02
2.490000e-06	-1.093348e-10	6.723134e-09	-7.661502e-01	4.002404e+02
2.500000e-06	-2.641394e-10	6.439605e-09	-1.850922e+00	3.832436e+02
2.510000e-06	-4.188151e-10	6.146379e-09	-2.934789e+00	3.655352e+02
2.520000e-06	-5.733263e-10	5.838648e-09	-4.017505e+00	3.470713e+02
2.530000e-06	-7.276369e-10	5.511561e-09	-5.098815e+00	3.278099e+02
2.540000e-06	-8.816777e-10	5.167503e-09	-6.178234e+00	3.077149e+02
2.550000e-06	-1.035373e-09	4.810642e-09	-7.255232e+00	2.867589e+02
2.560000e-06	-1.188661e-09	4.442887e-09	-8.329381e+00	2.649199e+02
2.570000e-06	-1.341501e-09	4.062125e-09	-9.400383e+00	2.421732e+02
2.580000e-06	-1.493844e-09	3.666956e-09	-1.046791e+01	2.184792e+02
2.590000e-06	-1.645633e-09	3.256384e-09	-1.153155e+01	1.937702e+02
2.600000e-06	-1.796799e-09	2.826258e-09	-1.259082e+01	1.679424e+02
2.610000e-06	-1.947285e-09	2.370854e-09	-1.364534e+01	1.408570e+02
2.620000e-06	-2.097080e-09	1.888629e-09	-1.469500e+01	1.123537e+02
2.630000e-06	-2.246158e-09	1.380463e-09	-1.573965e+01	8.227637e+01
2.640000e-06	-2.394450e-09	8.463651e-10	-1.677878e+01	5.050502e+01
2.650000e-06	-2.541885e-09	2.857597e-10	-1.781191e+01	1.698955e+01
2.660000e-06	-2.688417e-09	-3.015495e-10	-1.883871e+01	-1.822446e+01
2.670000e-06	-2.833999e-09	-9.145462e-10	-1.985886e+01	-5.498354e+01
2.680000e-06	-2.978550e-09	-1.549203e-09	-2.087179e+01	-9.303090e+01
2.690000e-06	-3.121965e-09	-2.201728e-09	-2.187674e+01	-1.320269e+02
2.700000e-06	-3.264180e-09	-2.867107e-09	-2.287329e+01	-1.715802e+02
2.710000e-06	-3.405158e-09	-3.537642e-09	-2.386118e+01	-2.112825e+02
2.720000e-06	-3.544840e-09	-4.202725e-09	-2.483998e+01	-2.507394e+02
2.730000e-06	-3.683191e-09	-4.855045e-09	-2.580945e+01	-2.895925e+02
2.740000e-06	-3.820183e-09	-5.491560e-09	-2.676940e+01	-3.275299e+02
2.750000e-06	-3.955754e-09	-6.108323e-09	-2.771940e+01	-3.642885e+02
2.760000e-06	-4.089886e-09	-6.701023e-09	-2.865931e+01	-3.996512e+02
2.770000e-06	-4.222582e-09	-7.268203e-09	-2.958916e+01	-4.334435e+02
2.780000e-06	-4.353790e-09	-7.809863e-09	-3.050858e+01	-4.655337e+02
2.790000e-06	-4.483479e-09	-8.323162e-09	-3.141736e+01	-4.958362e+02
2.800000e-06	-4.611608e-09	-8.804938e-09	-3.231520e+01	-5.243167e+02
2.810000e-06	-4.738081e-09	-9.254822e-09	-3.320144e+01	-5.509937e+02
2.820000e-06	-4.862863e-09	-9.675053e-09	-3.407584e+01	-5.759346e+02
2.830000e-06	-4.985923e-09	-1.006692e-08	-3.493817e+01	-5.992438e+02
2.840000e-06	-5.107197e-09	-1.043354e-08	-3.578798e+01	-6.210438e+02
2.850000e-06	-5.226576e-09	-1.077844e-08	-3.662451e+01	-6.414550e+02
2.860000e-06	-5.343923e-09	-1.110408e-08	-3.744680e+01	-6.605786e+02
2.870000e-06	-5.459098e-09	-1.140933e-08	-3.825387e+01	-6.784883e+02
2.880000e-06	-5.572037e-09	-1.169229e-08	-3.904527e+01	-6.952329e+02
2.890000e-06	-5.682808e-09	-1.195443e-08	-3.982148e+01	-7.108481e+02
2.900000e-06	-5.791556e-09	-1.219840e-08	-4.058352e+01	-7.253725e+02
2.910000e-06	-5.898385e-09	-1.242524e-08	-4.133211e+01	-7.388623e+02
2.920000e-06	-6.003210e-09	-1.263665e-08	-4.206666e+01	-7.513972e+02
2.930000e-06	-6.105841e-09	-1.283475e-08	-4.278583e+01	-7.630763e+02
2.940000e-06	-6.206210e-09	-1.302124e-08	-4.348915e+01	-7.740048e+02
2.950000e-06	-6.304411e-09	-1.319602e-08	-4.417728e+01	-7.842754e+02
2.960000e-06	-6.400457e-09	-1.335885e-08	-4.485031e+01	-7.939536e+02
2.970000e-06	-6.494224e-09	-1.351170e-08	-4.550737e+01	-8.030707e+02
2.980000e-06	-6.585671e-09	-1.365620e-08	-4.614817e+01	-8.116285e+02
2.990000e-06	-6.674846e-09	-1.379284e-08	-4.677305e+01	-8.196142e+02
3.000000e-06	-6.761664e-09	-1.392044e-08	-4.738142e+01	-8.270198e+02
3.010000e-06	-6.846019e-09	-1.403869e-08	-4.797252e+01	-8.338598e+02
3.020000e-06	-6.927984e-09	-1.414667e-08	-4.854689e+01	-8.401786e+02
3.030000e-06	-7.007491e-09	-1.424510e-08	-4.910401e+01	-8.460466e+02
3.040000e-06	-7.084295e-09	-1.433563e-08	-4.964221e+01	-8.515458e+02
3.050000e-06	-7.158396e-09	-1.442134e-08	-5.016146e+01	-8.567497e+02
3.060000e-06	-7.229894e-09	-1.450343e-08	-5.066247e+01	-8.617058e+02
3.070000e-06	-7.298767e-09	-1.458278e-08	-5.114509e+01	-8.664270e+02
3.080000e-06	-7.365085e-09	-1.466006e-08	-5.160981e+01	-8.708956e+02
3.090000e-06	-7.428862e-09	-1.473270e-08	-5.205671e+01	-8.750781e+02
3.100000e-06	-7.489969e-09	-1.480036e-08	-5.248491e+01	-8.789445e+02
3.110000e-06	-7.548394e-09	-1.485999e-08	-5.289432e+01	-8.824863e+02
3.120000e-06	-7.604086e-09	-1.491178e-08	-5.328457e+01	-8.857242e+02
3.130000e-06	-7.656856e-09	-1.495839e-08	-5.365435e+01	-8.887047e+02
3.140000e-06	-7.706537e-09	-1.500371e-08	-5.400248e+01	-8.914850e+02
3.150000e-06	-7.753198e-09	-1.504945e-08	-5.432945e+01	-8.941144e+02
3.160000e-06	-7.797254e-09	-1.509437e-08	-5.463816e+01	-8.966172e+02
3.170000e-06	-7.838852e-09	-1.513557e-08	-5.492966e+01	-8.989861e+02
3.180000e-06	-7.877730e-09	-1.517285e-08	-5.520209e+01	-9.011875e+02
3.190000e-06	-7.913803e-09	-1.520597e-08	-5.545486e+01	-9.031765e+02
3.200000e-06	-7.947138e-09	-1.523447e-08	-5.568846e+01	-9.049174e+02
3.210000e-06	-7.977603e-09	-1.525822e-08	-5.590193e+01	-9.063993e+02
3.220000e-06	-8.005154e-09	-1.527798e-08	-5.609500e+01	-9.076429e+02
3.230000e-06	-8.029934e-09	-1.529647e-08	-5.626864e+01	-9.086942e+02
3.240000e-06	-8.051851e-09	-1.531515e-08	-5.642222e+01	-9.096087e+02
3.250000e-06	-8.070914e-09	-1.533248e-08	-5.655580e+01	-9.104314e+02
3.260000e-06	-8.087153e-09	-1.534557e-08	-5.666960e+01	-9.111813e+02
3.270000e-06	-8.100281e-09	-1.535530e-08	-5.676159e+01	-9.118462e+02
3.280000e-06	-8.110346e-09	-1.536309e-08	-5.683212e+01	-9.123894e+02
3.290000e-06	-8.117533e-09	-1.537050e-08	-5.688248e+01	-9.127670e+02
3.300000e-06	-8.121835e-09	-1.537648e-08	-5.691262e+01	-9.129469e+02
3.310000e-06	-8.123362e-09	-1.537872e-08	-5.692332e+01	-9.129243e+02
