# Temperatura_=_47.23
# Concentracion g/m^3_=_11780.0
# C_Vs_to_Am_M_A/Vsm_=_59384043850.047264
# pendiente_HvsI_1/m_=_3716.3
# ordenada_HvsI_A/m_=_1297.0
# frecuencia_Hz_=_301536.8593602409

Tiempo_(s)	Campo_(V.s)	Magnetizacion_(V.s)	Campo_(kA/m)	Magnetizacion_(A/m)
0.000000e+00	-8.131542e-06	-1.342594e-08	-5.689291e+01	-7.975495e+02
1.000000e-08	-8.128212e-06	-1.342505e-08	-5.686961e+01	-7.974483e+02
2.000000e-08	-8.122220e-06	-1.342491e-08	-5.682769e+01	-7.972983e+02
3.000000e-08	-8.113585e-06	-1.342305e-08	-5.676727e+01	-7.970863e+02
4.000000e-08	-8.102083e-06	-1.342106e-08	-5.668680e+01	-7.967893e+02
5.000000e-08	-8.087618e-06	-1.341560e-08	-5.658559e+01	-7.963819e+02
6.000000e-08	-8.070270e-06	-1.340686e-08	-5.646422e+01	-7.958455e+02
7.000000e-08	-8.050437e-06	-1.339613e-08	-5.632545e+01	-7.951749e+02
8.000000e-08	-8.028139e-06	-1.336797e-08	-5.616944e+01	-7.943810e+02
9.000000e-08	-8.002707e-06	-1.333621e-08	-5.599150e+01	-7.934875e+02
1.000000e-07	-7.973948e-06	-1.332109e-08	-5.579029e+01	-7.925222e+02
1.100000e-07	-7.942242e-06	-1.332446e-08	-5.556845e+01	-7.915073e+02
1.200000e-07	-7.907738e-06	-1.332734e-08	-5.532705e+01	-7.904508e+02
1.300000e-07	-7.870668e-06	-1.330941e-08	-5.506768e+01	-7.893433e+02
1.400000e-07	-7.831399e-06	-1.330090e-08	-5.479294e+01	-7.881620e+02
1.500000e-07	-7.789765e-06	-1.326693e-08	-5.450164e+01	-7.868790e+02
1.600000e-07	-7.745322e-06	-1.323712e-08	-5.419069e+01	-7.854727e+02
1.700000e-07	-7.698134e-06	-1.320502e-08	-5.386054e+01	-7.839363e+02
1.800000e-07	-7.648079e-06	-1.314525e-08	-5.351032e+01	-7.822812e+02
1.900000e-07	-7.594844e-06	-1.314710e-08	-5.313786e+01	-7.805330e+02
2.000000e-07	-7.538780e-06	-1.313970e-08	-5.274561e+01	-7.787212e+02
2.100000e-07	-7.480055e-06	-1.309966e-08	-5.233473e+01	-7.768675e+02
2.200000e-07	-7.418648e-06	-1.306209e-08	-5.190510e+01	-7.749762e+02
2.300000e-07	-7.354569e-06	-1.303616e-08	-5.145676e+01	-7.730315e+02
2.400000e-07	-7.287719e-06	-1.301324e-08	-5.098904e+01	-7.710022e+02
2.500000e-07	-7.218154e-06	-1.294539e-08	-5.050232e+01	-7.688526e+02
2.600000e-07	-7.145892e-06	-1.289365e-08	-4.999674e+01	-7.665559e+02
2.700000e-07	-7.070889e-06	-1.287601e-08	-4.947197e+01	-7.641038e+02
2.800000e-07	-6.993060e-06	-1.285356e-08	-4.892744e+01	-7.615096e+02
2.900000e-07	-6.912517e-06	-1.279748e-08	-4.836391e+01	-7.588030e+02
3.000000e-07	-6.829557e-06	-1.273534e-08	-4.778348e+01	-7.560179e+02
3.100000e-07	-6.744339e-06	-1.270209e-08	-4.718725e+01	-7.531792e+02
3.200000e-07	-6.656821e-06	-1.265775e-08	-4.657492e+01	-7.502929e+02
3.300000e-07	-6.566914e-06	-1.259498e-08	-4.594587e+01	-7.473430e+02
3.400000e-07	-6.474649e-06	-1.252961e-08	-4.530034e+01	-7.442982e+02
3.500000e-07	-6.380070e-06	-1.248181e-08	-4.463861e+01	-7.411235e+02
3.600000e-07	-6.283144e-06	-1.244256e-08	-4.396046e+01	-7.377944e+02
3.700000e-07	-6.183892e-06	-1.238326e-08	-4.326604e+01	-7.343056e+02
3.800000e-07	-6.082421e-06	-1.231249e-08	-4.255609e+01	-7.306731e+02
3.900000e-07	-5.978747e-06	-1.225215e-08	-4.183073e+01	-7.269264e+02
4.000000e-07	-5.872911e-06	-1.220355e-08	-4.109024e+01	-7.230958e+02
4.100000e-07	-5.764967e-06	-1.213710e-08	-4.033500e+01	-7.191987e+02
4.200000e-07	-5.654961e-06	-1.205251e-08	-3.956533e+01	-7.152308e+02
4.300000e-07	-5.542909e-06	-1.197789e-08	-3.878135e+01	-7.111662e+02
4.400000e-07	-5.428744e-06	-1.191779e-08	-3.798259e+01	-7.069659e+02
4.500000e-07	-5.312468e-06	-1.184789e-08	-3.716906e+01	-7.025926e+02
4.600000e-07	-5.194115e-06	-1.176466e-08	-3.634099e+01	-6.980241e+02
4.700000e-07	-5.073833e-06	-1.168839e-08	-3.549943e+01	-6.932619e+02
4.800000e-07	-4.951759e-06	-1.161833e-08	-3.464534e+01	-6.883300e+02
4.900000e-07	-4.827843e-06	-1.153462e-08	-3.377834e+01	-6.832646e+02
5.000000e-07	-4.702181e-06	-1.143206e-08	-3.289914e+01	-6.780993e+02
5.100000e-07	-4.574972e-06	-1.133338e-08	-3.200912e+01	-6.728503e+02
5.200000e-07	-4.446138e-06	-1.124809e-08	-3.110772e+01	-6.675091e+02
5.300000e-07	-4.315592e-06	-1.116197e-08	-3.019435e+01	-6.620439e+02
5.400000e-07	-4.183437e-06	-1.106334e-08	-2.926971e+01	-6.564112e+02
5.500000e-07	-4.049791e-06	-1.096405e-08	-2.833465e+01	-6.505709e+02
5.600000e-07	-3.914720e-06	-1.087219e-08	-2.738962e+01	-6.445008e+02
5.700000e-07	-3.778188e-06	-1.077123e-08	-2.643436e+01	-6.382035e+02
5.800000e-07	-3.640225e-06	-1.065147e-08	-2.546909e+01	-6.317032e+02
5.900000e-07	-3.500887e-06	-1.052809e-08	-2.449420e+01	-6.250339e+02
6.000000e-07	-3.360160e-06	-1.041868e-08	-2.350960e+01	-6.182234e+02
6.100000e-07	-3.217933e-06	-1.031002e-08	-2.251449e+01	-6.112796e+02
6.200000e-07	-3.074367e-06	-1.018576e-08	-2.151003e+01	-6.041847e+02
6.300000e-07	-2.929777e-06	-1.005534e-08	-2.049839e+01	-5.968998e+02
6.400000e-07	-2.784208e-06	-9.932546e-09	-1.947991e+01	-5.893771e+02
6.500000e-07	-2.637682e-06	-9.808159e-09	-1.845473e+01	-5.815767e+02
6.600000e-07	-2.490235e-06	-9.666522e-09	-1.742311e+01	-5.734791e+02
6.700000e-07	-2.341952e-06	-9.518666e-09	-1.638563e+01	-5.650898e+02
6.800000e-07	-2.192894e-06	-9.378703e-09	-1.534274e+01	-5.564333e+02
6.900000e-07	-2.043034e-06	-9.237770e-09	-1.429423e+01	-5.475391e+02
7.000000e-07	-1.892459e-06	-9.079864e-09	-1.324073e+01	-5.384254e+02
7.100000e-07	-1.741301e-06	-8.913172e-09	-1.218314e+01	-5.290871e+02
7.200000e-07	-1.589501e-06	-8.752029e-09	-1.112106e+01	-5.194925e+02
7.300000e-07	-1.437045e-06	-8.591366e-09	-1.005439e+01	-5.095911e+02
7.400000e-07	-1.284009e-06	-8.417786e-09	-8.983656e+00	-4.993283e+02
7.500000e-07	-1.130499e-06	-8.233253e-09	-7.909615e+00	-4.886617e+02
7.600000e-07	-9.766159e-07	-8.049775e-09	-6.832962e+00	-4.775713e+02
7.700000e-07	-8.223923e-07	-7.864140e-09	-5.753926e+00	-4.660596e+02
7.800000e-07	-6.678794e-07	-7.663023e-09	-4.672866e+00	-4.541408e+02
7.900000e-07	-5.131198e-07	-7.447093e-09	-3.590079e+00	-4.418221e+02
8.000000e-07	-3.582174e-07	-7.230496e-09	-2.506293e+00	-4.290848e+02
8.100000e-07	-2.032274e-07	-7.013254e-09	-1.421895e+00	-4.158737e+02
8.200000e-07	-4.812449e-08	-6.782678e-09	-3.367064e-01	-4.020971e+02
8.300000e-07	1.070538e-07	-6.535965e-09	7.490098e-01	-3.876416e+02
8.400000e-07	2.621682e-07	-6.281258e-09	1.834279e+00	-3.723941e+02
8.500000e-07	4.171543e-07	-6.015403e-09	2.918650e+00	-3.562656e+02
8.600000e-07	5.720177e-07	-5.725549e-09	4.002163e+00	-3.392070e+02
8.700000e-07	7.266460e-07	-5.411177e-09	5.084030e+00	-3.212110e+02
8.800000e-07	8.809340e-07	-5.085588e-09	6.163517e+00	-3.022989e+02
8.900000e-07	1.034922e-06	-4.756574e-09	7.240904e+00	-2.824954e+02
9.000000e-07	1.188557e-06	-4.412442e-09	8.315821e+00	-2.618001e+02
9.100000e-07	1.341738e-06	-4.046278e-09	9.387561e+00	-2.401642e+02
9.200000e-07	1.494480e-06	-3.664960e-09	1.045624e+01	-2.174805e+02
9.300000e-07	1.646659e-06	-3.268313e-09	1.152097e+01	-1.935899e+02
9.400000e-07	1.798193e-06	-2.840973e-09	1.258119e+01	-1.683046e+02
9.500000e-07	1.949105e-06	-2.374946e-09	1.363705e+01	-1.414406e+02
9.600000e-07	2.099322e-06	-1.884212e-09	1.468805e+01	-1.128523e+02
9.700000e-07	2.248759e-06	-1.374868e-09	1.573360e+01	-8.246271e+01
9.800000e-07	2.397359e-06	-8.337645e-10	1.677329e+01	-5.028275e+01
9.900000e-07	2.545134e-06	-2.551713e-10	1.780721e+01	-1.641793e+01
1.000000e-06	2.692033e-06	3.463588e-10	1.883500e+01	1.893555e+01
1.010000e-06	2.838001e-06	9.586488e-10	1.985627e+01	5.550279e+01
1.020000e-06	2.982955e-06	1.586139e-09	2.087045e+01	9.294642e+01
1.030000e-06	3.126778e-06	2.232402e-09	2.187672e+01	1.308849e+02
1.040000e-06	3.269468e-06	2.880209e-09	2.287506e+01	1.689115e+02
1.050000e-06	3.410921e-06	3.513975e-09	2.386475e+01	2.066145e+02
1.060000e-06	3.551031e-06	4.134074e-09	2.484504e+01	2.435986e+02
1.070000e-06	3.689815e-06	4.741411e-09	2.581605e+01	2.795066e+02
1.080000e-06	3.827202e-06	5.325864e-09	2.677729e+01	3.140401e+02
1.090000e-06	3.963087e-06	5.877266e-09	2.772802e+01	3.469749e+02
1.100000e-06	4.097516e-06	6.398026e-09	2.866856e+01	3.781693e+02
1.110000e-06	4.230507e-06	6.894566e-09	2.959904e+01	4.075619e+02
1.120000e-06	4.361941e-06	7.363123e-09	3.051863e+01	4.351597e+02
1.130000e-06	4.491809e-06	7.797953e-09	3.142726e+01	4.610187e+02
1.140000e-06	4.620113e-06	8.200863e-09	3.232495e+01	4.852220e+02
1.150000e-06	4.746786e-06	8.579871e-09	3.321122e+01	5.078593e+02
1.160000e-06	4.871842e-06	8.938009e-09	3.408618e+01	5.290138e+02
1.170000e-06	4.995187e-06	9.267766e-09	3.494918e+01	5.487561e+02
1.180000e-06	5.116742e-06	9.570020e-09	3.579965e+01	5.671475e+02
1.190000e-06	5.236416e-06	9.854907e-09	3.663695e+01	5.842464e+02
1.200000e-06	5.354143e-06	1.012677e-08	3.746064e+01	6.001173e+02
1.210000e-06	5.469866e-06	1.037848e-08	3.827031e+01	6.148359e+02
1.220000e-06	5.583456e-06	1.060708e-08	3.906505e+01	6.284893e+02
1.230000e-06	5.694959e-06	1.081812e-08	3.984518e+01	6.411718e+02
1.240000e-06	5.804449e-06	1.101727e-08	4.061124e+01	6.529763e+02
1.250000e-06	5.911901e-06	1.120268e-08	4.136303e+01	6.639857e+02
1.260000e-06	6.017232e-06	1.137211e-08	4.209999e+01	6.742671e+02
1.270000e-06	6.120339e-06	1.153092e-08	4.282138e+01	6.838694e+02
1.280000e-06	6.221254e-06	1.168388e-08	4.352745e+01	6.928259e+02
1.290000e-06	6.319940e-06	1.182719e-08	4.421791e+01	7.011610e+02
1.300000e-06	6.416265e-06	1.195660e-08	4.489185e+01	7.088971e+02
1.310000e-06	6.510315e-06	1.207522e-08	4.554988e+01	7.160610e+02
1.320000e-06	6.602128e-06	1.218603e-08	4.619225e+01	7.226882e+02
1.330000e-06	6.691583e-06	1.228632e-08	4.681813e+01	7.288223e+02
1.340000e-06	6.778677e-06	1.237582e-08	4.742749e+01	7.345126e+02
1.350000e-06	6.863517e-06	1.246303e-08	4.802108e+01	7.398090e+02
1.360000e-06	6.946005e-06	1.255016e-08	4.859822e+01	7.447569e+02
1.370000e-06	7.025952e-06	1.263159e-08	4.915757e+01	7.493934e+02
1.380000e-06	7.103368e-06	1.270347e-08	4.969922e+01	7.537452e+02
1.390000e-06	7.178119e-06	1.276978e-08	5.022221e+01	7.578294e+02
1.400000e-06	7.250116e-06	1.283321e-08	5.072595e+01	7.616557e+02
1.410000e-06	7.319577e-06	1.289192e-08	5.121194e+01	7.652301e+02
1.420000e-06	7.386461e-06	1.294419e-08	5.167990e+01	7.685582e+02
1.430000e-06	7.450656e-06	1.299423e-08	5.212904e+01	7.716484e+02
1.440000e-06	7.512317e-06	1.304690e-08	5.256045e+01	7.745126e+02
1.450000e-06	7.571394e-06	1.309780e-08	5.297379e+01	7.771663e+02
1.460000e-06	7.627781e-06	1.313975e-08	5.336831e+01	7.796260e+02
1.470000e-06	7.681389e-06	1.317320e-08	5.374338e+01	7.819075e+02
1.480000e-06	7.731817e-06	1.320652e-08	5.409621e+01	7.840232e+02
1.490000e-06	7.779070e-06	1.324018e-08	5.442681e+01	7.859812e+02
1.500000e-06	7.823563e-06	1.326984e-08	5.473811e+01	7.877858e+02
1.510000e-06	7.865319e-06	1.329565e-08	5.503026e+01	7.894389e+02
1.520000e-06	7.904272e-06	1.332285e-08	5.530280e+01	7.909427e+02
1.530000e-06	7.940532e-06	1.335028e-08	5.555649e+01	7.923017e+02
1.540000e-06	7.973971e-06	1.337287e-08	5.579045e+01	7.935234e+02
1.550000e-06	8.004568e-06	1.338813e-08	5.600453e+01	7.946177e+02
1.560000e-06	8.032470e-06	1.340102e-08	5.619975e+01	7.955944e+02
1.570000e-06	8.057475e-06	1.341440e-08	5.637469e+01	7.964605e+02
1.580000e-06	8.079615e-06	1.342683e-08	5.652960e+01	7.972183e+02
1.590000e-06	8.099046e-06	1.343616e-08	5.666555e+01	7.978646e+02
1.600000e-06	8.115592e-06	1.344333e-08	5.678131e+01	7.983936e+02
1.610000e-06	8.129091e-06	1.345238e-08	5.687576e+01	7.988003e+02
1.620000e-06	8.139394e-06	1.345916e-08	5.694785e+01	7.990850e+02
1.630000e-06	8.146636e-06	1.345971e-08	5.699852e+01	7.992559e+02
1.640000e-06	8.151124e-06	1.345562e-08	5.702991e+01	7.993294e+02
1.650000e-06	8.152780e-06	1.345370e-08	5.704150e+01	7.993258e+02
1.660000e-06	8.151568e-06	1.345427e-08	5.703302e+01	7.992640e+02
1.670000e-06	8.147718e-06	1.345233e-08	5.700608e+01	7.991543e+02
1.680000e-06	8.141201e-06	1.344933e-08	5.696049e+01	7.989944e+02
1.690000e-06	8.131982e-06	1.344787e-08	5.689598e+01	7.987690e+02
1.700000e-06	8.119938e-06	1.344400e-08	5.681172e+01	7.984539e+02
1.710000e-06	8.104998e-06	1.343146e-08	5.670719e+01	7.980244e+02
1.720000e-06	8.087576e-06	1.341002e-08	5.658529e+01	7.974637e+02
1.730000e-06	8.067837e-06	1.340960e-08	5.644719e+01	7.967697e+02
1.740000e-06	8.045259e-06	1.341891e-08	5.628923e+01	7.959560e+02
1.750000e-06	8.019104e-06	1.341387e-08	5.610623e+01	7.950475e+02
1.760000e-06	7.989176e-06	1.338599e-08	5.589684e+01	7.940719e+02
1.770000e-06	7.956136e-06	1.334392e-08	5.566567e+01	7.930493e+02
1.780000e-06	7.920610e-06	1.330840e-08	5.541711e+01	7.919847e+02
1.790000e-06	7.882735e-06	1.328339e-08	5.515211e+01	7.908659e+02
1.800000e-06	7.842812e-06	1.329209e-08	5.487279e+01	7.896683e+02
1.810000e-06	7.800669e-06	1.325023e-08	5.457793e+01	7.883644e+02
1.820000e-06	7.755795e-06	1.323488e-08	5.426397e+01	7.869347e+02
1.830000e-06	7.708269e-06	1.324039e-08	5.393145e+01	7.853756e+02
1.840000e-06	7.657714e-06	1.319384e-08	5.357774e+01	7.837016e+02
1.850000e-06	7.603994e-06	1.316650e-08	5.320188e+01	7.819398e+02
1.860000e-06	7.547505e-06	1.310521e-08	5.280666e+01	7.801192e+02
1.870000e-06	7.488244e-06	1.308767e-08	5.239203e+01	7.782589e+02
1.880000e-06	7.426383e-06	1.306326e-08	5.195922e+01	7.763597e+02
1.890000e-06	7.361824e-06	1.301668e-08	5.150752e+01	7.744024e+02
1.900000e-06	7.294516e-06	1.301198e-08	5.103660e+01	7.723540e+02
1.910000e-06	7.224458e-06	1.297266e-08	5.054643e+01	7.701795e+02
1.920000e-06	7.151592e-06	1.292454e-08	5.003662e+01	7.678548e+02
1.930000e-06	7.076045e-06	1.287000e-08	4.950805e+01	7.653756e+02
1.940000e-06	6.997707e-06	1.283001e-08	4.895995e+01	7.627588e+02
1.950000e-06	6.916768e-06	1.278430e-08	4.839366e+01	7.600356e+02
1.960000e-06	6.833350e-06	1.273547e-08	4.781001e+01	7.572394e+02
1.970000e-06	6.747489e-06	1.270411e-08	4.720929e+01	7.543924e+02
1.980000e-06	6.659232e-06	1.265004e-08	4.659179e+01	7.514963e+02
1.990000e-06	6.568564e-06	1.259824e-08	4.595742e+01	7.485319e+02
2.000000e-06	6.475612e-06	1.254472e-08	4.530708e+01	7.454662e+02
2.010000e-06	6.380358e-06	1.249187e-08	4.464062e+01	7.422651e+02
2.020000e-06	6.282855e-06	1.243454e-08	4.395844e+01	7.389071e+02
2.030000e-06	6.183077e-06	1.237447e-08	4.326034e+01	7.353908e+02
2.040000e-06	6.081062e-06	1.231197e-08	4.254658e+01	7.317354e+02
2.050000e-06	5.976895e-06	1.224206e-08	4.181777e+01	7.279716e+02
2.060000e-06	5.870608e-06	1.217440e-08	4.107412e+01	7.241283e+02
2.070000e-06	5.762211e-06	1.211427e-08	4.031572e+01	7.202194e+02
2.080000e-06	5.651709e-06	1.205432e-08	3.954258e+01	7.162365e+02
2.090000e-06	5.539117e-06	1.198573e-08	3.875483e+01	7.121505e+02
2.100000e-06	5.424338e-06	1.191420e-08	3.795177e+01	7.079216e+02
2.110000e-06	5.307500e-06	1.183483e-08	3.713430e+01	7.035143e+02
2.120000e-06	5.188650e-06	1.175037e-08	3.630276e+01	6.989103e+02
2.130000e-06	5.067866e-06	1.166069e-08	3.545768e+01	6.941154e+02
2.140000e-06	4.945287e-06	1.158121e-08	3.460005e+01	6.891567e+02
2.150000e-06	4.820891e-06	1.150591e-08	3.372970e+01	6.840712e+02
2.160000e-06	4.694767e-06	1.142769e-08	3.284727e+01	6.788902e+02
2.170000e-06	4.567000e-06	1.133963e-08	3.195334e+01	6.736261e+02
2.180000e-06	4.437595e-06	1.124309e-08	3.104794e+01	6.682654e+02
2.190000e-06	4.306561e-06	1.114722e-08	3.013115e+01	6.627735e+02
2.200000e-06	4.173990e-06	1.104685e-08	2.920361e+01	6.571062e+02
2.210000e-06	4.039956e-06	1.094596e-08	2.826584e+01	6.512256e+02
2.220000e-06	3.904498e-06	1.084354e-08	2.731810e+01	6.451139e+02
2.230000e-06	3.767576e-06	1.074337e-08	2.636011e+01	6.387780e+02
2.240000e-06	3.629194e-06	1.063943e-08	2.539191e+01	6.322448e+02
2.250000e-06	3.489431e-06	1.052549e-08	2.441405e+01	6.255486e+02
2.260000e-06	3.348392e-06	1.040650e-08	2.342726e+01	6.187142e+02
2.270000e-06	3.206144e-06	1.028630e-08	2.243201e+01	6.117454e+02
2.280000e-06	3.062693e-06	1.016642e-08	2.142835e+01	6.046198e+02
2.290000e-06	2.918084e-06	1.004230e-08	2.041658e+01	5.972957e+02
2.300000e-06	2.772386e-06	9.914531e-09	1.939719e+01	5.897257e+02
2.310000e-06	2.625719e-06	9.785383e-09	1.837103e+01	5.818728e+02
2.320000e-06	2.478171e-06	9.650501e-09	1.733870e+01	5.737219e+02
2.330000e-06	2.329772e-06	9.506591e-09	1.630041e+01	5.652827e+02
2.340000e-06	2.180538e-06	9.355386e-09	1.525629e+01	5.565815e+02
2.350000e-06	2.030521e-06	9.204558e-09	1.420668e+01	5.476472e+02
2.360000e-06	1.879831e-06	9.053204e-09	1.315237e+01	5.384944e+02
2.370000e-06	1.728567e-06	8.894662e-09	1.209404e+01	5.291132e+02
2.380000e-06	1.576732e-06	8.729810e-09	1.103172e+01	5.194677e+02
2.390000e-06	1.424313e-06	8.563035e-09	9.965303e+00	5.095055e+02
2.400000e-06	1.271370e-06	8.391074e-09	8.895229e+00	4.991731e+02
2.410000e-06	1.117960e-06	8.209392e-09	7.821884e+00	4.884314e+02
2.420000e-06	9.641124e-07	8.019490e-09	6.745480e+00	4.772649e+02
2.430000e-06	8.099035e-07	7.825651e-09	5.666547e+00	4.656793e+02
2.440000e-06	6.554136e-07	7.627039e-09	4.585648e+00	4.536889e+02
2.450000e-06	5.006880e-07	7.419092e-09	3.503099e+00	4.412976e+02
2.460000e-06	3.457869e-07	7.200112e-09	2.419322e+00	4.284808e+02
2.470000e-06	1.907197e-07	6.974801e-09	1.334384e+00	4.151761e+02
2.480000e-06	3.556511e-08	6.742074e-09	2.488338e-01	4.012869e+02
2.490000e-06	-1.195389e-07	6.496132e-09	-8.363621e-01	3.866977e+02
2.500000e-06	-2.745679e-07	6.237113e-09	-1.921034e+00	3.712982e+02
2.510000e-06	-4.294771e-07	5.965632e-09	-3.004867e+00	3.550058e+02
2.520000e-06	-5.841916e-07	5.679800e-09	-4.087338e+00	3.377792e+02
2.530000e-06	-7.386521e-07	5.375132e-09	-5.168032e+00	3.196174e+02
2.540000e-06	-8.928290e-07	5.051294e-09	-6.246741e+00	3.005445e+02
2.550000e-06	-1.046683e-06	4.714721e-09	-7.323189e+00	2.805828e+02
2.560000e-06	-1.200143e-06	4.366437e-09	-8.396886e+00	2.597247e+02
2.570000e-06	-1.353203e-06	3.998788e-09	-9.467782e+00	2.379111e+02
2.580000e-06	-1.505750e-06	3.611279e-09	-1.053509e+01	2.150245e+02
2.590000e-06	-1.657617e-06	3.205914e-09	-1.159763e+01	1.908989e+02
2.600000e-06	-1.808849e-06	2.779475e-09	-1.265574e+01	1.653444e+02
2.610000e-06	-1.959491e-06	2.326229e-09	-1.370972e+01	1.381814e+02
2.620000e-06	-2.109453e-06	1.842804e-09	-1.475894e+01	1.092745e+02
2.630000e-06	-2.258682e-06	1.328676e-09	-1.580303e+01	7.856164e+01
2.640000e-06	-2.407160e-06	7.848105e-10	-1.684186e+01	4.607021e+01
2.650000e-06	-2.554780e-06	2.139907e-10	-1.787470e+01	1.192257e+01
2.660000e-06	-2.701416e-06	-3.818554e-10	-1.890065e+01	-2.366998e+01
2.670000e-06	-2.847087e-06	-9.989987e-10	-1.991985e+01	-6.042012e+01
2.680000e-06	-2.991768e-06	-1.629323e-09	-2.093212e+01	-9.798122e+01
2.690000e-06	-3.135288e-06	-2.265458e-09	-2.193626e+01	-1.359658e+02
2.700000e-06	-3.277592e-06	-2.902996e-09	-2.293191e+01	-1.739647e+02
2.710000e-06	-3.418674e-06	-3.536583e-09	-2.391899e+01	-2.115677e+02
2.720000e-06	-3.558530e-06	-4.157881e-09	-2.489750e+01	-2.483845e+02
2.730000e-06	-3.697066e-06	-4.756882e-09	-2.586679e+01	-2.840672e+02
2.740000e-06	-3.834170e-06	-5.331832e-09	-2.682604e+01	-3.183294e+02
2.750000e-06	-3.969768e-06	-5.882804e-09	-2.777476e+01	-3.509616e+02
2.760000e-06	-4.103971e-06	-6.404837e-09	-2.871373e+01	-3.818367e+02
2.770000e-06	-4.236817e-06	-6.894678e-09	-2.964319e+01	-4.109068e+02
2.780000e-06	-4.368071e-06	-7.352955e-09	-3.056151e+01	-4.381890e+02
2.790000e-06	-4.497745e-06	-7.784633e-09	-3.146879e+01	-4.637460e+02
2.800000e-06	-4.625876e-06	-8.190182e-09	-3.236527e+01	-4.876632e+02
2.810000e-06	-4.752413e-06	-8.567621e-09	-3.325060e+01	-5.100301e+02
2.820000e-06	-4.877289e-06	-8.919205e-09	-3.412430e+01	-5.309277e+02
2.830000e-06	-5.000403e-06	-9.251329e-09	-3.498567e+01	-5.504246e+02
2.840000e-06	-5.121746e-06	-9.563334e-09	-3.583465e+01	-5.685809e+02
2.850000e-06	-5.241218e-06	-9.849687e-09	-3.667055e+01	-5.854557e+02
2.860000e-06	-5.358621e-06	-1.011063e-08	-3.749197e+01	-6.011151e+02
2.870000e-06	-5.473825e-06	-1.035092e-08	-3.829800e+01	-6.156369e+02
2.880000e-06	-5.586786e-06	-1.057538e-08	-3.908835e+01	-6.291101e+02
2.890000e-06	-5.697556e-06	-1.078568e-08	-3.986335e+01	-6.416293e+02
2.900000e-06	-5.806275e-06	-1.098314e-08	-4.062402e+01	-6.532862e+02
2.910000e-06	-5.913082e-06	-1.116936e-08	-4.137130e+01	-6.641614e+02
2.920000e-06	-6.017890e-06	-1.134420e-08	-4.210460e+01	-6.743186e+02
2.930000e-06	-6.120484e-06	-1.150537e-08	-4.282240e+01	-6.838036e+02
2.940000e-06	-6.220775e-06	-1.165296e-08	-4.352410e+01	-6.926477e+02
2.950000e-06	-6.318951e-06	-1.178942e-08	-4.421099e+01	-7.008743e+02
2.960000e-06	-6.415040e-06	-1.191917e-08	-4.488328e+01	-7.085061e+02
2.970000e-06	-6.508790e-06	-1.204010e-08	-4.553921e+01	-7.155715e+02
2.980000e-06	-6.600176e-06	-1.214988e-08	-4.617860e+01	-7.221074e+02
2.990000e-06	-6.689340e-06	-1.225148e-08	-4.680244e+01	-7.281587e+02
3.000000e-06	-6.776147e-06	-1.234809e-08	-4.740979e+01	-7.337751e+02
3.010000e-06	-6.860437e-06	-1.243876e-08	-4.799953e+01	-7.390063e+02
3.020000e-06	-6.942309e-06	-1.252147e-08	-4.857236e+01	-7.438963e+02
3.030000e-06	-7.021675e-06	-1.259853e-08	-4.912765e+01	-7.484804e+02
3.040000e-06	-7.098288e-06	-1.267064e-08	-4.966367e+01	-7.527836e+02
3.050000e-06	-7.172235e-06	-1.273844e-08	-5.018105e+01	-7.568213e+02
3.060000e-06	-7.243618e-06	-1.280163e-08	-5.068048e+01	-7.606024e+02
3.070000e-06	-7.312336e-06	-1.285986e-08	-5.116127e+01	-7.641324e+02
3.080000e-06	-7.378508e-06	-1.291548e-08	-5.162425e+01	-7.674175e+02
3.090000e-06	-7.442188e-06	-1.296808e-08	-5.206979e+01	-7.704665e+02
3.100000e-06	-7.503196e-06	-1.301678e-08	-5.249664e+01	-7.732921e+02
3.110000e-06	-7.561465e-06	-1.306083e-08	-5.290433e+01	-7.759100e+02
3.120000e-06	-7.616980e-06	-1.309992e-08	-5.329274e+01	-7.783370e+02
3.130000e-06	-7.669620e-06	-1.313720e-08	-5.366104e+01	-7.805882e+02
3.140000e-06	-7.719207e-06	-1.317155e-08	-5.400798e+01	-7.826754e+02
3.150000e-06	-7.765730e-06	-1.320235e-08	-5.433348e+01	-7.846059e+02
3.160000e-06	-7.809575e-06	-1.323227e-08	-5.464024e+01	-7.863835e+02
3.170000e-06	-7.850988e-06	-1.326201e-08	-5.492999e+01	-7.880099e+02
3.180000e-06	-7.889696e-06	-1.328943e-08	-5.520081e+01	-7.894876e+02
3.190000e-06	-7.925552e-06	-1.331320e-08	-5.545168e+01	-7.908215e+02
3.200000e-06	-7.958704e-06	-1.333322e-08	-5.568363e+01	-7.920198e+02
3.210000e-06	-7.989025e-06	-1.335079e-08	-5.589578e+01	-7.930926e+02
3.220000e-06	-8.016416e-06	-1.336587e-08	-5.608742e+01	-7.940493e+02
3.230000e-06	-8.040984e-06	-1.337630e-08	-5.625931e+01	-7.948962e+02
3.240000e-06	-8.062653e-06	-1.338735e-08	-5.641092e+01	-7.956345e+02
3.250000e-06	-8.081476e-06	-1.340182e-08	-5.654262e+01	-7.962605e+02
3.260000e-06	-8.097467e-06	-1.341472e-08	-5.665450e+01	-7.967681e+02
3.270000e-06	-8.110371e-06	-1.342399e-08	-5.674478e+01	-7.971529e+02
3.280000e-06	-8.120229e-06	-1.343009e-08	-5.681376e+01	-7.974165e+02
3.290000e-06	-8.127166e-06	-1.343404e-08	-5.686229e+01	-7.975688e+02
3.300000e-06	-8.131208e-06	-1.343438e-08	-5.689057e+01	-7.976271e+02
3.310000e-06	-8.132515e-06	-1.343080e-08	-5.689972e+01	-7.976121e+02
