# Temperatura_=_30.82
# Concentracion g/m^3_=_11780.0
# C_Vs_to_Am_M_A/Vsm_=_59384043850.047264
# pendiente_HvsI_1/m_=_3716.3
# ordenada_HvsI_A/m_=_1297.0
# frecuencia_Hz_=_301537.63348233054

Tiempo_(s)	Campo_(V.s)	Magnetizacion_(V.s)	Campo_(kA/m)	Magnetizacion_(A/m)
0.000000e+00	-8.139885e-06	-1.339337e-08	-5.689787e+01	-7.955175e+02
1.000000e-08	-8.137018e-06	-1.339257e-08	-5.687783e+01	-7.954860e+02
2.000000e-08	-8.131486e-06	-1.339002e-08	-5.683915e+01	-7.953933e+02
3.000000e-08	-8.123323e-06	-1.338624e-08	-5.678210e+01	-7.952082e+02
4.000000e-08	-8.112296e-06	-1.338065e-08	-5.670502e+01	-7.949026e+02
5.000000e-08	-8.098281e-06	-1.337428e-08	-5.660705e+01	-7.944608e+02
6.000000e-08	-8.081350e-06	-1.336534e-08	-5.648870e+01	-7.938837e+02
7.000000e-08	-8.061896e-06	-1.335392e-08	-5.635272e+01	-7.931884e+02
8.000000e-08	-8.040031e-06	-1.334482e-08	-5.619989e+01	-7.924009e+02
9.000000e-08	-8.015122e-06	-1.330584e-08	-5.602577e+01	-7.915468e+02
1.000000e-07	-7.986852e-06	-1.327182e-08	-5.582817e+01	-7.906426e+02
1.100000e-07	-7.955587e-06	-1.327980e-08	-5.560962e+01	-7.896903e+02
1.200000e-07	-7.921540e-06	-1.329405e-08	-5.537163e+01	-7.886771e+02
1.300000e-07	-7.884894e-06	-1.327962e-08	-5.511547e+01	-7.875806e+02
1.400000e-07	-7.845922e-06	-1.324692e-08	-5.484306e+01	-7.863769e+02
1.500000e-07	-7.804574e-06	-1.324769e-08	-5.455404e+01	-7.850495e+02
1.600000e-07	-7.760519e-06	-1.320812e-08	-5.424609e+01	-7.835948e+02
1.700000e-07	-7.713732e-06	-1.316644e-08	-5.391905e+01	-7.820235e+02
1.800000e-07	-7.664130e-06	-1.313016e-08	-5.357233e+01	-7.803572e+02
1.900000e-07	-7.611406e-06	-1.308677e-08	-5.320379e+01	-7.786206e+02
2.000000e-07	-7.555788e-06	-1.310320e-08	-5.281502e+01	-7.768332e+02
2.100000e-07	-7.497489e-06	-1.307316e-08	-5.240751e+01	-7.750023e+02
2.200000e-07	-7.436549e-06	-1.303225e-08	-5.198154e+01	-7.731209e+02
2.300000e-07	-7.372971e-06	-1.300403e-08	-5.153713e+01	-7.711700e+02
2.400000e-07	-7.306557e-06	-1.296571e-08	-5.107290e+01	-7.691250e+02
2.500000e-07	-7.237403e-06	-1.293311e-08	-5.058951e+01	-7.669644e+02
2.600000e-07	-7.165565e-06	-1.286584e-08	-5.008736e+01	-7.646766e+02
2.700000e-07	-7.090931e-06	-1.282795e-08	-4.956566e+01	-7.622638e+02
2.800000e-07	-7.013531e-06	-1.280961e-08	-4.902464e+01	-7.597401e+02
2.900000e-07	-6.933383e-06	-1.277687e-08	-4.846440e+01	-7.571259e+02
3.000000e-07	-6.850728e-06	-1.271991e-08	-4.788665e+01	-7.544390e+02
3.100000e-07	-6.765800e-06	-1.266084e-08	-4.729300e+01	-7.516876e+02
3.200000e-07	-6.678563e-06	-1.263374e-08	-4.668321e+01	-7.488657e+02
3.300000e-07	-6.588982e-06	-1.257515e-08	-4.605704e+01	-7.459547e+02
3.400000e-07	-6.497084e-06	-1.251345e-08	-4.541467e+01	-7.429291e+02
3.500000e-07	-6.402904e-06	-1.246055e-08	-4.475636e+01	-7.397659e+02
3.600000e-07	-6.306367e-06	-1.241199e-08	-4.408156e+01	-7.364529e+02
3.700000e-07	-6.207441e-06	-1.236042e-08	-4.339007e+01	-7.329934e+02
3.800000e-07	-6.106242e-06	-1.229139e-08	-4.268268e+01	-7.294056e+02
3.900000e-07	-6.002835e-06	-1.222907e-08	-4.195987e+01	-7.257156e+02
4.000000e-07	-5.897264e-06	-1.216723e-08	-4.122193e+01	-7.219471e+02
4.100000e-07	-5.789593e-06	-1.211506e-08	-4.046930e+01	-7.181121e+02
4.200000e-07	-5.679893e-06	-1.204334e-08	-3.970250e+01	-7.142044e+02
4.300000e-07	-5.568160e-06	-1.196758e-08	-3.892148e+01	-7.102004e+02
4.400000e-07	-5.454217e-06	-1.189885e-08	-3.812502e+01	-7.060656e+02
4.500000e-07	-5.338077e-06	-1.183017e-08	-3.731320e+01	-7.017668e+02
4.600000e-07	-5.219921e-06	-1.175349e-08	-3.648729e+01	-6.972827e+02
4.700000e-07	-5.099907e-06	-1.167142e-08	-3.564840e+01	-6.926119e+02
4.800000e-07	-4.978031e-06	-1.159886e-08	-3.479648e+01	-6.877724e+02
4.900000e-07	-4.854285e-06	-1.151993e-08	-3.393149e+01	-6.827952e+02
5.000000e-07	-4.728840e-06	-1.143044e-08	-3.305463e+01	-6.777110e+02
5.100000e-07	-4.601785e-06	-1.133180e-08	-3.216651e+01	-6.725383e+02
5.200000e-07	-4.473099e-06	-1.124246e-08	-3.126700e+01	-6.672742e+02
5.300000e-07	-4.342770e-06	-1.115397e-08	-3.035600e+01	-6.618936e+02
5.400000e-07	-4.210797e-06	-1.106056e-08	-2.943351e+01	-6.563569e+02
5.500000e-07	-4.077280e-06	-1.096244e-08	-2.850022e+01	-6.506227e+02
5.600000e-07	-3.942351e-06	-1.086686e-08	-2.755707e+01	-6.446620e+02
5.700000e-07	-3.805949e-06	-1.076867e-08	-2.660362e+01	-6.384674e+02
5.800000e-07	-3.668096e-06	-1.065791e-08	-2.564002e+01	-6.320544e+02
5.900000e-07	-3.528828e-06	-1.053994e-08	-2.466654e+01	-6.254541e+02
6.000000e-07	-3.388148e-06	-1.042537e-08	-2.368318e+01	-6.186987e+02
6.100000e-07	-3.246043e-06	-1.031631e-08	-2.268987e+01	-6.118076e+02
6.200000e-07	-3.102575e-06	-1.019644e-08	-2.168703e+01	-6.047770e+02
6.300000e-07	-2.958008e-06	-1.007000e-08	-2.067650e+01	-5.975785e+02
6.400000e-07	-2.812411e-06	-9.944576e-09	-1.965878e+01	-5.901678e+02
6.500000e-07	-2.665750e-06	-9.818689e-09	-1.863361e+01	-5.824987e+02
6.600000e-07	-2.518246e-06	-9.682081e-09	-1.760256e+01	-5.745384e+02
6.700000e-07	-2.370001e-06	-9.538179e-09	-1.656632e+01	-5.662778e+02
6.800000e-07	-2.220975e-06	-9.397817e-09	-1.552464e+01	-5.577316e+02
6.900000e-07	-2.071159e-06	-9.257369e-09	-1.447742e+01	-5.489300e+02
7.000000e-07	-1.920605e-06	-9.105799e-09	-1.342504e+01	-5.399021e+02
7.100000e-07	-1.769471e-06	-8.945754e-09	-1.236861e+01	-5.306606e+02
7.200000e-07	-1.617735e-06	-8.785195e-09	-1.130798e+01	-5.211916e+02
7.300000e-07	-1.465344e-06	-8.624096e-09	-1.024276e+01	-5.114545e+02
7.400000e-07	-1.312319e-06	-8.455911e-09	-9.173124e+00	-5.013924e+02
7.500000e-07	-1.158740e-06	-8.278436e-09	-8.099602e+00	-4.909491e+02
7.600000e-07	-1.004658e-06	-8.099056e-09	-7.022567e+00	-4.800842e+02
7.700000e-07	-8.502198e-07	-7.914263e-09	-5.943044e+00	-4.687831e+02
7.800000e-07	-6.955451e-07	-7.714858e-09	-4.861866e+00	-4.570535e+02
7.900000e-07	-5.406549e-07	-7.502398e-09	-3.779183e+00	-4.449115e+02
8.000000e-07	-3.856108e-07	-7.289546e-09	-2.695422e+00	-4.323621e+02
8.100000e-07	-2.304478e-07	-7.075004e-09	-1.610832e+00	-4.193798e+02
8.200000e-07	-7.517670e-08	-6.848050e-09	-5.254858e-01	-4.058989e+02
8.300000e-07	8.010281e-08	-6.609023e-09	5.599193e-01	-3.918185e+02
8.400000e-07	2.353473e-07	-6.361273e-09	1.645079e+00	-3.770194e+02
8.500000e-07	3.905545e-07	-6.100789e-09	2.729979e+00	-3.613908e+02
8.600000e-07	5.456371e-07	-5.819394e-09	3.814008e+00	-3.448540e+02
8.700000e-07	7.005470e-07	-5.517294e-09	4.896830e+00	-3.273778e+02
8.800000e-07	8.552301e-07	-5.202695e-09	5.978065e+00	-3.089760e+02
8.900000e-07	1.009620e-06	-4.880022e-09	7.057254e+00	-2.896885e+02
9.000000e-07	1.163574e-06	-4.543850e-09	8.133390e+00	-2.695518e+02
9.100000e-07	1.317025e-06	-4.189821e-09	9.206014e+00	-2.485663e+02
9.200000e-07	1.469931e-06	-3.823114e-09	1.027483e+01	-2.266738e+02
9.300000e-07	1.622260e-06	-3.442204e-09	1.133961e+01	-2.037516e+02
9.400000e-07	1.773995e-06	-3.034905e-09	1.240024e+01	-1.796263e+02
9.500000e-07	1.925084e-06	-2.596657e-09	1.345635e+01	-1.541047e+02
9.600000e-07	2.075493e-06	-2.133405e-09	1.450772e+01	-1.270129e+02
9.700000e-07	2.225181e-06	-1.648646e-09	1.555404e+01	-9.823355e+01
9.800000e-07	2.374077e-06	-1.136433e-09	1.659482e+01	-6.773294e+01
9.900000e-07	2.522083e-06	-5.912431e-10	1.762938e+01	-3.557228e+01
1.000000e-06	2.669225e-06	-2.167565e-11	1.865790e+01	-1.903701e+00
1.010000e-06	2.815473e-06	5.647794e-10	1.968018e+01	3.304483e+01
1.020000e-06	2.960676e-06	1.169043e-09	2.069515e+01	6.898925e+01
1.030000e-06	3.104824e-06	1.791744e-09	2.170275e+01	1.056082e+02
1.040000e-06	3.247918e-06	2.421088e-09	2.270297e+01	1.425575e+02
1.050000e-06	3.389791e-06	3.043696e-09	2.369467e+01	1.794815e+02
1.060000e-06	3.530304e-06	3.657464e-09	2.467685e+01	2.160223e+02
1.070000e-06	3.669432e-06	4.263012e-09	2.564936e+01	2.518326e+02
1.080000e-06	3.807189e-06	4.851327e-09	2.661228e+01	2.865914e+02
1.090000e-06	3.943525e-06	5.411888e-09	2.756527e+01	3.200239e+02
1.100000e-06	4.078360e-06	5.944119e-09	2.850777e+01	3.519202e+02
1.110000e-06	4.211708e-06	6.453310e-09	2.943987e+01	3.821482e+02
1.120000e-06	4.343552e-06	6.938055e-09	3.036147e+01	4.106554e+02
1.130000e-06	4.473875e-06	7.391261e-09	3.127242e+01	4.374596e+02
1.140000e-06	4.602644e-06	7.812931e-09	3.217252e+01	4.626274e+02
1.150000e-06	4.729755e-06	8.209541e-09	3.306103e+01	4.862489e+02
1.160000e-06	4.855205e-06	8.584675e-09	3.393792e+01	5.084135e+02
1.170000e-06	4.978970e-06	8.931887e-09	3.480304e+01	5.291946e+02
1.180000e-06	5.100967e-06	9.252271e-09	3.565580e+01	5.486451e+02
1.190000e-06	5.221123e-06	9.554575e-09	3.649569e+01	5.668042e+02
1.200000e-06	5.339381e-06	9.843003e-09	3.732232e+01	5.837106e+02
1.210000e-06	5.455663e-06	1.011026e-08	3.813513e+01	5.994160e+02
1.220000e-06	5.569810e-06	1.035297e-08	3.893302e+01	6.139925e+02
1.230000e-06	5.681771e-06	1.057849e-08	3.971563e+01	6.275321e+02
1.240000e-06	5.791717e-06	1.079355e-08	4.048415e+01	6.401362e+02
1.250000e-06	5.899699e-06	1.099476e-08	4.123895e+01	6.519020e+02
1.260000e-06	6.005544e-06	1.117793e-08	4.197880e+01	6.629093e+02
1.270000e-06	6.109163e-06	1.134740e-08	4.270310e+01	6.732124e+02
1.280000e-06	6.210602e-06	1.150908e-08	4.341216e+01	6.828419e+02
1.290000e-06	6.309748e-06	1.166254e-08	4.410519e+01	6.918131e+02
1.300000e-06	6.406521e-06	1.180212e-08	4.478164e+01	7.001392e+02
1.310000e-06	6.501051e-06	1.192813e-08	4.544240e+01	7.078430e+02
1.320000e-06	6.593355e-06	1.204524e-08	4.608760e+01	7.149637e+02
1.330000e-06	6.683365e-06	1.215430e-08	4.671678e+01	7.215557e+02
1.340000e-06	6.771011e-06	1.225505e-08	4.732942e+01	7.276810e+02
1.350000e-06	6.856311e-06	1.235029e-08	4.792567e+01	7.333984e+02
1.360000e-06	6.939272e-06	1.244204e-08	4.850557e+01	7.387541e+02
1.370000e-06	7.019754e-06	1.252879e-08	4.906814e+01	7.437770e+02
1.380000e-06	7.097635e-06	1.260790e-08	4.961253e+01	7.484805e+02
1.390000e-06	7.172850e-06	1.268049e-08	5.013828e+01	7.528701e+02
1.400000e-06	7.245349e-06	1.274883e-08	5.064505e+01	7.569521e+02
1.410000e-06	7.315242e-06	1.281236e-08	5.113360e+01	7.607409e+02
1.420000e-06	7.382596e-06	1.286933e-08	5.160441e+01	7.642612e+02
1.430000e-06	7.447288e-06	1.292113e-08	5.205661e+01	7.675442e+02
1.440000e-06	7.509419e-06	1.297238e-08	5.249090e+01	7.706204e+02
1.450000e-06	7.569058e-06	1.302551e-08	5.290778e+01	7.735113e+02
1.460000e-06	7.626011e-06	1.307656e-08	5.330588e+01	7.762243e+02
1.470000e-06	7.680091e-06	1.311941e-08	5.368390e+01	7.787528e+02
1.480000e-06	7.731006e-06	1.315672e-08	5.403980e+01	7.810823e+02
1.490000e-06	7.778795e-06	1.319267e-08	5.437384e+01	7.831997e+02
1.500000e-06	7.823827e-06	1.322482e-08	5.468862e+01	7.851020e+02
1.510000e-06	7.866095e-06	1.325052e-08	5.498407e+01	7.868017e+02
1.520000e-06	7.905517e-06	1.327504e-08	5.525963e+01	7.883257e+02
1.530000e-06	7.942217e-06	1.330032e-08	5.551616e+01	7.897084e+02
1.540000e-06	7.976161e-06	1.332397e-08	5.575344e+01	7.909818e+02
1.550000e-06	8.007261e-06	1.334320e-08	5.597082e+01	7.921654e+02
1.560000e-06	8.035613e-06	1.335981e-08	5.616900e+01	7.932607e+02
1.570000e-06	8.061125e-06	1.337577e-08	5.634733e+01	7.942525e+02
1.580000e-06	8.083736e-06	1.338976e-08	5.650539e+01	7.951152e+02
1.590000e-06	8.103627e-06	1.340006e-08	5.664442e+01	7.958242e+02
1.600000e-06	8.120670e-06	1.340652e-08	5.676355e+01	7.963663e+02
1.610000e-06	8.134686e-06	1.341374e-08	5.686153e+01	7.967464e+02
1.620000e-06	8.145558e-06	1.342051e-08	5.693752e+01	7.969877e+02
1.630000e-06	8.153324e-06	1.342422e-08	5.699180e+01	7.971255e+02
1.640000e-06	8.158278e-06	1.342277e-08	5.702643e+01	7.971965e+02
1.650000e-06	8.160434e-06	1.342158e-08	5.704150e+01	7.972276e+02
1.660000e-06	8.159758e-06	1.341964e-08	5.703677e+01	7.972281e+02
1.670000e-06	8.156404e-06	1.341967e-08	5.701333e+01	7.971877e+02
1.680000e-06	8.150306e-06	1.341745e-08	5.697071e+01	7.970809e+02
1.690000e-06	8.141455e-06	1.341387e-08	5.690884e+01	7.968761e+02
1.700000e-06	8.129889e-06	1.341035e-08	5.682799e+01	7.965469e+02
1.710000e-06	8.115455e-06	1.340286e-08	5.672710e+01	7.960803e+02
1.720000e-06	8.098369e-06	1.338942e-08	5.660766e+01	7.954806e+02
1.730000e-06	8.078931e-06	1.336789e-08	5.647180e+01	7.947668e+02
1.740000e-06	8.056796e-06	1.337947e-08	5.631707e+01	7.939656e+02
1.750000e-06	8.031222e-06	1.340122e-08	5.613831e+01	7.931017e+02
1.760000e-06	8.001865e-06	1.336827e-08	5.593311e+01	7.921892e+02
1.770000e-06	7.969261e-06	1.331143e-08	5.570520e+01	7.912274e+02
1.780000e-06	7.934131e-06	1.328417e-08	5.545964e+01	7.902011e+02
1.790000e-06	7.896605e-06	1.326895e-08	5.519734e+01	7.890871e+02
1.800000e-06	7.856965e-06	1.323741e-08	5.492025e+01	7.878623e+02
1.810000e-06	7.815264e-06	1.325262e-08	5.462876e+01	7.865120e+02
1.820000e-06	7.770928e-06	1.320086e-08	5.431885e+01	7.850352e+02
1.830000e-06	7.723873e-06	1.319012e-08	5.398994e+01	7.834452e+02
1.840000e-06	7.673857e-06	1.320272e-08	5.364032e+01	7.817646e+02
1.850000e-06	7.620637e-06	1.311955e-08	5.326832e+01	7.800178e+02
1.860000e-06	7.564572e-06	1.310174e-08	5.287642e+01	7.782225e+02
1.870000e-06	7.505793e-06	1.303553e-08	5.246555e+01	7.763835e+02
1.880000e-06	7.444377e-06	1.302451e-08	5.203626e+01	7.744914e+02
1.890000e-06	7.380214e-06	1.300641e-08	5.158776e+01	7.725255e+02
1.900000e-06	7.313317e-06	1.295183e-08	5.112015e+01	7.704613e+02
1.910000e-06	7.243649e-06	1.295799e-08	5.063317e+01	7.682784e+02
1.920000e-06	7.171086e-06	1.289417e-08	5.012595e+01	7.659677e+02
1.930000e-06	7.095865e-06	1.285234e-08	4.960015e+01	7.635338e+02
1.940000e-06	7.017918e-06	1.279159e-08	4.905531e+01	7.609924e+02
1.950000e-06	6.937351e-06	1.274559e-08	4.849214e+01	7.583641e+02
1.960000e-06	6.854318e-06	1.272216e-08	4.791174e+01	7.556655e+02
1.970000e-06	6.768773e-06	1.266685e-08	4.731378e+01	7.529024e+02
1.980000e-06	6.680835e-06	1.264398e-08	4.669909e+01	7.500662e+02
1.990000e-06	6.590567e-06	1.257314e-08	4.606812e+01	7.471367e+02
2.000000e-06	6.498027e-06	1.252635e-08	4.542127e+01	7.440880e+02
2.010000e-06	6.403113e-06	1.246528e-08	4.475781e+01	7.408985e+02
2.020000e-06	6.305899e-06	1.240481e-08	4.407828e+01	7.375586e+02
2.030000e-06	6.206494e-06	1.235555e-08	4.338345e+01	7.340746e+02
2.040000e-06	6.104805e-06	1.229276e-08	4.267264e+01	7.304666e+02
2.050000e-06	6.000891e-06	1.224104e-08	4.194628e+01	7.267610e+02
2.060000e-06	5.894859e-06	1.215792e-08	4.120512e+01	7.229802e+02
2.070000e-06	5.786792e-06	1.209867e-08	4.044973e+01	7.191333e+02
2.080000e-06	5.676653e-06	1.202911e-08	3.967985e+01	7.152106e+02
2.090000e-06	5.564396e-06	1.197088e-08	3.889518e+01	7.111858e+02
2.100000e-06	5.449948e-06	1.189849e-08	3.809518e+01	7.070240e+02
2.110000e-06	5.333348e-06	1.182506e-08	3.728015e+01	7.026932e+02
2.120000e-06	5.214699e-06	1.174615e-08	3.645079e+01	6.981752e+02
2.130000e-06	5.094063e-06	1.166021e-08	3.560754e+01	6.934724e+02
2.140000e-06	4.971599e-06	1.157614e-08	3.475152e+01	6.886060e+02
2.150000e-06	4.847350e-06	1.149361e-08	3.388302e+01	6.836076e+02
2.160000e-06	4.721324e-06	1.142193e-08	3.300210e+01	6.785068e+02
2.170000e-06	4.593632e-06	1.133696e-08	3.210953e+01	6.733187e+02
2.180000e-06	4.464377e-06	1.124837e-08	3.120603e+01	6.680361e+02
2.190000e-06	4.333595e-06	1.114871e-08	3.029186e+01	6.626308e+02
2.200000e-06	4.201240e-06	1.105661e-08	2.936670e+01	6.570617e+02
2.210000e-06	4.067291e-06	1.095492e-08	2.843040e+01	6.512886e+02
2.220000e-06	3.931894e-06	1.085551e-08	2.748397e+01	6.452860e+02
2.230000e-06	3.795053e-06	1.075156e-08	2.652745e+01	6.390507e+02
2.240000e-06	3.656798e-06	1.064959e-08	2.556105e+01	6.326018e+02
2.250000e-06	3.517219e-06	1.053975e-08	2.458539e+01	6.259716e+02
2.260000e-06	3.376267e-06	1.042121e-08	2.360013e+01	6.191912e+02
2.270000e-06	3.233999e-06	1.030064e-08	2.260568e+01	6.122762e+02
2.280000e-06	3.090559e-06	1.018051e-08	2.160304e+01	6.052183e+02
2.290000e-06	2.945989e-06	1.006256e-08	2.059249e+01	5.979854e+02
2.300000e-06	2.800345e-06	9.937142e-09	1.957443e+01	5.905318e+02
2.310000e-06	2.653798e-06	9.810667e-09	1.855007e+01	5.828125e+02
2.320000e-06	2.506422e-06	9.675060e-09	1.751991e+01	5.747985e+02
2.330000e-06	2.358131e-06	9.534449e-09	1.648336e+01	5.664852e+02
2.340000e-06	2.208907e-06	9.383683e-09	1.544028e+01	5.578910e+02
2.350000e-06	2.058844e-06	9.233513e-09	1.439133e+01	5.490471e+02
2.360000e-06	1.908065e-06	9.082467e-09	1.333739e+01	5.399808e+02
2.370000e-06	1.756716e-06	8.927566e-09	1.227946e+01	5.307006e+02
2.380000e-06	1.604787e-06	8.765225e-09	1.121748e+01	5.211873e+02
2.390000e-06	1.452209e-06	8.599732e-09	1.015096e+01	5.113966e+02
2.400000e-06	1.299055e-06	8.429634e-09	9.080408e+00	5.012703e+02
2.410000e-06	1.145466e-06	8.250788e-09	8.006820e+00	4.907539e+02
2.420000e-06	9.914461e-07	8.063086e-09	6.930217e+00	4.798116e+02
2.430000e-06	8.370428e-07	7.870813e-09	5.850936e+00	4.684329e+02
2.440000e-06	6.824265e-07	7.676961e-09	4.770167e+00	4.566284e+02
2.450000e-06	5.276323e-07	7.474273e-09	3.688154e+00	4.444141e+02
2.460000e-06	3.726633e-07	7.261024e-09	2.604920e+00	4.317903e+02
2.470000e-06	2.175471e-07	7.039322e-09	1.520656e+00	4.187249e+02
2.480000e-06	6.235515e-08	6.812478e-09	4.358630e-01	4.051453e+02
2.490000e-06	-9.284077e-08	6.572604e-09	-6.489578e-01	3.909453e+02
2.500000e-06	-2.479721e-07	6.318702e-09	-1.733327e+00	3.760056e+02
2.510000e-06	-4.029657e-07	6.053626e-09	-2.816734e+00	3.602193e+02
2.520000e-06	-5.578809e-07	5.778952e-09	-3.899592e+00	3.435157e+02
2.530000e-06	-7.126724e-07	5.486272e-09	-4.981586e+00	3.258721e+02
2.540000e-06	-8.671632e-07	5.171862e-09	-6.061478e+00	3.073088e+02
2.550000e-06	-1.021250e-06	4.841687e-09	-7.138543e+00	2.878677e+02
2.560000e-06	-1.174939e-06	4.501508e-09	-8.212835e+00	2.675809e+02
2.570000e-06	-1.328208e-06	4.146572e-09	-9.284186e+00	2.464396e+02
2.580000e-06	-1.480942e-06	3.772412e-09	-1.035180e+01	2.243740e+02
2.590000e-06	-1.633083e-06	3.380463e-09	-1.141526e+01	2.012507e+02
2.600000e-06	-1.784592e-06	2.972250e-09	-1.247431e+01	1.768902e+02
2.610000e-06	-1.935504e-06	2.542478e-09	-1.352919e+01	1.510998e+02
2.620000e-06	-2.085782e-06	2.083246e-09	-1.457964e+01	1.237131e+02
2.630000e-06	-2.235290e-06	1.594744e-09	-1.562470e+01	9.462620e+01
2.640000e-06	-2.383967e-06	1.079376e-09	-1.666395e+01	6.382192e+01
2.650000e-06	-2.531749e-06	5.373184e-10	-1.769695e+01	3.137841e+01
2.660000e-06	-2.678608e-06	-3.281275e-11	-1.872349e+01	-2.537335e+00
2.670000e-06	-2.824581e-06	-6.242536e-10	-1.974384e+01	-3.768583e+01
2.680000e-06	-2.969576e-06	-1.228463e-09	-2.075736e+01	-7.377508e+01
2.690000e-06	-3.113450e-06	-1.841833e-09	-2.176304e+01	-1.104787e+02
2.700000e-06	-3.256169e-06	-2.464206e-09	-2.276065e+01	-1.474498e+02
2.710000e-06	-3.397638e-06	-3.085441e-09	-2.374952e+01	-1.843315e+02
2.720000e-06	-3.537790e-06	-3.694991e-09	-2.472918e+01	-2.207668e+02
2.730000e-06	-3.676606e-06	-4.290738e-09	-2.569951e+01	-2.564118e+02
2.740000e-06	-3.814059e-06	-4.873592e-09	-2.666030e+01	-2.909522e+02
2.750000e-06	-3.950093e-06	-5.435585e-09	-2.761119e+01	-3.241237e+02
2.760000e-06	-4.084694e-06	-5.968009e-09	-2.855204e+01	-3.557295e+02
2.770000e-06	-4.217865e-06	-6.472129e-09	-2.948291e+01	-3.856518e+02
2.780000e-06	-4.349481e-06	-6.949842e-09	-3.040291e+01	-4.138519e+02
2.790000e-06	-4.479551e-06	-7.398013e-09	-3.131210e+01	-4.403579e+02
2.800000e-06	-4.608125e-06	-7.812504e-09	-3.221083e+01	-4.652427e+02
2.810000e-06	-4.735098e-06	-8.201412e-09	-3.309837e+01	-4.885978e+02
2.820000e-06	-4.860409e-06	-8.572625e-09	-3.397430e+01	-5.105106e+02
2.830000e-06	-4.983959e-06	-8.924483e-09	-3.483792e+01	-5.310507e+02
2.840000e-06	-5.105688e-06	-9.251811e-09	-3.568880e+01	-5.502679e+02
2.850000e-06	-5.225606e-06	-9.554643e-09	-3.652703e+01	-5.682003e+02
2.860000e-06	-5.343553e-06	-9.837543e-09	-3.735148e+01	-5.848879e+02
2.870000e-06	-5.459271e-06	-1.009930e-08	-3.816035e+01	-6.003857e+02
2.880000e-06	-5.572652e-06	-1.033685e-08	-3.895288e+01	-6.147699e+02
2.890000e-06	-5.683818e-06	-1.055682e-08	-3.972994e+01	-6.281349e+02
2.900000e-06	-5.792977e-06	-1.076721e-08	-4.049296e+01	-6.405825e+02
2.910000e-06	-5.900263e-06	-1.096747e-08	-4.124289e+01	-6.522078e+02
2.920000e-06	-6.005596e-06	-1.115157e-08	-4.197917e+01	-6.630860e+02
2.930000e-06	-6.108707e-06	-1.132042e-08	-4.269992e+01	-6.732672e+02
2.940000e-06	-6.209523e-06	-1.148199e-08	-4.340461e+01	-6.827783e+02
2.950000e-06	-6.308148e-06	-1.163608e-08	-4.409401e+01	-6.916332e+02
2.960000e-06	-6.404587e-06	-1.177616e-08	-4.476812e+01	-6.998460e+02
2.970000e-06	-6.498763e-06	-1.190088e-08	-4.542641e+01	-7.074423e+02
2.980000e-06	-6.590633e-06	-1.201863e-08	-4.606858e+01	-7.144643e+02
2.990000e-06	-6.680281e-06	-1.213149e-08	-4.669522e+01	-7.209683e+02
3.000000e-06	-6.767639e-06	-1.223419e-08	-4.730586e+01	-7.270167e+02
3.010000e-06	-6.852477e-06	-1.232798e-08	-4.789887e+01	-7.326666e+02
3.020000e-06	-6.934820e-06	-1.241770e-08	-4.847445e+01	-7.379613e+02
3.030000e-06	-7.014763e-06	-1.250520e-08	-4.903325e+01	-7.429264e+02
3.040000e-06	-7.092079e-06	-1.258447e-08	-4.957369e+01	-7.475736e+02
3.050000e-06	-7.166639e-06	-1.265339e-08	-5.009487e+01	-7.519076e+02
3.060000e-06	-7.238535e-06	-1.271778e-08	-5.059742e+01	-7.559359e+02
3.070000e-06	-7.307798e-06	-1.278209e-08	-5.108157e+01	-7.596747e+02
3.080000e-06	-7.374502e-06	-1.284344e-08	-5.154783e+01	-7.631502e+02
3.090000e-06	-7.438659e-06	-1.289744e-08	-5.199629e+01	-7.663942e+02
3.100000e-06	-7.500110e-06	-1.294740e-08	-5.242583e+01	-7.694361e+02
3.110000e-06	-7.558867e-06	-1.299783e-08	-5.283654e+01	-7.722952e+02
3.120000e-06	-7.614959e-06	-1.304420e-08	-5.322863e+01	-7.749760e+02
3.130000e-06	-7.668152e-06	-1.308408e-08	-5.360045e+01	-7.774701e+02
3.140000e-06	-7.718288e-06	-1.312006e-08	-5.395089e+01	-7.797625e+02
3.150000e-06	-7.765374e-06	-1.315416e-08	-5.428003e+01	-7.818413e+02
3.160000e-06	-7.809752e-06	-1.318542e-08	-5.459023e+01	-7.837061e+02
3.170000e-06	-7.851671e-06	-1.321257e-08	-5.488325e+01	-7.853721e+02
3.180000e-06	-7.890896e-06	-1.323741e-08	-5.515743e+01	-7.868682e+02
3.190000e-06	-7.927354e-06	-1.326302e-08	-5.541227e+01	-7.882293e+02
3.200000e-06	-7.961106e-06	-1.328820e-08	-5.564819e+01	-7.894857e+02
3.210000e-06	-7.991933e-06	-1.330771e-08	-5.586368e+01	-7.906539e+02
3.220000e-06	-8.019762e-06	-1.332352e-08	-5.605820e+01	-7.917323e+02
3.230000e-06	-8.044781e-06	-1.333836e-08	-5.623309e+01	-7.927031e+02
3.240000e-06	-8.066994e-06	-1.335326e-08	-5.638835e+01	-7.935399e+02
3.250000e-06	-8.086393e-06	-1.336473e-08	-5.652396e+01	-7.942196e+02
3.260000e-06	-8.102949e-06	-1.337254e-08	-5.663968e+01	-7.947318e+02
3.270000e-06	-8.116384e-06	-1.337905e-08	-5.673359e+01	-7.950850e+02
3.280000e-06	-8.126708e-06	-1.338539e-08	-5.680576e+01	-7.953050e+02
3.290000e-06	-8.134128e-06	-1.338918e-08	-5.685762e+01	-7.954283e+02
3.300000e-06	-8.138661e-06	-1.338956e-08	-5.688931e+01	-7.954906e+02
3.310000e-06	-8.140407e-06	-1.339069e-08	-5.690151e+01	-7.955162e+02
