# Temperatura_=_32.53
# Concentracion g/m^3_=_11780.0
# C_Vs_to_Am_M_A/Vsm_=_59384043850.047264
# pendiente_HvsI_1/m_=_3716.3
# ordenada_HvsI_A/m_=_1297.0
# frecuencia_Hz_=_301537.1139650026

Tiempo_(s)	Campo_(V.s)	Magnetizacion_(V.s)	Campo_(kA/m)	Magnetizacion_(A/m)
0.000000e+00	-8.151816e-06	-1.342037e-08	-5.689565e+01	-7.969337e+02
1.000000e-08	-8.148513e-06	-1.341963e-08	-5.687260e+01	-7.968587e+02
2.000000e-08	-8.142552e-06	-1.341961e-08	-5.683100e+01	-7.967140e+02
3.000000e-08	-8.133894e-06	-1.341649e-08	-5.677057e+01	-7.964761e+02
4.000000e-08	-8.122362e-06	-1.341121e-08	-5.669008e+01	-7.961242e+02
5.000000e-08	-8.107916e-06	-1.340442e-08	-5.658925e+01	-7.956467e+02
6.000000e-08	-8.090574e-06	-1.339749e-08	-5.646821e+01	-7.950445e+02
7.000000e-08	-8.070782e-06	-1.339156e-08	-5.633008e+01	-7.943306e+02
8.000000e-08	-8.048512e-06	-1.336034e-08	-5.617464e+01	-7.935245e+02
9.000000e-08	-8.023012e-06	-1.331445e-08	-5.599667e+01	-7.926465e+02
1.000000e-07	-7.994153e-06	-1.330264e-08	-5.579524e+01	-7.917101e+02
1.100000e-07	-7.962318e-06	-1.331541e-08	-5.557305e+01	-7.907183e+02
1.200000e-07	-7.927705e-06	-1.331789e-08	-5.533147e+01	-7.896629e+02
1.300000e-07	-7.890579e-06	-1.329539e-08	-5.507235e+01	-7.885280e+02
1.400000e-07	-7.851240e-06	-1.328373e-08	-5.479778e+01	-7.872963e+02
1.500000e-07	-7.809548e-06	-1.326045e-08	-5.450679e+01	-7.859553e+02
1.600000e-07	-7.765053e-06	-1.322462e-08	-5.419624e+01	-7.845026e+02
1.700000e-07	-7.717795e-06	-1.319431e-08	-5.386640e+01	-7.829468e+02
1.800000e-07	-7.667666e-06	-1.312117e-08	-5.351652e+01	-7.813047e+02
1.900000e-07	-7.614384e-06	-1.312662e-08	-5.314465e+01	-7.795953e+02
2.000000e-07	-7.558264e-06	-1.313683e-08	-5.275295e+01	-7.778320e+02
2.100000e-07	-7.499449e-06	-1.308091e-08	-5.234246e+01	-7.760178e+02
2.200000e-07	-7.437989e-06	-1.304705e-08	-5.191349e+01	-7.741422e+02
2.300000e-07	-7.373834e-06	-1.300863e-08	-5.146573e+01	-7.721848e+02
2.400000e-07	-7.306862e-06	-1.299095e-08	-5.099829e+01	-7.701211e+02
2.500000e-07	-7.237209e-06	-1.293142e-08	-5.051215e+01	-7.679309e+02
2.600000e-07	-7.164852e-06	-1.287304e-08	-5.000714e+01	-7.656055e+02
2.700000e-07	-7.089718e-06	-1.285396e-08	-4.948274e+01	-7.631505e+02
2.800000e-07	-7.011771e-06	-1.283485e-08	-4.893870e+01	-7.605838e+02
2.900000e-07	-6.931066e-06	-1.278857e-08	-4.837542e+01	-7.579291e+02
3.000000e-07	-6.847936e-06	-1.270949e-08	-4.779521e+01	-7.552063e+02
3.100000e-07	-6.762553e-06	-1.267574e-08	-4.719929e+01	-7.524243e+02
3.200000e-07	-6.674818e-06	-1.264136e-08	-4.658693e+01	-7.495763e+02
3.300000e-07	-6.584718e-06	-1.258140e-08	-4.595808e+01	-7.466422e+02
3.400000e-07	-6.492300e-06	-1.251831e-08	-4.531305e+01	-7.435953e+02
3.500000e-07	-6.397587e-06	-1.247015e-08	-4.465201e+01	-7.404122e+02
3.600000e-07	-6.300529e-06	-1.243218e-08	-4.397458e+01	-7.370815e+02
3.700000e-07	-6.201082e-06	-1.236668e-08	-4.328049e+01	-7.336081e+02
3.800000e-07	-6.099400e-06	-1.229249e-08	-4.257080e+01	-7.300110e+02
3.900000e-07	-5.995544e-06	-1.222973e-08	-4.184594e+01	-7.263154e+02
4.000000e-07	-5.889525e-06	-1.218402e-08	-4.110598e+01	-7.225419e+02
4.100000e-07	-5.781366e-06	-1.212250e-08	-4.035109e+01	-7.186968e+02
4.200000e-07	-5.671202e-06	-1.204139e-08	-3.958220e+01	-7.147675e+02
4.300000e-07	-5.559006e-06	-1.196990e-08	-3.879912e+01	-7.107254e+02
4.400000e-07	-5.444556e-06	-1.191124e-08	-3.800032e+01	-7.065351e+02
4.500000e-07	-5.327911e-06	-1.184129e-08	-3.718619e+01	-7.021668e+02
4.600000e-07	-5.209243e-06	-1.175160e-08	-3.635795e+01	-6.976075e+02
4.700000e-07	-5.088709e-06	-1.167033e-08	-3.551668e+01	-6.928657e+02
4.800000e-07	-4.966357e-06	-1.160090e-08	-3.466272e+01	-6.879688e+02
4.900000e-07	-4.842190e-06	-1.152245e-08	-3.379610e+01	-6.829518e+02
5.000000e-07	-4.716309e-06	-1.142396e-08	-3.291751e+01	-6.778440e+02
5.100000e-07	-4.588788e-06	-1.132951e-08	-3.202748e+01	-6.726556e+02
5.200000e-07	-4.459638e-06	-1.124913e-08	-3.112608e+01	-6.673728e+02
5.300000e-07	-4.328827e-06	-1.116357e-08	-3.021308e+01	-6.619602e+02
5.400000e-07	-4.196380e-06	-1.106086e-08	-2.928866e+01	-6.563727e+02
5.500000e-07	-4.062461e-06	-1.095784e-08	-2.835397e+01	-6.505707e+02
5.600000e-07	-3.927113e-06	-1.086567e-08	-2.740931e+01	-6.445334e+02
5.700000e-07	-3.790336e-06	-1.076746e-08	-2.645468e+01	-6.382654e+02
5.800000e-07	-3.652135e-06	-1.065165e-08	-2.549010e+01	-6.317933e+02
5.900000e-07	-3.512397e-06	-1.053138e-08	-2.451480e+01	-6.251533e+02
6.000000e-07	-3.371186e-06	-1.042618e-08	-2.352922e+01	-6.183749e+02
6.100000e-07	-3.228677e-06	-1.031929e-08	-2.253458e+01	-6.114672e+02
6.200000e-07	-3.084900e-06	-1.019292e-08	-2.153108e+01	-6.044122e+02
6.300000e-07	-2.939930e-06	-1.005929e-08	-2.051926e+01	-5.971690e+02
6.400000e-07	-2.793928e-06	-9.936408e-09	-1.950024e+01	-5.896864e+02
6.500000e-07	-2.646932e-06	-9.812215e-09	-1.847428e+01	-5.819206e+02
6.600000e-07	-2.499082e-06	-9.669581e-09	-1.744236e+01	-5.738493e+02
6.700000e-07	-2.350495e-06	-9.522179e-09	-1.640530e+01	-5.654776e+02
6.800000e-07	-2.201128e-06	-9.383596e-09	-1.536278e+01	-5.568332e+02
6.900000e-07	-2.051025e-06	-9.243956e-09	-1.431514e+01	-5.479520e+02
7.000000e-07	-1.900250e-06	-9.086550e-09	-1.326281e+01	-5.388602e+02
7.100000e-07	-1.748734e-06	-8.920452e-09	-1.220530e+01	-5.295591e+02
7.200000e-07	-1.596506e-06	-8.760587e-09	-1.114282e+01	-5.200199e+02
7.300000e-07	-1.443747e-06	-8.601931e-09	-1.007665e+01	-5.101898e+02
7.400000e-07	-1.290482e-06	-8.428784e-09	-9.006927e+00	-5.000070e+02
7.500000e-07	-1.136692e-06	-8.244609e-09	-7.933547e+00	-4.894197e+02
7.600000e-07	-9.824726e-07	-8.063300e-09	-6.857174e+00	-4.783999e+02
7.700000e-07	-8.278959e-07	-7.880886e-09	-5.778305e+00	-4.669478e+02
7.800000e-07	-6.729869e-07	-7.679771e-09	-4.697117e+00	-4.550821e+02
7.900000e-07	-5.178469e-07	-7.462696e-09	-3.614316e+00	-4.428213e+02
8.000000e-07	-3.625244e-07	-7.249552e-09	-2.530242e+00	-4.301620e+02
8.100000e-07	-2.070616e-07	-7.035554e-09	-1.445188e+00	-4.170630e+02
8.200000e-07	-5.152980e-08	-6.805254e-09	-3.596526e-01	-4.034413e+02
8.300000e-07	1.040026e-07	-6.558437e-09	7.258869e-01	-3.891841e+02
8.400000e-07	2.594897e-07	-6.308216e-09	1.811110e+00	-3.741717e+02
8.500000e-07	4.149350e-07	-6.048705e-09	2.896042e+00	-3.583041e+02
8.600000e-07	5.702557e-07	-5.764260e-09	3.980104e+00	-3.415227e+02
8.700000e-07	7.253209e-07	-5.454860e-09	5.062382e+00	-3.238169e+02
8.800000e-07	8.800608e-07	-5.135963e-09	6.142390e+00	-3.052142e+02
8.900000e-07	1.034483e-06	-4.813892e-09	7.220182e+00	-2.857552e+02
9.000000e-07	1.188502e-06	-4.473726e-09	8.295157e+00	-2.654612e+02
9.100000e-07	1.342077e-06	-4.111784e-09	9.367038e+00	-2.443060e+02
9.200000e-07	1.495183e-06	-3.739885e-09	1.043564e+01	-2.222004e+02
9.300000e-07	1.647647e-06	-3.358811e-09	1.149976e+01	-1.989957e+02
9.400000e-07	1.799480e-06	-2.946828e-09	1.255949e+01	-1.745048e+02
9.500000e-07	1.950717e-06	-2.497178e-09	1.361504e+01	-1.485371e+02
9.600000e-07	2.101245e-06	-2.024299e-09	1.466565e+01	-1.209357e+02
9.700000e-07	2.251043e-06	-1.536032e-09	1.571117e+01	-9.160992e+01
9.800000e-07	2.400081e-06	-1.017039e-09	1.675139e+01	-6.055456e+01
9.900000e-07	2.548261e-06	-4.567954e-10	1.778561e+01	-2.785565e+01
1.000000e-06	2.695539e-06	1.275754e-10	1.881353e+01	6.316814e+00
1.010000e-06	2.841908e-06	7.199231e-10	1.983512e+01	4.172317e+01
1.020000e-06	2.987233e-06	1.327166e-09	2.084941e+01	7.807047e+01
1.030000e-06	3.131388e-06	1.957409e-09	2.185555e+01	1.150272e+02
1.040000e-06	3.274413e-06	2.593141e-09	2.285379e+01	1.522358e+02
1.050000e-06	3.416245e-06	3.214518e-09	2.384371e+01	1.893241e+02
1.060000e-06	3.556754e-06	3.824531e-09	2.482439e+01	2.259197e+02
1.070000e-06	3.695836e-06	4.431573e-09	2.579512e+01	2.616671e+02
1.080000e-06	3.833523e-06	5.021765e-09	2.675610e+01	2.962491e+02
1.090000e-06	3.969872e-06	5.576750e-09	2.770775e+01	3.294082e+02
1.100000e-06	4.104835e-06	6.099731e-09	2.864972e+01	3.609629e+02
1.110000e-06	4.238284e-06	6.604338e-09	2.958113e+01	3.908143e+02
1.120000e-06	4.370138e-06	7.085846e-09	3.050140e+01	4.189407e+02
1.130000e-06	4.500367e-06	7.529655e-09	3.141034e+01	4.453806e+02
1.140000e-06	4.628972e-06	7.939869e-09	3.230794e+01	4.702079e+02
1.150000e-06	4.755970e-06	8.332068e-09	3.319432e+01	4.935078e+02
1.160000e-06	4.881373e-06	8.705687e-09	3.406958e+01	5.153569e+02
1.170000e-06	5.005115e-06	9.047151e-09	3.493324e+01	5.358156e+02
1.180000e-06	5.127040e-06	9.358434e-09	3.578421e+01	5.549296e+02
1.190000e-06	5.247121e-06	9.656098e-09	3.662232e+01	5.727406e+02
1.200000e-06	5.365300e-06	9.942495e-09	3.744715e+01	5.892989e+02
1.210000e-06	5.481413e-06	1.020366e-08	3.825756e+01	6.046725e+02
1.220000e-06	5.595332e-06	1.043828e-08	3.905266e+01	6.189490e+02
1.230000e-06	5.707107e-06	1.065937e-08	3.983279e+01	6.322289e+02
1.240000e-06	5.816896e-06	1.087302e-08	4.059906e+01	6.446133e+02
1.250000e-06	5.924727e-06	1.107133e-08	4.135167e+01	6.561907e+02
1.260000e-06	6.030421e-06	1.124983e-08	4.208937e+01	6.670271e+02
1.270000e-06	6.133858e-06	1.141705e-08	4.281131e+01	6.771646e+02
1.280000e-06	6.235100e-06	1.157944e-08	4.351792e+01	6.866259e+02
1.290000e-06	6.334087e-06	1.173035e-08	4.420881e+01	6.954260e+02
1.300000e-06	6.430726e-06	1.186474e-08	4.488330e+01	7.035836e+02
1.310000e-06	6.525103e-06	1.198759e-08	4.554200e+01	7.111295e+02
1.320000e-06	6.617260e-06	1.210393e-08	4.618521e+01	7.181093e+02
1.330000e-06	6.707058e-06	1.221291e-08	4.681196e+01	7.245788e+02
1.340000e-06	6.794454e-06	1.231174e-08	4.742194e+01	7.305961e+02
1.350000e-06	6.879565e-06	1.240512e-08	4.801597e+01	7.362122e+02
1.360000e-06	6.962277e-06	1.249639e-08	4.859326e+01	7.414653e+02
1.370000e-06	7.042388e-06	1.258159e-08	4.915240e+01	7.463797e+02
1.380000e-06	7.119952e-06	1.265657e-08	4.969375e+01	7.509699e+02
1.390000e-06	7.194840e-06	1.272464e-08	5.021643e+01	7.552477e+02
1.400000e-06	7.266999e-06	1.279150e-08	5.072007e+01	7.592283e+02
1.410000e-06	7.336670e-06	1.285551e-08	5.120634e+01	7.629340e+02
1.420000e-06	7.403742e-06	1.291176e-08	5.167446e+01	7.663930e+02
1.430000e-06	7.468083e-06	1.296333e-08	5.212354e+01	7.696341e+02
1.440000e-06	7.529896e-06	1.301576e-08	5.255496e+01	7.726801e+02
1.450000e-06	7.589168e-06	1.306908e-08	5.296865e+01	7.755425e+02
1.460000e-06	7.645706e-06	1.311651e-08	5.336326e+01	7.782204e+02
1.470000e-06	7.699420e-06	1.315486e-08	5.373815e+01	7.807035e+02
1.480000e-06	7.749978e-06	1.319276e-08	5.409102e+01	7.829793e+02
1.490000e-06	7.797381e-06	1.323090e-08	5.442188e+01	7.850407e+02
1.500000e-06	7.842036e-06	1.326177e-08	5.473354e+01	7.868927e+02
1.510000e-06	7.883942e-06	1.328543e-08	5.502603e+01	7.885534e+02
1.520000e-06	7.923019e-06	1.331049e-08	5.529877e+01	7.900510e+02
1.530000e-06	7.959394e-06	1.333714e-08	5.555265e+01	7.914165e+02
1.540000e-06	7.992978e-06	1.335947e-08	5.578704e+01	7.926750e+02
1.550000e-06	8.023692e-06	1.337528e-08	5.600141e+01	7.938388e+02
1.560000e-06	8.051648e-06	1.339125e-08	5.619653e+01	7.949054e+02
1.570000e-06	8.076708e-06	1.340990e-08	5.637144e+01	7.958595e+02
1.580000e-06	8.098929e-06	1.342405e-08	5.652653e+01	7.966805e+02
1.590000e-06	8.118502e-06	1.343126e-08	5.666314e+01	7.973510e+02
1.600000e-06	8.135190e-06	1.343605e-08	5.677962e+01	7.978642e+02
1.610000e-06	8.148818e-06	1.344301e-08	5.687473e+01	7.982279e+02
1.620000e-06	8.159267e-06	1.344770e-08	5.694766e+01	7.984633e+02
1.630000e-06	8.166604e-06	1.344775e-08	5.699887e+01	7.985994e+02
1.640000e-06	8.171114e-06	1.344622e-08	5.703034e+01	7.986644e+02
1.650000e-06	8.172712e-06	1.344760e-08	5.704150e+01	7.986781e+02
1.660000e-06	8.171518e-06	1.344954e-08	5.703317e+01	7.986463e+02
1.670000e-06	8.167785e-06	1.344607e-08	5.700711e+01	7.985604e+02
1.680000e-06	8.161312e-06	1.344027e-08	5.696193e+01	7.984007e+02
1.690000e-06	8.152132e-06	1.343685e-08	5.689786e+01	7.981437e+02
1.700000e-06	8.140183e-06	1.343209e-08	5.681447e+01	7.977698e+02
1.710000e-06	8.125307e-06	1.341917e-08	5.671063e+01	7.972696e+02
1.720000e-06	8.107855e-06	1.339827e-08	5.658883e+01	7.966462e+02
1.730000e-06	8.088096e-06	1.339477e-08	5.645092e+01	7.959141e+02
1.740000e-06	8.065499e-06	1.342111e-08	5.629320e+01	7.950938e+02
1.750000e-06	8.039307e-06	1.341243e-08	5.611040e+01	7.942046e+02
1.760000e-06	8.009336e-06	1.336979e-08	5.590122e+01	7.932583e+02
1.770000e-06	7.976264e-06	1.332954e-08	5.567039e+01	7.922560e+02
1.780000e-06	7.940805e-06	1.330160e-08	5.542290e+01	7.911876e+02
1.790000e-06	7.902950e-06	1.326978e-08	5.515869e+01	7.900366e+02
1.800000e-06	7.863018e-06	1.327887e-08	5.487999e+01	7.887860e+02
1.810000e-06	7.820936e-06	1.324543e-08	5.458628e+01	7.874248e+02
1.820000e-06	7.776076e-06	1.321065e-08	5.427318e+01	7.859527e+02
1.830000e-06	7.728453e-06	1.323961e-08	5.394079e+01	7.843800e+02
1.840000e-06	7.677761e-06	1.317253e-08	5.358698e+01	7.827245e+02
1.850000e-06	7.623886e-06	1.314680e-08	5.321096e+01	7.810047e+02
1.860000e-06	7.567239e-06	1.309843e-08	5.281559e+01	7.792325e+02
1.870000e-06	7.507908e-06	1.306376e-08	5.240150e+01	7.774083e+02
1.880000e-06	7.446017e-06	1.306947e-08	5.196953e+01	7.755198e+02
1.890000e-06	7.381362e-06	1.300247e-08	5.151826e+01	7.735451e+02
1.900000e-06	7.313913e-06	1.300016e-08	5.104750e+01	7.714599e+02
1.910000e-06	7.243674e-06	1.295660e-08	5.055727e+01	7.692458e+02
1.920000e-06	7.170611e-06	1.290458e-08	5.004733e+01	7.668963e+02
1.930000e-06	7.094893e-06	1.285581e-08	4.951886e+01	7.644197e+02
1.940000e-06	7.016378e-06	1.279834e-08	4.897086e+01	7.618355e+02
1.950000e-06	6.935305e-06	1.278240e-08	4.840501e+01	7.591673e+02
1.960000e-06	6.851818e-06	1.272267e-08	4.782231e+01	7.564337e+02
1.970000e-06	6.765774e-06	1.269511e-08	4.722177e+01	7.536408e+02
1.980000e-06	6.677309e-06	1.263967e-08	4.660432e+01	7.507791e+02
1.990000e-06	6.586550e-06	1.257968e-08	4.597087e+01	7.478268e+02
2.000000e-06	6.493508e-06	1.253074e-08	4.532149e+01	7.447570e+02
2.010000e-06	6.398081e-06	1.246482e-08	4.465545e+01	7.415478e+02
2.020000e-06	6.300448e-06	1.242186e-08	4.397402e+01	7.381908e+02
2.030000e-06	6.200566e-06	1.235888e-08	4.327689e+01	7.346935e+02
2.040000e-06	6.098334e-06	1.231024e-08	4.256336e+01	7.310769e+02
2.050000e-06	5.993928e-06	1.223872e-08	4.183466e+01	7.273661e+02
2.060000e-06	5.887448e-06	1.217103e-08	4.109149e+01	7.235799e+02
2.070000e-06	5.778943e-06	1.210539e-08	4.033417e+01	7.197211e+02
2.080000e-06	5.668277e-06	1.203643e-08	3.956178e+01	7.157741e+02
2.090000e-06	5.555440e-06	1.196886e-08	3.877423e+01	7.117080e+02
2.100000e-06	5.440415e-06	1.189657e-08	3.797142e+01	7.074877e+02
2.110000e-06	5.323274e-06	1.183064e-08	3.715383e+01	7.030856e+02
2.120000e-06	5.204094e-06	1.174831e-08	3.632201e+01	6.984923e+02
2.130000e-06	5.083020e-06	1.166348e-08	3.547697e+01	6.937204e+02
2.140000e-06	4.960198e-06	1.157458e-08	3.461973e+01	6.887994e+02
2.150000e-06	4.835575e-06	1.149953e-08	3.374993e+01	6.837644e+02
2.160000e-06	4.709198e-06	1.141942e-08	3.286788e+01	6.786420e+02
2.170000e-06	4.581112e-06	1.133051e-08	3.197390e+01	6.734385e+02
2.180000e-06	4.451413e-06	1.123458e-08	3.106867e+01	6.681355e+02
2.190000e-06	4.320126e-06	1.114525e-08	3.015235e+01	6.626949e+02
2.200000e-06	4.187297e-06	1.105370e-08	2.922527e+01	6.570716e+02
2.210000e-06	4.052963e-06	1.094992e-08	2.828768e+01	6.512283e+02
2.220000e-06	3.917138e-06	1.084471e-08	2.733969e+01	6.451487e+02
2.230000e-06	3.779858e-06	1.074088e-08	2.638155e+01	6.388418e+02
2.240000e-06	3.641202e-06	1.064042e-08	2.541379e+01	6.323370e+02
2.250000e-06	3.501195e-06	1.052441e-08	2.443662e+01	6.256704e+02
2.260000e-06	3.359833e-06	1.040466e-08	2.344998e+01	6.188689e+02
2.270000e-06	3.217177e-06	1.028593e-08	2.245431e+01	6.119370e+02
2.280000e-06	3.073303e-06	1.017099e-08	2.145014e+01	6.048518e+02
2.290000e-06	2.928298e-06	1.004951e-08	2.043808e+01	5.975695e+02
2.300000e-06	2.782256e-06	9.921302e-09	1.941877e+01	5.900390e+02
2.310000e-06	2.635311e-06	9.791866e-09	1.839317e+01	5.822195e+02
2.320000e-06	2.487456e-06	9.658157e-09	1.736122e+01	5.740933e+02
2.330000e-06	2.338724e-06	9.515583e-09	1.632314e+01	5.656704e+02
2.340000e-06	2.189214e-06	9.362058e-09	1.527963e+01	5.569810e+02
2.350000e-06	2.038923e-06	9.211277e-09	1.423068e+01	5.480608e+02
2.360000e-06	1.887817e-06	9.062159e-09	1.317603e+01	5.389323e+02
2.370000e-06	1.736050e-06	8.906654e-09	1.211677e+01	5.295916e+02
2.380000e-06	1.583730e-06	8.741437e-09	1.105365e+01	5.200048e+02
2.390000e-06	1.430820e-06	8.572243e-09	9.986419e+00	5.101161e+02
2.400000e-06	1.277371e-06	8.401394e-09	8.915418e+00	4.998643e+02
2.410000e-06	1.123478e-06	8.223431e-09	7.841323e+00	4.892009e+02
2.420000e-06	9.692344e-07	8.034988e-09	6.764778e+00	4.781031e+02
2.430000e-06	8.146779e-07	7.839702e-09	5.686050e+00	4.665755e+02
2.440000e-06	6.598495e-07	7.641674e-09	4.605424e+00	4.546381e+02
2.450000e-06	5.048120e-07	7.436517e-09	3.523338e+00	4.423073e+02
2.460000e-06	3.495797e-07	7.218258e-09	2.439894e+00	4.295737e+02
2.470000e-06	1.942499e-07	6.992797e-09	1.355769e+00	4.163884e+02
2.480000e-06	3.888100e-08	6.765482e-09	2.713702e-01	4.026620e+02
2.490000e-06	-1.165775e-07	6.527977e-09	-8.136537e-01	3.882785e+02
2.500000e-06	-2.720020e-07	6.272671e-09	-1.898440e+00	3.731196e+02
2.510000e-06	-4.272411e-07	6.001118e-09	-2.981932e+00	3.570917e+02
2.520000e-06	-5.822634e-07	5.718157e-09	-4.063911e+00	3.401445e+02
2.530000e-06	-7.370657e-07	5.419972e-09	-5.144355e+00	3.222757e+02
2.540000e-06	-8.916517e-07	5.101479e-09	-6.223289e+00	3.035173e+02
2.550000e-06	-1.045959e-06	4.768645e-09	-7.300277e+00	2.839086e+02
2.560000e-06	-1.199858e-06	4.428603e-09	-8.374420e+00	2.634643e+02
2.570000e-06	-1.353314e-06	4.075363e-09	-9.445466e+00	2.421478e+02
2.580000e-06	-1.506294e-06	3.699438e-09	-1.051319e+01	2.198583e+02
2.590000e-06	-1.658699e-06	3.300808e-09	-1.157690e+01	1.964381e+02
2.600000e-06	-1.810457e-06	2.884160e-09	-1.263610e+01	1.716969e+02
2.610000e-06	-1.961494e-06	2.447096e-09	-1.369026e+01	1.454474e+02
2.620000e-06	-2.111830e-06	1.979204e-09	-1.473953e+01	1.175424e+02
2.630000e-06	-2.261454e-06	1.478022e-09	-1.578383e+01	8.790539e+01
2.640000e-06	-2.410267e-06	9.519310e-10	-1.682248e+01	5.654760e+01
2.650000e-06	-2.558180e-06	4.046950e-10	-1.785484e+01	2.357080e+01
2.660000e-06	-2.705190e-06	-1.690314e-10	-1.888089e+01	-1.084140e+01
2.670000e-06	-2.851266e-06	-7.689036e-10	-1.990043e+01	-4.643862e+01
2.680000e-06	-2.996330e-06	-1.383509e-09	-2.091291e+01	-8.292002e+01
2.690000e-06	-3.140329e-06	-2.002552e-09	-2.191795e+01	-1.199486e+02
2.700000e-06	-3.283176e-06	-2.624987e-09	-2.291495e+01	-1.571633e+02
2.710000e-06	-3.424745e-06	-3.249762e-09	-2.390303e+01	-1.941908e+02
2.720000e-06	-3.564936e-06	-3.865563e-09	-2.488150e+01	-2.306602e+02
2.730000e-06	-3.703769e-06	-4.460807e-09	-2.585048e+01	-2.662214e+02
2.740000e-06	-3.841268e-06	-5.035986e-09	-2.681016e+01	-3.005662e+02
2.750000e-06	-3.977355e-06	-5.592490e-09	-2.775998e+01	-3.334499e+02
2.760000e-06	-4.111904e-06	-6.122043e-09	-2.869906e+01	-3.647053e+02
2.770000e-06	-4.244919e-06	-6.617902e-09	-2.962744e+01	-3.942483e+02
2.780000e-06	-4.376477e-06	-7.083770e-09	-3.054565e+01	-4.220695e+02
2.790000e-06	-4.506529e-06	-7.525356e-09	-3.145335e+01	-4.482154e+02
2.800000e-06	-4.635021e-06	-7.941097e-09	-3.235016e+01	-4.727638e+02
2.810000e-06	-4.761892e-06	-8.329374e-09	-3.323566e+01	-4.957995e+02
2.820000e-06	-4.887045e-06	-8.693043e-09	-3.410917e+01	-5.173965e+02
2.830000e-06	-5.010460e-06	-9.037361e-09	-3.497054e+01	-5.376120e+02
2.840000e-06	-5.132144e-06	-9.361881e-09	-3.581983e+01	-5.564903e+02
2.850000e-06	-5.251967e-06	-9.659202e-09	-3.665614e+01	-5.740736e+02
2.860000e-06	-5.369729e-06	-9.930637e-09	-3.747806e+01	-5.904148e+02
2.870000e-06	-5.485346e-06	-1.018345e-08	-3.828501e+01	-6.055856e+02
2.880000e-06	-5.598645e-06	-1.042043e-08	-3.907578e+01	-6.196767e+02
2.890000e-06	-5.709687e-06	-1.064110e-08	-3.985080e+01	-6.327895e+02
2.900000e-06	-5.818726e-06	-1.084643e-08	-4.061184e+01	-6.450239e+02
2.910000e-06	-5.925830e-06	-1.104047e-08	-4.135937e+01	-6.564649e+02
2.920000e-06	-6.030939e-06	-1.122286e-08	-4.209298e+01	-6.671742e+02
2.930000e-06	-6.133805e-06	-1.139083e-08	-4.281093e+01	-6.771897e+02
2.940000e-06	-6.234401e-06	-1.154541e-08	-4.351305e+01	-6.865319e+02
2.950000e-06	-6.332878e-06	-1.169044e-08	-4.420037e+01	-6.952157e+02
2.960000e-06	-6.429189e-06	-1.182912e-08	-4.487257e+01	-7.032614e+02
2.970000e-06	-6.523152e-06	-1.195778e-08	-4.552838e+01	-7.107026e+02
2.980000e-06	-6.614760e-06	-1.207367e-08	-4.616776e+01	-7.175870e+02
2.990000e-06	-6.704116e-06	-1.218085e-08	-4.679142e+01	-7.239717e+02
3.000000e-06	-6.791106e-06	-1.228335e-08	-4.739857e+01	-7.299140e+02
3.010000e-06	-6.875635e-06	-1.237916e-08	-4.798854e+01	-7.354630e+02
3.020000e-06	-6.957775e-06	-1.246391e-08	-4.856184e+01	-7.406542e+02
3.030000e-06	-7.037487e-06	-1.254184e-08	-4.911819e+01	-7.455099e+02
3.040000e-06	-7.114468e-06	-1.261829e-08	-4.965548e+01	-7.500435e+02
3.050000e-06	-7.188710e-06	-1.269137e-08	-5.017365e+01	-7.542670e+02
3.060000e-06	-7.260390e-06	-1.275842e-08	-5.067394e+01	-7.581967e+02
3.070000e-06	-7.329445e-06	-1.281985e-08	-5.115591e+01	-7.618563e+02
3.080000e-06	-7.395893e-06	-1.287830e-08	-5.161969e+01	-7.652744e+02
3.090000e-06	-7.459754e-06	-1.293429e-08	-5.206540e+01	-7.684793e+02
3.100000e-06	-7.520921e-06	-1.298468e-08	-5.249232e+01	-7.714921e+02
3.110000e-06	-7.579395e-06	-1.303047e-08	-5.290044e+01	-7.743220e+02
3.120000e-06	-7.635114e-06	-1.307434e-08	-5.328933e+01	-7.769661e+02
3.130000e-06	-7.687880e-06	-1.311655e-08	-5.365761e+01	-7.794132e+02
3.140000e-06	-7.737573e-06	-1.315351e-08	-5.400445e+01	-7.816509e+02
3.150000e-06	-7.784240e-06	-1.318439e-08	-5.433016e+01	-7.836743e+02
3.160000e-06	-7.828290e-06	-1.321345e-08	-5.463760e+01	-7.854905e+02
3.170000e-06	-7.869878e-06	-1.324324e-08	-5.492787e+01	-7.871199e+02
3.180000e-06	-7.908722e-06	-1.327195e-08	-5.519898e+01	-7.885918e+02
3.190000e-06	-7.944770e-06	-1.329667e-08	-5.545058e+01	-7.899367e+02
3.200000e-06	-7.978054e-06	-1.331678e-08	-5.568288e+01	-7.911778e+02
3.210000e-06	-8.008414e-06	-1.333500e-08	-5.589478e+01	-7.923250e+02
3.220000e-06	-8.035891e-06	-1.335296e-08	-5.608656e+01	-7.933729e+02
3.230000e-06	-8.060635e-06	-1.336748e-08	-5.625926e+01	-7.943049e+02
3.240000e-06	-8.082467e-06	-1.338027e-08	-5.641163e+01	-7.951001e+02
3.250000e-06	-8.101409e-06	-1.339405e-08	-5.654384e+01	-7.957427e+02
3.260000e-06	-8.117556e-06	-1.340639e-08	-5.665654e+01	-7.962282e+02
3.270000e-06	-8.130565e-06	-1.341389e-08	-5.674734e+01	-7.965672e+02
3.280000e-06	-8.140469e-06	-1.341734e-08	-5.681646e+01	-7.967828e+02
3.290000e-06	-8.147445e-06	-1.341996e-08	-5.686515e+01	-7.969043e+02
3.300000e-06	-8.151501e-06	-1.342211e-08	-5.689345e+01	-7.969591e+02
3.310000e-06	-8.152795e-06	-1.342235e-08	-5.690249e+01	-7.969647e+02
