# Temperatura_=_50.15
# Concentracion g/m^3_=_11780.0
# C_Vs_to_Am_M_A/Vsm_=_59384043850.047264
# pendiente_HvsI_1/m_=_3716.3
# ordenada_HvsI_A/m_=_1297.0
# frecuencia_Hz_=_301536.495180737

Tiempo_(s)	Campo_(V.s)	Magnetizacion_(V.s)	Campo_(kA/m)	Magnetizacion_(A/m)
0.000000e+00	-8.138193e-06	-1.343095e-08	-5.689433e+01	-7.968720e+02
1.000000e-08	-8.135212e-06	-1.342626e-08	-5.687349e+01	-7.967598e+02
2.000000e-08	-8.129559e-06	-1.342066e-08	-5.683397e+01	-7.965814e+02
3.000000e-08	-8.121297e-06	-1.341782e-08	-5.677621e+01	-7.963282e+02
4.000000e-08	-8.110183e-06	-1.341413e-08	-5.669851e+01	-7.959880e+02
5.000000e-08	-8.096138e-06	-1.340762e-08	-5.660032e+01	-7.955484e+02
6.000000e-08	-8.079183e-06	-1.339965e-08	-5.648179e+01	-7.950006e+02
7.000000e-08	-8.059684e-06	-1.339593e-08	-5.634547e+01	-7.943419e+02
8.000000e-08	-8.037759e-06	-1.338640e-08	-5.619219e+01	-7.935777e+02
9.000000e-08	-8.012792e-06	-1.332480e-08	-5.601765e+01	-7.927197e+02
1.000000e-07	-7.984459e-06	-1.328916e-08	-5.581957e+01	-7.917822e+02
1.100000e-07	-7.953117e-06	-1.331413e-08	-5.560046e+01	-7.907771e+02
1.200000e-07	-7.918943e-06	-1.333102e-08	-5.536155e+01	-7.897094e+02
1.300000e-07	-7.882118e-06	-1.330314e-08	-5.510410e+01	-7.885743e+02
1.400000e-07	-7.843112e-06	-1.327174e-08	-5.483141e+01	-7.873590e+02
1.500000e-07	-7.801816e-06	-1.328777e-08	-5.454271e+01	-7.860469e+02
1.600000e-07	-7.757746e-06	-1.322363e-08	-5.423462e+01	-7.846246e+02
1.700000e-07	-7.710895e-06	-1.320118e-08	-5.390708e+01	-7.830883e+02
1.800000e-07	-7.661203e-06	-1.314963e-08	-5.355968e+01	-7.814462e+02
1.900000e-07	-7.608366e-06	-1.310086e-08	-5.319030e+01	-7.797170e+02
2.000000e-07	-7.552643e-06	-1.315274e-08	-5.280074e+01	-7.779236e+02
2.100000e-07	-7.494247e-06	-1.309389e-08	-5.239248e+01	-7.760840e+02
2.200000e-07	-7.433226e-06	-1.304930e-08	-5.196589e+01	-7.742034e+02
2.300000e-07	-7.369583e-06	-1.301304e-08	-5.152096e+01	-7.722707e+02
2.400000e-07	-7.303131e-06	-1.299096e-08	-5.105639e+01	-7.702606e+02
2.500000e-07	-7.233998e-06	-1.295725e-08	-5.057308e+01	-7.681418e+02
2.600000e-07	-7.162203e-06	-1.287453e-08	-5.007116e+01	-7.658877e+02
2.700000e-07	-7.087587e-06	-1.285354e-08	-4.954951e+01	-7.634866e+02
2.800000e-07	-7.010177e-06	-1.284246e-08	-4.900834e+01	-7.609453e+02
2.900000e-07	-6.930047e-06	-1.280875e-08	-4.844815e+01	-7.582872e+02
3.000000e-07	-6.847418e-06	-1.272457e-08	-4.787048e+01	-7.555429e+02
3.100000e-07	-6.762517e-06	-1.266439e-08	-4.727694e+01	-7.527375e+02
3.200000e-07	-6.675288e-06	-1.265244e-08	-4.666712e+01	-7.498806e+02
3.300000e-07	-6.585675e-06	-1.259396e-08	-4.604064e+01	-7.469612e+02
3.400000e-07	-6.493752e-06	-1.252745e-08	-4.539800e+01	-7.439512e+02
3.500000e-07	-6.399528e-06	-1.247096e-08	-4.473927e+01	-7.408161e+02
3.600000e-07	-6.302929e-06	-1.243918e-08	-4.406395e+01	-7.375282e+02
3.700000e-07	-6.203957e-06	-1.238970e-08	-4.337203e+01	-7.340776e+02
3.800000e-07	-6.102772e-06	-1.230422e-08	-4.266465e+01	-7.304762e+02
3.900000e-07	-5.999397e-06	-1.223322e-08	-4.194195e+01	-7.267528e+02
4.000000e-07	-5.893817e-06	-1.218207e-08	-4.120384e+01	-7.229408e+02
4.100000e-07	-5.786088e-06	-1.213528e-08	-4.045070e+01	-7.190641e+02
4.200000e-07	-5.676309e-06	-1.204781e-08	-3.968323e+01	-7.151252e+02
4.300000e-07	-5.564519e-06	-1.196923e-08	-3.890170e+01	-7.111026e+02
4.400000e-07	-5.450614e-06	-1.191634e-08	-3.810539e+01	-7.069573e+02
4.500000e-07	-5.334521e-06	-1.186004e-08	-3.729378e+01	-7.026466e+02
4.600000e-07	-5.216316e-06	-1.177351e-08	-3.646741e+01	-6.981405e+02
4.700000e-07	-5.096207e-06	-1.167743e-08	-3.562772e+01	-6.934325e+02
4.800000e-07	-4.974319e-06	-1.160579e-08	-3.477560e+01	-6.885425e+02
4.900000e-07	-4.850609e-06	-1.153295e-08	-3.391074e+01	-6.835080e+02
5.000000e-07	-4.725151e-06	-1.143803e-08	-3.303366e+01	-6.783689e+02
5.100000e-07	-4.598071e-06	-1.133155e-08	-3.214524e+01	-6.731498e+02
5.200000e-07	-4.469395e-06	-1.124966e-08	-3.124566e+01	-6.678492e+02
5.300000e-07	-4.339094e-06	-1.117516e-08	-3.033473e+01	-6.624379e+02
5.400000e-07	-4.207074e-06	-1.107973e-08	-2.941177e+01	-6.568685e+02
5.500000e-07	-4.073517e-06	-1.096898e-08	-2.847807e+01	-6.510929e+02
5.600000e-07	-3.938510e-06	-1.087047e-08	-2.753423e+01	-6.450797e+02
5.700000e-07	-3.802014e-06	-1.077760e-08	-2.657998e+01	-6.388251e+02
5.800000e-07	-3.664168e-06	-1.066270e-08	-2.561630e+01	-6.323529e+02
5.900000e-07	-3.524935e-06	-1.053555e-08	-2.464292e+01	-6.257030e+02
6.000000e-07	-3.384149e-06	-1.042528e-08	-2.365868e+01	-6.189135e+02
6.100000e-07	-3.241960e-06	-1.032796e-08	-2.266463e+01	-6.120023e+02
6.200000e-07	-3.098586e-06	-1.021101e-08	-2.166230e+01	-6.049570e+02
6.300000e-07	-2.954111e-06	-1.007425e-08	-2.065227e+01	-5.977370e+02
6.400000e-07	-2.808541e-06	-9.943504e-09	-1.963459e+01	-5.902858e+02
6.500000e-07	-2.661881e-06	-9.822573e-09	-1.860928e+01	-5.825515e+02
6.600000e-07	-2.514334e-06	-9.687544e-09	-1.757778e+01	-5.745036e+02
6.700000e-07	-2.366051e-06	-9.535063e-09	-1.654113e+01	-5.661432e+02
6.800000e-07	-2.216983e-06	-9.390600e-09	-1.549899e+01	-5.574986e+02
6.900000e-07	-2.067158e-06	-9.255651e-09	-1.445156e+01	-5.486111e+02
7.000000e-07	-1.916630e-06	-9.107760e-09	-1.339921e+01	-5.395139e+02
7.100000e-07	-1.765396e-06	-8.940340e-09	-1.234193e+01	-5.302146e+02
7.200000e-07	-1.613517e-06	-8.771520e-09	-1.128014e+01	-5.206869e+02
7.300000e-07	-1.461038e-06	-8.612848e-09	-1.021415e+01	-5.108760e+02
7.400000e-07	-1.308023e-06	-8.446476e-09	-9.144422e+00	-5.007147e+02
7.500000e-07	-1.154542e-06	-8.262688e-09	-8.071433e+00	-4.901443e+02
7.600000e-07	-1.000635e-06	-8.074854e-09	-6.995465e+00	-4.791310e+02
7.700000e-07	-8.463634e-07	-7.893714e-09	-5.916950e+00	-4.676711e+02
7.800000e-07	-6.918075e-07	-7.700002e-09	-4.836445e+00	-4.557818e+02
7.900000e-07	-5.370019e-07	-7.481106e-09	-3.754195e+00	-4.434819e+02
8.000000e-07	-3.820247e-07	-7.256291e-09	-2.670745e+00	-4.307676e+02
8.100000e-07	-2.269605e-07	-7.040137e-09	-1.586687e+00	-4.175957e+02
8.200000e-07	-7.176803e-08	-6.818616e-09	-5.017323e-01	-4.038802e+02
8.300000e-07	8.349653e-08	-6.574606e-09	5.837265e-01	-3.895039e+02
8.400000e-07	2.386889e-07	-6.315478e-09	1.668681e+00	-3.743432e+02
8.500000e-07	3.937969e-07	-6.049002e-09	2.753045e+00	-3.582960e+02
8.600000e-07	5.487807e-07	-5.765102e-09	3.836541e+00	-3.413029e+02
8.700000e-07	7.035354e-07	-5.451340e-09	4.918435e+00	-3.233529e+02
8.800000e-07	8.580273e-07	-5.121073e-09	5.998493e+00	-3.044711e+02
8.900000e-07	1.012222e-06	-4.791943e-09	7.076470e+00	-2.846916e+02
9.000000e-07	1.166018e-06	-4.455378e-09	8.151662e+00	-2.640243e+02
9.100000e-07	1.319371e-06	-4.093162e-09	9.223757e+00	-2.424275e+02
9.200000e-07	1.472239e-06	-3.707066e-09	1.029246e+01	-2.197950e+02
9.300000e-07	1.624563e-06	-3.307180e-09	1.135737e+01	-1.959622e+02
9.400000e-07	1.776306e-06	-2.884033e-09	1.241821e+01	-1.707320e+02
9.500000e-07	1.927450e-06	-2.423890e-09	1.347485e+01	-1.439099e+02
9.600000e-07	2.077904e-06	-1.929084e-09	1.452668e+01	-1.153433e+02
9.700000e-07	2.227600e-06	-1.414123e-09	1.557322e+01	-8.495198e+01
9.800000e-07	2.376500e-06	-8.775673e-10	1.661417e+01	-5.274648e+01
9.900000e-07	2.524512e-06	-3.064711e-10	1.764893e+01	-1.883276e+01
1.000000e-06	2.671670e-06	2.968584e-10	1.867772e+01	1.659458e+01
1.010000e-06	2.817883e-06	9.174565e-10	1.969989e+01	5.326537e+01
1.020000e-06	2.963031e-06	1.548221e-09	2.071463e+01	9.084878e+01
1.030000e-06	3.107092e-06	2.193514e-09	2.172176e+01	1.289681e+02
1.040000e-06	3.250039e-06	2.847376e-09	2.272111e+01	1.672159e+02
1.050000e-06	3.391804e-06	3.490862e-09	2.371219e+01	2.051709e+02
1.060000e-06	3.532215e-06	4.113032e-09	2.469381e+01	2.424195e+02
1.070000e-06	3.671243e-06	4.719607e-09	2.566576e+01	2.785812e+02
1.080000e-06	3.808917e-06	5.308771e-09	2.662824e+01	3.133347e+02
1.090000e-06	3.945175e-06	5.868682e-09	2.758083e+01	3.464405e+02
1.100000e-06	4.079950e-06	6.391705e-09	2.852304e+01	3.777527e+02
1.110000e-06	4.213286e-06	6.885183e-09	2.945520e+01	4.072182e+02
1.120000e-06	4.345169e-06	7.355483e-09	3.037720e+01	4.348604e+02
1.130000e-06	4.475484e-06	7.795077e-09	3.128823e+01	4.607542e+02
1.140000e-06	4.604191e-06	8.199196e-09	3.218802e+01	4.849960e+02
1.150000e-06	4.731242e-06	8.575918e-09	3.307624e+01	5.076792e+02
1.160000e-06	4.856677e-06	8.935635e-09	3.395316e+01	5.288799e+02
1.170000e-06	4.980463e-06	9.270798e-09	3.481855e+01	5.486555e+02
1.180000e-06	5.102447e-06	9.575049e-09	3.567134e+01	5.670533e+02
1.190000e-06	5.222501e-06	9.857337e-09	3.651065e+01	5.841247e+02
1.200000e-06	5.340644e-06	1.012617e-08	3.733659e+01	5.999372e+02
1.210000e-06	5.456833e-06	1.037643e-08	3.814887e+01	6.145798e+02
1.220000e-06	5.570894e-06	1.060288e-08	3.894628e+01	6.281581e+02
1.230000e-06	5.682797e-06	1.081179e-08	3.972859e+01	6.407830e+02
1.240000e-06	5.792675e-06	1.101103e-08	4.049675e+01	6.525555e+02
1.250000e-06	5.900556e-06	1.119799e-08	4.125095e+01	6.635555e+02
1.260000e-06	6.006356e-06	1.136825e-08	4.199060e+01	6.738366e+02
1.270000e-06	6.110011e-06	1.152579e-08	4.271525e+01	6.834299e+02
1.280000e-06	6.211457e-06	1.167597e-08	4.342447e+01	6.923550e+02
1.290000e-06	6.310617e-06	1.181786e-08	4.411770e+01	7.006320e+02
1.300000e-06	6.407371e-06	1.194739e-08	4.479411e+01	7.082915e+02
1.310000e-06	6.501821e-06	1.206432e-08	4.545441e+01	7.153787e+02
1.320000e-06	6.594105e-06	1.217222e-08	4.609957e+01	7.219496e+02
1.330000e-06	6.684082e-06	1.227269e-08	4.672860e+01	7.280630e+02
1.340000e-06	6.771641e-06	1.236562e-08	4.734073e+01	7.337712e+02
1.350000e-06	6.856853e-06	1.245490e-08	4.793645e+01	7.391128e+02
1.360000e-06	6.939730e-06	1.254183e-08	4.851585e+01	7.441116e+02
1.370000e-06	7.020123e-06	1.262246e-08	4.907787e+01	7.487806e+02
1.380000e-06	7.097912e-06	1.269466e-08	4.962170e+01	7.531292e+02
1.390000e-06	7.172996e-06	1.276266e-08	5.014661e+01	7.571709e+02
1.400000e-06	7.245399e-06	1.282673e-08	5.065278e+01	7.609277e+02
1.410000e-06	7.315308e-06	1.288504e-08	5.114152e+01	7.644287e+02
1.420000e-06	7.382645e-06	1.293763e-08	5.161228e+01	7.677064e+02
1.430000e-06	7.447278e-06	1.298710e-08	5.206413e+01	7.707883e+02
1.440000e-06	7.509362e-06	1.303574e-08	5.249816e+01	7.736922e+02
1.450000e-06	7.568958e-06	1.308385e-08	5.291479e+01	7.764224e+02
1.460000e-06	7.625850e-06	1.313004e-08	5.331253e+01	7.789726e+02
1.470000e-06	7.679880e-06	1.317013e-08	5.369025e+01	7.813315e+02
1.480000e-06	7.730780e-06	1.320479e-08	5.404610e+01	7.834902e+02
1.490000e-06	7.778525e-06	1.323652e-08	5.437988e+01	7.854479e+02
1.500000e-06	7.823512e-06	1.326486e-08	5.469439e+01	7.872150e+02
1.510000e-06	7.865754e-06	1.328933e-08	5.498970e+01	7.888114e+02
1.520000e-06	7.905110e-06	1.331330e-08	5.526484e+01	7.902614e+02
1.530000e-06	7.941765e-06	1.333686e-08	5.552110e+01	7.915878e+02
1.540000e-06	7.975670e-06	1.335881e-08	5.575813e+01	7.928063e+02
1.550000e-06	8.006702e-06	1.337634e-08	5.597507e+01	7.939227e+02
1.560000e-06	8.034963e-06	1.339104e-08	5.617265e+01	7.949338e+02
1.570000e-06	8.060362e-06	1.340500e-08	5.635021e+01	7.958307e+02
1.580000e-06	8.082918e-06	1.341805e-08	5.650790e+01	7.966030e+02
1.590000e-06	8.102768e-06	1.342821e-08	5.664667e+01	7.972438e+02
1.600000e-06	8.119768e-06	1.343455e-08	5.676552e+01	7.977518e+02
1.610000e-06	8.133767e-06	1.344059e-08	5.686339e+01	7.981328e+02
1.620000e-06	8.144566e-06	1.344479e-08	5.693888e+01	7.983979e+02
1.630000e-06	8.152263e-06	1.344680e-08	5.699270e+01	7.985620e+02
1.640000e-06	8.157192e-06	1.344603e-08	5.702715e+01	7.986399e+02
1.650000e-06	8.159244e-06	1.344558e-08	5.704150e+01	7.986444e+02
1.660000e-06	8.158431e-06	1.344469e-08	5.703581e+01	7.985838e+02
1.670000e-06	8.155000e-06	1.344631e-08	5.701183e+01	7.984600e+02
1.680000e-06	8.148879e-06	1.344377e-08	5.696904e+01	7.982689e+02
1.690000e-06	8.140033e-06	1.343701e-08	5.690719e+01	7.980010e+02
1.700000e-06	8.128429e-06	1.342872e-08	5.682607e+01	7.976437e+02
1.710000e-06	8.113978e-06	1.341712e-08	5.672504e+01	7.971852e+02
1.720000e-06	8.096922e-06	1.340151e-08	5.660581e+01	7.966174e+02
1.730000e-06	8.077524e-06	1.337517e-08	5.647019e+01	7.959392e+02
1.740000e-06	8.055422e-06	1.341276e-08	5.631567e+01	7.951571e+02
1.750000e-06	8.029810e-06	1.343541e-08	5.613662e+01	7.942837e+02
1.760000e-06	8.000363e-06	1.338430e-08	5.593075e+01	7.933333e+02
1.770000e-06	7.967655e-06	1.332874e-08	5.570210e+01	7.923168e+02
1.780000e-06	7.932442e-06	1.331007e-08	5.545592e+01	7.912375e+02
1.790000e-06	7.894881e-06	1.327001e-08	5.519333e+01	7.900891e+02
1.800000e-06	7.855226e-06	1.325005e-08	5.491610e+01	7.888576e+02
1.810000e-06	7.813489e-06	1.328240e-08	5.462432e+01	7.875264e+02
1.820000e-06	7.769042e-06	1.319417e-08	5.431358e+01	7.860837e+02
1.830000e-06	7.721867e-06	1.323291e-08	5.398378e+01	7.845273e+02
1.840000e-06	7.671754e-06	1.321146e-08	5.363344e+01	7.828679e+02
1.850000e-06	7.618402e-06	1.312320e-08	5.326046e+01	7.811255e+02
1.860000e-06	7.562169e-06	1.312672e-08	5.286733e+01	7.793227e+02
1.870000e-06	7.503212e-06	1.304054e-08	5.245516e+01	7.774757e+02
1.880000e-06	7.441796e-06	1.307454e-08	5.202580e+01	7.755870e+02
1.890000e-06	7.377739e-06	1.302269e-08	5.157798e+01	7.736424e+02
1.900000e-06	7.310872e-06	1.298012e-08	5.111051e+01	7.716151e+02
1.910000e-06	7.241201e-06	1.298659e-08	5.062343e+01	7.694736e+02
1.920000e-06	7.168638e-06	1.289669e-08	5.011614e+01	7.671936e+02
1.930000e-06	7.093378e-06	1.287400e-08	4.959000e+01	7.647662e+02
1.940000e-06	7.015338e-06	1.279784e-08	4.904442e+01	7.622018e+02
1.950000e-06	6.934723e-06	1.278679e-08	4.848084e+01	7.595260e+02
1.960000e-06	6.851664e-06	1.275187e-08	4.790017e+01	7.567691e+02
1.970000e-06	6.766113e-06	1.268872e-08	4.730208e+01	7.539543e+02
1.980000e-06	6.678140e-06	1.266459e-08	4.668706e+01	7.510875e+02
1.990000e-06	6.587736e-06	1.257904e-08	4.605504e+01	7.481541e+02
2.000000e-06	6.495079e-06	1.254843e-08	4.540728e+01	7.451242e+02
2.010000e-06	6.400089e-06	1.247224e-08	4.474320e+01	7.419633e+02
2.020000e-06	6.302826e-06	1.242814e-08	4.406323e+01	7.386464e+02
2.030000e-06	6.203362e-06	1.237200e-08	4.336788e+01	7.351673e+02
2.040000e-06	6.101601e-06	1.231553e-08	4.265646e+01	7.315415e+02
2.050000e-06	5.997617e-06	1.225707e-08	4.192951e+01	7.277997e+02
2.060000e-06	5.891537e-06	1.217095e-08	4.118789e+01	7.239748e+02
2.070000e-06	5.783445e-06	1.211901e-08	4.043222e+01	7.200874e+02
2.080000e-06	5.673203e-06	1.204545e-08	3.966152e+01	7.161356e+02
2.090000e-06	5.560815e-06	1.198729e-08	3.887581e+01	7.120942e+02
2.100000e-06	5.446297e-06	1.190355e-08	3.807521e+01	7.079222e+02
2.110000e-06	5.329730e-06	1.183608e-08	3.726029e+01	7.035781e+02
2.120000e-06	5.211102e-06	1.175705e-08	3.643096e+01	6.990355e+02
2.130000e-06	5.090478e-06	1.167486e-08	3.558767e+01	6.942927e+02
2.140000e-06	4.968059e-06	1.158638e-08	3.473183e+01	6.893737e+02
2.150000e-06	4.843834e-06	1.150829e-08	3.386337e+01	6.843178e+02
2.160000e-06	4.717894e-06	1.143474e-08	3.298292e+01	6.791630e+02
2.170000e-06	4.590226e-06	1.134497e-08	3.209040e+01	6.739302e+02
2.180000e-06	4.460892e-06	1.124866e-08	3.118622e+01	6.686126e+02
2.190000e-06	4.329976e-06	1.115128e-08	3.027098e+01	6.631766e+02
2.200000e-06	4.197516e-06	1.106413e-08	2.934495e+01	6.575736e+02
2.210000e-06	4.063635e-06	1.096097e-08	2.840898e+01	6.517571e+02
2.220000e-06	3.928327e-06	1.085653e-08	2.746304e+01	6.457000e+02
2.230000e-06	3.791471e-06	1.074928e-08	2.650627e+01	6.394040e+02
2.240000e-06	3.653141e-06	1.065204e-08	2.553921e+01	6.328967e+02
2.250000e-06	3.513457e-06	1.053944e-08	2.456267e+01	6.262194e+02
2.260000e-06	3.372502e-06	1.041733e-08	2.357725e+01	6.194075e+02
2.270000e-06	3.230312e-06	1.029441e-08	2.258320e+01	6.124740e+02
2.280000e-06	3.086868e-06	1.017950e-08	2.158038e+01	6.054011e+02
2.290000e-06	2.942250e-06	1.006136e-08	2.056935e+01	5.981439e+02
2.300000e-06	2.796583e-06	9.931894e-09	1.955099e+01	5.906455e+02
2.310000e-06	2.649967e-06	9.801462e-09	1.852599e+01	5.828564e+02
2.320000e-06	2.502442e-06	9.670038e-09	1.749464e+01	5.747516e+02
2.330000e-06	2.354069e-06	9.531487e-09	1.645736e+01	5.663376e+02
2.340000e-06	2.204865e-06	9.377032e-09	1.541427e+01	5.576465e+02
2.350000e-06	2.054887e-06	9.220246e-09	1.436577e+01	5.487195e+02
2.360000e-06	1.904255e-06	9.069014e-09	1.331270e+01	5.395865e+02
2.370000e-06	1.753008e-06	8.916647e-09	1.225533e+01	5.302491e+02
2.380000e-06	1.601095e-06	8.753826e-09	1.119330e+01	5.206754e+02
2.390000e-06	1.448538e-06	8.586337e-09	1.012677e+01	5.108067e+02
2.400000e-06	1.295423e-06	8.415451e-09	9.056335e+00	5.005760e+02
2.410000e-06	1.141819e-06	8.238065e-09	7.982490e+00	4.899280e+02
2.420000e-06	9.878118e-07	8.045147e-09	6.905820e+00	4.788342e+02
2.430000e-06	8.335032e-07	7.846472e-09	5.827044e+00	4.672959e+02
2.440000e-06	6.789458e-07	7.648455e-09	4.746529e+00	4.553322e+02
2.450000e-06	5.241586e-07	7.446739e-09	3.664407e+00	4.429593e+02
2.460000e-06	3.691585e-07	7.230879e-09	2.580797e+00	4.301676e+02
2.470000e-06	2.139807e-07	7.001832e-09	1.495945e+00	4.169061e+02
2.480000e-06	5.869813e-08	6.768974e-09	4.103602e-01	4.030816e+02
2.490000e-06	-9.658430e-08	6.527957e-09	-6.752235e-01	3.885738e+02
2.500000e-06	-2.517995e-07	6.270475e-09	-1.760337e+00	3.732612e+02
2.510000e-06	-4.068877e-07	5.994615e-09	-2.844563e+00	3.570479e+02
2.520000e-06	-5.617653e-07	5.708701e-09	-3.927317e+00	3.398833e+02
2.530000e-06	-7.163773e-07	5.409357e-09	-5.008213e+00	3.217643e+02
2.540000e-06	-8.707043e-07	5.087487e-09	-6.087118e+00	3.027198e+02
2.550000e-06	-1.024708e-06	4.746376e-09	-7.163764e+00	2.827820e+02
2.560000e-06	-1.178325e-06	4.396456e-09	-8.237704e+00	2.619535e+02
2.570000e-06	-1.331505e-06	4.036502e-09	-9.308588e+00	2.401813e+02
2.580000e-06	-1.484237e-06	3.655296e-09	-1.037634e+01	2.173477e+02
2.590000e-06	-1.636416e-06	3.246725e-09	-1.144023e+01	1.932802e+02
2.600000e-06	-1.787910e-06	2.815438e-09	-1.249933e+01	1.677790e+02
2.610000e-06	-1.938753e-06	2.362461e-09	-1.355388e+01	1.406548e+02
2.620000e-06	-2.088918e-06	1.881172e-09	-1.460368e+01	1.117657e+02
2.630000e-06	-2.238348e-06	1.366444e-09	-1.564835e+01	8.104669e+01
2.640000e-06	-2.386939e-06	8.211905e-10	-1.668715e+01	4.852555e+01
2.650000e-06	-2.534701e-06	2.515102e-10	-1.772017e+01	1.432477e+01
2.660000e-06	-2.681669e-06	-3.423754e-10	-1.874762e+01	-2.134651e+01
2.670000e-06	-2.827661e-06	-9.622909e-10	-1.976826e+01	-5.820617e+01
2.680000e-06	-2.972628e-06	-1.599048e-09	-2.078173e+01	-9.591413e+01
2.690000e-06	-3.116493e-06	-2.241152e-09	-2.178749e+01	-1.340871e+02
2.700000e-06	-3.259171e-06	-2.881533e-09	-2.278495e+01	-1.723137e+02
2.710000e-06	-3.400586e-06	-3.515872e-09	-2.377359e+01	-2.101724e+02
2.720000e-06	-3.540699e-06	-4.138742e-09	-2.475312e+01	-2.472536e+02
2.730000e-06	-3.679505e-06	-4.741949e-09	-2.572352e+01	-2.831854e+02
2.740000e-06	-3.816933e-06	-5.320807e-09	-2.668428e+01	-3.176597e+02
2.750000e-06	-3.952927e-06	-5.873593e-09	-2.763502e+01	-3.504533e+02
2.760000e-06	-4.087440e-06	-6.397642e-09	-2.857540e+01	-3.814373e+02
2.770000e-06	-4.220499e-06	-6.889107e-09	-2.950562e+01	-4.105737e+02
2.780000e-06	-4.352073e-06	-7.347810e-09	-3.042546e+01	-4.378974e+02
2.790000e-06	-4.482102e-06	-7.777548e-09	-3.133450e+01	-4.634891e+02
2.800000e-06	-4.610610e-06	-8.181663e-09	-3.223290e+01	-4.874462e+02
2.810000e-06	-4.737507e-06	-8.560726e-09	-3.312004e+01	-5.098598e+02
2.820000e-06	-4.862710e-06	-8.915528e-09	-3.399534e+01	-5.308024e+02
2.830000e-06	-4.986229e-06	-9.248007e-09	-3.485887e+01	-5.503287e+02
2.840000e-06	-5.107954e-06	-9.557947e-09	-3.570985e+01	-5.684857e+02
2.850000e-06	-5.227697e-06	-9.842274e-09	-3.654697e+01	-5.853268e+02
2.860000e-06	-5.345428e-06	-1.010215e-08	-3.737003e+01	-6.009234e+02
2.870000e-06	-5.461071e-06	-1.034205e-08	-3.817849e+01	-6.153680e+02
2.880000e-06	-5.574442e-06	-1.056668e-08	-3.897108e+01	-6.287682e+02
2.890000e-06	-5.685625e-06	-1.077841e-08	-3.974836e+01	-6.412341e+02
2.900000e-06	-5.794786e-06	-1.097751e-08	-4.051151e+01	-6.528637e+02
2.910000e-06	-5.901975e-06	-1.116355e-08	-4.126087e+01	-6.637322e+02
2.920000e-06	-6.007128e-06	-1.133566e-08	-4.199600e+01	-6.738888e+02
2.930000e-06	-6.110098e-06	-1.149450e-08	-4.271586e+01	-6.833617e+02
2.940000e-06	-6.210814e-06	-1.164159e-08	-4.341997e+01	-6.921695e+02
2.950000e-06	-6.309321e-06	-1.177872e-08	-4.410863e+01	-7.003337e+02
2.960000e-06	-6.405674e-06	-1.190925e-08	-4.478224e+01	-7.078874e+02
2.970000e-06	-6.499770e-06	-1.203029e-08	-4.544007e+01	-7.148782e+02
2.980000e-06	-6.591522e-06	-1.213931e-08	-4.608151e+01	-7.213633e+02
2.990000e-06	-6.681057e-06	-1.223960e-08	-4.670745e+01	-7.274010e+02
3.000000e-06	-6.768304e-06	-1.233553e-08	-4.731740e+01	-7.330415e+02
3.010000e-06	-6.853071e-06	-1.242676e-08	-4.791001e+01	-7.383207e+02
3.020000e-06	-6.935380e-06	-1.251002e-08	-4.848543e+01	-7.432599e+02
3.030000e-06	-7.015261e-06	-1.258685e-08	-4.904388e+01	-7.478711e+02
3.040000e-06	-7.092472e-06	-1.265912e-08	-4.958366e+01	-7.521638e+02
3.050000e-06	-7.166918e-06	-1.272614e-08	-5.010412e+01	-7.561530e+02
3.060000e-06	-7.238792e-06	-1.278800e-08	-5.060659e+01	-7.598619e+02
3.070000e-06	-7.308039e-06	-1.284516e-08	-5.109070e+01	-7.633208e+02
3.080000e-06	-7.374677e-06	-1.289857e-08	-5.155657e+01	-7.665618e+02
3.090000e-06	-7.438764e-06	-1.295085e-08	-5.200460e+01	-7.696112e+02
3.100000e-06	-7.500154e-06	-1.300089e-08	-5.243378e+01	-7.724842e+02
3.110000e-06	-7.558847e-06	-1.304874e-08	-5.284411e+01	-7.751831e+02
3.120000e-06	-7.614874e-06	-1.309188e-08	-5.323579e+01	-7.777002e+02
3.130000e-06	-7.668057e-06	-1.313071e-08	-5.360760e+01	-7.800240e+02
3.140000e-06	-7.718183e-06	-1.316594e-08	-5.395803e+01	-7.821466e+02
3.150000e-06	-7.765204e-06	-1.319696e-08	-5.428675e+01	-7.840693e+02
3.160000e-06	-7.809505e-06	-1.322368e-08	-5.459646e+01	-7.858044e+02
3.170000e-06	-7.851378e-06	-1.324963e-08	-5.488920e+01	-7.873729e+02
3.180000e-06	-7.890545e-06	-1.327654e-08	-5.516302e+01	-7.887995e+02
3.190000e-06	-7.926879e-06	-1.330205e-08	-5.541703e+01	-7.901059e+02
3.200000e-06	-7.960477e-06	-1.332341e-08	-5.565191e+01	-7.913061e+02
3.210000e-06	-7.991179e-06	-1.334195e-08	-5.586655e+01	-7.924043e+02
3.220000e-06	-8.018924e-06	-1.335954e-08	-5.606052e+01	-7.933959e+02
3.230000e-06	-8.043860e-06	-1.337337e-08	-5.623485e+01	-7.942714e+02
3.240000e-06	-8.065895e-06	-1.338457e-08	-5.638889e+01	-7.950208e+02
3.250000e-06	-8.085098e-06	-1.339609e-08	-5.652314e+01	-7.956378e+02
3.260000e-06	-8.101598e-06	-1.340710e-08	-5.663849e+01	-7.961227e+02
3.270000e-06	-8.115002e-06	-1.341479e-08	-5.673220e+01	-7.964822e+02
3.280000e-06	-8.125259e-06	-1.341965e-08	-5.680391e+01	-7.967283e+02
3.290000e-06	-8.132609e-06	-1.342213e-08	-5.685529e+01	-7.968760e+02
3.300000e-06	-8.137064e-06	-1.342404e-08	-5.688644e+01	-7.969401e+02
3.310000e-06	-8.138768e-06	-1.342724e-08	-5.689835e+01	-7.969327e+02
