# Temperatura_=_29.04
# Concentracion g/m^3_=_11780.0
# C_Vs_to_Am_M_A/Vsm_=_59384043850.047264
# pendiente_HvsI_1/m_=_3716.3
# ordenada_HvsI_A/m_=_1297.0
# frecuencia_Hz_=_301534.0320651646

Tiempo_(s)	Campo_(V.s)	Magnetizacion_(V.s)	Campo_(kA/m)	Magnetizacion_(A/m)
0.000000e+00	-8.042885e-06	-1.341571e-08	-5.689770e+01	-7.965365e+02
1.000000e-08	-8.039979e-06	-1.341280e-08	-5.687714e+01	-7.964734e+02
2.000000e-08	-8.034422e-06	-1.340869e-08	-5.683782e+01	-7.963510e+02
3.000000e-08	-8.026279e-06	-1.340692e-08	-5.678022e+01	-7.961478e+02
4.000000e-08	-8.015329e-06	-1.340442e-08	-5.670276e+01	-7.958401e+02
5.000000e-08	-8.001457e-06	-1.339906e-08	-5.660462e+01	-7.954086e+02
6.000000e-08	-7.984689e-06	-1.339240e-08	-5.648600e+01	-7.948449e+02
7.000000e-08	-7.965404e-06	-1.339063e-08	-5.634957e+01	-7.941531e+02
8.000000e-08	-7.943753e-06	-1.339457e-08	-5.619640e+01	-7.933482e+02
9.000000e-08	-7.919062e-06	-1.332931e-08	-5.602174e+01	-7.924507e+02
1.000000e-07	-7.891020e-06	-1.327494e-08	-5.582336e+01	-7.914804e+02
1.100000e-07	-7.860061e-06	-1.329535e-08	-5.560435e+01	-7.904502e+02
1.200000e-07	-7.826356e-06	-1.331869e-08	-5.536590e+01	-7.893626e+02
1.300000e-07	-7.789992e-06	-1.330292e-08	-5.510865e+01	-7.882092e+02
1.400000e-07	-7.751399e-06	-1.326415e-08	-5.483564e+01	-7.869742e+02
1.500000e-07	-7.710599e-06	-1.326851e-08	-5.454701e+01	-7.856399e+02
1.600000e-07	-7.667088e-06	-1.320837e-08	-5.423920e+01	-7.841931e+02
1.700000e-07	-7.620800e-06	-1.320599e-08	-5.391174e+01	-7.826298e+02
1.800000e-07	-7.571781e-06	-1.315377e-08	-5.356497e+01	-7.809577e+02
1.900000e-07	-7.519637e-06	-1.308000e-08	-5.319609e+01	-7.791933e+02
2.000000e-07	-7.464586e-06	-1.312667e-08	-5.280664e+01	-7.773571e+02
2.100000e-07	-7.406869e-06	-1.308010e-08	-5.239833e+01	-7.754662e+02
2.200000e-07	-7.346480e-06	-1.305480e-08	-5.197112e+01	-7.735278e+02
2.300000e-07	-7.283527e-06	-1.301230e-08	-5.152578e+01	-7.715364e+02
2.400000e-07	-7.217792e-06	-1.297001e-08	-5.106075e+01	-7.694738e+02
2.500000e-07	-7.149354e-06	-1.295390e-08	-5.057660e+01	-7.673153e+02
2.600000e-07	-7.078386e-06	-1.287664e-08	-5.007455e+01	-7.650374e+02
2.700000e-07	-7.004713e-06	-1.283522e-08	-4.955336e+01	-7.626257e+02
2.800000e-07	-6.928234e-06	-1.280796e-08	-4.901233e+01	-7.600797e+02
2.900000e-07	-6.848922e-06	-1.278514e-08	-4.845125e+01	-7.574128e+02
3.000000e-07	-6.767003e-06	-1.272633e-08	-4.787173e+01	-7.546470e+02
3.100000e-07	-6.682890e-06	-1.266186e-08	-4.727670e+01	-7.518039e+02
3.200000e-07	-6.596627e-06	-1.263858e-08	-4.666645e+01	-7.488962e+02
3.300000e-07	-6.508093e-06	-1.257177e-08	-4.604013e+01	-7.459218e+02
3.400000e-07	-6.417210e-06	-1.251657e-08	-4.539720e+01	-7.428638e+02
3.500000e-07	-6.324015e-06	-1.245477e-08	-4.473791e+01	-7.396967e+02
3.600000e-07	-6.228538e-06	-1.240201e-08	-4.406248e+01	-7.363954e+02
3.700000e-07	-6.130691e-06	-1.235805e-08	-4.337028e+01	-7.329458e+02
3.800000e-07	-6.030635e-06	-1.229219e-08	-4.266246e+01	-7.293498e+02
3.900000e-07	-5.928544e-06	-1.222958e-08	-4.194024e+01	-7.256251e+02
4.000000e-07	-5.824322e-06	-1.216091e-08	-4.120294e+01	-7.217979e+02
4.100000e-07	-5.717870e-06	-1.211092e-08	-4.044987e+01	-7.178915e+02
4.200000e-07	-5.609349e-06	-1.203341e-08	-3.968216e+01	-7.139153e+02
4.300000e-07	-5.498945e-06	-1.195679e-08	-3.890113e+01	-7.098592e+02
4.400000e-07	-5.386543e-06	-1.188745e-08	-3.810596e+01	-7.056943e+02
4.500000e-07	-5.271917e-06	-1.182337e-08	-3.729507e+01	-7.013831e+02
4.600000e-07	-5.155109e-06	-1.175118e-08	-3.646873e+01	-6.968918e+02
4.700000e-07	-5.036438e-06	-1.166547e-08	-3.562922e+01	-6.922037e+02
4.800000e-07	-4.916035e-06	-1.158677e-08	-3.477746e+01	-6.873255e+02
4.900000e-07	-4.793764e-06	-1.150254e-08	-3.391247e+01	-6.822848e+02
5.000000e-07	-4.669646e-06	-1.141484e-08	-3.303443e+01	-6.771195e+02
5.100000e-07	-4.543957e-06	-1.131526e-08	-3.214527e+01	-6.718623e+02
5.200000e-07	-4.416758e-06	-1.122694e-08	-3.124543e+01	-6.665262e+02
5.300000e-07	-4.287972e-06	-1.114163e-08	-3.033435e+01	-6.610976e+02
5.400000e-07	-4.157549e-06	-1.104957e-08	-2.941170e+01	-6.555386e+02
5.500000e-07	-4.025515e-06	-1.094685e-08	-2.847765e+01	-6.497995e+02
5.600000e-07	-3.892074e-06	-1.084462e-08	-2.753366e+01	-6.438362e+02
5.700000e-07	-3.757289e-06	-1.074646e-08	-2.658015e+01	-6.376247e+02
5.800000e-07	-3.621121e-06	-1.063760e-08	-2.561686e+01	-6.311697e+02
5.900000e-07	-3.483621e-06	-1.052258e-08	-2.464415e+01	-6.245006e+02
6.000000e-07	-3.344806e-06	-1.040881e-08	-2.366212e+01	-6.176584e+02
6.100000e-07	-3.204586e-06	-1.030189e-08	-2.267017e+01	-6.106773e+02
6.200000e-07	-3.062955e-06	-1.018425e-08	-2.166823e+01	-6.035687e+02
6.300000e-07	-2.920134e-06	-1.005440e-08	-2.065788e+01	-5.963142e+02
6.400000e-07	-2.776238e-06	-9.923736e-09	-1.963991e+01	-5.888697e+02
6.500000e-07	-2.631209e-06	-9.796587e-09	-1.861393e+01	-5.811801e+02
6.600000e-07	-2.485202e-06	-9.664589e-09	-1.758103e+01	-5.731985e+02
6.700000e-07	-2.338434e-06	-9.521438e-09	-1.654276e+01	-5.649020e+02
6.800000e-07	-2.190904e-06	-9.378671e-09	-1.549909e+01	-5.562983e+02
6.900000e-07	-2.042598e-06	-9.236106e-09	-1.444993e+01	-5.474191e+02
7.000000e-07	-1.893657e-06	-9.085118e-09	-1.339628e+01	-5.383045e+02
7.100000e-07	-1.744208e-06	-8.921962e-09	-1.233903e+01	-5.289823e+02
7.200000e-07	-1.594218e-06	-8.753822e-09	-1.127796e+01	-5.194525e+02
7.300000e-07	-1.443675e-06	-8.588326e-09	-1.021298e+01	-5.096822e+02
7.400000e-07	-1.292585e-06	-8.423051e-09	-9.144117e+00	-4.996135e+02
7.500000e-07	-1.140963e-06	-8.250110e-09	-8.071505e+00	-4.891811e+02
7.600000e-07	-9.888794e-07	-8.069585e-09	-6.995619e+00	-4.783329e+02
7.700000e-07	-8.363821e-07	-7.884057e-09	-5.916809e+00	-4.670442e+02
7.800000e-07	-6.836190e-07	-7.687373e-09	-4.836118e+00	-4.553194e+02
7.900000e-07	-5.306742e-07	-7.477411e-09	-3.754143e+00	-4.431804e+02
8.000000e-07	-3.775646e-07	-7.261161e-09	-2.671001e+00	-4.306441e+02
8.100000e-07	-2.243023e-07	-7.043270e-09	-1.586779e+00	-4.176999e+02
8.200000e-07	-7.094544e-08	-6.820430e-09	-5.018886e-01	-4.042945e+02
8.300000e-07	8.240646e-08	-6.588828e-09	5.829671e-01	-3.903326e+02
8.400000e-07	2.357654e-07	-6.345666e-09	1.667873e+00	-3.756928e+02
8.500000e-07	3.890834e-07	-6.086463e-09	2.752488e+00	-3.602561e+02
8.600000e-07	5.422314e-07	-5.808270e-09	3.835902e+00	-3.439339e+02
8.700000e-07	6.951835e-07	-5.510049e-09	4.917929e+00	-3.266876e+02
8.800000e-07	8.479036e-07	-5.196550e-09	5.998315e+00	-3.085296e+02
8.900000e-07	1.000304e-06	-4.875139e-09	7.076440e+00	-2.895056e+02
9.000000e-07	1.152319e-06	-4.544465e-09	8.151837e+00	-2.696630e+02
9.100000e-07	1.303831e-06	-4.199079e-09	9.223679e+00	-2.490151e+02
9.200000e-07	1.454776e-06	-3.838322e-09	1.029151e+01	-2.275152e+02
9.300000e-07	1.605172e-06	-3.462189e-09	1.135545e+01	-2.050485e+02
9.400000e-07	1.755085e-06	-3.062709e-09	1.241598e+01	-1.814456e+02
9.500000e-07	1.904539e-06	-2.635248e-09	1.347326e+01	-1.565145e+02
9.600000e-07	2.053312e-06	-2.181598e-09	1.452573e+01	-1.300810e+02
9.700000e-07	2.201312e-06	-1.706413e-09	1.557272e+01	-1.020264e+02
9.800000e-07	2.348532e-06	-1.207593e-09	1.661420e+01	-7.231358e+01
9.900000e-07	2.494953e-06	-6.787239e-10	1.765002e+01	-4.099542e+01
1.000000e-06	2.640522e-06	-1.243255e-10	1.867982e+01	-8.207485e+00
1.010000e-06	2.785028e-06	4.503442e-10	1.970209e+01	2.584878e+01
1.020000e-06	2.928425e-06	1.040873e-09	2.071652e+01	6.092494e+01
1.030000e-06	3.070811e-06	1.648581e-09	2.172380e+01	9.674024e+01
1.040000e-06	3.212063e-06	2.263590e-09	2.272307e+01	1.329896e+02
1.050000e-06	3.352013e-06	2.878111e-09	2.371311e+01	1.693471e+02
1.060000e-06	3.490646e-06	3.486157e-09	2.469384e+01	2.054704e+02
1.070000e-06	3.627969e-06	4.085456e-09	2.566530e+01	2.410107e+02
1.080000e-06	3.763949e-06	4.670095e-09	2.662727e+01	2.756319e+02
1.090000e-06	3.898577e-06	5.232517e-09	2.757966e+01	3.090358e+02
1.100000e-06	4.031854e-06	5.770019e-09	2.852250e+01	3.409886e+02
1.110000e-06	4.163618e-06	6.280344e-09	2.945464e+01	3.713403e+02
1.120000e-06	4.293819e-06	6.764392e-09	3.037572e+01	4.000304e+02
1.130000e-06	4.422534e-06	7.217741e-09	3.128628e+01	4.270760e+02
1.140000e-06	4.549725e-06	7.643280e-09	3.218607e+01	4.525472e+02
1.150000e-06	4.675392e-06	8.046709e-09	3.307508e+01	4.765347e+02
1.160000e-06	4.799434e-06	8.428775e-09	3.395259e+01	4.991210e+02
1.170000e-06	4.921696e-06	8.785054e-09	3.481750e+01	5.203624e+02
1.180000e-06	5.042177e-06	9.117804e-09	3.566982e+01	5.402877e+02
1.190000e-06	5.160871e-06	9.427940e-09	3.650949e+01	5.589102e+02
1.200000e-06	5.277632e-06	9.720298e-09	3.733550e+01	5.762480e+02
1.210000e-06	5.392288e-06	9.991174e-09	3.814661e+01	5.923430e+02
1.220000e-06	5.504878e-06	1.024141e-08	3.894310e+01	6.072713e+02
1.230000e-06	5.615520e-06	1.047490e-08	3.972581e+01	6.211399e+02
1.240000e-06	5.724269e-06	1.069380e-08	4.049514e+01	6.340713e+02
1.250000e-06	5.830987e-06	1.089883e-08	4.125009e+01	6.461824e+02
1.260000e-06	5.935497e-06	1.108785e-08	4.198942e+01	6.575640e+02
1.270000e-06	6.037872e-06	1.126472e-08	4.271366e+01	6.682707e+02
1.280000e-06	6.138108e-06	1.143314e-08	4.342275e+01	6.783221e+02
1.290000e-06	6.236039e-06	1.159311e-08	4.411554e+01	6.877157e+02
1.300000e-06	6.331647e-06	1.173968e-08	4.479190e+01	6.964463e+02
1.310000e-06	6.425082e-06	1.187354e-08	4.545289e+01	7.045232e+02
1.320000e-06	6.516357e-06	1.199676e-08	4.609859e+01	7.119807e+02
1.330000e-06	6.605314e-06	1.211135e-08	4.672790e+01	7.188767e+02
1.340000e-06	6.691914e-06	1.221737e-08	4.734054e+01	7.252828e+02
1.350000e-06	6.776261e-06	1.231763e-08	4.793723e+01	7.312686e+02
1.360000e-06	6.858244e-06	1.241340e-08	4.851720e+01	7.368880e+02
1.370000e-06	6.937723e-06	1.250243e-08	4.907946e+01	7.421715e+02
1.380000e-06	7.014694e-06	1.258472e-08	4.962397e+01	7.471281e+02
1.390000e-06	7.088994e-06	1.266228e-08	5.014960e+01	7.517547e+02
1.400000e-06	7.160620e-06	1.273513e-08	5.065630e+01	7.560484e+02
1.410000e-06	7.229702e-06	1.280176e-08	5.114500e+01	7.600176e+02
1.420000e-06	7.296169e-06	1.286066e-08	5.161521e+01	7.636861e+02
1.430000e-06	7.360012e-06	1.291406e-08	5.206685e+01	7.670903e+02
1.440000e-06	7.421379e-06	1.296822e-08	5.250098e+01	7.702699e+02
1.450000e-06	7.480233e-06	1.302348e-08	5.291733e+01	7.732568e+02
1.460000e-06	7.536399e-06	1.307542e-08	5.331466e+01	7.760672e+02
1.470000e-06	7.589711e-06	1.312132e-08	5.369181e+01	7.786994e+02
1.480000e-06	7.639906e-06	1.316140e-08	5.404691e+01	7.811386e+02
1.490000e-06	7.687058e-06	1.319728e-08	5.438047e+01	7.833672e+02
1.500000e-06	7.731483e-06	1.322876e-08	5.469474e+01	7.853750e+02
1.510000e-06	7.773129e-06	1.325708e-08	5.498936e+01	7.871674e+02
1.520000e-06	7.811969e-06	1.328575e-08	5.526413e+01	7.887663e+02
1.530000e-06	7.848196e-06	1.331474e-08	5.552041e+01	7.902051e+02
1.540000e-06	7.881679e-06	1.334080e-08	5.575728e+01	7.915189e+02
1.550000e-06	7.912354e-06	1.336090e-08	5.597428e+01	7.927340e+02
1.560000e-06	7.940343e-06	1.337809e-08	5.617228e+01	7.938607e+02
1.570000e-06	7.965480e-06	1.339424e-08	5.635011e+01	7.948919e+02
1.580000e-06	7.987775e-06	1.340750e-08	5.650783e+01	7.958073e+02
1.590000e-06	8.007406e-06	1.341759e-08	5.664670e+01	7.965832e+02
1.600000e-06	8.024223e-06	1.342645e-08	5.676567e+01	7.972018e+02
1.610000e-06	8.038051e-06	1.343587e-08	5.686350e+01	7.976593e+02
1.620000e-06	8.048720e-06	1.344274e-08	5.693898e+01	7.979680e+02
1.630000e-06	8.056315e-06	1.344540e-08	5.699270e+01	7.981531e+02
1.640000e-06	8.061161e-06	1.344509e-08	5.702699e+01	7.982454e+02
1.650000e-06	8.063213e-06	1.344593e-08	5.704150e+01	7.982720e+02
1.660000e-06	8.062455e-06	1.344402e-08	5.703614e+01	7.982487e+02
1.670000e-06	8.059138e-06	1.344414e-08	5.701267e+01	7.981761e+02
1.680000e-06	8.053149e-06	1.344121e-08	5.697031e+01	7.980410e+02
1.690000e-06	8.044392e-06	1.343632e-08	5.690836e+01	7.978208e+02
1.700000e-06	8.032974e-06	1.343229e-08	5.682758e+01	7.974921e+02
1.710000e-06	8.018744e-06	1.342234e-08	5.672691e+01	7.970372e+02
1.720000e-06	8.001856e-06	1.340271e-08	5.660745e+01	7.964499e+02
1.730000e-06	7.982640e-06	1.335996e-08	5.647150e+01	7.957365e+02
1.740000e-06	7.960758e-06	1.339447e-08	5.631671e+01	7.949134e+02
1.750000e-06	7.935415e-06	1.343289e-08	5.613742e+01	7.940016e+02
1.760000e-06	7.906271e-06	1.338341e-08	5.593125e+01	7.930199e+02
1.770000e-06	7.873937e-06	1.332114e-08	5.570251e+01	7.919795e+02
1.780000e-06	7.839176e-06	1.329402e-08	5.545660e+01	7.908810e+02
1.790000e-06	7.802042e-06	1.326056e-08	5.519390e+01	7.897143e+02
1.800000e-06	7.762736e-06	1.324646e-08	5.491584e+01	7.884628e+02
1.810000e-06	7.721372e-06	1.327772e-08	5.462322e+01	7.871090e+02
1.820000e-06	7.677426e-06	1.317406e-08	5.431233e+01	7.856413e+02
1.830000e-06	7.630860e-06	1.321691e-08	5.398291e+01	7.840577e+02
1.840000e-06	7.581419e-06	1.321830e-08	5.363315e+01	7.823677e+02
1.850000e-06	7.528796e-06	1.312244e-08	5.326088e+01	7.805889e+02
1.860000e-06	7.473300e-06	1.312863e-08	5.286828e+01	7.787418e+02
1.870000e-06	7.415086e-06	1.301055e-08	5.245646e+01	7.768422e+02
1.880000e-06	7.354445e-06	1.304784e-08	5.202747e+01	7.748951e+02
1.890000e-06	7.291136e-06	1.301834e-08	5.157961e+01	7.728925e+02
1.900000e-06	7.224981e-06	1.295535e-08	5.111161e+01	7.708146e+02
1.910000e-06	7.156124e-06	1.297425e-08	5.062449e+01	7.686363e+02
1.920000e-06	7.084444e-06	1.288498e-08	5.011741e+01	7.663352e+02
1.930000e-06	7.010164e-06	1.288264e-08	4.959193e+01	7.638991e+02
1.940000e-06	6.933110e-06	1.278874e-08	4.904683e+01	7.613301e+02
1.950000e-06	6.853355e-06	1.274822e-08	4.848261e+01	7.586438e+02
1.960000e-06	6.771243e-06	1.272342e-08	4.790173e+01	7.558627e+02
1.970000e-06	6.686747e-06	1.266372e-08	4.730398e+01	7.530075e+02
1.980000e-06	6.599822e-06	1.266221e-08	4.668905e+01	7.500884e+02
1.990000e-06	6.510431e-06	1.255632e-08	4.605667e+01	7.471006e+02
2.000000e-06	6.418850e-06	1.253448e-08	4.540880e+01	7.440251e+02
2.010000e-06	6.325038e-06	1.246527e-08	4.474515e+01	7.408356e+02
2.020000e-06	6.228925e-06	1.241570e-08	4.406522e+01	7.375084e+02
2.030000e-06	6.130633e-06	1.235215e-08	4.336987e+01	7.340319e+02
2.040000e-06	6.030180e-06	1.228440e-08	4.265924e+01	7.304112e+02
2.050000e-06	5.927473e-06	1.224725e-08	4.193266e+01	7.266662e+02
2.060000e-06	5.822517e-06	1.215901e-08	4.119017e+01	7.228233e+02
2.070000e-06	5.715575e-06	1.210533e-08	4.043363e+01	7.189043e+02
2.080000e-06	5.606702e-06	1.201932e-08	3.966343e+01	7.149151e+02
2.090000e-06	5.495824e-06	1.197274e-08	3.887905e+01	7.108420e+02
2.100000e-06	5.382859e-06	1.189004e-08	3.807990e+01	7.066538e+02
2.110000e-06	5.267852e-06	1.181625e-08	3.726631e+01	7.023125e+02
2.120000e-06	5.150778e-06	1.173414e-08	3.643809e+01	6.977866e+02
2.130000e-06	5.031593e-06	1.165997e-08	3.559495e+01	6.930634e+02
2.140000e-06	4.910530e-06	1.158142e-08	3.473851e+01	6.881536e+02
2.150000e-06	4.787758e-06	1.149226e-08	3.386998e+01	6.830877e+02
2.160000e-06	4.663331e-06	1.141646e-08	3.298975e+01	6.779040e+02
2.170000e-06	4.537228e-06	1.132574e-08	3.209767e+01	6.726324e+02
2.180000e-06	4.409378e-06	1.123905e-08	3.119321e+01	6.672816e+02
2.190000e-06	4.279948e-06	1.113215e-08	3.027759e+01	6.618329e+02
2.200000e-06	4.149095e-06	1.104287e-08	2.935190e+01	6.562454e+02
2.210000e-06	4.016791e-06	1.094520e-08	2.841594e+01	6.504691e+02
2.220000e-06	3.883070e-06	1.085143e-08	2.746996e+01	6.444623e+02
2.230000e-06	3.747889e-06	1.074104e-08	2.651365e+01	6.382062e+02
2.240000e-06	3.611264e-06	1.063274e-08	2.554713e+01	6.317102e+02
2.250000e-06	3.473376e-06	1.051965e-08	2.457166e+01	6.250071e+02
2.260000e-06	3.334253e-06	1.040101e-08	2.358747e+01	6.181380e+02
2.270000e-06	3.193906e-06	1.027896e-08	2.259462e+01	6.111340e+02
2.280000e-06	3.052372e-06	1.015554e-08	2.159336e+01	6.040016e+02
2.290000e-06	2.909580e-06	1.003800e-08	2.058321e+01	5.967169e+02
2.300000e-06	2.765570e-06	9.913219e-09	1.956445e+01	5.892326e+02
2.310000e-06	2.620589e-06	9.784245e-09	1.853880e+01	5.814937e+02
2.320000e-06	2.474799e-06	9.643939e-09	1.750744e+01	5.734566e+02
2.330000e-06	2.328227e-06	9.503466e-09	1.647055e+01	5.651039e+02
2.340000e-06	2.180821e-06	9.355227e-09	1.542776e+01	5.564481e+02
2.350000e-06	2.032578e-06	9.205225e-09	1.437905e+01	5.475240e+02
2.360000e-06	1.883652e-06	9.052020e-09	1.332550e+01	5.383709e+02
2.370000e-06	1.734210e-06	8.897059e-09	1.226830e+01	5.290125e+02
2.380000e-06	1.584184e-06	8.736711e-09	1.120698e+01	5.194430e+02
2.390000e-06	1.433477e-06	8.569232e-09	1.014083e+01	5.096241e+02
2.400000e-06	1.282131e-06	8.394900e-09	9.070165e+00	4.994950e+02
2.410000e-06	1.130211e-06	8.215928e-09	7.995438e+00	4.889915e+02
2.420000e-06	9.778396e-07	8.032139e-09	6.917520e+00	4.780655e+02
2.430000e-06	8.251427e-07	7.841856e-09	5.837298e+00	4.666978e+02
2.440000e-06	6.721893e-07	7.645576e-09	4.755262e+00	4.548972e+02
2.450000e-06	5.190156e-07	7.442552e-09	3.671666e+00	4.426865e+02
2.460000e-06	3.656940e-07	7.230594e-09	2.587025e+00	4.300792e+02
2.470000e-06	2.122916e-07	7.008719e-09	1.501812e+00	4.170578e+02
2.480000e-06	5.880617e-08	6.779758e-09	4.160118e-01	4.035611e+02
2.490000e-06	-9.472381e-08	6.541641e-09	-6.701036e-01	3.894872e+02
2.500000e-06	-2.481675e-07	6.294417e-09	-1.755608e+00	3.747133e+02
2.510000e-06	-4.014736e-07	6.033726e-09	-2.840140e+00	3.591236e+02
2.520000e-06	-5.546622e-07	5.758660e-09	-3.923841e+00	3.426376e+02
2.530000e-06	-7.076757e-07	5.467228e-09	-5.006302e+00	3.252263e+02
2.540000e-06	-8.604319e-07	5.158438e-09	-6.086944e+00	3.069097e+02
2.550000e-06	-1.012898e-06	4.836020e-09	-7.165537e+00	2.877366e+02
2.560000e-06	-1.165009e-06	4.502042e-09	-8.241614e+00	2.677506e+02
2.570000e-06	-1.316547e-06	4.152886e-09	-9.313631e+00	2.469559e+02
2.580000e-06	-1.467402e-06	3.786852e-09	-1.038082e+01	2.252936e+02
2.590000e-06	-1.617664e-06	3.403581e-09	-1.144383e+01	2.026375e+02
2.600000e-06	-1.767342e-06	3.002882e-09	-1.250269e+01	1.788115e+02
2.610000e-06	-1.916452e-06	2.581918e-09	-1.355754e+01	1.536237e+02
2.620000e-06	-2.064994e-06	2.135622e-09	-1.460836e+01	1.269072e+02
2.630000e-06	-2.212742e-06	1.660709e-09	-1.565358e+01	9.855664e+01
2.640000e-06	-2.359618e-06	1.158244e-09	-1.669262e+01	6.855071e+01
2.650000e-06	-2.505774e-06	6.305153e-10	-1.772657e+01	3.695794e+01
2.660000e-06	-2.651178e-06	7.703276e-11	-1.875520e+01	3.927102e+00
2.670000e-06	-2.795613e-06	-4.992051e-10	-1.977698e+01	-3.033064e+01
2.680000e-06	-2.938858e-06	-1.091393e-09	-2.079033e+01	-6.556021e+01
2.690000e-06	-3.080877e-06	-1.692937e-09	-2.179501e+01	-1.014761e+02
2.700000e-06	-3.221737e-06	-2.302019e-09	-2.279150e+01	-1.377692e+02
2.710000e-06	-3.361344e-06	-2.911315e-09	-2.377912e+01	-1.741104e+02
2.720000e-06	-3.499724e-06	-3.514183e-09	-2.475806e+01	-2.101552e+02
2.730000e-06	-3.636918e-06	-4.106110e-09	-2.572861e+01	-2.455554e+02
2.740000e-06	-3.772712e-06	-4.684129e-09	-2.668926e+01	-2.799796e+02
2.750000e-06	-3.907047e-06	-5.245145e-09	-2.763958e+01	-3.131393e+02
2.760000e-06	-4.040010e-06	-5.782514e-09	-2.858020e+01	-3.448146e+02
2.770000e-06	-4.171511e-06	-6.290927e-09	-2.951047e+01	-3.748717e+02
2.780000e-06	-4.301565e-06	-6.768714e-09	-3.043052e+01	-4.032650e+02
2.790000e-06	-4.430196e-06	-7.218683e-09	-3.134049e+01	-4.300233e+02
2.800000e-06	-4.557204e-06	-7.641899e-09	-3.223898e+01	-4.552229e+02
2.810000e-06	-4.682553e-06	-8.039151e-09	-3.312573e+01	-4.789548e+02
2.820000e-06	-4.806304e-06	-8.414862e-09	-3.400118e+01	-5.012976e+02
2.830000e-06	-4.928398e-06	-8.773487e-09	-3.486492e+01	-5.223027e+02
2.840000e-06	-5.048690e-06	-9.111765e-09	-3.571590e+01	-5.419946e+02
2.850000e-06	-5.166982e-06	-9.424800e-09	-3.655273e+01	-5.603859e+02
2.860000e-06	-5.283197e-06	-9.711544e-09	-3.737487e+01	-5.774978e+02
2.870000e-06	-5.397279e-06	-9.976487e-09	-3.818191e+01	-5.933779e+02
2.880000e-06	-5.509128e-06	-1.022363e-08	-3.897317e+01	-6.081085e+02
2.890000e-06	-5.618943e-06	-1.045225e-08	-3.975003e+01	-6.218007e+02
2.900000e-06	-5.726921e-06	-1.066590e-08	-4.051390e+01	-6.345776e+02
2.910000e-06	-5.832971e-06	-1.086882e-08	-4.126413e+01	-6.465527e+02
2.920000e-06	-5.936919e-06	-1.106197e-08	-4.199948e+01	-6.578110e+02
2.930000e-06	-6.038639e-06	-1.124271e-08	-4.271908e+01	-6.684002e+02
2.940000e-06	-6.138213e-06	-1.141047e-08	-4.342349e+01	-6.783346e+02
2.950000e-06	-6.235720e-06	-1.156749e-08	-4.411329e+01	-6.876101e+02
2.960000e-06	-6.330979e-06	-1.171535e-08	-4.478718e+01	-6.962227e+02
2.970000e-06	-6.423913e-06	-1.184944e-08	-4.544462e+01	-7.041858e+02
2.980000e-06	-6.514625e-06	-1.196998e-08	-4.608634e+01	-7.115382e+02
2.990000e-06	-6.603123e-06	-1.208272e-08	-4.671240e+01	-7.183414e+02
3.000000e-06	-6.689275e-06	-1.219224e-08	-4.732187e+01	-7.246676e+02
3.010000e-06	-6.773000e-06	-1.229661e-08	-4.791416e+01	-7.305848e+02
3.020000e-06	-6.854420e-06	-1.239183e-08	-4.849015e+01	-7.361427e+02
3.030000e-06	-6.933402e-06	-1.248109e-08	-4.904889e+01	-7.413677e+02
3.040000e-06	-7.009614e-06	-1.256450e-08	-4.958804e+01	-7.462659e+02
3.050000e-06	-7.083119e-06	-1.264077e-08	-5.010803e+01	-7.508331e+02
3.060000e-06	-7.154051e-06	-1.270943e-08	-5.060982e+01	-7.550678e+02
3.070000e-06	-7.222390e-06	-1.277238e-08	-5.109328e+01	-7.589811e+02
3.080000e-06	-7.288209e-06	-1.283255e-08	-5.155890e+01	-7.625996e+02
3.090000e-06	-7.351500e-06	-1.289065e-08	-5.200664e+01	-7.659609e+02
3.100000e-06	-7.412174e-06	-1.294498e-08	-5.243586e+01	-7.691042e+02
3.110000e-06	-7.470209e-06	-1.299602e-08	-5.284642e+01	-7.720590e+02
3.120000e-06	-7.525519e-06	-1.304287e-08	-5.323770e+01	-7.748382e+02
3.130000e-06	-7.577951e-06	-1.308585e-08	-5.360862e+01	-7.774373e+02
3.140000e-06	-7.627328e-06	-1.312327e-08	-5.395793e+01	-7.798402e+02
3.150000e-06	-7.673719e-06	-1.315535e-08	-5.428611e+01	-7.820297e+02
3.160000e-06	-7.717563e-06	-1.318633e-08	-5.459627e+01	-7.839982e+02
3.170000e-06	-7.758939e-06	-1.321655e-08	-5.488898e+01	-7.857541e+02
3.180000e-06	-7.797576e-06	-1.324440e-08	-5.516231e+01	-7.873218e+02
3.190000e-06	-7.833493e-06	-1.327148e-08	-5.541639e+01	-7.887359e+02
3.200000e-06	-7.866754e-06	-1.329616e-08	-5.565169e+01	-7.900306e+02
3.210000e-06	-7.897116e-06	-1.331612e-08	-5.586648e+01	-7.912297e+02
3.220000e-06	-7.924599e-06	-1.333239e-08	-5.606090e+01	-7.923404e+02
3.230000e-06	-7.949380e-06	-1.334629e-08	-5.623621e+01	-7.933527e+02
3.240000e-06	-7.971287e-06	-1.336074e-08	-5.639119e+01	-7.942449e+02
3.250000e-06	-7.990370e-06	-1.337524e-08	-5.652619e+01	-7.949937e+02
3.260000e-06	-8.006719e-06	-1.338777e-08	-5.664185e+01	-7.955835e+02
3.270000e-06	-8.019978e-06	-1.339742e-08	-5.673564e+01	-7.960131e+02
3.280000e-06	-8.030139e-06	-1.340515e-08	-5.680752e+01	-7.962977e+02
3.290000e-06	-8.037434e-06	-1.340996e-08	-5.685913e+01	-7.964640e+02
3.300000e-06	-8.041854e-06	-1.341166e-08	-5.689040e+01	-7.965428e+02
3.310000e-06	-8.043492e-06	-1.341217e-08	-5.690199e+01	-7.965598e+02
