# Temperatura_=_34.22
# Concentracion g/m^3_=_11780.0
# C_Vs_to_Am_M_A/Vsm_=_59384043850.047264
# pendiente_HvsI_1/m_=_3716.3
# ordenada_HvsI_A/m_=_1297.0
# frecuencia_Hz_=_301539.11382689315

Tiempo_(s)	Campo_(V.s)	Magnetizacion_(V.s)	Campo_(kA/m)	Magnetizacion_(A/m)
0.000000e+00	-8.139968e-06	-1.343836e-08	-5.689684e+01	-7.978561e+02
1.000000e-08	-8.137128e-06	-1.343385e-08	-5.687698e+01	-7.977763e+02
2.000000e-08	-8.131605e-06	-1.342726e-08	-5.683838e+01	-7.976107e+02
3.000000e-08	-8.123429e-06	-1.342280e-08	-5.678124e+01	-7.973528e+02
4.000000e-08	-8.112472e-06	-1.341890e-08	-5.670464e+01	-7.969977e+02
5.000000e-08	-8.098590e-06	-1.341469e-08	-5.660761e+01	-7.965430e+02
6.000000e-08	-8.081778e-06	-1.340770e-08	-5.649010e+01	-7.959895e+02
7.000000e-08	-8.062399e-06	-1.339803e-08	-5.635465e+01	-7.953409e+02
8.000000e-08	-8.040583e-06	-1.339517e-08	-5.620215e+01	-7.946033e+02
9.000000e-08	-8.015717e-06	-1.335508e-08	-5.602835e+01	-7.937831e+02
1.000000e-07	-7.987474e-06	-1.331009e-08	-5.583094e+01	-7.928858e+02
1.100000e-07	-7.956160e-06	-1.331558e-08	-5.561206e+01	-7.919136e+02
1.200000e-07	-7.922062e-06	-1.333770e-08	-5.537372e+01	-7.908642e+02
1.300000e-07	-7.885432e-06	-1.332698e-08	-5.511768e+01	-7.897309e+02
1.400000e-07	-7.846576e-06	-1.328350e-08	-5.484608e+01	-7.885044e+02
1.500000e-07	-7.805347e-06	-1.328891e-08	-5.455790e+01	-7.871763e+02
1.600000e-07	-7.761362e-06	-1.325253e-08	-5.425046e+01	-7.857426e+02
1.700000e-07	-7.714614e-06	-1.320739e-08	-5.392369e+01	-7.842071e+02
1.800000e-07	-7.665080e-06	-1.317758e-08	-5.357746e+01	-7.825819e+02
1.900000e-07	-7.612443e-06	-1.312638e-08	-5.320954e+01	-7.808844e+02
2.000000e-07	-7.556840e-06	-1.314809e-08	-5.282088e+01	-7.791320e+02
2.100000e-07	-7.498501e-06	-1.311728e-08	-5.241311e+01	-7.773349e+02
2.200000e-07	-7.437497e-06	-1.306889e-08	-5.198670e+01	-7.754911e+02
2.300000e-07	-7.373894e-06	-1.304673e-08	-5.154212e+01	-7.735840e+02
2.400000e-07	-7.307459e-06	-1.300346e-08	-5.107775e+01	-7.715863e+02
2.500000e-07	-7.238255e-06	-1.297876e-08	-5.059403e+01	-7.694675e+02
2.600000e-07	-7.166435e-06	-1.291870e-08	-5.009202e+01	-7.672038e+02
2.700000e-07	-7.091877e-06	-1.287907e-08	-4.957088e+01	-7.647867e+02
2.800000e-07	-7.014489e-06	-1.285402e-08	-4.902995e+01	-7.622266e+02
2.900000e-07	-6.934330e-06	-1.281420e-08	-4.846965e+01	-7.595499e+02
3.000000e-07	-6.851694e-06	-1.275991e-08	-4.789205e+01	-7.567892e+02
3.100000e-07	-6.766841e-06	-1.269413e-08	-4.729894e+01	-7.539716e+02
3.200000e-07	-6.679729e-06	-1.267038e-08	-4.669005e+01	-7.511077e+02
3.300000e-07	-6.590228e-06	-1.261626e-08	-4.606445e+01	-7.481863e+02
3.400000e-07	-6.498349e-06	-1.255542e-08	-4.542223e+01	-7.451779e+02
3.500000e-07	-6.404153e-06	-1.250306e-08	-4.476382e+01	-7.420448e+02
3.600000e-07	-6.307605e-06	-1.245202e-08	-4.408897e+01	-7.387554e+02
3.700000e-07	-6.208682e-06	-1.239864e-08	-4.339751e+01	-7.352963e+02
3.800000e-07	-6.107536e-06	-1.232475e-08	-4.269052e+01	-7.316780e+02
3.900000e-07	-6.004229e-06	-1.226566e-08	-4.196843e+01	-7.279313e+02
4.000000e-07	-5.898711e-06	-1.220644e-08	-4.123088e+01	-7.240951e+02
4.100000e-07	-5.791054e-06	-1.215431e-08	-4.047837e+01	-7.202001e+02
4.200000e-07	-5.681333e-06	-1.208017e-08	-3.971144e+01	-7.162555e+02
4.300000e-07	-5.569575e-06	-1.200471e-08	-3.893028e+01	-7.122428e+02
4.400000e-07	-5.455686e-06	-1.193562e-08	-3.813422e+01	-7.081204e+02
4.500000e-07	-5.339603e-06	-1.186448e-08	-3.732281e+01	-7.038372e+02
4.600000e-07	-5.221440e-06	-1.178712e-08	-3.649688e+01	-6.993512e+02
4.700000e-07	-5.101411e-06	-1.170562e-08	-3.565790e+01	-6.946447e+02
4.800000e-07	-4.979579e-06	-1.163332e-08	-3.480631e+01	-6.897308e+02
4.900000e-07	-4.855928e-06	-1.155112e-08	-3.394202e+01	-6.846484e+02
5.000000e-07	-4.730490e-06	-1.146020e-08	-3.306523e+01	-6.794473e+02
5.100000e-07	-4.603391e-06	-1.136074e-08	-3.217683e+01	-6.741681e+02
5.200000e-07	-4.474703e-06	-1.127114e-08	-3.127733e+01	-6.688262e+02
5.300000e-07	-4.344339e-06	-1.118025e-08	-3.036611e+01	-6.634043e+02
5.400000e-07	-4.212337e-06	-1.108445e-08	-2.944344e+01	-6.578578e+02
5.500000e-07	-4.078810e-06	-1.098809e-08	-2.851011e+01	-6.521309e+02
5.600000e-07	-3.943854e-06	-1.089487e-08	-2.756680e+01	-6.461759e+02
5.700000e-07	-3.807445e-06	-1.079619e-08	-2.661332e+01	-6.399706e+02
5.800000e-07	-3.669585e-06	-1.068166e-08	-2.564971e+01	-6.335238e+02
5.900000e-07	-3.530326e-06	-1.056344e-08	-2.467631e+01	-6.268700e+02
6.000000e-07	-3.389648e-06	-1.045044e-08	-2.369300e+01	-6.200526e+02
6.100000e-07	-3.247558e-06	-1.034104e-08	-2.269981e+01	-6.131037e+02
6.200000e-07	-3.104155e-06	-1.022124e-08	-2.169746e+01	-6.060292e+02
6.300000e-07	-2.959637e-06	-1.009459e-08	-2.068731e+01	-5.988030e+02
6.400000e-07	-2.814070e-06	-9.969401e-09	-1.966982e+01	-5.913755e+02
6.500000e-07	-2.667508e-06	-9.843461e-09	-1.864537e+01	-5.836903e+02
6.600000e-07	-2.520053e-06	-9.705879e-09	-1.761469e+01	-5.757047e+02
6.700000e-07	-2.371769e-06	-9.560272e-09	-1.657822e+01	-5.674037e+02
6.800000e-07	-2.222703e-06	-9.418850e-09	-1.553628e+01	-5.588029e+02
6.900000e-07	-2.072874e-06	-9.276961e-09	-1.448900e+01	-5.499386e+02
7.000000e-07	-1.922313e-06	-9.125466e-09	-1.343660e+01	-5.408486e+02
7.100000e-07	-1.771036e-06	-8.965735e-09	-1.237921e+01	-5.315524e+02
7.200000e-07	-1.619141e-06	-8.805256e-09	-1.131749e+01	-5.220376e+02
7.300000e-07	-1.466691e-06	-8.642182e-09	-1.025190e+01	-5.122596e+02
7.400000e-07	-1.313683e-06	-8.470708e-09	-9.182398e+00	-5.021539e+02
7.500000e-07	-1.160179e-06	-8.291151e-09	-8.109429e+00	-4.916564e+02
7.600000e-07	-1.006230e-06	-8.109770e-09	-7.033355e+00	-4.807232e+02
7.700000e-07	-8.519238e-07	-7.925064e-09	-5.954786e+00	-4.693412e+02
7.800000e-07	-6.973182e-07	-7.726511e-09	-4.874122e+00	-4.575249e+02
7.900000e-07	-5.424635e-07	-7.513947e-09	-3.791717e+00	-4.452995e+02
8.000000e-07	-3.874500e-07	-7.298569e-09	-2.708203e+00	-4.326764e+02
8.100000e-07	-2.322983e-07	-7.082046e-09	-1.623721e+00	-4.196311e+02
8.200000e-07	-7.704528e-08	-6.852287e-09	-5.385319e-01	-4.060930e+02
8.300000e-07	7.824211e-08	-6.610750e-09	5.468976e-01	-3.919517e+02
8.400000e-07	2.335007e-07	-6.363445e-09	1.632126e+00	-3.770782e+02
8.500000e-07	3.886452e-07	-6.104986e-09	2.716557e+00	-3.613558e+02
8.600000e-07	5.436667e-07	-5.823396e-09	3.800128e+00	-3.447066e+02
8.700000e-07	6.985057e-07	-5.516623e-09	4.882423e+00	-3.271064e+02
8.800000e-07	8.530889e-07	-5.197024e-09	5.962930e+00	-3.085791e+02
8.900000e-07	1.007420e-06	-4.871224e-09	7.041677e+00	-2.891733e+02
9.000000e-07	1.161343e-06	-4.532792e-09	8.117572e+00	-2.689275e+02
9.100000e-07	1.314721e-06	-4.176374e-09	9.189651e+00	-2.478359e+02
9.200000e-07	1.467593e-06	-3.808583e-09	1.025820e+01	-2.258259e+02
9.300000e-07	1.620012e-06	-3.426659e-09	1.132358e+01	-2.027569e+02
9.400000e-07	1.771868e-06	-3.015203e-09	1.238502e+01	-1.784397e+02
9.500000e-07	1.923075e-06	-2.569071e-09	1.344193e+01	-1.526721e+02
9.600000e-07	2.073626e-06	-2.098847e-09	1.449425e+01	-1.252809e+02
9.700000e-07	2.223364e-06	-1.610533e-09	1.554089e+01	-9.615873e+01
9.800000e-07	2.372195e-06	-1.092481e-09	1.658120e+01	-6.528739e+01
9.900000e-07	2.520210e-06	-5.380282e-10	1.761579e+01	-3.274458e+01
1.000000e-06	2.667412e-06	4.146955e-11	1.864470e+01	1.304079e+00
1.010000e-06	2.813618e-06	6.343010e-10	1.966666e+01	3.662191e+01
1.020000e-06	2.958798e-06	1.243739e-09	2.068144e+01	7.291998e+01
1.030000e-06	3.102985e-06	1.874771e-09	2.168928e+01	1.098730e+02
1.040000e-06	3.246020e-06	2.512040e-09	2.268907e+01	1.471308e+02
1.050000e-06	3.387827e-06	3.138545e-09	2.368027e+01	1.843278e+02
1.060000e-06	3.528353e-06	3.754718e-09	2.466252e+01	2.210935e+02
1.070000e-06	3.667530e-06	4.364801e-09	2.563534e+01	2.570678e+02
1.080000e-06	3.805345e-06	4.956919e-09	2.659864e+01	2.919221e+02
1.090000e-06	3.941750e-06	5.517255e-09	2.755209e+01	3.253817e+02
1.100000e-06	4.076667e-06	6.048744e-09	2.849513e+01	3.572464e+02
1.110000e-06	4.210036e-06	6.558771e-09	2.942736e+01	3.874005e+02
1.120000e-06	4.341942e-06	7.040978e-09	3.034935e+01	4.158109e+02
1.130000e-06	4.472304e-06	7.487419e-09	3.126056e+01	4.425112e+02
1.140000e-06	4.601067e-06	7.904177e-09	3.216059e+01	4.675767e+02
1.150000e-06	4.728235e-06	8.301622e-09	3.304947e+01	4.910972e+02
1.160000e-06	4.853708e-06	8.678151e-09	3.392650e+01	5.131549e+02
1.170000e-06	4.977524e-06	9.023663e-09	3.479195e+01	5.338132e+02
1.180000e-06	5.099596e-06	9.340529e-09	3.564521e+01	5.531178e+02
1.190000e-06	5.219803e-06	9.640001e-09	3.648544e+01	5.711067e+02
1.200000e-06	5.338076e-06	9.925252e-09	3.731214e+01	5.878251e+02
1.210000e-06	5.454301e-06	1.018737e-08	3.812454e+01	6.033358e+02
1.220000e-06	5.568376e-06	1.042631e-08	3.892189e+01	6.177239e+02
1.230000e-06	5.680313e-06	1.065090e-08	3.970431e+01	6.310904e+02
1.240000e-06	5.790238e-06	1.086472e-08	4.047267e+01	6.435410e+02
1.250000e-06	5.898188e-06	1.106271e-08	4.122722e+01	6.551711e+02
1.260000e-06	6.004056e-06	1.124313e-08	4.196722e+01	6.660552e+02
1.270000e-06	6.107712e-06	1.141224e-08	4.269175e+01	6.762433e+02
1.280000e-06	6.209187e-06	1.157267e-08	4.340104e+01	6.857648e+02
1.290000e-06	6.308441e-06	1.172085e-08	4.409481e+01	6.946379e+02
1.300000e-06	6.405367e-06	1.185597e-08	4.477231e+01	7.028817e+02
1.310000e-06	6.499973e-06	1.198329e-08	4.543359e+01	7.105240e+02
1.320000e-06	6.592355e-06	1.210354e-08	4.607931e+01	7.176049e+02
1.330000e-06	6.682446e-06	1.221285e-08	4.670903e+01	7.241736e+02
1.340000e-06	6.770128e-06	1.231152e-08	4.732192e+01	7.302816e+02
1.350000e-06	6.855480e-06	1.240566e-08	4.791851e+01	7.359755e+02
1.360000e-06	6.938484e-06	1.249779e-08	4.849869e+01	7.412920e+02
1.370000e-06	7.018999e-06	1.258349e-08	4.906148e+01	7.462572e+02
1.380000e-06	7.096943e-06	1.265948e-08	4.960629e+01	7.508899e+02
1.390000e-06	7.172174e-06	1.272945e-08	5.013214e+01	7.552070e+02
1.400000e-06	7.244642e-06	1.279792e-08	5.063868e+01	7.592279e+02
1.410000e-06	7.314572e-06	1.286160e-08	5.112748e+01	7.629758e+02
1.420000e-06	7.381984e-06	1.291683e-08	5.159867e+01	7.664767e+02
1.430000e-06	7.446731e-06	1.296774e-08	5.205124e+01	7.697544e+02
1.440000e-06	7.508889e-06	1.301939e-08	5.248571e+01	7.728267e+02
1.450000e-06	7.568455e-06	1.307133e-08	5.290207e+01	7.757020e+02
1.460000e-06	7.625276e-06	1.311891e-08	5.329924e+01	7.783805e+02
1.470000e-06	7.679326e-06	1.315914e-08	5.367704e+01	7.808581e+02
1.480000e-06	7.730350e-06	1.319516e-08	5.403368e+01	7.831316e+02
1.490000e-06	7.778214e-06	1.323012e-08	5.436825e+01	7.852041e+02
1.500000e-06	7.823234e-06	1.326151e-08	5.468293e+01	7.870870e+02
1.510000e-06	7.865494e-06	1.328754e-08	5.497832e+01	7.887992e+02
1.520000e-06	7.904952e-06	1.331335e-08	5.525412e+01	7.903625e+02
1.530000e-06	7.941741e-06	1.333981e-08	5.551127e+01	7.917965e+02
1.540000e-06	7.975744e-06	1.336375e-08	5.574894e+01	7.931135e+02
1.550000e-06	8.006883e-06	1.338248e-08	5.596660e+01	7.943167e+02
1.560000e-06	8.035316e-06	1.339788e-08	5.616534e+01	7.954013e+02
1.570000e-06	8.060852e-06	1.341222e-08	5.634383e+01	7.963585e+02
1.580000e-06	8.083448e-06	1.342529e-08	5.650177e+01	7.971802e+02
1.590000e-06	8.103386e-06	1.343648e-08	5.664113e+01	7.978636e+02
1.600000e-06	8.120533e-06	1.344409e-08	5.676099e+01	7.984129e+02
1.610000e-06	8.134636e-06	1.345087e-08	5.685957e+01	7.988389e+02
1.620000e-06	8.145597e-06	1.345649e-08	5.693618e+01	7.991562e+02
1.630000e-06	8.153468e-06	1.345966e-08	5.699120e+01	7.993793e+02
1.640000e-06	8.158479e-06	1.345872e-08	5.702623e+01	7.995195e+02
1.650000e-06	8.160664e-06	1.345831e-08	5.704150e+01	7.995825e+02
1.660000e-06	8.159998e-06	1.345726e-08	5.703684e+01	7.995686e+02
1.670000e-06	8.156634e-06	1.345796e-08	5.701333e+01	7.994740e+02
1.680000e-06	8.150566e-06	1.345437e-08	5.697091e+01	7.992923e+02
1.690000e-06	8.141762e-06	1.344674e-08	5.690938e+01	7.990173e+02
1.700000e-06	8.130205e-06	1.344019e-08	5.682860e+01	7.986445e+02
1.710000e-06	8.115809e-06	1.343180e-08	5.672797e+01	7.981720e+02
1.720000e-06	8.098794e-06	1.342056e-08	5.660904e+01	7.976011e+02
1.730000e-06	8.079460e-06	1.339804e-08	5.647390e+01	7.969361e+02
1.740000e-06	8.057417e-06	1.340447e-08	5.631982e+01	7.961832e+02
1.750000e-06	8.031876e-06	1.343252e-08	5.614129e+01	7.953489e+02
1.760000e-06	8.002589e-06	1.340307e-08	5.593659e+01	7.944382e+02
1.770000e-06	7.970063e-06	1.334084e-08	5.570924e+01	7.934524e+02
1.780000e-06	7.935016e-06	1.331294e-08	5.546426e+01	7.923886e+02
1.790000e-06	7.897577e-06	1.330269e-08	5.520257e+01	7.912394e+02
1.800000e-06	7.857989e-06	1.325960e-08	5.492586e+01	7.899953e+02
1.810000e-06	7.816280e-06	1.328502e-08	5.463432e+01	7.886483e+02
1.820000e-06	7.771915e-06	1.323634e-08	5.432422e+01	7.871959e+02
1.830000e-06	7.724856e-06	1.320888e-08	5.399529e+01	7.856433e+02
1.840000e-06	7.674841e-06	1.323017e-08	5.364568e+01	7.840038e+02
1.850000e-06	7.621640e-06	1.313548e-08	5.327383e+01	7.822953e+02
1.860000e-06	7.565589e-06	1.313558e-08	5.288204e+01	7.805344e+02
1.870000e-06	7.506806e-06	1.307805e-08	5.247116e+01	7.787295e+02
1.880000e-06	7.445412e-06	1.305832e-08	5.204203e+01	7.768760e+02
1.890000e-06	7.381297e-06	1.305031e-08	5.159387e+01	7.749549e+02
1.900000e-06	7.314396e-06	1.298105e-08	5.112625e+01	7.729378e+02
1.910000e-06	7.244757e-06	1.298986e-08	5.063948e+01	7.707944e+02
1.920000e-06	7.172273e-06	1.291881e-08	5.013283e+01	7.685034e+02
1.930000e-06	7.097086e-06	1.288523e-08	4.960729e+01	7.660594e+02
1.940000e-06	7.019168e-06	1.283644e-08	4.906266e+01	7.634762e+02
1.950000e-06	6.938640e-06	1.278190e-08	4.849978e+01	7.607821e+02
1.960000e-06	6.855673e-06	1.276578e-08	4.791986e+01	7.580096e+02
1.970000e-06	6.770201e-06	1.269286e-08	4.732243e+01	7.551835e+02
1.980000e-06	6.682293e-06	1.266808e-08	4.670796e+01	7.523107e+02
1.990000e-06	6.591992e-06	1.259612e-08	4.607678e+01	7.493763e+02
2.000000e-06	6.499416e-06	1.255547e-08	4.542969e+01	7.463484e+02
2.010000e-06	6.404552e-06	1.250421e-08	4.476661e+01	7.431893e+02
2.020000e-06	6.307413e-06	1.244019e-08	4.408762e+01	7.398699e+02
2.030000e-06	6.208049e-06	1.239364e-08	4.339309e+01	7.363809e+02
2.040000e-06	6.106414e-06	1.232196e-08	4.268268e+01	7.327370e+02
2.050000e-06	6.002566e-06	1.227070e-08	4.195680e+01	7.289714e+02
2.060000e-06	5.896562e-06	1.218202e-08	4.121586e+01	7.251228e+02
2.070000e-06	5.788499e-06	1.212566e-08	4.046052e+01	7.212191e+02
2.080000e-06	5.678383e-06	1.205890e-08	3.969083e+01	7.172645e+02
2.090000e-06	5.566172e-06	1.199950e-08	3.890649e+01	7.132357e+02
2.100000e-06	5.451798e-06	1.192652e-08	3.810704e+01	7.090883e+02
2.110000e-06	5.335272e-06	1.185112e-08	3.729254e+01	7.047714e+02
2.120000e-06	5.216686e-06	1.177664e-08	3.646365e+01	7.002464e+02
2.130000e-06	5.096141e-06	1.168768e-08	3.562106e+01	6.955010e+02
2.140000e-06	4.973749e-06	1.160375e-08	3.476556e+01	6.905536e+02
2.150000e-06	4.849566e-06	1.151810e-08	3.389755e+01	6.854463e+02
2.160000e-06	4.723577e-06	1.144890e-08	3.301691e+01	6.802288e+02
2.170000e-06	4.595877e-06	1.136085e-08	3.212431e+01	6.749382e+02
2.180000e-06	4.466622e-06	1.126825e-08	3.122084e+01	6.695842e+02
2.190000e-06	4.335809e-06	1.116803e-08	3.030649e+01	6.641438e+02
2.200000e-06	4.203441e-06	1.107707e-08	2.938126e+01	6.585692e+02
2.210000e-06	4.069545e-06	1.097657e-08	2.844535e+01	6.528044e+02
2.220000e-06	3.934212e-06	1.087072e-08	2.749940e+01	6.468055e+02
2.230000e-06	3.797407e-06	1.076752e-08	2.654316e+01	6.405555e+02
2.240000e-06	3.659127e-06	1.066810e-08	2.557661e+01	6.340687e+02
2.250000e-06	3.519475e-06	1.056096e-08	2.460046e+01	6.273825e+02
2.260000e-06	3.378503e-06	1.043594e-08	2.361510e+01	6.205398e+02
2.270000e-06	3.236296e-06	1.031276e-08	2.262110e+01	6.135690e+02
2.280000e-06	3.092866e-06	1.019430e-08	2.161855e+01	6.064701e+02
2.290000e-06	2.948305e-06	1.007744e-08	2.060809e+01	5.992121e+02
2.300000e-06	2.802732e-06	9.948030e-09	1.959057e+01	5.917425e+02
2.310000e-06	2.656195e-06	9.817285e-09	1.856630e+01	5.840061e+02
2.320000e-06	2.508718e-06	9.686488e-09	1.753547e+01	5.759643e+02
2.330000e-06	2.360332e-06	9.549040e-09	1.649828e+01	5.676078e+02
2.340000e-06	2.211143e-06	9.396811e-09	1.545547e+01	5.589569e+02
2.350000e-06	2.061199e-06	9.239273e-09	1.440739e+01	5.500498e+02
2.360000e-06	1.910479e-06	9.088841e-09	1.335389e+01	5.409224e+02
2.370000e-06	1.759054e-06	8.937685e-09	1.229546e+01	5.315890e+02
2.380000e-06	1.607044e-06	8.776222e-09	1.123293e+01	5.220312e+02
2.390000e-06	1.454509e-06	8.605752e-09	1.016674e+01	5.121997e+02
2.400000e-06	1.301468e-06	8.433231e-09	9.097016e+00	5.020284e+02
2.410000e-06	1.147981e-06	8.256507e-09	8.024167e+00	4.914555e+02
2.420000e-06	9.940209e-07	8.067595e-09	6.948018e+00	4.804421e+02
2.430000e-06	8.396328e-07	7.870355e-09	5.868875e+00	4.689808e+02
2.440000e-06	6.849734e-07	7.673068e-09	4.787835e+00	4.570897e+02
2.450000e-06	5.300901e-07	7.473671e-09	3.705229e+00	4.447932e+02
2.460000e-06	3.750292e-07	7.262840e-09	2.621383e+00	4.320977e+02
2.470000e-06	2.198269e-07	7.038504e-09	1.536548e+00	4.189709e+02
2.480000e-06	6.453708e-08	6.807200e-09	4.511020e-01	4.053341e+02
2.490000e-06	-9.074302e-08	6.568033e-09	-6.342765e-01	3.910715e+02
2.500000e-06	-2.459553e-07	6.315480e-09	-1.719181e+00	3.760542e+02
2.510000e-06	-4.010844e-07	6.047244e-09	-2.803504e+00	3.601705e+02
2.520000e-06	-5.560598e-07	5.765856e-09	-3.886753e+00	3.433516e+02
2.530000e-06	-7.108020e-07	5.471893e-09	-4.968372e+00	3.255830e+02
2.540000e-06	-8.653066e-07	5.159577e-09	-6.048330e+00	3.068950e+02
2.550000e-06	-1.019465e-06	4.828994e-09	-7.125867e+00	2.873373e+02
2.560000e-06	-1.173157e-06	4.485051e-09	-8.200147e+00	2.669426e+02
2.570000e-06	-1.326346e-06	4.129143e-09	-9.270910e+00	2.456943e+02
2.580000e-06	-1.478987e-06	3.757745e-09	-1.033784e+01	2.235072e+02
2.590000e-06	-1.631122e-06	3.363917e-09	-1.140124e+01	2.002301e+02
2.600000e-06	-1.782726e-06	2.949122e-09	-1.246092e+01	1.756684e+02
2.610000e-06	-1.933709e-06	2.514575e-09	-1.351626e+01	1.496221e+02
2.620000e-06	-2.084019e-06	2.053972e-09	-1.456690e+01	1.219273e+02
2.630000e-06	-2.233552e-06	1.558747e-09	-1.561211e+01	9.249131e+01
2.640000e-06	-2.382275e-06	1.032251e-09	-1.665165e+01	6.131305e+01
2.650000e-06	-2.530186e-06	4.847783e-10	-1.768552e+01	2.848688e+01
2.660000e-06	-2.677217e-06	-8.329294e-11	-1.871324e+01	-5.807555e+00
2.670000e-06	-2.823264e-06	-6.757761e-10	-1.973408e+01	-4.132288e+01
2.680000e-06	-2.968256e-06	-1.288476e-09	-2.074755e+01	-7.776263e+01
2.690000e-06	-3.112162e-06	-1.910842e-09	-2.175343e+01	-1.147963e+02
2.700000e-06	-3.254927e-06	-2.535364e-09	-2.275132e+01	-1.520705e+02
2.710000e-06	-3.396407e-06	-3.159121e-09	-2.374024e+01	-1.892176e+02
2.720000e-06	-3.536624e-06	-3.776807e-09	-2.472033e+01	-2.258678e+02
2.730000e-06	-3.675565e-06	-4.377858e-09	-2.569151e+01	-2.616649e+02
2.740000e-06	-3.813050e-06	-4.956291e-09	-2.665250e+01	-2.962884e+02
2.750000e-06	-3.949120e-06	-5.512231e-09	-2.760360e+01	-3.294756e+02
2.760000e-06	-4.083814e-06	-6.045039e-09	-2.854509e+01	-3.610408e+02
2.770000e-06	-4.217022e-06	-6.550661e-09	-2.947619e+01	-3.908838e+02
2.780000e-06	-4.348707e-06	-7.026104e-09	-3.039664e+01	-4.189848e+02
2.790000e-06	-4.478839e-06	-7.471216e-09	-3.130624e+01	-4.453869e+02
2.800000e-06	-4.607390e-06	-7.888218e-09	-3.220479e+01	-4.701700e+02
2.810000e-06	-4.734348e-06	-8.279625e-09	-3.309219e+01	-4.934237e+02
2.820000e-06	-4.859628e-06	-8.646839e-09	-3.396788e+01	-5.152275e+02
2.830000e-06	-4.983154e-06	-8.991195e-09	-3.483130e+01	-5.356412e+02
2.840000e-06	-5.104914e-06	-9.314815e-09	-3.568238e+01	-5.547080e+02
2.850000e-06	-5.224796e-06	-9.616907e-09	-3.652034e+01	-5.724664e+02
2.860000e-06	-5.342682e-06	-9.897620e-09	-3.734434e+01	-5.889639e+02
2.870000e-06	-5.458447e-06	-1.015630e-08	-3.815351e+01	-6.042674e+02
2.880000e-06	-5.571943e-06	-1.039348e-08	-3.894683e+01	-6.184653e+02
2.890000e-06	-5.683234e-06	-1.061343e-08	-3.972473e+01	-6.316607e+02
2.900000e-06	-5.792456e-06	-1.081792e-08	-4.048817e+01	-6.439583e+02
2.910000e-06	-5.899716e-06	-1.101026e-08	-4.123790e+01	-6.554504e+02
2.920000e-06	-6.004993e-06	-1.119215e-08	-4.197377e+01	-6.662073e+02
2.930000e-06	-6.108105e-06	-1.136314e-08	-4.269450e+01	-6.762747e+02
2.940000e-06	-6.208954e-06	-1.152530e-08	-4.339942e+01	-6.856792e+02
2.950000e-06	-6.307596e-06	-1.167670e-08	-4.408890e+01	-6.944384e+02
2.960000e-06	-6.404090e-06	-1.181584e-08	-4.476338e+01	-7.025724e+02
2.970000e-06	-6.498327e-06	-1.194327e-08	-4.542208e+01	-7.101113e+02
2.980000e-06	-6.590205e-06	-1.205889e-08	-4.606429e+01	-7.170970e+02
2.990000e-06	-6.679808e-06	-1.216583e-08	-4.669059e+01	-7.235797e+02
3.000000e-06	-6.767077e-06	-1.226820e-08	-4.730059e+01	-7.296106e+02
3.010000e-06	-6.851904e-06	-1.236590e-08	-4.789351e+01	-7.352347e+02
3.020000e-06	-6.934309e-06	-1.245661e-08	-4.846951e+01	-7.404869e+02
3.030000e-06	-7.014273e-06	-1.254048e-08	-4.902844e+01	-7.453914e+02
3.040000e-06	-7.091604e-06	-1.261723e-08	-4.956897e+01	-7.499666e+02
3.050000e-06	-7.166194e-06	-1.268838e-08	-5.009034e+01	-7.542293e+02
3.060000e-06	-7.238137e-06	-1.275469e-08	-5.059321e+01	-7.581996e+02
3.070000e-06	-7.307403e-06	-1.281667e-08	-5.107736e+01	-7.619015e+02
3.080000e-06	-7.374066e-06	-1.287438e-08	-5.154333e+01	-7.653610e+02
3.090000e-06	-7.438242e-06	-1.292922e-08	-5.199191e+01	-7.686010e+02
3.100000e-06	-7.499766e-06	-1.298165e-08	-5.242194e+01	-7.716378e+02
3.110000e-06	-7.558565e-06	-1.303221e-08	-5.283294e+01	-7.744781e+02
3.120000e-06	-7.614684e-06	-1.307816e-08	-5.322520e+01	-7.771212e+02
3.130000e-06	-7.667886e-06	-1.311870e-08	-5.359707e+01	-7.795624e+02
3.140000e-06	-7.718007e-06	-1.315557e-08	-5.394741e+01	-7.817996e+02
3.150000e-06	-7.765086e-06	-1.318890e-08	-5.427648e+01	-7.838372e+02
3.160000e-06	-7.809487e-06	-1.321803e-08	-5.458684e+01	-7.856881e+02
3.170000e-06	-7.851469e-06	-1.324515e-08	-5.488029e+01	-7.873721e+02
3.180000e-06	-7.890737e-06	-1.327324e-08	-5.515476e+01	-7.889111e+02
3.190000e-06	-7.927178e-06	-1.330095e-08	-5.540947e+01	-7.903236e+02
3.200000e-06	-7.960847e-06	-1.332528e-08	-5.564482e+01	-7.916203e+02
3.210000e-06	-7.991662e-06	-1.334522e-08	-5.586020e+01	-7.928029e+02
3.220000e-06	-8.019587e-06	-1.336340e-08	-5.605540e+01	-7.938655e+02
3.230000e-06	-8.044722e-06	-1.337889e-08	-5.623108e+01	-7.947990e+02
3.240000e-06	-8.066992e-06	-1.339119e-08	-5.638675e+01	-7.955961e+02
3.250000e-06	-8.086394e-06	-1.340092e-08	-5.652237e+01	-7.962550e+02
3.260000e-06	-8.102976e-06	-1.341065e-08	-5.663827e+01	-7.967814e+02
3.270000e-06	-8.116476e-06	-1.342098e-08	-5.673264e+01	-7.971869e+02
3.280000e-06	-8.126891e-06	-1.342982e-08	-5.680543e+01	-7.974864e+02
3.290000e-06	-8.134349e-06	-1.343472e-08	-5.685756e+01	-7.976940e+02
3.300000e-06	-8.138862e-06	-1.343619e-08	-5.688911e+01	-7.978202e+02
3.310000e-06	-8.140552e-06	-1.343690e-08	-5.690092e+01	-7.978696e+02
