# Temperatura_=_57.04
# Concentracion g/m^3_=_11780.0
# C_Vs_to_Am_M_A/Vsm_=_59384043850.047264
# pendiente_HvsI_1/m_=_3716.3
# ordenada_HvsI_A/m_=_1297.0
# frecuencia_Hz_=_301538.34871884366

Tiempo_(s)	Campo_(V.s)	Magnetizacion_(V.s)	Campo_(kA/m)	Magnetizacion_(A/m)
0.000000e+00	-8.141892e-06	-1.366497e-08	-5.689148e+01	-8.110532e+02
1.000000e-08	-8.138673e-06	-1.366102e-08	-5.686899e+01	-8.109525e+02
2.000000e-08	-8.132786e-06	-1.365744e-08	-5.682786e+01	-8.107396e+02
3.000000e-08	-8.124217e-06	-1.365364e-08	-5.676798e+01	-8.104160e+02
4.000000e-08	-8.112776e-06	-1.364832e-08	-5.668804e+01	-8.099916e+02
5.000000e-08	-8.098412e-06	-1.364175e-08	-5.658767e+01	-8.094790e+02
6.000000e-08	-8.081185e-06	-1.363583e-08	-5.646730e+01	-8.088868e+02
7.000000e-08	-8.061449e-06	-1.363188e-08	-5.632939e+01	-8.082154e+02
8.000000e-08	-8.039185e-06	-1.359835e-08	-5.617382e+01	-8.074570e+02
9.000000e-08	-8.013760e-06	-1.354608e-08	-5.599616e+01	-8.065989e+02
1.000000e-07	-7.985035e-06	-1.353626e-08	-5.579545e+01	-8.056301e+02
1.100000e-07	-7.953373e-06	-1.355603e-08	-5.557421e+01	-8.045462e+02
1.200000e-07	-7.918921e-06	-1.355741e-08	-5.533348e+01	-8.033521e+02
1.300000e-07	-7.881905e-06	-1.352549e-08	-5.507483e+01	-8.020597e+02
1.400000e-07	-7.842680e-06	-1.351319e-08	-5.480074e+01	-8.006830e+02
1.500000e-07	-7.801096e-06	-1.349060e-08	-5.451017e+01	-7.992326e+02
1.600000e-07	-7.756701e-06	-1.344351e-08	-5.419996e+01	-7.977107e+02
1.700000e-07	-7.709568e-06	-1.342360e-08	-5.387062e+01	-7.961117e+02
1.800000e-07	-7.659580e-06	-1.334926e-08	-5.352133e+01	-7.944248e+02
1.900000e-07	-7.606394e-06	-1.335036e-08	-5.314969e+01	-7.926403e+02
2.000000e-07	-7.550361e-06	-1.336736e-08	-5.275817e+01	-7.907544e+02
2.100000e-07	-7.491643e-06	-1.330081e-08	-5.234787e+01	-7.887714e+02
2.200000e-07	-7.430266e-06	-1.326338e-08	-5.191900e+01	-7.867020e+02
2.300000e-07	-7.366246e-06	-1.321432e-08	-5.147166e+01	-7.845577e+02
2.400000e-07	-7.299392e-06	-1.319996e-08	-5.100451e+01	-7.823446e+02
2.500000e-07	-7.229810e-06	-1.314136e-08	-5.051831e+01	-7.800588e+02
2.600000e-07	-7.157538e-06	-1.307544e-08	-5.001331e+01	-7.776867e+02
2.700000e-07	-7.082490e-06	-1.306074e-08	-4.948891e+01	-7.752085e+02
2.800000e-07	-7.004642e-06	-1.304125e-08	-4.894495e+01	-7.726060e+02
2.900000e-07	-6.924067e-06	-1.299384e-08	-4.838193e+01	-7.698692e+02
3.000000e-07	-6.841054e-06	-1.290097e-08	-4.780188e+01	-7.670005e+02
3.100000e-07	-6.755791e-06	-1.286212e-08	-4.720611e+01	-7.640132e+02
3.200000e-07	-6.668210e-06	-1.283206e-08	-4.659413e+01	-7.609259e+02
3.300000e-07	-6.578255e-06	-1.277146e-08	-4.596557e+01	-7.577545e+02
3.400000e-07	-6.485973e-06	-1.270448e-08	-4.532075e+01	-7.545050e+02
3.500000e-07	-6.391373e-06	-1.264829e-08	-4.465973e+01	-7.511707e+02
3.600000e-07	-6.294345e-06	-1.261145e-08	-4.398175e+01	-7.477346e+02
3.700000e-07	-6.194975e-06	-1.254428e-08	-4.328740e+01	-7.441766e+02
3.800000e-07	-6.093494e-06	-1.246278e-08	-4.257830e+01	-7.404816e+02
3.900000e-07	-5.989886e-06	-1.239277e-08	-4.185434e+01	-7.366454e+02
4.000000e-07	-5.884063e-06	-1.234742e-08	-4.111490e+01	-7.326760e+02
4.100000e-07	-5.776100e-06	-1.228828e-08	-4.036051e+01	-7.285888e+02
4.200000e-07	-5.666086e-06	-1.220030e-08	-3.959179e+01	-7.243990e+02
4.300000e-07	-5.554073e-06	-1.212139e-08	-3.880910e+01	-7.201127e+02
4.400000e-07	-5.439931e-06	-1.205955e-08	-3.801153e+01	-7.157227e+02
4.500000e-07	-5.323557e-06	-1.198867e-08	-3.719836e+01	-7.112097e+02
4.600000e-07	-5.205102e-06	-1.189467e-08	-3.637066e+01	-7.065493e+02
4.700000e-07	-5.084758e-06	-1.180849e-08	-3.552976e+01	-7.017214e+02
4.800000e-07	-4.962578e-06	-1.173831e-08	-3.467602e+01	-6.967186e+02
4.900000e-07	-4.838612e-06	-1.166292e-08	-3.380981e+01	-6.915496e+02
5.000000e-07	-4.712940e-06	-1.156280e-08	-3.293168e+01	-6.862351e+02
5.100000e-07	-4.585610e-06	-1.145910e-08	-3.204196e+01	-6.807991e+02
5.200000e-07	-4.456661e-06	-1.136948e-08	-3.114093e+01	-6.752568e+02
5.300000e-07	-4.326083e-06	-1.128106e-08	-3.022851e+01	-6.696067e+02
5.400000e-07	-4.193911e-06	-1.117674e-08	-2.930496e+01	-6.638278e+02
5.500000e-07	-4.060162e-06	-1.106971e-08	-2.837039e+01	-6.578854e+02
5.600000e-07	-3.924918e-06	-1.097657e-08	-2.742537e+01	-6.517422e+02
5.700000e-07	-3.788254e-06	-1.088079e-08	-2.647043e+01	-6.453705e+02
5.800000e-07	-3.650146e-06	-1.076311e-08	-2.550540e+01	-6.387613e+02
5.900000e-07	-3.510572e-06	-1.063493e-08	-2.453013e+01	-6.319250e+02
6.000000e-07	-3.369636e-06	-1.052131e-08	-2.354534e+01	-6.248850e+02
6.100000e-07	-3.227400e-06	-1.041178e-08	-2.255146e+01	-6.176659e+02
6.200000e-07	-3.083860e-06	-1.028601e-08	-2.154848e+01	-6.102803e+02
6.300000e-07	-2.939142e-06	-1.014856e-08	-2.053726e+01	-6.027217e+02
6.400000e-07	-2.793392e-06	-1.002016e-08	-1.951883e+01	-5.949641e+02
6.500000e-07	-2.646690e-06	-9.893699e-09	-1.849375e+01	-5.869702e+02
6.600000e-07	-2.499059e-06	-9.749531e-09	-1.746218e+01	-5.787038e+02
6.700000e-07	-2.350635e-06	-9.593957e-09	-1.642507e+01	-5.701415e+02
6.800000e-07	-2.201473e-06	-9.446849e-09	-1.538279e+01	-5.612785e+02
6.900000e-07	-2.051451e-06	-9.305591e-09	-1.433452e+01	-5.521262e+02
7.000000e-07	-1.900640e-06	-9.150126e-09	-1.328073e+01	-5.427029e+02
7.100000e-07	-1.749203e-06	-8.980058e-09	-1.222256e+01	-5.330204e+02
7.200000e-07	-1.597233e-06	-8.810190e-09	-1.116067e+01	-5.230741e+02
7.300000e-07	-1.444681e-06	-8.644238e-09	-1.009471e+01	-5.128391e+02
7.400000e-07	-1.291550e-06	-8.466693e-09	-9.024710e+00	-5.022752e+02
7.500000e-07	-1.137969e-06	-8.276425e-09	-7.951560e+00	-4.913380e+02
7.600000e-07	-9.840143e-07	-8.086820e-09	-6.875802e+00	-4.799917e+02
7.700000e-07	-8.296989e-07	-7.898938e-09	-5.797523e+00	-4.682155e+02
7.800000e-07	-6.750087e-07	-7.696842e-09	-4.716625e+00	-4.560032e+02
7.900000e-07	-5.200507e-07	-7.475994e-09	-3.633855e+00	-4.433523e+02
8.000000e-07	-3.649352e-07	-7.251095e-09	-2.549986e+00	-4.302478e+02
8.100000e-07	-2.096439e-07	-7.025377e-09	-1.464887e+00	-4.166480e+02
8.200000e-07	-5.419688e-08	-6.788653e-09	-3.787008e-01	-4.024776e+02
8.300000e-07	1.012246e-07	-6.535975e-09	7.073071e-01	-3.876336e+02
8.400000e-07	2.565344e-07	-6.272808e-09	1.792534e+00	-3.720018e+02
8.500000e-07	4.117431e-07	-5.998667e-09	2.877056e+00	-3.554802e+02
8.600000e-07	5.668050e-07	-5.703813e-09	3.960551e+00	-3.379992e+02
8.700000e-07	7.216586e-07	-5.383693e-09	5.042591e+00	-3.195314e+02
8.800000e-07	8.762022e-07	-5.048876e-09	6.122465e+00	-3.000854e+02
8.900000e-07	1.030368e-06	-4.708134e-09	7.199699e+00	-2.796847e+02
9.000000e-07	1.184146e-06	-4.353219e-09	8.274221e+00	-2.583373e+02
9.100000e-07	1.337555e-06	-3.975851e-09	9.346165e+00	-2.360064e+02
9.200000e-07	1.490497e-06	-3.580590e-09	1.041485e+01	-2.125928e+02
9.300000e-07	1.642877e-06	-3.170872e-09	1.147961e+01	-1.879356e+02
9.400000e-07	1.794724e-06	-2.731913e-09	1.254064e+01	-1.618336e+02
9.500000e-07	1.945962e-06	-2.253658e-09	1.359741e+01	-1.340818e+02
9.600000e-07	2.096518e-06	-1.744995e-09	1.464943e+01	-1.045147e+02
9.700000e-07	2.246271e-06	-1.214998e-09	1.569582e+01	-7.304582e+01
9.800000e-07	2.395122e-06	-6.576210e-10	1.673592e+01	-3.969396e+01
9.900000e-07	2.543115e-06	-6.338212e-11	1.777002e+01	-4.592620e+00
1.000000e-06	2.690173e-06	5.589827e-10	1.879759e+01	3.201747e+01
1.010000e-06	2.836268e-06	1.195090e-09	1.981843e+01	6.980810e+01
1.020000e-06	2.981368e-06	1.842900e-09	2.083232e+01	1.083894e+02
1.030000e-06	3.125372e-06	2.505096e-09	2.183854e+01	1.473364e+02
1.040000e-06	3.268271e-06	3.167948e-09	2.283705e+01	1.862129e+02
1.050000e-06	3.409950e-06	3.814774e-09	2.382704e+01	2.245927e+02
1.060000e-06	3.550278e-06	4.441993e-09	2.480758e+01	2.620788e+02
1.070000e-06	3.689229e-06	5.053256e-09	2.577850e+01	2.983211e+02
1.080000e-06	3.826806e-06	5.642204e-09	2.673982e+01	3.330342e+02
1.090000e-06	3.962993e-06	6.196704e-09	2.769142e+01	3.660111e+02
1.100000e-06	4.097727e-06	6.716503e-09	2.863288e+01	3.971303e+02
1.110000e-06	4.230960e-06	7.209932e-09	2.956384e+01	4.263531e+02
1.120000e-06	4.362587e-06	7.676393e-09	3.048358e+01	4.537107e+02
1.130000e-06	4.492648e-06	8.107050e-09	3.139239e+01	4.792822e+02
1.140000e-06	4.621265e-06	8.504587e-09	3.229110e+01	5.031695e+02
1.150000e-06	4.748266e-06	8.878078e-09	3.317852e+01	5.254744e+02
1.160000e-06	4.873569e-06	9.228749e-09	3.405408e+01	5.462844e+02
1.170000e-06	4.997091e-06	9.551248e-09	3.491718e+01	5.656695e+02
1.180000e-06	5.118791e-06	9.847602e-09	3.576756e+01	5.836887e+02
1.190000e-06	5.238684e-06	1.012645e-08	3.660531e+01	6.004017e+02
1.200000e-06	5.356611e-06	1.039071e-08	3.742933e+01	6.158811e+02
1.210000e-06	5.472461e-06	1.063315e-08	3.823883e+01	6.302169e+02
1.220000e-06	5.586245e-06	1.085329e-08	3.903390e+01	6.435142e+02
1.230000e-06	5.697995e-06	1.106023e-08	3.981475e+01	6.558818e+02
1.240000e-06	5.807755e-06	1.125778e-08	4.058170e+01	6.674190e+02
1.250000e-06	5.915451e-06	1.144032e-08	4.133422e+01	6.782040e+02
1.260000e-06	6.020962e-06	1.160558e-08	4.207149e+01	6.882887e+02
1.270000e-06	6.124326e-06	1.176045e-08	4.279374e+01	6.977028e+02
1.280000e-06	6.225543e-06	1.190946e-08	4.350100e+01	7.064645e+02
1.290000e-06	6.324510e-06	1.204818e-08	4.419253e+01	7.145932e+02
1.300000e-06	6.421111e-06	1.217189e-08	4.486753e+01	7.221202e+02
1.310000e-06	6.515411e-06	1.228520e-08	4.552645e+01	7.290921e+02
1.320000e-06	6.607455e-06	1.239363e-08	4.616961e+01	7.355667e+02
1.330000e-06	6.697213e-06	1.249579e-08	4.679679e+01	7.416041e+02
1.340000e-06	6.784622e-06	1.258895e-08	4.740756e+01	7.472557e+02
1.350000e-06	6.869662e-06	1.267649e-08	4.800178e+01	7.525574e+02
1.360000e-06	6.952273e-06	1.276160e-08	4.857902e+01	7.575284e+02
1.370000e-06	7.032402e-06	1.284241e-08	4.913892e+01	7.621774e+02
1.380000e-06	7.109986e-06	1.291451e-08	4.968104e+01	7.665113e+02
1.390000e-06	7.184839e-06	1.297981e-08	5.020408e+01	7.705439e+02
1.400000e-06	7.257019e-06	1.304274e-08	5.070843e+01	7.743005e+02
1.410000e-06	7.326675e-06	1.310220e-08	5.119515e+01	7.778154e+02
1.420000e-06	7.393712e-06	1.315558e-08	5.166358e+01	7.811241e+02
1.430000e-06	7.458049e-06	1.320463e-08	5.211313e+01	7.842542e+02
1.440000e-06	7.519876e-06	1.325432e-08	5.254515e+01	7.872177e+02
1.450000e-06	7.579184e-06	1.330521e-08	5.295957e+01	7.900097e+02
1.460000e-06	7.635791e-06	1.335313e-08	5.335511e+01	7.926136e+02
1.470000e-06	7.689541e-06	1.339402e-08	5.373069e+01	7.950104e+02
1.480000e-06	7.740088e-06	1.343011e-08	5.408388e+01	7.971903e+02
1.490000e-06	7.787499e-06	1.346363e-08	5.441516e+01	7.991591e+02
1.500000e-06	7.832179e-06	1.349276e-08	5.472736e+01	8.009391e+02
1.510000e-06	7.874064e-06	1.351746e-08	5.502004e+01	8.025630e+02
1.520000e-06	7.913124e-06	1.354074e-08	5.529297e+01	8.040634e+02
1.530000e-06	7.949501e-06	1.356508e-08	5.554716e+01	8.054622e+02
1.540000e-06	7.983062e-06	1.358972e-08	5.578166e+01	8.067642e+02
1.550000e-06	8.013789e-06	1.360939e-08	5.599637e+01	8.079575e+02
1.560000e-06	8.041806e-06	1.362371e-08	5.619213e+01	8.090207e+02
1.570000e-06	8.066946e-06	1.363757e-08	5.636780e+01	8.099328e+02
1.580000e-06	8.089204e-06	1.365094e-08	5.652333e+01	8.106839e+02
1.590000e-06	8.108766e-06	1.366097e-08	5.666002e+01	8.112796e+02
1.600000e-06	8.125487e-06	1.366737e-08	5.677686e+01	8.117406e+02
1.610000e-06	8.139143e-06	1.367341e-08	5.687228e+01	8.120954e+02
1.620000e-06	8.149625e-06	1.367914e-08	5.694552e+01	8.123704e+02
1.630000e-06	8.157044e-06	1.368094e-08	5.699736e+01	8.125817e+02
1.640000e-06	8.161654e-06	1.367727e-08	5.702957e+01	8.127308e+02
1.650000e-06	8.163361e-06	1.367506e-08	5.704150e+01	8.128067e+02
1.660000e-06	8.162203e-06	1.367944e-08	5.703341e+01	8.127921e+02
1.670000e-06	8.158408e-06	1.368226e-08	5.700689e+01	8.126718e+02
1.680000e-06	8.151893e-06	1.367715e-08	5.696137e+01	8.124386e+02
1.690000e-06	8.142689e-06	1.366774e-08	5.689705e+01	8.120961e+02
1.700000e-06	8.130717e-06	1.365983e-08	5.681340e+01	8.116551e+02
1.710000e-06	8.115880e-06	1.364835e-08	5.670973e+01	8.111278e+02
1.720000e-06	8.098483e-06	1.362641e-08	5.658817e+01	8.105217e+02
1.730000e-06	8.078757e-06	1.361625e-08	5.645033e+01	8.098355e+02
1.740000e-06	8.056230e-06	1.365280e-08	5.629292e+01	8.090602e+02
1.750000e-06	8.030140e-06	1.365274e-08	5.611062e+01	8.081830e+02
1.760000e-06	8.000308e-06	1.360632e-08	5.590217e+01	8.071937e+02
1.770000e-06	7.967377e-06	1.356241e-08	5.567207e+01	8.060895e+02
1.780000e-06	7.932009e-06	1.353265e-08	5.542493e+01	8.048768e+02
1.790000e-06	7.894207e-06	1.348839e-08	5.516078e+01	8.035683e+02
1.800000e-06	7.854269e-06	1.350375e-08	5.488172e+01	8.021779e+02
1.810000e-06	7.812209e-06	1.347341e-08	5.458782e+01	8.007147e+02
1.820000e-06	7.767444e-06	1.341642e-08	5.427503e+01	7.991797e+02
1.830000e-06	7.719967e-06	1.346762e-08	5.394329e+01	7.975658e+02
1.840000e-06	7.669424e-06	1.339401e-08	5.359012e+01	7.958620e+02
1.850000e-06	7.615642e-06	1.336222e-08	5.321431e+01	7.940594e+02
1.860000e-06	7.559140e-06	1.331406e-08	5.281951e+01	7.921556e+02
1.870000e-06	7.499979e-06	1.326436e-08	5.240612e+01	7.901563e+02
1.880000e-06	7.438194e-06	1.328792e-08	5.197439e+01	7.880728e+02
1.890000e-06	7.373651e-06	1.320705e-08	5.152340e+01	7.859159e+02
1.900000e-06	7.306383e-06	1.320233e-08	5.105336e+01	7.836904e+02
1.910000e-06	7.236347e-06	1.315978e-08	5.056399e+01	7.813904e+02
1.920000e-06	7.163432e-06	1.310252e-08	5.005450e+01	7.790008e+02
1.930000e-06	7.087849e-06	1.306170e-08	4.952636e+01	7.765016e+02
1.940000e-06	7.009523e-06	1.299068e-08	4.897905e+01	7.738755e+02
1.950000e-06	6.928659e-06	1.299069e-08	4.841402e+01	7.711146e+02
1.960000e-06	6.845331e-06	1.293002e-08	4.783176e+01	7.682234e+02
1.970000e-06	6.759436e-06	1.289483e-08	4.723157e+01	7.652168e+02
1.980000e-06	6.671122e-06	1.283258e-08	4.661448e+01	7.621136e+02
1.990000e-06	6.580456e-06	1.275948e-08	4.598095e+01	7.589281e+02
2.000000e-06	6.487493e-06	1.271734e-08	4.533137e+01	7.556643e+02
2.010000e-06	6.392187e-06	1.264369e-08	4.466542e+01	7.523132e+02
2.020000e-06	6.294625e-06	1.260718e-08	4.398371e+01	7.488568e+02
2.030000e-06	6.194862e-06	1.254150e-08	4.328661e+01	7.452751e+02
2.040000e-06	6.092840e-06	1.249611e-08	4.257373e+01	7.415548e+02
2.050000e-06	5.988599e-06	1.241939e-08	4.184535e+01	7.376939e+02
2.060000e-06	5.882245e-06	1.234107e-08	4.110220e+01	7.337022e+02
2.070000e-06	5.773822e-06	1.227131e-08	4.034459e+01	7.295958e+02
2.080000e-06	5.663266e-06	1.219860e-08	3.957208e+01	7.253886e+02
2.090000e-06	5.550650e-06	1.213468e-08	3.878518e+01	7.210846e+02
2.100000e-06	5.435891e-06	1.205528e-08	3.798330e+01	7.166743e+02
2.110000e-06	5.318978e-06	1.198821e-08	3.716637e+01	7.121368e+02
2.120000e-06	5.200020e-06	1.190537e-08	3.633515e+01	7.074477e+02
2.130000e-06	5.079103e-06	1.182115e-08	3.549024e+01	7.025886e+02
2.140000e-06	4.956368e-06	1.172373e-08	3.463263e+01	6.975550e+02
2.150000e-06	4.831843e-06	1.164353e-08	3.376252e+01	6.923582e+02
2.160000e-06	4.705584e-06	1.156414e-08	3.288028e+01	6.870204e+02
2.170000e-06	4.577678e-06	1.147638e-08	3.198654e+01	6.815646e+02
2.180000e-06	4.448160e-06	1.137518e-08	3.108153e+01	6.760038e+02
2.190000e-06	4.317035e-06	1.127767e-08	3.016529e+01	6.703327e+02
2.200000e-06	4.184367e-06	1.118385e-08	2.923827e+01	6.645273e+02
2.210000e-06	4.050195e-06	1.107984e-08	2.830075e+01	6.585517e+02
2.220000e-06	3.914574e-06	1.097265e-08	2.735309e+01	6.523692e+02
2.230000e-06	3.777443e-06	1.086482e-08	2.639489e+01	6.459552e+02
2.240000e-06	3.638903e-06	1.076430e-08	2.542684e+01	6.393041e+02
2.250000e-06	3.499080e-06	1.064795e-08	2.444983e+01	6.324295e+02
2.260000e-06	3.357946e-06	1.052210e-08	2.346366e+01	6.253559e+02
2.270000e-06	3.215555e-06	1.039238e-08	2.246870e+01	6.181066e+02
2.280000e-06	3.071980e-06	1.027075e-08	2.146546e+01	6.106912e+02
2.290000e-06	2.927235e-06	1.014618e-08	2.045406e+01	6.030994e+02
2.300000e-06	2.781379e-06	1.001517e-08	1.943489e+01	5.953024e+02
2.310000e-06	2.634619e-06	9.882566e-09	1.840941e+01	5.872622e+02
2.320000e-06	2.487000e-06	9.747841e-09	1.737792e+01	5.789442e+02
2.330000e-06	2.338500e-06	9.603924e-09	1.634027e+01	5.703280e+02
2.340000e-06	2.189189e-06	9.445064e-09	1.529696e+01	5.614121e+02
2.350000e-06	2.039082e-06	9.282506e-09	1.424809e+01	5.522101e+02
2.360000e-06	1.888154e-06	9.124639e-09	1.319348e+01	5.427400e+02
2.370000e-06	1.736598e-06	8.965294e-09	1.213448e+01	5.330113e+02
2.380000e-06	1.584559e-06	8.797782e-09	1.107211e+01	5.230158e+02
2.390000e-06	1.431977e-06	8.624218e-09	1.000594e+01	5.127252e+02
2.400000e-06	1.278796e-06	8.446858e-09	8.935591e+00	5.020978e+02
2.410000e-06	1.125077e-06	8.261758e-09	7.861474e+00	4.910898e+02
2.420000e-06	9.709298e-07	8.061030e-09	6.784374e+00	4.796676e+02
2.430000e-06	8.164358e-07	7.855639e-09	5.704847e+00	4.678138e+02
2.440000e-06	6.616484e-07	7.652144e-09	4.623270e+00	4.555235e+02
2.450000e-06	5.066860e-07	7.445425e-09	3.540470e+00	4.427932e+02
2.460000e-06	3.515907e-07	7.223634e-09	2.456741e+00	4.296043e+02
2.470000e-06	1.963503e-07	6.990435e-09	1.371998e+00	4.159090e+02
2.480000e-06	4.102758e-08	6.751895e-09	2.866803e-01	4.016265e+02
2.490000e-06	-1.142785e-07	6.500255e-09	-7.985215e-01	3.866501e+02
2.500000e-06	-2.694987e-07	6.229856e-09	-1.883123e+00	3.708662e+02
2.510000e-06	-4.246317e-07	5.944740e-09	-2.967115e+00	3.541771e+02
2.520000e-06	-5.796253e-07	5.652396e-09	-4.050133e+00	3.365207e+02
2.530000e-06	-7.344039e-07	5.345596e-09	-5.131649e+00	3.178767e+02
2.540000e-06	-8.889173e-07	5.015618e-09	-6.211311e+00	2.982585e+02
2.550000e-06	-1.043112e-06	4.666611e-09	-7.288745e+00	2.776891e+02
2.560000e-06	-1.196898e-06	4.305785e-09	-8.363324e+00	2.561705e+02
2.570000e-06	-1.350148e-06	3.929358e-09	-9.434163e+00	2.336554e+02
2.580000e-06	-1.502802e-06	3.530207e-09	-1.050083e+01	2.100330e+02
2.590000e-06	-1.654867e-06	3.107868e-09	-1.156339e+01	1.851332e+02
2.600000e-06	-1.806363e-06	2.665583e-09	-1.262196e+01	1.587510e+02
2.610000e-06	-1.957231e-06	2.199509e-09	-1.367616e+01	1.306854e+02
2.620000e-06	-2.107367e-06	1.699223e-09	-1.472523e+01	1.007822e+02
2.630000e-06	-2.256744e-06	1.162973e-09	-1.576901e+01	6.897238e+01
2.640000e-06	-2.405356e-06	5.978350e-10	-1.680743e+01	3.529502e+01
2.650000e-06	-2.553154e-06	8.530970e-12	-1.784017e+01	-9.625047e-02
2.660000e-06	-2.700094e-06	-6.064917e-10	-1.886691e+01	-3.694338e+01
2.670000e-06	-2.846062e-06	-1.244962e-09	-1.988686e+01	-7.490517e+01
2.680000e-06	-2.990933e-06	-1.895334e-09	-2.089915e+01	-1.135836e+02
2.690000e-06	-3.134651e-06	-2.547998e-09	-2.190338e+01	-1.525500e+02
2.700000e-06	-3.277150e-06	-3.198953e-09	-2.289910e+01	-1.913685e+02
2.710000e-06	-3.418418e-06	-3.843689e-09	-2.388620e+01	-2.296168e+02
2.720000e-06	-3.558419e-06	-4.471088e-09	-2.486446e+01	-2.669047e+02
2.730000e-06	-3.697116e-06	-5.073086e-09	-2.583361e+01	-3.028928e+02
2.740000e-06	-3.834438e-06	-5.650387e-09	-2.679315e+01	-3.373087e+02
2.750000e-06	-3.970313e-06	-6.202434e-09	-2.774257e+01	-3.699603e+02
2.760000e-06	-4.104696e-06	-6.723433e-09	-2.868157e+01	-4.007415e+02
2.770000e-06	-4.237590e-06	-7.210792e-09	-2.961017e+01	-4.296272e+02
2.780000e-06	-4.369021e-06	-7.665854e-09	-3.052854e+01	-4.566591e+02
2.790000e-06	-4.498962e-06	-8.091761e-09	-3.143650e+01	-4.819222e+02
2.800000e-06	-4.627317e-06	-8.490761e-09	-3.233339e+01	-5.055198e+02
2.810000e-06	-4.754007e-06	-8.862444e-09	-3.321863e+01	-5.275518e+02
2.820000e-06	-4.879054e-06	-9.208450e-09	-3.409240e+01	-5.481028e+02
2.830000e-06	-5.002379e-06	-9.534679e-09	-3.495414e+01	-5.672398e+02
2.840000e-06	-5.123876e-06	-9.841004e-09	-3.580309e+01	-5.850211e+02
2.850000e-06	-5.243456e-06	-1.012125e-08	-3.663866e+01	-6.015081e+02
2.860000e-06	-5.361038e-06	-1.037702e-08	-3.746027e+01	-6.167762e+02
2.870000e-06	-5.476507e-06	-1.061464e-08	-3.826710e+01	-6.309186e+02
2.880000e-06	-5.589729e-06	-1.083619e-08	-3.905825e+01	-6.440419e+02
2.890000e-06	-5.700814e-06	-1.103984e-08	-3.983445e+01	-6.562545e+02
2.900000e-06	-5.809838e-06	-1.122967e-08	-4.059626e+01	-6.676525e+02
2.910000e-06	-5.916829e-06	-1.141117e-08	-4.134386e+01	-6.783093e+02
2.920000e-06	-6.021809e-06	-1.158269e-08	-4.207740e+01	-6.882726e+02
2.930000e-06	-6.124589e-06	-1.174117e-08	-4.279558e+01	-6.975691e+02
2.940000e-06	-6.225100e-06	-1.188644e-08	-4.349790e+01	-7.062161e+02
2.950000e-06	-6.323426e-06	-1.202031e-08	-4.418495e+01	-7.142347e+02
2.960000e-06	-6.419580e-06	-1.214609e-08	-4.485683e+01	-7.216587e+02
2.970000e-06	-6.513474e-06	-1.226277e-08	-4.551291e+01	-7.285373e+02
2.980000e-06	-6.605046e-06	-1.237041e-08	-4.615277e+01	-7.349296e+02
2.990000e-06	-6.694336e-06	-1.247308e-08	-4.677668e+01	-7.408948e+02
3.000000e-06	-6.781283e-06	-1.257175e-08	-4.738423e+01	-7.464818e+02
3.010000e-06	-6.865748e-06	-1.266189e-08	-4.797443e+01	-7.517234e+02
3.020000e-06	-6.947838e-06	-1.274112e-08	-4.854803e+01	-7.566366e+02
3.030000e-06	-7.027474e-06	-1.281435e-08	-4.910449e+01	-7.612287e+02
3.040000e-06	-7.104403e-06	-1.288456e-08	-4.964203e+01	-7.655075e+02
3.050000e-06	-7.178602e-06	-1.295198e-08	-5.016050e+01	-7.694886e+02
3.060000e-06	-7.250138e-06	-1.301515e-08	-5.066035e+01	-7.731995e+02
3.070000e-06	-7.319080e-06	-1.307540e-08	-5.114209e+01	-7.766750e+02
3.080000e-06	-7.385467e-06	-1.313331e-08	-5.160596e+01	-7.799502e+02
3.090000e-06	-7.449239e-06	-1.318614e-08	-5.205157e+01	-7.830502e+02
3.100000e-06	-7.510339e-06	-1.323366e-08	-5.247851e+01	-7.859839e+02
3.110000e-06	-7.568773e-06	-1.327847e-08	-5.288682e+01	-7.887438e+02
3.120000e-06	-7.624465e-06	-1.332075e-08	-5.327596e+01	-7.913120e+02
3.130000e-06	-7.677263e-06	-1.336085e-08	-5.364489e+01	-7.936705e+02
3.140000e-06	-7.726991e-06	-1.339608e-08	-5.399237e+01	-7.958117e+02
3.150000e-06	-7.773687e-06	-1.342566e-08	-5.431865e+01	-7.977447e+02
3.160000e-06	-7.817730e-06	-1.345375e-08	-5.462640e+01	-7.994943e+02
3.170000e-06	-7.859293e-06	-1.348281e-08	-5.491682e+01	-8.010941e+02
3.180000e-06	-7.898112e-06	-1.351094e-08	-5.518807e+01	-8.025752e+02
3.190000e-06	-7.934100e-06	-1.353708e-08	-5.543954e+01	-8.039569e+02
3.200000e-06	-7.967373e-06	-1.355970e-08	-5.567204e+01	-8.052408e+02
3.210000e-06	-7.997766e-06	-1.357905e-08	-5.588441e+01	-8.064126e+02
3.220000e-06	-8.025243e-06	-1.359676e-08	-5.607640e+01	-8.074501e+02
3.230000e-06	-8.050003e-06	-1.360965e-08	-5.624941e+01	-8.083339e+02
3.240000e-06	-8.071900e-06	-1.362042e-08	-5.640242e+01	-8.090563e+02
3.250000e-06	-8.090904e-06	-1.363134e-08	-5.653521e+01	-8.096262e+02
3.260000e-06	-8.107109e-06	-1.364140e-08	-5.664844e+01	-8.100661e+02
3.270000e-06	-8.120209e-06	-1.364888e-08	-5.673997e+01	-8.104049e+02
3.280000e-06	-8.130178e-06	-1.365551e-08	-5.680964e+01	-8.106677e+02
3.290000e-06	-8.137189e-06	-1.366214e-08	-5.685862e+01	-8.108683e+02
3.300000e-06	-8.141326e-06	-1.366604e-08	-5.688754e+01	-8.110054e+02
3.310000e-06	-8.142754e-06	-1.366707e-08	-5.689751e+01	-8.110665e+02
