# Temperatura_=_54.35
# Concentracion g/m^3_=_11780.0
# C_Vs_to_Am_M_A/Vsm_=_59384043850.047264
# pendiente_HvsI_1/m_=_3716.3
# ordenada_HvsI_A/m_=_1297.0
# frecuencia_Hz_=_301536.83279071184

Tiempo_(s)	Campo_(V.s)	Magnetizacion_(V.s)	Campo_(kA/m)	Magnetizacion_(A/m)
0.000000e+00	-8.111709e-06	-1.367582e-08	-5.689888e+01	-8.118561e+02
1.000000e-08	-8.108743e-06	-1.367545e-08	-5.687807e+01	-8.117559e+02
2.000000e-08	-8.103047e-06	-1.367090e-08	-5.683812e+01	-8.115643e+02
3.000000e-08	-8.094813e-06	-1.366508e-08	-5.678036e+01	-8.112734e+02
4.000000e-08	-8.083776e-06	-1.365918e-08	-5.670294e+01	-8.108817e+02
5.000000e-08	-8.069763e-06	-1.365292e-08	-5.660465e+01	-8.103933e+02
6.000000e-08	-8.052897e-06	-1.364387e-08	-5.648635e+01	-8.098150e+02
7.000000e-08	-8.033498e-06	-1.363188e-08	-5.635028e+01	-8.091517e+02
8.000000e-08	-8.011592e-06	-1.362999e-08	-5.619661e+01	-8.084040e+02
9.000000e-08	-7.986601e-06	-1.360392e-08	-5.602132e+01	-8.075671e+02
1.000000e-07	-7.958294e-06	-1.355663e-08	-5.582276e+01	-8.066332e+02
1.100000e-07	-7.927003e-06	-1.354602e-08	-5.560327e+01	-8.055946e+02
1.200000e-07	-7.892921e-06	-1.356199e-08	-5.536421e+01	-8.044472e+02
1.300000e-07	-7.856260e-06	-1.355357e-08	-5.510705e+01	-8.031924e+02
1.400000e-07	-7.817368e-06	-1.351270e-08	-5.483425e+01	-8.018363e+02
1.500000e-07	-7.776196e-06	-1.350014e-08	-5.454545e+01	-8.003875e+02
1.600000e-07	-7.732317e-06	-1.348288e-08	-5.423766e+01	-7.988539e+02
1.700000e-07	-7.685605e-06	-1.342967e-08	-5.391001e+01	-7.972402e+02
1.800000e-07	-7.636011e-06	-1.339728e-08	-5.356214e+01	-7.955470e+02
1.900000e-07	-7.583295e-06	-1.335767e-08	-5.319236e+01	-7.937712e+02
2.000000e-07	-7.527691e-06	-1.334551e-08	-5.280233e+01	-7.919082e+02
2.100000e-07	-7.469419e-06	-1.332650e-08	-5.239359e+01	-7.899533e+02
2.200000e-07	-7.408530e-06	-1.328196e-08	-5.196649e+01	-7.879030e+02
2.300000e-07	-7.345041e-06	-1.325761e-08	-5.152115e+01	-7.857548e+02
2.400000e-07	-7.278746e-06	-1.320525e-08	-5.105613e+01	-7.835062e+02
2.500000e-07	-7.209721e-06	-1.317115e-08	-5.057196e+01	-7.811543e+02
2.600000e-07	-7.138058e-06	-1.311703e-08	-5.006929e+01	-7.786960e+02
2.700000e-07	-7.063661e-06	-1.306457e-08	-4.954743e+01	-7.761283e+02
2.800000e-07	-6.986482e-06	-1.303797e-08	-4.900607e+01	-7.734505e+02
2.900000e-07	-6.906523e-06	-1.299906e-08	-4.844521e+01	-7.706652e+02
3.000000e-07	-6.824029e-06	-1.295087e-08	-4.786656e+01	-7.677774e+02
3.100000e-07	-6.739286e-06	-1.288557e-08	-4.727213e+01	-7.647936e+02
3.200000e-07	-6.652277e-06	-1.284874e-08	-4.666182e+01	-7.617177e+02
3.300000e-07	-6.562931e-06	-1.279085e-08	-4.603511e+01	-7.585490e+02
3.400000e-07	-6.471214e-06	-1.272331e-08	-4.539177e+01	-7.552809e+02
3.500000e-07	-6.377189e-06	-1.266698e-08	-4.473224e+01	-7.519018e+02
3.600000e-07	-6.280839e-06	-1.261351e-08	-4.405640e+01	-7.483995e+02
3.700000e-07	-6.182072e-06	-1.256019e-08	-4.336361e+01	-7.447655e+02
3.800000e-07	-6.081042e-06	-1.248985e-08	-4.265494e+01	-7.409990e+02
3.900000e-07	-5.977884e-06	-1.242808e-08	-4.193135e+01	-7.371074e+02
4.000000e-07	-5.872617e-06	-1.236290e-08	-4.119296e+01	-7.331039e+02
4.100000e-07	-5.765206e-06	-1.229981e-08	-4.043953e+01	-7.290014e+02
4.200000e-07	-5.655769e-06	-1.222044e-08	-3.967190e+01	-7.248058e+02
4.300000e-07	-5.544343e-06	-1.214168e-08	-3.889031e+01	-7.205120e+02
4.400000e-07	-5.430778e-06	-1.207055e-08	-3.809372e+01	-7.161031e+02
4.500000e-07	-5.315021e-06	-1.199841e-08	-3.728175e+01	-7.115552e+02
4.600000e-07	-5.197186e-06	-1.192003e-08	-3.645521e+01	-7.068455e+02
4.700000e-07	-5.077462e-06	-1.183416e-08	-3.561542e+01	-7.019605e+02
4.800000e-07	-4.955950e-06	-1.175553e-08	-3.476308e+01	-6.969015e+02
4.900000e-07	-4.832627e-06	-1.166927e-08	-3.389804e+01	-6.916841e+02
5.000000e-07	-4.707539e-06	-1.157285e-08	-3.302062e+01	-6.863320e+02
5.100000e-07	-4.580843e-06	-1.147071e-08	-3.213193e+01	-6.808670e+02
5.200000e-07	-4.452532e-06	-1.138008e-08	-3.123190e+01	-6.752992e+02
5.300000e-07	-4.322587e-06	-1.128972e-08	-3.032041e+01	-6.696209e+02
5.400000e-07	-4.191014e-06	-1.119081e-08	-2.939750e+01	-6.638072e+02
5.500000e-07	-4.057890e-06	-1.108580e-08	-2.846372e+01	-6.578243e+02
5.600000e-07	-3.923363e-06	-1.098306e-08	-2.752009e+01	-6.516403e+02
5.700000e-07	-3.787427e-06	-1.087813e-08	-2.656658e+01	-6.452361e+02
5.800000e-07	-3.650068e-06	-1.076266e-08	-2.560309e+01	-6.386114e+02
5.900000e-07	-3.511281e-06	-1.064254e-08	-2.462958e+01	-6.317825e+02
6.000000e-07	-3.371040e-06	-1.052697e-08	-2.364587e+01	-6.247731e+02
6.100000e-07	-3.229430e-06	-1.041636e-08	-2.265255e+01	-6.176018e+02
6.200000e-07	-3.086550e-06	-1.029347e-08	-2.165034e+01	-6.102710e+02
6.300000e-07	-2.942487e-06	-1.016051e-08	-2.063982e+01	-6.027620e+02
6.400000e-07	-2.797356e-06	-1.002515e-08	-1.962181e+01	-5.950392e+02
6.500000e-07	-2.651268e-06	-9.890831e-09	-1.859709e+01	-5.870611e+02
6.600000e-07	-2.504261e-06	-9.749101e-09	-1.756592e+01	-5.787942e+02
6.700000e-07	-2.356389e-06	-9.600893e-09	-1.652869e+01	-5.702243e+02
6.800000e-07	-2.207773e-06	-9.455589e-09	-1.548623e+01	-5.613595e+02
6.900000e-07	-2.058447e-06	-9.310402e-09	-1.443879e+01	-5.522240e+02
7.000000e-07	-1.908362e-06	-9.155033e-09	-1.338604e+01	-5.428443e+02
7.100000e-07	-1.757562e-06	-8.989707e-09	-1.232827e+01	-5.332334e+02
7.200000e-07	-1.606177e-06	-8.822367e-09	-1.126639e+01	-5.233800e+02
7.300000e-07	-1.454207e-06	-8.651515e-09	-1.020041e+01	-5.132464e+02
7.400000e-07	-1.301657e-06	-8.473268e-09	-9.130363e+00	-5.027775e+02
7.500000e-07	-1.148613e-06	-8.286428e-09	-8.056847e+00	-4.919166e+02
7.600000e-07	-9.951616e-07	-8.100088e-09	-6.980475e+00	-4.806222e+02
7.700000e-07	-8.413201e-07	-7.911725e-09	-5.901367e+00	-4.688775e+02
7.800000e-07	-6.871528e-07	-7.710637e-09	-4.819974e+00	-4.566885e+02
7.900000e-07	-5.327976e-07	-7.495430e-09	-3.737262e+00	-4.440705e+02
8.000000e-07	-3.782885e-07	-7.273996e-09	-2.653472e+00	-4.310264e+02
8.100000e-07	-2.236408e-07	-7.047957e-09	-1.568709e+00	-4.175275e+02
8.200000e-07	-6.888812e-08	-6.808770e-09	-4.832098e-01	-4.035021e+02
8.300000e-07	8.587919e-08	-6.556829e-09	6.023921e-01	-3.888409e+02
8.400000e-07	2.405891e-07	-6.295984e-09	1.687591e+00	-3.734153e+02
8.500000e-07	3.951876e-07	-6.025568e-09	2.772009e+00	-3.571064e+02
8.600000e-07	5.496719e-07	-5.735950e-09	3.855625e+00	-3.398308e+02
8.700000e-07	7.040213e-07	-5.423597e-09	4.938296e+00	-3.215564e+02
8.800000e-07	8.581094e-07	-5.095611e-09	6.019134e+00	-3.022982e+02
8.900000e-07	1.011907e-06	-4.757978e-09	7.097937e+00	-2.820965e+02
9.000000e-07	1.165323e-06	-4.404183e-09	8.174060e+00	-2.609818e+02
9.100000e-07	1.318276e-06	-4.029083e-09	9.246933e+00	-2.389396e+02
9.200000e-07	1.470717e-06	-3.638593e-09	1.031622e+01	-2.158858e+02
9.300000e-07	1.622547e-06	-3.234000e-09	1.138121e+01	-1.916643e+02
9.400000e-07	1.773744e-06	-2.803820e-09	1.244177e+01	-1.660668e+02
9.500000e-07	1.924276e-06	-2.338769e-09	1.349767e+01	-1.388727e+02
9.600000e-07	2.074132e-06	-1.844662e-09	1.454882e+01	-1.098968e+02
9.700000e-07	2.223306e-06	-1.325000e-09	1.559519e+01	-7.903343e+01
9.800000e-07	2.371675e-06	-7.730476e-10	1.663591e+01	-4.628645e+01
9.900000e-07	2.519125e-06	-1.846055e-10	1.767018e+01	-1.177811e+01
1.000000e-06	2.665722e-06	4.297574e-10	1.869847e+01	2.426094e+01
1.010000e-06	2.811423e-06	1.058840e-09	1.972048e+01	6.151539e+01
1.020000e-06	2.956140e-06	1.697914e-09	2.073559e+01	9.961439e+01
1.030000e-06	3.099768e-06	2.349650e-09	2.174305e+01	1.381584e+02
1.040000e-06	3.242214e-06	3.005287e-09	2.274223e+01	1.767402e+02
1.050000e-06	3.383467e-06	3.650281e-09	2.373303e+01	2.149592e+02
1.060000e-06	3.523424e-06	4.279880e-09	2.471475e+01	2.524335e+02
1.070000e-06	3.662032e-06	4.894469e-09	2.568700e+01	2.888123e+02
1.080000e-06	3.799274e-06	5.486682e-09	2.664968e+01	3.237914e+02
1.090000e-06	3.935086e-06	6.047557e-09	2.760232e+01	3.571304e+02
1.100000e-06	4.069422e-06	6.575982e-09	2.854460e+01	3.886677e+02
1.110000e-06	4.202287e-06	7.075282e-09	2.947658e+01	4.183277e+02
1.120000e-06	4.333634e-06	7.545495e-09	3.039790e+01	4.461161e+02
1.130000e-06	4.463448e-06	7.982400e-09	3.130847e+01	4.721030e+02
1.140000e-06	4.591633e-06	8.387013e-09	3.220761e+01	4.963957e+02
1.150000e-06	4.718169e-06	8.766562e-09	3.309518e+01	5.191103e+02
1.160000e-06	4.843165e-06	9.126190e-09	3.397196e+01	5.403485e+02
1.170000e-06	4.966504e-06	9.458712e-09	3.483711e+01	5.601855e+02
1.180000e-06	5.088095e-06	9.763745e-09	3.569000e+01	5.786724e+02
1.190000e-06	5.207788e-06	1.004924e-08	3.652958e+01	5.958497e+02
1.200000e-06	5.325525e-06	1.032007e-08	3.735543e+01	6.117646e+02
1.210000e-06	5.441297e-06	1.057022e-08	3.816750e+01	6.264856e+02
1.220000e-06	5.554916e-06	1.079670e-08	3.896448e+01	6.401075e+02
1.230000e-06	5.666428e-06	1.100705e-08	3.974666e+01	6.527451e+02
1.240000e-06	5.775979e-06	1.120779e-08	4.051510e+01	6.645179e+02
1.250000e-06	5.883547e-06	1.139525e-08	4.126963e+01	6.755314e+02
1.260000e-06	5.988936e-06	1.156623e-08	4.200887e+01	6.858628e+02
1.270000e-06	6.092049e-06	1.172547e-08	4.273215e+01	6.955555e+02
1.280000e-06	6.192987e-06	1.187726e-08	4.344017e+01	7.046249e+02
1.290000e-06	6.291737e-06	1.202053e-08	4.413284e+01	7.130723e+02
1.300000e-06	6.388117e-06	1.215092e-08	4.480889e+01	7.209017e+02
1.310000e-06	6.482223e-06	1.227065e-08	4.546899e+01	7.281328e+02
1.320000e-06	6.574158e-06	1.238273e-08	4.611386e+01	7.348068e+02
1.330000e-06	6.663722e-06	1.248584e-08	4.674210e+01	7.409819e+02
1.340000e-06	6.750896e-06	1.257953e-08	4.735357e+01	7.467231e+02
1.350000e-06	6.835800e-06	1.266806e-08	4.794912e+01	7.520896e+02
1.360000e-06	6.918378e-06	1.275348e-08	4.852836e+01	7.571248e+02
1.370000e-06	6.998455e-06	1.283280e-08	4.909005e+01	7.618547e+02
1.380000e-06	7.075941e-06	1.290563e-08	4.963357e+01	7.662909e+02
1.390000e-06	7.150808e-06	1.297528e-08	5.015872e+01	7.704403e+02
1.400000e-06	7.222998e-06	1.304255e-08	5.066509e+01	7.743132e+02
1.410000e-06	7.292575e-06	1.310454e-08	5.115313e+01	7.779286e+02
1.420000e-06	7.359534e-06	1.315981e-08	5.162281e+01	7.813135e+02
1.430000e-06	7.423848e-06	1.321065e-08	5.207393e+01	7.844965e+02
1.440000e-06	7.485689e-06	1.326106e-08	5.250772e+01	7.875002e+02
1.450000e-06	7.544988e-06	1.331135e-08	5.292366e+01	7.903343e+02
1.460000e-06	7.601557e-06	1.335751e-08	5.332046e+01	7.929945e+02
1.470000e-06	7.655280e-06	1.339751e-08	5.369730e+01	7.954664e+02
1.480000e-06	7.705858e-06	1.343561e-08	5.405207e+01	7.977344e+02
1.490000e-06	7.753362e-06	1.347335e-08	5.438528e+01	7.997906e+02
1.500000e-06	7.798169e-06	1.350526e-08	5.469958e+01	8.016412e+02
1.510000e-06	7.840219e-06	1.352973e-08	5.499453e+01	8.033071e+02
1.520000e-06	7.879404e-06	1.355217e-08	5.526940e+01	8.048182e+02
1.530000e-06	7.915904e-06	1.357653e-08	5.552542e+01	8.062046e+02
1.540000e-06	7.949663e-06	1.360017e-08	5.576222e+01	8.074871e+02
1.550000e-06	7.980593e-06	1.361857e-08	5.597918e+01	8.086719e+02
1.560000e-06	8.008768e-06	1.363439e-08	5.617681e+01	8.097503e+02
1.570000e-06	8.034075e-06	1.364973e-08	5.635432e+01	8.107043e+02
1.580000e-06	8.056542e-06	1.366326e-08	5.651191e+01	8.115156e+02
1.590000e-06	8.076271e-06	1.367285e-08	5.665030e+01	8.121740e+02
1.600000e-06	8.093117e-06	1.367861e-08	5.676846e+01	8.126823e+02
1.610000e-06	8.106947e-06	1.368368e-08	5.686547e+01	8.130560e+02
1.620000e-06	8.117645e-06	1.368793e-08	5.694051e+01	8.133184e+02
1.630000e-06	8.125288e-06	1.368930e-08	5.699413e+01	8.134929e+02
1.640000e-06	8.130100e-06	1.368821e-08	5.702788e+01	8.135958e+02
1.650000e-06	8.132042e-06	1.369007e-08	5.704150e+01	8.136327e+02
1.660000e-06	8.131195e-06	1.369061e-08	5.703556e+01	8.135987e+02
1.670000e-06	8.127734e-06	1.368991e-08	5.701128e+01	8.134829e+02
1.680000e-06	8.121589e-06	1.368641e-08	5.696818e+01	8.132739e+02
1.690000e-06	8.112752e-06	1.368037e-08	5.690619e+01	8.129649e+02
1.700000e-06	8.101099e-06	1.367224e-08	5.682446e+01	8.125554e+02
1.710000e-06	8.086583e-06	1.366054e-08	5.672263e+01	8.120504e+02
1.720000e-06	8.069543e-06	1.364779e-08	5.660311e+01	8.114566e+02
1.730000e-06	8.050168e-06	1.363065e-08	5.646720e+01	8.107783e+02
1.740000e-06	8.028051e-06	1.362418e-08	5.631206e+01	8.100150e+02
1.750000e-06	8.002458e-06	1.365231e-08	5.613255e+01	8.091614e+02
1.760000e-06	7.973107e-06	1.364110e-08	5.592667e+01	8.082092e+02
1.770000e-06	7.940539e-06	1.358213e-08	5.569822e+01	8.071512e+02
1.780000e-06	7.905460e-06	1.354259e-08	5.545216e+01	8.059844e+02
1.790000e-06	7.868042e-06	1.353718e-08	5.518970e+01	8.047108e+02
1.800000e-06	7.828496e-06	1.349658e-08	5.491231e+01	8.033375e+02
1.810000e-06	7.786793e-06	1.349127e-08	5.461978e+01	8.018729e+02
1.820000e-06	7.742439e-06	1.346955e-08	5.430866e+01	8.003247e+02
1.830000e-06	7.695371e-06	1.342876e-08	5.397851e+01	7.986968e+02
1.840000e-06	7.645311e-06	1.344803e-08	5.362737e+01	7.969891e+02
1.850000e-06	7.592152e-06	1.337675e-08	5.325449e+01	7.951981e+02
1.860000e-06	7.536194e-06	1.335029e-08	5.286198e+01	7.933189e+02
1.870000e-06	7.477504e-06	1.329980e-08	5.245030e+01	7.913471e+02
1.880000e-06	7.416264e-06	1.325854e-08	5.202074e+01	7.892794e+02
1.890000e-06	7.352297e-06	1.326526e-08	5.157205e+01	7.871134e+02
1.900000e-06	7.285476e-06	1.319421e-08	5.110334e+01	7.848465e+02
1.910000e-06	7.215891e-06	1.318436e-08	5.061524e+01	7.824758e+02
1.920000e-06	7.143525e-06	1.313261e-08	5.010764e+01	7.799980e+02
1.930000e-06	7.068507e-06	1.308185e-08	4.958143e+01	7.774106e+02
1.940000e-06	6.990733e-06	1.303632e-08	4.903589e+01	7.747133e+02
1.950000e-06	6.910347e-06	1.296925e-08	4.847203e+01	7.719091e+02
1.960000e-06	6.827516e-06	1.295132e-08	4.789102e+01	7.690037e+02
1.970000e-06	6.742170e-06	1.288515e-08	4.729236e+01	7.660031e+02
1.980000e-06	6.654403e-06	1.285320e-08	4.667673e+01	7.629108e+02
1.990000e-06	6.564296e-06	1.278318e-08	4.604468e+01	7.597250e+02
2.000000e-06	6.471961e-06	1.272514e-08	4.539701e+01	7.564379e+02
2.010000e-06	6.377251e-06	1.267562e-08	4.473267e+01	7.530376e+02
2.020000e-06	6.280257e-06	1.260653e-08	4.405232e+01	7.495122e+02
2.030000e-06	6.181085e-06	1.255819e-08	4.335668e+01	7.458543e+02
2.040000e-06	6.079656e-06	1.248016e-08	4.264522e+01	7.420646e+02
2.050000e-06	5.976003e-06	1.242746e-08	4.191815e+01	7.381519e+02
2.060000e-06	5.870233e-06	1.234403e-08	4.117624e+01	7.341298e+02
2.070000e-06	5.762486e-06	1.227964e-08	4.042045e+01	7.300104e+02
2.080000e-06	5.652649e-06	1.220595e-08	3.965001e+01	7.257980e+02
2.090000e-06	5.540691e-06	1.214054e-08	3.886470e+01	7.214851e+02
2.100000e-06	5.426590e-06	1.206685e-08	3.806435e+01	7.170531e+02
2.110000e-06	5.310349e-06	1.198313e-08	3.724898e+01	7.124778e+02
2.120000e-06	5.192024e-06	1.190527e-08	3.641900e+01	7.077373e+02
2.130000e-06	5.071759e-06	1.181518e-08	3.557541e+01	7.028207e+02
2.140000e-06	4.949691e-06	1.173522e-08	3.471918e+01	6.977318e+02
2.150000e-06	4.825811e-06	1.164582e-08	3.385023e+01	6.924884e+02
2.160000e-06	4.700191e-06	1.156723e-08	3.296908e+01	6.871147e+02
2.170000e-06	4.572874e-06	1.147327e-08	3.207603e+01	6.816311e+02
2.180000e-06	4.443965e-06	1.137952e-08	3.117181e+01	6.760446e+02
2.190000e-06	4.313506e-06	1.127661e-08	3.025671e+01	6.703442e+02
2.200000e-06	4.181470e-06	1.117863e-08	2.933056e+01	6.645028e+02
2.210000e-06	4.047960e-06	1.107790e-08	2.839406e+01	6.584860e+02
2.220000e-06	3.912999e-06	1.097481e-08	2.744739e+01	6.522635e+02
2.230000e-06	3.776561e-06	1.086900e-08	2.649036e+01	6.458193e+02
2.240000e-06	3.638743e-06	1.076054e-08	2.552365e+01	6.391566e+02
2.250000e-06	3.499600e-06	1.064724e-08	2.454764e+01	6.322936e+02
2.260000e-06	3.359157e-06	1.052245e-08	2.356251e+01	6.252542e+02
2.270000e-06	3.217420e-06	1.039686e-08	2.256831e+01	6.180548e+02
2.280000e-06	3.074433e-06	1.027090e-08	2.156534e+01	6.106940e+02
2.290000e-06	2.930299e-06	1.015019e-08	2.055433e+01	6.031498e+02
2.300000e-06	2.785134e-06	1.002128e-08	1.953608e+01	5.953843e+02
2.310000e-06	2.639022e-06	9.888056e-09	1.851119e+01	5.873565e+02
2.320000e-06	2.491996e-06	9.747563e-09	1.747989e+01	5.790358e+02
2.330000e-06	2.344109e-06	9.602960e-09	1.644255e+01	5.704120e+02
2.340000e-06	2.195383e-06	9.449022e-09	1.539932e+01	5.614968e+02
2.350000e-06	2.045851e-06	9.290884e-09	1.435045e+01	5.523158e+02
2.360000e-06	1.895594e-06	9.133344e-09	1.329648e+01	5.428944e+02
2.370000e-06	1.744698e-06	8.972846e-09	1.223803e+01	5.332418e+02
2.380000e-06	1.593229e-06	8.805751e-09	1.117556e+01	5.233418e+02
2.390000e-06	1.441145e-06	8.632677e-09	1.010879e+01	5.131526e+02
2.400000e-06	1.288497e-06	8.453900e-09	9.038049e+00	5.026175e+02
2.410000e-06	1.135446e-06	8.268827e-09	7.964486e+00	4.916815e+02
2.420000e-06	9.820246e-07	8.074887e-09	6.888326e+00	4.803071e+02
2.430000e-06	8.282669e-07	7.873760e-09	5.809806e+00	4.684820e+02
2.440000e-06	6.742484e-07	7.669477e-09	4.729457e+00	4.562153e+02
2.450000e-06	5.200078e-07	7.458654e-09	3.647550e+00	4.435216e+02
2.460000e-06	3.655314e-07	7.236362e-09	2.563988e+00	4.303995e+02
2.470000e-06	2.109109e-07	7.003438e-09	1.479416e+00	4.168130e+02
2.480000e-06	5.627034e-08	6.766892e-09	3.947034e-01	4.026829e+02
2.490000e-06	-9.837420e-08	6.520878e-09	-6.900372e-01	3.878946e+02
2.500000e-06	-2.529983e-07	6.260134e-09	-1.774635e+00	3.723193e+02
2.510000e-06	-4.074879e-07	5.982501e-09	-2.858288e+00	3.558424e+02
2.520000e-06	-5.616929e-07	5.691095e-09	-3.939946e+00	3.383893e+02
2.530000e-06	-7.156938e-07	5.383555e-09	-5.020172e+00	3.199369e+02
2.540000e-06	-8.695342e-07	5.053893e-09	-6.099272e+00	3.005070e+02
2.550000e-06	-1.023016e-06	4.708323e-09	-7.175855e+00	2.801408e+02
2.560000e-06	-1.176136e-06	4.352780e-09	-8.249904e+00	2.588633e+02
2.570000e-06	-1.328888e-06	3.982538e-09	-9.321371e+00	2.366486e+02
2.580000e-06	-1.481148e-06	3.591287e-09	-1.038939e+01	2.133996e+02
2.590000e-06	-1.632800e-06	3.177996e-09	-1.145313e+01	1.889486e+02
2.600000e-06	-1.783822e-06	2.744464e-09	-1.251246e+01	1.630817e+02
2.610000e-06	-1.934212e-06	2.285102e-09	-1.356736e+01	1.355812e+02
2.620000e-06	-2.083911e-06	1.792882e-09	-1.461741e+01	1.062730e+02
2.630000e-06	-2.232900e-06	1.267383e-09	-1.566248e+01	7.506953e+01
2.640000e-06	-2.381132e-06	7.135650e-10	-1.670225e+01	4.199563e+01
2.650000e-06	-2.528484e-06	1.345427e-10	-1.773583e+01	7.194158e+00
2.660000e-06	-2.674857e-06	-4.698297e-10	-1.876255e+01	-2.908711e+01
2.670000e-06	-2.820338e-06	-1.096124e-09	-1.978302e+01	-6.652079e+01
2.680000e-06	-2.964841e-06	-1.736742e-09	-2.079662e+01	-1.047291e+02
2.690000e-06	-3.108190e-06	-2.384622e-09	-2.180213e+01	-1.433098e+02
2.700000e-06	-3.250355e-06	-3.034401e-09	-2.279933e+01	-1.818558e+02
2.710000e-06	-3.391307e-06	-3.677481e-09	-2.378802e+01	-2.199692e+02
2.720000e-06	-3.530928e-06	-4.304672e-09	-2.476739e+01	-2.572725e+02
2.730000e-06	-3.669174e-06	-4.909860e-09	-2.573711e+01	-2.934222e+02
2.740000e-06	-3.806109e-06	-5.491762e-09	-2.669762e+01	-3.281240e+02
2.750000e-06	-3.941644e-06	-6.047650e-09	-2.764832e+01	-3.611508e+02
2.760000e-06	-4.075737e-06	-6.574493e-09	-2.858890e+01	-3.923559e+02
2.770000e-06	-4.208414e-06	-7.070399e-09	-2.951955e+01	-4.216792e+02
2.780000e-06	-4.339541e-06	-7.534755e-09	-3.043933e+01	-4.491394e+02
2.790000e-06	-4.469150e-06	-7.968607e-09	-3.134846e+01	-4.748153e+02
2.800000e-06	-4.597232e-06	-8.371582e-09	-3.224688e+01	-4.988179e+02
2.810000e-06	-4.723681e-06	-8.749165e-09	-3.313385e+01	-5.212623e+02
2.820000e-06	-4.848454e-06	-9.105155e-09	-3.400906e+01	-5.422456e+02
2.830000e-06	-4.971456e-06	-9.438935e-09	-3.487185e+01	-5.618383e+02
2.840000e-06	-5.092705e-06	-9.748499e-09	-3.572234e+01	-5.800885e+02
2.850000e-06	-5.212099e-06	-1.003492e-08	-3.655981e+01	-5.970365e+02
2.860000e-06	-5.329496e-06	-1.030150e-08	-3.738329e+01	-6.127325e+02
2.870000e-06	-5.444711e-06	-1.054591e-08	-3.819145e+01	-6.272496e+02
2.880000e-06	-5.557658e-06	-1.076844e-08	-3.898371e+01	-6.406870e+02
2.890000e-06	-5.668455e-06	-1.097554e-08	-3.976088e+01	-6.531617e+02
2.900000e-06	-5.777197e-06	-1.117175e-08	-4.052364e+01	-6.647919e+02
2.910000e-06	-5.884049e-06	-1.135731e-08	-4.127315e+01	-6.756790e+02
2.920000e-06	-5.988894e-06	-1.153101e-08	-4.200857e+01	-6.858941e+02
2.930000e-06	-6.091539e-06	-1.169276e-08	-4.272857e+01	-6.954751e+02
2.940000e-06	-6.191921e-06	-1.184537e-08	-4.343269e+01	-7.044335e+02
2.950000e-06	-6.290103e-06	-1.198902e-08	-4.412138e+01	-7.127700e+02
2.960000e-06	-6.386153e-06	-1.212144e-08	-4.479512e+01	-7.204906e+02
2.970000e-06	-6.479956e-06	-1.223933e-08	-4.545309e+01	-7.276187e+02
2.980000e-06	-6.571421e-06	-1.234705e-08	-4.609466e+01	-7.341990e+02
2.990000e-06	-6.660599e-06	-1.244992e-08	-4.672019e+01	-7.402920e+02
3.000000e-06	-6.747491e-06	-1.254827e-08	-4.732969e+01	-7.459624e+02
3.010000e-06	-6.831933e-06	-1.264084e-08	-4.792200e+01	-7.512670e+02
3.020000e-06	-6.913948e-06	-1.272597e-08	-4.849729e+01	-7.562464e+02
3.030000e-06	-6.993538e-06	-1.280515e-08	-4.905556e+01	-7.609233e+02
3.040000e-06	-7.070451e-06	-1.287894e-08	-4.959506e+01	-7.653079e+02
3.050000e-06	-7.144618e-06	-1.294706e-08	-5.011530e+01	-7.694070e+02
3.060000e-06	-7.216146e-06	-1.301002e-08	-5.061703e+01	-7.732323e+02
3.070000e-06	-7.285049e-06	-1.306942e-08	-5.110034e+01	-7.768045e+02
3.080000e-06	-7.351380e-06	-1.312478e-08	-5.156562e+01	-7.801514e+02
3.090000e-06	-7.415212e-06	-1.317676e-08	-5.201336e+01	-7.833011e+02
3.100000e-06	-7.476411e-06	-1.322785e-08	-5.244264e+01	-7.862743e+02
3.110000e-06	-7.534882e-06	-1.327860e-08	-5.285277e+01	-7.890781e+02
3.120000e-06	-7.590656e-06	-1.332431e-08	-5.324399e+01	-7.917059e+02
3.130000e-06	-7.643607e-06	-1.336416e-08	-5.361542e+01	-7.941426e+02
3.140000e-06	-7.693488e-06	-1.339968e-08	-5.396530e+01	-7.963730e+02
3.150000e-06	-7.740288e-06	-1.343209e-08	-5.429357e+01	-7.983917e+02
3.160000e-06	-7.784422e-06	-1.346219e-08	-5.460315e+01	-8.002075e+02
3.170000e-06	-7.826065e-06	-1.348963e-08	-5.489525e+01	-8.018435e+02
3.180000e-06	-7.864994e-06	-1.351626e-08	-5.516831e+01	-8.033303e+02
3.190000e-06	-7.901134e-06	-1.354246e-08	-5.542182e+01	-8.046971e+02
3.200000e-06	-7.934563e-06	-1.356609e-08	-5.565630e+01	-8.059623e+02
3.210000e-06	-7.965170e-06	-1.358520e-08	-5.587099e+01	-8.071292e+02
3.220000e-06	-7.992866e-06	-1.360200e-08	-5.606527e+01	-8.081868e+02
3.230000e-06	-8.017792e-06	-1.361749e-08	-5.624011e+01	-8.091166e+02
3.240000e-06	-8.039878e-06	-1.363108e-08	-5.639502e+01	-8.099011e+02
3.250000e-06	-8.059066e-06	-1.364305e-08	-5.652962e+01	-8.105322e+02
3.260000e-06	-8.075439e-06	-1.365290e-08	-5.664447e+01	-8.110150e+02
3.270000e-06	-8.088719e-06	-1.366070e-08	-5.673762e+01	-8.113671e+02
3.280000e-06	-8.098904e-06	-1.366778e-08	-5.680906e+01	-8.116123e+02
3.290000e-06	-8.106220e-06	-1.367287e-08	-5.686037e+01	-8.117732e+02
3.300000e-06	-8.110656e-06	-1.367521e-08	-5.689149e+01	-8.118643e+02
3.310000e-06	-8.112304e-06	-1.367498e-08	-5.690305e+01	-8.118891e+02
