# Temperatura_=_59.67
# Concentracion g/m^3_=_11780.0
# C_Vs_to_Am_M_A/Vsm_=_59384043850.047264
# pendiente_HvsI_1/m_=_3716.3
# ordenada_HvsI_A/m_=_1297.0
# frecuencia_Hz_=_301540.60756188136

Tiempo_(s)	Campo_(V.s)	Magnetizacion_(V.s)	Campo_(kA/m)	Magnetizacion_(A/m)
0.000000e+00	-8.211691e-06	-1.384917e-08	-5.689142e+01	-8.217326e+02
1.000000e-08	-8.208299e-06	-1.384336e-08	-5.686792e+01	-8.215785e+02
2.000000e-08	-8.202184e-06	-1.384003e-08	-5.682555e+01	-8.213515e+02
3.000000e-08	-8.193336e-06	-1.383602e-08	-5.676425e+01	-8.210373e+02
4.000000e-08	-8.181626e-06	-1.382924e-08	-5.668312e+01	-8.206198e+02
5.000000e-08	-8.166898e-06	-1.381974e-08	-5.658109e+01	-8.200861e+02
6.000000e-08	-8.149251e-06	-1.381203e-08	-5.645883e+01	-8.194305e+02
7.000000e-08	-8.129163e-06	-1.380662e-08	-5.631965e+01	-8.186567e+02
8.000000e-08	-8.106540e-06	-1.376290e-08	-5.616292e+01	-8.177765e+02
9.000000e-08	-8.080707e-06	-1.371043e-08	-5.598395e+01	-8.168062e+02
1.000000e-07	-8.051536e-06	-1.371315e-08	-5.578185e+01	-8.157612e+02
1.100000e-07	-8.019378e-06	-1.373240e-08	-5.555905e+01	-8.146516e+02
1.200000e-07	-7.984414e-06	-1.372424e-08	-5.531682e+01	-8.134785e+02
1.300000e-07	-7.946898e-06	-1.368730e-08	-5.505690e+01	-8.122345e+02
1.400000e-07	-7.907145e-06	-1.368385e-08	-5.478149e+01	-8.109065e+02
1.500000e-07	-7.864962e-06	-1.367347e-08	-5.448925e+01	-8.094811e+02
1.600000e-07	-7.819963e-06	-1.362068e-08	-5.417748e+01	-8.079488e+02
1.700000e-07	-7.772196e-06	-1.358861e-08	-5.384655e+01	-8.063084e+02
1.800000e-07	-7.721484e-06	-1.350939e-08	-5.349521e+01	-8.045666e+02
1.900000e-07	-7.667655e-06	-1.351545e-08	-5.312228e+01	-8.027356e+02
2.000000e-07	-7.611002e-06	-1.353556e-08	-5.272978e+01	-8.008276e+02
2.100000e-07	-7.551624e-06	-1.346223e-08	-5.231840e+01	-7.988500e+02
2.200000e-07	-7.489592e-06	-1.342012e-08	-5.188864e+01	-7.968018e+02
2.300000e-07	-7.424852e-06	-1.337876e-08	-5.144012e+01	-7.946730e+02
2.400000e-07	-7.357286e-06	-1.337638e-08	-5.097202e+01	-7.924477e+02
2.500000e-07	-7.287056e-06	-1.331028e-08	-5.048545e+01	-7.901101e+02
2.600000e-07	-7.214017e-06	-1.323759e-08	-4.997943e+01	-7.876488e+02
2.700000e-07	-7.138109e-06	-1.321843e-08	-4.945353e+01	-7.850617e+02
2.800000e-07	-7.059402e-06	-1.320626e-08	-4.890825e+01	-7.823551e+02
2.900000e-07	-6.978022e-06	-1.316277e-08	-4.834444e+01	-7.795410e+02
3.000000e-07	-6.894309e-06	-1.305838e-08	-4.776446e+01	-7.766315e+02
3.100000e-07	-6.808304e-06	-1.301900e-08	-4.716861e+01	-7.736329e+02
3.200000e-07	-6.719851e-06	-1.299277e-08	-4.655580e+01	-7.705427e+02
3.300000e-07	-6.628942e-06	-1.293634e-08	-4.592597e+01	-7.673501e+02
3.400000e-07	-6.535712e-06	-1.285927e-08	-4.528007e+01	-7.640400e+02
3.500000e-07	-6.440157e-06	-1.280051e-08	-4.461805e+01	-7.605988e+02
3.600000e-07	-6.342230e-06	-1.276905e-08	-4.393960e+01	-7.570202e+02
3.700000e-07	-6.241993e-06	-1.270511e-08	-4.324515e+01	-7.533081e+02
3.800000e-07	-6.139553e-06	-1.261962e-08	-4.253544e+01	-7.494747e+02
3.900000e-07	-6.034884e-06	-1.253954e-08	-4.181028e+01	-7.455354e+02
4.000000e-07	-5.927997e-06	-1.249667e-08	-4.106976e+01	-7.415012e+02
4.100000e-07	-5.819042e-06	-1.244103e-08	-4.031491e+01	-7.373730e+02
4.200000e-07	-5.708062e-06	-1.235421e-08	-3.954602e+01	-7.331386e+02
4.300000e-07	-5.594849e-06	-1.227115e-08	-3.876167e+01	-7.287754e+02
4.400000e-07	-5.479368e-06	-1.220663e-08	-3.796161e+01	-7.242570e+02
4.500000e-07	-5.361802e-06	-1.213616e-08	-3.714710e+01	-7.195623e+02
4.600000e-07	-5.242235e-06	-1.203961e-08	-3.631873e+01	-7.146822e+02
4.700000e-07	-5.120726e-06	-1.194446e-08	-3.547690e+01	-7.096237e+02
4.800000e-07	-4.997370e-06	-1.186805e-08	-3.462228e+01	-7.044060e+02
4.900000e-07	-4.872232e-06	-1.179554e-08	-3.375531e+01	-6.990537e+02
5.000000e-07	-4.745370e-06	-1.169492e-08	-3.287640e+01	-6.935866e+02
5.100000e-07	-4.616831e-06	-1.158660e-08	-3.198587e+01	-6.880110e+02
5.200000e-07	-4.486570e-06	-1.149325e-08	-3.108341e+01	-6.823166e+02
5.300000e-07	-4.354620e-06	-1.140604e-08	-3.016924e+01	-6.764785e+02
5.400000e-07	-4.221095e-06	-1.129941e-08	-2.924417e+01	-6.704651e+02
5.500000e-07	-4.086122e-06	-1.118443e-08	-2.830907e+01	-6.642487e+02
5.600000e-07	-3.949655e-06	-1.108413e-08	-2.736361e+01	-6.578137e+02
5.700000e-07	-3.811593e-06	-1.098566e-08	-2.640710e+01	-6.511606e+02
5.800000e-07	-3.672037e-06	-1.086749e-08	-2.544024e+01	-6.443037e+02
5.900000e-07	-3.531057e-06	-1.073537e-08	-2.446352e+01	-6.372628e+02
6.000000e-07	-3.388640e-06	-1.061816e-08	-2.347684e+01	-6.300532e+02
6.100000e-07	-3.244855e-06	-1.050658e-08	-2.248068e+01	-6.226770e+02
6.200000e-07	-3.099868e-06	-1.037785e-08	-2.147619e+01	-6.151202e+02
6.300000e-07	-2.953836e-06	-1.023294e-08	-2.046447e+01	-6.073553e+02
6.400000e-07	-2.806844e-06	-1.009677e-08	-1.944609e+01	-5.993497e+02
6.500000e-07	-2.658912e-06	-9.967071e-09	-1.842121e+01	-5.910759e+02
6.600000e-07	-2.510130e-06	-9.822487e-09	-1.739043e+01	-5.825193e+02
6.700000e-07	-2.360533e-06	-9.663849e-09	-1.635401e+01	-5.736807e+02
6.800000e-07	-2.210055e-06	-9.511912e-09	-1.531148e+01	-5.645720e+02
6.900000e-07	-2.058713e-06	-9.368164e-09	-1.426297e+01	-5.552069e+02
7.000000e-07	-1.906669e-06	-9.208519e-09	-1.320959e+01	-5.455912e+02
7.100000e-07	-1.753923e-06	-9.030920e-09	-1.215136e+01	-5.357146e+02
7.200000e-07	-1.600386e-06	-8.853329e-09	-1.108764e+01	-5.255499e+02
7.300000e-07	-1.446224e-06	-8.682598e-09	-1.001958e+01	-5.150578e+02
7.400000e-07	-1.291589e-06	-8.501557e-09	-8.948260e+00	-5.041977e+02
7.500000e-07	-1.136530e-06	-8.307313e-09	-7.873996e+00	-4.929371e+02
7.600000e-07	-9.810971e-07	-8.111520e-09	-6.797139e+00	-4.812587e+02
7.700000e-07	-8.253570e-07	-7.917356e-09	-5.718156e+00	-4.691585e+02
7.800000e-07	-6.693451e-07	-7.710241e-09	-4.637290e+00	-4.566372e+02
7.900000e-07	-5.131210e-07	-7.483706e-09	-3.554953e+00	-4.436866e+02
8.000000e-07	-3.567804e-07	-7.251642e-09	-2.471810e+00	-4.302757e+02
8.100000e-07	-2.002944e-07	-7.019832e-09	-1.387660e+00	-4.163435e+02
8.200000e-07	-4.365385e-08	-6.777191e-09	-3.024382e-01	-4.018003e+02
8.300000e-07	1.130105e-07	-6.515625e-09	7.829480e-01	-3.865392e+02
8.400000e-07	2.695765e-07	-6.242556e-09	1.867653e+00	-3.704545e+02
8.500000e-07	4.260122e-07	-5.961225e-09	2.951455e+00	-3.534605e+02
8.600000e-07	5.822873e-07	-5.662175e-09	4.034144e+00	-3.355041e+02
8.700000e-07	7.383694e-07	-5.336806e-09	5.115497e+00	-3.165666e+02
8.800000e-07	8.942165e-07	-4.994074e-09	6.195222e+00	-2.966521e+02
8.900000e-07	1.049763e-06	-4.644120e-09	7.272863e+00	-2.757663e+02
9.000000e-07	1.204943e-06	-4.278589e-09	8.347964e+00	-2.538911e+02
9.100000e-07	1.359720e-06	-3.888683e-09	9.420274e+00	-2.309630e+02
9.200000e-07	1.514050e-06	-3.478830e-09	1.048949e+01	-2.068635e+02
9.300000e-07	1.667852e-06	-3.054110e-09	1.155504e+01	-1.814245e+02
9.400000e-07	1.821034e-06	-2.603980e-09	1.261630e+01	-1.544497e+02
9.500000e-07	1.973502e-06	-2.114846e-09	1.367262e+01	-1.257482e+02
9.600000e-07	2.125210e-06	-1.592288e-09	1.472367e+01	-9.517210e+01
9.700000e-07	2.276087e-06	-1.044649e-09	1.576896e+01	-6.265225e+01
9.800000e-07	2.426017e-06	-4.656259e-10	1.680769e+01	-2.822333e+01
9.900000e-07	2.575046e-06	1.506649e-10	1.784018e+01	7.964329e+00
1.000000e-06	2.723245e-06	7.949237e-10	1.886691e+01	4.564801e+01
1.010000e-06	2.870489e-06	1.451398e-09	1.988703e+01	8.446886e+01
1.020000e-06	3.016767e-06	2.115874e-09	2.090047e+01	1.239976e+02
1.030000e-06	3.162074e-06	2.788757e-09	2.190716e+01	1.637654e+02
1.040000e-06	3.306261e-06	3.459332e-09	2.290610e+01	2.032962e+02
1.050000e-06	3.449196e-06	4.112579e-09	2.389637e+01	2.421370e+02
1.060000e-06	3.590729e-06	4.744390e-09	2.487693e+01	2.798839e+02
1.070000e-06	3.730901e-06	5.357621e-09	2.584805e+01	3.162028e+02
1.080000e-06	3.869728e-06	5.947039e-09	2.680987e+01	3.508422e+02
1.090000e-06	4.007033e-06	6.501231e-09	2.776112e+01	3.836382e+02
1.100000e-06	4.142820e-06	7.017090e-09	2.870187e+01	4.145108e+02
1.110000e-06	4.277076e-06	7.502876e-09	2.963201e+01	4.434528e+02
1.120000e-06	4.409735e-06	7.961008e-09	3.055108e+01	4.705119e+02
1.130000e-06	4.540866e-06	8.384803e-09	3.145957e+01	4.957714e+02
1.140000e-06	4.670446e-06	8.775253e-09	3.235732e+01	5.193302e+02
1.150000e-06	4.798303e-06	9.142082e-09	3.324313e+01	5.412882e+02
1.160000e-06	4.924436e-06	9.489374e-09	3.411699e+01	5.617373e+02
1.170000e-06	5.048888e-06	9.811157e-09	3.497920e+01	5.807599e+02
1.180000e-06	5.171657e-06	1.010313e-08	3.582976e+01	5.984321e+02
1.190000e-06	5.292605e-06	1.037323e-08	3.666769e+01	6.148299e+02
1.200000e-06	5.411476e-06	1.062906e-08	3.749125e+01	6.300347e+02
1.210000e-06	5.528295e-06	1.086838e-08	3.830058e+01	6.441354e+02
1.220000e-06	5.643066e-06	1.108680e-08	3.909572e+01	6.572266e+02
1.230000e-06	5.755590e-06	1.128964e-08	3.987530e+01	6.694028e+02
1.240000e-06	5.865951e-06	1.148357e-08	4.063989e+01	6.807513e+02
1.250000e-06	5.974322e-06	1.166467e-08	4.139070e+01	6.913459e+02
1.260000e-06	6.080634e-06	1.182908e-08	4.212724e+01	7.012437e+02
1.270000e-06	6.184726e-06	1.197999e-08	4.284840e+01	7.104859e+02
1.280000e-06	6.286531e-06	1.212267e-08	4.355371e+01	7.191032e+02
1.290000e-06	6.386118e-06	1.225745e-08	4.424367e+01	7.271214e+02
1.300000e-06	6.483389e-06	1.238211e-08	4.491757e+01	7.345685e+02
1.310000e-06	6.578300e-06	1.249654e-08	4.557512e+01	7.414788e+02
1.320000e-06	6.670929e-06	1.260337e-08	4.621686e+01	7.478932e+02
1.330000e-06	6.761234e-06	1.270328e-08	4.684250e+01	7.538574e+02
1.340000e-06	6.849127e-06	1.279587e-08	4.745144e+01	7.594173e+02
1.350000e-06	6.934632e-06	1.288301e-08	4.804383e+01	7.646149e+02
1.360000e-06	7.017764e-06	1.296444e-08	4.861977e+01	7.694850e+02
1.370000e-06	7.098395e-06	1.304014e-08	4.917839e+01	7.740544e+02
1.380000e-06	7.176405e-06	1.311124e-08	4.971885e+01	7.783428e+02
1.390000e-06	7.251747e-06	1.317916e-08	5.024083e+01	7.823658e+02
1.400000e-06	7.324396e-06	1.324287e-08	5.074415e+01	7.861369e+02
1.410000e-06	7.394427e-06	1.330167e-08	5.122933e+01	7.896697e+02
1.420000e-06	7.461900e-06	1.335642e-08	5.169679e+01	7.929778e+02
1.430000e-06	7.526668e-06	1.340833e-08	5.214551e+01	7.960738e+02
1.440000e-06	7.588778e-06	1.345664e-08	5.257581e+01	7.989681e+02
1.450000e-06	7.648315e-06	1.350152e-08	5.298829e+01	8.016679e+02
1.460000e-06	7.705116e-06	1.354541e-08	5.338182e+01	8.041767e+02
1.470000e-06	7.759061e-06	1.358636e-08	5.375555e+01	8.064966e+02
1.480000e-06	7.809826e-06	1.362282e-08	5.410725e+01	8.086298e+02
1.490000e-06	7.857451e-06	1.365478e-08	5.443721e+01	8.105810e+02
1.500000e-06	7.902342e-06	1.368304e-08	5.474822e+01	8.123592e+02
1.510000e-06	7.944429e-06	1.371028e-08	5.503980e+01	8.139775e+02
1.520000e-06	7.983636e-06	1.373687e-08	5.531143e+01	8.154512e+02
1.530000e-06	8.020118e-06	1.375966e-08	5.556418e+01	8.167955e+02
1.540000e-06	8.053808e-06	1.378050e-08	5.579759e+01	8.180222e+02
1.550000e-06	8.084626e-06	1.379888e-08	5.601110e+01	8.191370e+02
1.560000e-06	8.112666e-06	1.381411e-08	5.620536e+01	8.201396e+02
1.570000e-06	8.137797e-06	1.382631e-08	5.637947e+01	8.210239e+02
1.580000e-06	8.160035e-06	1.383782e-08	5.653354e+01	8.217814e+02
1.590000e-06	8.179555e-06	1.384965e-08	5.666878e+01	8.224044e+02
1.600000e-06	8.196192e-06	1.385798e-08	5.678404e+01	8.228901e+02
1.610000e-06	8.209720e-06	1.386375e-08	5.687776e+01	8.232426e+02
1.620000e-06	8.219988e-06	1.386768e-08	5.694890e+01	8.234730e+02
1.630000e-06	8.227219e-06	1.386981e-08	5.699900e+01	8.235977e+02
1.640000e-06	8.231720e-06	1.386833e-08	5.703018e+01	8.236346e+02
1.650000e-06	8.233354e-06	1.386401e-08	5.704150e+01	8.235986e+02
1.660000e-06	8.232118e-06	1.386287e-08	5.703294e+01	8.234977e+02
1.670000e-06	8.228182e-06	1.386292e-08	5.700567e+01	8.233312e+02
1.680000e-06	8.221482e-06	1.385941e-08	5.695925e+01	8.230896e+02
1.690000e-06	8.212031e-06	1.385261e-08	5.689377e+01	8.227579e+02
1.700000e-06	8.199718e-06	1.384447e-08	5.680847e+01	8.223203e+02
1.710000e-06	8.184537e-06	1.383086e-08	5.670329e+01	8.217647e+02
1.720000e-06	8.166872e-06	1.380923e-08	5.658091e+01	8.210872e+02
1.730000e-06	8.146835e-06	1.381220e-08	5.644209e+01	8.202932e+02
1.740000e-06	8.123903e-06	1.384893e-08	5.628321e+01	8.193954e+02
1.750000e-06	8.097356e-06	1.382556e-08	5.609929e+01	8.184105e+02
1.760000e-06	8.067017e-06	1.377088e-08	5.588910e+01	8.173533e+02
1.770000e-06	8.033605e-06	1.373628e-08	5.565762e+01	8.162323e+02
1.780000e-06	7.997764e-06	1.371523e-08	5.540931e+01	8.150470e+02
1.790000e-06	7.959480e-06	1.366554e-08	5.514407e+01	8.137889e+02
1.800000e-06	7.919085e-06	1.367627e-08	5.486421e+01	8.124443e+02
1.810000e-06	7.876466e-06	1.365153e-08	5.456895e+01	8.110000e+02
1.820000e-06	7.831046e-06	1.359986e-08	5.425427e+01	8.094481e+02
1.830000e-06	7.782927e-06	1.365043e-08	5.392090e+01	8.077886e+02
1.840000e-06	7.731689e-06	1.356810e-08	5.356591e+01	8.060297e+02
1.850000e-06	7.677178e-06	1.353542e-08	5.318826e+01	8.041839e+02
1.860000e-06	7.619991e-06	1.348848e-08	5.279206e+01	8.022629e+02
1.870000e-06	7.560053e-06	1.345089e-08	5.237680e+01	8.002729e+02
1.880000e-06	7.497458e-06	1.346394e-08	5.194314e+01	7.982110e+02
1.890000e-06	7.432195e-06	1.337537e-08	5.149099e+01	7.960660e+02
1.900000e-06	7.364141e-06	1.338372e-08	5.101950e+01	7.938216e+02
1.910000e-06	7.293199e-06	1.333514e-08	5.052801e+01	7.914622e+02
1.920000e-06	7.219378e-06	1.328403e-08	5.001657e+01	7.889781e+02
1.930000e-06	7.142881e-06	1.322326e-08	4.948659e+01	7.863688e+02
1.940000e-06	7.063612e-06	1.315520e-08	4.893741e+01	7.836418e+02
1.950000e-06	6.981897e-06	1.315977e-08	4.837128e+01	7.808097e+02
1.960000e-06	6.897736e-06	1.309259e-08	4.778820e+01	7.778838e+02
1.970000e-06	6.810882e-06	1.306224e-08	4.718647e+01	7.748691e+02
1.980000e-06	6.721600e-06	1.299302e-08	4.656792e+01	7.717614e+02
1.990000e-06	6.630022e-06	1.293981e-08	4.593345e+01	7.685488e+02
2.000000e-06	6.536066e-06	1.288310e-08	4.528252e+01	7.652158e+02
2.010000e-06	6.439756e-06	1.280215e-08	4.461527e+01	7.617500e+02
2.020000e-06	6.341289e-06	1.275809e-08	4.393308e+01	7.581469e+02
2.030000e-06	6.240511e-06	1.269367e-08	4.323489e+01	7.544118e+02
2.040000e-06	6.137370e-06	1.265264e-08	4.252031e+01	7.505582e+02
2.050000e-06	6.032071e-06	1.256504e-08	4.179079e+01	7.466011e+02
2.060000e-06	5.924734e-06	1.249423e-08	4.104715e+01	7.425503e+02
2.070000e-06	5.815310e-06	1.242097e-08	4.028905e+01	7.384041e+02
2.080000e-06	5.703697e-06	1.235520e-08	3.951578e+01	7.341484e+02
2.090000e-06	5.590002e-06	1.228012e-08	3.872809e+01	7.297592e+02
2.100000e-06	5.474049e-06	1.219739e-08	3.792476e+01	7.252103e+02
2.110000e-06	5.355881e-06	1.212626e-08	3.710608e+01	7.204825e+02
2.120000e-06	5.235739e-06	1.204300e-08	3.627373e+01	7.155694e+02
2.130000e-06	5.113762e-06	1.195662e-08	3.542865e+01	7.104806e+02
2.140000e-06	4.989967e-06	1.185292e-08	3.457099e+01	7.052368e+02
2.150000e-06	4.864251e-06	1.177530e-08	3.370002e+01	6.998627e+02
2.160000e-06	4.736736e-06	1.168950e-08	3.281658e+01	6.943759e+02
2.170000e-06	4.607590e-06	1.159979e-08	3.192185e+01	6.887802e+02
2.180000e-06	4.476878e-06	1.149023e-08	3.101626e+01	6.830620e+02
2.190000e-06	4.344536e-06	1.139428e-08	3.009938e+01	6.771947e+02
2.200000e-06	4.210599e-06	1.129485e-08	2.917145e+01	6.711467e+02
2.210000e-06	4.075205e-06	1.118530e-08	2.823343e+01	6.648917e+02
2.220000e-06	3.938332e-06	1.107146e-08	2.728516e+01	6.584170e+02
2.230000e-06	3.799923e-06	1.096167e-08	2.632624e+01	6.517260e+02
2.240000e-06	3.660097e-06	1.086020e-08	2.535752e+01	6.448346e+02
2.250000e-06	3.518836e-06	1.073614e-08	2.437885e+01	6.377625e+02
2.260000e-06	3.376256e-06	1.060519e-08	2.339104e+01	6.305232e+02
2.270000e-06	3.232531e-06	1.047096e-08	2.239530e+01	6.231161e+02
2.280000e-06	3.087644e-06	1.034981e-08	2.139151e+01	6.155242e+02
2.290000e-06	2.941622e-06	1.021944e-08	2.037985e+01	6.077184e+02
2.300000e-06	2.794543e-06	1.008537e-08	1.936088e+01	5.996664e+02
2.310000e-06	2.646544e-06	9.949273e-09	1.833552e+01	5.913426e+02
2.320000e-06	2.497577e-06	9.811089e-09	1.730347e+01	5.827350e+02
2.330000e-06	2.347662e-06	9.659627e-09	1.626484e+01	5.738468e+02
2.340000e-06	2.196898e-06	9.493274e-09	1.522033e+01	5.646912e+02
2.350000e-06	2.045340e-06	9.327580e-09	1.417032e+01	5.552811e+02
2.360000e-06	1.893129e-06	9.167520e-09	1.311579e+01	5.456199e+02
2.370000e-06	1.740320e-06	9.007308e-09	1.205711e+01	5.356941e+02
2.380000e-06	1.586899e-06	8.836461e-09	1.099420e+01	5.254737e+02
2.390000e-06	1.432898e-06	8.660529e-09	9.927263e+00	5.149186e+02
2.400000e-06	1.278365e-06	8.479124e-09	8.856641e+00	5.039887e+02
2.410000e-06	1.123415e-06	8.287693e-09	7.783133e+00	4.926542e+02
2.420000e-06	9.680625e-07	8.081878e-09	6.706834e+00	4.809002e+02
2.430000e-06	8.123580e-07	7.872669e-09	5.628097e+00	4.687246e+02
2.440000e-06	6.564391e-07	7.663770e-09	4.547876e+00	4.561275e+02
2.450000e-06	5.002990e-07	7.450033e-09	3.466121e+00	4.430975e+02
2.460000e-06	3.439396e-07	7.221836e-09	2.382848e+00	4.295988e+02
2.470000e-06	1.874233e-07	6.985044e-09	1.298488e+00	4.155646e+02
2.480000e-06	3.076776e-08	6.742441e-09	2.131621e-01	4.009010e+02
2.490000e-06	-1.258775e-07	6.485530e-09	-8.720922e-01	3.855000e+02
2.500000e-06	-2.824239e-07	6.208292e-09	-1.956661e+00	3.692582e+02
2.510000e-06	-4.388343e-07	5.915309e-09	-3.040288e+00	3.520949e+02
2.520000e-06	-5.950386e-07	5.614031e-09	-4.122487e+00	3.339636e+02
2.530000e-06	-7.510744e-07	5.296310e-09	-5.203518e+00	3.148507e+02
2.540000e-06	-9.068063e-07	4.955656e-09	-6.282445e+00	2.947625e+02
2.550000e-06	-1.062124e-06	4.598454e-09	-7.358503e+00	2.737023e+02
2.560000e-06	-1.217063e-06	4.232055e-09	-8.431933e+00	2.516450e+02
2.570000e-06	-1.371549e-06	3.848162e-09	-9.502228e+00	2.285178e+02
2.580000e-06	-1.525528e-06	3.436203e-09	-1.056901e+01	2.041924e+02
2.590000e-06	-1.678900e-06	2.997664e-09	-1.163159e+01	1.784936e+02
2.600000e-06	-1.831608e-06	2.539128e-09	-1.268956e+01	1.512236e+02
2.610000e-06	-1.983681e-06	2.055441e-09	-1.374314e+01	1.221961e+02
2.620000e-06	-2.135079e-06	1.535551e-09	-1.479204e+01	9.127502e+01
2.630000e-06	-2.285755e-06	9.821386e-10	-1.583594e+01	5.840824e+01
2.640000e-06	-2.435667e-06	4.037688e-10	-1.687454e+01	2.365066e+01
2.650000e-06	-2.584698e-06	-2.010220e-10	-1.790705e+01	-1.282668e+01
2.660000e-06	-2.732730e-06	-8.343379e-10	-1.893262e+01	-5.074237e+01
2.670000e-06	-2.879800e-06	-1.491605e-09	-1.995154e+01	-8.972289e+01
2.680000e-06	-3.025803e-06	-2.158272e-09	-2.096307e+01	-1.293295e+02
2.690000e-06	-3.170636e-06	-2.824693e-09	-2.196648e+01	-1.690899e+02
2.700000e-06	-3.314336e-06	-3.487629e-09	-2.296205e+01	-2.085298e+02
2.710000e-06	-3.456879e-06	-4.139565e-09	-2.394960e+01	-2.472033e+02
2.720000e-06	-3.598156e-06	-4.769121e-09	-2.492838e+01	-2.847177e+02
2.730000e-06	-3.738069e-06	-5.370269e-09	-2.589772e+01	-3.207528e+02
2.740000e-06	-3.876548e-06	-5.946946e-09	-2.685711e+01	-3.550728e+02
2.750000e-06	-4.013473e-06	-6.497243e-09	-2.780574e+01	-3.875291e+02
2.760000e-06	-4.148934e-06	-7.013745e-09	-2.874423e+01	-4.180559e+02
2.770000e-06	-4.283039e-06	-7.495156e-09	-2.967332e+01	-4.466570e+02
2.780000e-06	-4.415596e-06	-7.945934e-09	-3.059169e+01	-4.733882e+02
2.790000e-06	-4.546456e-06	-8.368977e-09	-3.149830e+01	-4.983368e+02
2.800000e-06	-4.675684e-06	-8.762762e-09	-3.239361e+01	-5.216028e+02
2.810000e-06	-4.803314e-06	-9.127216e-09	-3.327784e+01	-5.432851e+02
2.820000e-06	-4.929337e-06	-9.467119e-09	-3.415094e+01	-5.634739e+02
2.830000e-06	-5.053618e-06	-9.787899e-09	-3.501197e+01	-5.822501e+02
2.840000e-06	-5.176000e-06	-1.008785e-08	-3.585985e+01	-5.996892e+02
2.850000e-06	-5.296527e-06	-1.036151e-08	-3.669487e+01	-6.158680e+02
2.860000e-06	-5.415136e-06	-1.061255e-08	-3.751660e+01	-6.308691e+02
2.870000e-06	-5.531518e-06	-1.084692e-08	-3.832291e+01	-6.447828e+02
2.880000e-06	-5.645569e-06	-1.106436e-08	-3.911307e+01	-6.577040e+02
2.890000e-06	-5.757450e-06	-1.126421e-08	-3.988819e+01	-6.697265e+02
2.900000e-06	-5.867188e-06	-1.145112e-08	-4.064846e+01	-6.809357e+02
2.910000e-06	-5.974875e-06	-1.162913e-08	-4.139453e+01	-6.914024e+02
2.920000e-06	-6.080521e-06	-1.179786e-08	-4.212646e+01	-7.011806e+02
2.930000e-06	-6.184014e-06	-1.195384e-08	-4.284347e+01	-7.103095e+02
2.940000e-06	-6.285262e-06	-1.209734e-08	-4.354492e+01	-7.188181e+02
2.950000e-06	-6.384224e-06	-1.223273e-08	-4.423054e+01	-7.267323e+02
2.960000e-06	-6.481002e-06	-1.235980e-08	-4.490103e+01	-7.340811e+02
2.970000e-06	-6.575592e-06	-1.247463e-08	-4.555636e+01	-7.408999e+02
2.980000e-06	-6.667846e-06	-1.257783e-08	-4.619550e+01	-7.472307e+02
2.990000e-06	-6.757713e-06	-1.267546e-08	-4.681811e+01	-7.531196e+02
3.000000e-06	-6.845216e-06	-1.277129e-08	-4.742434e+01	-7.586121e+02
3.010000e-06	-6.930267e-06	-1.286222e-08	-4.801358e+01	-7.637491e+02
3.020000e-06	-7.012865e-06	-1.294448e-08	-4.858583e+01	-7.685641e+02
3.030000e-06	-7.093014e-06	-1.302106e-08	-4.914111e+01	-7.730822e+02
3.040000e-06	-7.170461e-06	-1.309303e-08	-4.967767e+01	-7.773224e+02
3.050000e-06	-7.245130e-06	-1.315924e-08	-5.019499e+01	-7.812996e+02
3.060000e-06	-7.317140e-06	-1.322016e-08	-5.069388e+01	-7.850274e+02
3.070000e-06	-7.386484e-06	-1.327809e-08	-5.117430e+01	-7.885193e+02
3.080000e-06	-7.453203e-06	-1.333388e-08	-5.163653e+01	-7.917888e+02
3.090000e-06	-7.517318e-06	-1.338667e-08	-5.208073e+01	-7.948483e+02
3.100000e-06	-7.578759e-06	-1.343532e-08	-5.250640e+01	-7.977077e+02
3.110000e-06	-7.637529e-06	-1.348200e-08	-5.291356e+01	-8.003734e+02
3.120000e-06	-7.693575e-06	-1.352563e-08	-5.330186e+01	-8.028486e+02
3.130000e-06	-7.746682e-06	-1.356490e-08	-5.366979e+01	-8.051352e+02
3.140000e-06	-7.796688e-06	-1.359778e-08	-5.401623e+01	-8.072356e+02
3.150000e-06	-7.843597e-06	-1.362662e-08	-5.434122e+01	-8.091553e+02
3.160000e-06	-7.887821e-06	-1.365460e-08	-5.464761e+01	-8.109042e+02
3.170000e-06	-7.929582e-06	-1.368129e-08	-5.493694e+01	-8.124957e+02
3.180000e-06	-7.968560e-06	-1.370715e-08	-5.520698e+01	-8.139455e+02
3.190000e-06	-8.004654e-06	-1.373114e-08	-5.545704e+01	-8.152683e+02
3.200000e-06	-8.038019e-06	-1.375418e-08	-5.568820e+01	-8.164749e+02
3.210000e-06	-8.068543e-06	-1.377654e-08	-5.589968e+01	-8.175702e+02
3.220000e-06	-8.096109e-06	-1.379549e-08	-5.609066e+01	-8.185524e+02
3.230000e-06	-8.120858e-06	-1.380744e-08	-5.626211e+01	-8.194149e+02
3.240000e-06	-8.142696e-06	-1.381664e-08	-5.641341e+01	-8.201490e+02
3.250000e-06	-8.161638e-06	-1.382707e-08	-5.654465e+01	-8.207478e+02
3.260000e-06	-8.177766e-06	-1.383694e-08	-5.665638e+01	-8.212095e+02
3.270000e-06	-8.190762e-06	-1.384260e-08	-5.674642e+01	-8.215394e+02
3.280000e-06	-8.200624e-06	-1.384688e-08	-5.681474e+01	-8.217498e+02
3.290000e-06	-8.207541e-06	-1.385236e-08	-5.686267e+01	-8.218578e+02
3.300000e-06	-8.211548e-06	-1.385621e-08	-5.689043e+01	-8.218809e+02
3.310000e-06	-8.212761e-06	-1.385549e-08	-5.689883e+01	-8.218331e+02
