# Temperatura_=_60.98
# Concentracion g/m^3_=_11780.0
# C_Vs_to_Am_M_A/Vsm_=_59384043850.047264
# pendiente_HvsI_1/m_=_3716.3
# ordenada_HvsI_A/m_=_1297.0
# frecuencia_Hz_=_301538.5417114982

Tiempo_(s)	Campo_(V.s)	Magnetizacion_(V.s)	Campo_(kA/m)	Magnetizacion_(A/m)
0.000000e+00	-8.170714e-06	-1.382051e-08	-5.688838e+01	-8.201937e+02
1.000000e-08	-8.166875e-06	-1.381552e-08	-5.686166e+01	-8.200783e+02
2.000000e-08	-8.160413e-06	-1.381353e-08	-5.681666e+01	-8.199018e+02
3.000000e-08	-8.151302e-06	-1.380964e-08	-5.675323e+01	-8.196531e+02
4.000000e-08	-8.139311e-06	-1.380514e-08	-5.666974e+01	-8.193128e+02
5.000000e-08	-8.124307e-06	-1.379923e-08	-5.656528e+01	-8.188586e+02
6.000000e-08	-8.106505e-06	-1.379812e-08	-5.644133e+01	-8.182726e+02
7.000000e-08	-8.086229e-06	-1.380057e-08	-5.630016e+01	-8.175474e+02
8.000000e-08	-8.063314e-06	-1.373312e-08	-5.614061e+01	-8.166898e+02
9.000000e-08	-8.037160e-06	-1.367316e-08	-5.595852e+01	-8.157194e+02
1.000000e-07	-8.007710e-06	-1.369831e-08	-5.575347e+01	-8.146627e+02
1.100000e-07	-7.975283e-06	-1.372614e-08	-5.552770e+01	-8.135438e+02
1.200000e-07	-7.940076e-06	-1.370620e-08	-5.528258e+01	-8.123760e+02
1.300000e-07	-7.902377e-06	-1.366797e-08	-5.502009e+01	-8.111560e+02
1.400000e-07	-7.862501e-06	-1.370169e-08	-5.474246e+01	-8.098644e+02
1.500000e-07	-7.820183e-06	-1.364964e-08	-5.444782e+01	-8.084724e+02
1.600000e-07	-7.775015e-06	-1.360505e-08	-5.413334e+01	-8.069518e+02
1.700000e-07	-7.727116e-06	-1.358243e-08	-5.379984e+01	-8.052861e+02
1.800000e-07	-7.676218e-06	-1.347379e-08	-5.344547e+01	-8.034775e+02
1.900000e-07	-7.622163e-06	-1.351857e-08	-5.306911e+01	-8.015470e+02
2.000000e-07	-7.565340e-06	-1.351205e-08	-5.267348e+01	-7.995275e+02
2.100000e-07	-7.505826e-06	-1.344469e-08	-5.225912e+01	-7.974518e+02
2.200000e-07	-7.443663e-06	-1.340967e-08	-5.182631e+01	-7.953402e+02
2.300000e-07	-7.378795e-06	-1.336733e-08	-5.137467e+01	-7.931920e+02
2.400000e-07	-7.311148e-06	-1.337749e-08	-5.090368e+01	-7.909846e+02
2.500000e-07	-7.240875e-06	-1.328070e-08	-5.041440e+01	-7.886811e+02
2.600000e-07	-7.167860e-06	-1.321243e-08	-4.990604e+01	-7.862427e+02
2.700000e-07	-7.092027e-06	-1.320651e-08	-4.937805e+01	-7.836427e+02
2.800000e-07	-7.013378e-06	-1.319772e-08	-4.883046e+01	-7.808760e+02
2.900000e-07	-6.931991e-06	-1.313288e-08	-4.826381e+01	-7.779600e+02
3.000000e-07	-6.848244e-06	-1.302579e-08	-4.768072e+01	-7.749273e+02
3.100000e-07	-6.762261e-06	-1.301627e-08	-4.708207e+01	-7.718126e+02
3.200000e-07	-6.673872e-06	-1.297366e-08	-4.646666e+01	-7.686386e+02
3.300000e-07	-6.583052e-06	-1.290648e-08	-4.583433e+01	-7.654068e+02
3.400000e-07	-6.489954e-06	-1.282981e-08	-4.518614e+01	-7.620968e+02
3.500000e-07	-6.394593e-06	-1.277673e-08	-4.452219e+01	-7.586741e+02
3.600000e-07	-6.296846e-06	-1.274838e-08	-4.384163e+01	-7.551037e+02
3.700000e-07	-6.196771e-06	-1.267272e-08	-4.314486e+01	-7.513638e+02
3.800000e-07	-6.094498e-06	-1.258696e-08	-4.243279e+01	-7.474544e+02
3.900000e-07	-5.990009e-06	-1.250982e-08	-4.170528e+01	-7.433961e+02
4.000000e-07	-5.883265e-06	-1.247577e-08	-4.096208e+01	-7.392218e+02
4.100000e-07	-5.774426e-06	-1.240569e-08	-4.020429e+01	-7.349615e+02
4.200000e-07	-5.663630e-06	-1.230877e-08	-3.943288e+01	-7.306292e+02
4.300000e-07	-5.550698e-06	-1.222660e-08	-3.864659e+01	-7.262159e+02
4.400000e-07	-5.435514e-06	-1.216711e-08	-3.784462e+01	-7.216913e+02
4.500000e-07	-5.318236e-06	-1.209470e-08	-3.702808e+01	-7.170152e+02
4.600000e-07	-5.198987e-06	-1.199147e-08	-3.619781e+01	-7.121529e+02
4.700000e-07	-5.077801e-06	-1.190559e-08	-3.535406e+01	-7.070887e+02
4.800000e-07	-4.954759e-06	-1.183526e-08	-3.449738e+01	-7.018324e+02
4.900000e-07	-4.829914e-06	-1.175804e-08	-3.362815e+01	-6.964150e+02
5.000000e-07	-4.703378e-06	-1.164309e-08	-3.274714e+01	-6.908762e+02
5.100000e-07	-4.575239e-06	-1.153387e-08	-3.185498e+01	-6.852477e+02
5.200000e-07	-4.445429e-06	-1.144431e-08	-3.095119e+01	-6.795391e+02
5.300000e-07	-4.313948e-06	-1.135612e-08	-3.003575e+01	-6.737323e+02
5.400000e-07	-4.180848e-06	-1.124496e-08	-2.910904e+01	-6.677867e+02
5.500000e-07	-4.046366e-06	-1.113427e-08	-2.817272e+01	-6.616530e+02
5.600000e-07	-3.910464e-06	-1.104356e-08	-2.722651e+01	-6.552903e+02
5.700000e-07	-3.772958e-06	-1.094290e-08	-2.626912e+01	-6.486799e+02
5.800000e-07	-3.634012e-06	-1.081538e-08	-2.530171e+01	-6.418298e+02
5.900000e-07	-3.493670e-06	-1.067831e-08	-2.432459e+01	-6.347688e+02
6.000000e-07	-3.351798e-06	-1.056568e-08	-2.333681e+01	-6.275316e+02
6.100000e-07	-3.208511e-06	-1.045341e-08	-2.233917e+01	-6.201423e+02
6.200000e-07	-3.064092e-06	-1.032124e-08	-2.133366e+01	-6.126016e+02
6.300000e-07	-2.918661e-06	-1.018068e-08	-2.032110e+01	-6.048843e+02
6.400000e-07	-2.772236e-06	-1.005378e-08	-1.930162e+01	-5.969468e+02
6.500000e-07	-2.624820e-06	-9.924726e-09	-1.827524e+01	-5.887428e+02
6.600000e-07	-2.476541e-06	-9.773164e-09	-1.724285e+01	-5.802392e+02
6.700000e-07	-2.327532e-06	-9.612824e-09	-1.620538e+01	-5.714272e+02
6.800000e-07	-2.177738e-06	-9.463304e-09	-1.516245e+01	-5.623223e+02
6.900000e-07	-2.027127e-06	-9.319127e-09	-1.411382e+01	-5.529538e+02
7.000000e-07	-1.875804e-06	-9.156333e-09	-1.306024e+01	-5.433485e+02
7.100000e-07	-1.723744e-06	-8.980546e-09	-1.200152e+01	-5.335132e+02
7.200000e-07	-1.570936e-06	-8.808691e-09	-1.093760e+01	-5.234266e+02
7.300000e-07	-1.417511e-06	-8.640677e-09	-9.869387e+00	-5.130407e+02
7.400000e-07	-1.263584e-06	-8.458543e-09	-8.797667e+00	-5.022936e+02
7.500000e-07	-1.109191e-06	-8.264374e-09	-7.722716e+00	-4.911278e+02
7.600000e-07	-9.544374e-07	-8.073034e-09	-6.645246e+00	-4.795058e+02
7.700000e-07	-7.994464e-07	-7.880537e-09	-5.566125e+00	-4.674163e+02
7.800000e-07	-6.441790e-07	-7.669536e-09	-4.485080e+00	-4.548681e+02
7.900000e-07	-4.886577e-07	-7.439263e-09	-3.402267e+00	-4.418728e+02
8.000000e-07	-3.329754e-07	-7.207789e-09	-2.318333e+00	-4.284227e+02
8.100000e-07	-1.771249e-07	-6.978375e-09	-1.233227e+00	-4.144739e+02
8.200000e-07	-2.120415e-08	-6.736745e-09	-1.476333e-01	-3.999407e+02
8.300000e-07	1.346241e-07	-6.476368e-09	9.373166e-01	-3.847057e+02
8.400000e-07	2.903901e-07	-6.207005e-09	2.021833e+00	-3.686427e+02
8.500000e-07	4.460825e-07	-5.928609e-09	3.105837e+00	-3.516439e+02
8.600000e-07	6.016197e-07	-5.626160e-09	4.188761e+00	-3.336424e+02
8.700000e-07	7.569461e-07	-5.294496e-09	5.270217e+00	-3.146195e+02
8.800000e-07	9.120538e-07	-4.947502e-09	6.350151e+00	-2.945938e+02
8.900000e-07	1.066899e-06	-4.595365e-09	7.428259e+00	-2.735939e+02
9.000000e-07	1.221342e-06	-4.229584e-09	8.503563e+00	-2.516236e+02
9.100000e-07	1.375339e-06	-3.841425e-09	9.575763e+00	-2.286310e+02
9.200000e-07	1.528863e-06	-3.434743e-09	1.064467e+01	-2.044937e+02
9.300000e-07	1.681816e-06	-3.011363e-09	1.170960e+01	-1.790251e+02
9.400000e-07	1.834084e-06	-2.558820e-09	1.276976e+01	-1.520031e+02
9.500000e-07	1.985601e-06	-2.066753e-09	1.382470e+01	-1.232144e+02
9.600000e-07	2.136344e-06	-1.541355e-09	1.487424e+01	-9.250233e+01
9.700000e-07	2.286296e-06	-9.886230e-10	1.591828e+01	-5.980798e+01
9.800000e-07	2.435408e-06	-4.040091e-10	1.695647e+01	-2.519411e+01
9.900000e-07	2.583641e-06	2.150112e-10	1.798853e+01	1.115115e+01
1.000000e-06	2.730984e-06	8.578383e-10	1.901440e+01	4.892913e+01
1.010000e-06	2.877444e-06	1.510412e-09	2.003413e+01	8.775823e+01
1.020000e-06	3.022968e-06	2.171414e-09	2.104734e+01	1.272064e+02
1.030000e-06	3.167362e-06	2.840562e-09	2.205268e+01	1.668219e+02
1.040000e-06	3.310553e-06	3.507347e-09	2.304964e+01	2.061591e+02
1.050000e-06	3.452506e-06	4.157889e-09	2.403798e+01	2.447982e+02
1.060000e-06	3.593144e-06	4.791274e-09	2.501717e+01	2.823607e+02
1.070000e-06	3.732439e-06	5.405992e-09	2.598701e+01	3.185231e+02
1.080000e-06	3.870330e-06	5.992686e-09	2.694707e+01	3.530289e+02
1.090000e-06	4.006736e-06	6.541045e-09	2.789680e+01	3.856985e+02
1.100000e-06	4.141585e-06	7.051613e-09	2.883568e+01	4.164340e+02
1.110000e-06	4.274921e-06	7.532075e-09	2.976403e+01	4.452162e+02
1.120000e-06	4.406766e-06	7.984321e-09	3.068199e+01	4.720925e+02
1.130000e-06	4.537082e-06	8.405534e-09	3.158932e+01	4.971572e+02
1.140000e-06	4.665737e-06	8.796142e-09	3.248507e+01	5.205271e+02
1.150000e-06	4.792700e-06	9.164804e-09	3.336905e+01	5.423198e+02
1.160000e-06	4.918035e-06	9.510926e-09	3.424169e+01	5.626371e+02
1.170000e-06	5.041666e-06	9.828742e-09	3.510247e+01	5.815601e+02
1.180000e-06	5.163552e-06	1.011734e-08	3.595110e+01	5.991526e+02
1.190000e-06	5.283557e-06	1.038723e-08	3.678663e+01	6.154724e+02
1.200000e-06	5.401569e-06	1.064169e-08	3.760828e+01	6.305834e+02
1.210000e-06	5.517591e-06	1.087542e-08	3.841608e+01	6.445644e+02
1.220000e-06	5.631450e-06	1.109009e-08	3.920882e+01	6.575105e+02
1.230000e-06	5.743087e-06	1.129280e-08	3.998609e+01	6.695267e+02
1.240000e-06	5.852726e-06	1.148597e-08	4.074945e+01	6.807167e+02
1.250000e-06	5.960395e-06	1.166354e-08	4.149910e+01	6.911699e+02
1.260000e-06	6.065928e-06	1.182384e-08	4.223386e+01	7.009533e+02
1.270000e-06	6.169209e-06	1.197268e-08	4.295296e+01	7.101083e+02
1.280000e-06	6.270246e-06	1.211530e-08	4.365643e+01	7.186567e+02
1.290000e-06	6.369037e-06	1.224878e-08	4.434425e+01	7.266098e+02
1.300000e-06	6.465438e-06	1.237037e-08	4.501544e+01	7.339809e+02
1.310000e-06	6.559488e-06	1.248297e-08	4.567027e+01	7.407936e+02
1.320000e-06	6.651313e-06	1.258937e-08	4.630960e+01	7.470865e+02
1.330000e-06	6.740839e-06	1.268741e-08	4.693292e+01	7.529105e+02
1.340000e-06	6.828027e-06	1.277552e-08	4.753996e+01	7.583233e+02
1.350000e-06	6.912868e-06	1.285843e-08	4.813066e+01	7.633805e+02
1.360000e-06	6.995276e-06	1.294013e-08	4.870443e+01	7.681287e+02
1.370000e-06	7.075141e-06	1.301656e-08	4.926049e+01	7.726017e+02
1.380000e-06	7.152425e-06	1.308472e-08	4.979857e+01	7.768204e+02
1.390000e-06	7.227014e-06	1.314957e-08	5.031790e+01	7.807961e+02
1.400000e-06	7.298872e-06	1.321424e-08	5.081821e+01	7.845348e+02
1.410000e-06	7.368151e-06	1.327492e-08	5.130056e+01	7.880418e+02
1.420000e-06	7.434836e-06	1.332802e-08	5.176485e+01	7.913237e+02
1.430000e-06	7.498869e-06	1.337561e-08	5.221068e+01	7.943894e+02
1.440000e-06	7.560348e-06	1.342306e-08	5.263873e+01	7.972485e+02
1.450000e-06	7.619255e-06	1.347033e-08	5.304887e+01	7.999104e+02
1.460000e-06	7.675417e-06	1.351327e-08	5.343989e+01	8.023827e+02
1.470000e-06	7.728671e-06	1.354928e-08	5.381067e+01	8.046714e+02
1.480000e-06	7.778719e-06	1.358397e-08	5.415913e+01	8.067817e+02
1.490000e-06	7.825666e-06	1.361921e-08	5.448600e+01	8.087191e+02
1.500000e-06	7.869887e-06	1.364914e-08	5.479388e+01	8.104910e+02
1.510000e-06	7.911313e-06	1.367400e-08	5.508231e+01	8.121069e+02
1.520000e-06	7.949875e-06	1.369696e-08	5.535080e+01	8.135780e+02
1.530000e-06	7.985719e-06	1.371999e-08	5.560036e+01	8.149162e+02
1.540000e-06	8.018784e-06	1.374164e-08	5.583057e+01	8.161320e+02
1.550000e-06	8.049044e-06	1.375895e-08	5.604126e+01	8.172338e+02
1.560000e-06	8.076539e-06	1.377246e-08	5.623269e+01	8.182257e+02
1.570000e-06	8.101168e-06	1.378624e-08	5.640417e+01	8.191083e+02
1.580000e-06	8.122989e-06	1.380040e-08	5.655610e+01	8.198786e+02
1.590000e-06	8.142006e-06	1.381072e-08	5.668851e+01	8.205319e+02
1.600000e-06	8.158062e-06	1.381647e-08	5.680029e+01	8.210638e+02
1.610000e-06	8.171060e-06	1.382184e-08	5.689079e+01	8.214726e+02
1.620000e-06	8.180903e-06	1.382701e-08	5.695932e+01	8.217618e+02
1.630000e-06	8.187716e-06	1.382844e-08	5.700676e+01	8.219402e+02
1.640000e-06	8.191669e-06	1.382508e-08	5.703428e+01	8.220217e+02
1.650000e-06	8.192706e-06	1.382155e-08	5.704150e+01	8.220224e+02
1.660000e-06	8.191011e-06	1.382790e-08	5.702970e+01	8.219560e+02
1.670000e-06	8.186709e-06	1.383052e-08	5.699975e+01	8.218298e+02
1.680000e-06	8.179663e-06	1.382484e-08	5.695069e+01	8.216414e+02
1.690000e-06	8.169853e-06	1.381674e-08	5.688239e+01	8.213778e+02
1.700000e-06	8.157167e-06	1.380911e-08	5.679406e+01	8.210186e+02
1.710000e-06	8.141681e-06	1.379403e-08	5.668624e+01	8.205419e+02
1.720000e-06	8.123757e-06	1.375863e-08	5.656144e+01	8.199310e+02
1.730000e-06	8.103445e-06	1.378383e-08	5.642002e+01	8.191811e+02
1.740000e-06	8.080127e-06	1.384063e-08	5.625767e+01	8.183015e+02
1.750000e-06	8.053076e-06	1.380070e-08	5.606933e+01	8.173135e+02
1.760000e-06	8.022322e-06	1.373477e-08	5.585521e+01	8.162440e+02
1.770000e-06	7.988649e-06	1.370781e-08	5.562076e+01	8.151157e+02
1.780000e-06	7.952589e-06	1.367140e-08	5.536969e+01	8.139392e+02
1.790000e-06	7.914211e-06	1.361313e-08	5.510249e+01	8.127080e+02
1.800000e-06	7.873763e-06	1.368264e-08	5.482087e+01	8.114007e+02
1.810000e-06	7.831029e-06	1.359804e-08	5.452334e+01	8.099874e+02
1.820000e-06	7.785549e-06	1.357434e-08	5.420668e+01	8.084415e+02
1.830000e-06	7.737311e-06	1.364801e-08	5.387083e+01	8.067494e+02
1.840000e-06	7.685904e-06	1.351700e-08	5.351291e+01	8.049169e+02
1.850000e-06	7.631379e-06	1.353437e-08	5.313328e+01	8.029677e+02
1.860000e-06	7.574123e-06	1.342609e-08	5.273463e+01	8.009358e+02
1.870000e-06	7.514148e-06	1.342179e-08	5.231706e+01	7.988526e+02
1.880000e-06	7.451561e-06	1.343393e-08	5.188130e+01	7.967351e+02
1.890000e-06	7.386167e-06	1.331734e-08	5.142600e+01	7.945783e+02
1.900000e-06	7.318009e-06	1.336952e-08	5.095144e+01	7.923566e+02
1.910000e-06	7.247007e-06	1.329183e-08	5.045709e+01	7.900315e+02
1.920000e-06	7.173146e-06	1.325911e-08	4.994284e+01	7.875655e+02
1.930000e-06	7.096616e-06	1.318172e-08	4.941000e+01	7.849353e+02
1.940000e-06	7.017380e-06	1.312528e-08	4.885833e+01	7.821400e+02
1.950000e-06	6.935687e-06	1.312973e-08	4.828954e+01	7.792003e+02
1.960000e-06	6.851500e-06	1.303712e-08	4.770339e+01	7.761504e+02
1.970000e-06	6.764760e-06	1.303599e-08	4.709946e+01	7.730239e+02
1.980000e-06	6.675618e-06	1.294272e-08	4.647882e+01	7.698400e+02
1.990000e-06	6.584163e-06	1.290035e-08	4.584206e+01	7.665961e+02
2.000000e-06	6.490370e-06	1.283846e-08	4.518903e+01	7.632686e+02
2.010000e-06	6.394195e-06	1.276498e-08	4.451941e+01	7.598217e+02
2.020000e-06	6.295864e-06	1.272426e-08	4.383479e+01	7.562220e+02
2.030000e-06	6.195267e-06	1.264880e-08	4.313439e+01	7.524510e+02
2.040000e-06	6.092300e-06	1.261384e-08	4.241748e+01	7.485128e+02
2.050000e-06	5.987192e-06	1.251435e-08	4.168567e+01	7.444311e+02
2.060000e-06	5.880108e-06	1.245243e-08	4.094010e+01	7.402394e+02
2.070000e-06	5.770895e-06	1.236907e-08	4.017971e+01	7.359657e+02
2.080000e-06	5.659488e-06	1.230883e-08	3.940404e+01	7.316202e+02
2.090000e-06	5.546015e-06	1.223209e-08	3.861399e+01	7.271896e+02
2.100000e-06	5.430309e-06	1.215512e-08	3.780838e+01	7.226407e+02
2.110000e-06	5.312476e-06	1.208331e-08	3.698798e+01	7.179334e+02
2.120000e-06	5.192664e-06	1.199400e-08	3.615379e+01	7.130353e+02
2.130000e-06	5.070988e-06	1.190527e-08	3.530663e+01	7.079352e+02
2.140000e-06	4.947521e-06	1.180269e-08	3.444699e+01	7.026473e+02
2.150000e-06	4.822190e-06	1.172972e-08	3.357437e+01	6.972051e+02
2.160000e-06	4.695089e-06	1.164058e-08	3.268944e+01	6.916484e+02
2.170000e-06	4.566341e-06	1.155306e-08	3.179303e+01	6.860055e+02
2.180000e-06	4.436052e-06	1.144244e-08	3.088590e+01	6.802813e+02
2.190000e-06	4.304166e-06	1.135019e-08	2.996764e+01	6.744530e+02
2.200000e-06	4.170677e-06	1.124841e-08	2.903823e+01	6.684773e+02
2.210000e-06	4.035715e-06	1.114134e-08	2.809856e+01	6.623050e+02
2.220000e-06	3.899267e-06	1.102778e-08	2.714854e+01	6.558986e+02
2.230000e-06	3.761355e-06	1.092010e-08	2.618834e+01	6.492439e+02
2.240000e-06	3.622104e-06	1.081783e-08	2.521881e+01	6.423536e+02
2.250000e-06	3.481411e-06	1.069509e-08	2.423923e+01	6.352585e+02
2.260000e-06	3.339360e-06	1.056808e-08	2.325021e+01	6.279927e+02
2.270000e-06	3.196102e-06	1.043523e-08	2.225278e+01	6.205770e+02
2.280000e-06	3.051650e-06	1.031303e-08	2.124703e+01	6.130071e+02
2.290000e-06	2.906140e-06	1.018029e-08	2.023393e+01	6.052539e+02
2.300000e-06	2.759690e-06	1.004743e-08	1.921427e+01	5.972719e+02
2.310000e-06	2.612266e-06	9.909842e-09	1.818783e+01	5.890160e+02
2.320000e-06	2.463843e-06	9.772331e-09	1.715444e+01	5.804571e+02
2.330000e-06	2.314517e-06	9.623082e-09	1.611476e+01	5.715909e+02
2.340000e-06	2.164368e-06	9.462016e-09	1.506935e+01	5.624364e+02
2.350000e-06	2.013516e-06	9.301034e-09	1.401905e+01	5.530240e+02
2.360000e-06	1.861960e-06	9.141190e-09	1.296385e+01	5.433777e+02
2.370000e-06	1.709732e-06	8.977528e-09	1.190397e+01	5.334998e+02
2.380000e-06	1.556889e-06	8.805091e-09	1.083980e+01	5.233638e+02
2.390000e-06	1.403493e-06	8.629030e-09	9.771784e+00	5.129178e+02
2.400000e-06	1.249677e-06	8.447416e-09	8.700843e+00	5.020996e+02
2.410000e-06	1.095494e-06	8.257611e-09	7.627351e+00	4.908543e+02
2.420000e-06	9.409436e-07	8.056183e-09	6.551295e+00	4.791487e+02
2.430000e-06	7.860731e-07	7.851385e-09	5.473013e+00	4.669762e+02
2.440000e-06	6.309481e-07	7.643799e-09	4.392960e+00	4.543474e+02
2.450000e-06	4.755557e-07	7.428338e-09	3.311044e+00	4.412722e+02
2.460000e-06	3.199278e-07	7.198095e-09	2.227489e+00	4.277373e+02
2.470000e-06	1.641448e-07	6.958514e-09	1.142854e+00	4.136914e+02
2.480000e-06	8.270978e-09	6.710840e-09	5.758647e-02	3.990420e+02
2.490000e-06	-1.475969e-07	6.451963e-09	-1.027639e+00	3.836681e+02
2.500000e-06	-3.033625e-07	6.177997e-09	-2.112154e+00	3.674448e+02
2.510000e-06	-4.589558e-07	5.889827e-09	-3.195468e+00	3.502703e+02
2.520000e-06	-6.143402e-07	5.589324e-09	-4.277328e+00	3.320863e+02
2.530000e-06	-7.694435e-07	5.270342e-09	-5.357230e+00	3.128821e+02
2.540000e-06	-9.242120e-07	4.930453e-09	-6.434802e+00	2.926805e+02
2.550000e-06	-1.078601e-06	4.571495e-09	-7.509729e+00	2.715081e+02
2.560000e-06	-1.232572e-06	4.198170e-09	-8.581749e+00	2.493608e+02
2.570000e-06	-1.386165e-06	3.808744e-09	-9.651135e+00	2.261747e+02
2.580000e-06	-1.539337e-06	3.399069e-09	-1.071760e+01	2.018148e+02
2.590000e-06	-1.692013e-06	2.965133e-09	-1.178060e+01	1.760853e+02
2.600000e-06	-1.844057e-06	2.506317e-09	-1.283920e+01	1.487623e+02
2.610000e-06	-1.995315e-06	2.019209e-09	-1.389233e+01	1.196391e+02
2.620000e-06	-2.145845e-06	1.498499e-09	-1.494039e+01	8.857393e+01
2.630000e-06	-2.295671e-06	9.439316e-10	-1.598355e+01	5.552838e+01
2.640000e-06	-2.444708e-06	3.590820e-10	-1.702121e+01	2.058791e+01
2.650000e-06	-2.592875e-06	-2.521882e-10	-1.805282e+01	-1.603804e+01
2.660000e-06	-2.740048e-06	-8.865486e-10	-1.907752e+01	-5.403374e+01
2.670000e-06	-2.886223e-06	-1.541042e-09	-2.009525e+01	-9.300616e+01
2.680000e-06	-3.031418e-06	-2.206662e-09	-2.110617e+01	-1.325176e+02
2.690000e-06	-3.175556e-06	-2.872577e-09	-2.210973e+01	-1.721157e+02
2.700000e-06	-3.318508e-06	-3.531239e-09	-2.310502e+01	-2.113582e+02
2.710000e-06	-3.460164e-06	-4.176783e-09	-2.409130e+01	-2.498315e+02
2.720000e-06	-3.600461e-06	-4.803927e-09	-2.506812e+01	-2.871661e+02
2.730000e-06	-3.739343e-06	-5.405553e-09	-2.603508e+01	-3.230496e+02
2.740000e-06	-3.876821e-06	-5.980142e-09	-2.699226e+01	-3.572385e+02
2.750000e-06	-4.012902e-06	-6.526378e-09	-2.793973e+01	-3.895677e+02
2.760000e-06	-4.147560e-06	-7.041597e-09	-2.887728e+01	-4.199538e+02
2.770000e-06	-4.280747e-06	-7.523883e-09	-2.980459e+01	-4.483906e+02
2.780000e-06	-4.412334e-06	-7.971944e-09	-3.072076e+01	-4.749357e+02
2.790000e-06	-4.542326e-06	-8.388431e-09	-3.162583e+01	-4.996890e+02
2.800000e-06	-4.670801e-06	-8.777488e-09	-3.252033e+01	-5.227691e+02
2.810000e-06	-4.797701e-06	-9.141193e-09	-3.340387e+01	-5.442916e+02
2.820000e-06	-4.922909e-06	-9.479550e-09	-3.427562e+01	-5.643548e+02
2.830000e-06	-5.046255e-06	-9.795949e-09	-3.513442e+01	-5.830359e+02
2.840000e-06	-5.167787e-06	-1.009270e-08	-3.598058e+01	-6.003971e+02
2.850000e-06	-5.287552e-06	-1.036714e-08	-3.681444e+01	-6.164961e+02
2.860000e-06	-5.405260e-06	-1.061917e-08	-3.763398e+01	-6.313992e+02
2.870000e-06	-5.520707e-06	-1.085113e-08	-3.843778e+01	-6.451882e+02
2.880000e-06	-5.633909e-06	-1.106510e-08	-3.922594e+01	-6.579605e+02
2.890000e-06	-5.744868e-06	-1.126389e-08	-3.999850e+01	-6.698220e+02
2.900000e-06	-5.853721e-06	-1.145038e-08	-4.075638e+01	-6.808745e+02
2.910000e-06	-5.960681e-06	-1.162520e-08	-4.150109e+01	-6.912042e+02
2.920000e-06	-6.065725e-06	-1.178911e-08	-4.223245e+01	-7.008731e+02
2.930000e-06	-6.168544e-06	-1.194401e-08	-4.294833e+01	-7.099188e+02
2.940000e-06	-6.268945e-06	-1.208945e-08	-4.364736e+01	-7.183603e+02
2.950000e-06	-6.367102e-06	-1.222380e-08	-4.433078e+01	-7.262085e+02
2.960000e-06	-6.463141e-06	-1.234740e-08	-4.499945e+01	-7.334778e+02
2.970000e-06	-6.556914e-06	-1.246075e-08	-4.565234e+01	-7.401946e+02
2.980000e-06	-6.648286e-06	-1.256520e-08	-4.628852e+01	-7.463998e+02
2.990000e-06	-6.737307e-06	-1.266164e-08	-4.690832e+01	-7.521463e+02
3.000000e-06	-6.824039e-06	-1.275156e-08	-4.751219e+01	-7.574919e+02
3.010000e-06	-6.908354e-06	-1.283716e-08	-4.809923e+01	-7.624909e+02
3.020000e-06	-6.990207e-06	-1.291787e-08	-4.866914e+01	-7.671880e+02
3.030000e-06	-7.069545e-06	-1.299334e-08	-4.922153e+01	-7.716146e+02
3.040000e-06	-7.146131e-06	-1.306387e-08	-4.975475e+01	-7.757894e+02
3.050000e-06	-7.220030e-06	-1.312930e-08	-5.026927e+01	-7.797226e+02
3.060000e-06	-7.291333e-06	-1.319144e-08	-5.076572e+01	-7.834197e+02
3.070000e-06	-7.359965e-06	-1.325024e-08	-5.124356e+01	-7.868861e+02
3.080000e-06	-7.426007e-06	-1.330488e-08	-5.170338e+01	-7.901288e+02
3.090000e-06	-7.489502e-06	-1.335532e-08	-5.214546e+01	-7.931570e+02
3.100000e-06	-7.550348e-06	-1.340311e-08	-5.256910e+01	-7.959804e+02
3.110000e-06	-7.608476e-06	-1.344945e-08	-5.297382e+01	-7.986081e+02
3.120000e-06	-7.663817e-06	-1.349146e-08	-5.335912e+01	-8.010474e+02
3.130000e-06	-7.716181e-06	-1.352975e-08	-5.372371e+01	-8.033040e+02
3.140000e-06	-7.765397e-06	-1.356458e-08	-5.406637e+01	-8.053831e+02
3.150000e-06	-7.811630e-06	-1.359437e-08	-5.438827e+01	-8.072905e+02
3.160000e-06	-7.855323e-06	-1.362163e-08	-5.469248e+01	-8.090339e+02
3.170000e-06	-7.896512e-06	-1.364831e-08	-5.497926e+01	-8.106233e+02
3.180000e-06	-7.934900e-06	-1.367310e-08	-5.524654e+01	-8.120699e+02
3.190000e-06	-7.970467e-06	-1.369610e-08	-5.549417e+01	-8.133856e+02
3.200000e-06	-8.003287e-06	-1.371818e-08	-5.572268e+01	-8.145808e+02
3.210000e-06	-8.033212e-06	-1.373921e-08	-5.593103e+01	-8.156628e+02
3.220000e-06	-8.060219e-06	-1.375662e-08	-5.611907e+01	-8.166355e+02
3.230000e-06	-8.084419e-06	-1.376930e-08	-5.628756e+01	-8.174985e+02
3.240000e-06	-8.105672e-06	-1.377995e-08	-5.643553e+01	-8.182484e+02
3.250000e-06	-8.124080e-06	-1.379159e-08	-5.656370e+01	-8.188804e+02
3.260000e-06	-8.139642e-06	-1.380231e-08	-5.667204e+01	-8.193905e+02
3.270000e-06	-8.152008e-06	-1.380970e-08	-5.675814e+01	-8.197777e+02
3.280000e-06	-8.161367e-06	-1.381495e-08	-5.682331e+01	-8.200464e+02
3.290000e-06	-8.167864e-06	-1.382038e-08	-5.686854e+01	-8.202065e+02
3.300000e-06	-8.171444e-06	-1.382648e-08	-5.689346e+01	-8.202726e+02
3.310000e-06	-8.172246e-06	-1.382867e-08	-5.689905e+01	-8.202605e+02
