# Configuracion:
# Concentracion g/m^3_=_11780.0
# C_Vs_to_Am_M_A/Vsm_=_59384043850.047264
# pendiente_HvsI_1/m_=_3716.3
# ordenada_HvsI_A/m_=_1297.0
# frecuencia_ref_Hz_=_301521.75422963884
# 
Resultados:
# tau_ns_=_(1.28+/-0.04)e+02
# dphi_rad_=_6.52+/-0.01
# SAR_W/g_=_1378.30+/-18.05
# Hc_kA/m_=_18.36+/-0.38
# Mr_A/m_=_411.66+/-3.90
# Magnetizacion_max_=_914.89+/-16.30
# Suceptibilidad_a_M=0_=_(3.419+/-0.144)e-02

Nombre_archivo	Time_m_(s)	Temperatura_(ºC)	Mr_(A/m)	Hc_(kA/m)	Campo_max_(A/m)	Mag_max_(A/m)	f0	mag0	dphi0	SAR_(W/g)	Tau_(ns)	N	xi_M_0
300kHz_150dA_100Mss_bobN1M17EG-0012.txt	9.5	28.55	399.14	18.95	57041.50	886.26	3.015292e+05	7.247873e+01	6.533215e+00	1395.71	134.790715	4643	3.200e-02
300kHz_150dA_100Mss_bobN1M17EG-0013.txt	9.96	30.34	406.36	18.98	57041.50	895.80	3.015292e+05	7.334694e+01	6.533341e+00	1413.12	134.861855	4643	3.207e-02
300kHz_150dA_100Mss_bobN1M17EG-0014.txt	10.46	30.50	408.01	18.88	57041.50	898.40	3.015292e+05	7.360549e+01	6.531730e+00	1409.16	133.956179	4643	3.251e-02
300kHz_150dA_100Mss_bobN1M17EG-0015.txt	11.09	30.85	409.01	18.73	57041.50	902.87	3.015292e+05	7.406831e+01	6.528628e+00	1400.68	132.213682	4643	3.299e-02
300kHz_150dA_100Mss_bobN1M17EG-0016.txt	11.56	32.68	409.10	18.73	57041.50	902.56	3.015292e+05	7.403103e+01	6.528769e+00	1400.76	132.293099	4643	3.251e-02
300kHz_150dA_100Mss_bobN1M17EG-0017.txt	12.03	34.51	408.72	18.82	57041.50	897.15	3.015292e+05	7.363227e+01	6.530163e+00	1400.97	133.075685	4643	3.295e-02
300kHz_150dA_100Mss_bobN1M17EG-0018.txt	12.48	36.18	408.71	18.70	57041.50	901.54	3.015292e+05	7.397090e+01	6.527747e+00	1393.92	131.720161	4643	3.248e-02
300kHz_150dA_100Mss_bobN1M17EG-0019.txt	13.41	39.70	409.39	18.62	57041.50	900.31	3.015292e+05	7.396809e+01	6.526693e+00	1387.98	131.129189	4643	3.300e-02
300kHz_150dA_100Mss_bobN1M17EG-0020.txt	13.87	41.49	409.63	18.71	57041.50	897.98	3.015292e+05	7.377989e+01	6.527991e+00	1391.68	131.857352	4643	3.336e-02
300kHz_150dA_100Mss_bobN1M17EG-0021.txt	14.34	43.22	410.75	18.59	57041.50	903.19	3.015292e+05	7.422791e+01	6.525864e+00	1388.20	130.665145	4643	3.331e-02
300kHz_150dA_100Mss_bobN1M17EG-0022.txt	14.79	44.84	410.00	18.62	57041.50	904.28	3.015292e+05	7.426052e+01	6.525920e+00	1389.13	130.696790	4643	3.301e-02
300kHz_150dA_100Mss_bobN1M17EG-0023.txt	15.26	46.51	411.19	18.49	57041.50	906.15	3.015292e+05	7.447158e+01	6.524299e+00	1383.96	129.788607	4643	3.321e-02
300kHz_150dA_100Mss_bobN1M17EG-0024.txt	15.72	48.12	410.75	18.45	57041.50	909.26	3.015292e+05	7.471778e+01	6.522683e+00	1379.41	128.885168	4643	3.373e-02
300kHz_150dA_100Mss_bobN1M17EG-0025.txt	16.17	49.66	411.69	18.33	57041.50	912.03	3.015292e+05	7.498577e+01	6.520673e+00	1372.96	127.760221	4643	3.419e-02
300kHz_150dA_100Mss_bobN1M17EG-0026.txt	16.67	51.31	411.97	18.26	57041.50	912.88	3.015292e+05	7.511669e+01	6.519382e+00	1368.02	127.039081	4643	3.424e-02
300kHz_150dA_100Mss_bobN1M17EG-0027.txt	17.12	52.78	412.31	18.31	57041.50	916.26	3.015292e+05	7.530173e+01	6.520257e+00	1376.37	127.528047	4643	3.428e-02
300kHz_150dA_100Mss_bobN1M17EG-0028.txt	17.58	54.26	413.49	17.99	57041.50	926.55	3.015292e+05	7.622853e+01	6.514409e+00	1359.56	124.263780	4643	3.552e-02
300kHz_150dA_100Mss_bobN1M17EG-0029.txt	18.03	55.78	413.28	18.25	57041.50	918.94	3.015292e+05	7.553151e+01	6.519005e+00	1373.42	126.829549	4643	3.456e-02
300kHz_150dA_100Mss_bobN1M17EG-0030.txt	18.49	58.59	414.23	18.09	57041.50	923.30	3.015292e+05	7.600363e+01	6.516118e+00	1365.39	125.217672	4643	3.529e-02
300kHz_150dA_100Mss_bobN1M17EG-0031.txt	18.98	61.58	414.35	17.96	57041.50	929.10	3.015292e+05	7.645411e+01	6.513216e+00	1356.68	123.600103	4643	3.581e-02
300kHz_150dA_100Mss_bobN1M17EG-0032.txt	19.43	62.95	414.57	17.96	57041.50	927.20	3.015292e+05	7.632765e+01	6.513518e+00	1356.18	123.768332	4643	3.590e-02
300kHz_150dA_100Mss_bobN1M17EG-0033.txt	19.89	64.28	415.36	17.89	57041.50	933.42	3.015292e+05	7.684030e+01	6.511727e+00	1354.86	122.771669	4643	3.619e-02
300kHz_150dA_100Mss_bobN1M17EG-0034.txt	20.33	65.56	415.27	17.90	57041.50	934.61	3.015292e+05	7.688538e+01	6.511952e+00	1356.96	122.897170	4643	3.591e-02
300kHz_150dA_100Mss_bobN1M17EG-0035.txt	20.81	66.95	415.66	17.99	57041.50	933.25	3.015292e+05	7.677693e+01	6.513291e+00	1362.84	123.643143	4643	3.559e-02
300kHz_150dA_100Mss_bobN1M17EG-0036.txt	21.28	68.31	416.41	17.94	57041.50	937.70	3.015292e+05	7.714243e+01	6.512051e+00	1362.08	122.952441	4643	3.619e-02
300kHz_150dA_100Mss_bobN1M17EG-0037.txt	21.73	69.62	417.23	17.83	57041.50	942.22	3.015292e+05	7.751771e+01	6.510091e+00	1357.19	121.862240	4643	3.641e-02
300kHz_150dA_100Mss_bobN1M17EG-0038.txt	22.66	72.18	418.11	17.77	57041.50	948.76	3.015292e+05	7.804485e+01	6.508481e+00	1356.89	120.967768	4643	3.595e-02
