# Configuracion:
# Concentracion g/m^3_=_11780.0
# C_Vs_to_Am_M_A/Vsm_=_59384043850.047264
# pendiente_HvsI_1/m_=_3716.3
# ordenada_HvsI_A/m_=_1297.0
# frecuencia_ref_Hz_=_301557.85891980113
# 
Resultados:
# tau_ns_=_(1.37+/-0.03)e+02
# dphi_rad_=_6.54+/-0.01
# SAR_W/g_=_1351.64+/-15.67
# Hc_kA/m_=_18.50+/-0.29
# Mr_A/m_=_417.71+/-2.98
# Magnetizacion_max_=_822.26+/-8.86
# Suceptibilidad_a_M=0_=_(3.569+/-0.079)e-02

Nombre_archivo	Time_m_(s)	Temperatura_(ºC)	Mr_(A/m)	Hc_(kA/m)	Campo_max_(A/m)	Mag_max_(A/m)	f0	mag0	dphi0	SAR_(W/g)	Tau_(ns)	N	xi_M_0
300kHz_150dA_100Mss_bobN1M17EG-0011.txt	10.92	26.95	405.79	18.85	57041.50	802.05	3.015292e+05	6.704579e+01	6.545435e+00	1352.77	141.672709	4643	3.397e-02
300kHz_150dA_100Mss_bobN1M17EG-0012.txt	11.37	28.57	414.88	18.90	57041.50	815.54	3.015292e+05	6.818966e+01	6.545934e+00	1378.41	141.957030	4643	3.481e-02
300kHz_150dA_100Mss_bobN1M17EG-0013.txt	11.83	30.27	417.10	18.78	57041.50	816.94	3.015292e+05	6.843329e+01	6.543852e+00	1372.62	140.777461	4643	3.543e-02
300kHz_150dA_100Mss_bobN1M17EG-0014.txt	12.28	31.91	417.00	18.87	57041.50	816.33	3.015292e+05	6.832208e+01	6.545346e+00	1378.06	141.623816	4643	3.513e-02
300kHz_150dA_100Mss_bobN1M17EG-0015.txt	12.76	33.64	416.63	18.86	57041.50	813.15	3.015292e+05	6.811180e+01	6.544856e+00	1371.31	141.346461	4643	3.509e-02
300kHz_150dA_100Mss_bobN1M17EG-0016.txt	13.23	35.35	416.91	18.86	57041.50	815.50	3.015292e+05	6.828296e+01	6.544521e+00	1373.04	141.156840	4643	3.546e-02
300kHz_150dA_100Mss_bobN1M17EG-0017.txt	13.68	37.02	417.07	18.73	57041.50	814.84	3.015292e+05	6.829753e+01	6.542615e+00	1363.54	140.078792	4643	3.576e-02
300kHz_150dA_100Mss_bobN1M17EG-0018.txt	14.14	38.70	417.35	18.71	57041.50	816.40	3.015292e+05	6.841886e+01	6.542200e+00	1363.83	139.845431	4643	3.512e-02
300kHz_150dA_100Mss_bobN1M17EG-0019.txt	15.05	41.98	418.11	18.56	57041.50	818.10	3.015292e+05	6.863131e+01	6.539604e+00	1354.65	138.379104	4643	3.491e-02
300kHz_150dA_100Mss_bobN1M17EG-0020.txt	15.5	43.55	417.95	18.57	57041.50	819.74	3.015292e+05	6.875618e+01	6.539459e+00	1356.37	138.297935	4643	3.493e-02
300kHz_150dA_100Mss_bobN1M17EG-0021.txt	15.96	45.16	417.75	18.55	57041.50	818.14	3.015292e+05	6.864423e+01	6.539109e+00	1352.35	138.101221	4643	3.523e-02
300kHz_150dA_100Mss_bobN1M17EG-0022.txt	16.44	46.75	417.70	18.40	57041.50	824.44	3.015292e+05	6.913032e+01	6.535796e+00	1344.68	136.233878	4643	3.543e-02
300kHz_150dA_100Mss_bobN1M17EG-0023.txt	16.9	48.27	418.27	18.41	57041.50	821.22	3.015292e+05	6.894086e+01	6.536508e+00	1344.69	136.634776	4643	3.566e-02
300kHz_150dA_100Mss_bobN1M17EG-0024.txt	17.35	49.72	418.43	18.39	57041.50	820.42	3.015292e+05	6.886079e+01	6.536199e+00	1341.53	136.461236	4643	3.564e-02
300kHz_150dA_100Mss_bobN1M17EG-0025.txt	17.81	51.19	419.36	18.21	57041.50	827.69	3.015292e+05	6.949876e+01	6.532644e+00	1335.33	134.460427	4643	3.629e-02
300kHz_150dA_100Mss_bobN1M17EG-0026.txt	18.26	52.58	418.95	18.35	57041.50	827.92	3.015292e+05	6.945246e+01	6.534872e+00	1346.11	135.714127	4643	3.611e-02
300kHz_150dA_100Mss_bobN1M17EG-0027.txt	18.71	53.93	419.45	18.12	57041.50	829.97	3.015292e+05	6.970883e+01	6.530868e+00	1330.02	133.462320	4643	3.647e-02
300kHz_150dA_100Mss_bobN1M17EG-0028.txt	19.16	55.28	419.54	18.25	57041.50	829.55	3.015292e+05	6.963569e+01	6.533038e+00	1340.03	134.682179	4643	3.647e-02
300kHz_150dA_100Mss_bobN1M17EG-0029.txt	19.61	56.63	419.23	18.29	57041.50	828.25	3.015292e+05	6.951276e+01	6.533416e+00	1339.65	134.895183	4643	3.605e-02
300kHz_150dA_100Mss_bobN1M17EG-0030.txt	20.06	57.97	420.88	18.09	57041.50	837.59	3.015292e+05	7.028395e+01	6.529637e+00	1334.47	132.772143	4643	3.691e-02
300kHz_150dA_100Mss_bobN1M17EG-0031.txt	20.51	59.23	420.67	18.02	57041.50	836.52	3.015292e+05	7.023044e+01	6.528655e+00	1328.25	132.221264	4643	3.715e-02
300kHz_150dA_100Mss_bobN1M17EG-0032.txt	20.97	60.52	420.68	18.10	57041.50	839.38	3.015292e+05	7.037918e+01	6.529280e+00	1334.39	132.574173	4643	3.711e-02
