# Temperatura_=_44.780454545454546
# Concentracion g/m^3_=_11780.0
# C_Vs_to_Am_M_A/Vsm_=_59384043850.047264
# pendiente_HvsI_1/m_=_3716.3
# ordenada_HvsI_A/m_=_1297.0
# frecuencia_Hz_=_301557.85891980113
# Promedio de 22 ciclos

Tiempo_(s)	Campo_(V.s)	Magnetizacion_(V.s)	Campo_(kA/m)	Magnetizacion_(A/m)
0.000000e+00	-8.136260e-09	-1.381743e-08	-5.688837e+01	-8.204035e+02
1.000000e-08	-8.133392e-09	-1.381224e-08	-5.686831e+01	-8.202636e+02
2.000000e-08	-8.127834e-09	-1.380759e-08	-5.682945e+01	-8.200768e+02
3.000000e-08	-8.119678e-09	-1.380534e-08	-5.677242e+01	-8.198514e+02
4.000000e-08	-8.108687e-09	-1.380170e-08	-5.669557e+01	-8.195763e+02
5.000000e-08	-8.094756e-09	-1.379496e-08	-5.659817e+01	-8.192244e+02
6.000000e-08	-8.077929e-09	-1.378924e-08	-5.648051e+01	-8.187631e+02
7.000000e-08	-8.058538e-09	-1.378886e-08	-5.634493e+01	-8.181660e+02
8.000000e-08	-8.036707e-09	-1.377119e-08	-5.619228e+01	-8.174237e+02
9.000000e-08	-8.011849e-09	-1.371279e-08	-5.601847e+01	-8.165476e+02
1.000000e-07	-7.983654e-09	-1.368941e-08	-5.582133e+01	-8.155663e+02
1.100000e-07	-7.952426e-09	-1.371310e-08	-5.560298e+01	-8.145146e+02
1.200000e-07	-7.918373e-09	-1.371866e-08	-5.536488e+01	-8.134210e+02
1.300000e-07	-7.881689e-09	-1.368902e-08	-5.510839e+01	-8.122969e+02
1.400000e-07	-7.842756e-09	-1.366771e-08	-5.483617e+01	-8.111327e+02
1.500000e-07	-7.801522e-09	-1.367162e-08	-5.454786e+01	-8.099019e+02
1.600000e-07	-7.757552e-09	-1.362583e-08	-5.424042e+01	-8.085715e+02
1.700000e-07	-7.710774e-09	-1.360269e-08	-5.391335e+01	-8.071152e+02
1.800000e-07	-7.661195e-09	-1.355122e-08	-5.356670e+01	-8.055231e+02
1.900000e-07	-7.608525e-09	-1.350287e-08	-5.319843e+01	-8.038055e+02
2.000000e-07	-7.552930e-09	-1.352853e-08	-5.280971e+01	-8.019883e+02
2.100000e-07	-7.494644e-09	-1.349136e-08	-5.240217e+01	-8.001030e+02
2.200000e-07	-7.433706e-09	-1.345403e-08	-5.197609e+01	-7.981740e+02
2.300000e-07	-7.370136e-09	-1.341300e-08	-5.153161e+01	-7.962092e+02
2.400000e-07	-7.303755e-09	-1.338658e-08	-5.106747e+01	-7.941966e+02
2.500000e-07	-7.234646e-09	-1.336599e-08	-5.058426e+01	-7.921092e+02
2.600000e-07	-7.162894e-09	-1.329203e-08	-5.008257e+01	-7.899145e+02
2.700000e-07	-7.088357e-09	-1.324951e-08	-4.956141e+01	-7.875867e+02
2.800000e-07	-7.011024e-09	-1.323212e-08	-4.902070e+01	-7.851147e+02
2.900000e-07	-6.930953e-09	-1.321145e-08	-4.846085e+01	-7.825055e+02
3.000000e-07	-6.848367e-09	-1.314183e-08	-4.788341e+01	-7.797800e+02
3.100000e-07	-6.763522e-09	-1.307700e-08	-4.729017e+01	-7.769635e+02
3.200000e-07	-6.676383e-09	-1.305189e-08	-4.668090e+01	-7.740756e+02
3.300000e-07	-6.586850e-09	-1.300035e-08	-4.605488e+01	-7.711224e+02
3.400000e-07	-6.494965e-09	-1.294183e-08	-4.541243e+01	-7.680948e+02
3.500000e-07	-6.400810e-09	-1.287831e-08	-4.475410e+01	-7.649720e+02
3.600000e-07	-6.304308e-09	-1.283230e-08	-4.407936e+01	-7.617298e+02
3.700000e-07	-6.205403e-09	-1.278850e-08	-4.338781e+01	-7.583492e+02
3.800000e-07	-6.104259e-09	-1.272417e-08	-4.268062e+01	-7.548225e+02
3.900000e-07	-6.000970e-09	-1.265155e-08	-4.195842e+01	-7.511543e+02
4.000000e-07	-5.895468e-09	-1.258940e-08	-4.122076e+01	-7.473577e+02
4.100000e-07	-5.787805e-09	-1.254563e-08	-4.046798e+01	-7.434473e+02
4.200000e-07	-5.678134e-09	-1.247687e-08	-3.970117e+01	-7.394322e+02
4.300000e-07	-5.566462e-09	-1.239290e-08	-3.892036e+01	-7.353117e+02
4.400000e-07	-5.452645e-09	-1.231473e-08	-3.812456e+01	-7.310758e+02
4.500000e-07	-5.336631e-09	-1.224972e-08	-3.731339e+01	-7.267090e+02
4.600000e-07	-5.218530e-09	-1.217650e-08	-3.648763e+01	-7.221967e+02
4.700000e-07	-5.098530e-09	-1.208884e-08	-3.564859e+01	-7.175304e+02
4.800000e-07	-4.976714e-09	-1.200868e-08	-3.479686e+01	-7.127105e+02
4.900000e-07	-4.853063e-09	-1.193947e-08	-3.393229e+01	-7.077449e+02
5.000000e-07	-4.727656e-09	-1.186203e-08	-3.305545e+01	-7.026440e+02
5.100000e-07	-4.600608e-09	-1.176083e-08	-3.216713e+01	-6.974152e+02
5.200000e-07	-4.471945e-09	-1.166094e-08	-3.126753e+01	-6.920584e+02
5.300000e-07	-4.341627e-09	-1.157188e-08	-3.035635e+01	-6.865645e+02
5.400000e-07	-4.209668e-09	-1.148181e-08	-2.943370e+01	-6.809177e+02
5.500000e-07	-4.076204e-09	-1.137713e-08	-2.850052e+01	-6.750998e+02
5.600000e-07	-3.941304e-09	-1.127238e-08	-2.755730e+01	-6.690952e+02
5.700000e-07	-3.804916e-09	-1.117758e-08	-2.660369e+01	-6.628942e+02
5.800000e-07	-3.667092e-09	-1.107759e-08	-2.564002e+01	-6.564936e+02
5.900000e-07	-3.527894e-09	-1.096011e-08	-2.466676e+01	-6.498943e+02
6.000000e-07	-3.387282e-09	-1.083651e-08	-2.368360e+01	-6.430974e+02
6.100000e-07	-3.245246e-09	-1.072301e-08	-2.269050e+01	-6.361005e+02
6.200000e-07	-3.101885e-09	-1.060777e-08	-2.168812e+01	-6.288961e+02
6.300000e-07	-2.957382e-09	-1.047985e-08	-2.067776e+01	-6.214723e+02
6.400000e-07	-2.811859e-09	-1.034525e-08	-1.966027e+01	-6.138163e+02
6.500000e-07	-2.665344e-09	-1.021508e-08	-1.863584e+01	-6.059178e+02
6.600000e-07	-2.517897e-09	-1.008345e-08	-1.760490e+01	-5.977716e+02
6.700000e-07	-2.369641e-09	-9.941086e-09	-1.656830e+01	-5.893772e+02
6.800000e-07	-2.220639e-09	-9.789864e-09	-1.552648e+01	-5.807364e+02
6.900000e-07	-2.070853e-09	-9.640142e-09	-1.447918e+01	-5.718487e+02
7.000000e-07	-1.920309e-09	-9.492631e-09	-1.342658e+01	-5.627068e+02
7.100000e-07	-1.769099e-09	-9.336123e-09	-1.236933e+01	-5.532944e+02
7.200000e-07	-1.617263e-09	-9.168255e-09	-1.130770e+01	-5.435865e+02
7.300000e-07	-1.464820e-09	-8.998917e-09	-1.024182e+01	-5.335536e+02
7.400000e-07	-1.311830e-09	-8.828757e-09	-9.172123e+00	-5.231660e+02
7.500000e-07	-1.158364e-09	-8.649486e-09	-8.099099e+00	-5.123988e+02
7.600000e-07	-1.004479e-09	-8.459032e-09	-7.023140e+00	-5.012332e+02
7.700000e-07	-8.502180e-10	-8.263084e-09	-5.944554e+00	-4.896554e+02
7.800000e-07	-6.956445e-10	-8.063742e-09	-4.863783e+00	-4.776505e+02
7.900000e-07	-5.408260e-10	-7.854586e-09	-3.781300e+00	-4.651961e+02
8.000000e-07	-3.858377e-10	-7.633182e-09	-2.697629e+00	-4.522558e+02
8.100000e-07	-2.307127e-10	-7.402867e-09	-1.613003e+00	-4.387759e+02
8.200000e-07	-7.546598e-11	-7.167583e-09	-5.275253e-01	-4.246866e+02
8.300000e-07	7.982793e-11	-6.922288e-09	5.582823e-01	-4.099079e+02
8.400000e-07	2.350627e-10	-6.660699e-09	1.643676e+00	-3.943587e+02
8.500000e-07	3.901844e-10	-6.383599e-09	2.728280e+00	-3.779663e+02
8.600000e-07	5.451802e-10	-6.093220e-09	3.812003e+00	-3.606745e+02
8.700000e-07	6.999667e-10	-5.786537e-09	4.894263e+00	-3.424459e+02
8.800000e-07	8.544719e-10	-5.459613e-09	5.974555e+00	-3.232589e+02
8.900000e-07	1.008659e-09	-5.114378e-09	7.052622e+00	-3.030988e+02
9.000000e-07	1.162467e-09	-4.757311e-09	8.128039e+00	-2.819446e+02
9.100000e-07	1.315839e-09	-4.386371e-09	9.200411e+00	-2.597546e+02
9.200000e-07	1.468755e-09	-3.995687e-09	1.026959e+01	-2.364557e+02
9.300000e-07	1.621142e-09	-3.582725e-09	1.133507e+01	-2.119376e+02
9.400000e-07	1.772908e-09	-3.145971e-09	1.239621e+01	-1.860574e+02
9.500000e-07	1.924023e-09	-2.681927e-09	1.345280e+01	-1.586534e+02
9.600000e-07	2.074452e-09	-2.186010e-09	1.450459e+01	-1.295696e+02
9.700000e-07	2.224144e-09	-1.659769e-09	1.555123e+01	-9.868487e+01
9.800000e-07	2.373034e-09	-1.105866e-09	1.659226e+01	-6.594445e+01
9.900000e-07	2.521079e-09	-5.242798e-10	1.762739e+01	-3.138667e+01
1.000000e-06	2.668208e-09	8.632385e-11	1.865611e+01	4.840750e+00
1.010000e-06	2.814378e-09	7.223414e-10	1.967813e+01	4.247856e+01
1.020000e-06	2.959576e-09	1.376717e-09	2.069334e+01	8.116953e+01
1.030000e-06	3.103708e-09	2.041119e-09	2.170111e+01	1.204858e+02
1.040000e-06	3.246695e-09	2.708343e-09	2.270086e+01	1.599653e+02
1.050000e-06	3.388475e-09	3.371661e-09	2.369218e+01	1.991505e+02
1.060000e-06	3.528946e-09	4.023083e-09	2.467434e+01	2.376225e+02
1.070000e-06	3.668049e-09	4.655296e-09	2.564694e+01	2.750260e+02
1.080000e-06	3.805770e-09	5.262534e-09	2.660988e+01	3.110812e+02
1.090000e-06	3.942064e-09	5.842774e-09	2.756284e+01	3.455836e+02
1.100000e-06	4.076896e-09	6.395159e-09	2.850558e+01	3.783968e+02
1.110000e-06	4.210269e-09	6.917277e-09	2.943812e+01	4.094393e+02
1.120000e-06	4.342121e-09	7.408084e-09	3.036002e+01	4.386735e+02
1.130000e-06	4.472401e-09	7.869125e-09	3.127093e+01	4.660972e+02
1.140000e-06	4.601082e-09	8.301539e-09	3.217066e+01	4.917390e+02
1.150000e-06	4.728142e-09	8.705627e-09	3.305906e+01	5.156554e+02
1.160000e-06	4.853586e-09	9.081348e-09	3.393616e+01	5.379282e+02
1.170000e-06	4.977340e-09	9.429768e-09	3.480144e+01	5.586588e+02
1.180000e-06	5.099327e-09	9.753356e-09	3.565436e+01	5.779589e+02
1.190000e-06	5.219478e-09	1.005355e-08	3.649445e+01	5.959400e+02
1.200000e-06	5.337686e-09	1.033226e-08	3.732095e+01	6.127029e+02
1.210000e-06	5.453850e-09	1.059255e-08	3.813317e+01	6.283306e+02
1.220000e-06	5.567904e-09	1.083777e-08	3.893063e+01	6.428881e+02
1.230000e-06	5.679853e-09	1.106859e-08	3.971336e+01	6.564265e+02
1.240000e-06	5.789778e-09	1.128291e-08	4.048195e+01	6.689927e+02
1.250000e-06	5.897695e-09	1.148073e-08	4.123650e+01	6.806374e+02
1.260000e-06	6.003503e-09	1.166309e-08	4.197631e+01	6.914221e+02
1.270000e-06	6.107128e-09	1.183017e-08	4.270085e+01	7.014183e+02
1.280000e-06	6.208553e-09	1.198294e-08	4.341001e+01	7.107027e+02
1.290000e-06	6.307712e-09	1.212404e-08	4.410332e+01	7.193480e+02
1.300000e-06	6.404515e-09	1.225739e-08	4.478016e+01	7.274144e+02
1.310000e-06	6.499034e-09	1.238472e-08	4.544103e+01	7.349445e+02
1.320000e-06	6.591340e-09	1.250420e-08	4.608642e+01	7.419640e+02
1.330000e-06	6.681336e-09	1.261379e-08	4.671567e+01	7.484888e+02
1.340000e-06	6.768948e-09	1.271372e-08	4.732825e+01	7.545342e+02
1.350000e-06	6.854240e-09	1.280667e-08	4.792460e+01	7.601239e+02
1.360000e-06	6.937182e-09	1.289413e-08	4.850453e+01	7.652944e+02
1.370000e-06	7.017604e-09	1.297484e-08	4.906684e+01	7.700935e+02
1.380000e-06	7.095458e-09	1.304987e-08	4.961118e+01	7.745728e+02
1.390000e-06	7.170676e-09	1.312192e-08	5.013710e+01	7.787781e+02
1.400000e-06	7.243192e-09	1.318997e-08	5.064413e+01	7.827409e+02
1.410000e-06	7.313141e-09	1.325266e-08	5.113320e+01	7.864744e+02
1.420000e-06	7.380517e-09	1.330951e-08	5.160429e+01	7.899766e+02
1.430000e-06	7.445208e-09	1.336237e-08	5.205661e+01	7.932379e+02
1.440000e-06	7.507325e-09	1.341384e-08	5.249093e+01	7.962515e+02
1.450000e-06	7.566911e-09	1.346275e-08	5.290755e+01	7.990215e+02
1.460000e-06	7.623804e-09	1.350644e-08	5.330534e+01	8.015657e+02
1.470000e-06	7.677866e-09	1.354455e-08	5.368334e+01	8.039126e+02
1.480000e-06	7.728823e-09	1.357911e-08	5.403962e+01	8.060932e+02
1.490000e-06	7.776645e-09	1.361246e-08	5.437399e+01	8.081311e+02
1.500000e-06	7.821669e-09	1.364452e-08	5.468879e+01	8.100364e+02
1.510000e-06	7.863929e-09	1.367452e-08	5.498427e+01	8.118039e+02
1.520000e-06	7.903344e-09	1.370230e-08	5.525986e+01	8.134183e+02
1.530000e-06	7.940042e-09	1.372769e-08	5.551645e+01	8.148634e+02
1.540000e-06	7.973964e-09	1.374979e-08	5.575363e+01	8.161312e+02
1.550000e-06	8.005046e-09	1.376660e-08	5.597094e+01	8.172283e+02
1.560000e-06	8.033411e-09	1.378001e-08	5.616927e+01	8.181758e+02
1.570000e-06	8.058913e-09	1.379262e-08	5.634758e+01	8.190028e+02
1.580000e-06	8.081516e-09	1.380344e-08	5.650562e+01	8.197370e+02
1.590000e-06	8.101401e-09	1.381254e-08	5.664465e+01	8.203949e+02
1.600000e-06	8.118427e-09	1.382253e-08	5.676369e+01	8.209775e+02
1.610000e-06	8.132434e-09	1.383296e-08	5.686163e+01	8.214711e+02
1.620000e-06	8.143309e-09	1.383974e-08	5.693766e+01	8.218555e+02
1.630000e-06	8.151092e-09	1.384175e-08	5.699207e+01	8.221137e+02
1.640000e-06	8.156050e-09	1.384169e-08	5.702674e+01	8.222414e+02
1.650000e-06	8.158161e-09	1.384113e-08	5.704150e+01	8.222505e+02
1.660000e-06	8.157436e-09	1.384053e-08	5.703643e+01	8.221658e+02
1.670000e-06	8.154072e-09	1.383983e-08	5.701290e+01	8.220159e+02
1.680000e-06	8.147988e-09	1.383537e-08	5.697036e+01	8.218220e+02
1.690000e-06	8.139168e-09	1.383128e-08	5.690870e+01	8.215889e+02
1.700000e-06	8.127593e-09	1.382590e-08	5.682776e+01	8.213022e+02
1.710000e-06	8.113155e-09	1.381472e-08	5.672681e+01	8.209330e+02
1.720000e-06	8.096118e-09	1.379680e-08	5.660769e+01	8.204488e+02
1.730000e-06	8.076758e-09	1.378270e-08	5.647232e+01	8.198256e+02
1.740000e-06	8.054702e-09	1.382267e-08	5.631810e+01	8.190578e+02
1.750000e-06	8.029190e-09	1.383127e-08	5.613972e+01	8.181603e+02
1.760000e-06	7.999893e-09	1.377199e-08	5.593487e+01	8.171637e+02
1.770000e-06	7.967322e-09	1.372697e-08	5.570714e+01	8.161027e+02
1.780000e-06	7.932239e-09	1.371055e-08	5.546183e+01	8.150032e+02
1.790000e-06	7.894760e-09	1.367218e-08	5.519978e+01	8.138730e+02
1.800000e-06	7.855105e-09	1.366148e-08	5.492251e+01	8.126990e+02
1.810000e-06	7.813383e-09	1.367675e-08	5.463079e+01	8.114526e+02
1.820000e-06	7.769004e-09	1.360328e-08	5.432049e+01	8.101011e+02
1.830000e-06	7.721870e-09	1.362953e-08	5.399093e+01	8.086205e+02
1.840000e-06	7.671820e-09	1.360918e-08	5.364098e+01	8.070045e+02
1.850000e-06	7.618565e-09	1.354249e-08	5.326863e+01	8.052667e+02
1.860000e-06	7.562454e-09	1.353083e-08	5.287630e+01	8.034349e+02
1.870000e-06	7.503645e-09	1.345061e-08	5.246511e+01	8.015402e+02
1.880000e-06	7.442239e-09	1.346937e-08	5.203576e+01	7.996046e+02
1.890000e-06	7.378145e-09	1.342700e-08	5.158761e+01	7.976324e+02
1.900000e-06	7.311274e-09	1.338633e-08	5.112005e+01	7.956086e+02
1.910000e-06	7.241647e-09	1.338157e-08	5.063322e+01	7.935042e+02
1.920000e-06	7.169150e-09	1.331930e-08	5.012632e+01	7.912871e+02
1.930000e-06	7.093972e-09	1.328904e-08	4.960068e+01	7.889336e+02
1.940000e-06	7.016047e-09	1.320917e-08	4.905583e+01	7.864359e+02
1.950000e-06	6.935489e-09	1.318713e-08	4.849257e+01	7.838040e+02
1.960000e-06	6.852525e-09	1.314759e-08	4.791248e+01	7.810603e+02
1.970000e-06	6.767047e-09	1.309818e-08	4.731483e+01	7.782297e+02
1.980000e-06	6.679102e-09	1.306892e-08	4.669992e+01	7.753299e+02
1.990000e-06	6.588783e-09	1.299350e-08	4.606841e+01	7.723643e+02
2.000000e-06	6.496209e-09	1.295835e-08	4.542113e+01	7.693213e+02
2.010000e-06	6.401307e-09	1.288939e-08	4.475758e+01	7.661787e+02
2.020000e-06	6.304131e-09	1.283924e-08	4.407813e+01	7.629127e+02
2.030000e-06	6.204754e-09	1.277922e-08	4.338329e+01	7.595060e+02
2.040000e-06	6.103097e-09	1.272422e-08	4.267250e+01	7.559531e+02
2.050000e-06	5.999201e-09	1.266764e-08	4.194607e+01	7.522607e+02
2.060000e-06	5.893167e-09	1.258903e-08	4.120468e+01	7.484426e+02
2.070000e-06	5.785107e-09	1.252628e-08	4.044913e+01	7.445129e+02
2.080000e-06	5.674944e-09	1.245211e-08	3.967887e+01	7.404791e+02
2.090000e-06	5.562666e-09	1.239623e-08	3.889382e+01	7.363389e+02
2.100000e-06	5.448237e-09	1.231876e-08	3.809374e+01	7.320806e+02
2.110000e-06	5.331669e-09	1.224841e-08	3.727871e+01	7.276886e+02
2.120000e-06	5.213044e-09	1.216755e-08	3.644928e+01	7.231489e+02
2.130000e-06	5.092447e-09	1.208895e-08	3.560607e+01	7.184547e+02
2.140000e-06	4.970038e-09	1.199797e-08	3.475019e+01	7.136079e+02
2.150000e-06	4.845843e-09	1.191225e-08	3.388182e+01	7.086172e+02
2.160000e-06	4.719883e-09	1.183414e-08	3.300111e+01	7.034929e+02
2.170000e-06	4.592208e-09	1.174977e-08	3.210842e+01	6.982413e+02
2.180000e-06	4.462944e-09	1.166206e-08	3.120461e+01	6.928607e+02
2.190000e-06	4.332143e-09	1.156357e-08	3.029005e+01	6.873406e+02
2.200000e-06	4.199806e-09	1.147110e-08	2.936475e+01	6.816644e+02
2.210000e-06	4.065944e-09	1.136625e-08	2.842879e+01	6.758140e+02
2.220000e-06	3.930593e-09	1.126586e-08	2.748243e+01	6.697746e+02
2.230000e-06	3.793758e-09	1.115718e-08	2.652568e+01	6.635378e+02
2.240000e-06	3.655507e-09	1.105669e-08	2.555904e+01	6.571014e+02
2.250000e-06	3.515929e-09	1.094677e-08	2.458311e+01	6.504667e+02
2.260000e-06	3.375036e-09	1.083244e-08	2.359800e+01	6.436342e+02
2.270000e-06	3.232863e-09	1.071048e-08	2.260393e+01	6.366008e+02
2.280000e-06	3.089453e-09	1.058551e-08	2.160121e+01	6.293579e+02
2.290000e-06	2.944917e-09	1.046054e-08	2.059062e+01	6.218933e+02
2.300000e-06	2.799328e-09	1.032883e-08	1.957267e+01	6.141945e+02
2.310000e-06	2.652777e-09	1.019616e-08	1.854799e+01	6.062518e+02
2.320000e-06	2.505312e-09	1.005935e-08	1.751692e+01	5.980610e+02
2.330000e-06	2.356976e-09	9.922495e-09	1.647976e+01	5.896223e+02
2.340000e-06	2.207813e-09	9.774080e-09	1.543682e+01	5.809374e+02
2.350000e-06	2.057862e-09	9.621484e-09	1.438836e+01	5.720049e+02
2.360000e-06	1.907191e-09	9.463046e-09	1.333488e+01	5.628160e+02
2.370000e-06	1.755860e-09	9.303884e-09	1.227678e+01	5.533526e+02
2.380000e-06	1.603920e-09	9.138487e-09	1.121442e+01	5.435887e+02
2.390000e-06	1.451393e-09	8.968327e-09	1.014796e+01	5.334944e+02
2.400000e-06	1.298318e-09	8.792365e-09	9.077667e+00	5.230405e+02
2.410000e-06	1.144759e-09	8.610076e-09	8.003983e+00	5.122031e+02
2.420000e-06	9.908050e-10	8.419571e-09	6.927545e+00	5.009647e+02
2.430000e-06	8.365387e-10	8.221857e-09	5.848920e+00	4.893116e+02
2.440000e-06	6.819942e-10	8.020349e-09	4.768351e+00	4.772282e+02
2.450000e-06	5.272094e-10	7.812903e-09	3.686102e+00	4.646900e+02
2.460000e-06	3.722426e-10	7.595255e-09	2.602581e+00	4.516576e+02
2.470000e-06	2.171495e-10	7.364789e-09	1.518176e+00	4.380742e+02
2.480000e-06	6.197963e-11	7.123999e-09	4.332343e-01	4.238677e+02
2.490000e-06	-9.320313e-11	6.870644e-09	-6.517972e-01	4.089570e+02
2.500000e-06	-2.483288e-10	6.605907e-09	-1.736429e+00	3.932619e+02
2.510000e-06	-4.033316e-10	6.327325e-09	-2.820203e+00	3.767124e+02
2.520000e-06	-5.581530e-10	6.037417e-09	-3.902708e+00	3.592553e+02
2.530000e-06	-7.127657e-10	5.732551e-09	-4.983753e+00	3.408566e+02
2.540000e-06	-8.671282e-10	5.408190e-09	-6.063050e+00	3.214967e+02
2.550000e-06	-1.021180e-09	5.063829e-09	-7.140173e+00	3.011608e+02
2.560000e-06	-1.174864e-09	4.702547e-09	-8.214729e+00	2.798253e+02
2.570000e-06	-1.328109e-09	4.324959e-09	-9.286211e+00	2.574436e+02
2.580000e-06	-1.480838e-09	3.929222e-09	-1.035408e+01	2.339359e+02
2.590000e-06	-1.633001e-09	3.514455e-09	-1.141800e+01	2.091856e+02
2.600000e-06	-1.784548e-09	3.079024e-09	-1.247761e+01	1.830451e+02
2.610000e-06	-1.935435e-09	2.618931e-09	-1.353260e+01	1.553519e+02
2.620000e-06	-2.085618e-09	2.127366e-09	-1.458268e+01	1.259537e+02
2.630000e-06	-2.235056e-09	1.601777e-09	-1.562754e+01	9.473898e+01
2.640000e-06	-2.383712e-09	1.045323e-09	-1.666694e+01	6.166801e+01
2.650000e-06	-2.531513e-09	4.605060e-10	-1.770035e+01	2.679778e+01
2.660000e-06	-2.678397e-09	-1.508968e-10	-1.872736e+01	-9.703791e+00
2.670000e-06	-2.824354e-09	-7.853936e-10	-1.974788e+01	-4.755852e+01
2.680000e-06	-2.969324e-09	-1.436151e-09	-2.076151e+01	-8.639422e+01
2.690000e-06	-3.113186e-09	-2.094778e-09	-2.176738e+01	-1.257741e+02
2.700000e-06	-3.255853e-09	-2.756500e-09	-2.276491e+01	-1.652341e+02
2.710000e-06	-3.397280e-09	-3.414050e-09	-2.375375e+01	-2.043212e+02
2.720000e-06	-3.537411e-09	-4.058818e-09	-2.473354e+01	-2.426266e+02
2.730000e-06	-3.676184e-09	-4.683639e-09	-2.570383e+01	-2.798079e+02
2.740000e-06	-3.813598e-09	-5.285348e-09	-2.666462e+01	-3.155988e+02
2.750000e-06	-3.949603e-09	-5.862152e-09	-2.761556e+01	-3.498081e+02
2.760000e-06	-4.084139e-09	-6.411163e-09	-2.855623e+01	-3.823098e+02
2.770000e-06	-4.217230e-09	-6.928474e-09	-2.948680e+01	-4.130312e+02
2.780000e-06	-4.348831e-09	-7.413969e-09	-3.040695e+01	-4.419415e+02
2.790000e-06	-4.478902e-09	-7.870041e-09	-3.131640e+01	-4.690443e+02
2.800000e-06	-4.607425e-09	-8.297146e-09	-3.221502e+01	-4.943733e+02
2.810000e-06	-4.734310e-09	-8.694400e-09	-3.310220e+01	-5.179897e+02
2.820000e-06	-4.859521e-09	-9.063988e-09	-3.397766e+01	-5.399795e+02
2.830000e-06	-4.983014e-09	-9.410896e-09	-3.484112e+01	-5.604464e+02
2.840000e-06	-5.104714e-09	-9.736046e-09	-3.569204e+01	-5.795032e+02
2.850000e-06	-5.224533e-09	-1.003768e-08	-3.652980e+01	-5.972601e+02
2.860000e-06	-5.342336e-09	-1.031611e-08	-3.735348e+01	-6.138149e+02
2.870000e-06	-5.457998e-09	-1.057539e-08	-3.816218e+01	-6.292474e+02
2.880000e-06	-5.571422e-09	-1.081682e-08	-3.895523e+01	-6.436196e+02
2.890000e-06	-5.682650e-09	-1.103974e-08	-3.973293e+01	-6.569812e+02
2.900000e-06	-5.791815e-09	-1.124555e-08	-4.049620e+01	-6.693790e+02
2.910000e-06	-5.899019e-09	-1.143785e-08	-4.124577e+01	-6.808655e+02
2.920000e-06	-6.004228e-09	-1.162011e-08	-4.198138e+01	-6.915041e+02
2.930000e-06	-6.107251e-09	-1.179113e-08	-4.270171e+01	-7.013677e+02
2.940000e-06	-6.208000e-09	-1.194697e-08	-4.340614e+01	-7.105331e+02
2.950000e-06	-6.306561e-09	-1.209035e-08	-4.409528e+01	-7.190713e+02
2.960000e-06	-6.402978e-09	-1.222582e-08	-4.476942e+01	-7.270396e+02
2.970000e-06	-6.497132e-09	-1.235259e-08	-4.542774e+01	-7.344772e+02
2.980000e-06	-6.588948e-09	-1.246892e-08	-4.606971e+01	-7.414076e+02
2.990000e-06	-6.678495e-09	-1.257621e-08	-4.669582e+01	-7.478457e+02
3.000000e-06	-6.765707e-09	-1.267819e-08	-4.730559e+01	-7.538078e+02
3.010000e-06	-6.850445e-09	-1.277431e-08	-4.789808e+01	-7.593198e+02
3.020000e-06	-6.932772e-09	-1.286166e-08	-4.847371e+01	-7.644204e+02
3.030000e-06	-7.012670e-09	-1.293972e-08	-4.903234e+01	-7.691588e+02
3.040000e-06	-7.089892e-09	-1.301285e-08	-4.957228e+01	-7.735863e+02
3.050000e-06	-7.164385e-09	-1.308338e-08	-5.009312e+01	-7.777468e+02
3.060000e-06	-7.236257e-09	-1.314917e-08	-5.059565e+01	-7.816684e+02
3.070000e-06	-7.305498e-09	-1.320998e-08	-5.107978e+01	-7.853612e+02
3.080000e-06	-7.372142e-09	-1.326848e-08	-5.154575e+01	-7.888213e+02
3.090000e-06	-7.436242e-09	-1.332378e-08	-5.199393e+01	-7.920388e+02
3.100000e-06	-7.497685e-09	-1.337293e-08	-5.242354e+01	-7.950084e+02
3.110000e-06	-7.556427e-09	-1.341855e-08	-5.283425e+01	-7.977366e+02
3.120000e-06	-7.612444e-09	-1.346250e-08	-5.322592e+01	-8.002435e+02
3.130000e-06	-7.665565e-09	-1.350332e-08	-5.359733e+01	-8.025588e+02
3.140000e-06	-7.715634e-09	-1.353940e-08	-5.394741e+01	-8.047126e+02
3.150000e-06	-7.762642e-09	-1.357240e-08	-5.427609e+01	-8.067268e+02
3.160000e-06	-7.806955e-09	-1.360411e-08	-5.458592e+01	-8.086084e+02
3.170000e-06	-7.848808e-09	-1.363375e-08	-5.487855e+01	-8.103501e+02
3.180000e-06	-7.887962e-09	-1.365972e-08	-5.515232e+01	-8.119355e+02
3.190000e-06	-7.924302e-09	-1.368238e-08	-5.540640e+01	-8.133493e+02
3.200000e-06	-7.957895e-09	-1.370447e-08	-5.564128e+01	-8.145859e+02
3.210000e-06	-7.988625e-09	-1.372569e-08	-5.585614e+01	-8.156546e+02
3.220000e-06	-8.016447e-09	-1.374399e-08	-5.605067e+01	-8.165785e+02
3.230000e-06	-8.041496e-09	-1.375809e-08	-5.622580e+01	-8.173874e+02
3.240000e-06	-8.063669e-09	-1.376946e-08	-5.638084e+01	-8.181073e+02
3.250000e-06	-8.082969e-09	-1.378019e-08	-5.651578e+01	-8.187524e+02
3.260000e-06	-8.099472e-09	-1.378940e-08	-5.663117e+01	-8.193206e+02
3.270000e-06	-8.112885e-09	-1.379753e-08	-5.672495e+01	-8.197964e+02
3.280000e-06	-8.123192e-09	-1.380500e-08	-5.679701e+01	-8.201594e+02
3.290000e-06	-8.130595e-09	-1.381081e-08	-5.684877e+01	-8.203944e+02
3.300000e-06	-8.135095e-09	-1.381399e-08	-5.688023e+01	-8.204998e+02
3.310000e-06	-8.136801e-09	-1.381644e-08	-5.689215e+01	-8.204903e+02
