# Temperatura_=_53.01
# Concentracion g/m^3_=_11780.0
# C_Vs_to_Am_M_A/Vsm_=_59384043850.047264
# pendiente_HvsI_1/m_=_3716.3
# ordenada_HvsI_A/m_=_1297.0
# frecuencia_Hz_=_301537.15340835473

Tiempo_(s)	Campo_(V.s)	Magnetizacion_(V.s)	Campo_(kA/m)	Magnetizacion_(A/m)
0.000000e+00	-8.122826e-06	-1.355127e-08	-5.689411e+01	-8.046281e+02
1.000000e-08	-8.119657e-06	-1.354837e-08	-5.687192e+01	-8.045222e+02
2.000000e-08	-8.113828e-06	-1.354506e-08	-5.683109e+01	-8.043526e+02
3.000000e-08	-8.105395e-06	-1.354283e-08	-5.677203e+01	-8.041020e+02
4.000000e-08	-8.094193e-06	-1.353833e-08	-5.669356e+01	-8.037503e+02
5.000000e-08	-8.080053e-06	-1.353033e-08	-5.659452e+01	-8.032825e+02
6.000000e-08	-8.063011e-06	-1.352014e-08	-5.647516e+01	-8.026926e+02
7.000000e-08	-8.043418e-06	-1.350676e-08	-5.633792e+01	-8.019851e+02
8.000000e-08	-8.021325e-06	-1.349802e-08	-5.618318e+01	-8.011728e+02
9.000000e-08	-7.996180e-06	-1.347920e-08	-5.600706e+01	-8.002718e+02
1.000000e-07	-7.967691e-06	-1.343902e-08	-5.580751e+01	-7.992960e+02
1.100000e-07	-7.936153e-06	-1.342582e-08	-5.558661e+01	-7.982533e+02
1.200000e-07	-7.901867e-06	-1.344086e-08	-5.534647e+01	-7.971435e+02
1.300000e-07	-7.865033e-06	-1.343311e-08	-5.508847e+01	-7.959596e+02
1.400000e-07	-7.825915e-06	-1.339764e-08	-5.481448e+01	-7.946906e+02
1.500000e-07	-7.784469e-06	-1.337677e-08	-5.452419e+01	-7.933259e+02
1.600000e-07	-7.740331e-06	-1.336752e-08	-5.421503e+01	-7.918588e+02
1.700000e-07	-7.693413e-06	-1.330800e-08	-5.388641e+01	-7.902889e+02
1.800000e-07	-7.643597e-06	-1.327862e-08	-5.353748e+01	-7.886220e+02
1.900000e-07	-7.590652e-06	-1.325836e-08	-5.316664e+01	-7.868676e+02
2.000000e-07	-7.534853e-06	-1.322959e-08	-5.277582e+01	-7.850362e+02
2.100000e-07	-7.476394e-06	-1.321473e-08	-5.236636e+01	-7.831346e+02
2.200000e-07	-7.415294e-06	-1.316343e-08	-5.193840e+01	-7.811642e+02
2.300000e-07	-7.351510e-06	-1.314158e-08	-5.149164e+01	-7.791192e+02
2.400000e-07	-7.284916e-06	-1.310948e-08	-5.102520e+01	-7.769881e+02
2.500000e-07	-7.215623e-06	-1.306472e-08	-5.053986e+01	-7.747572e+02
2.600000e-07	-7.143652e-06	-1.301242e-08	-5.003576e+01	-7.724141e+02
2.700000e-07	-7.068959e-06	-1.297268e-08	-4.951259e+01	-7.699522e+02
2.800000e-07	-6.991497e-06	-1.294862e-08	-4.897003e+01	-7.673719e+02
2.900000e-07	-6.911337e-06	-1.289000e-08	-4.840857e+01	-7.646808e+02
3.000000e-07	-6.828708e-06	-1.284342e-08	-4.782982e+01	-7.618905e+02
3.100000e-07	-6.743809e-06	-1.279919e-08	-4.723517e+01	-7.590118e+02
3.200000e-07	-6.656630e-06	-1.275780e-08	-4.662455e+01	-7.560504e+02
3.300000e-07	-6.567048e-06	-1.270183e-08	-4.599709e+01	-7.530033e+02
3.400000e-07	-6.475117e-06	-1.263324e-08	-4.535319e+01	-7.498590e+02
3.500000e-07	-6.380893e-06	-1.257977e-08	-4.469322e+01	-7.466008e+02
3.600000e-07	-6.284282e-06	-1.252892e-08	-4.401653e+01	-7.432119e+02
3.700000e-07	-6.185330e-06	-1.247205e-08	-4.332345e+01	-7.396816e+02
3.800000e-07	-6.084168e-06	-1.240194e-08	-4.261489e+01	-7.360089e+02
3.900000e-07	-5.980802e-06	-1.234546e-08	-4.189089e+01	-7.322031e+02
4.000000e-07	-5.875252e-06	-1.229132e-08	-4.115159e+01	-7.282802e+02
4.100000e-07	-5.767618e-06	-1.222411e-08	-4.039770e+01	-7.242559e+02
4.200000e-07	-5.657982e-06	-1.214165e-08	-3.962979e+01	-7.201393e+02
4.300000e-07	-5.546234e-06	-1.206294e-08	-3.884708e+01	-7.159271e+02
4.400000e-07	-5.432337e-06	-1.199877e-08	-3.804932e+01	-7.116036e+02
4.500000e-07	-5.316338e-06	-1.192653e-08	-3.723684e+01	-7.071449e+02
4.600000e-07	-5.198284e-06	-1.184264e-08	-3.640996e+01	-7.025270e+02
4.700000e-07	-5.078289e-06	-1.176129e-08	-3.556949e+01	-6.977343e+02
4.800000e-07	-4.956469e-06	-1.169122e-08	-3.471623e+01	-6.927655e+02
4.900000e-07	-4.832849e-06	-1.160834e-08	-3.385037e+01	-6.876347e+02
5.000000e-07	-4.707464e-06	-1.150761e-08	-3.297215e+01	-6.823654e+02
5.100000e-07	-4.580445e-06	-1.140603e-08	-3.208248e+01	-6.769821e+02
5.200000e-07	-4.451793e-06	-1.131698e-08	-3.118136e+01	-6.714993e+02
5.300000e-07	-4.321518e-06	-1.122814e-08	-3.026889e+01	-6.659142e+02
5.400000e-07	-4.189648e-06	-1.112859e-08	-2.934524e+01	-6.602061e+02
5.500000e-07	-4.056241e-06	-1.102618e-08	-2.841083e+01	-6.543414e+02
5.600000e-07	-3.921413e-06	-1.093114e-08	-2.746646e+01	-6.482843e+02
5.700000e-07	-3.785142e-06	-1.083173e-08	-2.651199e+01	-6.420078e+02
5.800000e-07	-3.647391e-06	-1.071631e-08	-2.554715e+01	-6.355019e+02
5.900000e-07	-3.508291e-06	-1.059531e-08	-2.457286e+01	-6.287752e+02
6.000000e-07	-3.367829e-06	-1.048188e-08	-2.358904e+01	-6.218486e+02
6.100000e-07	-3.225926e-06	-1.037130e-08	-2.259511e+01	-6.147446e+02
6.200000e-07	-3.082692e-06	-1.024655e-08	-2.159187e+01	-6.074761e+02
6.300000e-07	-2.938374e-06	-1.011420e-08	-2.058104e+01	-6.000379e+02
6.400000e-07	-2.793091e-06	-9.984109e-09	-1.956344e+01	-5.924061e+02
6.500000e-07	-2.646769e-06	-9.855769e-09	-1.853857e+01	-5.845453e+02
6.600000e-07	-2.499528e-06	-9.716536e-09	-1.750726e+01	-5.764191e+02
6.700000e-07	-2.351487e-06	-9.569180e-09	-1.647035e+01	-5.680028e+02
6.800000e-07	-2.202654e-06	-9.425506e-09	-1.542789e+01	-5.592891e+02
6.900000e-07	-2.053063e-06	-9.282980e-09	-1.438011e+01	-5.502884e+02
7.000000e-07	-1.902718e-06	-9.128020e-09	-1.332707e+01	-5.410196e+02
7.100000e-07	-1.751649e-06	-8.960690e-09	-1.226895e+01	-5.314982e+02
7.200000e-07	-1.599981e-06	-8.792392e-09	-1.120663e+01	-5.217237e+02
7.300000e-07	-1.447745e-06	-8.624969e-09	-1.014034e+01	-5.116742e+02
7.400000e-07	-1.294951e-06	-8.453558e-09	-9.070133e+00	-5.013087e+02
7.500000e-07	-1.141646e-06	-8.272684e-09	-7.996349e+00	-4.905771e+02
7.600000e-07	-9.878980e-07	-8.086905e-09	-6.919461e+00	-4.794334e+02
7.700000e-07	-8.338236e-07	-7.896466e-09	-5.840290e+00	-4.678470e+02
7.800000e-07	-6.794737e-07	-7.693995e-09	-4.759188e+00	-4.558054e+02
7.900000e-07	-5.249029e-07	-7.477316e-09	-3.676539e+00	-4.433079e+02
8.000000e-07	-3.702212e-07	-7.255571e-09	-2.593113e+00	-4.303508e+02
8.100000e-07	-2.154901e-07	-7.032506e-09	-1.509342e+00	-4.169107e+02
8.200000e-07	-6.063211e-08	-6.800644e-09	-4.246810e-01	-4.029324e+02
8.300000e-07	9.428041e-08	-6.556228e-09	6.603613e-01	-3.883277e+02
8.400000e-07	2.491352e-07	-6.298597e-09	1.745000e+00	-3.729864e+02
8.500000e-07	4.039492e-07	-6.026975e-09	2.829352e+00	-3.567976e+02
8.600000e-07	5.586771e-07	-5.734082e-09	3.913101e+00	-3.396727e+02
8.700000e-07	7.131728e-07	-5.418867e-09	4.995224e+00	-3.215623e+02
8.800000e-07	8.674006e-07	-5.089579e-09	6.075470e+00	-3.024588e+02
8.900000e-07	1.021371e-06	-4.752509e-09	7.153915e+00	-2.823824e+02
9.000000e-07	1.174952e-06	-4.404232e-09	8.229627e+00	-2.613537e+02
9.100000e-07	1.328070e-06	-4.037364e-09	9.302105e+00	-2.393617e+02
9.200000e-07	1.480659e-06	-3.652698e-09	1.037087e+01	-2.163377e+02
9.300000e-07	1.632657e-06	-3.246650e-09	1.143550e+01	-1.921466e+02
9.400000e-07	1.784079e-06	-2.810835e-09	1.249609e+01	-1.665989e+02
9.500000e-07	1.934846e-06	-2.342927e-09	1.355210e+01	-1.394837e+02
9.600000e-07	2.084866e-06	-1.848818e-09	1.460288e+01	-1.106140e+02
9.700000e-07	2.234140e-06	-1.330033e-09	1.564843e+01	-7.987352e+01
9.800000e-07	2.382637e-06	-7.817662e-10	1.668853e+01	-4.725215e+01
9.900000e-07	2.530278e-06	-2.012670e-10	1.772264e+01	-1.286271e+01
1.000000e-06	2.677072e-06	4.053446e-10	1.875082e+01	2.306393e+01
1.010000e-06	2.822981e-06	1.030432e-09	1.977280e+01	6.020162e+01
1.020000e-06	2.967857e-06	1.672148e-09	2.078755e+01	9.816208e+01
1.030000e-06	3.111618e-06	2.325285e-09	2.179448e+01	1.365292e+02
1.040000e-06	3.254245e-06	2.976856e-09	2.279347e+01	1.748873e+02
1.050000e-06	3.395605e-06	3.615644e-09	2.378359e+01	2.128412e+02
1.060000e-06	3.535610e-06	4.240736e-09	2.476421e+01	2.500269e+02
1.070000e-06	3.674311e-06	4.851388e-09	2.573570e+01	2.861192e+02
1.080000e-06	3.811637e-06	5.438147e-09	2.669757e+01	3.208384e+02
1.090000e-06	3.947443e-06	5.992770e-09	2.764878e+01	3.539593e+02
1.100000e-06	4.081796e-06	6.517065e-09	2.858982e+01	3.853207e+02
1.110000e-06	4.214798e-06	7.014248e-09	2.952140e+01	4.148340e+02
1.120000e-06	4.346323e-06	7.481926e-09	3.044263e+01	4.424839e+02
1.130000e-06	4.476264e-06	7.916550e-09	3.135277e+01	4.683200e+02
1.140000e-06	4.604590e-06	8.320389e-09	3.225159e+01	4.924389e+02
1.150000e-06	4.731289e-06	8.700119e-09	3.313902e+01	5.149594e+02
1.160000e-06	4.856336e-06	9.055341e-09	3.401488e+01	5.359983e+02
1.170000e-06	4.979704e-06	9.382113e-09	3.487898e+01	5.556523e+02
1.180000e-06	5.101290e-06	9.684669e-09	3.573059e+01	5.739917e+02
1.190000e-06	5.220988e-06	9.969558e-09	3.656898e+01	5.910650e+02
1.200000e-06	5.338810e-06	1.023701e-08	3.739424e+01	6.069137e+02
1.210000e-06	5.454632e-06	1.048419e-08	3.820548e+01	6.215881e+02
1.220000e-06	5.568286e-06	1.071236e-08	3.900154e+01	6.351595e+02
1.230000e-06	5.679782e-06	1.092377e-08	3.978248e+01	6.477222e+02
1.240000e-06	5.789291e-06	1.112129e-08	4.054951e+01	6.593862e+02
1.250000e-06	5.896852e-06	1.130470e-08	4.130289e+01	6.702617e+02
1.260000e-06	6.002303e-06	1.147368e-08	4.204149e+01	6.804417e+02
1.270000e-06	6.105532e-06	1.163099e-08	4.276453e+01	6.899907e+02
1.280000e-06	6.206544e-06	1.178030e-08	4.347204e+01	6.989413e+02
1.290000e-06	6.305267e-06	1.192272e-08	4.416351e+01	7.073018e+02
1.300000e-06	6.401645e-06	1.205314e-08	4.483857e+01	7.150712e+02
1.310000e-06	6.495836e-06	1.217110e-08	4.549830e+01	7.222548e+02
1.320000e-06	6.587841e-06	1.227991e-08	4.614273e+01	7.288769e+02
1.330000e-06	6.677472e-06	1.238135e-08	4.677052e+01	7.349838e+02
1.340000e-06	6.764705e-06	1.247595e-08	4.738152e+01	7.406386e+02
1.350000e-06	6.849657e-06	1.256449e-08	4.797655e+01	7.459089e+02
1.360000e-06	6.932271e-06	1.264790e-08	4.855519e+01	7.508533e+02
1.370000e-06	7.012315e-06	1.272746e-08	4.911584e+01	7.555117e+02
1.380000e-06	7.089770e-06	1.280224e-08	4.965835e+01	7.599024e+02
1.390000e-06	7.164575e-06	1.287125e-08	5.018231e+01	7.640275e+02
1.400000e-06	7.236675e-06	1.293586e-08	5.068731e+01	7.678824e+02
1.410000e-06	7.306246e-06	1.299542e-08	5.117460e+01	7.714670e+02
1.420000e-06	7.373206e-06	1.305016e-08	5.164361e+01	7.747925e+02
1.430000e-06	7.437466e-06	1.310075e-08	5.209369e+01	7.778818e+02
1.440000e-06	7.499246e-06	1.314930e-08	5.252642e+01	7.807650e+02
1.450000e-06	7.558560e-06	1.319704e-08	5.294186e+01	7.834698e+02
1.460000e-06	7.615172e-06	1.324163e-08	5.333839e+01	7.860138e+02
1.470000e-06	7.668893e-06	1.328145e-08	5.371467e+01	7.884002e+02
1.480000e-06	7.719451e-06	1.331896e-08	5.406878e+01	7.906198e+02
1.490000e-06	7.766910e-06	1.335380e-08	5.440120e+01	7.926577e+02
1.500000e-06	7.811623e-06	1.338378e-08	5.471438e+01	7.945030e+02
1.510000e-06	7.853549e-06	1.340970e-08	5.500804e+01	7.961565e+02
1.520000e-06	7.892638e-06	1.343342e-08	5.528182e+01	7.976335e+02
1.530000e-06	7.929063e-06	1.345544e-08	5.553696e+01	7.989613e+02
1.540000e-06	7.962689e-06	1.347642e-08	5.577248e+01	8.001713e+02
1.550000e-06	7.993480e-06	1.349546e-08	5.598814e+01	8.012894e+02
1.560000e-06	8.021562e-06	1.351299e-08	5.618484e+01	8.023281e+02
1.570000e-06	8.046739e-06	1.352859e-08	5.636118e+01	8.032835e+02
1.580000e-06	8.069047e-06	1.354143e-08	5.651744e+01	8.041383e+02
1.590000e-06	8.088675e-06	1.355271e-08	5.665491e+01	8.048693e+02
1.600000e-06	8.105492e-06	1.356099e-08	5.677270e+01	8.054568e+02
1.610000e-06	8.119277e-06	1.356721e-08	5.686925e+01	8.058930e+02
1.620000e-06	8.129836e-06	1.357036e-08	5.694321e+01	8.061847e+02
1.630000e-06	8.137320e-06	1.357209e-08	5.699563e+01	8.063520e+02
1.640000e-06	8.142007e-06	1.357303e-08	5.702846e+01	8.064215e+02
1.650000e-06	8.143869e-06	1.357419e-08	5.704150e+01	8.064182e+02
1.660000e-06	8.142944e-06	1.357303e-08	5.703503e+01	8.063572e+02
1.670000e-06	8.139346e-06	1.357104e-08	5.700983e+01	8.062408e+02
1.680000e-06	8.133047e-06	1.356896e-08	5.696570e+01	8.060581e+02
1.690000e-06	8.124051e-06	1.356405e-08	5.690270e+01	8.057906e+02
1.700000e-06	8.112205e-06	1.355574e-08	5.681972e+01	8.054190e+02
1.710000e-06	8.097465e-06	1.354434e-08	5.671648e+01	8.049294e+02
1.720000e-06	8.080230e-06	1.353325e-08	5.659576e+01	8.043177e+02
1.730000e-06	8.060708e-06	1.352450e-08	5.645902e+01	8.035903e+02
1.740000e-06	8.038419e-06	1.350594e-08	5.630291e+01	8.027608e+02
1.750000e-06	8.012616e-06	1.351688e-08	5.612218e+01	8.018454e+02
1.760000e-06	7.983075e-06	1.351016e-08	5.591527e+01	8.008572e+02
1.770000e-06	7.950357e-06	1.345753e-08	5.568610e+01	7.998026e+02
1.780000e-06	7.915115e-06	1.341757e-08	5.543926e+01	7.986802e+02
1.790000e-06	7.877481e-06	1.341400e-08	5.517566e+01	7.974818e+02
1.800000e-06	7.837720e-06	1.337900e-08	5.489716e+01	7.961963e+02
1.810000e-06	7.795788e-06	1.335603e-08	5.460347e+01	7.948134e+02
1.820000e-06	7.751171e-06	1.335934e-08	5.429096e+01	7.933277e+02
1.830000e-06	7.703864e-06	1.330764e-08	5.395961e+01	7.917398e+02
1.840000e-06	7.653580e-06	1.331210e-08	5.360741e+01	7.900564e+02
1.850000e-06	7.600146e-06	1.326851e-08	5.323314e+01	7.882874e+02
1.860000e-06	7.543890e-06	1.322339e-08	5.283911e+01	7.864429e+02
1.870000e-06	7.484926e-06	1.320185e-08	5.242612e+01	7.845290e+02
1.880000e-06	7.423392e-06	1.314287e-08	5.199512e+01	7.825458e+02
1.890000e-06	7.359146e-06	1.313295e-08	5.154513e+01	7.804862e+02
1.900000e-06	7.292139e-06	1.308538e-08	5.107579e+01	7.783382e+02
1.910000e-06	7.222362e-06	1.306794e-08	5.058706e+01	7.760879e+02
1.920000e-06	7.149722e-06	1.302585e-08	5.007827e+01	7.737238e+02
1.930000e-06	7.074417e-06	1.296513e-08	4.955082e+01	7.712403e+02
1.940000e-06	6.996383e-06	1.294335e-08	4.900425e+01	7.686394e+02
1.950000e-06	6.915739e-06	1.287194e-08	4.843940e+01	7.659295e+02
1.960000e-06	6.832657e-06	1.284084e-08	4.785748e+01	7.631226e+02
1.970000e-06	6.747093e-06	1.278795e-08	4.725817e+01	7.602289e+02
1.980000e-06	6.659115e-06	1.274624e-08	4.664195e+01	7.572525e+02
1.990000e-06	6.568796e-06	1.269732e-08	4.600933e+01	7.541890e+02
2.000000e-06	6.476222e-06	1.263168e-08	4.536092e+01	7.510255e+02
2.010000e-06	6.381300e-06	1.258761e-08	4.469607e+01	7.477450e+02
2.020000e-06	6.284099e-06	1.252075e-08	4.401525e+01	7.443313e+02
2.030000e-06	6.184604e-06	1.247198e-08	4.331837e+01	7.407751e+02
2.040000e-06	6.082840e-06	1.239444e-08	4.260559e+01	7.370776e+02
2.050000e-06	5.978941e-06	1.233444e-08	4.187785e+01	7.332495e+02
2.060000e-06	5.872951e-06	1.226276e-08	4.113548e+01	7.293072e+02
2.070000e-06	5.764913e-06	1.219963e-08	4.037876e+01	7.252661e+02
2.080000e-06	5.654780e-06	1.213494e-08	3.960736e+01	7.211328e+02
2.090000e-06	5.542526e-06	1.206189e-08	3.882111e+01	7.169021e+02
2.100000e-06	5.428085e-06	1.199369e-08	3.801954e+01	7.125562e+02
2.110000e-06	5.311521e-06	1.191155e-08	3.720310e+01	7.080706e+02
2.120000e-06	5.192899e-06	1.183160e-08	3.637224e+01	7.034221e+02
2.130000e-06	5.072331e-06	1.173720e-08	3.552776e+01	6.985974e+02
2.140000e-06	4.949954e-06	1.165904e-08	3.467060e+01	6.935982e+02
2.150000e-06	4.825780e-06	1.158091e-08	3.380085e+01	6.884406e+02
2.160000e-06	4.699883e-06	1.150593e-08	3.291905e+01	6.831492e+02
2.170000e-06	4.572312e-06	1.141323e-08	3.202551e+01	6.777474e+02
2.180000e-06	4.443117e-06	1.131450e-08	3.112059e+01	6.722469e+02
2.190000e-06	4.312369e-06	1.121621e-08	3.020481e+01	6.666417e+02
2.200000e-06	4.180088e-06	1.111690e-08	2.927828e+01	6.609082e+02
2.210000e-06	4.046367e-06	1.101437e-08	2.834167e+01	6.550116e+02
2.220000e-06	3.911214e-06	1.091220e-08	2.739503e+01	6.489167e+02
2.230000e-06	3.774543e-06	1.081522e-08	2.643776e+01	6.425992e+02
2.240000e-06	3.636435e-06	1.071241e-08	2.547041e+01	6.360527e+02
2.250000e-06	3.496936e-06	1.059728e-08	2.449333e+01	6.292884e+02
2.260000e-06	3.356138e-06	1.047138e-08	2.350715e+01	6.223285e+02
2.270000e-06	3.214142e-06	1.034767e-08	2.251258e+01	6.151945e+02
2.280000e-06	3.070960e-06	1.022359e-08	2.150970e+01	6.078965e+02
2.290000e-06	2.926618e-06	1.009963e-08	2.049870e+01	6.004258e+02
2.300000e-06	2.781179e-06	9.971301e-09	1.948001e+01	5.927558e+02
2.310000e-06	2.634758e-06	9.842719e-09	1.845444e+01	5.848499e+02
2.320000e-06	2.487486e-06	9.708060e-09	1.742292e+01	5.766732e+02
2.330000e-06	2.339378e-06	9.564991e-09	1.638553e+01	5.682036e+02
2.340000e-06	2.190334e-06	9.411685e-09	1.534159e+01	5.594373e+02
2.350000e-06	2.040485e-06	9.256187e-09	1.429202e+01	5.503872e+02
2.360000e-06	1.890016e-06	9.100761e-09	1.323810e+01	5.410724e+02
2.370000e-06	1.738948e-06	8.940785e-09	1.217999e+01	5.315062e+02
2.380000e-06	1.587313e-06	8.773057e-09	1.111790e+01	5.216847e+02
2.390000e-06	1.435113e-06	8.601223e-09	1.005186e+01	5.115821e+02
2.400000e-06	1.282352e-06	8.427665e-09	8.981880e+00	5.011549e+02
2.410000e-06	1.129052e-06	8.247067e-09	7.908135e+00	4.903525e+02
2.420000e-06	9.753180e-07	8.056386e-09	6.831348e+00	4.791314e+02
2.430000e-06	8.212818e-07	7.858809e-09	5.752444e+00	4.674640e+02
2.440000e-06	6.669528e-07	7.659015e-09	4.671488e+00	4.553408e+02
2.450000e-06	5.123790e-07	7.449509e-09	3.588819e+00	4.427617e+02
2.460000e-06	3.576344e-07	7.224924e-09	2.504952e+00	4.297207e+02
2.470000e-06	2.027659e-07	6.991975e-09	1.420218e+00	4.161894e+02
2.480000e-06	4.782402e-08	6.756540e-09	3.349702e-01	4.021065e+02
2.490000e-06	-1.071202e-07	6.512943e-09	-7.502939e-01	3.873785e+02
2.500000e-06	-2.619814e-07	6.254032e-09	-1.834977e+00	3.718935e+02
2.510000e-06	-4.166998e-07	5.978982e-09	-2.918659e+00	3.555429e+02
2.520000e-06	-5.712641e-07	5.692250e-09	-4.001263e+00	3.382443e+02
2.530000e-06	-7.256344e-07	5.389201e-09	-5.082508e+00	3.199560e+02
2.540000e-06	-8.797116e-07	5.062388e-09	-6.161699e+00	3.006767e+02
2.550000e-06	-1.033449e-06	4.716480e-09	-7.238514e+00	2.804291e+02
2.560000e-06	-1.186798e-06	4.360322e-09	-8.312602e+00	2.592304e+02
2.570000e-06	-1.339655e-06	3.992210e-09	-9.383247e+00	2.370609e+02
2.580000e-06	-1.492029e-06	3.603060e-09	-1.045051e+01	2.138402e+02
2.590000e-06	-1.643815e-06	3.188984e-09	-1.151365e+01	1.894218e+02
2.600000e-06	-1.794913e-06	2.755305e-09	-1.257197e+01	1.636094e+02
2.610000e-06	-1.945420e-06	2.300967e-09	-1.362616e+01	1.361930e+02
2.620000e-06	-2.095270e-06	1.814025e-09	-1.467574e+01	1.069949e+02
2.630000e-06	-2.244355e-06	1.289593e-09	-1.571997e+01	7.591576e+01
2.640000e-06	-2.392686e-06	7.351544e-10	-1.675891e+01	4.296667e+01
2.650000e-06	-2.540196e-06	1.576860e-10	-1.779211e+01	8.282540e+00
2.660000e-06	-2.686762e-06	-4.438995e-10	-1.881869e+01	-2.788666e+01
2.670000e-06	-2.832362e-06	-1.070845e-09	-1.983850e+01	-6.520112e+01
2.680000e-06	-2.976966e-06	-1.712538e-09	-2.085134e+01	-1.032651e+02
2.690000e-06	-3.120431e-06	-2.355994e-09	-2.185621e+01	-1.416609e+02
2.700000e-06	-3.262706e-06	-2.997162e-09	-2.285273e+01	-1.799752e+02
2.710000e-06	-3.403812e-06	-3.634944e-09	-2.384107e+01	-2.178176e+02
2.720000e-06	-3.543635e-06	-4.260111e-09	-2.482042e+01	-2.548309e+02
2.730000e-06	-3.682043e-06	-4.860296e-09	-2.578986e+01	-2.906972e+02
2.740000e-06	-3.819091e-06	-5.436720e-09	-2.674978e+01	-3.251459e+02
2.750000e-06	-3.954728e-06	-5.991865e-09	-2.769981e+01	-3.579625e+02
2.760000e-06	-4.088894e-06	-6.517378e-09	-2.863954e+01	-3.889984e+02
2.770000e-06	-4.221606e-06	-7.008314e-09	-2.956908e+01	-4.181782e+02
2.780000e-06	-4.352775e-06	-7.467121e-09	-3.048782e+01	-4.454990e+02
2.790000e-06	-4.482421e-06	-7.899594e-09	-3.139589e+01	-4.710206e+02
2.800000e-06	-4.610516e-06	-8.303446e-09	-3.229310e+01	-4.948452e+02
2.810000e-06	-4.736978e-06	-8.677268e-09	-3.317886e+01	-5.170931e+02
2.820000e-06	-4.861789e-06	-9.027330e-09	-3.405307e+01	-5.378785e+02
2.830000e-06	-4.984862e-06	-9.359128e-09	-3.491510e+01	-5.572935e+02
2.840000e-06	-5.106206e-06	-9.669477e-09	-3.576502e+01	-5.754037e+02
2.850000e-06	-5.225724e-06	-9.953592e-09	-3.660215e+01	-5.922554e+02
2.860000e-06	-5.343200e-06	-1.021633e-08	-3.742498e+01	-6.078904e+02
2.870000e-06	-5.458489e-06	-1.046102e-08	-3.823249e+01	-6.223621e+02
2.880000e-06	-5.571510e-06	-1.068665e-08	-3.902412e+01	-6.357459e+02
2.890000e-06	-5.682314e-06	-1.089310e-08	-3.980021e+01	-6.481399e+02
2.900000e-06	-5.791049e-06	-1.108545e-08	-4.056182e+01	-6.596555e+02
2.910000e-06	-5.897865e-06	-1.126874e-08	-4.130999e+01	-6.704008e+02
2.920000e-06	-6.002756e-06	-1.144140e-08	-4.204466e+01	-6.804645e+02
2.930000e-06	-6.105485e-06	-1.160123e-08	-4.276420e+01	-6.899052e+02
2.940000e-06	-6.205882e-06	-1.175023e-08	-4.346740e+01	-6.987504e+02
2.950000e-06	-6.304082e-06	-1.188932e-08	-4.415522e+01	-7.070057e+02
2.960000e-06	-6.400160e-06	-1.202032e-08	-4.482817e+01	-7.146697e+02
2.970000e-06	-6.493962e-06	-1.214035e-08	-4.548518e+01	-7.217508e+02
2.980000e-06	-6.585439e-06	-1.224966e-08	-4.612591e+01	-7.282770e+02
2.990000e-06	-6.674692e-06	-1.235136e-08	-4.675106e+01	-7.342984e+02
3.000000e-06	-6.761637e-06	-1.244771e-08	-4.736004e+01	-7.398798e+02
3.010000e-06	-6.846055e-06	-1.253815e-08	-4.795132e+01	-7.450882e+02
3.020000e-06	-6.928001e-06	-1.261981e-08	-4.852529e+01	-7.499794e+02
3.030000e-06	-7.007565e-06	-1.269525e-08	-4.908257e+01	-7.545893e+02
3.040000e-06	-7.084432e-06	-1.276799e-08	-4.962097e+01	-7.589329e+02
3.050000e-06	-7.158543e-06	-1.283810e-08	-5.014006e+01	-7.630101e+02
3.060000e-06	-7.230108e-06	-1.290225e-08	-5.064131e+01	-7.668167e+02
3.070000e-06	-7.299014e-06	-1.296079e-08	-5.112395e+01	-7.703540e+02
3.080000e-06	-7.365309e-06	-1.301680e-08	-5.158830e+01	-7.736354e+02
3.090000e-06	-7.429108e-06	-1.306964e-08	-5.203516e+01	-7.766858e+02
3.100000e-06	-7.490222e-06	-1.311665e-08	-5.246321e+01	-7.795354e+02
3.110000e-06	-7.548649e-06	-1.315906e-08	-5.287245e+01	-7.822108e+02
3.120000e-06	-7.604383e-06	-1.320008e-08	-5.326282e+01	-7.847269e+02
3.130000e-06	-7.657203e-06	-1.324269e-08	-5.363278e+01	-7.870847e+02
3.140000e-06	-7.706979e-06	-1.328139e-08	-5.398143e+01	-7.892730e+02
3.150000e-06	-7.753730e-06	-1.331275e-08	-5.430888e+01	-7.912772e+02
3.160000e-06	-7.797791e-06	-1.334114e-08	-5.461749e+01	-7.930879e+02
3.170000e-06	-7.839352e-06	-1.337042e-08	-5.490860e+01	-7.947085e+02
3.180000e-06	-7.878189e-06	-1.339819e-08	-5.518062e+01	-7.961567e+02
3.190000e-06	-7.914250e-06	-1.342127e-08	-5.543320e+01	-7.974613e+02
3.200000e-06	-7.947593e-06	-1.344192e-08	-5.566674e+01	-7.986535e+02
3.210000e-06	-7.978047e-06	-1.346188e-08	-5.588005e+01	-7.997571e+02
3.220000e-06	-8.005571e-06	-1.348043e-08	-5.607283e+01	-8.007818e+02
3.230000e-06	-8.030301e-06	-1.349437e-08	-5.624605e+01	-8.017209e+02
3.240000e-06	-8.052188e-06	-1.350576e-08	-5.639935e+01	-8.025555e+02
3.250000e-06	-8.071254e-06	-1.351889e-08	-5.653289e+01	-8.032621e+02
3.260000e-06	-8.087471e-06	-1.353249e-08	-5.664648e+01	-8.038230e+02
3.270000e-06	-8.100594e-06	-1.354189e-08	-5.673839e+01	-8.042325e+02
3.280000e-06	-8.110705e-06	-1.354788e-08	-5.680921e+01	-8.045003e+02
3.290000e-06	-8.117900e-06	-1.355274e-08	-5.685961e+01	-8.046483e+02
3.300000e-06	-8.122177e-06	-1.355592e-08	-5.688957e+01	-8.047034e+02
3.310000e-06	-8.123665e-06	-1.355483e-08	-5.689999e+01	-8.046891e+02
