# Temperatura_=_39.11
# Concentracion g/m^3_=_11780.0
# C_Vs_to_Am_M_A/Vsm_=_59384043850.047264
# pendiente_HvsI_1/m_=_3716.3
# ordenada_HvsI_A/m_=_1297.0
# frecuencia_Hz_=_301535.8771633571

Tiempo_(s)	Campo_(V.s)	Magnetizacion_(V.s)	Campo_(kA/m)	Magnetizacion_(A/m)
0.000000e+00	-8.126153e-06	-1.343754e-08	-5.689354e+01	-7.976338e+02
1.000000e-08	-8.122984e-06	-1.343409e-08	-5.687136e+01	-7.975674e+02
2.000000e-08	-8.117139e-06	-1.343106e-08	-5.683044e+01	-7.974092e+02
3.000000e-08	-8.108728e-06	-1.342921e-08	-5.677155e+01	-7.971355e+02
4.000000e-08	-8.097455e-06	-1.342593e-08	-5.669262e+01	-7.967351e+02
5.000000e-08	-8.083164e-06	-1.341938e-08	-5.659256e+01	-7.962119e+02
6.000000e-08	-8.065998e-06	-1.340954e-08	-5.647238e+01	-7.955820e+02
7.000000e-08	-8.046360e-06	-1.340070e-08	-5.633489e+01	-7.948661e+02
8.000000e-08	-8.024280e-06	-1.338479e-08	-5.618030e+01	-7.940813e+02
9.000000e-08	-7.999039e-06	-1.333971e-08	-5.600358e+01	-7.932349e+02
1.000000e-07	-7.970436e-06	-1.330719e-08	-5.580333e+01	-7.923237e+02
1.100000e-07	-7.938890e-06	-1.331456e-08	-5.558246e+01	-7.913362e+02
1.200000e-07	-7.904569e-06	-1.332964e-08	-5.534217e+01	-7.902593e+02
1.300000e-07	-7.867682e-06	-1.331362e-08	-5.508391e+01	-7.890837e+02
1.400000e-07	-7.828592e-06	-1.328525e-08	-5.481023e+01	-7.878078e+02
1.500000e-07	-7.787123e-06	-1.327542e-08	-5.451989e+01	-7.864380e+02
1.600000e-07	-7.742856e-06	-1.324392e-08	-5.420997e+01	-7.849850e+02
1.700000e-07	-7.695891e-06	-1.320934e-08	-5.388115e+01	-7.834596e+02
1.800000e-07	-7.646103e-06	-1.314781e-08	-5.353258e+01	-7.818682e+02
1.900000e-07	-7.593150e-06	-1.312434e-08	-5.316183e+01	-7.802111e+02
2.000000e-07	-7.537373e-06	-1.313843e-08	-5.277132e+01	-7.784829e+02
2.100000e-07	-7.478890e-06	-1.309853e-08	-5.236187e+01	-7.766753e+02
2.200000e-07	-7.417718e-06	-1.306379e-08	-5.193359e+01	-7.747800e+02
2.300000e-07	-7.353964e-06	-1.303177e-08	-5.148723e+01	-7.727912e+02
2.400000e-07	-7.287369e-06	-1.301161e-08	-5.102097e+01	-7.707059e+02
2.500000e-07	-7.218035e-06	-1.296547e-08	-5.053555e+01	-7.685229e+02
2.600000e-07	-7.146095e-06	-1.289194e-08	-5.003188e+01	-7.662412e+02
2.700000e-07	-7.071371e-06	-1.286211e-08	-4.950871e+01	-7.638586e+02
2.800000e-07	-6.993816e-06	-1.284721e-08	-4.896572e+01	-7.613721e+02
2.900000e-07	-6.913496e-06	-1.280288e-08	-4.840338e+01	-7.587786e+02
3.000000e-07	-6.830727e-06	-1.273534e-08	-4.782389e+01	-7.560769e+02
3.100000e-07	-6.745749e-06	-1.269846e-08	-4.722894e+01	-7.532686e+02
3.200000e-07	-6.658484e-06	-1.266922e-08	-4.661797e+01	-7.503576e+02
3.300000e-07	-6.568779e-06	-1.260489e-08	-4.598992e+01	-7.473484e+02
3.400000e-07	-6.476706e-06	-1.253689e-08	-4.534529e+01	-7.442435e+02
3.500000e-07	-6.382412e-06	-1.247809e-08	-4.468511e+01	-7.410414e+02
3.600000e-07	-6.285770e-06	-1.243691e-08	-4.400849e+01	-7.377362e+02
3.700000e-07	-6.186745e-06	-1.238458e-08	-4.331519e+01	-7.343194e+02
3.800000e-07	-6.085525e-06	-1.231462e-08	-4.260651e+01	-7.307827e+02
3.900000e-07	-5.982182e-06	-1.225638e-08	-4.188298e+01	-7.271211e+02
4.000000e-07	-5.876659e-06	-1.221123e-08	-4.114418e+01	-7.233344e+02
4.100000e-07	-5.768965e-06	-1.215328e-08	-4.039019e+01	-7.194262e+02
4.200000e-07	-5.659261e-06	-1.206188e-08	-3.962212e+01	-7.154014e+02
4.300000e-07	-5.547562e-06	-1.197860e-08	-3.884008e+01	-7.112618e+02
4.400000e-07	-5.433645e-06	-1.191500e-08	-3.804252e+01	-7.070034e+02
4.500000e-07	-5.317494e-06	-1.184989e-08	-3.722931e+01	-7.026162e+02
4.600000e-07	-5.199317e-06	-1.176644e-08	-3.640192e+01	-6.980862e+02
4.700000e-07	-5.079313e-06	-1.168641e-08	-3.556174e+01	-6.934011e+02
4.800000e-07	-4.957480e-06	-1.162178e-08	-3.470875e+01	-6.885547e+02
4.900000e-07	-4.833780e-06	-1.154316e-08	-3.384269e+01	-6.835497e+02
5.000000e-07	-4.708365e-06	-1.143943e-08	-3.296462e+01	-6.783970e+02
5.100000e-07	-4.581382e-06	-1.133483e-08	-3.207558e+01	-6.731108e+02
5.200000e-07	-4.452810e-06	-1.125145e-08	-3.117541e+01	-6.677020e+02
5.300000e-07	-4.322503e-06	-1.116803e-08	-3.026309e+01	-6.621716e+02
5.400000e-07	-4.190524e-06	-1.106738e-08	-2.933907e+01	-6.565082e+02
5.500000e-07	-4.057031e-06	-1.096338e-08	-2.840444e+01	-6.506902e+02
5.600000e-07	-3.922113e-06	-1.087215e-08	-2.745985e+01	-6.446918e+02
5.700000e-07	-3.785839e-06	-1.077580e-08	-2.650575e+01	-6.384918e+02
5.800000e-07	-3.648148e-06	-1.065671e-08	-2.554174e+01	-6.320801e+02
5.900000e-07	-3.509003e-06	-1.053248e-08	-2.456754e+01	-6.254610e+02
6.000000e-07	-3.368410e-06	-1.042451e-08	-2.358321e+01	-6.186490e+02
6.100000e-07	-3.226435e-06	-1.032061e-08	-2.258920e+01	-6.116611e+02
6.200000e-07	-3.083153e-06	-1.019726e-08	-2.158605e+01	-6.045072e+02
6.300000e-07	-2.938670e-06	-1.006111e-08	-2.057448e+01	-5.971826e+02
6.400000e-07	-2.793169e-06	-9.933119e-09	-1.955578e+01	-5.896662e+02
6.500000e-07	-2.646698e-06	-9.808529e-09	-1.853030e+01	-5.819256e+02
6.600000e-07	-2.499323e-06	-9.669778e-09	-1.749848e+01	-5.739262e+02
6.700000e-07	-2.351192e-06	-9.521081e-09	-1.646137e+01	-5.656422e+02
6.800000e-07	-2.202318e-06	-9.382081e-09	-1.541907e+01	-5.570634e+02
6.900000e-07	-2.052696e-06	-9.246937e-09	-1.437152e+01	-5.481962e+02
7.000000e-07	-1.902306e-06	-9.092689e-09	-1.331859e+01	-5.390572e+02
7.100000e-07	-1.751238e-06	-8.922502e-09	-1.226092e+01	-5.296618e+02
7.200000e-07	-1.599620e-06	-8.755524e-09	-1.119940e+01	-5.200137e+02
7.300000e-07	-1.447456e-06	-8.594920e-09	-1.013406e+01	-5.100976e+02
7.400000e-07	-1.294762e-06	-8.424664e-09	-9.065004e+00	-4.998805e+02
7.500000e-07	-1.141515e-06	-8.243018e-09	-7.992077e+00	-4.893188e+02
7.600000e-07	-9.877328e-07	-8.062233e-09	-6.915402e+00	-4.783703e+02
7.700000e-07	-8.335248e-07	-7.881512e-09	-5.835747e+00	-4.670034e+02
7.800000e-07	-6.789828e-07	-7.684014e-09	-4.753755e+00	-4.552015e+02
7.900000e-07	-5.241736e-07	-7.465718e-09	-3.669891e+00	-4.429573e+02
8.000000e-07	-3.692184e-07	-7.244584e-09	-2.585004e+00	-4.302614e+02
8.100000e-07	-2.141816e-07	-7.027867e-09	-1.499547e+00	-4.170874e+02
8.200000e-07	-5.908731e-08	-6.801282e-09	-4.136873e-01	-4.033819e+02
8.300000e-07	9.601088e-08	-6.556016e-09	6.721999e-01	-3.890630e+02
8.400000e-07	2.510906e-07	-6.301257e-09	1.757957e+00	-3.740309e+02
8.500000e-07	4.061271e-07	-6.041333e-09	2.843413e+00	-3.581860e+02
8.600000e-07	5.610466e-07	-5.761668e-09	3.928049e+00	-3.414499e+02
8.700000e-07	7.157789e-07	-5.452743e-09	5.011374e+00	-3.237802e+02
8.800000e-07	8.702551e-07	-5.129262e-09	6.092907e+00	-3.051721e+02
8.900000e-07	1.024321e-06	-4.803292e-09	7.171566e+00	-2.856461e+02
9.000000e-07	1.177871e-06	-4.464777e-09	8.246618e+00	-2.652221e+02
9.100000e-07	1.330914e-06	-4.102262e-09	9.318112e+00	-2.438912e+02
9.200000e-07	1.483489e-06	-3.723168e-09	1.038633e+01	-2.215918e+02
9.300000e-07	1.635550e-06	-3.335389e-09	1.145095e+01	-1.982014e+02
9.400000e-07	1.787010e-06	-2.923826e-09	1.251137e+01	-1.735471e+02
9.500000e-07	1.937841e-06	-2.475288e-09	1.356738e+01	-1.474341e+02
9.600000e-07	2.087996e-06	-1.997448e-09	1.461866e+01	-1.196854e+02
9.700000e-07	2.237384e-06	-1.500356e-09	1.566457e+01	-9.018168e+01
9.800000e-07	2.385946e-06	-9.765312e-10	1.670469e+01	-5.889269e+01
9.900000e-07	2.533706e-06	-4.150933e-10	1.773921e+01	-2.589288e+01
1.000000e-06	2.680631e-06	1.746072e-10	1.876787e+01	8.640374e+00
1.010000e-06	2.826536e-06	7.773531e-10	1.978940e+01	4.444265e+01
1.020000e-06	2.971421e-06	1.393024e-09	2.080377e+01	8.118614e+01
1.030000e-06	3.115305e-06	2.026026e-09	2.181115e+01	1.185047e+02
1.040000e-06	3.258029e-06	2.664266e-09	2.281040e+01	1.560152e+02
1.050000e-06	3.399488e-06	3.292684e-09	2.380079e+01	1.933344e+02
1.060000e-06	3.539613e-06	3.908189e-09	2.478185e+01	2.300926e+02
1.070000e-06	3.678352e-06	4.514308e-09	2.575320e+01	2.659458e+02
1.080000e-06	3.815668e-06	5.101595e-09	2.671460e+01	3.005909e+02
1.090000e-06	3.951599e-06	5.658595e-09	2.766628e+01	3.337805e+02
1.100000e-06	4.086083e-06	6.185549e-09	2.860785e+01	3.653369e+02
1.110000e-06	4.219041e-06	6.688210e-09	2.953872e+01	3.951600e+02
1.120000e-06	4.350510e-06	7.164726e-09	3.045918e+01	4.232252e+02
1.130000e-06	4.480444e-06	7.608227e-09	3.136888e+01	4.495702e+02
1.140000e-06	4.608794e-06	8.020422e-09	3.226750e+01	4.742734e+02
1.150000e-06	4.735555e-06	8.408999e-09	3.315499e+01	4.974280e+02
1.160000e-06	4.860641e-06	8.776067e-09	3.403075e+01	5.191208e+02
1.170000e-06	4.984031e-06	9.115201e-09	3.489464e+01	5.394199e+02
1.180000e-06	5.105646e-06	9.427284e-09	3.574610e+01	5.583741e+02
1.190000e-06	5.225356e-06	9.721279e-09	3.658423e+01	5.760230e+02
1.200000e-06	5.343145e-06	1.000119e-08	3.740890e+01	5.924119e+02
1.210000e-06	5.458901e-06	1.025888e-08	3.821934e+01	6.076049e+02
1.220000e-06	5.572529e-06	1.049281e-08	3.901488e+01	6.216898e+02
1.230000e-06	5.684088e-06	1.071131e-08	3.979594e+01	6.347733e+02
1.240000e-06	5.793630e-06	1.091933e-08	4.056287e+01	6.469668e+02
1.250000e-06	5.901170e-06	1.111306e-08	4.131580e+01	6.583702e+02
1.260000e-06	6.006639e-06	1.128953e-08	4.205422e+01	6.690574e+02
1.270000e-06	6.109921e-06	1.145522e-08	4.277732e+01	6.790717e+02
1.280000e-06	6.210990e-06	1.161527e-08	4.348493e+01	6.884307e+02
1.290000e-06	6.309781e-06	1.176378e-08	4.417660e+01	6.971395e+02
1.300000e-06	6.406198e-06	1.189674e-08	4.485164e+01	7.052071e+02
1.310000e-06	6.500342e-06	1.201811e-08	4.551077e+01	7.126591e+02
1.320000e-06	6.592297e-06	1.213164e-08	4.615457e+01	7.195418e+02
1.330000e-06	6.681937e-06	1.223699e-08	4.678217e+01	7.259181e+02
1.340000e-06	6.769206e-06	1.233402e-08	4.739317e+01	7.318551e+02
1.350000e-06	6.854183e-06	1.242718e-08	4.798811e+01	7.374109e+02
1.360000e-06	6.936821e-06	1.251861e-08	4.856668e+01	7.426246e+02
1.370000e-06	7.016934e-06	1.260464e-08	4.912758e+01	7.475144e+02
1.380000e-06	7.094490e-06	1.268104e-08	4.967057e+01	7.520838e+02
1.390000e-06	7.169375e-06	1.275000e-08	5.019486e+01	7.563327e+02
1.400000e-06	7.241552e-06	1.281395e-08	5.070020e+01	7.602687e+02
1.410000e-06	7.311178e-06	1.287259e-08	5.118767e+01	7.639139e+02
1.420000e-06	7.378191e-06	1.292600e-08	5.165685e+01	7.673033e+02
1.430000e-06	7.442504e-06	1.297794e-08	5.210712e+01	7.704775e+02
1.440000e-06	7.504260e-06	1.303165e-08	5.253949e+01	7.734705e+02
1.450000e-06	7.563476e-06	1.308441e-08	5.295408e+01	7.762998e+02
1.460000e-06	7.619961e-06	1.313219e-08	5.334954e+01	7.789635e+02
1.470000e-06	7.673641e-06	1.317211e-08	5.372537e+01	7.814433e+02
1.480000e-06	7.724227e-06	1.320806e-08	5.407954e+01	7.837164e+02
1.490000e-06	7.771677e-06	1.324183e-08	5.441176e+01	7.857675e+02
1.500000e-06	7.816353e-06	1.327050e-08	5.472454e+01	7.875995e+02
1.510000e-06	7.858236e-06	1.329560e-08	5.501778e+01	7.892353e+02
1.520000e-06	7.897260e-06	1.332097e-08	5.529100e+01	7.907128e+02
1.530000e-06	7.933563e-06	1.334760e-08	5.554516e+01	7.920726e+02
1.540000e-06	7.967072e-06	1.337297e-08	5.577977e+01	7.933448e+02
1.550000e-06	7.997767e-06	1.339267e-08	5.599468e+01	7.945388e+02
1.560000e-06	8.025738e-06	1.340765e-08	5.619051e+01	7.956418e+02
1.570000e-06	8.050824e-06	1.342088e-08	5.636614e+01	7.966252e+02
1.580000e-06	8.073042e-06	1.343314e-08	5.652170e+01	7.974568e+02
1.590000e-06	8.092577e-06	1.344242e-08	5.665847e+01	7.981145e+02
1.600000e-06	8.109274e-06	1.344765e-08	5.677537e+01	7.985965e+02
1.610000e-06	8.122897e-06	1.345380e-08	5.687075e+01	7.989223e+02
1.620000e-06	8.133367e-06	1.346007e-08	5.694405e+01	7.991274e+02
1.630000e-06	8.140802e-06	1.346283e-08	5.699610e+01	7.992513e+02
1.640000e-06	8.145465e-06	1.346158e-08	5.702875e+01	7.993242e+02
1.650000e-06	8.147286e-06	1.346075e-08	5.704150e+01	7.993586e+02
1.660000e-06	8.146264e-06	1.346052e-08	5.703435e+01	7.993467e+02
1.670000e-06	8.142619e-06	1.345893e-08	5.700882e+01	7.992660e+02
1.680000e-06	8.136254e-06	1.345374e-08	5.696426e+01	7.990886e+02
1.690000e-06	8.127183e-06	1.344710e-08	5.690075e+01	7.987927e+02
1.700000e-06	8.115348e-06	1.343995e-08	5.681789e+01	7.983696e+02
1.710000e-06	8.100624e-06	1.342937e-08	5.671481e+01	7.978260e+02
1.720000e-06	8.083344e-06	1.341384e-08	5.659382e+01	7.971792e+02
1.730000e-06	8.063789e-06	1.339718e-08	5.645692e+01	7.964499e+02
1.740000e-06	8.041518e-06	1.341599e-08	5.630099e+01	7.956538e+02
1.750000e-06	8.015704e-06	1.342655e-08	5.612026e+01	7.947964e+02
1.760000e-06	7.986081e-06	1.339113e-08	5.591286e+01	7.938725e+02
1.770000e-06	7.953281e-06	1.333910e-08	5.568322e+01	7.928700e+02
1.780000e-06	7.918020e-06	1.330732e-08	5.543634e+01	7.917759e+02
1.790000e-06	7.880343e-06	1.328558e-08	5.517256e+01	7.905822e+02
1.800000e-06	7.840566e-06	1.327106e-08	5.489407e+01	7.892889e+02
1.810000e-06	7.798693e-06	1.325669e-08	5.460090e+01	7.879034e+02
1.820000e-06	7.754094e-06	1.321486e-08	5.428865e+01	7.864367e+02
1.830000e-06	7.706770e-06	1.323054e-08	5.395732e+01	7.848992e+02
1.840000e-06	7.656451e-06	1.319840e-08	5.360503e+01	7.832962e+02
1.850000e-06	7.602926e-06	1.314204e-08	5.323028e+01	7.816270e+02
1.860000e-06	7.546604e-06	1.311235e-08	5.283595e+01	7.798852e+02
1.870000e-06	7.487598e-06	1.305996e-08	5.242283e+01	7.780625e+02
1.880000e-06	7.426041e-06	1.305495e-08	5.199185e+01	7.761508e+02
1.890000e-06	7.361739e-06	1.300840e-08	5.154166e+01	7.741449e+02
1.900000e-06	7.294648e-06	1.298412e-08	5.107194e+01	7.720422e+02
1.910000e-06	7.224846e-06	1.297105e-08	5.058323e+01	7.698416e+02
1.920000e-06	7.152218e-06	1.290771e-08	5.007474e+01	7.675421e+02
1.930000e-06	7.076894e-06	1.286661e-08	4.954738e+01	7.651412e+02
1.940000e-06	6.998755e-06	1.280597e-08	4.900030e+01	7.626358e+02
1.950000e-06	6.918025e-06	1.277495e-08	4.843509e+01	7.600230e+02
1.960000e-06	6.834922e-06	1.273305e-08	4.785326e+01	7.573020e+02
1.970000e-06	6.749286e-06	1.268770e-08	4.725370e+01	7.544750e+02
1.980000e-06	6.661189e-06	1.264875e-08	4.663691e+01	7.515461e+02
1.990000e-06	6.570772e-06	1.258370e-08	4.600387e+01	7.485197e+02
2.000000e-06	6.478108e-06	1.254584e-08	4.535511e+01	7.453977e+02
2.010000e-06	6.383093e-06	1.247873e-08	4.468988e+01	7.421777e+02
2.020000e-06	6.285841e-06	1.242620e-08	4.400899e+01	7.388532e+02
2.030000e-06	6.186423e-06	1.236587e-08	4.331293e+01	7.354156e+02
2.040000e-06	6.084673e-06	1.230647e-08	4.260055e+01	7.318568e+02
2.050000e-06	5.980603e-06	1.223933e-08	4.187193e+01	7.281727e+02
2.060000e-06	5.874454e-06	1.216444e-08	4.112875e+01	7.243639e+02
2.070000e-06	5.766377e-06	1.211211e-08	4.037207e+01	7.204346e+02
2.080000e-06	5.656166e-06	1.204907e-08	3.960045e+01	7.163892e+02
2.090000e-06	5.543806e-06	1.198643e-08	3.881379e+01	7.122289e+02
2.100000e-06	5.429344e-06	1.190417e-08	3.801240e+01	7.079484e+02
2.110000e-06	5.312781e-06	1.183080e-08	3.719631e+01	7.035367e+02
2.120000e-06	5.194037e-06	1.174723e-08	3.636495e+01	6.989798e+02
2.130000e-06	5.073333e-06	1.166118e-08	3.551987e+01	6.942661e+02
2.140000e-06	4.950930e-06	1.157817e-08	3.466289e+01	6.893909e+02
2.150000e-06	4.826718e-06	1.150977e-08	3.379325e+01	6.843585e+02
2.160000e-06	4.700705e-06	1.143814e-08	3.291100e+01	6.791809e+02
2.170000e-06	4.572969e-06	1.134641e-08	3.201668e+01	6.738722e+02
2.180000e-06	4.443662e-06	1.124352e-08	3.111136e+01	6.684419e+02
2.190000e-06	4.312817e-06	1.114152e-08	3.019527e+01	6.628890e+02
2.200000e-06	4.180447e-06	1.104671e-08	2.926852e+01	6.571998e+02
2.210000e-06	4.046558e-06	1.094371e-08	2.833112e+01	6.513515e+02
2.220000e-06	3.911183e-06	1.084313e-08	2.738332e+01	6.453183e+02
2.230000e-06	3.774357e-06	1.074642e-08	2.642537e+01	6.390808e+02
2.240000e-06	3.636180e-06	1.065319e-08	2.545794e+01	6.326314e+02
2.250000e-06	3.496747e-06	1.053979e-08	2.448173e+01	6.259766e+02
2.260000e-06	3.356002e-06	1.041420e-08	2.349634e+01	6.191320e+02
2.270000e-06	3.213904e-06	1.028839e-08	2.250147e+01	6.121140e+02
2.280000e-06	3.070502e-06	1.017106e-08	2.149747e+01	6.049304e+02
2.290000e-06	2.925972e-06	1.004927e-08	2.048557e+01	5.975735e+02
2.300000e-06	2.780449e-06	9.919954e-09	1.946673e+01	5.900197e+02
2.310000e-06	2.633977e-06	9.791560e-09	1.844123e+01	5.822353e+02
2.320000e-06	2.486655e-06	9.663116e-09	1.740979e+01	5.741865e+02
2.330000e-06	2.338551e-06	9.526474e-09	1.637287e+01	5.658501e+02
2.340000e-06	2.189565e-06	9.375791e-09	1.532978e+01	5.572189e+02
2.350000e-06	2.039720e-06	9.222562e-09	1.428067e+01	5.483018e+02
2.360000e-06	1.889115e-06	9.070292e-09	1.322624e+01	5.391161e+02
2.370000e-06	1.737881e-06	8.909876e-09	1.216741e+01	5.296758e+02
2.380000e-06	1.586073e-06	8.737882e-09	1.110455e+01	5.199815e+02
2.390000e-06	1.433610e-06	8.565554e-09	1.003712e+01	5.100145e+02
2.400000e-06	1.280618e-06	8.396335e-09	8.965976e+00	4.997392e+02
2.410000e-06	1.127274e-06	8.223871e-09	7.892371e+00	4.891113e+02
2.420000e-06	9.735846e-07	8.038410e-09	6.816347e+00	4.780899e+02
2.430000e-06	8.195644e-07	7.846309e-09	5.738007e+00	4.666462e+02
2.440000e-06	6.652460e-07	7.649507e-09	4.657579e+00	4.547657e+02
2.450000e-06	5.106663e-07	7.441928e-09	3.575322e+00	4.424418e+02
2.460000e-06	3.558916e-07	7.218100e-09	2.491700e+00	4.296631e+02
2.470000e-06	2.009809e-07	6.987936e-09	1.407125e+00	4.163990e+02
2.480000e-06	4.601125e-08	6.758661e-09	3.221381e-01	4.025906e+02
2.490000e-06	-1.089913e-07	6.521905e-09	-7.630798e-01	3.881520e+02
2.500000e-06	-2.639871e-07	6.269919e-09	-1.848250e+00	3.729816e+02
2.510000e-06	-4.188448e-07	6.002399e-09	-2.932453e+00	3.569824e+02
2.520000e-06	-5.734952e-07	5.721952e-09	-4.015206e+00	3.400816e+02
2.530000e-06	-7.279189e-07	5.422804e-09	-5.096371e+00	3.222436e+02
2.540000e-06	-8.820572e-07	5.100145e-09	-6.175537e+00	3.034698e+02
2.550000e-06	-1.035843e-06	4.761198e-09	-7.252233e+00	2.837823e+02
2.560000e-06	-1.189247e-06	4.416212e-09	-8.326260e+00	2.631983e+02
2.570000e-06	-1.342167e-06	4.061648e-09	-9.396899e+00	2.417007e+02
2.580000e-06	-1.494561e-06	3.688994e-09	-1.046385e+01	2.192172e+02
2.590000e-06	-1.646443e-06	3.292584e-09	-1.152722e+01	1.956148e+02
2.600000e-06	-1.797743e-06	2.874146e-09	-1.258652e+01	1.707143e+02
2.610000e-06	-1.948410e-06	2.432010e-09	-1.364138e+01	1.443211e+02
2.620000e-06	-2.098375e-06	1.959071e-09	-1.469133e+01	1.162655e+02
2.630000e-06	-2.247539e-06	1.452445e-09	-1.573567e+01	8.644226e+01
2.640000e-06	-2.395883e-06	9.208789e-10	-1.677427e+01	5.483921e+01
2.650000e-06	-2.543381e-06	3.705607e-10	-1.780695e+01	2.154977e+01
2.660000e-06	-2.689956e-06	-2.043407e-10	-1.883316e+01	-1.323167e+01
2.670000e-06	-2.835635e-06	-8.071458e-10	-1.985310e+01	-4.922750e+01
2.680000e-06	-2.980335e-06	-1.428263e-09	-2.086618e+01	-8.610130e+01
2.690000e-06	-3.123955e-06	-2.055702e-09	-2.187171e+01	-1.234824e+02
2.700000e-06	-3.266386e-06	-2.685049e-09	-2.286891e+01	-1.609867e+02
2.710000e-06	-3.407457e-06	-3.312322e-09	-2.385659e+01	-1.982323e+02
2.720000e-06	-3.547190e-06	-3.930162e-09	-2.483490e+01	-2.348531e+02
2.730000e-06	-3.685607e-06	-4.527667e-09	-2.580400e+01	-2.705115e+02
2.740000e-06	-3.822711e-06	-5.103449e-09	-2.676391e+01	-3.049130e+02
2.750000e-06	-3.958408e-06	-5.659131e-09	-2.771396e+01	-3.378218e+02
2.760000e-06	-4.092617e-06	-6.190209e-09	-2.865359e+01	-3.690737e+02
2.770000e-06	-4.225383e-06	-6.689025e-09	-2.958312e+01	-3.985827e+02
2.780000e-06	-4.356638e-06	-7.153934e-09	-3.050208e+01	-4.263365e+02
2.790000e-06	-4.486410e-06	-7.590610e-09	-3.141065e+01	-4.523819e+02
2.800000e-06	-4.614682e-06	-8.002635e-09	-3.230872e+01	-4.768016e+02
2.810000e-06	-4.741274e-06	-8.389602e-09	-3.319503e+01	-4.996892e+02
2.820000e-06	-4.866072e-06	-8.751410e-09	-3.406878e+01	-5.211289e+02
2.830000e-06	-4.989128e-06	-9.092067e-09	-3.493033e+01	-5.411847e+02
2.840000e-06	-5.110496e-06	-9.412648e-09	-3.578006e+01	-5.599029e+02
2.850000e-06	-5.229997e-06	-9.709448e-09	-3.661672e+01	-5.773231e+02
2.860000e-06	-5.347417e-06	-9.980409e-09	-3.743881e+01	-5.934931e+02
2.870000e-06	-5.462652e-06	-1.022868e-08	-3.824560e+01	-6.084811e+02
2.880000e-06	-5.575715e-06	-1.046073e-08	-3.903719e+01	-6.223791e+02
2.890000e-06	-5.686617e-06	-1.067884e-08	-3.981365e+01	-6.352956e+02
2.900000e-06	-5.795452e-06	-1.088225e-08	-4.057563e+01	-6.473413e+02
2.910000e-06	-5.902363e-06	-1.107316e-08	-4.132414e+01	-6.586122e+02
2.920000e-06	-6.007263e-06	-1.125244e-08	-4.205858e+01	-6.691770e+02
2.930000e-06	-6.109985e-06	-1.141969e-08	-4.277777e+01	-6.790736e+02
2.940000e-06	-6.210458e-06	-1.157413e-08	-4.348121e+01	-6.883162e+02
2.950000e-06	-6.308742e-06	-1.171799e-08	-4.416932e+01	-6.969095e+02
2.960000e-06	-6.404872e-06	-1.185466e-08	-4.484236e+01	-7.048648e+02
2.970000e-06	-6.498670e-06	-1.198091e-08	-4.549907e+01	-7.122111e+02
2.980000e-06	-6.590082e-06	-1.209515e-08	-4.613907e+01	-7.189985e+02
2.990000e-06	-6.679255e-06	-1.220138e-08	-4.676339e+01	-7.252915e+02
3.000000e-06	-6.766124e-06	-1.230314e-08	-4.737159e+01	-7.311567e+02
3.010000e-06	-6.850511e-06	-1.239700e-08	-4.796241e+01	-7.366491e+02
3.020000e-06	-6.932497e-06	-1.248168e-08	-4.853641e+01	-7.418042e+02
3.030000e-06	-7.012055e-06	-1.256221e-08	-4.909342e+01	-7.466369e+02
3.040000e-06	-7.088895e-06	-1.263989e-08	-4.963140e+01	-7.511490e+02
3.050000e-06	-7.163000e-06	-1.271143e-08	-5.015023e+01	-7.553411e+02
3.060000e-06	-7.234485e-06	-1.277600e-08	-5.065072e+01	-7.592231e+02
3.070000e-06	-7.303331e-06	-1.283653e-08	-5.113273e+01	-7.628197e+02
3.080000e-06	-7.369616e-06	-1.289550e-08	-5.159681e+01	-7.661679e+02
3.090000e-06	-7.433369e-06	-1.295127e-08	-5.204317e+01	-7.693076e+02
3.100000e-06	-7.494525e-06	-1.300184e-08	-5.247133e+01	-7.722706e+02
3.110000e-06	-7.553018e-06	-1.304810e-08	-5.288086e+01	-7.750711e+02
3.120000e-06	-7.608770e-06	-1.309209e-08	-5.327120e+01	-7.777036e+02
3.130000e-06	-7.661612e-06	-1.313392e-08	-5.364116e+01	-7.801481e+02
3.140000e-06	-7.711303e-06	-1.317023e-08	-5.398906e+01	-7.823823e+02
3.150000e-06	-7.757933e-06	-1.320176e-08	-5.431553e+01	-7.843935e+02
3.160000e-06	-7.801944e-06	-1.323114e-08	-5.462366e+01	-7.861882e+02
3.170000e-06	-7.843452e-06	-1.325988e-08	-5.491427e+01	-7.877927e+02
3.180000e-06	-7.882208e-06	-1.328709e-08	-5.518561e+01	-7.892464e+02
3.190000e-06	-7.918199e-06	-1.331285e-08	-5.543760e+01	-7.905889e+02
3.200000e-06	-7.951540e-06	-1.333568e-08	-5.567102e+01	-7.918471e+02
3.210000e-06	-7.982009e-06	-1.335565e-08	-5.588435e+01	-7.930264e+02
3.220000e-06	-8.009485e-06	-1.337285e-08	-5.607672e+01	-7.941105e+02
3.230000e-06	-8.034152e-06	-1.338651e-08	-5.624942e+01	-7.950690e+02
3.240000e-06	-8.055960e-06	-1.339895e-08	-5.640210e+01	-7.958706e+02
3.250000e-06	-8.074912e-06	-1.341034e-08	-5.653479e+01	-7.964965e+02
3.260000e-06	-8.091049e-06	-1.342104e-08	-5.664777e+01	-7.969486e+02
3.270000e-06	-8.104110e-06	-1.342988e-08	-5.673921e+01	-7.972500e+02
3.280000e-06	-8.114095e-06	-1.343597e-08	-5.680912e+01	-7.974378e+02
3.290000e-06	-8.121199e-06	-1.343949e-08	-5.685886e+01	-7.975508e+02
3.300000e-06	-8.125452e-06	-1.344017e-08	-5.688864e+01	-7.976165e+02
3.310000e-06	-8.126949e-06	-1.343907e-08	-5.689912e+01	-7.976438e+02
