# Temperatura_=_37.53
# Concentracion g/m^3_=_11780.0
# C_Vs_to_Am_M_A/Vsm_=_59384043850.047264
# pendiente_HvsI_1/m_=_3716.3
# ordenada_HvsI_A/m_=_1297.0
# frecuencia_Hz_=_301535.42541896866

Tiempo_(s)	Campo_(V.s)	Magnetizacion_(V.s)	Campo_(kA/m)	Magnetizacion_(A/m)
0.000000e+00	-8.083033e-06	-1.342361e-08	-5.689716e+01	-7.971245e+02
1.000000e-08	-8.080239e-06	-1.341949e-08	-5.687749e+01	-7.970852e+02
2.000000e-08	-8.074731e-06	-1.341674e-08	-5.683872e+01	-7.969955e+02
3.000000e-08	-8.066684e-06	-1.341514e-08	-5.678208e+01	-7.968322e+02
4.000000e-08	-8.055803e-06	-1.341154e-08	-5.670548e+01	-7.965681e+02
5.000000e-08	-8.041907e-06	-1.340685e-08	-5.660767e+01	-7.961813e+02
6.000000e-08	-8.025103e-06	-1.340244e-08	-5.648939e+01	-7.956623e+02
7.000000e-08	-8.005778e-06	-1.340306e-08	-5.635336e+01	-7.950168e+02
8.000000e-08	-7.984056e-06	-1.340257e-08	-5.620046e+01	-7.942623e+02
9.000000e-08	-7.959328e-06	-1.333130e-08	-5.602639e+01	-7.934220e+02
1.000000e-07	-7.931270e-06	-1.328410e-08	-5.582889e+01	-7.925158e+02
1.100000e-07	-7.900194e-06	-1.331460e-08	-5.561014e+01	-7.915538e+02
1.200000e-07	-7.866310e-06	-1.333806e-08	-5.537163e+01	-7.905329e+02
1.300000e-07	-7.829816e-06	-1.331513e-08	-5.511475e+01	-7.894386e+02
1.400000e-07	-7.791120e-06	-1.328185e-08	-5.484236e+01	-7.882511e+02
1.500000e-07	-7.750190e-06	-1.330229e-08	-5.455425e+01	-7.869526e+02
1.600000e-07	-7.706544e-06	-1.322616e-08	-5.424702e+01	-7.855346e+02
1.700000e-07	-7.660077e-06	-1.321498e-08	-5.391993e+01	-7.840004e+02
1.800000e-07	-7.610818e-06	-1.316482e-08	-5.357320e+01	-7.823647e+02
1.900000e-07	-7.558464e-06	-1.309599e-08	-5.320467e+01	-7.806473e+02
2.000000e-07	-7.503244e-06	-1.315948e-08	-5.281598e+01	-7.788666e+02
2.100000e-07	-7.445339e-06	-1.310014e-08	-5.240837e+01	-7.770320e+02
2.200000e-07	-7.384744e-06	-1.306906e-08	-5.198185e+01	-7.751405e+02
2.300000e-07	-7.321571e-06	-1.303455e-08	-5.153717e+01	-7.731774e+02
2.400000e-07	-7.255655e-06	-1.299631e-08	-5.107317e+01	-7.711209e+02
2.500000e-07	-7.187020e-06	-1.297429e-08	-5.059005e+01	-7.689496e+02
2.600000e-07	-7.115739e-06	-1.289224e-08	-5.008830e+01	-7.666491e+02
2.700000e-07	-7.041709e-06	-1.286569e-08	-4.956719e+01	-7.642169e+02
2.800000e-07	-6.964891e-06	-1.284723e-08	-4.902646e+01	-7.616617e+02
2.900000e-07	-6.885295e-06	-1.281596e-08	-4.846618e+01	-7.590002e+02
3.000000e-07	-6.803122e-06	-1.274283e-08	-4.788776e+01	-7.562498e+02
3.100000e-07	-6.718714e-06	-1.268026e-08	-4.729360e+01	-7.534220e+02
3.200000e-07	-6.632075e-06	-1.266836e-08	-4.668374e+01	-7.505178e+02
3.300000e-07	-6.543096e-06	-1.259972e-08	-4.605741e+01	-7.475273e+02
3.400000e-07	-6.451779e-06	-1.253969e-08	-4.541462e+01	-7.444333e+02
3.500000e-07	-6.358173e-06	-1.248349e-08	-4.475573e+01	-7.412175e+02
3.600000e-07	-6.262229e-06	-1.243941e-08	-4.408037e+01	-7.378676e+02
3.700000e-07	-6.163877e-06	-1.239055e-08	-4.338806e+01	-7.343810e+02
3.800000e-07	-6.063342e-06	-1.231215e-08	-4.268038e+01	-7.307662e+02
3.900000e-07	-5.960741e-06	-1.224909e-08	-4.195817e+01	-7.270380e+02
4.000000e-07	-5.855998e-06	-1.218880e-08	-4.122087e+01	-7.232117e+02
4.100000e-07	-5.749071e-06	-1.214216e-08	-4.046820e+01	-7.192959e+02
4.200000e-07	-5.640061e-06	-1.205876e-08	-3.970087e+01	-7.152877e+02
4.300000e-07	-5.529113e-06	-1.197931e-08	-3.891990e+01	-7.111726e+02
4.400000e-07	-5.416126e-06	-1.191356e-08	-3.812457e+01	-7.069285e+02
4.500000e-07	-5.300946e-06	-1.184702e-08	-3.731381e+01	-7.025333e+02
4.600000e-07	-5.183647e-06	-1.176483e-08	-3.648813e+01	-6.979723e+02
4.700000e-07	-5.064442e-06	-1.167680e-08	-3.564904e+01	-6.932437e+02
4.800000e-07	-4.943424e-06	-1.160790e-08	-3.479719e+01	-6.883591e+02
4.900000e-07	-4.820593e-06	-1.153011e-08	-3.393257e+01	-6.833391e+02
5.000000e-07	-4.696001e-06	-1.143908e-08	-3.305555e+01	-6.782054e+02
5.100000e-07	-4.569732e-06	-1.133630e-08	-3.216674e+01	-6.729715e+02
5.200000e-07	-4.441879e-06	-1.125036e-08	-3.126676e+01	-6.676366e+02
5.300000e-07	-4.312462e-06	-1.116497e-08	-3.035579e+01	-6.621843e+02
5.400000e-07	-4.181439e-06	-1.106715e-08	-2.943351e+01	-6.565864e+02
5.500000e-07	-4.048837e-06	-1.096240e-08	-2.850011e+01	-6.508114e+02
5.600000e-07	-3.914785e-06	-1.086651e-08	-2.755651e+01	-6.448341e+02
5.700000e-07	-3.779362e-06	-1.077307e-08	-2.660325e+01	-6.386429e+02
5.800000e-07	-3.642581e-06	-1.066029e-08	-2.564044e+01	-6.322416e+02
5.900000e-07	-3.504421e-06	-1.053914e-08	-2.466792e+01	-6.256461e+02
6.000000e-07	-3.364809e-06	-1.042602e-08	-2.368518e+01	-6.188758e+02
6.100000e-07	-3.223734e-06	-1.032150e-08	-2.269214e+01	-6.119443e+02
6.200000e-07	-3.081354e-06	-1.020070e-08	-2.168992e+01	-6.048516e+02
6.300000e-07	-2.937802e-06	-1.006775e-08	-2.067944e+01	-5.975816e+02
6.400000e-07	-2.793225e-06	-9.941544e-09	-1.966175e+01	-5.901065e+02
6.500000e-07	-2.647658e-06	-9.818727e-09	-1.863709e+01	-5.823943e+02
6.600000e-07	-2.501039e-06	-9.683802e-09	-1.760502e+01	-5.744190e+02
6.700000e-07	-2.353643e-06	-9.535449e-09	-1.656749e+01	-5.661676e+02
6.800000e-07	-2.205561e-06	-9.392768e-09	-1.552513e+01	-5.576420e+02
6.900000e-07	-2.056676e-06	-9.254298e-09	-1.447712e+01	-5.488548e+02
7.000000e-07	-1.907062e-06	-9.105217e-09	-1.342397e+01	-5.398203e+02
7.100000e-07	-1.756829e-06	-8.942345e-09	-1.236647e+01	-5.305440e+02
7.200000e-07	-1.606020e-06	-8.777790e-09	-1.130491e+01	-5.210160e+02
7.300000e-07	-1.454656e-06	-8.617301e-09	-1.023945e+01	-5.112094e+02
7.400000e-07	-1.302804e-06	-8.449513e-09	-9.170550e+00	-5.010852e+02
7.500000e-07	-1.150501e-06	-8.269338e-09	-8.098477e+00	-4.906027e+02
7.600000e-07	-9.977372e-07	-8.085478e-09	-7.023158e+00	-4.797288e+02
7.700000e-07	-8.445573e-07	-7.903488e-09	-5.944911e+00	-4.684447e+02
7.800000e-07	-6.910471e-07	-7.709820e-09	-4.864340e+00	-4.567447e+02
7.900000e-07	-5.372909e-07	-7.498799e-09	-3.782036e+00	-4.446274e+02
8.000000e-07	-3.833617e-07	-7.281728e-09	-2.698515e+00	-4.320833e+02
8.100000e-07	-2.293081e-07	-7.064911e-09	-1.614119e+00	-4.190809e+02
8.200000e-07	-7.511191e-08	-6.839643e-09	-5.287191e-01	-4.055599e+02
8.300000e-07	7.912001e-08	-6.598937e-09	5.569325e-01	-3.914332e+02
8.400000e-07	2.332712e-07	-6.347911e-09	1.642016e+00	-3.765983e+02
8.500000e-07	3.873635e-07	-6.089991e-09	2.726684e+00	-3.609565e+02
8.600000e-07	5.413220e-07	-5.815529e-09	3.810412e+00	-3.444314e+02
8.700000e-07	6.950117e-07	-5.514661e-09	4.892247e+00	-3.269817e+02
8.800000e-07	8.483496e-07	-5.197512e-09	5.971605e+00	-3.086025e+02
8.900000e-07	1.001356e-06	-4.873745e-09	7.048628e+00	-2.893129e+02
9.000000e-07	1.154064e-06	-4.537684e-09	8.123559e+00	-2.691332e+02
9.100000e-07	1.306395e-06	-4.181708e-09	9.195824e+00	-2.480589e+02
9.200000e-07	1.458218e-06	-3.809292e-09	1.026452e+01	-2.260387e+02
9.300000e-07	1.609450e-06	-3.424267e-09	1.132905e+01	-2.029656e+02
9.400000e-07	1.760088e-06	-3.015420e-09	1.238941e+01	-1.786837e+02
9.500000e-07	1.910120e-06	-2.575047e-09	1.344550e+01	-1.530115e+02
9.600000e-07	2.059502e-06	-2.108003e-09	1.449701e+01	-1.257759e+02
9.700000e-07	2.208231e-06	-1.622499e-09	1.554392e+01	-9.684866e+01
9.800000e-07	2.356202e-06	-1.111151e-09	1.658551e+01	-6.617831e+01
9.900000e-07	2.503333e-06	-5.619646e-10	1.762117e+01	-3.380893e+01
1.000000e-06	2.649547e-06	1.767272e-11	1.865039e+01	1.155601e-01
1.010000e-06	2.794815e-06	6.133514e-10	1.967294e+01	3.536104e+01
1.020000e-06	2.939111e-06	1.221036e-09	2.068865e+01	7.162266e+01
1.030000e-06	3.082283e-06	1.846593e-09	2.169645e+01	1.085486e+02
1.040000e-06	3.224263e-06	2.479409e-09	2.269586e+01	1.457632e+02
1.050000e-06	3.365001e-06	3.105205e-09	2.368653e+01	1.828872e+02
1.060000e-06	3.504402e-06	3.718335e-09	2.466778e+01	2.195540e+02
1.070000e-06	3.642463e-06	4.323541e-09	2.563961e+01	2.554227e+02
1.080000e-06	3.779194e-06	4.914821e-09	2.660207e+01	2.901912e+02
1.090000e-06	3.914558e-06	5.478795e-09	2.755491e+01	3.236075e+02
1.100000e-06	4.048502e-06	6.011634e-09	2.849775e+01	3.554803e+02
1.110000e-06	4.180985e-06	6.519576e-09	2.943031e+01	3.856860e+02
1.120000e-06	4.311920e-06	7.004263e-09	3.035198e+01	4.141695e+02
1.130000e-06	4.441292e-06	7.455447e-09	3.126263e+01	4.409368e+02
1.140000e-06	4.569129e-06	7.873488e-09	3.216249e+01	4.660413e+02
1.150000e-06	4.695404e-06	8.265827e-09	3.305135e+01	4.895643e+02
1.160000e-06	4.820094e-06	8.639253e-09	3.392905e+01	5.115959e+02
1.170000e-06	4.943042e-06	8.986644e-09	3.479450e+01	5.322194e+02
1.180000e-06	5.064182e-06	9.305987e-09	3.564721e+01	5.515042e+02
1.190000e-06	5.183526e-06	9.605635e-09	3.648728e+01	5.695060e+02
1.200000e-06	5.300959e-06	9.891398e-09	3.731390e+01	5.862749e+02
1.210000e-06	5.416270e-06	1.015654e-08	3.812559e+01	6.018651e+02
1.220000e-06	5.529483e-06	1.039705e-08	3.892250e+01	6.163432e+02
1.230000e-06	5.640711e-06	1.061993e-08	3.970545e+01	6.297909e+02
1.240000e-06	5.749950e-06	1.083134e-08	4.047439e+01	6.423009e+02
1.250000e-06	5.857187e-06	1.103001e-08	4.122924e+01	6.539668e+02
1.260000e-06	5.962258e-06	1.121067e-08	4.196885e+01	6.648727e+02
1.270000e-06	6.065166e-06	1.137890e-08	4.269322e+01	6.750831e+02
1.280000e-06	6.165963e-06	1.154160e-08	4.340274e+01	6.846403e+02
1.290000e-06	6.264442e-06	1.169619e-08	4.409594e+01	6.935676e+02
1.300000e-06	6.360583e-06	1.183595e-08	4.477269e+01	7.018781e+02
1.310000e-06	6.454544e-06	1.196154e-08	4.543409e+01	7.095859e+02
1.320000e-06	6.546293e-06	1.207918e-08	4.607992e+01	7.167153e+02
1.330000e-06	6.635654e-06	1.218866e-08	4.670894e+01	7.233051e+02
1.340000e-06	6.722666e-06	1.228701e-08	4.732142e+01	7.294063e+02
1.350000e-06	6.807462e-06	1.237748e-08	4.791831e+01	7.350754e+02
1.360000e-06	6.889851e-06	1.246677e-08	4.849825e+01	7.403653e+02
1.370000e-06	6.969697e-06	1.255524e-08	4.906029e+01	7.453179e+02
1.380000e-06	7.047012e-06	1.263714e-08	4.960452e+01	7.499604e+02
1.390000e-06	7.121661e-06	1.271025e-08	5.012998e+01	7.543077e+02
1.400000e-06	7.193687e-06	1.277828e-08	5.063698e+01	7.583676e+02
1.410000e-06	7.263256e-06	1.284146e-08	5.112668e+01	7.621482e+02
1.420000e-06	7.330228e-06	1.289667e-08	5.159810e+01	7.656632e+02
1.430000e-06	7.394501e-06	1.294581e-08	5.205052e+01	7.689336e+02
1.440000e-06	7.456205e-06	1.299545e-08	5.248487e+01	7.719847e+02
1.450000e-06	7.515357e-06	1.304942e-08	5.290124e+01	7.748407e+02
1.460000e-06	7.571873e-06	1.310194e-08	5.329906e+01	7.775185e+02
1.470000e-06	7.625658e-06	1.314704e-08	5.367766e+01	7.800241e+02
1.480000e-06	7.676320e-06	1.318607e-08	5.403427e+01	7.823535e+02
1.490000e-06	7.723839e-06	1.322119e-08	5.436876e+01	7.844968e+02
1.500000e-06	7.768681e-06	1.325049e-08	5.468441e+01	7.864454e+02
1.510000e-06	7.810751e-06	1.327359e-08	5.498054e+01	7.881991e+02
1.520000e-06	7.849895e-06	1.329604e-08	5.525608e+01	7.897687e+02
1.530000e-06	7.886363e-06	1.332193e-08	5.551278e+01	7.911757e+02
1.540000e-06	7.920138e-06	1.334943e-08	5.575053e+01	7.924466e+02
1.550000e-06	7.951100e-06	1.337238e-08	5.596848e+01	7.936054e+02
1.560000e-06	7.979368e-06	1.338977e-08	5.616745e+01	7.946660e+02
1.570000e-06	8.004780e-06	1.340430e-08	5.634633e+01	7.956292e+02
1.580000e-06	8.027280e-06	1.341622e-08	5.650471e+01	7.964835e+02
1.590000e-06	8.047105e-06	1.342422e-08	5.664426e+01	7.972113e+02
1.600000e-06	8.064082e-06	1.342892e-08	5.676377e+01	7.977969e+02
1.610000e-06	8.078010e-06	1.343535e-08	5.686180e+01	7.982349e+02
1.620000e-06	8.088804e-06	1.344356e-08	5.693778e+01	7.985339e+02
1.630000e-06	8.096522e-06	1.344898e-08	5.699211e+01	7.987160e+02
1.640000e-06	8.101445e-06	1.344849e-08	5.702677e+01	7.988106e+02
1.650000e-06	8.103538e-06	1.344725e-08	5.704150e+01	7.988456e+02
1.660000e-06	8.102800e-06	1.344545e-08	5.703630e+01	7.988386e+02
1.670000e-06	8.099469e-06	1.344779e-08	5.701286e+01	7.987916e+02
1.680000e-06	8.093453e-06	1.344410e-08	5.697051e+01	7.986907e+02
1.690000e-06	8.084720e-06	1.343683e-08	5.690903e+01	7.985113e+02
1.700000e-06	8.073264e-06	1.343219e-08	5.682840e+01	7.982265e+02
1.710000e-06	8.058942e-06	1.342346e-08	5.672758e+01	7.978164e+02
1.720000e-06	8.041999e-06	1.340521e-08	5.660832e+01	7.972740e+02
1.730000e-06	8.022765e-06	1.336535e-08	5.647293e+01	7.966075e+02
1.740000e-06	8.000851e-06	1.340810e-08	5.631868e+01	7.958359e+02
1.750000e-06	7.975522e-06	1.344881e-08	5.614038e+01	7.949825e+02
1.760000e-06	7.946467e-06	1.339548e-08	5.593586e+01	7.940660e+02
1.770000e-06	7.914137e-06	1.333044e-08	5.570829e+01	7.930941e+02
1.780000e-06	7.879280e-06	1.330509e-08	5.546293e+01	7.920614e+02
1.790000e-06	7.842054e-06	1.326425e-08	5.520089e+01	7.909519e+02
1.800000e-06	7.802743e-06	1.325073e-08	5.492418e+01	7.897457e+02
1.810000e-06	7.761374e-06	1.330091e-08	5.463298e+01	7.884262e+02
1.820000e-06	7.717335e-06	1.318807e-08	5.432298e+01	7.869867e+02
1.830000e-06	7.670607e-06	1.324214e-08	5.399406e+01	7.854331e+02
1.840000e-06	7.620964e-06	1.324257e-08	5.364462e+01	7.837812e+02
1.850000e-06	7.568114e-06	1.313327e-08	5.327260e+01	7.820514e+02
1.860000e-06	7.512437e-06	1.315328e-08	5.288069e+01	7.802607e+02
1.870000e-06	7.454050e-06	1.303339e-08	5.246969e+01	7.784165e+02
1.880000e-06	7.393109e-06	1.308024e-08	5.204072e+01	7.765136e+02
1.890000e-06	7.329477e-06	1.304789e-08	5.159281e+01	7.745354e+02
1.900000e-06	7.263076e-06	1.298578e-08	5.112541e+01	7.724599e+02
1.910000e-06	7.193958e-06	1.300475e-08	5.063889e+01	7.702662e+02
1.920000e-06	7.121981e-06	1.290256e-08	5.013223e+01	7.679421e+02
1.930000e-06	7.047354e-06	1.290004e-08	4.960692e+01	7.654869e+02
1.940000e-06	6.969989e-06	1.280951e-08	4.906235e+01	7.629114e+02
1.950000e-06	6.889998e-06	1.278293e-08	4.849929e+01	7.602329e+02
1.960000e-06	6.807589e-06	1.275927e-08	4.791920e+01	7.574680e+02
1.970000e-06	6.722704e-06	1.269139e-08	4.732169e+01	7.546268e+02
1.980000e-06	6.635407e-06	1.268622e-08	4.670720e+01	7.517082e+02
1.990000e-06	6.545705e-06	1.257655e-08	4.607578e+01	7.487005e+02
2.000000e-06	6.453743e-06	1.255395e-08	4.542845e+01	7.455860e+02
2.010000e-06	6.359419e-06	1.248420e-08	4.476449e+01	7.423470e+02
2.020000e-06	6.262816e-06	1.243740e-08	4.408450e+01	7.389725e+02
2.030000e-06	6.164085e-06	1.237814e-08	4.338952e+01	7.354621e+02
2.040000e-06	6.063151e-06	1.231086e-08	4.267904e+01	7.318258e+02
2.050000e-06	5.959981e-06	1.226744e-08	4.195282e+01	7.280790e+02
2.060000e-06	5.854629e-06	1.217415e-08	4.121124e+01	7.242364e+02
2.070000e-06	5.747289e-06	1.212191e-08	4.045566e+01	7.203047e+02
2.080000e-06	5.637886e-06	1.203833e-08	3.968556e+01	7.162787e+02
2.090000e-06	5.526404e-06	1.199050e-08	3.890083e+01	7.121423e+02
2.100000e-06	5.412803e-06	1.190986e-08	3.810118e+01	7.078728e+02
2.110000e-06	5.297132e-06	1.183888e-08	3.728696e+01	7.034487e+02
2.120000e-06	5.179408e-06	1.175452e-08	3.645830e+01	6.988575e+02
2.130000e-06	5.059627e-06	1.167230e-08	3.561515e+01	6.940998e+02
2.140000e-06	4.938034e-06	1.158935e-08	3.475924e+01	6.891893e+02
2.150000e-06	4.814745e-06	1.150242e-08	3.389140e+01	6.841476e+02
2.160000e-06	4.689739e-06	1.142720e-08	3.301147e+01	6.789953e+02
2.170000e-06	4.563019e-06	1.133646e-08	3.211948e+01	6.737439e+02
2.180000e-06	4.434634e-06	1.125146e-08	3.121577e+01	6.683897e+02
2.190000e-06	4.304647e-06	1.114952e-08	3.030078e+01	6.629136e+02
2.200000e-06	4.173171e-06	1.105811e-08	2.937531e+01	6.572863e+02
2.210000e-06	4.040180e-06	1.095442e-08	2.843917e+01	6.514767e+02
2.220000e-06	3.905732e-06	1.085749e-08	2.749278e+01	6.454616e+02
2.230000e-06	3.769851e-06	1.075135e-08	2.653631e+01	6.392321e+02
2.240000e-06	3.632578e-06	1.064910e-08	2.557003e+01	6.327947e+02
2.250000e-06	3.494009e-06	1.053806e-08	2.459463e+01	6.261666e+02
2.260000e-06	3.354146e-06	1.041953e-08	2.361012e+01	6.193669e+02
2.270000e-06	3.212989e-06	1.029842e-08	2.261650e+01	6.124070e+02
2.280000e-06	3.070548e-06	1.017689e-08	2.161385e+01	6.052842e+02
2.290000e-06	2.926938e-06	1.005735e-08	2.060296e+01	5.979799e+02
2.300000e-06	2.782254e-06	9.930770e-09	1.958452e+01	5.904647e+02
2.310000e-06	2.636650e-06	9.804149e-09	1.855960e+01	5.827072e+02
2.320000e-06	2.490150e-06	9.668055e-09	1.752838e+01	5.746830e+02
2.330000e-06	2.342753e-06	9.528106e-09	1.649084e+01	5.663821e+02
2.340000e-06	2.194621e-06	9.379834e-09	1.544813e+01	5.578087e+02
2.350000e-06	2.045708e-06	9.229719e-09	1.439991e+01	5.489764e+02
2.360000e-06	1.895972e-06	9.077036e-09	1.334591e+01	5.398986e+02
2.370000e-06	1.745635e-06	8.921342e-09	1.228767e+01	5.305786e+02
2.380000e-06	1.594748e-06	8.760253e-09	1.122557e+01	5.210033e+02
2.390000e-06	1.443238e-06	8.593536e-09	1.015908e+01	5.111430e+02
2.400000e-06	1.291117e-06	8.419954e-09	9.088283e+00	5.009577e+02
2.410000e-06	1.138474e-06	8.241870e-09	8.013818e+00	4.904073e+02
2.420000e-06	9.854567e-07	8.054796e-09	6.936714e+00	4.794612e+02
2.430000e-06	8.321507e-07	7.862459e-09	5.857580e+00	4.681029e+02
2.440000e-06	6.785813e-07	7.667219e-09	4.776592e+00	4.563285e+02
2.450000e-06	5.248213e-07	7.467220e-09	3.694262e+00	4.441361e+02
2.460000e-06	3.709242e-07	7.256065e-09	2.610967e+00	4.315132e+02
2.470000e-06	2.168755e-07	7.032333e-09	1.526605e+00	4.184235e+02
2.480000e-06	6.274218e-08	6.802758e-09	4.416475e-01	4.048014e+02
2.490000e-06	-9.139627e-08	6.563212e-09	-6.433461e-01	3.905559e+02
2.500000e-06	-2.454989e-07	6.311765e-09	-1.728087e+00	3.755837e+02
2.510000e-06	-3.994865e-07	6.044661e-09	-2.812020e+00	3.597889e+02
2.520000e-06	-5.532968e-07	5.766130e-09	-3.894704e+00	3.431005e+02
2.530000e-06	-7.069300e-07	5.473468e-09	-4.976141e+00	3.254843e+02
2.540000e-06	-8.602963e-07	5.160846e-09	-6.055699e+00	3.069408e+02
2.550000e-06	-1.013350e-06	4.830549e-09	-7.133055e+00	2.874911e+02
2.560000e-06	-1.166141e-06	4.488481e-09	-8.208565e+00	2.671530e+02
2.570000e-06	-1.318495e-06	4.135338e-09	-9.280996e+00	2.459151e+02
2.580000e-06	-1.470251e-06	3.763708e-09	-1.034922e+01	2.237163e+02
2.590000e-06	-1.621432e-06	3.370184e-09	-1.141340e+01	2.004399e+02
2.600000e-06	-1.772003e-06	2.957480e-09	-1.247328e+01	1.759233e+02
2.610000e-06	-1.921896e-06	2.523695e-09	-1.352839e+01	1.499838e+02
2.620000e-06	-2.071100e-06	2.063015e-09	-1.457865e+01	1.224536e+02
2.630000e-06	-2.219572e-06	1.571755e-09	-1.562376e+01	9.321632e+01
2.640000e-06	-2.367232e-06	1.051803e-09	-1.666315e+01	6.223642e+01
2.650000e-06	-2.514056e-06	5.067728e-10	-1.769665e+01	2.957597e+01
2.660000e-06	-2.660023e-06	-6.273177e-11	-1.872413e+01	-4.603931e+00
2.670000e-06	-2.805091e-06	-6.560683e-10	-1.974528e+01	-4.005491e+01
2.680000e-06	-2.949170e-06	-1.268445e-09	-2.075946e+01	-7.646195e+01
2.690000e-06	-3.092054e-06	-1.890833e-09	-2.176523e+01	-1.134673e+02
2.700000e-06	-3.233702e-06	-2.516936e-09	-2.276230e+01	-1.506934e+02
2.710000e-06	-3.374122e-06	-3.140469e-09	-2.375073e+01	-1.877621e+02
2.720000e-06	-3.513211e-06	-3.754159e-09	-2.472980e+01	-2.243104e+02
2.730000e-06	-3.650990e-06	-4.351460e-09	-2.569963e+01	-2.600036e+02
2.740000e-06	-3.787513e-06	-4.930787e-09	-2.666063e+01	-2.945475e+02
2.750000e-06	-3.922657e-06	-5.489491e-09	-2.761192e+01	-3.277003e+02
2.760000e-06	-4.056347e-06	-6.022461e-09	-2.855297e+01	-3.592825e+02
2.770000e-06	-4.188560e-06	-6.527546e-09	-2.948363e+01	-3.891829e+02
2.780000e-06	-4.319282e-06	-7.003148e-09	-3.040380e+01	-4.173578e+02
2.790000e-06	-4.448556e-06	-7.450353e-09	-3.131377e+01	-4.438232e+02
2.800000e-06	-4.576274e-06	-7.868256e-09	-3.221278e+01	-4.686389e+02
2.810000e-06	-4.702314e-06	-8.257612e-09	-3.309999e+01	-4.918890e+02
2.820000e-06	-4.826650e-06	-8.623650e-09	-3.397520e+01	-5.136634e+02
2.830000e-06	-4.949323e-06	-8.970407e-09	-3.483871e+01	-5.340433e+02
2.840000e-06	-5.070264e-06	-9.297057e-09	-3.569002e+01	-5.530951e+02
2.850000e-06	-5.189226e-06	-9.600071e-09	-3.652741e+01	-5.708731e+02
2.860000e-06	-5.306131e-06	-9.879126e-09	-3.735031e+01	-5.874273e+02
2.870000e-06	-5.420959e-06	-1.013592e-08	-3.815859e+01	-6.028136e+02
2.880000e-06	-5.533551e-06	-1.037416e-08	-3.895114e+01	-6.171014e+02
2.890000e-06	-5.643928e-06	-1.059683e-08	-3.972809e+01	-6.303747e+02
2.900000e-06	-5.752356e-06	-1.080525e-08	-4.049132e+01	-6.427272e+02
2.910000e-06	-5.858968e-06	-1.100192e-08	-4.124178e+01	-6.542517e+02
2.920000e-06	-5.963579e-06	-1.118680e-08	-4.197814e+01	-6.650293e+02
2.930000e-06	-6.065906e-06	-1.135769e-08	-4.269843e+01	-6.751206e+02
2.940000e-06	-6.165950e-06	-1.151504e-08	-4.340265e+01	-6.845641e+02
2.950000e-06	-6.263912e-06	-1.166263e-08	-4.409221e+01	-6.933804e+02
2.960000e-06	-6.359800e-06	-1.180311e-08	-4.476717e+01	-7.015820e+02
2.970000e-06	-6.453387e-06	-1.193222e-08	-4.542594e+01	-7.091844e+02
2.980000e-06	-6.544658e-06	-1.204914e-08	-4.606841e+01	-7.162142e+02
2.990000e-06	-6.633712e-06	-1.215907e-08	-4.669526e+01	-7.227128e+02
3.000000e-06	-6.720383e-06	-1.226455e-08	-4.730535e+01	-7.287327e+02
3.010000e-06	-6.804608e-06	-1.236144e-08	-4.789822e+01	-7.343304e+02
3.020000e-06	-6.886483e-06	-1.244683e-08	-4.847455e+01	-7.395575e+02
3.030000e-06	-6.965865e-06	-1.252724e-08	-4.903332e+01	-7.444531e+02
3.040000e-06	-7.042507e-06	-1.260531e-08	-4.957281e+01	-7.490421e+02
3.050000e-06	-7.116526e-06	-1.267793e-08	-5.009383e+01	-7.533376e+02
3.060000e-06	-7.187993e-06	-1.274311e-08	-5.059690e+01	-7.573469e+02
3.070000e-06	-7.256787e-06	-1.280444e-08	-5.108115e+01	-7.610789e+02
3.080000e-06	-7.322995e-06	-1.286332e-08	-5.154718e+01	-7.645485e+02
3.090000e-06	-7.386738e-06	-1.291909e-08	-5.199588e+01	-7.677779e+02
3.100000e-06	-7.447844e-06	-1.296932e-08	-5.242601e+01	-7.707926e+02
3.110000e-06	-7.506234e-06	-1.301575e-08	-5.283702e+01	-7.736158e+02
3.120000e-06	-7.561938e-06	-1.305976e-08	-5.322913e+01	-7.762627e+02
3.130000e-06	-7.614717e-06	-1.310174e-08	-5.360065e+01	-7.787374e+02
3.140000e-06	-7.664353e-06	-1.313952e-08	-5.395003e+01	-7.810344e+02
3.150000e-06	-7.710949e-06	-1.317211e-08	-5.427803e+01	-7.831434e+02
3.160000e-06	-7.754988e-06	-1.320187e-08	-5.458802e+01	-7.850570e+02
3.170000e-06	-7.796632e-06	-1.323068e-08	-5.488116e+01	-7.867766e+02
3.180000e-06	-7.835586e-06	-1.325880e-08	-5.515536e+01	-7.883153e+02
3.190000e-06	-7.871765e-06	-1.328460e-08	-5.541002e+01	-7.896961e+02
3.200000e-06	-7.905207e-06	-1.330700e-08	-5.564543e+01	-7.909455e+02
3.210000e-06	-7.935754e-06	-1.332638e-08	-5.586045e+01	-7.920861e+02
3.220000e-06	-7.963415e-06	-1.334372e-08	-5.605516e+01	-7.931297e+02
3.230000e-06	-7.988354e-06	-1.335795e-08	-5.623071e+01	-7.940746e+02
3.240000e-06	-8.010411e-06	-1.337084e-08	-5.638597e+01	-7.949076e+02
3.250000e-06	-8.029603e-06	-1.338268e-08	-5.652106e+01	-7.956110e+02
3.260000e-06	-8.046080e-06	-1.339409e-08	-5.663705e+01	-7.961702e+02
3.270000e-06	-8.059487e-06	-1.340343e-08	-5.673142e+01	-7.965824e+02
3.280000e-06	-8.069794e-06	-1.341009e-08	-5.680397e+01	-7.968586e+02
3.290000e-06	-8.077237e-06	-1.341374e-08	-5.685636e+01	-7.970229e+02
3.300000e-06	-8.081775e-06	-1.341654e-08	-5.688830e+01	-7.971050e+02
3.310000e-06	-8.083514e-06	-1.341990e-08	-5.690054e+01	-7.971316e+02
