# Temperatura_=_51.59
# Concentracion g/m^3_=_11780.0
# C_Vs_to_Am_M_A/Vsm_=_59384043850.047264
# pendiente_HvsI_1/m_=_3716.3
# ordenada_HvsI_A/m_=_1297.0
# frecuencia_Hz_=_301536.8085034402

Tiempo_(s)	Campo_(V.s)	Magnetizacion_(V.s)	Campo_(kA/m)	Magnetizacion_(A/m)
0.000000e+00	-8.169679e-06	-1.357561e-08	-5.689682e+01	-8.058224e+02
1.000000e-08	-8.166593e-06	-1.357076e-08	-5.687533e+01	-8.057563e+02
2.000000e-08	-8.160844e-06	-1.356579e-08	-5.683529e+01	-8.055894e+02
3.000000e-08	-8.152473e-06	-1.356306e-08	-5.677699e+01	-8.053105e+02
4.000000e-08	-8.141227e-06	-1.355733e-08	-5.669866e+01	-8.049188e+02
5.000000e-08	-8.127020e-06	-1.354850e-08	-5.659972e+01	-8.044224e+02
6.000000e-08	-8.109954e-06	-1.353847e-08	-5.648087e+01	-8.038333e+02
7.000000e-08	-8.090361e-06	-1.352727e-08	-5.634442e+01	-8.031616e+02
8.000000e-08	-8.068257e-06	-1.351843e-08	-5.619047e+01	-8.024115e+02
9.000000e-08	-8.043014e-06	-1.348288e-08	-5.601468e+01	-8.015805e+02
1.000000e-07	-8.014382e-06	-1.345028e-08	-5.581527e+01	-8.006625e+02
1.100000e-07	-7.982690e-06	-1.345720e-08	-5.559455e+01	-7.996515e+02
1.200000e-07	-7.948179e-06	-1.346919e-08	-5.535420e+01	-7.985452e+02
1.300000e-07	-7.911115e-06	-1.344715e-08	-5.509608e+01	-7.973464e+02
1.400000e-07	-7.871881e-06	-1.340620e-08	-5.482284e+01	-7.960612e+02
1.500000e-07	-7.830287e-06	-1.341323e-08	-5.453316e+01	-7.946955e+02
1.600000e-07	-7.785887e-06	-1.338324e-08	-5.422394e+01	-7.932520e+02
1.700000e-07	-7.738716e-06	-1.333020e-08	-5.389543e+01	-7.917284e+02
1.800000e-07	-7.688675e-06	-1.329903e-08	-5.354692e+01	-7.901183e+02
1.900000e-07	-7.635439e-06	-1.326617e-08	-5.317616e+01	-7.884144e+02
2.000000e-07	-7.579370e-06	-1.327327e-08	-5.278568e+01	-7.866122e+02
2.100000e-07	-7.520660e-06	-1.323667e-08	-5.237680e+01	-7.847119e+02
2.200000e-07	-7.459246e-06	-1.318234e-08	-5.194908e+01	-7.827186e+02
2.300000e-07	-7.395189e-06	-1.315519e-08	-5.150297e+01	-7.806394e+02
2.400000e-07	-7.328298e-06	-1.312971e-08	-5.103712e+01	-7.784795e+02
2.500000e-07	-7.258689e-06	-1.309549e-08	-5.055233e+01	-7.762388e+02
2.600000e-07	-7.186392e-06	-1.302438e-08	-5.004883e+01	-7.739107e+02
2.700000e-07	-7.111260e-06	-1.299379e-08	-4.952557e+01	-7.714842e+02
2.800000e-07	-7.033352e-06	-1.297742e-08	-4.898300e+01	-7.689477e+02
2.900000e-07	-6.952692e-06	-1.292822e-08	-4.842124e+01	-7.662937e+02
3.000000e-07	-6.869569e-06	-1.286289e-08	-4.784235e+01	-7.635215e+02
3.100000e-07	-6.784225e-06	-1.281027e-08	-4.724798e+01	-7.606364e+02
3.200000e-07	-6.696579e-06	-1.278813e-08	-4.663758e+01	-7.576468e+02
3.300000e-07	-6.606529e-06	-1.273002e-08	-4.601043e+01	-7.545593e+02
3.400000e-07	-6.514114e-06	-1.265943e-08	-4.536682e+01	-7.513747e+02
3.500000e-07	-6.419429e-06	-1.260163e-08	-4.470739e+01	-7.480868e+02
3.600000e-07	-6.322280e-06	-1.255862e-08	-4.403081e+01	-7.446844e+02
3.700000e-07	-6.222764e-06	-1.250308e-08	-4.333774e+01	-7.411564e+02
3.800000e-07	-6.121103e-06	-1.242267e-08	-4.262974e+01	-7.374969e+02
3.900000e-07	-6.017235e-06	-1.235951e-08	-4.190636e+01	-7.337079e+02
4.000000e-07	-5.911081e-06	-1.230743e-08	-4.116707e+01	-7.297989e+02
4.100000e-07	-5.802805e-06	-1.225206e-08	-4.041299e+01	-7.257818e+02
4.200000e-07	-5.692610e-06	-1.216636e-08	-3.964554e+01	-7.216644e+02
4.300000e-07	-5.580393e-06	-1.208586e-08	-3.886402e+01	-7.174451e+02
4.400000e-07	-5.465869e-06	-1.202270e-08	-3.806643e+01	-7.131111e+02
4.500000e-07	-5.349118e-06	-1.195425e-08	-3.725333e+01	-7.086413e+02
4.600000e-07	-5.230450e-06	-1.186589e-08	-3.642688e+01	-7.040140e+02
4.700000e-07	-5.109904e-06	-1.177659e-08	-3.558736e+01	-6.992153e+02
4.800000e-07	-4.987461e-06	-1.170807e-08	-3.473461e+01	-6.942450e+02
4.900000e-07	-4.863166e-06	-1.163109e-08	-3.386897e+01	-6.891171e+02
5.000000e-07	-4.737141e-06	-1.153272e-08	-3.299129e+01	-6.838542e+02
5.100000e-07	-4.609514e-06	-1.142589e-08	-3.210245e+01	-6.784775e+02
5.200000e-07	-4.480197e-06	-1.133871e-08	-3.120183e+01	-6.729966e+02
5.300000e-07	-4.349168e-06	-1.125275e-08	-3.028930e+01	-6.674031e+02
5.400000e-07	-4.216497e-06	-1.114996e-08	-2.936532e+01	-6.616710e+02
5.500000e-07	-4.082368e-06	-1.104116e-08	-2.843120e+01	-6.557646e+02
5.600000e-07	-3.946891e-06	-1.094719e-08	-2.748768e+01	-6.496501e+02
5.700000e-07	-3.809840e-06	-1.085362e-08	-2.653321e+01	-6.433079e+02
5.800000e-07	-3.671279e-06	-1.073617e-08	-2.556821e+01	-6.367382e+02
5.900000e-07	-3.531364e-06	-1.060836e-08	-2.459379e+01	-6.299599e+02
6.000000e-07	-3.390066e-06	-1.049489e-08	-2.360974e+01	-6.230007e+02
6.100000e-07	-3.247312e-06	-1.039064e-08	-2.261554e+01	-6.158837e+02
6.200000e-07	-3.103175e-06	-1.026489e-08	-2.161172e+01	-6.086150e+02
6.300000e-07	-2.957927e-06	-1.012472e-08	-2.060015e+01	-6.011786e+02
6.400000e-07	-2.811722e-06	-9.994135e-09	-1.958192e+01	-5.935388e+02
6.500000e-07	-2.664578e-06	-9.872571e-09	-1.855715e+01	-5.856522e+02
6.600000e-07	-2.516573e-06	-9.733020e-09	-1.752639e+01	-5.774818e+02
6.700000e-07	-2.367822e-06	-9.578608e-09	-1.649043e+01	-5.690090e+02
6.800000e-07	-2.218288e-06	-9.433843e-09	-1.544902e+01	-5.602381e+02
6.900000e-07	-2.067919e-06	-9.296918e-09	-1.440179e+01	-5.511906e+02
7.000000e-07	-1.916768e-06	-9.144434e-09	-1.334911e+01	-5.418918e+02
7.100000e-07	-1.764943e-06	-8.971831e-09	-1.229175e+01	-5.323558e+02
7.200000e-07	-1.612471e-06	-8.801223e-09	-1.122987e+01	-5.225738e+02
7.300000e-07	-1.459294e-06	-8.637892e-09	-1.016309e+01	-5.125119e+02
7.400000e-07	-1.305582e-06	-8.465548e-09	-9.092582e+00	-5.021197e+02
7.500000e-07	-1.151491e-06	-8.278283e-09	-8.019432e+00	-4.913443e+02
7.600000e-07	-9.969818e-07	-8.090907e-09	-6.943368e+00	-4.801462e+02
7.700000e-07	-8.420502e-07	-7.906192e-09	-5.864365e+00	-4.685078e+02
7.800000e-07	-6.867979e-07	-7.706850e-09	-4.783128e+00	-4.564312e+02
7.900000e-07	-5.313283e-07	-7.486736e-09	-3.700377e+00	-4.439242e+02
8.000000e-07	-3.756629e-07	-7.261841e-09	-2.616262e+00	-4.309814e+02
8.100000e-07	-2.198313e-07	-7.040380e-09	-1.530990e+00	-4.175654e+02
8.200000e-07	-6.388113e-08	-6.809624e-09	-4.448930e-01	-4.035996e+02
8.300000e-07	9.208893e-08	-6.559857e-09	6.413431e-01	-3.889741e+02
8.400000e-07	2.479671e-07	-6.298000e-09	1.726939e+00	-3.735657e+02
8.500000e-07	4.037248e-07	-6.028674e-09	2.811697e+00	-3.572650e+02
8.600000e-07	5.593654e-07	-5.740330e-09	3.895638e+00	-3.400002e+02
8.700000e-07	7.148072e-07	-5.423852e-09	4.978195e+00	-3.217480e+02
8.800000e-07	8.699466e-07	-5.089753e-09	6.058646e+00	-3.025273e+02
8.900000e-07	1.024740e-06	-4.753217e-09	7.136684e+00	-2.823744e+02
9.000000e-07	1.179123e-06	-4.407592e-09	8.211869e+00	-2.613091e+02
9.100000e-07	1.333103e-06	-4.036688e-09	9.284249e+00	-2.393017e+02
9.200000e-07	1.486695e-06	-3.643470e-09	1.035392e+01	-2.162539e+02
9.300000e-07	1.639792e-06	-3.237673e-09	1.142015e+01	-1.920000e+02
9.400000e-07	1.792231e-06	-2.808277e-09	1.248179e+01	-1.663304e+02
9.500000e-07	1.943918e-06	-2.340380e-09	1.353820e+01	-1.390321e+02
9.600000e-07	2.094833e-06	-1.838231e-09	1.458923e+01	-1.099341e+02
9.700000e-07	2.244937e-06	-1.313665e-09	1.563461e+01	-7.894742e+01
9.800000e-07	2.394245e-06	-7.651450e-10	1.667445e+01	-4.608985e+01
9.900000e-07	2.542746e-06	-1.817519e-10	1.770867e+01	-1.149158e+01
1.000000e-06	2.690334e-06	4.335597e-10	1.873653e+01	2.461581e+01
1.010000e-06	2.837003e-06	1.065852e-09	1.975799e+01	6.192113e+01
1.020000e-06	2.982739e-06	1.706042e-09	2.077296e+01	1.000587e+02
1.030000e-06	3.127361e-06	2.357073e-09	2.178016e+01	1.386307e+02
1.040000e-06	3.270788e-06	3.013756e-09	2.277904e+01	1.772253e+02
1.050000e-06	3.412962e-06	3.660404e-09	2.376919e+01	2.154315e+02
1.060000e-06	3.553803e-06	4.286829e-09	2.475006e+01	2.528530e+02
1.070000e-06	3.693344e-06	4.895942e-09	2.572188e+01	2.891271e+02
1.080000e-06	3.831610e-06	5.486247e-09	2.668482e+01	3.239442e+02
1.090000e-06	3.968420e-06	6.046609e-09	2.763762e+01	3.570687e+02
1.100000e-06	4.103640e-06	6.569730e-09	2.857934e+01	3.883538e+02
1.110000e-06	4.237391e-06	7.060639e-09	2.951084e+01	4.177452e+02
1.120000e-06	4.369587e-06	7.526140e-09	3.043150e+01	4.452701e+02
1.130000e-06	4.500221e-06	7.962324e-09	3.134128e+01	4.710141e+02
1.140000e-06	4.629306e-06	8.364849e-09	3.224028e+01	4.950908e+02
1.150000e-06	4.756674e-06	8.739104e-09	3.312733e+01	5.176122e+02
1.160000e-06	4.882357e-06	9.092587e-09	3.400263e+01	5.386688e+02
1.170000e-06	5.006371e-06	9.422592e-09	3.486631e+01	5.583239e+02
1.180000e-06	5.128727e-06	9.726181e-09	3.571844e+01	5.766213e+02
1.190000e-06	5.249248e-06	1.000788e-08	3.655780e+01	5.936020e+02
1.200000e-06	5.367733e-06	1.027503e-08	3.738297e+01	6.093220e+02
1.210000e-06	5.484205e-06	1.052303e-08	3.819413e+01	6.238626e+02
1.220000e-06	5.598590e-06	1.074795e-08	3.899076e+01	6.373297e+02
1.230000e-06	5.710804e-06	1.095523e-08	3.977226e+01	6.498418e+02
1.240000e-06	5.820991e-06	1.115337e-08	4.053964e+01	6.615118e+02
1.250000e-06	5.929135e-06	1.134023e-08	4.129280e+01	6.724296e+02
1.260000e-06	6.035181e-06	1.151036e-08	4.203134e+01	6.826526e+02
1.270000e-06	6.139084e-06	1.166784e-08	4.275497e+01	6.922081e+02
1.280000e-06	6.240740e-06	1.181763e-08	4.346294e+01	7.011049e+02
1.290000e-06	6.340180e-06	1.195818e-08	4.415548e+01	7.093512e+02
1.300000e-06	6.437226e-06	1.208431e-08	4.483134e+01	7.169694e+02
1.310000e-06	6.531901e-06	1.219824e-08	4.549070e+01	7.240043e+02
1.320000e-06	6.624346e-06	1.230588e-08	4.613452e+01	7.305194e+02
1.330000e-06	6.714507e-06	1.240842e-08	4.676243e+01	7.365857e+02
1.340000e-06	6.802270e-06	1.250352e-08	4.737365e+01	7.422662e+02
1.350000e-06	6.887623e-06	1.259339e-08	4.796808e+01	7.476038e+02
1.360000e-06	6.970656e-06	1.267940e-08	4.854636e+01	7.526175e+02
1.370000e-06	7.051239e-06	1.275959e-08	4.910756e+01	7.573071e+02
1.380000e-06	7.129215e-06	1.283134e-08	4.965062e+01	7.616668e+02
1.390000e-06	7.204544e-06	1.289586e-08	5.017524e+01	7.656981e+02
1.400000e-06	7.277155e-06	1.295773e-08	5.068093e+01	7.694201e+02
1.410000e-06	7.347154e-06	1.301705e-08	5.116843e+01	7.728701e+02
1.420000e-06	7.414609e-06	1.307146e-08	5.163821e+01	7.760961e+02
1.430000e-06	7.479404e-06	1.312148e-08	5.208948e+01	7.791430e+02
1.440000e-06	7.541616e-06	1.317109e-08	5.252274e+01	7.820395e+02
1.450000e-06	7.601263e-06	1.322135e-08	5.293815e+01	7.847910e+02
1.460000e-06	7.658193e-06	1.326706e-08	5.333463e+01	7.873805e+02
1.470000e-06	7.712294e-06	1.330469e-08	5.371141e+01	7.897798e+02
1.480000e-06	7.763292e-06	1.333723e-08	5.406658e+01	7.919631e+02
1.490000e-06	7.811137e-06	1.336867e-08	5.439979e+01	7.939215e+02
1.500000e-06	7.856157e-06	1.339789e-08	5.471333e+01	7.956689e+02
1.510000e-06	7.898376e-06	1.342252e-08	5.500735e+01	7.972397e+02
1.520000e-06	7.937731e-06	1.344641e-08	5.528144e+01	7.986784e+02
1.530000e-06	7.974350e-06	1.347164e-08	5.553647e+01	8.000245e+02
1.540000e-06	8.008186e-06	1.349627e-08	5.577212e+01	8.013000e+02
1.550000e-06	8.039184e-06	1.351584e-08	5.598800e+01	8.025033e+02
1.560000e-06	8.067387e-06	1.353121e-08	5.618442e+01	8.036121e+02
1.570000e-06	8.092688e-06	1.354562e-08	5.636062e+01	8.045942e+02
1.580000e-06	8.115161e-06	1.355834e-08	5.651713e+01	8.054206e+02
1.590000e-06	8.134923e-06	1.356840e-08	5.665477e+01	8.060775e+02
1.600000e-06	8.151777e-06	1.357569e-08	5.677214e+01	8.065718e+02
1.610000e-06	8.165579e-06	1.358267e-08	5.686826e+01	8.069280e+02
1.620000e-06	8.176196e-06	1.358803e-08	5.694220e+01	8.071798e+02
1.630000e-06	8.183740e-06	1.359041e-08	5.699475e+01	8.073577e+02
1.640000e-06	8.188531e-06	1.358938e-08	5.702811e+01	8.074802e+02
1.650000e-06	8.190454e-06	1.358966e-08	5.704150e+01	8.075490e+02
1.660000e-06	8.189525e-06	1.358857e-08	5.703504e+01	8.075517e+02
1.670000e-06	8.185966e-06	1.358910e-08	5.701025e+01	8.074688e+02
1.680000e-06	8.179630e-06	1.358708e-08	5.696612e+01	8.072825e+02
1.690000e-06	8.170574e-06	1.358218e-08	5.690305e+01	8.069832e+02
1.700000e-06	8.158761e-06	1.357610e-08	5.682078e+01	8.065720e+02
1.710000e-06	8.144060e-06	1.356636e-08	5.671840e+01	8.060582e+02
1.720000e-06	8.126794e-06	1.355541e-08	5.659815e+01	8.054538e+02
1.730000e-06	8.107158e-06	1.353693e-08	5.646139e+01	8.047680e+02
1.740000e-06	8.084732e-06	1.354190e-08	5.630522e+01	8.040037e+02
1.750000e-06	8.058781e-06	1.355618e-08	5.612448e+01	8.031578e+02
1.760000e-06	8.029018e-06	1.352708e-08	5.591720e+01	8.022235e+02
1.770000e-06	7.996068e-06	1.347458e-08	5.568772e+01	8.011955e+02
1.780000e-06	7.960694e-06	1.344878e-08	5.544136e+01	8.000724e+02
1.790000e-06	7.922937e-06	1.343995e-08	5.517841e+01	7.988577e+02
1.800000e-06	7.883046e-06	1.339294e-08	5.490059e+01	7.975577e+02
1.810000e-06	7.840998e-06	1.340236e-08	5.460776e+01	7.961781e+02
1.820000e-06	7.796220e-06	1.337234e-08	5.429590e+01	7.947206e+02
1.830000e-06	7.748679e-06	1.334338e-08	5.396481e+01	7.931821e+02
1.840000e-06	7.698034e-06	1.334920e-08	5.361210e+01	7.915558e+02
1.850000e-06	7.644173e-06	1.327498e-08	5.323699e+01	7.898346e+02
1.860000e-06	7.587623e-06	1.326163e-08	5.284316e+01	7.880147e+02
1.870000e-06	7.528428e-06	1.322001e-08	5.243090e+01	7.860973e+02
1.880000e-06	7.466564e-06	1.320023e-08	5.200005e+01	7.840881e+02
1.890000e-06	7.401946e-06	1.316794e-08	5.155003e+01	7.819943e+02
1.900000e-06	7.334592e-06	1.311069e-08	5.108095e+01	7.798202e+02
1.910000e-06	7.264486e-06	1.311023e-08	5.059271e+01	7.775646e+02
1.920000e-06	7.191513e-06	1.304180e-08	5.008449e+01	7.752198e+02
1.930000e-06	7.115832e-06	1.299864e-08	4.955742e+01	7.727744e+02
1.940000e-06	7.037359e-06	1.295625e-08	4.901090e+01	7.702173e+02
1.950000e-06	6.956269e-06	1.291724e-08	4.844616e+01	7.675421e+02
1.960000e-06	6.872828e-06	1.288527e-08	4.786505e+01	7.647492e+02
1.970000e-06	6.786875e-06	1.281718e-08	4.726644e+01	7.618448e+02
1.980000e-06	6.698424e-06	1.277716e-08	4.665043e+01	7.588374e+02
1.990000e-06	6.607687e-06	1.270979e-08	4.601850e+01	7.557327e+02
2.000000e-06	6.514655e-06	1.266379e-08	4.537059e+01	7.525304e+02
2.010000e-06	6.419214e-06	1.260285e-08	4.470590e+01	7.492229e+02
2.020000e-06	6.321541e-06	1.254802e-08	4.402567e+01	7.457988e+02
2.030000e-06	6.221609e-06	1.250156e-08	4.332970e+01	7.422476e+02
2.040000e-06	6.119300e-06	1.243738e-08	4.261718e+01	7.385646e+02
2.050000e-06	6.014744e-06	1.237375e-08	4.188901e+01	7.347534e+02
2.060000e-06	5.908160e-06	1.228803e-08	4.114672e+01	7.308242e+02
2.070000e-06	5.799614e-06	1.222879e-08	4.039077e+01	7.267888e+02
2.080000e-06	5.688909e-06	1.215782e-08	3.961977e+01	7.226537e+02
2.090000e-06	5.576043e-06	1.209031e-08	3.883373e+01	7.184152e+02
2.100000e-06	5.460961e-06	1.201149e-08	3.803225e+01	7.140586e+02
2.110000e-06	5.343659e-06	1.194270e-08	3.721531e+01	7.095622e+02
2.120000e-06	5.224354e-06	1.186860e-08	3.638443e+01	7.049050e+02
2.130000e-06	5.103165e-06	1.178196e-08	3.554042e+01	7.000753e+02
2.140000e-06	4.980147e-06	1.169163e-08	3.468368e+01	6.950754e+02
2.150000e-06	4.855287e-06	1.160616e-08	3.381410e+01	6.899217e+02
2.160000e-06	4.728655e-06	1.152985e-08	3.293219e+01	6.846371e+02
2.170000e-06	4.600425e-06	1.143634e-08	3.203915e+01	6.792416e+02
2.180000e-06	4.470629e-06	1.133959e-08	3.113520e+01	6.737418e+02
2.190000e-06	4.339260e-06	1.124249e-08	3.022029e+01	6.681258e+02
2.200000e-06	4.206268e-06	1.115413e-08	2.929408e+01	6.623654e+02
2.210000e-06	4.071646e-06	1.104917e-08	2.835653e+01	6.564240e+02
2.220000e-06	3.935607e-06	1.094164e-08	2.740909e+01	6.502698e+02
2.230000e-06	3.798202e-06	1.083459e-08	2.645215e+01	6.438863e+02
2.240000e-06	3.659427e-06	1.073265e-08	2.548567e+01	6.372776e+02
2.250000e-06	3.519233e-06	1.061592e-08	2.450931e+01	6.304650e+02
2.260000e-06	3.377624e-06	1.048908e-08	2.352308e+01	6.234762e+02
2.270000e-06	3.234740e-06	1.036630e-08	2.252799e+01	6.163323e+02
2.280000e-06	3.090661e-06	1.024781e-08	2.152457e+01	6.090355e+02
2.290000e-06	2.945469e-06	1.012588e-08	2.051339e+01	6.015658e+02
2.300000e-06	2.799278e-06	9.993498e-09	1.949526e+01	5.938852e+02
2.310000e-06	2.652208e-06	9.862873e-09	1.847100e+01	5.859502e+02
2.320000e-06	2.504144e-06	9.727964e-09	1.743983e+01	5.777265e+02
2.330000e-06	2.355099e-06	9.584285e-09	1.640182e+01	5.691995e+02
2.340000e-06	2.205228e-06	9.425540e-09	1.535807e+01	5.603774e+02
2.350000e-06	2.054576e-06	9.268319e-09	1.430887e+01	5.512833e+02
2.360000e-06	1.903194e-06	9.115785e-09	1.325458e+01	5.419417e+02
2.370000e-06	1.751191e-06	8.958532e-09	1.219597e+01	5.323631e+02
2.380000e-06	1.598611e-06	8.789587e-09	1.113335e+01	5.225343e+02
2.390000e-06	1.445460e-06	8.617183e-09	1.006674e+01	5.124175e+02
2.400000e-06	1.291803e-06	8.442968e-09	8.996614e+00	5.019605e+02
2.410000e-06	1.137721e-06	8.262005e-09	7.923534e+00	4.911119e+02
2.420000e-06	9.833038e-07	8.067773e-09	6.848110e+00	4.798358e+02
2.430000e-06	8.285710e-07	7.867094e-09	5.770490e+00	4.681187e+02
2.440000e-06	6.735283e-07	7.666590e-09	4.690713e+00	4.559647e+02
2.450000e-06	5.182302e-07	7.458445e-09	3.609157e+00	4.433811e+02
2.460000e-06	3.627163e-07	7.236360e-09	2.526097e+00	4.303576e+02
2.470000e-06	2.070303e-07	7.004117e-09	1.441839e+00	4.168502e+02
2.480000e-06	5.124225e-08	6.769184e-09	3.568709e-01	4.027754e+02
2.490000e-06	-1.045772e-07	6.524673e-09	-7.283162e-01	3.880191e+02
2.500000e-06	-2.603224e-07	6.263554e-09	-1.812986e+00	3.724586e+02
2.510000e-06	-4.159157e-07	5.984065e-09	-2.896599e+00	3.559897e+02
2.520000e-06	-5.713025e-07	5.692967e-09	-3.978772e+00	3.385488e+02
2.530000e-06	-7.263728e-07	5.386274e-09	-5.058743e+00	3.201214e+02
2.540000e-06	-8.811574e-07	5.056803e-09	-6.136723e+00	3.007316e+02
2.550000e-06	-1.035667e-06	4.709777e-09	-7.212785e+00	2.804153e+02
2.560000e-06	-1.189787e-06	4.354948e-09	-8.286135e+00	2.591858e+02
2.570000e-06	-1.343509e-06	3.988102e-09	-9.356720e+00	2.370020e+02
2.580000e-06	-1.496753e-06	3.599265e-09	-1.042397e+01	2.137527e+02
2.590000e-06	-1.649419e-06	3.184708e-09	-1.148719e+01	1.892620e+02
2.600000e-06	-1.801532e-06	2.748023e-09	-1.254657e+01	1.633166e+02
2.610000e-06	-1.952958e-06	2.287722e-09	-1.360116e+01	1.357076e+02
2.620000e-06	-2.103567e-06	1.794067e-09	-1.465006e+01	1.062760e+02
2.630000e-06	-2.253459e-06	1.264572e-09	-1.569396e+01	7.495068e+01
2.640000e-06	-2.402697e-06	7.081465e-10	-1.673332e+01	4.176959e+01
2.650000e-06	-2.551113e-06	1.311202e-10	-1.776694e+01	6.882239e+00
2.660000e-06	-2.698534e-06	-4.734522e-10	-1.879364e+01	-2.946377e+01
2.670000e-06	-2.844978e-06	-1.104881e-09	-1.981353e+01	-6.694570e+01
2.680000e-06	-2.990380e-06	-1.749483e-09	-2.082617e+01	-1.051906e+02
2.690000e-06	-3.134686e-06	-2.396434e-09	-2.183117e+01	-1.437970e+02
2.700000e-06	-3.277846e-06	-3.043312e-09	-2.282819e+01	-1.823522e+02
2.710000e-06	-3.419819e-06	-3.686638e-09	-2.381695e+01	-2.204465e+02
2.720000e-06	-3.560537e-06	-4.315139e-09	-2.479696e+01	-2.576886e+02
2.730000e-06	-3.699825e-06	-4.917718e-09	-2.576702e+01	-2.937233e+02
2.740000e-06	-3.837659e-06	-5.494527e-09	-2.672695e+01	-3.282529e+02
2.750000e-06	-3.974064e-06	-6.047647e-09	-2.767692e+01	-3.610570e+02
2.760000e-06	-4.109013e-06	-6.571922e-09	-2.861676e+01	-3.920054e+02
2.770000e-06	-4.242590e-06	-7.062586e-09	-2.954705e+01	-4.210594e+02
2.780000e-06	-4.374707e-06	-7.520837e-09	-3.046716e+01	-4.482588e+02
2.790000e-06	-4.505205e-06	-7.950730e-09	-3.137600e+01	-4.736964e+02
2.800000e-06	-4.634110e-06	-8.353475e-09	-3.227374e+01	-4.974876e+02
2.810000e-06	-4.761385e-06	-8.728517e-09	-3.316013e+01	-5.197416e+02
2.820000e-06	-4.887067e-06	-9.078178e-09	-3.403543e+01	-5.405440e+02
2.830000e-06	-5.011016e-06	-9.407754e-09	-3.489866e+01	-5.599537e+02
2.840000e-06	-5.133112e-06	-9.717266e-09	-3.574898e+01	-5.780127e+02
2.850000e-06	-5.253328e-06	-1.000166e-08	-3.658622e+01	-5.947636e+02
2.860000e-06	-5.371534e-06	-1.026130e-08	-3.740945e+01	-6.102662e+02
2.870000e-06	-5.487585e-06	-1.050220e-08	-3.821768e+01	-6.246067e+02
2.880000e-06	-5.601363e-06	-1.072716e-08	-3.901007e+01	-6.378945e+02
2.890000e-06	-5.712948e-06	-1.093522e-08	-3.978719e+01	-6.502484e+02
2.900000e-06	-5.822408e-06	-1.112659e-08	-4.054951e+01	-6.617784e+02
2.910000e-06	-5.929834e-06	-1.130587e-08	-4.129767e+01	-6.725688e+02
2.920000e-06	-6.035286e-06	-1.147757e-08	-4.203207e+01	-6.826713e+02
2.930000e-06	-6.138604e-06	-1.163941e-08	-4.275162e+01	-6.921088e+02
2.940000e-06	-6.239649e-06	-1.178932e-08	-4.345534e+01	-7.008886e+02
2.950000e-06	-6.338465e-06	-1.192884e-08	-4.414353e+01	-7.090204e+02
2.960000e-06	-6.435108e-06	-1.205964e-08	-4.481659e+01	-7.165306e+02
2.970000e-06	-6.529548e-06	-1.217875e-08	-4.547431e+01	-7.234676e+02
2.980000e-06	-6.621666e-06	-1.228499e-08	-4.611585e+01	-7.298973e+02
2.990000e-06	-6.711440e-06	-1.238279e-08	-4.674107e+01	-7.358906e+02
3.000000e-06	-6.798848e-06	-1.247665e-08	-4.734982e+01	-7.415074e+02
3.010000e-06	-6.883759e-06	-1.256687e-08	-4.794117e+01	-7.467864e+02
3.020000e-06	-6.966228e-06	-1.265090e-08	-4.851551e+01	-7.517426e+02
3.030000e-06	-7.046288e-06	-1.272905e-08	-4.907309e+01	-7.563737e+02
3.040000e-06	-7.123697e-06	-1.280323e-08	-4.961219e+01	-7.606742e+02
3.050000e-06	-7.198277e-06	-1.287296e-08	-5.013160e+01	-7.646483e+02
3.060000e-06	-7.270221e-06	-1.293553e-08	-5.063265e+01	-7.683185e+02
3.070000e-06	-7.339623e-06	-1.299154e-08	-5.111598e+01	-7.717249e+02
3.080000e-06	-7.406445e-06	-1.304429e-08	-5.158136e+01	-7.749159e+02
3.090000e-06	-7.470683e-06	-1.309479e-08	-5.202874e+01	-7.779344e+02
3.100000e-06	-7.532208e-06	-1.314111e-08	-5.245722e+01	-7.808053e+02
3.110000e-06	-7.591028e-06	-1.318472e-08	-5.286687e+01	-7.835296e+02
3.120000e-06	-7.647133e-06	-1.322933e-08	-5.325760e+01	-7.860874e+02
3.130000e-06	-7.700364e-06	-1.327407e-08	-5.362832e+01	-7.884496e+02
3.140000e-06	-7.750480e-06	-1.331276e-08	-5.397735e+01	-7.905928e+02
3.150000e-06	-7.797477e-06	-1.334239e-08	-5.430466e+01	-7.925118e+02
3.160000e-06	-7.841816e-06	-1.336861e-08	-5.461345e+01	-7.942247e+02
3.170000e-06	-7.883670e-06	-1.339516e-08	-5.490494e+01	-7.957686e+02
3.180000e-06	-7.922794e-06	-1.342070e-08	-5.517741e+01	-7.971882e+02
3.190000e-06	-7.959139e-06	-1.344350e-08	-5.543053e+01	-7.985207e+02
3.200000e-06	-7.992758e-06	-1.346485e-08	-5.566467e+01	-7.997841e+02
3.210000e-06	-8.023457e-06	-1.348655e-08	-5.587847e+01	-8.009726e+02
3.220000e-06	-8.051202e-06	-1.350579e-08	-5.607170e+01	-8.020612e+02
3.230000e-06	-8.076114e-06	-1.351961e-08	-5.624520e+01	-8.030173e+02
3.240000e-06	-8.098110e-06	-1.353007e-08	-5.639839e+01	-8.038138e+02
3.250000e-06	-8.117287e-06	-1.354115e-08	-5.653194e+01	-8.044406e+02
3.260000e-06	-8.133694e-06	-1.355249e-08	-5.664621e+01	-8.049080e+02
3.270000e-06	-8.146988e-06	-1.356079e-08	-5.673879e+01	-8.052431e+02
3.280000e-06	-8.157198e-06	-1.356525e-08	-5.680990e+01	-8.054796e+02
3.290000e-06	-8.164519e-06	-1.356940e-08	-5.686088e+01	-8.056468e+02
3.300000e-06	-8.168898e-06	-1.357409e-08	-5.689138e+01	-8.057600e+02
3.310000e-06	-8.170436e-06	-1.357544e-08	-5.690209e+01	-8.058182e+02
