# Temperatura_=_58.34
# Concentracion g/m^3_=_11780.0
# C_Vs_to_Am_M_A/Vsm_=_59384043850.047264
# pendiente_HvsI_1/m_=_3716.3
# ordenada_HvsI_A/m_=_1297.0
# frecuencia_Hz_=_301538.0493077614

Tiempo_(s)	Campo_(V.s)	Magnetizacion_(V.s)	Campo_(kA/m)	Magnetizacion_(A/m)
0.000000e+00	-8.165016e-06	-1.362773e-08	-5.689437e+01	-8.089289e+02
1.000000e-08	-8.161755e-06	-1.362554e-08	-5.687165e+01	-8.088145e+02
2.000000e-08	-8.155796e-06	-1.362362e-08	-5.683013e+01	-8.086318e+02
3.000000e-08	-8.147225e-06	-1.362091e-08	-5.677041e+01	-8.083712e+02
4.000000e-08	-8.135838e-06	-1.361686e-08	-5.669106e+01	-8.080185e+02
5.000000e-08	-8.121431e-06	-1.360922e-08	-5.659067e+01	-8.075585e+02
6.000000e-08	-8.104102e-06	-1.360196e-08	-5.646992e+01	-8.069796e+02
7.000000e-08	-8.084321e-06	-1.359777e-08	-5.633209e+01	-8.062775e+02
8.000000e-08	-8.062071e-06	-1.356904e-08	-5.617704e+01	-8.054574e+02
9.000000e-08	-8.036649e-06	-1.352101e-08	-5.599990e+01	-8.045331e+02
1.000000e-07	-8.007863e-06	-1.350553e-08	-5.579932e+01	-8.035225e+02
1.100000e-07	-7.976118e-06	-1.351925e-08	-5.557812e+01	-8.024421e+02
1.200000e-07	-7.941573e-06	-1.352309e-08	-5.533740e+01	-8.013011e+02
1.300000e-07	-7.904464e-06	-1.349434e-08	-5.507883e+01	-8.000979e+02
1.400000e-07	-7.865186e-06	-1.348100e-08	-5.480514e+01	-7.988209e+02
1.500000e-07	-7.823521e-06	-1.346701e-08	-5.451481e+01	-7.974524e+02
1.600000e-07	-7.779013e-06	-1.342468e-08	-5.420468e+01	-7.959757e+02
1.700000e-07	-7.731746e-06	-1.339353e-08	-5.387532e+01	-7.943818e+02
1.800000e-07	-7.681573e-06	-1.332438e-08	-5.352571e+01	-7.926729e+02
1.900000e-07	-7.628226e-06	-1.331949e-08	-5.315399e+01	-7.908625e+02
2.000000e-07	-7.572063e-06	-1.332908e-08	-5.276264e+01	-7.889696e+02
2.100000e-07	-7.513207e-06	-1.327554e-08	-5.235253e+01	-7.870119e+02
2.200000e-07	-7.451681e-06	-1.323719e-08	-5.192381e+01	-7.849982e+02
2.300000e-07	-7.387521e-06	-1.319038e-08	-5.147674e+01	-7.829241e+02
2.400000e-07	-7.320530e-06	-1.317993e-08	-5.100994e+01	-7.807734e+02
2.500000e-07	-7.250820e-06	-1.312863e-08	-5.052419e+01	-7.785233e+02
2.600000e-07	-7.178423e-06	-1.305713e-08	-5.001973e+01	-7.761532e+02
2.700000e-07	-7.103208e-06	-1.303387e-08	-4.949563e+01	-7.736516e+02
2.800000e-07	-7.025201e-06	-1.302024e-08	-4.895207e+01	-7.710204e+02
2.900000e-07	-6.944427e-06	-1.297312e-08	-4.838923e+01	-7.682732e+02
3.000000e-07	-6.861204e-06	-1.288582e-08	-4.780933e+01	-7.654288e+02
3.100000e-07	-6.775816e-06	-1.284690e-08	-4.721433e+01	-7.625032e+02
3.200000e-07	-6.688087e-06	-1.281607e-08	-4.660303e+01	-7.595021e+02
3.300000e-07	-6.597874e-06	-1.275916e-08	-4.597443e+01	-7.564181e+02
3.400000e-07	-6.505301e-06	-1.269229e-08	-4.532937e+01	-7.532339e+02
3.500000e-07	-6.410409e-06	-1.263327e-08	-4.466815e+01	-7.499291e+02
3.600000e-07	-6.313143e-06	-1.259445e-08	-4.399040e+01	-7.464889e+02
3.700000e-07	-6.213574e-06	-1.253248e-08	-4.329659e+01	-7.429110e+02
3.800000e-07	-6.111817e-06	-1.245240e-08	-4.258755e+01	-7.392057e+02
3.900000e-07	-6.007867e-06	-1.237976e-08	-4.186322e+01	-7.353917e+02
4.000000e-07	-5.901691e-06	-1.233425e-08	-4.112338e+01	-7.314867e+02
4.100000e-07	-5.793405e-06	-1.228114e-08	-4.036883e+01	-7.274979e+02
4.200000e-07	-5.683136e-06	-1.219949e-08	-3.960047e+01	-7.234168e+02
4.300000e-07	-5.570824e-06	-1.211811e-08	-3.881787e+01	-7.192192e+02
4.400000e-07	-5.456278e-06	-1.205179e-08	-3.801971e+01	-7.148736e+02
4.500000e-07	-5.339512e-06	-1.198402e-08	-3.720607e+01	-7.103520e+02
4.600000e-07	-5.220694e-06	-1.189205e-08	-3.637814e+01	-7.056408e+02
4.700000e-07	-5.099972e-06	-1.180015e-08	-3.553694e+01	-7.007470e+02
4.800000e-07	-4.977437e-06	-1.172841e-08	-3.468311e+01	-6.956959e+02
4.900000e-07	-4.853147e-06	-1.165683e-08	-3.381705e+01	-6.905211e+02
5.000000e-07	-4.727145e-06	-1.155959e-08	-3.293906e+01	-6.852515e+02
5.100000e-07	-4.599446e-06	-1.145398e-08	-3.204925e+01	-6.798984e+02
5.200000e-07	-4.470117e-06	-1.136301e-08	-3.114807e+01	-6.744494e+02
5.300000e-07	-4.339161e-06	-1.127881e-08	-3.023556e+01	-6.688710e+02
5.400000e-07	-4.206558e-06	-1.117889e-08	-2.931157e+01	-6.631191e+02
5.500000e-07	-4.072453e-06	-1.107041e-08	-2.837712e+01	-6.571544e+02
5.600000e-07	-3.936869e-06	-1.097347e-08	-2.743236e+01	-6.509555e+02
5.700000e-07	-3.799778e-06	-1.087810e-08	-2.647710e+01	-6.445252e+02
5.800000e-07	-3.661225e-06	-1.076211e-08	-2.551166e+01	-6.378872e+02
5.900000e-07	-3.521214e-06	-1.063094e-08	-2.453605e+01	-6.310748e+02
6.000000e-07	-3.379771e-06	-1.051471e-08	-2.355047e+01	-6.241147e+02
6.100000e-07	-3.236960e-06	-1.040871e-08	-2.255535e+01	-6.170144e+02
6.200000e-07	-3.092925e-06	-1.028829e-08	-2.155171e+01	-6.097559e+02
6.300000e-07	-2.947790e-06	-1.015118e-08	-2.054040e+01	-6.022998e+02
6.400000e-07	-2.801635e-06	-1.001911e-08	-1.952198e+01	-5.945986e+02
6.500000e-07	-2.654520e-06	-9.892876e-09	-1.849687e+01	-5.866120e+02
6.600000e-07	-2.506524e-06	-9.751689e-09	-1.746563e+01	-5.783205e+02
6.700000e-07	-2.357738e-06	-9.594960e-09	-1.642888e+01	-5.697296e+02
6.800000e-07	-2.208172e-06	-9.444378e-09	-1.538669e+01	-5.608643e+02
6.900000e-07	-2.057808e-06	-9.303385e-09	-1.433894e+01	-5.517550e+02
7.000000e-07	-1.906684e-06	-9.150285e-09	-1.328590e+01	-5.424210e+02
7.100000e-07	-1.754845e-06	-8.981945e-09	-1.222787e+01	-5.328581e+02
7.200000e-07	-1.602365e-06	-8.813052e-09	-1.116538e+01	-5.230346e+02
7.300000e-07	-1.449347e-06	-8.649812e-09	-1.009915e+01	-5.128991e+02
7.400000e-07	-1.295795e-06	-8.474982e-09	-9.029184e+00	-5.023948e+02
7.500000e-07	-1.141737e-06	-8.282450e-09	-7.955699e+00	-4.914771e+02
7.600000e-07	-9.872548e-07	-8.086465e-09	-6.879257e+00	-4.801234e+02
7.700000e-07	-8.323980e-07	-7.894534e-09	-5.800205e+00	-4.683349e+02
7.800000e-07	-6.772218e-07	-7.693687e-09	-4.718927e+00	-4.561248e+02
7.900000e-07	-5.218166e-07	-7.476022e-09	-3.636053e+00	-4.434997e+02
8.000000e-07	-3.662615e-07	-7.254784e-09	-2.552135e+00	-4.304404e+02
8.100000e-07	-2.105831e-07	-7.032823e-09	-1.467357e+00	-4.168899e+02
8.200000e-07	-5.483698e-08	-6.797969e-09	-3.821077e-01	-4.027533e+02
8.300000e-07	1.009081e-07	-6.542175e-09	7.031344e-01	-3.879124e+02
8.400000e-07	2.565999e-07	-6.273026e-09	1.788005e+00	-3.722486e+02
8.500000e-07	4.122084e-07	-5.995068e-09	2.872296e+00	-3.556678e+02
8.600000e-07	5.676750e-07	-5.699862e-09	3.955597e+00	-3.381164e+02
8.700000e-07	7.229414e-07	-5.380644e-09	5.037504e+00	-3.195839e+02
8.800000e-07	8.779770e-07	-5.045149e-09	6.117802e+00	-3.000894e+02
8.900000e-07	1.032670e-06	-4.705050e-09	7.195713e+00	-2.796546e+02
9.000000e-07	1.186916e-06	-4.352577e-09	8.270508e+00	-2.582742e+02
9.100000e-07	1.340767e-06	-3.975520e-09	9.342553e+00	-2.358912e+02
9.200000e-07	1.494207e-06	-3.575471e-09	1.041173e+01	-2.123866e+02
9.300000e-07	1.647123e-06	-3.157912e-09	1.147726e+01	-1.875875e+02
9.400000e-07	1.799372e-06	-2.712801e-09	1.253814e+01	-1.612924e+02
9.500000e-07	1.950890e-06	-2.232046e-09	1.359393e+01	-1.333068e+02
9.600000e-07	2.101710e-06	-1.722291e-09	1.464486e+01	-1.034824e+02
9.700000e-07	2.251724e-06	-1.188977e-09	1.569016e+01	-7.174991e+01
9.800000e-07	2.400877e-06	-6.269397e-10	1.672947e+01	-3.814017e+01
9.900000e-07	2.549216e-06	-2.928324e-11	1.776310e+01	-2.791223e+00
1.000000e-06	2.696655e-06	5.976404e-10	1.879047e+01	3.405743e+01
1.010000e-06	2.843135e-06	1.241389e-09	1.981115e+01	7.208012e+01
1.020000e-06	2.988647e-06	1.896079e-09	2.082509e+01	1.108860e+02
1.030000e-06	3.133121e-06	2.561217e-09	2.183180e+01	1.500423e+02
1.040000e-06	3.276499e-06	3.224321e-09	2.283086e+01	1.890992e+02
1.050000e-06	3.418639e-06	3.870788e-09	2.382130e+01	2.276142e+02
1.060000e-06	3.559372e-06	4.497440e-09	2.480194e+01	2.651769e+02
1.070000e-06	3.698705e-06	5.108000e-09	2.577282e+01	3.014321e+02
1.080000e-06	3.836716e-06	5.696595e-09	2.673449e+01	3.360992e+02
1.090000e-06	3.973346e-06	6.251066e-09	2.768654e+01	3.689846e+02
1.100000e-06	4.108481e-06	6.769956e-09	2.862816e+01	3.999843e+02
1.110000e-06	4.242085e-06	7.260678e-09	2.955913e+01	4.290758e+02
1.120000e-06	4.374124e-06	7.722730e-09	3.047918e+01	4.563001e+02
1.130000e-06	4.504614e-06	8.148984e-09	3.138845e+01	4.817384e+02
1.140000e-06	4.633570e-06	8.543424e-09	3.228703e+01	5.054887e+02
1.150000e-06	4.760862e-06	8.915682e-09	3.317401e+01	5.276465e+02
1.160000e-06	4.886430e-06	9.265839e-09	3.404896e+01	5.482956e+02
1.170000e-06	5.010269e-06	9.586275e-09	3.491189e+01	5.675070e+02
1.180000e-06	5.132391e-06	9.880021e-09	3.576284e+01	5.853456e+02
1.190000e-06	5.252707e-06	1.015766e-08	3.660121e+01	6.018797e+02
1.200000e-06	5.371035e-06	1.041941e-08	3.742573e+01	6.171887e+02
1.210000e-06	5.487290e-06	1.065761e-08	3.823580e+01	6.313657e+02
1.220000e-06	5.601463e-06	1.087433e-08	3.903137e+01	6.445131e+02
1.230000e-06	5.713514e-06	1.107824e-08	3.981214e+01	6.567344e+02
1.240000e-06	5.823491e-06	1.127297e-08	4.057847e+01	6.681234e+02
1.250000e-06	5.931465e-06	1.145193e-08	4.133084e+01	6.787566e+02
1.260000e-06	6.037342e-06	1.161495e-08	4.206860e+01	6.886898e+02
1.270000e-06	6.141009e-06	1.176951e-08	4.279096e+01	6.979608e+02
1.280000e-06	6.242444e-06	1.191758e-08	4.349777e+01	7.065963e+02
1.290000e-06	6.341638e-06	1.205383e-08	4.418896e+01	7.146206e+02
1.300000e-06	6.438478e-06	1.217529e-08	4.486374e+01	7.220627e+02
1.310000e-06	6.533024e-06	1.228756e-08	4.552254e+01	7.289598e+02
1.320000e-06	6.625351e-06	1.239469e-08	4.616589e+01	7.353562e+02
1.330000e-06	6.715329e-06	1.249337e-08	4.679286e+01	7.412998e+02
1.340000e-06	6.802875e-06	1.258216e-08	4.740288e+01	7.468370e+02
1.350000e-06	6.888116e-06	1.266883e-08	4.799685e+01	7.520081e+02
1.360000e-06	6.971061e-06	1.275586e-08	4.857481e+01	7.568459e+02
1.370000e-06	7.051467e-06	1.283555e-08	4.913509e+01	7.613763e+02
1.380000e-06	7.129237e-06	1.290382e-08	4.967699e+01	7.656202e+02
1.390000e-06	7.204369e-06	1.296647e-08	5.020052e+01	7.695965e+02
1.400000e-06	7.276842e-06	1.302799e-08	5.070552e+01	7.733231e+02
1.410000e-06	7.346767e-06	1.308608e-08	5.119276e+01	7.768169e+02
1.420000e-06	7.414086e-06	1.313751e-08	5.166185e+01	7.800927e+02
1.430000e-06	7.478669e-06	1.318687e-08	5.211186e+01	7.831616e+02
1.440000e-06	7.540660e-06	1.323853e-08	5.254382e+01	7.860304e+02
1.450000e-06	7.600082e-06	1.328921e-08	5.295788e+01	7.887026e+02
1.460000e-06	7.656754e-06	1.333318e-08	5.335277e+01	7.911803e+02
1.470000e-06	7.710584e-06	1.336885e-08	5.372786e+01	7.934672e+02
1.480000e-06	7.761313e-06	1.340226e-08	5.408134e+01	7.955704e+02
1.490000e-06	7.808936e-06	1.343510e-08	5.441319e+01	7.975011e+02
1.500000e-06	7.853801e-06	1.346341e-08	5.472580e+01	7.992734e+02
1.510000e-06	7.895868e-06	1.348712e-08	5.501893e+01	8.009019e+02
1.520000e-06	7.935060e-06	1.351189e-08	5.529202e+01	8.023987e+02
1.530000e-06	7.971536e-06	1.353816e-08	5.554619e+01	8.037716e+02
1.540000e-06	8.005202e-06	1.356136e-08	5.578078e+01	8.050231e+02
1.550000e-06	8.036027e-06	1.357789e-08	5.599557e+01	8.061518e+02
1.560000e-06	8.064135e-06	1.359198e-08	5.619143e+01	8.071537e+02
1.570000e-06	8.089326e-06	1.360610e-08	5.636696e+01	8.080250e+02
1.580000e-06	8.111645e-06	1.361866e-08	5.652248e+01	8.087643e+02
1.590000e-06	8.131295e-06	1.362708e-08	5.665940e+01	8.093729e+02
1.600000e-06	8.148039e-06	1.363109e-08	5.677608e+01	8.098561e+02
1.610000e-06	8.161699e-06	1.363794e-08	5.687126e+01	8.102218e+02
1.620000e-06	8.172207e-06	1.364440e-08	5.694448e+01	8.104803e+02
1.630000e-06	8.179633e-06	1.364689e-08	5.699622e+01	8.106432e+02
1.640000e-06	8.184307e-06	1.364474e-08	5.702879e+01	8.107223e+02
1.650000e-06	8.186130e-06	1.364396e-08	5.704150e+01	8.107278e+02
1.660000e-06	8.185090e-06	1.364576e-08	5.703425e+01	8.106664e+02
1.670000e-06	8.181398e-06	1.364401e-08	5.700852e+01	8.105402e+02
1.680000e-06	8.174942e-06	1.363826e-08	5.696354e+01	8.103443e+02
1.690000e-06	8.165759e-06	1.363144e-08	5.689955e+01	8.100682e+02
1.700000e-06	8.153789e-06	1.362535e-08	5.681614e+01	8.096973e+02
1.710000e-06	8.138935e-06	1.361400e-08	5.671264e+01	8.092167e+02
1.720000e-06	8.121530e-06	1.359397e-08	5.659136e+01	8.086157e+02
1.730000e-06	8.101827e-06	1.358704e-08	5.645407e+01	8.078917e+02
1.740000e-06	8.079319e-06	1.361711e-08	5.629723e+01	8.070517e+02
1.750000e-06	8.053219e-06	1.361167e-08	5.611536e+01	8.061104e+02
1.760000e-06	8.023321e-06	1.356442e-08	5.590703e+01	8.050862e+02
1.770000e-06	7.990271e-06	1.351881e-08	5.567674e+01	8.039944e+02
1.780000e-06	7.954815e-06	1.349381e-08	5.542968e+01	8.028427e+02
1.790000e-06	7.916965e-06	1.345775e-08	5.516594e+01	8.016273e+02
1.800000e-06	7.877001e-06	1.346291e-08	5.488747e+01	8.003352e+02
1.810000e-06	7.834889e-06	1.344005e-08	5.459403e+01	7.989483e+02
1.820000e-06	7.789959e-06	1.339584e-08	5.428095e+01	7.974509e+02
1.830000e-06	7.742268e-06	1.342870e-08	5.394864e+01	7.958358e+02
1.840000e-06	7.691561e-06	1.336009e-08	5.359531e+01	7.941075e+02
1.850000e-06	7.637701e-06	1.332598e-08	5.322001e+01	7.922807e+02
1.860000e-06	7.581117e-06	1.328011e-08	5.282572e+01	7.903750e+02
1.870000e-06	7.521790e-06	1.323672e-08	5.241233e+01	7.884069e+02
1.880000e-06	7.459795e-06	1.325507e-08	5.198035e+01	7.863829e+02
1.890000e-06	7.395012e-06	1.318101e-08	5.152893e+01	7.842965e+02
1.900000e-06	7.327508e-06	1.316495e-08	5.105856e+01	7.821296e+02
1.910000e-06	7.257239e-06	1.313124e-08	5.056892e+01	7.798593e+02
1.920000e-06	7.184092e-06	1.307364e-08	5.005923e+01	7.774661e+02
1.930000e-06	7.108304e-06	1.302180e-08	4.953114e+01	7.749407e+02
1.940000e-06	7.029754e-06	1.296309e-08	4.898380e+01	7.722874e+02
1.950000e-06	6.948639e-06	1.295910e-08	4.841858e+01	7.695212e+02
1.960000e-06	6.865071e-06	1.289960e-08	4.783627e+01	7.666613e+02
1.970000e-06	6.778904e-06	1.285935e-08	4.723585e+01	7.637220e+02
1.980000e-06	6.690299e-06	1.280130e-08	4.661845e+01	7.607068e+02
1.990000e-06	6.599385e-06	1.273499e-08	4.598495e+01	7.576064e+02
2.000000e-06	6.506220e-06	1.268897e-08	4.533577e+01	7.544019e+02
2.010000e-06	6.410676e-06	1.261714e-08	4.467001e+01	7.510735e+02
2.020000e-06	6.312843e-06	1.257540e-08	4.398831e+01	7.476085e+02
2.030000e-06	6.212808e-06	1.251539e-08	4.329126e+01	7.440065e+02
2.040000e-06	6.110488e-06	1.246864e-08	4.257828e+01	7.402802e+02
2.050000e-06	6.005942e-06	1.239218e-08	4.184980e+01	7.364487e+02
2.060000e-06	5.899303e-06	1.231499e-08	4.110673e+01	7.325285e+02
2.070000e-06	5.790622e-06	1.224676e-08	4.034944e+01	7.285243e+02
2.080000e-06	5.679792e-06	1.217750e-08	3.957717e+01	7.244243e+02
2.090000e-06	5.566859e-06	1.210939e-08	3.879024e+01	7.202026e+02
2.100000e-06	5.451759e-06	1.203004e-08	3.798822e+01	7.158272e+02
2.110000e-06	5.334561e-06	1.196490e-08	3.717158e+01	7.112719e+02
2.120000e-06	5.215319e-06	1.188565e-08	3.634069e+01	7.065269e+02
2.130000e-06	5.094122e-06	1.179796e-08	3.549618e+01	7.016027e+02
2.140000e-06	4.971101e-06	1.170047e-08	3.463896e+01	6.965268e+02
2.150000e-06	4.846259e-06	1.162109e-08	3.376906e+01	6.913332e+02
2.160000e-06	4.719653e-06	1.154081e-08	3.288685e+01	6.860484e+02
2.170000e-06	4.591330e-06	1.145255e-08	3.199269e+01	6.806797e+02
2.180000e-06	4.461424e-06	1.135237e-08	3.108750e+01	6.752103e+02
2.190000e-06	4.329923e-06	1.125806e-08	3.017119e+01	6.696041e+02
2.200000e-06	4.196881e-06	1.116433e-08	2.924415e+01	6.638166e+02
2.210000e-06	4.062375e-06	1.105926e-08	2.830690e+01	6.578109e+02
2.220000e-06	3.926368e-06	1.094939e-08	2.735919e+01	6.515696e+02
2.230000e-06	3.788848e-06	1.084248e-08	2.640094e+01	6.450999e+02
2.240000e-06	3.649903e-06	1.074257e-08	2.543277e+01	6.384281e+02
2.250000e-06	3.509634e-06	1.062686e-08	2.445536e+01	6.315876e+02
2.260000e-06	3.368090e-06	1.050247e-08	2.346907e+01	6.246026e+02
2.270000e-06	3.225280e-06	1.037566e-08	2.247396e+01	6.174759e+02
2.280000e-06	3.081270e-06	1.025657e-08	2.147050e+01	6.101853e+02
2.290000e-06	2.936130e-06	1.013189e-08	2.045915e+01	6.026888e+02
2.300000e-06	2.789940e-06	1.000127e-08	1.944049e+01	5.949390e+02
2.310000e-06	2.642837e-06	9.869800e-09	1.841546e+01	5.868986e+02
2.320000e-06	2.494781e-06	9.737154e-09	1.738380e+01	5.785524e+02
2.330000e-06	2.345771e-06	9.593003e-09	1.634549e+01	5.699101e+02
2.340000e-06	2.195919e-06	9.434112e-09	1.530131e+01	5.609989e+02
2.350000e-06	2.045336e-06	9.273833e-09	1.425204e+01	5.518485e+02
2.360000e-06	1.894097e-06	9.118493e-09	1.319819e+01	5.424747e+02
2.370000e-06	1.742267e-06	8.959523e-09	1.214023e+01	5.328682e+02
2.380000e-06	1.589802e-06	8.792720e-09	1.107784e+01	5.229930e+02
2.390000e-06	1.436671e-06	8.622772e-09	1.001082e+01	5.127955e+02
2.400000e-06	1.282982e-06	8.449751e-09	8.939903e+00	5.022200e+02
2.410000e-06	1.128835e-06	8.267244e-09	7.865800e+00	4.912251e+02
2.420000e-06	9.742786e-07	8.068478e-09	6.788838e+00	4.797931e+02
2.430000e-06	8.194659e-07	7.864563e-09	5.710093e+00	4.679281e+02
2.440000e-06	6.644361e-07	7.660249e-09	4.629835e+00	4.556438e+02
2.450000e-06	5.091688e-07	7.450975e-09	3.547922e+00	4.429434e+02
2.460000e-06	3.537400e-07	7.227889e-09	2.464884e+00	4.298017e+02
2.470000e-06	1.981372e-07	6.995629e-09	1.380633e+00	4.161542e+02
2.480000e-06	4.244745e-08	6.758646e-09	2.957766e-01	4.019007e+02
2.490000e-06	-1.132422e-07	6.509301e-09	-7.890792e-01	3.869210e+02
2.500000e-06	-2.689060e-07	6.241586e-09	-1.873755e+00	3.710993e+02
2.510000e-06	-4.244275e-07	5.957509e-09	-2.957439e+00	3.543476e+02
2.520000e-06	-5.797093e-07	5.662295e-09	-4.039453e+00	3.366205e+02
2.530000e-06	-7.347629e-07	5.351761e-09	-5.119877e+00	3.179143e+02
2.540000e-06	-8.895939e-07	5.018874e-09	-6.198749e+00	2.982505e+02
2.550000e-06	-1.044129e-06	4.669527e-09	-7.275560e+00	2.776483e+02
2.560000e-06	-1.198333e-06	4.310438e-09	-8.350064e+00	2.560947e+02
2.570000e-06	-1.352083e-06	3.934198e-09	-9.421407e+00	2.335218e+02
2.580000e-06	-1.505240e-06	3.533594e-09	-1.048861e+01	2.097998e+02
2.590000e-06	-1.657802e-06	3.107845e-09	-1.155168e+01	1.847485e+02
2.600000e-06	-1.809754e-06	2.662152e-09	-1.261048e+01	1.581648e+02
2.610000e-06	-1.961061e-06	2.192261e-09	-1.366480e+01	1.298597e+02
2.620000e-06	-2.111667e-06	1.687726e-09	-1.471423e+01	9.969684e+01
2.630000e-06	-2.261502e-06	1.147645e-09	-1.575830e+01	6.762368e+01
2.640000e-06	-2.410566e-06	5.806020e-10	-1.679699e+01	3.369005e+01
2.650000e-06	-2.558776e-06	-1.168292e-11	-1.782972e+01	-1.947128e+00
2.660000e-06	-2.706081e-06	-6.324034e-10	-1.885615e+01	-3.903162e+01
2.670000e-06	-2.852481e-06	-1.275856e-09	-1.987628e+01	-7.722448e+01
2.680000e-06	-2.997814e-06	-1.930249e-09	-2.088897e+01	-1.161256e+02
2.690000e-06	-3.142022e-06	-2.585986e-09	-2.189382e+01	-1.552974e+02
2.700000e-06	-3.285029e-06	-3.239789e-09	-2.289030e+01	-1.942896e+02
2.710000e-06	-3.426792e-06	-3.886286e-09	-2.387811e+01	-2.326635e+02
2.720000e-06	-3.567274e-06	-4.513537e-09	-2.485700e+01	-2.700169e+02
2.730000e-06	-3.706381e-06	-5.114453e-09	-2.582631e+01	-3.060068e+02
2.740000e-06	-3.844105e-06	-5.692142e-09	-2.678598e+01	-3.403674e+02
2.750000e-06	-3.980395e-06	-6.244745e-09	-2.773566e+01	-3.729214e+02
2.760000e-06	-4.115264e-06	-6.765269e-09	-2.867543e+01	-4.035800e+02
2.770000e-06	-4.248670e-06	-7.250588e-09	-2.960502e+01	-4.323337e+02
2.780000e-06	-4.380501e-06	-7.703017e-09	-3.052362e+01	-4.592325e+02
2.790000e-06	-4.510778e-06	-8.126735e-09	-3.143140e+01	-4.843622e+02
2.800000e-06	-4.639478e-06	-8.521982e-09	-3.232819e+01	-5.078215e+02
2.810000e-06	-4.766513e-06	-8.888969e-09	-3.321338e+01	-5.297043e+02
2.820000e-06	-4.891918e-06	-9.231647e-09	-3.408721e+01	-5.500919e+02
2.830000e-06	-5.015613e-06	-9.555835e-09	-3.494913e+01	-5.690535e+02
2.840000e-06	-5.137479e-06	-9.859559e-09	-3.579829e+01	-5.866541e+02
2.850000e-06	-5.257485e-06	-1.013683e-08	-3.663451e+01	-6.029633e+02
2.860000e-06	-5.375509e-06	-1.039085e-08	-3.745690e+01	-6.180632e+02
2.870000e-06	-5.491341e-06	-1.062583e-08	-3.826403e+01	-6.320487e+02
2.880000e-06	-5.604916e-06	-1.084239e-08	-3.905543e+01	-6.450234e+02
2.890000e-06	-5.716336e-06	-1.104262e-08	-3.983181e+01	-6.570898e+02
2.900000e-06	-5.825677e-06	-1.123086e-08	-4.059370e+01	-6.683389e+02
2.910000e-06	-5.933024e-06	-1.140948e-08	-4.134171e+01	-6.788438e+02
2.920000e-06	-6.038325e-06	-1.157790e-08	-4.207545e+01	-6.886565e+02
2.930000e-06	-6.141412e-06	-1.173366e-08	-4.279377e+01	-6.978123e+02
2.940000e-06	-6.242226e-06	-1.187844e-08	-4.349624e+01	-7.063370e+02
2.950000e-06	-6.340821e-06	-1.201455e-08	-4.418326e+01	-7.142551e+02
2.960000e-06	-6.437235e-06	-1.214135e-08	-4.485508e+01	-7.215971e+02
2.970000e-06	-6.531411e-06	-1.225543e-08	-4.551130e+01	-7.284014e+02
2.980000e-06	-6.623316e-06	-1.235829e-08	-4.615170e+01	-7.347136e+02
2.990000e-06	-6.712911e-06	-1.245664e-08	-4.677601e+01	-7.405815e+02
3.000000e-06	-6.800133e-06	-1.255148e-08	-4.738378e+01	-7.460507e+02
3.010000e-06	-6.884866e-06	-1.263986e-08	-4.797420e+01	-7.511602e+02
3.020000e-06	-6.967195e-06	-1.271935e-08	-4.854788e+01	-7.559416e+02
3.030000e-06	-7.047105e-06	-1.279418e-08	-4.910469e+01	-7.604195e+02
3.040000e-06	-7.124304e-06	-1.286723e-08	-4.964262e+01	-7.646144e+02
3.050000e-06	-7.198754e-06	-1.293548e-08	-5.016140e+01	-7.685449e+02
3.060000e-06	-7.270560e-06	-1.299648e-08	-5.066175e+01	-7.722289e+02
3.070000e-06	-7.339725e-06	-1.305138e-08	-5.114369e+01	-7.756829e+02
3.080000e-06	-7.406291e-06	-1.310449e-08	-5.160753e+01	-7.789212e+02
3.090000e-06	-7.470294e-06	-1.315647e-08	-5.205351e+01	-7.819541e+02
3.100000e-06	-7.531579e-06	-1.320444e-08	-5.248054e+01	-7.847878e+02
3.110000e-06	-7.590130e-06	-1.324877e-08	-5.288853e+01	-7.874252e+02
3.120000e-06	-7.645949e-06	-1.329034e-08	-5.327748e+01	-7.898686e+02
3.130000e-06	-7.698877e-06	-1.333099e-08	-5.364628e+01	-7.921222e+02
3.140000e-06	-7.748716e-06	-1.336672e-08	-5.399357e+01	-7.941938e+02
3.150000e-06	-7.795470e-06	-1.339437e-08	-5.431935e+01	-7.960953e+02
3.160000e-06	-7.839617e-06	-1.341982e-08	-5.462697e+01	-7.978410e+02
3.170000e-06	-7.881325e-06	-1.344799e-08	-5.491760e+01	-7.994453e+02
3.180000e-06	-7.920272e-06	-1.347717e-08	-5.518898e+01	-8.009197e+02
3.190000e-06	-7.956408e-06	-1.350383e-08	-5.544078e+01	-8.022710e+02
3.200000e-06	-7.989842e-06	-1.352567e-08	-5.567375e+01	-8.035009e+02
3.210000e-06	-8.020383e-06	-1.354562e-08	-5.588656e+01	-8.046074e+02
3.220000e-06	-8.047991e-06	-1.356310e-08	-5.607893e+01	-8.055863e+02
3.230000e-06	-8.072833e-06	-1.357460e-08	-5.625204e+01	-8.064343e+02
3.240000e-06	-8.094760e-06	-1.358449e-08	-5.640482e+01	-8.071501e+02
3.250000e-06	-8.113812e-06	-1.359676e-08	-5.653758e+01	-8.077360e+02
3.260000e-06	-8.130049e-06	-1.360930e-08	-5.665072e+01	-8.081977e+02
3.270000e-06	-8.143136e-06	-1.361803e-08	-5.674191e+01	-8.085435e+02
3.280000e-06	-8.153138e-06	-1.362252e-08	-5.681160e+01	-8.087842e+02
3.290000e-06	-8.160252e-06	-1.362525e-08	-5.686118e+01	-8.089315e+02
3.300000e-06	-8.164459e-06	-1.362828e-08	-5.689049e+01	-8.089969e+02
3.310000e-06	-8.165886e-06	-1.362972e-08	-5.690044e+01	-8.089902e+02
