# Temperatura_=_42.42
# Concentracion g/m^3_=_11780.0
# C_Vs_to_Am_M_A/Vsm_=_59384043850.047264
# pendiente_HvsI_1/m_=_3716.3
# ordenada_HvsI_A/m_=_1297.0
# frecuencia_Hz_=_301537.02301631507

Tiempo_(s)	Campo_(V.s)	Magnetizacion_(V.s)	Campo_(kA/m)	Magnetizacion_(A/m)
0.000000e+00	-8.142422e-06	-1.347345e-08	-5.689373e+01	-8.001753e+02
1.000000e-08	-8.138846e-06	-1.347115e-08	-5.686874e+01	-8.000278e+02
2.000000e-08	-8.132662e-06	-1.346869e-08	-5.682553e+01	-7.997946e+02
3.000000e-08	-8.123772e-06	-1.346308e-08	-5.676341e+01	-7.994773e+02
4.000000e-08	-8.111955e-06	-1.345878e-08	-5.668084e+01	-7.990753e+02
5.000000e-08	-8.097194e-06	-1.345422e-08	-5.657770e+01	-7.985847e+02
6.000000e-08	-8.079607e-06	-1.345095e-08	-5.645482e+01	-7.979977e+02
7.000000e-08	-8.059599e-06	-1.345110e-08	-5.631501e+01	-7.973055e+02
8.000000e-08	-8.037024e-06	-1.339210e-08	-5.615728e+01	-7.965015e+02
9.000000e-08	-8.011235e-06	-1.333590e-08	-5.597708e+01	-7.955851e+02
1.000000e-07	-7.982138e-06	-1.334894e-08	-5.577377e+01	-7.945628e+02
1.100000e-07	-7.950059e-06	-1.337103e-08	-5.554962e+01	-7.934470e+02
1.200000e-07	-7.915171e-06	-1.336129e-08	-5.530585e+01	-7.922520e+02
1.300000e-07	-7.877767e-06	-1.332725e-08	-5.504449e+01	-7.909881e+02
1.400000e-07	-7.838201e-06	-1.334640e-08	-5.476804e+01	-7.896581e+02
1.500000e-07	-7.796274e-06	-1.329499e-08	-5.447507e+01	-7.882555e+02
1.600000e-07	-7.751526e-06	-1.326243e-08	-5.416241e+01	-7.867677e+02
1.700000e-07	-7.704050e-06	-1.323704e-08	-5.383068e+01	-7.851813e+02
1.800000e-07	-7.653594e-06	-1.312746e-08	-5.347812e+01	-7.834889e+02
1.900000e-07	-7.599929e-06	-1.317274e-08	-5.310315e+01	-7.816928e+02
2.000000e-07	-7.543519e-06	-1.317121e-08	-5.270900e+01	-7.798056e+02
2.100000e-07	-7.484415e-06	-1.311216e-08	-5.229602e+01	-7.778456e+02
2.200000e-07	-7.422689e-06	-1.307957e-08	-5.186472e+01	-7.758297e+02
2.300000e-07	-7.358322e-06	-1.302962e-08	-5.141496e+01	-7.737657e+02
2.400000e-07	-7.291108e-06	-1.303817e-08	-5.094532e+01	-7.716477e+02
2.500000e-07	-7.221223e-06	-1.295808e-08	-5.045701e+01	-7.694576e+02
2.600000e-07	-7.148667e-06	-1.288796e-08	-4.995004e+01	-7.671698e+02
2.700000e-07	-7.073297e-06	-1.287793e-08	-4.942340e+01	-7.647612e+02
2.800000e-07	-6.995086e-06	-1.287693e-08	-4.887692e+01	-7.622187e+02
2.900000e-07	-6.914128e-06	-1.281665e-08	-4.831124e+01	-7.595439e+02
3.000000e-07	-6.830815e-06	-1.271289e-08	-4.772911e+01	-7.567519e+02
3.100000e-07	-6.745347e-06	-1.270761e-08	-4.713191e+01	-7.538644e+02
3.200000e-07	-6.657551e-06	-1.266802e-08	-4.651845e+01	-7.509005e+02
3.300000e-07	-6.567322e-06	-1.260070e-08	-4.588799e+01	-7.478683e+02
3.400000e-07	-6.474771e-06	-1.253196e-08	-4.524131e+01	-7.447614e+02
3.500000e-07	-6.379962e-06	-1.248017e-08	-4.457885e+01	-7.415612e+02
3.600000e-07	-6.282729e-06	-1.245140e-08	-4.389945e+01	-7.382449e+02
3.700000e-07	-6.183124e-06	-1.238414e-08	-4.320348e+01	-7.347943e+02
3.800000e-07	-6.081358e-06	-1.230765e-08	-4.249241e+01	-7.312044e+02
3.900000e-07	-5.977450e-06	-1.223746e-08	-4.176637e+01	-7.274842e+02
4.000000e-07	-5.871295e-06	-1.220826e-08	-4.102463e+01	-7.236533e+02
4.100000e-07	-5.763004e-06	-1.214518e-08	-4.026796e+01	-7.197324e+02
4.200000e-07	-5.652750e-06	-1.205152e-08	-3.949759e+01	-7.157332e+02
4.300000e-07	-5.540526e-06	-1.197301e-08	-3.871344e+01	-7.116517e+02
4.400000e-07	-5.426100e-06	-1.191958e-08	-3.791391e+01	-7.074678e+02
4.500000e-07	-5.309355e-06	-1.185581e-08	-3.709817e+01	-7.031512e+02
4.600000e-07	-5.190596e-06	-1.176047e-08	-3.626836e+01	-6.986726e+02
4.700000e-07	-5.070054e-06	-1.168244e-08	-3.542610e+01	-6.940137e+02
4.800000e-07	-4.947657e-06	-1.162155e-08	-3.457087e+01	-6.891738e+02
4.900000e-07	-4.823384e-06	-1.155162e-08	-3.370254e+01	-6.841688e+02
5.000000e-07	-4.697443e-06	-1.144189e-08	-3.282255e+01	-6.790237e+02
5.100000e-07	-4.569938e-06	-1.133790e-08	-3.193163e+01	-6.737604e+02
5.200000e-07	-4.440806e-06	-1.125657e-08	-3.102934e+01	-6.683878e+02
5.300000e-07	-4.309921e-06	-1.117561e-08	-3.011480e+01	-6.628955e+02
5.400000e-07	-4.177384e-06	-1.107130e-08	-2.918873e+01	-6.572570e+02
5.500000e-07	-4.043445e-06	-1.096431e-08	-2.825285e+01	-6.514378e+02
5.600000e-07	-3.908111e-06	-1.087866e-08	-2.730723e+01	-6.454082e+02
5.700000e-07	-3.771351e-06	-1.078634e-08	-2.635164e+01	-6.391533e+02
5.800000e-07	-3.633091e-06	-1.066632e-08	-2.538558e+01	-6.326768e+02
5.900000e-07	-3.493333e-06	-1.053548e-08	-2.440905e+01	-6.259976e+02
6.000000e-07	-3.352203e-06	-1.042882e-08	-2.342292e+01	-6.191387e+02
6.100000e-07	-3.209696e-06	-1.032560e-08	-2.242718e+01	-6.121156e+02
6.200000e-07	-3.065863e-06	-1.020077e-08	-2.142217e+01	-6.049268e+02
6.300000e-07	-2.920885e-06	-1.006241e-08	-2.040916e+01	-5.975511e+02
6.400000e-07	-2.774932e-06	-9.938206e-09	-1.938934e+01	-5.899541e+02
6.500000e-07	-2.628048e-06	-9.818211e-09	-1.836302e+01	-5.820990e+02
6.600000e-07	-2.480294e-06	-9.675178e-09	-1.733061e+01	-5.739594e+02
6.700000e-07	-2.331807e-06	-9.519251e-09	-1.629309e+01	-5.655270e+02
6.800000e-07	-2.182559e-06	-9.376216e-09	-1.525024e+01	-5.568120e+02
6.900000e-07	-2.032519e-06	-9.243237e-09	-1.420187e+01	-5.478343e+02
7.000000e-07	-1.881740e-06	-9.088273e-09	-1.314833e+01	-5.386115e+02
7.100000e-07	-1.730281e-06	-8.914984e-09	-1.209003e+01	-5.291462e+02
7.200000e-07	-1.578216e-06	-8.747207e-09	-1.102751e+01	-5.194198e+02
7.300000e-07	-1.425571e-06	-8.588928e-09	-9.960923e+00	-5.093946e+02
7.400000e-07	-1.272328e-06	-8.416083e-09	-8.890167e+00	-4.990244e+02
7.500000e-07	-1.118532e-06	-8.225165e-09	-7.815544e+00	-4.882680e+02
7.600000e-07	-9.643099e-07	-8.038014e-09	-6.737944e+00	-4.770999e+02
7.700000e-07	-8.097664e-07	-7.856852e-09	-5.658099e+00	-4.655144e+02
7.800000e-07	-6.549525e-07	-7.658461e-09	-4.576364e+00	-4.535176e+02
7.900000e-07	-4.999277e-07	-7.436527e-09	-3.493156e+00	-4.411127e+02
8.000000e-07	-3.447104e-07	-7.215294e-09	-2.408602e+00	-4.282823e+02
8.100000e-07	-1.893415e-07	-7.000185e-09	-1.322990e+00	-4.149761e+02
8.200000e-07	-3.390483e-08	-6.772403e-09	-2.369040e-01	-4.011085e+02
8.300000e-07	1.215056e-07	-6.520663e-09	8.489985e-01	-3.865698e+02
8.400000e-07	2.767974e-07	-6.258785e-09	1.934072e+00	-3.712472e+02
8.500000e-07	4.320393e-07	-5.992801e-09	3.018798e+00	-3.550483e+02
8.600000e-07	5.871607e-07	-5.705889e-09	4.102681e+00	-3.379191e+02
8.700000e-07	7.420610e-07	-5.388677e-09	5.185019e+00	-3.198487e+02
8.800000e-07	8.967279e-07	-5.058044e-09	6.265727e+00	-3.008586e+02
8.900000e-07	1.051055e-06	-4.729297e-09	7.344062e+00	-2.809787e+02
9.000000e-07	1.204977e-06	-4.388763e-09	8.419564e+00	-2.602170e+02
9.100000e-07	1.358472e-06	-4.021443e-09	9.492078e+00	-2.385347e+02
9.200000e-07	1.511409e-06	-3.634249e-09	1.056070e+01	-2.158330e+02
9.300000e-07	1.663713e-06	-3.236357e-09	1.162490e+01	-1.919579e+02
9.400000e-07	1.815392e-06	-2.812839e-09	1.268473e+01	-1.667226e+02
9.500000e-07	1.966399e-06	-2.349691e-09	1.373986e+01	-1.399408e+02
9.600000e-07	2.116654e-06	-1.859173e-09	1.478975e+01	-1.114634e+02
9.700000e-07	2.266093e-06	-1.353007e-09	1.583392e+01	-8.120977e+01
9.800000e-07	2.414738e-06	-8.208628e-10	1.687255e+01	-4.918789e+01
9.900000e-07	2.562555e-06	-2.480241e-10	1.790540e+01	-1.550051e+01
1.000000e-06	2.709527e-06	3.554015e-10	1.893234e+01	1.965990e+01
1.010000e-06	2.855593e-06	9.688976e-10	1.995295e+01	5.602423e+01
1.020000e-06	3.000625e-06	1.592503e-09	2.096633e+01	9.326316e+01
1.030000e-06	3.144511e-06	2.234340e-09	2.197171e+01	1.310044e+02
1.040000e-06	3.287210e-06	2.882879e-09	2.296879e+01	1.688499e+02
1.050000e-06	3.428713e-06	3.514687e-09	2.395752e+01	2.063940e+02
1.060000e-06	3.568896e-06	4.126880e-09	2.493703e+01	2.432434e+02
1.070000e-06	3.707735e-06	4.728355e-09	2.590714e+01	2.790398e+02
1.080000e-06	3.845215e-06	5.314668e-09	2.686776e+01	3.134812e+02
1.090000e-06	3.981177e-06	5.868324e-09	2.781776e+01	3.463405e+02
1.100000e-06	4.115623e-06	6.385749e-09	2.875718e+01	3.774749e+02
1.110000e-06	4.248603e-06	6.878883e-09	2.968636e+01	4.068247e+02
1.120000e-06	4.380064e-06	7.350615e-09	3.060492e+01	4.344000e+02
1.130000e-06	4.510043e-06	7.789076e-09	3.151312e+01	4.602593e+02
1.140000e-06	4.638409e-06	8.190583e-09	3.241006e+01	4.844852e+02
1.150000e-06	4.765086e-06	8.568603e-09	3.329519e+01	5.071628e+02
1.160000e-06	4.890122e-06	8.927573e-09	3.416885e+01	5.283674e+02
1.170000e-06	5.013475e-06	9.259299e-09	3.503076e+01	5.481612e+02
1.180000e-06	5.135029e-06	9.561142e-09	3.588010e+01	5.665992e+02
1.190000e-06	5.254647e-06	9.845408e-09	3.671591e+01	5.837397e+02
1.200000e-06	5.372347e-06	1.011773e-08	3.753832e+01	5.996522e+02
1.210000e-06	5.488089e-06	1.036998e-08	3.834704e+01	6.144217e+02
1.220000e-06	5.601682e-06	1.059770e-08	3.914076e+01	6.281442e+02
1.230000e-06	5.713112e-06	1.081013e-08	3.991935e+01	6.409183e+02
1.240000e-06	5.822566e-06	1.101477e-08	4.068414e+01	6.528336e+02
1.250000e-06	5.930025e-06	1.120460e-08	4.143499e+01	6.639626e+02
1.260000e-06	6.035304e-06	1.137468e-08	4.217061e+01	6.743581e+02
1.270000e-06	6.138358e-06	1.153165e-08	4.289068e+01	6.840563e+02
1.280000e-06	6.239174e-06	1.168455e-08	4.359512e+01	6.930856e+02
1.290000e-06	6.337728e-06	1.183069e-08	4.428374e+01	7.014754e+02
1.300000e-06	6.433951e-06	1.196099e-08	4.495609e+01	7.092629e+02
1.310000e-06	6.527884e-06	1.207769e-08	4.561243e+01	7.164943e+02
1.320000e-06	6.619605e-06	1.218953e-08	4.625331e+01	7.232208e+02
1.330000e-06	6.708968e-06	1.229588e-08	4.687772e+01	7.294928e+02
1.340000e-06	6.795980e-06	1.239119e-08	4.748570e+01	7.353524e+02
1.350000e-06	6.880706e-06	1.247908e-08	4.807771e+01	7.408304e+02
1.360000e-06	6.963032e-06	1.256594e-08	4.865295e+01	7.459475e+02
1.370000e-06	7.042845e-06	1.265072e-08	4.921063e+01	7.507191e+02
1.380000e-06	7.120074e-06	1.272583e-08	4.975025e+01	7.551614e+02
1.390000e-06	7.194599e-06	1.279158e-08	5.027098e+01	7.592964e+02
1.400000e-06	7.266440e-06	1.285436e-08	5.077296e+01	7.631528e+02
1.410000e-06	7.335748e-06	1.291512e-08	5.125723e+01	7.667627e+02
1.420000e-06	7.402471e-06	1.297023e-08	5.172345e+01	7.701553e+02
1.430000e-06	7.466539e-06	1.301959e-08	5.217111e+01	7.733511e+02
1.440000e-06	7.528032e-06	1.307024e-08	5.260079e+01	7.763583e+02
1.450000e-06	7.586926e-06	1.312392e-08	5.301229e+01	7.791736e+02
1.460000e-06	7.643086e-06	1.317367e-08	5.340470e+01	7.817873e+02
1.470000e-06	7.696400e-06	1.321333e-08	5.377723e+01	7.841911e+02
1.480000e-06	7.746607e-06	1.324768e-08	5.412804e+01	7.863838e+02
1.490000e-06	7.793720e-06	1.328142e-08	5.445723e+01	7.883757e+02
1.500000e-06	7.838084e-06	1.331059e-08	5.476721e+01	7.901868e+02
1.510000e-06	7.879627e-06	1.333468e-08	5.505749e+01	7.918420e+02
1.520000e-06	7.918313e-06	1.335997e-08	5.532780e+01	7.933639e+02
1.530000e-06	7.954299e-06	1.338804e-08	5.557925e+01	7.947669e+02
1.540000e-06	7.987459e-06	1.341435e-08	5.581095e+01	7.960549e+02
1.550000e-06	8.017821e-06	1.343392e-08	5.602309e+01	7.972223e+02
1.560000e-06	8.045474e-06	1.344852e-08	5.621632e+01	7.982588e+02
1.570000e-06	8.070257e-06	1.346156e-08	5.638949e+01	7.991555e+02
1.580000e-06	8.092181e-06	1.347284e-08	5.654267e+01	7.999096e+02
1.590000e-06	8.111344e-06	1.347967e-08	5.667657e+01	8.005260e+02
1.600000e-06	8.127601e-06	1.348451e-08	5.679016e+01	8.010159e+02
1.610000e-06	8.140842e-06	1.349314e-08	5.688269e+01	8.013935e+02
1.620000e-06	8.150944e-06	1.350180e-08	5.695327e+01	8.016714e+02
1.630000e-06	8.157986e-06	1.350436e-08	5.700248e+01	8.018579e+02
1.640000e-06	8.162218e-06	1.350166e-08	5.703205e+01	8.019567e+02
1.650000e-06	8.163571e-06	1.349824e-08	5.704150e+01	8.019683e+02
1.660000e-06	8.162127e-06	1.350172e-08	5.703141e+01	8.018923e+02
1.670000e-06	8.158085e-06	1.350064e-08	5.700317e+01	8.017292e+02
1.680000e-06	8.151329e-06	1.349382e-08	5.695596e+01	8.014807e+02
1.690000e-06	8.141833e-06	1.348793e-08	5.688961e+01	8.011482e+02
1.700000e-06	8.129495e-06	1.348106e-08	5.680340e+01	8.007307e+02
1.710000e-06	8.114320e-06	1.346593e-08	5.669736e+01	8.002233e+02
1.720000e-06	8.096674e-06	1.343125e-08	5.657407e+01	7.996180e+02
1.730000e-06	8.076689e-06	1.344847e-08	5.643443e+01	7.989061e+02
1.740000e-06	8.053798e-06	1.349910e-08	5.627448e+01	7.980817e+02
1.750000e-06	8.027252e-06	1.346914e-08	5.608900e+01	7.971455e+02
1.760000e-06	7.997000e-06	1.341059e-08	5.587761e+01	7.961053e+02
1.770000e-06	7.963708e-06	1.337686e-08	5.564499e+01	7.949743e+02
1.780000e-06	7.927969e-06	1.333674e-08	5.539527e+01	7.937662e+02
1.790000e-06	7.889850e-06	1.328956e-08	5.512892e+01	7.924904e+02
1.800000e-06	7.849645e-06	1.334615e-08	5.484800e+01	7.911479e+02
1.810000e-06	7.807195e-06	1.325841e-08	5.455139e+01	7.897310e+02
1.820000e-06	7.762007e-06	1.324270e-08	5.423564e+01	7.882263e+02
1.830000e-06	7.714181e-06	1.331112e-08	5.390147e+01	7.866212e+02
1.840000e-06	7.663282e-06	1.318773e-08	5.354582e+01	7.849096e+02
1.850000e-06	7.609190e-06	1.320379e-08	5.316786e+01	7.830958e+02
1.860000e-06	7.552314e-06	1.310285e-08	5.277045e+01	7.811941e+02
1.870000e-06	7.492744e-06	1.308994e-08	5.235421e+01	7.792229e+02
1.880000e-06	7.430571e-06	1.310358e-08	5.191979e+01	7.771980e+02
1.890000e-06	7.365638e-06	1.299645e-08	5.146608e+01	7.751250e+02
1.900000e-06	7.298023e-06	1.303580e-08	5.099364e+01	7.729957e+02
1.910000e-06	7.227578e-06	1.297163e-08	5.050141e+01	7.707898e+02
1.920000e-06	7.154318e-06	1.294158e-08	4.998952e+01	7.684819e+02
1.930000e-06	7.078466e-06	1.286546e-08	4.945952e+01	7.660497e+02
1.940000e-06	6.999791e-06	1.281278e-08	4.890980e+01	7.634829e+02
1.950000e-06	6.918532e-06	1.281762e-08	4.834201e+01	7.607856e+02
1.960000e-06	6.834833e-06	1.272976e-08	4.775718e+01	7.579747e+02
1.970000e-06	6.748581e-06	1.272961e-08	4.715451e+01	7.550723e+02
1.980000e-06	6.659874e-06	1.264671e-08	4.653468e+01	7.520958e+02
1.990000e-06	6.568916e-06	1.260486e-08	4.589913e+01	7.490510e+02
2.000000e-06	6.475733e-06	1.255379e-08	4.524803e+01	7.459289e+02
2.010000e-06	6.380116e-06	1.248246e-08	4.457992e+01	7.427094e+02
2.020000e-06	6.282232e-06	1.244095e-08	4.389598e+01	7.393700e+02
2.030000e-06	6.182155e-06	1.236800e-08	4.319670e+01	7.358943e+02
2.040000e-06	6.079766e-06	1.233454e-08	4.248129e+01	7.322799e+02
2.050000e-06	5.975176e-06	1.224261e-08	4.175048e+01	7.285382e+02
2.060000e-06	5.868552e-06	1.218386e-08	4.100546e+01	7.246897e+02
2.070000e-06	5.759949e-06	1.211273e-08	4.024662e+01	7.207542e+02
2.080000e-06	5.649208e-06	1.206044e-08	3.947284e+01	7.167409e+02
2.090000e-06	5.536296e-06	1.198840e-08	3.868388e+01	7.126428e+02
2.100000e-06	5.421277e-06	1.190753e-08	3.788021e+01	7.084374e+02
2.110000e-06	5.304135e-06	1.183989e-08	3.706170e+01	7.040937e+02
2.120000e-06	5.184879e-06	1.175917e-08	3.622842e+01	6.995836e+02
2.130000e-06	5.063726e-06	1.167971e-08	3.538188e+01	6.948917e+02
2.140000e-06	4.940807e-06	1.158529e-08	3.452301e+01	6.900206e+02
2.150000e-06	4.816101e-06	1.152104e-08	3.365165e+01	6.849886e+02
2.160000e-06	4.689574e-06	1.144029e-08	3.276757e+01	6.798208e+02
2.170000e-06	4.561331e-06	1.135502e-08	3.187149e+01	6.745377e+02
2.180000e-06	4.431548e-06	1.124734e-08	3.096466e+01	6.691448e+02
2.190000e-06	4.300269e-06	1.115453e-08	3.004736e+01	6.636286e+02
2.200000e-06	4.167519e-06	1.106096e-08	2.911980e+01	6.579602e+02
2.210000e-06	4.033178e-06	1.096096e-08	2.818111e+01	6.521051e+02
2.220000e-06	3.897301e-06	1.085596e-08	2.723170e+01	6.460357e+02
2.230000e-06	3.760029e-06	1.075446e-08	2.627253e+01	6.397403e+02
2.240000e-06	3.621422e-06	1.065968e-08	2.530404e+01	6.332258e+02
2.250000e-06	3.481399e-06	1.054441e-08	2.432566e+01	6.265126e+02
2.260000e-06	3.339996e-06	1.042035e-08	2.333763e+01	6.196235e+02
2.270000e-06	3.197324e-06	1.029005e-08	2.234073e+01	6.125714e+02
2.280000e-06	3.053464e-06	1.017367e-08	2.133553e+01	6.053511e+02
2.290000e-06	2.908548e-06	1.004986e-08	2.032296e+01	5.979385e+02
2.300000e-06	2.762621e-06	9.923271e-09	1.930332e+01	5.902978e+02
2.310000e-06	2.615753e-06	9.792940e-09	1.827711e+01	5.823932e+02
2.320000e-06	2.468058e-06	9.663391e-09	1.724512e+01	5.742012e+02
2.330000e-06	2.319538e-06	9.522510e-09	1.620736e+01	5.657170e+02
2.340000e-06	2.170081e-06	9.365075e-09	1.516306e+01	5.569533e+02
2.350000e-06	2.019793e-06	9.205771e-09	1.411295e+01	5.479307e+02
2.360000e-06	1.868822e-06	9.049212e-09	1.305806e+01	5.386648e+02
2.370000e-06	1.717188e-06	8.892573e-09	1.199854e+01	5.291547e+02
2.380000e-06	1.564917e-06	8.726853e-09	1.093458e+01	5.193780e+02
2.390000e-06	1.412146e-06	8.556767e-09	9.867119e+00	5.092945e+02
2.400000e-06	1.258930e-06	8.384717e-09	8.796546e+00	4.988578e+02
2.410000e-06	1.105237e-06	8.206049e-09	7.722646e+00	4.880290e+02
2.420000e-06	9.511393e-07	8.013467e-09	6.645916e+00	4.767862e+02
2.430000e-06	7.966726e-07	7.812602e-09	5.566608e+00	4.651265e+02
2.440000e-06	6.419288e-07	7.608778e-09	4.485363e+00	4.530567e+02
2.450000e-06	4.870057e-07	7.402167e-09	3.402865e+00	4.405778e+02
2.460000e-06	3.319079e-07	7.181713e-09	2.319147e+00	4.276671e+02
2.470000e-06	1.766769e-07	6.952107e-09	1.234498e+00	4.142676e+02
2.480000e-06	2.138909e-08	6.719091e-09	1.494525e-01	4.002884e+02
2.490000e-06	-1.338519e-07	6.478383e-09	-9.352661e-01	3.856176e+02
2.500000e-06	-2.890295e-07	6.220310e-09	-2.019542e+00	3.701442e+02
2.510000e-06	-4.441264e-07	5.943910e-09	-3.103254e+00	3.537817e+02
2.520000e-06	-5.990724e-07	5.654223e-09	-4.185912e+00	3.364839e+02
2.530000e-06	-7.537881e-07	5.348033e-09	-5.266960e+00	3.182469e+02
2.540000e-06	-9.081942e-07	5.023711e-09	-6.345845e+00	2.990958e+02
2.550000e-06	-1.062200e-06	4.682083e-09	-7.421933e+00	2.790587e+02
2.560000e-06	-1.215756e-06	4.331715e-09	-8.494876e+00	2.581370e+02
2.570000e-06	-1.368874e-06	3.969859e-09	-9.564765e+00	2.362815e+02
2.580000e-06	-1.521518e-06	3.587939e-09	-1.063134e+01	2.133827e+02
2.590000e-06	-1.673590e-06	3.180907e-09	-1.169391e+01	1.892787e+02
2.600000e-06	-1.825038e-06	2.750849e-09	-1.275213e+01	1.637802e+02
2.610000e-06	-1.975893e-06	2.297454e-09	-1.380620e+01	1.367047e+02
2.620000e-06	-2.126131e-06	1.813628e-09	-1.485596e+01	1.079135e+02
2.630000e-06	-2.275601e-06	1.297020e-09	-1.590036e+01	7.734066e+01
2.640000e-06	-2.424142e-06	7.544700e-10	-1.693826e+01	4.501096e+01
2.650000e-06	-2.571697e-06	1.915061e-10	-1.796927e+01	1.104385e+01
2.660000e-06	-2.718398e-06	-3.953088e-10	-1.899432e+01	-2.435341e+01
2.670000e-06	-2.864231e-06	-1.007407e-09	-2.001330e+01	-6.089970e+01
2.680000e-06	-3.008989e-06	-1.634913e-09	-2.102478e+01	-9.825676e+01
2.690000e-06	-3.152641e-06	-2.268380e-09	-2.202852e+01	-1.360464e+02
2.700000e-06	-3.295186e-06	-2.904512e-09	-2.302453e+01	-1.738679e+02
2.710000e-06	-3.436428e-06	-3.538027e-09	-2.401143e+01	-2.113163e+02
2.720000e-06	-3.576259e-06	-4.157568e-09	-2.498848e+01	-2.480028e+02
2.730000e-06	-3.714730e-06	-4.752022e-09	-2.595601e+01	-2.835776e+02
2.740000e-06	-3.851779e-06	-5.323192e-09	-2.691362e+01	-3.177509e+02
2.750000e-06	-3.987384e-06	-5.872156e-09	-2.786113e+01	-3.503104e+02
2.760000e-06	-4.121625e-06	-6.393001e-09	-2.879912e+01	-3.811284e+02
2.770000e-06	-4.254428e-06	-6.881375e-09	-2.972706e+01	-4.101590e+02
2.780000e-06	-4.385659e-06	-7.339556e-09	-3.064401e+01	-4.374227e+02
2.790000e-06	-4.515382e-06	-7.773453e-09	-3.155043e+01	-4.629841e+02
2.800000e-06	-4.643561e-06	-8.179300e-09	-3.244606e+01	-4.869276e+02
2.810000e-06	-4.770159e-06	-8.555259e-09	-3.333064e+01	-5.093373e+02
2.820000e-06	-4.895065e-06	-8.907425e-09	-3.420340e+01	-5.302859e+02
2.830000e-06	-5.018133e-06	-9.240388e-09	-3.506331e+01	-5.498337e+02
2.840000e-06	-5.139443e-06	-9.551104e-09	-3.591094e+01	-5.680357e+02
2.850000e-06	-5.258888e-06	-9.835744e-09	-3.674554e+01	-5.849515e+02
2.860000e-06	-5.376261e-06	-1.009893e-08	-3.756567e+01	-6.006534e+02
2.870000e-06	-5.491444e-06	-1.034500e-08	-3.837049e+01	-6.152289e+02
2.880000e-06	-5.604400e-06	-1.057343e-08	-3.915975e+01	-6.287751e+02
2.890000e-06	-5.715143e-06	-1.078415e-08	-3.993354e+01	-6.413898e+02
2.900000e-06	-5.823833e-06	-1.098084e-08	-4.069300e+01	-6.531601e+02
2.910000e-06	-5.930611e-06	-1.116720e-08	-4.143909e+01	-6.641550e+02
2.920000e-06	-6.035320e-06	-1.134130e-08	-4.217072e+01	-6.744238e+02
2.930000e-06	-6.137838e-06	-1.150130e-08	-4.288705e+01	-6.840007e+02
2.940000e-06	-6.238096e-06	-1.165096e-08	-4.358758e+01	-6.929137e+02
2.950000e-06	-6.336188e-06	-1.179303e-08	-4.427299e+01	-7.011931e+02
2.960000e-06	-6.432166e-06	-1.192690e-08	-4.494361e+01	-7.088779e+02
2.970000e-06	-6.525824e-06	-1.204749e-08	-4.559803e+01	-7.160154e+02
2.980000e-06	-6.617124e-06	-1.215655e-08	-4.623598e+01	-7.226574e+02
2.990000e-06	-6.706142e-06	-1.226104e-08	-4.685797e+01	-7.288532e+02
3.000000e-06	-6.792840e-06	-1.236029e-08	-4.746376e+01	-7.346428e+02
3.010000e-06	-6.877039e-06	-1.245055e-08	-4.805209e+01	-7.400553e+02
3.020000e-06	-6.958803e-06	-1.253357e-08	-4.862340e+01	-7.451098e+02
3.030000e-06	-7.038144e-06	-1.261465e-08	-4.917778e+01	-7.498214e+02
3.040000e-06	-7.114763e-06	-1.269361e-08	-4.971314e+01	-7.542072e+02
3.050000e-06	-7.188647e-06	-1.276392e-08	-5.022939e+01	-7.582904e+02
3.060000e-06	-7.259933e-06	-1.282567e-08	-5.072749e+01	-7.621005e+02
3.070000e-06	-7.328554e-06	-1.288469e-08	-5.120697e+01	-7.656698e+02
3.080000e-06	-7.394588e-06	-1.294293e-08	-5.166837e+01	-7.690262e+02
3.090000e-06	-7.458090e-06	-1.299628e-08	-5.211207e+01	-7.721883e+02
3.100000e-06	-7.518879e-06	-1.304387e-08	-5.253683e+01	-7.751619e+02
3.110000e-06	-7.576993e-06	-1.309145e-08	-5.294289e+01	-7.779421e+02
3.120000e-06	-7.632406e-06	-1.313756e-08	-5.333008e+01	-7.805190e+02
3.130000e-06	-7.684856e-06	-1.317833e-08	-5.369656e+01	-7.828850e+02
3.140000e-06	-7.734194e-06	-1.321252e-08	-5.404130e+01	-7.850410e+02
3.150000e-06	-7.780498e-06	-1.324227e-08	-5.436485e+01	-7.869991e+02
3.160000e-06	-7.824193e-06	-1.327127e-08	-5.467016e+01	-7.887807e+02
3.170000e-06	-7.865443e-06	-1.329985e-08	-5.495838e+01	-7.904107e+02
3.180000e-06	-7.903943e-06	-1.332578e-08	-5.522740e+01	-7.919107e+02
3.190000e-06	-7.939657e-06	-1.335134e-08	-5.547694e+01	-7.932934e+02
3.200000e-06	-7.972644e-06	-1.337603e-08	-5.570743e+01	-7.945607e+02
3.210000e-06	-8.002709e-06	-1.339534e-08	-5.591751e+01	-7.957056e+02
3.220000e-06	-8.029833e-06	-1.341019e-08	-5.610703e+01	-7.967179e+02
3.230000e-06	-8.054175e-06	-1.342269e-08	-5.627711e+01	-7.975893e+02
3.240000e-06	-8.075644e-06	-1.343504e-08	-5.642713e+01	-7.983184e+02
3.250000e-06	-8.094274e-06	-1.344717e-08	-5.655730e+01	-7.989114e+02
3.260000e-06	-8.110049e-06	-1.345758e-08	-5.666753e+01	-7.993804e+02
3.270000e-06	-8.122641e-06	-1.346699e-08	-5.675551e+01	-7.997395e+02
3.280000e-06	-8.132176e-06	-1.347459e-08	-5.682213e+01	-8.000007e+02
3.290000e-06	-8.138803e-06	-1.347889e-08	-5.686844e+01	-8.001716e+02
3.300000e-06	-8.142551e-06	-1.348028e-08	-5.689462e+01	-8.002550e+02
3.310000e-06	-8.143631e-06	-1.347921e-08	-5.690217e+01	-8.002512e+02
