# Temperatura_=_45.7
# Concentracion g/m^3_=_11780.0
# C_Vs_to_Am_M_A/Vsm_=_59384043850.047264
# pendiente_HvsI_1/m_=_3716.3
# ordenada_HvsI_A/m_=_1297.0
# frecuencia_Hz_=_301534.5746010547

Tiempo_(s)	Campo_(V.s)	Magnetizacion_(V.s)	Campo_(kA/m)	Magnetizacion_(A/m)
0.000000e+00	-8.092509e-06	-1.349495e-08	-5.689822e+01	-8.009342e+02
1.000000e-08	-8.089219e-06	-1.349061e-08	-5.687508e+01	-8.008270e+02
2.000000e-08	-8.083349e-06	-1.348488e-08	-5.683381e+01	-8.006318e+02
3.000000e-08	-8.074879e-06	-1.347876e-08	-5.677425e+01	-8.003475e+02
4.000000e-08	-8.063566e-06	-1.347498e-08	-5.669472e+01	-7.999746e+02
5.000000e-08	-8.049234e-06	-1.346923e-08	-5.659395e+01	-7.995134e+02
6.000000e-08	-8.031999e-06	-1.346467e-08	-5.647277e+01	-7.989635e+02
7.000000e-08	-8.012334e-06	-1.346759e-08	-5.633450e+01	-7.983228e+02
8.000000e-08	-7.990229e-06	-1.344406e-08	-5.617909e+01	-7.975884e+02
9.000000e-08	-7.964972e-06	-1.338782e-08	-5.600150e+01	-7.967582e+02
1.000000e-07	-7.936363e-06	-1.336467e-08	-5.580035e+01	-7.958320e+02
1.100000e-07	-7.904825e-06	-1.337937e-08	-5.557861e+01	-7.948121e+02
1.200000e-07	-7.870482e-06	-1.338707e-08	-5.533715e+01	-7.937032e+02
1.300000e-07	-7.833566e-06	-1.336317e-08	-5.507760e+01	-7.925102e+02
1.400000e-07	-7.794531e-06	-1.335008e-08	-5.480314e+01	-7.912370e+02
1.500000e-07	-7.753143e-06	-1.332412e-08	-5.451214e+01	-7.898846e+02
1.600000e-07	-7.708900e-06	-1.329115e-08	-5.420107e+01	-7.884514e+02
1.700000e-07	-7.661951e-06	-1.328030e-08	-5.387097e+01	-7.869343e+02
1.800000e-07	-7.612186e-06	-1.319612e-08	-5.352107e+01	-7.853301e+02
1.900000e-07	-7.559233e-06	-1.319378e-08	-5.314876e+01	-7.836377e+02
2.000000e-07	-7.503448e-06	-1.321001e-08	-5.275654e+01	-7.818583e+02
2.100000e-07	-7.445024e-06	-1.315279e-08	-5.234576e+01	-7.799951e+02
2.200000e-07	-7.383955e-06	-1.312390e-08	-5.191639e+01	-7.780508e+02
2.300000e-07	-7.320261e-06	-1.307180e-08	-5.146856e+01	-7.760258e+02
2.400000e-07	-7.253737e-06	-1.305827e-08	-5.100083e+01	-7.739166e+02
2.500000e-07	-7.184543e-06	-1.301052e-08	-5.051433e+01	-7.717162e+02
2.600000e-07	-7.112739e-06	-1.294645e-08	-5.000948e+01	-7.694154e+02
2.700000e-07	-7.038135e-06	-1.292482e-08	-4.948494e+01	-7.670062e+02
2.800000e-07	-6.960772e-06	-1.290547e-08	-4.894100e+01	-7.644840e+02
2.900000e-07	-6.880704e-06	-1.286560e-08	-4.837804e+01	-7.618493e+02
3.000000e-07	-6.798122e-06	-1.278040e-08	-4.779741e+01	-7.591067e+02
3.100000e-07	-6.713295e-06	-1.274476e-08	-4.720100e+01	-7.562628e+02
3.200000e-07	-6.626211e-06	-1.270983e-08	-4.658871e+01	-7.533225e+02
3.300000e-07	-6.536812e-06	-1.264886e-08	-4.596015e+01	-7.502868e+02
3.400000e-07	-6.445098e-06	-1.259216e-08	-4.531531e+01	-7.471512e+02
3.500000e-07	-6.351018e-06	-1.253637e-08	-4.465384e+01	-7.439070e+02
3.600000e-07	-6.254635e-06	-1.249709e-08	-4.397617e+01	-7.405445e+02
3.700000e-07	-6.155943e-06	-1.243658e-08	-4.328227e+01	-7.370564e+02
3.800000e-07	-6.054956e-06	-1.236485e-08	-4.257224e+01	-7.334400e+02
3.900000e-07	-5.951789e-06	-1.229461e-08	-4.184687e+01	-7.296976e+02
4.000000e-07	-5.846472e-06	-1.224321e-08	-4.110639e+01	-7.258349e+02
4.100000e-07	-5.739048e-06	-1.218258e-08	-4.035110e+01	-7.218568e+02
4.200000e-07	-5.629627e-06	-1.209953e-08	-3.958176e+01	-7.177647e+02
4.300000e-07	-5.518206e-06	-1.202461e-08	-3.879836e+01	-7.135537e+02
4.400000e-07	-5.404680e-06	-1.196164e-08	-3.800016e+01	-7.092140e+02
4.500000e-07	-5.288964e-06	-1.189352e-08	-3.718656e+01	-7.047336e+02
4.600000e-07	-5.171100e-06	-1.180425e-08	-3.635787e+01	-7.001022e+02
4.700000e-07	-5.051402e-06	-1.171708e-08	-3.551627e+01	-6.953152e+02
4.800000e-07	-4.929983e-06	-1.164333e-08	-3.466258e+01	-6.903750e+02
4.900000e-07	-4.806708e-06	-1.156819e-08	-3.379584e+01	-6.852889e+02
5.000000e-07	-4.681692e-06	-1.147334e-08	-3.291685e+01	-6.800658e+02
5.100000e-07	-4.555057e-06	-1.137514e-08	-3.202648e+01	-6.747108e+02
5.200000e-07	-4.426854e-06	-1.128638e-08	-3.112509e+01	-6.692216e+02
5.300000e-07	-4.297061e-06	-1.119485e-08	-3.021252e+01	-6.635882e+02
5.400000e-07	-4.165597e-06	-1.108847e-08	-2.928820e+01	-6.577950e+02
5.500000e-07	-4.032625e-06	-1.097877e-08	-2.835328e+01	-6.518258e+02
5.600000e-07	-3.898161e-06	-1.088295e-08	-2.740787e+01	-6.456692e+02
5.700000e-07	-3.762286e-06	-1.078860e-08	-2.645253e+01	-6.393217e+02
5.800000e-07	-3.625130e-06	-1.067665e-08	-2.548819e+01	-6.327880e+02
5.900000e-07	-3.486541e-06	-1.055386e-08	-2.451378e+01	-6.260771e+02
6.000000e-07	-3.346466e-06	-1.044003e-08	-2.352891e+01	-6.191968e+02
6.100000e-07	-3.205066e-06	-1.032552e-08	-2.253473e+01	-6.121476e+02
6.200000e-07	-3.062498e-06	-1.019649e-08	-2.153234e+01	-6.049201e+02
6.300000e-07	-2.918773e-06	-1.006268e-08	-2.052182e+01	-5.974958e+02
6.400000e-07	-2.773873e-06	-9.938136e-09	-1.950303e+01	-5.898512e+02
6.500000e-07	-2.627878e-06	-9.814416e-09	-1.847654e+01	-5.819649e+02
6.600000e-07	-2.480946e-06	-9.675330e-09	-1.744346e+01	-5.738230e+02
6.700000e-07	-2.333208e-06	-9.526795e-09	-1.640472e+01	-5.654213e+02
6.800000e-07	-2.184753e-06	-9.381215e-09	-1.536094e+01	-5.567638e+02
6.900000e-07	-2.035567e-06	-9.236195e-09	-1.431201e+01	-5.478570e+02
7.000000e-07	-1.885638e-06	-9.078709e-09	-1.325787e+01	-5.387024e+02
7.100000e-07	-1.735066e-06	-8.913444e-09	-1.219920e+01	-5.292912e+02
7.200000e-07	-1.583939e-06	-8.751236e-09	-1.113663e+01	-5.196028e+02
7.300000e-07	-1.432309e-06	-8.590482e-09	-1.007053e+01	-5.096081e+02
7.400000e-07	-1.280249e-06	-8.417862e-09	-9.001394e+00	-4.992757e+02
7.500000e-07	-1.127713e-06	-8.233317e-09	-7.928923e+00	-4.885798e+02
7.600000e-07	-9.747154e-07	-8.048267e-09	-6.853197e+00	-4.775041e+02
7.700000e-07	-8.214036e-07	-7.861190e-09	-5.775267e+00	-4.660409e+02
7.800000e-07	-6.678317e-07	-7.658985e-09	-4.695507e+00	-4.541841e+02
7.900000e-07	-5.140026e-07	-7.442448e-09	-3.613938e+00	-4.419191e+02
8.000000e-07	-3.599803e-07	-7.226099e-09	-2.531011e+00	-4.292120e+02
8.100000e-07	-2.058376e-07	-7.009084e-09	-1.447239e+00	-4.160044e+02
8.200000e-07	-5.157880e-08	-6.779385e-09	-3.626491e-01	-4.022152e+02
8.300000e-07	1.027138e-07	-6.533739e-09	7.221778e-01	-3.877505e+02
8.400000e-07	2.569356e-07	-6.278908e-09	1.806507e+00	-3.725190e+02
8.500000e-07	4.110485e-07	-6.011856e-09	2.890071e+00	-3.564475e+02
8.600000e-07	5.650056e-07	-5.723183e-09	3.972539e+00	-3.394914e+02
8.700000e-07	7.187499e-07	-5.412056e-09	5.053511e+00	-3.216363e+02
8.800000e-07	8.722205e-07	-5.089881e-09	6.132559e+00	-3.028877e+02
8.900000e-07	1.025408e-06	-4.763192e-09	7.209617e+00	-2.832537e+02
9.000000e-07	1.178230e-06	-4.422360e-09	8.284102e+00	-2.627227e+02
9.100000e-07	1.330548e-06	-4.059952e-09	9.355048e+00	-2.412459e+02
9.200000e-07	1.482385e-06	-3.680961e-09	1.042261e+01	-2.187274e+02
9.300000e-07	1.633767e-06	-3.286487e-09	1.148697e+01	-1.950280e+02
9.400000e-07	1.784660e-06	-2.863443e-09	1.254790e+01	-1.699809e+02
9.500000e-07	1.934953e-06	-2.406348e-09	1.360460e+01	-1.434166e+02
9.600000e-07	2.084527e-06	-1.923364e-09	1.465625e+01	-1.151925e+02
9.700000e-07	2.233356e-06	-1.419436e-09	1.570267e+01	-8.522071e+01
9.800000e-07	2.381397e-06	-8.870127e-10	1.674354e+01	-5.348882e+01
9.900000e-07	2.528572e-06	-3.188130e-10	1.777832e+01	-2.007255e+01
1.000000e-06	2.674816e-06	2.751153e-10	1.880656e+01	1.486189e+01
1.010000e-06	2.820024e-06	8.846816e-10	1.982752e+01	5.106384e+01
1.020000e-06	2.964172e-06	1.509884e-09	2.084101e+01	8.821104e+01
1.030000e-06	3.107298e-06	2.151285e-09	2.184733e+01	1.259275e+02
1.040000e-06	3.249326e-06	2.795796e-09	2.284592e+01	1.638050e+02
1.050000e-06	3.390140e-06	3.429282e-09	2.383598e+01	2.014268e+02
1.060000e-06	3.529576e-06	4.048950e-09	2.481635e+01	2.383931e+02
1.070000e-06	3.667591e-06	4.655170e-09	2.578673e+01	2.743445e+02
1.080000e-06	3.804279e-06	5.240844e-09	2.674778e+01	3.089826e+02
1.090000e-06	3.939627e-06	5.796190e-09	2.769941e+01	3.420841e+02
1.100000e-06	4.073588e-06	6.321806e-09	2.864129e+01	3.735057e+02
1.110000e-06	4.206072e-06	6.823600e-09	2.957278e+01	4.031796e+02
1.120000e-06	4.336946e-06	7.298884e-09	3.049295e+01	4.311009e+02
1.130000e-06	4.466196e-06	7.741062e-09	3.140171e+01	4.573086e+02
1.140000e-06	4.593915e-06	8.150960e-09	3.229969e+01	4.818670e+02
1.150000e-06	4.720143e-06	8.535745e-09	3.318720e+01	5.048488e+02
1.160000e-06	4.844795e-06	8.898237e-09	3.406362e+01	5.263259e+02
1.170000e-06	4.967597e-06	9.232597e-09	3.492704e+01	5.463657e+02
1.180000e-06	5.088568e-06	9.539686e-09	3.577758e+01	5.650338e+02
1.190000e-06	5.207777e-06	9.829354e-09	3.661574e+01	5.823992e+02
1.200000e-06	5.325043e-06	1.010504e-08	3.744023e+01	5.985384e+02
1.210000e-06	5.440210e-06	1.035878e-08	3.824997e+01	6.135364e+02
1.220000e-06	5.553275e-06	1.059004e-08	3.904492e+01	6.274834e+02
1.230000e-06	5.664349e-06	1.080756e-08	3.982589e+01	6.404690e+02
1.240000e-06	5.773450e-06	1.101537e-08	4.059297e+01	6.525748e+02
1.250000e-06	5.880463e-06	1.120837e-08	4.134538e+01	6.638701e+02
1.260000e-06	5.985347e-06	1.138210e-08	4.208282e+01	6.744097e+02
1.270000e-06	6.088107e-06	1.154215e-08	4.280531e+01	6.842368e+02
1.280000e-06	6.188623e-06	1.169649e-08	4.351204e+01	6.933879e+02
1.290000e-06	6.286788e-06	1.184190e-08	4.420224e+01	7.018979e+02
1.300000e-06	6.382672e-06	1.197164e-08	4.487640e+01	7.098045e+02
1.310000e-06	6.476424e-06	1.209035e-08	4.553556e+01	7.171488e+02
1.320000e-06	6.567878e-06	1.220570e-08	4.617857e+01	7.239736e+02
1.330000e-06	6.656971e-06	1.231531e-08	4.680498e+01	7.303203e+02
1.340000e-06	6.743784e-06	1.241326e-08	4.741536e+01	7.362258e+02
1.350000e-06	6.828305e-06	1.250331e-08	4.800963e+01	7.417215e+02
1.360000e-06	6.910458e-06	1.259003e-08	4.858725e+01	7.468343e+02
1.370000e-06	6.990107e-06	1.267248e-08	4.914725e+01	7.515899e+02
1.380000e-06	7.067203e-06	1.274576e-08	4.968931e+01	7.560151e+02
1.390000e-06	7.141649e-06	1.281095e-08	5.021274e+01	7.601395e+02
1.400000e-06	7.213411e-06	1.287497e-08	5.071730e+01	7.639946e+02
1.410000e-06	7.282604e-06	1.293823e-08	5.120379e+01	7.676103e+02
1.420000e-06	7.349159e-06	1.299607e-08	5.167174e+01	7.710104e+02
1.430000e-06	7.413100e-06	1.304684e-08	5.212131e+01	7.742094e+02
1.440000e-06	7.474572e-06	1.309721e-08	5.255352e+01	7.772110e+02
1.450000e-06	7.533429e-06	1.314839e-08	5.296733e+01	7.800110e+02
1.460000e-06	7.589549e-06	1.319436e-08	5.336192e+01	7.826020e+02
1.470000e-06	7.642786e-06	1.323277e-08	5.373622e+01	7.849794e+02
1.480000e-06	7.692907e-06	1.326773e-08	5.408862e+01	7.871467e+02
1.490000e-06	7.739998e-06	1.330125e-08	5.441972e+01	7.891170e+02
1.500000e-06	7.784343e-06	1.333085e-08	5.473150e+01	7.909113e+02
1.510000e-06	7.825949e-06	1.335629e-08	5.502404e+01	7.925537e+02
1.520000e-06	7.864756e-06	1.338143e-08	5.529689e+01	7.940653e+02
1.530000e-06	7.900869e-06	1.340843e-08	5.555080e+01	7.954593e+02
1.540000e-06	7.934182e-06	1.343284e-08	5.578502e+01	7.967387e+02
1.550000e-06	7.964712e-06	1.344929e-08	5.599967e+01	7.978979e+02
1.560000e-06	7.992532e-06	1.346220e-08	5.619528e+01	7.989271e+02
1.570000e-06	8.017424e-06	1.347578e-08	5.637030e+01	7.998174e+02
1.580000e-06	8.039512e-06	1.348845e-08	5.652560e+01	8.005658e+02
1.590000e-06	8.058936e-06	1.349812e-08	5.666216e+01	8.011772e+02
1.600000e-06	8.075466e-06	1.350373e-08	5.677839e+01	8.016637e+02
1.610000e-06	8.088975e-06	1.350986e-08	5.687336e+01	8.020409e+02
1.620000e-06	8.099323e-06	1.351574e-08	5.694612e+01	8.023240e+02
1.630000e-06	8.106610e-06	1.351852e-08	5.699736e+01	8.025240e+02
1.640000e-06	8.111167e-06	1.351622e-08	5.702940e+01	8.026462e+02
1.650000e-06	8.112888e-06	1.351438e-08	5.704150e+01	8.026903e+02
1.660000e-06	8.111761e-06	1.351652e-08	5.703357e+01	8.026530e+02
1.670000e-06	8.108039e-06	1.351740e-08	5.700741e+01	8.025301e+02
1.680000e-06	8.101558e-06	1.351355e-08	5.696184e+01	8.023190e+02
1.690000e-06	8.092345e-06	1.350578e-08	5.689706e+01	8.020187e+02
1.700000e-06	8.080437e-06	1.349856e-08	5.681334e+01	8.016299e+02
1.710000e-06	8.065682e-06	1.348698e-08	5.670959e+01	8.011530e+02
1.720000e-06	8.048373e-06	1.346270e-08	5.658790e+01	8.005869e+02
1.730000e-06	8.028760e-06	1.344679e-08	5.645000e+01	7.999296e+02
1.740000e-06	8.006387e-06	1.348668e-08	5.629269e+01	7.991782e+02
1.750000e-06	7.980486e-06	1.349367e-08	5.611059e+01	7.983307e+02
1.760000e-06	7.950813e-06	1.344784e-08	5.590195e+01	7.973874e+02
1.770000e-06	7.917997e-06	1.340062e-08	5.567122e+01	7.963512e+02
1.780000e-06	7.882795e-06	1.336758e-08	5.542372e+01	7.952268e+02
1.790000e-06	7.845234e-06	1.333296e-08	5.515963e+01	7.940192e+02
1.800000e-06	7.805541e-06	1.335914e-08	5.488055e+01	7.927318e+02
1.810000e-06	7.763718e-06	1.331703e-08	5.458649e+01	7.913651e+02
1.820000e-06	7.719204e-06	1.325843e-08	5.427351e+01	7.899171e+02
1.830000e-06	7.671993e-06	1.331296e-08	5.394158e+01	7.883845e+02
1.840000e-06	7.621747e-06	1.323481e-08	5.358829e+01	7.867645e+02
1.850000e-06	7.568368e-06	1.321212e-08	5.321299e+01	7.850563e+02
1.860000e-06	7.512249e-06	1.315921e-08	5.281842e+01	7.832617e+02
1.870000e-06	7.453425e-06	1.310654e-08	5.240483e+01	7.813837e+02
1.880000e-06	7.392092e-06	1.314133e-08	5.197360e+01	7.794250e+02
1.890000e-06	7.327990e-06	1.306174e-08	5.152290e+01	7.773853e+02
1.900000e-06	7.261073e-06	1.305565e-08	5.105241e+01	7.752603e+02
1.910000e-06	7.191425e-06	1.301072e-08	5.056272e+01	7.730425e+02
1.920000e-06	7.118937e-06	1.296107e-08	5.005305e+01	7.707228e+02
1.930000e-06	7.043824e-06	1.292612e-08	4.952494e+01	7.682936e+02
1.940000e-06	6.965933e-06	1.284617e-08	4.897729e+01	7.657511e+02
1.950000e-06	6.885477e-06	1.284244e-08	4.841161e+01	7.630966e+02
1.960000e-06	6.802651e-06	1.278233e-08	4.782926e+01	7.603353e+02
1.970000e-06	6.717348e-06	1.276245e-08	4.722949e+01	7.574738e+02
1.980000e-06	6.629595e-06	1.270408e-08	4.661250e+01	7.545166e+02
1.990000e-06	6.539378e-06	1.262757e-08	4.597819e+01	7.514634e+02
2.000000e-06	6.446951e-06	1.259196e-08	4.532834e+01	7.483090e+02
2.010000e-06	6.352261e-06	1.251644e-08	4.466258e+01	7.450443e+02
2.020000e-06	6.255321e-06	1.247604e-08	4.398100e+01	7.416598e+02
2.030000e-06	6.156181e-06	1.240112e-08	4.328394e+01	7.381487e+02
2.040000e-06	6.054818e-06	1.236250e-08	4.257127e+01	7.345094e+02
2.050000e-06	5.951210e-06	1.229760e-08	4.184280e+01	7.307450e+02
2.060000e-06	5.845427e-06	1.222390e-08	4.109904e+01	7.268613e+02
2.070000e-06	5.737688e-06	1.215412e-08	4.034153e+01	7.228629e+02
2.080000e-06	5.627891e-06	1.207893e-08	3.956955e+01	7.187499e+02
2.090000e-06	5.515973e-06	1.201900e-08	3.878266e+01	7.145167e+02
2.100000e-06	5.401926e-06	1.193358e-08	3.798079e+01	7.101527e+02
2.110000e-06	5.285876e-06	1.186414e-08	3.716485e+01	7.056459e+02
2.120000e-06	5.167733e-06	1.178094e-08	3.633419e+01	7.009867e+02
2.130000e-06	5.047563e-06	1.170598e-08	3.548928e+01	6.961720e+02
2.140000e-06	4.925554e-06	1.161306e-08	3.463144e+01	6.912050e+02
2.150000e-06	4.801777e-06	1.152903e-08	3.376117e+01	6.860938e+02
2.160000e-06	4.676351e-06	1.144440e-08	3.287930e+01	6.808468e+02
2.170000e-06	4.549193e-06	1.135779e-08	3.198525e+01	6.754682e+02
2.180000e-06	4.420418e-06	1.126375e-08	3.107984e+01	6.699541e+02
2.190000e-06	4.290039e-06	1.116567e-08	3.016315e+01	6.642933e+02
2.200000e-06	4.158155e-06	1.107395e-08	2.923587e+01	6.584697e+02
2.210000e-06	4.024865e-06	1.096946e-08	2.829872e+01	6.524677e+02
2.220000e-06	3.890065e-06	1.086340e-08	2.735094e+01	6.462769e+02
2.230000e-06	3.753736e-06	1.074859e-08	2.639242e+01	6.398955e+02
2.240000e-06	3.616001e-06	1.064701e-08	2.542401e+01	6.333294e+02
2.250000e-06	3.477011e-06	1.053462e-08	2.444677e+01	6.265877e+02
2.260000e-06	3.336862e-06	1.042056e-08	2.346139e+01	6.196774e+02
2.270000e-06	3.195449e-06	1.029703e-08	2.246711e+01	6.125972e+02
2.280000e-06	3.052647e-06	1.017580e-08	2.146308e+01	6.053361e+02
2.290000e-06	2.908738e-06	1.005278e-08	2.045126e+01	5.978741e+02
2.300000e-06	2.763802e-06	9.920291e-09	1.943222e+01	5.901878e+02
2.310000e-06	2.617787e-06	9.784340e-09	1.840559e+01	5.822565e+02
2.320000e-06	2.470880e-06	9.644419e-09	1.737269e+01	5.740681e+02
2.330000e-06	2.323183e-06	9.508809e-09	1.633424e+01	5.656202e+02
2.340000e-06	2.174744e-06	9.361652e-09	1.529057e+01	5.569177e+02
2.350000e-06	2.025650e-06	9.209990e-09	1.424229e+01	5.479666e+02
2.360000e-06	1.875882e-06	9.053314e-09	1.318927e+01	5.387671e+02
2.370000e-06	1.725388e-06	8.896021e-09	1.213116e+01	5.293082e+02
2.380000e-06	1.574215e-06	8.731808e-09	1.106826e+01	5.195674e+02
2.390000e-06	1.422455e-06	8.559249e-09	1.000124e+01	5.095145e+02
2.400000e-06	1.270201e-06	8.382460e-09	8.930750e+00	4.991188e+02
2.410000e-06	1.117465e-06	8.203058e-09	7.856865e+00	4.883559e+02
2.420000e-06	9.642614e-07	8.016557e-09	6.779696e+00	4.772113e+02
2.430000e-06	8.106677e-07	7.821998e-09	5.699783e+00	4.656782e+02
2.440000e-06	6.567520e-07	7.622578e-09	4.617606e+00	4.537500e+02
2.450000e-06	5.026149e-07	7.417996e-09	3.533872e+00	4.414091e+02
2.460000e-06	3.483255e-07	7.202362e-09	2.449067e+00	4.286175e+02
2.470000e-06	1.938978e-07	6.975891e-09	1.363290e+00	4.153125e+02
2.480000e-06	3.940503e-08	6.742513e-09	2.770557e-01	4.014096e+02
2.490000e-06	-1.150952e-07	6.498203e-09	-8.092312e-01	3.868143e+02
2.500000e-06	-2.695342e-07	6.241534e-09	-1.895088e+00	3.714374e+02
2.510000e-06	-4.238129e-07	5.967198e-09	-2.979817e+00	3.552101e+02
2.520000e-06	-5.778749e-07	5.680166e-09	-4.063023e+00	3.380938e+02
2.530000e-06	-7.317279e-07	5.379562e-09	-5.144760e+00	3.200783e+02
2.540000e-06	-8.853050e-07	5.062277e-09	-6.224555e+00	3.011712e+02
2.550000e-06	-1.038513e-06	4.728843e-09	-7.301756e+00	2.813786e+02
2.560000e-06	-1.191362e-06	4.381946e-09	-8.376433e+00	2.606836e+02
2.570000e-06	-1.343763e-06	4.020461e-09	-9.447961e+00	2.390290e+02
2.580000e-06	-1.495634e-06	3.638159e-09	-1.051576e+01	2.163109e+02
2.590000e-06	-1.646918e-06	3.233126e-09	-1.157944e+01	1.923834e+02
2.600000e-06	-1.797535e-06	2.806321e-09	-1.263842e+01	1.670773e+02
2.610000e-06	-1.947432e-06	2.357550e-09	-1.369234e+01	1.402258e+02
2.620000e-06	-2.096599e-06	1.880960e-09	-1.474113e+01	1.116941e+02
2.630000e-06	-2.245061e-06	1.372373e-09	-1.578496e+01	8.140634e+01
2.640000e-06	-2.392797e-06	8.355289e-10	-1.682369e+01	4.936541e+01
2.650000e-06	-2.539712e-06	2.747934e-10	-1.785665e+01	1.566322e+01
2.660000e-06	-2.685732e-06	-3.109469e-10	-1.888331e+01	-1.951829e+01
2.670000e-06	-2.830860e-06	-9.220298e-10	-1.990370e+01	-5.591455e+01
2.680000e-06	-2.974968e-06	-1.550073e-09	-2.091692e+01	-9.319229e+01
2.690000e-06	-3.117812e-06	-2.184002e-09	-2.192125e+01	-1.309681e+02
2.700000e-06	-3.259351e-06	-2.818546e-09	-2.291641e+01	-1.688304e+02
2.710000e-06	-3.399619e-06	-3.449420e-09	-2.390263e+01	-2.063637e+02
2.720000e-06	-3.538693e-06	-4.068683e-09	-2.488045e+01	-2.431737e+02
2.730000e-06	-3.676596e-06	-4.666934e-09	-2.585005e+01	-2.789105e+02
2.740000e-06	-3.813136e-06	-5.242663e-09	-2.681005e+01	-3.132884e+02
2.750000e-06	-3.948139e-06	-5.796021e-09	-2.775926e+01	-3.460982e+02
2.760000e-06	-4.081629e-06	-6.323230e-09	-2.869782e+01	-3.772107e+02
2.770000e-06	-4.213733e-06	-6.820264e-09	-2.962665e+01	-4.065706e+02
2.780000e-06	-4.344435e-06	-7.285569e-09	-3.054560e+01	-4.341821e+02
2.790000e-06	-4.473647e-06	-7.720968e-09	-3.145409e+01	-4.600903e+02
2.800000e-06	-4.601218e-06	-8.128516e-09	-3.235104e+01	-4.843618e+02
2.810000e-06	-4.727075e-06	-8.510089e-09	-3.323594e+01	-5.070699e+02
2.820000e-06	-4.851325e-06	-8.867284e-09	-3.410953e+01	-5.282855e+02
2.830000e-06	-4.973909e-06	-9.204616e-09	-3.497142e+01	-5.480756e+02
2.840000e-06	-5.094653e-06	-9.522558e-09	-3.582037e+01	-5.665059e+02
2.850000e-06	-5.213398e-06	-9.815119e-09	-3.665526e+01	-5.836466e+02
2.860000e-06	-5.330126e-06	-1.008226e-08	-3.747597e+01	-5.995757e+02
2.870000e-06	-5.444768e-06	-1.032922e-08	-3.828201e+01	-6.143794e+02
2.880000e-06	-5.557146e-06	-1.055905e-08	-3.907214e+01	-6.281483e+02
2.890000e-06	-5.667428e-06	-1.077344e-08	-3.984754e+01	-6.409712e+02
2.900000e-06	-5.775810e-06	-1.097536e-08	-4.060956e+01	-6.529277e+02
2.910000e-06	-5.882246e-06	-1.116536e-08	-4.135791e+01	-6.640845e+02
2.920000e-06	-5.986566e-06	-1.134239e-08	-4.209138e+01	-6.744940e+02
2.930000e-06	-6.088664e-06	-1.150643e-08	-4.280924e+01	-6.841979e+02
2.940000e-06	-6.188592e-06	-1.165911e-08	-4.351183e+01	-6.932320e+02
2.950000e-06	-6.286374e-06	-1.180238e-08	-4.419932e+01	-7.016315e+02
2.960000e-06	-6.381936e-06	-1.193648e-08	-4.487122e+01	-7.094347e+02
2.970000e-06	-6.475206e-06	-1.205947e-08	-4.552700e+01	-7.166831e+02
2.980000e-06	-6.566176e-06	-1.217137e-08	-4.616661e+01	-7.234197e+02
2.990000e-06	-6.654907e-06	-1.227692e-08	-4.679047e+01	-7.296851e+02
3.000000e-06	-6.741298e-06	-1.237760e-08	-4.739789e+01	-7.355154e+02
3.010000e-06	-6.825281e-06	-1.247052e-08	-4.798836e+01	-7.409409e+02
3.020000e-06	-6.906924e-06	-1.255481e-08	-4.856240e+01	-7.459881e+02
3.030000e-06	-6.986024e-06	-1.263340e-08	-4.911855e+01	-7.506827e+02
3.040000e-06	-7.062381e-06	-1.270785e-08	-4.965541e+01	-7.550520e+02
3.050000e-06	-7.136090e-06	-1.277793e-08	-5.017366e+01	-7.591261e+02
3.060000e-06	-7.207209e-06	-1.284202e-08	-5.067369e+01	-7.629364e+02
3.070000e-06	-7.275728e-06	-1.290020e-08	-5.115545e+01	-7.665122e+02
3.080000e-06	-7.341740e-06	-1.295619e-08	-5.161958e+01	-7.698758e+02
3.090000e-06	-7.405208e-06	-1.300975e-08	-5.206582e+01	-7.730396e+02
3.100000e-06	-7.465957e-06	-1.306005e-08	-5.249294e+01	-7.760058e+02
3.110000e-06	-7.523979e-06	-1.310749e-08	-5.290090e+01	-7.787691e+02
3.120000e-06	-7.579327e-06	-1.315081e-08	-5.329004e+01	-7.813221e+02
3.130000e-06	-7.631786e-06	-1.319038e-08	-5.365888e+01	-7.836616e+02
3.140000e-06	-7.681130e-06	-1.322692e-08	-5.400582e+01	-7.857926e+02
3.150000e-06	-7.727537e-06	-1.325821e-08	-5.433211e+01	-7.877298e+02
3.160000e-06	-7.771376e-06	-1.328492e-08	-5.464034e+01	-7.894953e+02
3.170000e-06	-7.812723e-06	-1.331040e-08	-5.493105e+01	-7.911131e+02
3.180000e-06	-7.851300e-06	-1.333652e-08	-5.520228e+01	-7.926031e+02
3.190000e-06	-7.887048e-06	-1.336348e-08	-5.545362e+01	-7.939767e+02
3.200000e-06	-7.920095e-06	-1.338724e-08	-5.568597e+01	-7.952353e+02
3.210000e-06	-7.950285e-06	-1.340817e-08	-5.589824e+01	-7.963722e+02
3.220000e-06	-7.977617e-06	-1.342647e-08	-5.609041e+01	-7.973771e+02
3.230000e-06	-8.002162e-06	-1.344019e-08	-5.626299e+01	-7.982422e+02
3.240000e-06	-8.023768e-06	-1.345006e-08	-5.641490e+01	-7.989656e+02
3.250000e-06	-8.042529e-06	-1.345867e-08	-5.654680e+01	-7.995538e+02
3.260000e-06	-8.058494e-06	-1.346650e-08	-5.665905e+01	-8.000196e+02
3.270000e-06	-8.071363e-06	-1.347448e-08	-5.674954e+01	-8.003790e+02
3.280000e-06	-8.081194e-06	-1.348177e-08	-5.681866e+01	-8.006467e+02
3.290000e-06	-8.088139e-06	-1.348801e-08	-5.686749e+01	-8.008327e+02
3.300000e-06	-8.092190e-06	-1.349219e-08	-5.689597e+01	-8.009412e+02
3.310000e-06	-8.093496e-06	-1.349489e-08	-5.690515e+01	-8.009712e+02
