# Temperatura_=_55.67
# Concentracion g/m^3_=_11780.0
# C_Vs_to_Am_M_A/Vsm_=_59384043850.047264
# pendiente_HvsI_1/m_=_3716.3
# ordenada_HvsI_A/m_=_1297.0
# frecuencia_Hz_=_301536.4707150656

Tiempo_(s)	Campo_(V.s)	Magnetizacion_(V.s)	Campo_(kA/m)	Magnetizacion_(A/m)
0.000000e+00	-8.133191e-06	-1.361034e-08	-5.689687e+01	-8.083421e+02
1.000000e-08	-8.129964e-06	-1.361224e-08	-5.687429e+01	-8.082397e+02
2.000000e-08	-8.124093e-06	-1.361103e-08	-5.683322e+01	-8.080623e+02
3.000000e-08	-8.115527e-06	-1.360675e-08	-5.677330e+01	-8.077944e+02
4.000000e-08	-8.104056e-06	-1.360230e-08	-5.669305e+01	-8.074220e+02
5.000000e-08	-8.089677e-06	-1.359661e-08	-5.659246e+01	-8.069371e+02
6.000000e-08	-8.072479e-06	-1.358663e-08	-5.647215e+01	-8.063397e+02
7.000000e-08	-8.052774e-06	-1.357172e-08	-5.633430e+01	-8.056363e+02
8.000000e-08	-8.030594e-06	-1.354723e-08	-5.617913e+01	-8.048362e+02
9.000000e-08	-8.005304e-06	-1.353162e-08	-5.600221e+01	-8.039480e+02
1.000000e-07	-7.976692e-06	-1.350740e-08	-5.580205e+01	-8.029765e+02
1.100000e-07	-7.945076e-06	-1.349130e-08	-5.558088e+01	-8.019222e+02
1.200000e-07	-7.910611e-06	-1.349496e-08	-5.533978e+01	-8.007824e+02
1.300000e-07	-7.873539e-06	-1.348561e-08	-5.508043e+01	-7.995539e+02
1.400000e-07	-7.834279e-06	-1.346959e-08	-5.480578e+01	-7.982351e+02
1.500000e-07	-7.792726e-06	-1.342853e-08	-5.451509e+01	-7.968275e+02
1.600000e-07	-7.748398e-06	-1.342463e-08	-5.420499e+01	-7.953354e+02
1.700000e-07	-7.701319e-06	-1.337140e-08	-5.387564e+01	-7.937637e+02
1.800000e-07	-7.651359e-06	-1.332327e-08	-5.352614e+01	-7.921156e+02
1.900000e-07	-7.598258e-06	-1.332450e-08	-5.315467e+01	-7.903912e+02
2.000000e-07	-7.542270e-06	-1.328293e-08	-5.276299e+01	-7.885864e+02
2.100000e-07	-7.483605e-06	-1.326908e-08	-5.235260e+01	-7.866942e+02
2.200000e-07	-7.422312e-06	-1.322616e-08	-5.192381e+01	-7.847064e+02
2.300000e-07	-7.358368e-06	-1.320008e-08	-5.147648e+01	-7.826160e+02
2.400000e-07	-7.291655e-06	-1.317521e-08	-5.100979e+01	-7.804191e+02
2.500000e-07	-7.222217e-06	-1.310990e-08	-5.052402e+01	-7.781149e+02
2.600000e-07	-7.150053e-06	-1.306382e-08	-5.001918e+01	-7.757058e+02
2.700000e-07	-7.075107e-06	-1.302964e-08	-4.949489e+01	-7.731953e+02
2.800000e-07	-6.997403e-06	-1.300166e-08	-4.895131e+01	-7.705869e+02
2.900000e-07	-6.916991e-06	-1.294340e-08	-4.838877e+01	-7.678824e+02
3.000000e-07	-6.834118e-06	-1.289626e-08	-4.780902e+01	-7.650814e+02
3.100000e-07	-6.749024e-06	-1.286341e-08	-4.721373e+01	-7.621813e+02
3.200000e-07	-6.661598e-06	-1.280804e-08	-4.660213e+01	-7.591780e+02
3.300000e-07	-6.571744e-06	-1.275116e-08	-4.597355e+01	-7.560669e+02
3.400000e-07	-6.479598e-06	-1.268231e-08	-4.532892e+01	-7.528437e+02
3.500000e-07	-6.385157e-06	-1.262789e-08	-4.466825e+01	-7.495051e+02
3.600000e-07	-6.288296e-06	-1.257803e-08	-4.399065e+01	-7.460494e+02
3.700000e-07	-6.189076e-06	-1.251509e-08	-4.329654e+01	-7.424764e+02
3.800000e-07	-6.087679e-06	-1.245085e-08	-4.258720e+01	-7.387875e+02
3.900000e-07	-5.984130e-06	-1.239401e-08	-4.186281e+01	-7.349842e+02
4.000000e-07	-5.878378e-06	-1.234331e-08	-4.112301e+01	-7.310679e+02
4.100000e-07	-5.770525e-06	-1.226914e-08	-4.036851e+01	-7.270379e+02
4.200000e-07	-5.660634e-06	-1.218609e-08	-3.959975e+01	-7.228903e+02
4.300000e-07	-5.548659e-06	-1.210740e-08	-3.881641e+01	-7.186186e+02
4.400000e-07	-5.434496e-06	-1.203948e-08	-3.801777e+01	-7.142132e+02
4.500000e-07	-5.318167e-06	-1.196309e-08	-3.720397e+01	-7.096645e+02
4.600000e-07	-5.199845e-06	-1.187901e-08	-3.637624e+01	-7.049649e+02
4.700000e-07	-5.079637e-06	-1.180528e-08	-3.553531e+01	-7.001108e+02
4.800000e-07	-4.957602e-06	-1.173265e-08	-3.468159e+01	-6.951046e+02
4.900000e-07	-4.833764e-06	-1.164497e-08	-3.381527e+01	-6.899531e+02
5.000000e-07	-4.708219e-06	-1.153937e-08	-3.293700e+01	-6.846652e+02
5.100000e-07	-4.581061e-06	-1.144022e-08	-3.204745e+01	-6.792474e+02
5.200000e-07	-4.452196e-06	-1.135010e-08	-3.114596e+01	-6.737008e+02
5.300000e-07	-4.321658e-06	-1.125838e-08	-3.023276e+01	-6.680181e+02
5.400000e-07	-4.189571e-06	-1.115815e-08	-2.930872e+01	-6.621845e+02
5.500000e-07	-4.055936e-06	-1.105926e-08	-2.837386e+01	-6.561809e+02
5.600000e-07	-3.920847e-06	-1.096595e-08	-2.742883e+01	-6.499889e+02
5.700000e-07	-3.784312e-06	-1.086091e-08	-2.647368e+01	-6.435963e+02
5.800000e-07	-3.646299e-06	-1.073989e-08	-2.550819e+01	-6.369998e+02
5.900000e-07	-3.506936e-06	-1.061735e-08	-2.453326e+01	-6.302049e+02
6.000000e-07	-3.366253e-06	-1.050565e-08	-2.354909e+01	-6.232220e+02
6.100000e-07	-3.224101e-06	-1.039171e-08	-2.255465e+01	-6.160606e+02
6.200000e-07	-3.080631e-06	-1.026388e-08	-2.155098e+01	-6.087229e+02
6.300000e-07	-2.936105e-06	-1.013185e-08	-2.053993e+01	-6.012003e+02
6.400000e-07	-2.790581e-06	-1.000385e-08	-1.952190e+01	-5.934737e+02
6.500000e-07	-2.644067e-06	-9.873557e-09	-1.849694e+01	-5.855174e+02
6.600000e-07	-2.496631e-06	-9.730489e-09	-1.746553e+01	-5.773060e+02
6.700000e-07	-2.348446e-06	-9.583255e-09	-1.642888e+01	-5.688208e+02
6.800000e-07	-2.199479e-06	-9.439091e-09	-1.538676e+01	-5.600534e+02
6.900000e-07	-2.049653e-06	-9.292824e-09	-1.433863e+01	-5.510049e+02
7.000000e-07	-1.899076e-06	-9.133148e-09	-1.328525e+01	-5.416809e+02
7.100000e-07	-1.747856e-06	-8.966151e-09	-1.222737e+01	-5.320843e+02
7.200000e-07	-1.596022e-06	-8.800855e-09	-1.116519e+01	-5.222089e+02
7.300000e-07	-1.443603e-06	-8.631135e-09	-1.009892e+01	-5.120359e+02
7.400000e-07	-1.290617e-06	-8.452777e-09	-9.028690e+00	-5.015360e+02
7.500000e-07	-1.137083e-06	-8.267745e-09	-7.954619e+00	-4.906747e+02
7.600000e-07	-9.831116e-07	-8.083615e-09	-6.877493e+00	-4.794199e+02
7.700000e-07	-8.287619e-07	-7.892455e-09	-5.797719e+00	-4.677463e+02
7.800000e-07	-6.740666e-07	-7.685230e-09	-4.715527e+00	-4.556362e+02
7.900000e-07	-5.191814e-07	-7.466992e-09	-3.632006e+00	-4.430734e+02
8.000000e-07	-3.642117e-07	-7.248120e-09	-2.547893e+00	-4.300337e+02
8.100000e-07	-2.091183e-07	-7.024456e-09	-1.462916e+00	-4.164754e+02
8.200000e-07	-5.393202e-08	-6.785645e-09	-3.772889e-01	-4.023336e+02
8.300000e-07	1.012723e-07	-6.534190e-09	7.084643e-01	-3.875227e+02
8.400000e-07	2.564636e-07	-6.273363e-09	1.794126e+00	-3.719471e+02
8.500000e-07	4.115817e-07	-5.998038e-09	2.879277e+00	-3.555169e+02
8.600000e-07	5.665221e-07	-5.699124e-09	3.963184e+00	-3.381641e+02
8.700000e-07	7.212470e-07	-5.381757e-09	5.045583e+00	-3.198515e+02
8.800000e-07	8.757885e-07	-5.054697e-09	6.126700e+00	-3.005716e+02
8.900000e-07	1.030066e-06	-4.718635e-09	7.205967e+00	-2.803314e+02
9.000000e-07	1.183910e-06	-4.363488e-09	8.282204e+00	-2.591293e+02
9.100000e-07	1.337275e-06	-3.986342e-09	9.355094e+00	-2.369299e+02
9.200000e-07	1.490103e-06	-3.594757e-09	1.042422e+01	-2.136450e+02
9.300000e-07	1.642299e-06	-3.185560e-09	1.148893e+01	-1.891300e+02
9.400000e-07	1.793905e-06	-2.744854e-09	1.254951e+01	-1.631979e+02
9.500000e-07	1.944888e-06	-2.269845e-09	1.360574e+01	-1.356499e+02
9.600000e-07	2.095115e-06	-1.772202e-09	1.465667e+01	-1.063162e+02
9.700000e-07	2.244546e-06	-1.251195e-09	1.570203e+01	-7.509742e+01
9.800000e-07	2.393148e-06	-6.940689e-10	1.674160e+01	-4.199661e+01
9.900000e-07	2.540878e-06	-9.729975e-11	1.777506e+01	-7.134792e+00
1.000000e-06	2.687768e-06	5.223328e-10	1.880266e+01	2.925208e+01
1.010000e-06	2.833781e-06	1.153299e-09	1.982411e+01	6.683265e+01
1.020000e-06	2.978764e-06	1.799122e-09	2.083835e+01	1.052100e+02
1.030000e-06	3.122616e-06	2.459092e-09	2.184470e+01	1.439543e+02
1.040000e-06	3.265300e-06	3.114999e-09	2.284286e+01	1.826328e+02
1.050000e-06	3.406763e-06	3.753603e-09	2.383248e+01	2.208326e+02
1.060000e-06	3.546975e-06	4.379722e-09	2.481335e+01	2.581767e+02
1.070000e-06	3.685837e-06	4.994319e-09	2.578478e+01	2.943350e+02
1.080000e-06	3.823242e-06	5.583823e-09	2.674602e+01	3.290331e+02
1.090000e-06	3.959214e-06	6.135145e-09	2.769723e+01	3.620601e+02
1.100000e-06	4.093756e-06	6.655631e-09	2.863843e+01	3.932746e+02
1.110000e-06	4.226833e-06	7.153199e-09	2.956940e+01	4.226079e+02
1.120000e-06	4.358418e-06	7.619907e-09	3.048992e+01	4.500607e+02
1.130000e-06	4.488406e-06	8.047767e-09	3.139927e+01	4.756919e+02
1.140000e-06	4.616749e-06	8.444425e-09	3.229711e+01	4.996011e+02
1.150000e-06	4.743512e-06	8.821874e-09	3.318389e+01	5.219058e+02
1.160000e-06	4.868652e-06	9.175532e-09	3.405933e+01	5.427210e+02
1.170000e-06	4.992104e-06	9.497513e-09	3.492295e+01	5.621444e+02
1.180000e-06	5.113749e-06	9.794389e-09	3.577394e+01	5.802511e+02
1.190000e-06	5.233509e-06	1.007900e-08	3.661174e+01	5.970981e+02
1.200000e-06	5.351361e-06	1.034882e-08	3.743619e+01	6.127365e+02
1.210000e-06	5.467179e-06	1.059194e-08	3.824641e+01	6.272238e+02
1.220000e-06	5.580868e-06	1.081129e-08	3.904173e+01	6.406341e+02
1.230000e-06	5.692418e-06	1.101830e-08	3.982210e+01	6.530590e+02
1.240000e-06	5.801944e-06	1.121520e-08	4.058830e+01	6.646014e+02
1.250000e-06	5.909514e-06	1.139510e-08	4.134082e+01	6.753623e+02
1.260000e-06	6.014973e-06	1.155937e-08	4.207858e+01	6.854278e+02
1.270000e-06	6.118193e-06	1.171705e-08	4.280067e+01	6.948591e+02
1.280000e-06	6.219237e-06	1.186973e-08	4.350753e+01	7.036908e+02
1.290000e-06	6.318015e-06	1.200964e-08	4.419855e+01	7.119375e+02
1.300000e-06	6.414403e-06	1.213353e-08	4.487284e+01	7.196058e+02
1.310000e-06	6.508541e-06	1.224983e-08	4.553140e+01	7.267075e+02
1.320000e-06	6.600513e-06	1.236069e-08	4.617480e+01	7.332697e+02
1.330000e-06	6.690137e-06	1.245975e-08	4.680178e+01	7.393368e+02
1.340000e-06	6.777318e-06	1.254965e-08	4.741167e+01	7.449656e+02
1.350000e-06	6.862197e-06	1.263964e-08	4.800545e+01	7.502161e+02
1.360000e-06	6.944706e-06	1.272850e-08	4.858265e+01	7.551396e+02
1.370000e-06	7.024702e-06	1.280789e-08	4.914228e+01	7.597713e+02
1.380000e-06	7.102165e-06	1.287649e-08	4.968418e+01	7.641289e+02
1.390000e-06	7.176937e-06	1.294230e-08	5.020726e+01	7.682167e+02
1.400000e-06	7.248988e-06	1.300780e-08	5.071130e+01	7.720341e+02
1.410000e-06	7.318530e-06	1.306727e-08	5.119779e+01	7.755846e+02
1.420000e-06	7.385496e-06	1.311927e-08	5.166626e+01	7.788811e+02
1.430000e-06	7.449767e-06	1.316857e-08	5.211588e+01	7.819463e+02
1.440000e-06	7.511531e-06	1.322053e-08	5.254796e+01	7.848078e+02
1.450000e-06	7.570790e-06	1.327155e-08	5.296251e+01	7.874913e+02
1.460000e-06	7.627350e-06	1.331480e-08	5.335818e+01	7.900129e+02
1.470000e-06	7.680976e-06	1.335131e-08	5.373333e+01	7.923769e+02
1.480000e-06	7.731397e-06	1.338793e-08	5.408606e+01	7.945771e+02
1.490000e-06	7.778742e-06	1.342369e-08	5.441727e+01	7.966030e+02
1.500000e-06	7.823370e-06	1.345356e-08	5.472947e+01	7.984467e+02
1.510000e-06	7.865226e-06	1.347809e-08	5.502228e+01	8.001097e+02
1.520000e-06	7.904241e-06	1.350292e-08	5.529522e+01	8.016047e+02
1.530000e-06	7.940504e-06	1.352847e-08	5.554890e+01	8.029525e+02
1.540000e-06	7.973971e-06	1.355080e-08	5.578302e+01	8.041763e+02
1.550000e-06	8.004647e-06	1.356900e-08	5.599762e+01	8.052938e+02
1.560000e-06	8.032581e-06	1.358501e-08	5.619303e+01	8.063124e+02
1.570000e-06	8.057639e-06	1.359998e-08	5.636833e+01	8.072276e+02
1.580000e-06	8.079847e-06	1.361215e-08	5.652369e+01	8.080268e+02
1.590000e-06	8.099353e-06	1.362044e-08	5.666015e+01	8.086955e+02
1.600000e-06	8.115955e-06	1.362673e-08	5.677629e+01	8.092248e+02
1.610000e-06	8.129535e-06	1.363444e-08	5.687129e+01	8.096158e+02
1.620000e-06	8.140021e-06	1.363987e-08	5.694464e+01	8.098813e+02
1.630000e-06	8.147469e-06	1.364059e-08	5.699675e+01	8.100416e+02
1.640000e-06	8.152107e-06	1.363891e-08	5.702919e+01	8.101185e+02
1.650000e-06	8.153866e-06	1.363982e-08	5.704150e+01	8.101287e+02
1.660000e-06	8.152804e-06	1.364064e-08	5.703407e+01	8.100785e+02
1.670000e-06	8.149107e-06	1.363491e-08	5.700821e+01	8.099636e+02
1.680000e-06	8.142651e-06	1.362900e-08	5.696304e+01	8.097712e+02
1.690000e-06	8.133468e-06	1.362468e-08	5.689880e+01	8.094854e+02
1.700000e-06	8.121511e-06	1.361901e-08	5.681515e+01	8.090931e+02
1.710000e-06	8.106703e-06	1.360774e-08	5.671157e+01	8.085878e+02
1.720000e-06	8.089378e-06	1.359316e-08	5.659036e+01	8.079708e+02
1.730000e-06	8.069715e-06	1.359651e-08	5.645281e+01	8.072493e+02
1.740000e-06	8.047263e-06	1.358312e-08	5.629574e+01	8.064328e+02
1.750000e-06	8.021215e-06	1.357953e-08	5.611352e+01	8.055294e+02
1.760000e-06	7.991405e-06	1.357125e-08	5.590498e+01	8.045431e+02
1.770000e-06	7.958532e-06	1.352897e-08	5.567501e+01	8.034737e+02
1.780000e-06	7.923157e-06	1.349037e-08	5.542754e+01	8.023182e+02
1.790000e-06	7.885390e-06	1.347920e-08	5.516334e+01	8.010734e+02
1.800000e-06	7.845538e-06	1.347102e-08	5.488455e+01	7.997384e+02
1.810000e-06	7.803495e-06	1.341480e-08	5.459043e+01	7.983154e+02
1.820000e-06	7.758734e-06	1.342610e-08	5.427730e+01	7.968086e+02
1.830000e-06	7.711225e-06	1.338565e-08	5.394495e+01	7.952229e+02
1.840000e-06	7.660713e-06	1.335426e-08	5.359158e+01	7.935612e+02
1.850000e-06	7.607091e-06	1.334256e-08	5.321646e+01	7.918228e+02
1.860000e-06	7.550662e-06	1.326436e-08	5.282170e+01	7.900028e+02
1.870000e-06	7.491507e-06	1.326460e-08	5.240787e+01	7.880940e+02
1.880000e-06	7.429811e-06	1.320564e-08	5.197627e+01	7.860882e+02
1.890000e-06	7.365390e-06	1.317139e-08	5.152561e+01	7.839790e+02
1.900000e-06	7.298170e-06	1.315532e-08	5.105536e+01	7.817627e+02
1.910000e-06	7.228192e-06	1.311156e-08	5.056582e+01	7.794395e+02
1.920000e-06	7.155381e-06	1.308302e-08	5.005646e+01	7.770118e+02
1.930000e-06	7.079889e-06	1.301118e-08	4.952834e+01	7.744835e+02
1.940000e-06	7.001654e-06	1.298382e-08	4.898104e+01	7.718578e+02
1.950000e-06	6.920831e-06	1.292228e-08	4.841563e+01	7.691361e+02
1.960000e-06	6.837593e-06	1.287690e-08	4.783333e+01	7.663175e+02
1.970000e-06	6.751863e-06	1.284553e-08	4.723359e+01	7.633992e+02
1.980000e-06	6.663677e-06	1.278365e-08	4.661668e+01	7.603769e+02
1.990000e-06	6.573139e-06	1.274684e-08	4.598331e+01	7.572460e+02
2.000000e-06	6.480291e-06	1.267635e-08	4.533377e+01	7.540023e+02
2.010000e-06	6.385085e-06	1.262605e-08	4.466775e+01	7.506427e+02
2.020000e-06	6.287645e-06	1.256084e-08	4.398609e+01	7.471659e+02
2.030000e-06	6.187931e-06	1.250514e-08	4.328853e+01	7.435720e+02
2.040000e-06	6.085964e-06	1.244080e-08	4.257520e+01	7.398624e+02
2.050000e-06	5.981841e-06	1.236787e-08	4.184680e+01	7.360388e+02
2.060000e-06	5.875602e-06	1.230322e-08	4.110359e+01	7.321022e+02
2.070000e-06	5.767300e-06	1.223672e-08	4.034595e+01	7.280514e+02
2.080000e-06	5.656906e-06	1.217947e-08	3.957367e+01	7.238822e+02
2.090000e-06	5.544456e-06	1.210212e-08	3.878701e+01	7.195872e+02
2.100000e-06	5.429844e-06	1.203215e-08	3.798523e+01	7.151568e+02
2.110000e-06	5.313105e-06	1.194961e-08	3.716856e+01	7.105816e+02
2.120000e-06	5.194313e-06	1.186607e-08	3.633754e+01	7.058543e+02
2.130000e-06	5.073551e-06	1.177129e-08	3.549273e+01	7.009727e+02
2.140000e-06	4.951015e-06	1.169036e-08	3.463551e+01	6.959398e+02
2.150000e-06	4.826714e-06	1.161673e-08	3.376595e+01	6.907632e+02
2.160000e-06	4.700631e-06	1.154041e-08	3.288391e+01	6.854516e+02
2.170000e-06	4.572880e-06	1.144911e-08	3.199022e+01	6.800109e+02
2.180000e-06	4.443554e-06	1.134577e-08	3.108550e+01	6.744407e+02
2.190000e-06	4.312642e-06	1.124774e-08	3.016968e+01	6.687322e+02
2.200000e-06	4.180112e-06	1.114380e-08	2.924255e+01	6.628695e+02
2.210000e-06	4.046047e-06	1.103746e-08	2.830468e+01	6.568334e+02
2.220000e-06	3.910592e-06	1.092947e-08	2.735709e+01	6.506062e+02
2.230000e-06	3.773675e-06	1.083204e-08	2.639927e+01	6.441771e+02
2.240000e-06	3.635294e-06	1.072916e-08	2.543120e+01	6.375444e+02
2.250000e-06	3.495559e-06	1.061334e-08	2.445367e+01	6.307150e+02
2.260000e-06	3.354497e-06	1.048676e-08	2.346685e+01	6.236995e+02
2.270000e-06	3.212198e-06	1.036359e-08	2.247137e+01	6.165066e+02
2.280000e-06	3.068777e-06	1.024234e-08	2.146806e+01	6.091368e+02
2.290000e-06	2.924230e-06	1.011564e-08	2.045685e+01	6.015793e+02
2.300000e-06	2.778571e-06	9.982723e-09	1.943788e+01	5.938136e+02
2.310000e-06	2.631975e-06	9.851491e-09	1.841235e+01	5.858134e+02
2.320000e-06	2.484490e-06	9.718145e-09	1.738059e+01	5.775541e+02
2.330000e-06	2.336154e-06	9.572956e-09	1.634289e+01	5.690187e+02
2.340000e-06	2.186970e-06	9.416968e-09	1.529925e+01	5.602007e+02
2.350000e-06	2.036909e-06	9.262618e-09	1.424948e+01	5.511024e+02
2.360000e-06	1.886132e-06	9.111715e-09	1.319470e+01	5.417296e+02
2.370000e-06	1.734791e-06	8.952218e-09	1.213597e+01	5.320840e+02
2.380000e-06	1.582955e-06	8.781631e-09	1.107378e+01	5.221570e+02
2.390000e-06	1.430575e-06	8.606199e-09	1.000778e+01	5.119279e+02
2.400000e-06	1.277610e-06	8.429619e-09	8.937701e+00	5.013659e+02
2.410000e-06	1.124096e-06	8.244028e-09	7.863768e+00	4.904365e+02
2.420000e-06	9.701290e-07	8.049390e-09	6.786672e+00	4.791084e+02
2.430000e-06	8.158108e-07	7.851481e-09	5.707118e+00	4.673579e+02
2.440000e-06	6.611994e-07	7.654824e-09	4.625512e+00	4.551681e+02
2.450000e-06	5.064228e-07	7.447674e-09	3.542751e+00	4.425222e+02
2.460000e-06	3.515116e-07	7.222056e-09	2.459048e+00	4.293935e+02
2.470000e-06	1.964655e-07	6.985718e-09	1.374402e+00	4.157363e+02
2.480000e-06	4.136899e-08	6.745576e-09	2.894025e-01	4.014817e+02
2.490000e-06	-1.137366e-07	6.496860e-09	-7.956601e-01	3.865412e+02
2.500000e-06	-2.688200e-07	6.231926e-09	-1.880568e+00	3.708191e+02
2.510000e-06	-4.237767e-07	5.952827e-09	-2.964589e+00	3.542282e+02
2.520000e-06	-5.785262e-07	5.663670e-09	-4.047160e+00	3.367056e+02
2.530000e-06	-7.330780e-07	5.359141e-09	-5.128349e+00	3.182201e+02
2.540000e-06	-8.873904e-07	5.029961e-09	-6.207863e+00	2.987680e+02
2.550000e-06	-1.041353e-06	4.680500e-09	-7.284926e+00	2.783567e+02
2.560000e-06	-1.194892e-06	4.320198e-09	-8.359035e+00	2.569803e+02
2.570000e-06	-1.347900e-06	3.946452e-09	-9.429424e+00	2.345951e+02
2.580000e-06	-1.500367e-06	3.550763e-09	-1.049602e+01	2.111025e+02
2.590000e-06	-1.652295e-06	3.131914e-09	-1.155886e+01	1.863490e+02
2.600000e-06	-1.803619e-06	2.694549e-09	-1.261746e+01	1.601425e+02
2.610000e-06	-1.954353e-06	2.233406e-09	-1.367194e+01	1.322864e+02
2.620000e-06	-2.104467e-06	1.737619e-09	-1.472209e+01	1.026207e+02
2.630000e-06	-2.253821e-06	1.205257e-09	-1.576692e+01	7.106219e+01
2.640000e-06	-2.402258e-06	6.427294e-10	-1.680533e+01	3.763448e+01
2.650000e-06	-2.549800e-06	5.630464e-11	-1.783748e+01	2.479837e+00
2.660000e-06	-2.696512e-06	-5.552133e-10	-1.886383e+01	-3.414692e+01
2.670000e-06	-2.842313e-06	-1.189231e-09	-1.988380e+01	-7.190036e+01
2.680000e-06	-2.987068e-06	-1.834829e-09	-2.089645e+01	-1.103753e+02
2.690000e-06	-3.130657e-06	-2.482551e-09	-2.190095e+01	-1.491394e+02
2.700000e-06	-3.273091e-06	-3.129900e-09	-2.289736e+01	-1.877620e+02
2.710000e-06	-3.414292e-06	-3.773707e-09	-2.388515e+01	-2.258355e+02
2.720000e-06	-3.554127e-06	-4.401553e-09	-2.486339e+01	-2.629906e+02
2.730000e-06	-3.692638e-06	-5.003726e-09	-2.583236e+01	-2.989067e+02
2.740000e-06	-3.829785e-06	-5.580815e-09	-2.679179e+01	-3.333200e+02
2.750000e-06	-3.965502e-06	-6.133592e-09	-2.774122e+01	-3.660318e+02
2.760000e-06	-4.099797e-06	-6.656784e-09	-2.868070e+01	-3.969134e+02
2.770000e-06	-4.232605e-06	-7.144846e-09	-2.960978e+01	-4.259091e+02
2.780000e-06	-4.363894e-06	-7.599190e-09	-3.052822e+01	-4.530309e+02
2.790000e-06	-4.493689e-06	-8.027141e-09	-3.143622e+01	-4.783466e+02
2.800000e-06	-4.621944e-06	-8.427784e-09	-3.233345e+01	-5.019606e+02
2.810000e-06	-4.748603e-06	-8.798057e-09	-3.321951e+01	-5.239913e+02
2.820000e-06	-4.873561e-06	-9.143203e-09	-3.409367e+01	-5.445516e+02
2.830000e-06	-4.996726e-06	-9.470662e-09	-3.495529e+01	-5.637351e+02
2.840000e-06	-5.118143e-06	-9.778664e-09	-3.580468e+01	-5.816131e+02
2.850000e-06	-5.237739e-06	-1.006072e-08	-3.664133e+01	-5.982407e+02
2.860000e-06	-5.355297e-06	-1.031861e-08	-3.746372e+01	-6.136690e+02
2.870000e-06	-5.470652e-06	-1.055747e-08	-3.827070e+01	-6.279581e+02
2.880000e-06	-5.583737e-06	-1.078035e-08	-3.906181e+01	-6.411854e+02
2.890000e-06	-5.694636e-06	-1.098546e-08	-3.983762e+01	-6.534451e+02
2.900000e-06	-5.803518e-06	-1.117535e-08	-4.059931e+01	-6.648409e+02
2.910000e-06	-5.910521e-06	-1.135714e-08	-4.134787e+01	-6.754721e+02
2.920000e-06	-6.015446e-06	-1.153086e-08	-4.208188e+01	-6.854207e+02
2.930000e-06	-6.118066e-06	-1.169027e-08	-4.279978e+01	-6.947432e+02
2.940000e-06	-6.218405e-06	-1.183552e-08	-4.350171e+01	-7.034699e+02
2.950000e-06	-6.316558e-06	-1.197281e-08	-4.418836e+01	-7.116129e+02
2.960000e-06	-6.412625e-06	-1.210323e-08	-4.486040e+01	-7.191789e+02
2.970000e-06	-6.506435e-06	-1.222158e-08	-4.551667e+01	-7.261820e+02
2.980000e-06	-6.597944e-06	-1.232640e-08	-4.615683e+01	-7.326521e+02
2.990000e-06	-6.687216e-06	-1.242572e-08	-4.678135e+01	-7.386366e+02
3.000000e-06	-6.774094e-06	-1.252568e-08	-4.738912e+01	-7.441937e+02
3.010000e-06	-6.858462e-06	-1.261890e-08	-4.797932e+01	-7.493826e+02
3.020000e-06	-6.940454e-06	-1.269971e-08	-4.855291e+01	-7.542520e+02
3.030000e-06	-7.020041e-06	-1.277452e-08	-4.910967e+01	-7.588341e+02
3.040000e-06	-7.096837e-06	-1.284887e-08	-4.964691e+01	-7.631435e+02
3.050000e-06	-7.170889e-06	-1.291610e-08	-5.016495e+01	-7.671832e+02
3.060000e-06	-7.242387e-06	-1.297432e-08	-5.066512e+01	-7.709525e+02
3.070000e-06	-7.311252e-06	-1.303023e-08	-5.114688e+01	-7.744565e+02
3.080000e-06	-7.377546e-06	-1.308878e-08	-5.161065e+01	-7.777099e+02
3.090000e-06	-7.441317e-06	-1.314490e-08	-5.205677e+01	-7.807368e+02
3.100000e-06	-7.502405e-06	-1.319249e-08	-5.248411e+01	-7.835649e+02
3.110000e-06	-7.560778e-06	-1.323598e-08	-5.289247e+01	-7.862187e+02
3.120000e-06	-7.616460e-06	-1.327794e-08	-5.328200e+01	-7.887123e+02
3.130000e-06	-7.669265e-06	-1.331738e-08	-5.365141e+01	-7.910479e+02
3.140000e-06	-7.718970e-06	-1.334900e-08	-5.399912e+01	-7.932179e+02
3.150000e-06	-7.765567e-06	-1.337773e-08	-5.432510e+01	-7.952116e+02
3.160000e-06	-7.809507e-06	-1.341063e-08	-5.463249e+01	-7.970228e+02
3.170000e-06	-7.851018e-06	-1.344374e-08	-5.492288e+01	-7.986547e+02
3.180000e-06	-7.889810e-06	-1.347115e-08	-5.519426e+01	-8.001218e+02
3.190000e-06	-7.925828e-06	-1.349496e-08	-5.544623e+01	-8.014460e+02
3.200000e-06	-7.959088e-06	-1.351650e-08	-5.567890e+01	-8.026498e+02
3.210000e-06	-7.989407e-06	-1.353409e-08	-5.589100e+01	-8.037496e+02
3.220000e-06	-8.016846e-06	-1.354755e-08	-5.608296e+01	-8.047504e+02
3.230000e-06	-8.041539e-06	-1.355807e-08	-5.625570e+01	-8.056461e+02
3.240000e-06	-8.063336e-06	-1.357060e-08	-5.640819e+01	-8.064231e+02
3.250000e-06	-8.082259e-06	-1.358523e-08	-5.654056e+01	-8.070675e+02
3.260000e-06	-8.098369e-06	-1.359840e-08	-5.665326e+01	-8.075717e+02
3.270000e-06	-8.111393e-06	-1.360708e-08	-5.674437e+01	-8.079392e+02
3.280000e-06	-8.121356e-06	-1.361265e-08	-5.681407e+01	-8.081844e+02
3.290000e-06	-8.128427e-06	-1.361631e-08	-5.686354e+01	-8.083284e+02
3.300000e-06	-8.132614e-06	-1.361705e-08	-5.689283e+01	-8.083925e+02
3.310000e-06	-8.134056e-06	-1.361406e-08	-5.690292e+01	-8.083918e+02
