# Temperatura_=_48.68
# Concentracion g/m^3_=_11780.0
# C_Vs_to_Am_M_A/Vsm_=_59384043850.047264
# pendiente_HvsI_1/m_=_3716.3
# ordenada_HvsI_A/m_=_1297.0
# frecuencia_Hz_=_301536.10980109643

Tiempo_(s)	Campo_(V.s)	Magnetizacion_(V.s)	Campo_(kA/m)	Magnetizacion_(A/m)
0.000000e+00	-8.125633e-06	-1.341673e-08	-5.689621e+01	-7.963887e+02
1.000000e-08	-8.122366e-06	-1.341588e-08	-5.687334e+01	-7.963548e+02
2.000000e-08	-8.116487e-06	-1.341334e-08	-5.683217e+01	-7.962591e+02
3.000000e-08	-8.107960e-06	-1.340898e-08	-5.677247e+01	-7.960688e+02
4.000000e-08	-8.096598e-06	-1.340466e-08	-5.669291e+01	-7.957552e+02
5.000000e-08	-8.082317e-06	-1.339980e-08	-5.659291e+01	-7.953033e+02
6.000000e-08	-8.065172e-06	-1.339303e-08	-5.647286e+01	-7.947167e+02
7.000000e-08	-8.045492e-06	-1.338358e-08	-5.633506e+01	-7.940149e+02
8.000000e-08	-8.023262e-06	-1.336167e-08	-5.617941e+01	-7.932265e+02
9.000000e-08	-7.997903e-06	-1.333065e-08	-5.600184e+01	-7.923783e+02
1.000000e-07	-7.969268e-06	-1.330809e-08	-5.580134e+01	-7.914859e+02
1.100000e-07	-7.937657e-06	-1.330899e-08	-5.558000e+01	-7.905485e+02
1.200000e-07	-7.903226e-06	-1.331703e-08	-5.533891e+01	-7.895495e+02
1.300000e-07	-7.866265e-06	-1.330058e-08	-5.508010e+01	-7.884631e+02
1.400000e-07	-7.827098e-06	-1.328158e-08	-5.480585e+01	-7.872636e+02
1.500000e-07	-7.785568e-06	-1.325467e-08	-5.451506e+01	-7.859357e+02
1.600000e-07	-7.741236e-06	-1.323320e-08	-5.420464e+01	-7.844793e+02
1.700000e-07	-7.694150e-06	-1.319707e-08	-5.387494e+01	-7.829105e+02
1.800000e-07	-7.644233e-06	-1.314282e-08	-5.352542e+01	-7.812550e+02
1.900000e-07	-7.591173e-06	-1.314219e-08	-5.315389e+01	-7.795392e+02
2.000000e-07	-7.535290e-06	-1.313418e-08	-5.276259e+01	-7.777800e+02
2.100000e-07	-7.476746e-06	-1.309389e-08	-5.235267e+01	-7.759783e+02
2.200000e-07	-7.415522e-06	-1.305198e-08	-5.192397e+01	-7.741182e+02
2.300000e-07	-7.351591e-06	-1.302079e-08	-5.147632e+01	-7.721719e+02
2.400000e-07	-7.284852e-06	-1.299591e-08	-5.100901e+01	-7.701096e+02
2.500000e-07	-7.215444e-06	-1.294143e-08	-5.052301e+01	-7.679098e+02
2.600000e-07	-7.143367e-06	-1.289217e-08	-5.001832e+01	-7.655663e+02
2.700000e-07	-7.068571e-06	-1.286930e-08	-4.949459e+01	-7.630908e+02
2.800000e-07	-6.991006e-06	-1.284573e-08	-4.895148e+01	-7.605074e+02
2.900000e-07	-6.910690e-06	-1.279004e-08	-4.838910e+01	-7.578434e+02
3.000000e-07	-6.827898e-06	-1.272339e-08	-4.780939e+01	-7.551189e+02
3.100000e-07	-6.742852e-06	-1.268763e-08	-4.721389e+01	-7.523382e+02
3.200000e-07	-6.655516e-06	-1.265040e-08	-4.660236e+01	-7.494879e+02
3.300000e-07	-6.565777e-06	-1.259046e-08	-4.597400e+01	-7.465418e+02
3.400000e-07	-6.473680e-06	-1.252732e-08	-4.532913e+01	-7.434700e+02
3.500000e-07	-6.379291e-06	-1.247951e-08	-4.466821e+01	-7.402509e+02
3.600000e-07	-6.282544e-06	-1.243564e-08	-4.399079e+01	-7.368787e+02
3.700000e-07	-6.183448e-06	-1.236936e-08	-4.329691e+01	-7.333666e+02
3.800000e-07	-6.082161e-06	-1.229534e-08	-4.258769e+01	-7.297406e+02
3.900000e-07	-5.978739e-06	-1.223695e-08	-4.186352e+01	-7.260295e+02
4.000000e-07	-5.873124e-06	-1.219037e-08	-4.112400e+01	-7.222522e+02
4.100000e-07	-5.765318e-06	-1.212659e-08	-4.036914e+01	-7.184089e+02
4.200000e-07	-5.655494e-06	-1.204436e-08	-3.960014e+01	-7.144785e+02
4.300000e-07	-5.543661e-06	-1.197285e-08	-3.881708e+01	-7.104251e+02
4.400000e-07	-5.429613e-06	-1.191299e-08	-3.801850e+01	-7.062098e+02
4.500000e-07	-5.313351e-06	-1.183896e-08	-3.720443e+01	-7.018047e+02
4.600000e-07	-5.195042e-06	-1.174901e-08	-3.637602e+01	-6.972033e+02
4.700000e-07	-5.074889e-06	-1.166925e-08	-3.553470e+01	-6.924231e+02
4.800000e-07	-4.952936e-06	-1.160190e-08	-3.468078e+01	-6.874993e+02
4.900000e-07	-4.829184e-06	-1.152094e-08	-3.381426e+01	-6.824712e+02
5.000000e-07	-4.703683e-06	-1.141970e-08	-3.293549e+01	-6.773669e+02
5.100000e-07	-4.576520e-06	-1.132477e-08	-3.204509e+01	-6.721911e+02
5.200000e-07	-4.447839e-06	-1.124361e-08	-3.114406e+01	-6.669221e+02
5.300000e-07	-4.317581e-06	-1.115519e-08	-3.023198e+01	-6.615177e+02
5.400000e-07	-4.185599e-06	-1.105082e-08	-2.930784e+01	-6.559297e+02
5.500000e-07	-4.052053e-06	-1.094893e-08	-2.837274e+01	-6.501197e+02
5.600000e-07	-3.917050e-06	-1.085955e-08	-2.742744e+01	-6.440725e+02
5.700000e-07	-3.780626e-06	-1.076130e-08	-2.647219e+01	-6.377994e+02
5.800000e-07	-3.642848e-06	-1.064165e-08	-2.550746e+01	-6.313316e+02
5.900000e-07	-3.503610e-06	-1.051908e-08	-2.453251e+01	-6.247063e+02
6.000000e-07	-3.362939e-06	-1.041227e-08	-2.354752e+01	-6.179488e+02
6.100000e-07	-3.220936e-06	-1.030566e-08	-2.255321e+01	-6.110606e+02
6.200000e-07	-3.077716e-06	-1.018063e-08	-2.155037e+01	-6.040157e+02
6.300000e-07	-2.933409e-06	-1.004912e-08	-2.053992e+01	-5.967679e+02
6.400000e-07	-2.788030e-06	-9.926366e-09	-1.952197e+01	-5.892664e+02
6.500000e-07	-2.641563e-06	-9.801742e-09	-1.849639e+01	-5.814731e+02
6.600000e-07	-2.494151e-06	-9.657848e-09	-1.746421e+01	-5.733755e+02
6.700000e-07	-2.345984e-06	-9.507287e-09	-1.642673e+01	-5.649887e+02
6.800000e-07	-2.197038e-06	-9.368010e-09	-1.538380e+01	-5.563466e+02
6.900000e-07	-2.047280e-06	-9.231847e-09	-1.433519e+01	-5.474850e+02
7.000000e-07	-1.896798e-06	-9.077313e-09	-1.328150e+01	-5.384229e+02
7.100000e-07	-1.745665e-06	-8.910720e-09	-1.222326e+01	-5.291496e+02
7.200000e-07	-1.593950e-06	-8.750019e-09	-1.116094e+01	-5.196238e+02
7.300000e-07	-1.441675e-06	-8.590797e-09	-1.009470e+01	-5.097838e+02
7.400000e-07	-1.288886e-06	-8.417340e-09	-9.024863e+00	-4.995667e+02
7.500000e-07	-1.135700e-06	-8.230457e-09	-7.952247e+00	-4.889273e+02
7.600000e-07	-9.821151e-07	-8.049248e-09	-6.876834e+00	-4.778504e+02
7.700000e-07	-8.281068e-07	-7.869183e-09	-5.798458e+00	-4.663499e+02
7.800000e-07	-6.737634e-07	-7.669248e-09	-4.717735e+00	-4.544539e+02
7.900000e-07	-5.191488e-07	-7.449939e-09	-3.635114e+00	-4.421816e+02
8.000000e-07	-3.643254e-07	-7.231813e-09	-2.551030e+00	-4.295197e+02
8.100000e-07	-2.093585e-07	-7.016263e-09	-1.465942e+00	-4.164085e+02
8.200000e-07	-5.431014e-08	-6.785829e-09	-3.802832e-01	-4.027431e+02
8.300000e-07	1.007509e-07	-6.538484e-09	7.054641e-01	-3.883908e+02
8.400000e-07	2.557680e-07	-6.285597e-09	1.790904e+00	-3.732198e+02
8.500000e-07	4.106795e-07	-6.024507e-09	2.875605e+00	-3.571291e+02
8.600000e-07	5.654408e-07	-5.737372e-09	3.959253e+00	-3.400687e+02
8.700000e-07	7.199483e-07	-5.420930e-09	5.041125e+00	-3.220421e+02
8.800000e-07	8.741227e-07	-5.092000e-09	6.120664e+00	-3.030903e+02
8.900000e-07	1.027915e-06	-4.760787e-09	7.197525e+00	-2.832599e+02
9.000000e-07	1.181318e-06	-4.416315e-09	8.271665e+00	-2.625670e+02
9.100000e-07	1.334372e-06	-4.051200e-09	9.343360e+00	-2.409684e+02
9.200000e-07	1.486985e-06	-3.670832e-09	1.041197e+01	-2.183498e+02
9.300000e-07	1.639036e-06	-3.276389e-09	1.147663e+01	-1.945353e+02
9.400000e-07	1.790499e-06	-2.852087e-09	1.253719e+01	-1.693161e+02
9.500000e-07	1.941372e-06	-2.388084e-09	1.359361e+01	-1.424913e+02
9.600000e-07	2.091532e-06	-1.896111e-09	1.464505e+01	-1.139089e+02
9.700000e-07	2.240876e-06	-1.385067e-09	1.569076e+01	-8.349735e+01
9.800000e-07	2.389427e-06	-8.467043e-10	1.673092e+01	-5.128211e+01
9.900000e-07	2.537158e-06	-2.719953e-10	1.776534e+01	-1.738633e+01
1.000000e-06	2.683978e-06	3.283655e-10	1.879339e+01	1.798117e+01
1.010000e-06	2.829868e-06	9.420643e-10	1.981492e+01	5.454345e+01
1.020000e-06	2.974743e-06	1.569794e-09	2.082935e+01	9.197311e+01
1.030000e-06	3.118504e-06	2.215505e-09	2.183597e+01	1.299066e+02
1.040000e-06	3.261124e-06	2.865143e-09	2.283461e+01	1.679557e+02
1.050000e-06	3.402512e-06	3.501623e-09	2.382461e+01	2.057194e+02
1.060000e-06	3.542573e-06	4.121853e-09	2.480533e+01	2.427991e+02
1.070000e-06	3.681258e-06	4.728759e-09	2.577641e+01	2.788202e+02
1.080000e-06	3.818609e-06	5.314459e-09	2.673815e+01	3.134574e+02
1.090000e-06	3.954553e-06	5.868179e-09	2.769004e+01	3.464602e+02
1.100000e-06	4.088985e-06	6.390686e-09	2.863134e+01	3.776701e+02
1.110000e-06	4.221958e-06	6.886566e-09	2.956243e+01	4.070254e+02
1.120000e-06	4.353399e-06	7.354259e-09	3.048278e+01	4.345500e+02
1.130000e-06	4.483243e-06	7.786601e-09	3.139196e+01	4.603283e+02
1.140000e-06	4.611544e-06	8.187475e-09	3.229033e+01	4.844722e+02
1.150000e-06	4.738240e-06	8.567956e-09	3.317747e+01	5.070910e+02
1.160000e-06	4.863300e-06	8.928494e-09	3.405314e+01	5.282697e+02
1.170000e-06	4.986615e-06	9.259616e-09	3.491660e+01	5.480634e+02
1.180000e-06	5.108134e-06	9.561467e-09	3.576749e+01	5.665055e+02
1.190000e-06	5.227808e-06	9.846558e-09	3.660546e+01	5.836258e+02
1.200000e-06	5.345575e-06	1.011819e-08	3.743006e+01	5.994701e+02
1.210000e-06	5.461311e-06	1.036533e-08	3.824046e+01	6.141133e+02
1.220000e-06	5.574861e-06	1.058846e-08	3.903554e+01	6.276600e+02
1.230000e-06	5.686306e-06	1.079887e-08	3.981588e+01	6.402334e+02
1.240000e-06	5.795800e-06	1.100115e-08	4.058257e+01	6.519564e+02
1.250000e-06	5.903323e-06	1.118778e-08	4.133545e+01	6.629310e+02
1.260000e-06	6.008708e-06	1.135520e-08	4.207336e+01	6.732252e+02
1.270000e-06	6.111881e-06	1.151265e-08	4.279579e+01	6.828706e+02
1.280000e-06	6.212815e-06	1.166574e-08	4.350253e+01	6.918723e+02
1.290000e-06	6.311472e-06	1.180799e-08	4.419334e+01	7.002259e+02
1.300000e-06	6.407795e-06	1.193472e-08	4.486780e+01	7.079364e+02
1.310000e-06	6.501929e-06	1.205139e-08	4.552693e+01	7.150320e+02
1.320000e-06	6.593834e-06	1.216181e-08	4.617046e+01	7.215662e+02
1.330000e-06	6.683334e-06	1.226251e-08	4.679714e+01	7.276117e+02
1.340000e-06	6.770494e-06	1.235288e-08	4.740744e+01	7.332449e+02
1.350000e-06	6.855362e-06	1.244016e-08	4.800169e+01	7.385306e+02
1.360000e-06	6.937877e-06	1.252742e-08	4.857947e+01	7.435108e+02
1.370000e-06	7.017880e-06	1.260955e-08	4.913965e+01	7.482018e+02
1.380000e-06	7.095276e-06	1.268202e-08	4.968159e+01	7.526011e+02
1.390000e-06	7.169963e-06	1.274705e-08	5.020455e+01	7.566995e+02
1.400000e-06	7.242000e-06	1.281093e-08	5.070895e+01	7.604945e+02
1.410000e-06	7.311478e-06	1.287156e-08	5.119545e+01	7.639991e+02
1.420000e-06	7.378336e-06	1.292448e-08	5.166359e+01	7.672432e+02
1.430000e-06	7.442582e-06	1.297164e-08	5.211345e+01	7.702666e+02
1.440000e-06	7.504338e-06	1.301825e-08	5.254587e+01	7.731086e+02
1.450000e-06	7.563567e-06	1.306642e-08	5.296059e+01	7.757959e+02
1.460000e-06	7.620066e-06	1.311044e-08	5.335620e+01	7.783364e+02
1.470000e-06	7.673680e-06	1.314668e-08	5.373161e+01	7.807195e+02
1.480000e-06	7.724101e-06	1.318098e-08	5.408466e+01	7.829239e+02
1.490000e-06	7.771436e-06	1.321656e-08	5.441610e+01	7.849287e+02
1.500000e-06	7.816073e-06	1.324955e-08	5.472866e+01	7.867251e+02
1.510000e-06	7.857894e-06	1.327600e-08	5.502148e+01	7.883226e+02
1.520000e-06	7.896819e-06	1.330000e-08	5.529404e+01	7.897478e+02
1.530000e-06	7.933053e-06	1.332398e-08	5.554776e+01	7.910372e+02
1.540000e-06	7.966521e-06	1.334427e-08	5.578210e+01	7.922255e+02
1.550000e-06	7.997174e-06	1.335692e-08	5.599674e+01	7.933347e+02
1.560000e-06	8.025116e-06	1.336730e-08	5.619239e+01	7.943673e+02
1.570000e-06	8.050191e-06	1.338267e-08	5.636797e+01	7.953076e+02
1.580000e-06	8.072420e-06	1.339983e-08	5.652361e+01	7.961284e+02
1.590000e-06	8.091967e-06	1.341263e-08	5.666048e+01	7.968031e+02
1.600000e-06	8.108608e-06	1.342090e-08	5.677700e+01	7.973168e+02
1.610000e-06	8.122188e-06	1.342917e-08	5.687209e+01	7.976732e+02
1.620000e-06	8.132643e-06	1.343422e-08	5.694530e+01	7.978952e+02
1.630000e-06	8.140043e-06	1.343205e-08	5.699712e+01	7.980182e+02
1.640000e-06	8.144662e-06	1.342497e-08	5.702946e+01	7.980790e+02
1.650000e-06	8.146382e-06	1.342229e-08	5.704150e+01	7.981040e+02
1.660000e-06	8.145250e-06	1.342641e-08	5.703357e+01	7.981012e+02
1.670000e-06	8.141531e-06	1.343025e-08	5.700753e+01	7.980586e+02
1.680000e-06	8.135175e-06	1.342997e-08	5.696302e+01	7.979484e+02
1.690000e-06	8.126068e-06	1.342780e-08	5.689926e+01	7.977378e+02
1.700000e-06	8.114143e-06	1.342310e-08	5.681576e+01	7.974001e+02
1.710000e-06	8.099385e-06	1.341092e-08	5.671243e+01	7.969234e+02
1.720000e-06	8.082062e-06	1.338937e-08	5.659113e+01	7.963144e+02
1.730000e-06	8.062385e-06	1.337945e-08	5.645335e+01	7.955950e+02
1.740000e-06	8.039920e-06	1.338581e-08	5.629605e+01	7.947941e+02
1.750000e-06	8.013951e-06	1.339111e-08	5.611421e+01	7.939373e+02
1.760000e-06	7.984265e-06	1.336822e-08	5.590634e+01	7.930375e+02
1.770000e-06	7.951409e-06	1.332372e-08	5.567629e+01	7.920907e+02
1.780000e-06	7.916035e-06	1.329499e-08	5.542859e+01	7.910781e+02
1.790000e-06	7.878309e-06	1.328128e-08	5.516443e+01	7.899731e+02
1.800000e-06	7.838514e-06	1.327967e-08	5.488579e+01	7.887515e+02
1.810000e-06	7.796532e-06	1.324025e-08	5.459183e+01	7.874001e+02
1.820000e-06	7.751795e-06	1.321621e-08	5.427857e+01	7.859221e+02
1.830000e-06	7.704393e-06	1.320702e-08	5.394666e+01	7.843357e+02
1.840000e-06	7.654023e-06	1.316341e-08	5.359397e+01	7.826677e+02
1.850000e-06	7.600462e-06	1.313272e-08	5.321893e+01	7.809433e+02
1.860000e-06	7.544051e-06	1.308956e-08	5.282394e+01	7.791769e+02
1.870000e-06	7.484938e-06	1.307299e-08	5.241002e+01	7.773664e+02
1.880000e-06	7.423336e-06	1.305197e-08	5.197868e+01	7.754932e+02
1.890000e-06	7.358959e-06	1.300647e-08	5.152791e+01	7.735283e+02
1.900000e-06	7.291759e-06	1.298152e-08	5.105738e+01	7.714426e+02
1.910000e-06	7.221786e-06	1.294113e-08	5.056742e+01	7.692170e+02
1.920000e-06	7.148955e-06	1.289548e-08	5.005745e+01	7.668487e+02
1.930000e-06	7.073515e-06	1.284656e-08	4.952921e+01	7.643519e+02
1.940000e-06	6.995363e-06	1.280625e-08	4.898199e+01	7.617522e+02
1.950000e-06	6.914622e-06	1.277118e-08	4.841663e+01	7.590763e+02
1.960000e-06	6.831434e-06	1.272588e-08	4.783415e+01	7.563419e+02
1.970000e-06	6.745790e-06	1.268423e-08	4.723446e+01	7.535502e+02
1.980000e-06	6.657722e-06	1.262726e-08	4.661780e+01	7.506851e+02
1.990000e-06	6.567178e-06	1.256930e-08	4.598381e+01	7.477186e+02
2.000000e-06	6.474369e-06	1.251929e-08	4.533396e+01	7.446217e+02
2.010000e-06	6.379327e-06	1.246627e-08	4.466846e+01	7.413751e+02
2.020000e-06	6.282040e-06	1.241395e-08	4.398725e+01	7.379765e+02
2.030000e-06	6.182492e-06	1.235904e-08	4.329022e+01	7.344419e+02
2.040000e-06	6.080646e-06	1.230106e-08	4.257708e+01	7.307987e+02
2.050000e-06	5.976623e-06	1.223388e-08	4.184870e+01	7.270748e+02
2.060000e-06	5.870505e-06	1.215948e-08	4.110566e+01	7.232864e+02
2.070000e-06	5.762370e-06	1.209478e-08	4.034849e+01	7.194296e+02
2.080000e-06	5.652128e-06	1.202901e-08	3.957657e+01	7.154802e+02
2.090000e-06	5.539735e-06	1.196264e-08	3.878959e+01	7.114006e+02
2.100000e-06	5.425195e-06	1.189269e-08	3.798757e+01	7.071529e+02
2.110000e-06	5.308560e-06	1.182241e-08	3.717088e+01	7.027125e+02
2.120000e-06	5.189855e-06	1.174624e-08	3.633970e+01	6.980772e+02
2.130000e-06	5.069176e-06	1.165741e-08	3.549470e+01	6.932685e+02
2.140000e-06	4.946656e-06	1.156897e-08	3.463681e+01	6.883233e+02
2.150000e-06	4.822412e-06	1.148722e-08	3.376684e+01	6.832801e+02
2.160000e-06	4.696487e-06	1.141153e-08	3.288511e+01	6.781635e+02
2.170000e-06	4.568818e-06	1.132381e-08	3.199116e+01	6.729734e+02
2.180000e-06	4.439502e-06	1.123120e-08	3.108568e+01	6.676837e+02
2.190000e-06	4.308650e-06	1.113928e-08	3.016945e+01	6.622500e+02
2.200000e-06	4.176304e-06	1.104735e-08	2.924276e+01	6.566245e+02
2.210000e-06	4.042451e-06	1.094437e-08	2.830551e+01	6.507725e+02
2.220000e-06	3.907101e-06	1.083818e-08	2.735778e+01	6.446835e+02
2.230000e-06	3.770243e-06	1.073664e-08	2.639949e+01	6.383729e+02
2.240000e-06	3.632030e-06	1.063738e-08	2.543171e+01	6.318744e+02
2.250000e-06	3.492519e-06	1.052565e-08	2.445485e+01	6.252241e+02
2.260000e-06	3.351706e-06	1.040293e-08	2.346886e+01	6.184440e+02
2.270000e-06	3.209601e-06	1.028155e-08	2.247384e+01	6.115305e+02
2.280000e-06	3.066219e-06	1.016382e-08	2.146987e+01	6.044531e+02
2.290000e-06	2.921675e-06	1.004669e-08	2.045776e+01	5.971636e+02
2.300000e-06	2.776082e-06	9.919814e-09	1.943831e+01	5.896122e+02
2.310000e-06	2.629612e-06	9.792154e-09	1.841271e+01	5.817646e+02
2.320000e-06	2.482296e-06	9.658748e-09	1.738120e+01	5.736135e+02
2.330000e-06	2.334152e-06	9.516544e-09	1.634388e+01	5.651783e+02
2.340000e-06	2.185173e-06	9.360722e-09	1.530072e+01	5.564947e+02
2.350000e-06	2.035402e-06	9.204920e-09	1.425202e+01	5.475966e+02
2.360000e-06	1.884906e-06	9.055331e-09	1.319823e+01	5.384985e+02
2.370000e-06	1.733735e-06	8.903766e-09	1.213972e+01	5.291839e+02
2.380000e-06	1.581971e-06	8.743596e-09	1.107707e+01	5.196069e+02
2.390000e-06	1.429571e-06	8.574365e-09	1.000995e+01	5.097039e+02
2.400000e-06	1.276566e-06	8.401267e-09	8.938597e+00	4.994139e+02
2.410000e-06	1.123095e-06	8.220185e-09	7.863982e+00	4.886965e+02
2.420000e-06	9.692686e-07	8.028539e-09	6.786882e+00	4.775424e+02
2.430000e-06	8.151387e-07	7.830501e-09	5.707655e+00	4.659691e+02
2.440000e-06	6.607505e-07	7.632917e-09	4.626618e+00	4.540051e+02
2.450000e-06	5.061818e-07	7.430678e-09	3.544318e+00	4.416654e+02
2.460000e-06	3.514634e-07	7.216525e-09	2.460970e+00	4.289291e+02
2.470000e-06	1.966010e-07	6.991852e-09	1.376613e+00	4.157278e+02
2.480000e-06	4.164068e-08	6.762375e-09	2.915708e-01	4.019498e+02
2.490000e-06	-1.132744e-07	6.521664e-09	-7.931548e-01	3.874604e+02
2.500000e-06	-2.680995e-07	6.263671e-09	-1.877250e+00	3.721314e+02
2.510000e-06	-4.228092e-07	5.988618e-09	-2.960538e+00	3.558695e+02
2.520000e-06	-5.773669e-07	5.699133e-09	-4.042761e+00	3.386349e+02
2.530000e-06	-7.317206e-07	5.393819e-09	-5.123556e+00	3.204395e+02
2.540000e-06	-8.857846e-07	5.069934e-09	-6.202322e+00	3.013278e+02
2.550000e-06	-1.039517e-06	4.732773e-09	-7.278763e+00	2.813436e+02
2.560000e-06	-1.192877e-06	4.386153e-09	-8.352601e+00	2.604941e+02
2.570000e-06	-1.345815e-06	4.025593e-09	-9.423487e+00	2.387238e+02
2.580000e-06	-1.498241e-06	3.643741e-09	-1.049078e+01	2.159060e+02
2.590000e-06	-1.650044e-06	3.237533e-09	-1.155371e+01	1.918562e+02
2.600000e-06	-1.801224e-06	2.807889e-09	-1.261228e+01	1.663642e+02
2.610000e-06	-1.951773e-06	2.351964e-09	-1.366644e+01	1.392347e+02
2.620000e-06	-2.101623e-06	1.865262e-09	-1.471570e+01	1.103283e+02
2.630000e-06	-2.250749e-06	1.347791e-09	-1.575989e+01	7.958983e+01
2.640000e-06	-2.399099e-06	8.043544e-10	-1.679865e+01	4.706280e+01
2.650000e-06	-2.546599e-06	2.376829e-10	-1.783145e+01	1.288668e+01
2.660000e-06	-2.693173e-06	-3.547935e-10	-1.885778e+01	-2.271615e+01
2.670000e-06	-2.838833e-06	-9.707351e-10	-1.987769e+01	-5.945855e+01
2.680000e-06	-2.983481e-06	-1.603086e-09	-2.089053e+01	-9.700569e+01
2.690000e-06	-3.126977e-06	-2.243111e-09	-2.189530e+01	-1.349888e+02
2.700000e-06	-3.269240e-06	-2.883919e-09	-2.289143e+01	-1.730166e+02
2.710000e-06	-3.410210e-06	-3.518361e-09	-2.387852e+01	-2.106870e+02
2.720000e-06	-3.549878e-06	-4.138555e-09	-2.485648e+01	-2.476040e+02
2.730000e-06	-3.688288e-06	-4.737472e-09	-2.582564e+01	-2.834000e+02
2.740000e-06	-3.825449e-06	-5.313287e-09	-2.678605e+01	-3.177613e+02
2.750000e-06	-3.961181e-06	-5.864792e-09	-2.773645e+01	-3.504527e+02
2.760000e-06	-4.095394e-06	-6.387807e-09	-2.867622e+01	-3.813332e+02
2.770000e-06	-4.228146e-06	-6.879970e-09	-2.960575e+01	-4.103577e+02
2.780000e-06	-4.359386e-06	-7.340069e-09	-3.052470e+01	-4.375631e+02
2.790000e-06	-4.489078e-06	-7.769677e-09	-3.143282e+01	-4.630410e+02
2.800000e-06	-4.617208e-06	-8.170747e-09	-3.232999e+01	-4.869051e+02
2.810000e-06	-4.743709e-06	-8.546359e-09	-3.321576e+01	-5.092613e+02
2.820000e-06	-4.868556e-06	-8.899371e-09	-3.408995e+01	-5.301895e+02
2.830000e-06	-4.991693e-06	-9.231906e-09	-3.495216e+01	-5.497398e+02
2.840000e-06	-5.113019e-06	-9.543322e-09	-3.580170e+01	-5.679434e+02
2.850000e-06	-5.232430e-06	-9.830800e-09	-3.663782e+01	-5.848318e+02
2.860000e-06	-5.349800e-06	-1.009488e-08	-3.745965e+01	-6.004552e+02
2.870000e-06	-5.465008e-06	-1.033748e-08	-3.826635e+01	-6.148942e+02
2.880000e-06	-5.577962e-06	-1.056007e-08	-3.905725e+01	-6.282577e+02
2.890000e-06	-5.688731e-06	-1.076690e-08	-3.983287e+01	-6.406707e+02
2.900000e-06	-5.797498e-06	-1.096297e-08	-4.059446e+01	-6.522534e+02
2.910000e-06	-5.904315e-06	-1.114857e-08	-4.134240e+01	-6.631025e+02
2.920000e-06	-6.009135e-06	-1.132115e-08	-4.207635e+01	-6.732795e+02
2.930000e-06	-6.111752e-06	-1.148179e-08	-4.279488e+01	-6.828102e+02
2.940000e-06	-6.212078e-06	-1.163324e-08	-4.349738e+01	-6.916964e+02
2.950000e-06	-6.310249e-06	-1.177449e-08	-4.418478e+01	-6.999342e+02
2.960000e-06	-6.406260e-06	-1.190414e-08	-4.485705e+01	-7.075322e+02
2.970000e-06	-6.499968e-06	-1.202260e-08	-4.551320e+01	-7.145229e+02
2.980000e-06	-6.591383e-06	-1.213075e-08	-4.615330e+01	-7.209642e+02
2.990000e-06	-6.680577e-06	-1.223162e-08	-4.677784e+01	-7.269306e+02
3.000000e-06	-6.767399e-06	-1.232566e-08	-4.738577e+01	-7.324975e+02
3.010000e-06	-6.851742e-06	-1.241414e-08	-4.797634e+01	-7.377264e+02
3.020000e-06	-6.933708e-06	-1.249847e-08	-4.855028e+01	-7.426544e+02
3.030000e-06	-7.013235e-06	-1.257759e-08	-4.910713e+01	-7.472938e+02
3.040000e-06	-7.090012e-06	-1.265034e-08	-4.964473e+01	-7.516400e+02
3.050000e-06	-7.164071e-06	-1.271771e-08	-5.016330e+01	-7.556841e+02
3.060000e-06	-7.235541e-06	-1.278103e-08	-5.066373e+01	-7.594258e+02
3.070000e-06	-7.304343e-06	-1.283910e-08	-5.114549e+01	-7.628813e+02
3.080000e-06	-7.370548e-06	-1.289229e-08	-5.160906e+01	-7.660829e+02
3.090000e-06	-7.434224e-06	-1.294179e-08	-5.205492e+01	-7.690713e+02
3.100000e-06	-7.495263e-06	-1.298984e-08	-5.248232e+01	-7.718841e+02
3.110000e-06	-7.553634e-06	-1.303667e-08	-5.289104e+01	-7.745452e+02
3.120000e-06	-7.609318e-06	-1.308038e-08	-5.328094e+01	-7.770588e+02
3.130000e-06	-7.662088e-06	-1.312075e-08	-5.365044e+01	-7.794118e+02
3.140000e-06	-7.711743e-06	-1.315714e-08	-5.399813e+01	-7.815818e+02
3.150000e-06	-7.758355e-06	-1.318806e-08	-5.432451e+01	-7.835496e+02
3.160000e-06	-7.802347e-06	-1.321530e-08	-5.463254e+01	-7.853093e+02
3.170000e-06	-7.843850e-06	-1.324107e-08	-5.492315e+01	-7.868736e+02
3.180000e-06	-7.882564e-06	-1.326627e-08	-5.519423e+01	-7.882717e+02
3.190000e-06	-7.918507e-06	-1.329182e-08	-5.544590e+01	-7.895408e+02
3.200000e-06	-7.951783e-06	-1.331460e-08	-5.567890e+01	-7.907139e+02
3.210000e-06	-7.982136e-06	-1.333380e-08	-5.589143e+01	-7.918098e+02
3.220000e-06	-8.009579e-06	-1.335196e-08	-5.608359e+01	-7.928276e+02
3.230000e-06	-8.034289e-06	-1.336724e-08	-5.625662e+01	-7.937486e+02
3.240000e-06	-8.056085e-06	-1.337936e-08	-5.640923e+01	-7.945451e+02
3.250000e-06	-8.075012e-06	-1.338971e-08	-5.654176e+01	-7.951917e+02
3.260000e-06	-8.091145e-06	-1.339892e-08	-5.665472e+01	-7.956764e+02
3.270000e-06	-8.104164e-06	-1.340658e-08	-5.674589e+01	-7.960066e+02
3.280000e-06	-8.114087e-06	-1.341179e-08	-5.681537e+01	-7.962082e+02
3.290000e-06	-8.121108e-06	-1.341516e-08	-5.686453e+01	-7.963175e+02
3.300000e-06	-8.125242e-06	-1.341719e-08	-5.689348e+01	-7.963704e+02
3.310000e-06	-8.126590e-06	-1.341783e-08	-5.690291e+01	-7.963905e+02
