# Temperatura_=_35.87
# Concentracion g/m^3_=_11780.0
# C_Vs_to_Am_M_A/Vsm_=_59384043850.047264
# pendiente_HvsI_1/m_=_3716.3
# ordenada_HvsI_A/m_=_1297.0
# frecuencia_Hz_=_301538.12473796116

Tiempo_(s)	Campo_(V.s)	Magnetizacion_(V.s)	Campo_(kA/m)	Magnetizacion_(A/m)
0.000000e+00	-8.149867e-06	-1.340853e-08	-5.689601e+01	-7.959567e+02
1.000000e-08	-8.146885e-06	-1.340717e-08	-5.687519e+01	-7.958910e+02
2.000000e-08	-8.141187e-06	-1.340199e-08	-5.683542e+01	-7.957494e+02
3.000000e-08	-8.132816e-06	-1.339531e-08	-5.677697e+01	-7.955234e+02
4.000000e-08	-8.121643e-06	-1.339145e-08	-5.669897e+01	-7.952051e+02
5.000000e-08	-8.107564e-06	-1.338976e-08	-5.660068e+01	-7.947897e+02
6.000000e-08	-8.090560e-06	-1.338369e-08	-5.648198e+01	-7.942764e+02
7.000000e-08	-8.071037e-06	-1.337148e-08	-5.634568e+01	-7.936684e+02
8.000000e-08	-8.049069e-06	-1.335755e-08	-5.619232e+01	-7.929712e+02
9.000000e-08	-8.023979e-06	-1.333247e-08	-5.601716e+01	-7.921903e+02
1.000000e-07	-7.995548e-06	-1.330016e-08	-5.581868e+01	-7.913289e+02
1.100000e-07	-7.964165e-06	-1.329366e-08	-5.559958e+01	-7.903868e+02
1.200000e-07	-7.929991e-06	-1.330538e-08	-5.536101e+01	-7.893603e+02
1.300000e-07	-7.893195e-06	-1.329509e-08	-5.510413e+01	-7.882437e+02
1.400000e-07	-7.854159e-06	-1.326661e-08	-5.483161e+01	-7.870311e+02
1.500000e-07	-7.812778e-06	-1.325483e-08	-5.454272e+01	-7.857196e+02
1.600000e-07	-7.768587e-06	-1.323072e-08	-5.423421e+01	-7.843102e+02
1.700000e-07	-7.721595e-06	-1.318196e-08	-5.390615e+01	-7.828082e+02
1.800000e-07	-7.671782e-06	-1.314946e-08	-5.355840e+01	-7.812221e+02
1.900000e-07	-7.618845e-06	-1.312512e-08	-5.318883e+01	-7.795605e+02
2.000000e-07	-7.563042e-06	-1.311670e-08	-5.279926e+01	-7.778288e+02
2.100000e-07	-7.504549e-06	-1.308870e-08	-5.239090e+01	-7.760275e+02
2.200000e-07	-7.443406e-06	-1.304031e-08	-5.196405e+01	-7.741505e+02
2.300000e-07	-7.379642e-06	-1.301739e-08	-5.151890e+01	-7.721873e+02
2.400000e-07	-7.313064e-06	-1.298686e-08	-5.105411e+01	-7.701258e+02
2.500000e-07	-7.243747e-06	-1.294206e-08	-5.057019e+01	-7.679562e+02
2.600000e-07	-7.171714e-06	-1.289249e-08	-5.006731e+01	-7.656743e+02
2.700000e-07	-7.096861e-06	-1.286388e-08	-4.954475e+01	-7.632828e+02
2.800000e-07	-7.019155e-06	-1.283768e-08	-4.900227e+01	-7.607901e+02
2.900000e-07	-6.938710e-06	-1.278404e-08	-4.844066e+01	-7.582066e+02
3.000000e-07	-6.855880e-06	-1.273092e-08	-4.786241e+01	-7.555401e+02
3.100000e-07	-6.770771e-06	-1.268377e-08	-4.726824e+01	-7.527918e+02
3.200000e-07	-6.683283e-06	-1.264668e-08	-4.665747e+01	-7.499551e+02
3.300000e-07	-6.593403e-06	-1.259558e-08	-4.602999e+01	-7.470165e+02
3.400000e-07	-6.501258e-06	-1.253434e-08	-4.538671e+01	-7.439606e+02
3.500000e-07	-6.406893e-06	-1.248236e-08	-4.472793e+01	-7.407750e+02
3.600000e-07	-6.310073e-06	-1.243142e-08	-4.405201e+01	-7.374554e+02
3.700000e-07	-6.210885e-06	-1.237138e-08	-4.335955e+01	-7.340075e+02
3.800000e-07	-6.109537e-06	-1.230004e-08	-4.265202e+01	-7.304447e+02
3.900000e-07	-6.006003e-06	-1.224270e-08	-4.192922e+01	-7.267827e+02
4.000000e-07	-5.900277e-06	-1.219226e-08	-4.119113e+01	-7.230329e+02
4.100000e-07	-5.792416e-06	-1.213429e-08	-4.043813e+01	-7.191960e+02
4.200000e-07	-5.682554e-06	-1.205814e-08	-3.967116e+01	-7.152600e+02
4.300000e-07	-5.570638e-06	-1.198027e-08	-3.888985e+01	-7.112023e+02
4.400000e-07	-5.456483e-06	-1.191291e-08	-3.809290e+01	-7.069968e+02
4.500000e-07	-5.340160e-06	-1.183991e-08	-3.728083e+01	-7.026220e+02
4.600000e-07	-5.221821e-06	-1.175646e-08	-3.645468e+01	-6.980690e+02
4.700000e-07	-5.101581e-06	-1.167760e-08	-3.561526e+01	-6.933448e+02
4.800000e-07	-4.979495e-06	-1.161046e-08	-3.476295e+01	-6.884701e+02
4.900000e-07	-4.855617e-06	-1.153203e-08	-3.389813e+01	-6.834718e+02
5.000000e-07	-4.730005e-06	-1.143606e-08	-3.302121e+01	-6.783730e+02
5.100000e-07	-4.602683e-06	-1.133833e-08	-3.213234e+01	-6.731837e+02
5.200000e-07	-4.473694e-06	-1.125128e-08	-3.123184e+01	-6.678960e+02
5.300000e-07	-4.343107e-06	-1.116354e-08	-3.032018e+01	-6.624853e+02
5.400000e-07	-4.210899e-06	-1.106570e-08	-2.939721e+01	-6.569178e+02
5.500000e-07	-4.077166e-06	-1.096729e-08	-2.846359e+01	-6.511609e+02
5.600000e-07	-3.942064e-06	-1.087681e-08	-2.752042e+01	-6.451935e+02
5.700000e-07	-3.805490e-06	-1.077910e-08	-2.656696e+01	-6.390112e+02
5.800000e-07	-3.667336e-06	-1.066276e-08	-2.560248e+01	-6.326258e+02
5.900000e-07	-3.527743e-06	-1.054115e-08	-2.462795e+01	-6.260579e+02
6.000000e-07	-3.386753e-06	-1.043005e-08	-2.364367e+01	-6.193269e+02
6.100000e-07	-3.244323e-06	-1.032280e-08	-2.264933e+01	-6.124404e+02
6.200000e-07	-3.100542e-06	-1.020329e-08	-2.164556e+01	-6.053891e+02
6.300000e-07	-2.955653e-06	-1.007658e-08	-2.063407e+01	-5.981483e+02
6.400000e-07	-2.809869e-06	-9.953539e-09	-1.961632e+01	-5.906845e+02
6.500000e-07	-2.663152e-06	-9.827884e-09	-1.859205e+01	-5.829670e+02
6.600000e-07	-2.515496e-06	-9.687381e-09	-1.756123e+01	-5.749764e+02
6.700000e-07	-2.367034e-06	-9.541179e-09	-1.652479e+01	-5.667104e+02
6.800000e-07	-2.217851e-06	-9.402858e-09	-1.548331e+01	-5.581808e+02
6.900000e-07	-2.067879e-06	-9.264086e-09	-1.443632e+01	-5.494054e+02
7.000000e-07	-1.917130e-06	-9.110387e-09	-1.338391e+01	-5.403968e+02
7.100000e-07	-1.765692e-06	-8.948658e-09	-1.232668e+01	-5.311525e+02
7.200000e-07	-1.613622e-06	-8.788986e-09	-1.126505e+01	-5.216507e+02
7.300000e-07	-1.460954e-06	-8.627324e-09	-1.019924e+01	-5.118535e+02
7.400000e-07	-1.307737e-06	-8.455365e-09	-9.129602e+00	-5.017169e+02
7.500000e-07	-1.154040e-06	-8.275428e-09	-8.056608e+00	-4.912018e+02
7.600000e-07	-9.998828e-07	-8.095697e-09	-6.980402e+00	-4.802837e+02
7.700000e-07	-8.452649e-07	-7.911636e-09	-5.900980e+00	-4.689547e+02
7.800000e-07	-6.903297e-07	-7.712289e-09	-4.819343e+00	-4.572177e+02
7.900000e-07	-5.352624e-07	-7.499531e-09	-3.736784e+00	-4.450735e+02
8.000000e-07	-3.800020e-07	-7.286033e-09	-2.652877e+00	-4.325052e+02
8.100000e-07	-2.245472e-07	-7.070272e-09	-1.567613e+00	-4.194678e+02
8.200000e-07	-6.902164e-08	-6.841480e-09	-4.818552e-01	-4.058854e+02
8.300000e-07	8.651130e-08	-6.600463e-09	6.039544e-01	-3.916591e+02
8.400000e-07	2.420084e-07	-6.351545e-09	1.689514e+00	-3.766842e+02
8.500000e-07	3.974115e-07	-6.090480e-09	2.774417e+00	-3.608705e+02
8.600000e-07	5.526862e-07	-5.806044e-09	3.858424e+00	-3.441587e+02
8.700000e-07	7.077868e-07	-5.497953e-09	4.941215e+00	-3.265272e+02
8.800000e-07	8.626328e-07	-5.178754e-09	6.022229e+00	-3.079858e+02
8.900000e-07	1.017132e-06	-4.855150e-09	7.100822e+00	-2.885570e+02
9.000000e-07	1.171142e-06	-4.517179e-09	8.175998e+00	-2.682516e+02
9.100000e-07	1.324642e-06	-4.158238e-09	9.247619e+00	-2.470439e+02
9.200000e-07	1.477665e-06	-3.786030e-09	1.031590e+01	-2.248570e+02
9.300000e-07	1.630207e-06	-3.398400e-09	1.138083e+01	-2.015615e+02
9.400000e-07	1.782230e-06	-2.981302e-09	1.244214e+01	-1.769897e+02
9.500000e-07	1.933592e-06	-2.531571e-09	1.349883e+01	-1.509629e+02
9.600000e-07	2.084183e-06	-2.059417e-09	1.455014e+01	-1.233238e+02
9.700000e-07	2.234027e-06	-1.568342e-09	1.559623e+01	-9.396846e+01
9.800000e-07	2.383070e-06	-1.047641e-09	1.663674e+01	-6.287085e+01
9.900000e-07	2.531253e-06	-4.906562e-10	1.767123e+01	-3.009513e+01
1.000000e-06	2.678570e-06	9.204605e-11	1.869969e+01	4.203306e+00
1.010000e-06	2.824947e-06	6.907307e-10	1.972157e+01	3.978698e+01
1.020000e-06	2.970344e-06	1.306303e-09	2.073663e+01	7.635188e+01
1.030000e-06	3.114638e-06	1.938551e-09	2.174397e+01	1.135460e+02
1.040000e-06	3.257744e-06	2.574734e-09	2.274303e+01	1.509884e+02
1.050000e-06	3.399668e-06	3.201214e-09	2.373383e+01	1.882884e+02
1.060000e-06	3.540329e-06	3.817613e-09	2.471581e+01	2.250646e+02
1.070000e-06	3.679584e-06	4.425145e-09	2.568798e+01	2.609633e+02
1.080000e-06	3.817437e-06	5.014099e-09	2.665036e+01	2.956766e+02
1.090000e-06	3.953906e-06	5.573030e-09	2.760309e+01	3.289585e+02
1.100000e-06	4.088884e-06	6.102819e-09	2.854540e+01	3.606348e+02
1.110000e-06	4.222377e-06	6.609639e-09	2.947734e+01	3.906060e+02
1.120000e-06	4.354371e-06	7.089984e-09	3.039882e+01	4.188423e+02
1.130000e-06	4.484756e-06	7.535833e-09	3.130907e+01	4.453690e+02
1.140000e-06	4.613542e-06	7.949445e-09	3.220815e+01	4.702484e+02
1.150000e-06	4.740705e-06	8.340590e-09	3.309591e+01	4.935599e+02
1.160000e-06	4.866246e-06	8.710488e-09	3.397233e+01	5.153838e+02
1.170000e-06	4.990157e-06	9.053029e-09	3.483738e+01	5.357921e+02
1.180000e-06	5.112300e-06	9.368797e-09	3.569009e+01	5.548467e+02
1.190000e-06	5.232531e-06	9.665727e-09	3.652945e+01	5.726034e+02
1.200000e-06	5.350802e-06	9.946061e-09	3.735513e+01	5.891201e+02
1.210000e-06	5.467092e-06	1.020426e-08	3.816697e+01	6.044628e+02
1.220000e-06	5.581229e-06	1.043978e-08	3.896378e+01	6.187095e+02
1.230000e-06	5.693193e-06	1.066105e-08	3.974543e+01	6.319472e+02
1.240000e-06	5.803169e-06	1.087238e-08	4.051320e+01	6.442658e+02
1.250000e-06	5.911193e-06	1.106759e-08	4.126733e+01	6.557499e+02
1.260000e-06	6.017091e-06	1.124375e-08	4.200663e+01	6.664712e+02
1.270000e-06	6.120755e-06	1.140817e-08	4.273033e+01	6.764850e+02
1.280000e-06	6.222244e-06	1.156727e-08	4.343885e+01	6.858308e+02
1.290000e-06	6.321491e-06	1.171622e-08	4.413172e+01	6.945372e+02
1.300000e-06	6.418351e-06	1.184947e-08	4.480792e+01	7.026288e+02
1.310000e-06	6.512908e-06	1.197193e-08	4.546804e+01	7.101330e+02
1.320000e-06	6.605241e-06	1.208761e-08	4.611264e+01	7.170836e+02
1.330000e-06	6.695232e-06	1.219441e-08	4.674089e+01	7.235214e+02
1.340000e-06	6.782830e-06	1.229040e-08	4.735243e+01	7.294925e+02
1.350000e-06	6.868122e-06	1.238115e-08	4.794787e+01	7.350430e+02
1.360000e-06	6.951103e-06	1.247153e-08	4.852718e+01	7.402161e+02
1.370000e-06	7.031592e-06	1.255658e-08	4.908909e+01	7.450484e+02
1.380000e-06	7.109490e-06	1.263145e-08	4.963291e+01	7.495699e+02
1.390000e-06	7.184765e-06	1.270003e-08	5.015842e+01	7.538045e+02
1.400000e-06	7.257326e-06	1.276699e-08	5.066499e+01	7.577721e+02
1.410000e-06	7.327261e-06	1.282981e-08	5.115322e+01	7.614896e+02
1.420000e-06	7.394615e-06	1.288562e-08	5.162343e+01	7.649719e+02
1.430000e-06	7.459295e-06	1.293655e-08	5.207498e+01	7.682314e+02
1.440000e-06	7.521386e-06	1.298760e-08	5.250845e+01	7.712770e+02
1.450000e-06	7.580929e-06	1.303994e-08	5.292413e+01	7.741141e+02
1.460000e-06	7.637780e-06	1.308848e-08	5.332102e+01	7.767453e+02
1.470000e-06	7.691831e-06	1.312827e-08	5.369836e+01	7.791724e+02
1.480000e-06	7.742771e-06	1.316407e-08	5.405399e+01	7.813989e+02
1.490000e-06	7.790533e-06	1.319998e-08	5.438742e+01	7.834323e+02
1.500000e-06	7.835486e-06	1.323239e-08	5.470125e+01	7.852854e+02
1.510000e-06	7.877637e-06	1.325666e-08	5.499551e+01	7.869752e+02
1.520000e-06	7.916913e-06	1.327806e-08	5.526971e+01	7.885203e+02
1.530000e-06	7.953512e-06	1.330226e-08	5.552521e+01	7.899375e+02
1.540000e-06	7.987352e-06	1.332724e-08	5.576146e+01	7.912383e+02
1.550000e-06	8.018353e-06	1.334665e-08	5.597788e+01	7.924272e+02
1.560000e-06	8.046645e-06	1.336115e-08	5.617540e+01	7.935016e+02
1.570000e-06	8.072045e-06	1.337707e-08	5.635272e+01	7.944545e+02
1.580000e-06	8.094567e-06	1.339344e-08	5.650995e+01	7.952777e+02
1.590000e-06	8.114422e-06	1.340473e-08	5.664856e+01	7.959662e+02
1.600000e-06	8.131396e-06	1.340920e-08	5.676706e+01	7.965206e+02
1.610000e-06	8.145326e-06	1.341339e-08	5.686431e+01	7.969486e+02
1.620000e-06	8.156134e-06	1.341894e-08	5.693976e+01	7.972631e+02
1.630000e-06	8.163862e-06	1.342196e-08	5.699371e+01	7.974798e+02
1.640000e-06	8.168707e-06	1.342107e-08	5.702754e+01	7.976133e+02
1.650000e-06	8.170707e-06	1.342158e-08	5.704150e+01	7.976739e+02
1.660000e-06	8.169866e-06	1.342148e-08	5.703563e+01	7.976659e+02
1.670000e-06	8.166315e-06	1.342026e-08	5.701084e+01	7.975872e+02
1.680000e-06	8.160133e-06	1.341703e-08	5.696768e+01	7.974312e+02
1.690000e-06	8.151261e-06	1.341174e-08	5.690574e+01	7.971892e+02
1.700000e-06	8.139532e-06	1.340562e-08	5.682386e+01	7.968538e+02
1.710000e-06	8.124934e-06	1.339738e-08	5.672195e+01	7.964208e+02
1.720000e-06	8.107812e-06	1.338912e-08	5.660242e+01	7.958902e+02
1.730000e-06	8.088329e-06	1.338047e-08	5.646640e+01	7.952659e+02
1.740000e-06	8.066065e-06	1.337533e-08	5.631097e+01	7.945533e+02
1.750000e-06	8.040313e-06	1.338566e-08	5.613119e+01	7.937578e+02
1.760000e-06	8.010795e-06	1.336953e-08	5.592512e+01	7.928821e+02
1.770000e-06	7.978100e-06	1.332113e-08	5.569687e+01	7.919253e+02
1.780000e-06	7.942884e-06	1.329060e-08	5.545102e+01	7.908832e+02
1.790000e-06	7.905269e-06	1.327662e-08	5.518842e+01	7.897498e+02
1.800000e-06	7.865554e-06	1.324903e-08	5.491116e+01	7.885197e+02
1.810000e-06	7.823675e-06	1.324526e-08	5.461879e+01	7.871904e+02
1.820000e-06	7.779114e-06	1.322331e-08	5.430770e+01	7.857639e+02
1.830000e-06	7.731847e-06	1.319080e-08	5.397772e+01	7.842463e+02
1.840000e-06	7.681522e-06	1.318531e-08	5.362639e+01	7.826461e+02
1.850000e-06	7.628003e-06	1.313069e-08	5.325276e+01	7.809717e+02
1.860000e-06	7.571723e-06	1.309874e-08	5.285986e+01	7.792277e+02
1.870000e-06	7.512748e-06	1.306909e-08	5.244814e+01	7.774134e+02
1.880000e-06	7.451153e-06	1.303293e-08	5.201814e+01	7.755219e+02
1.890000e-06	7.386815e-06	1.301107e-08	5.156898e+01	7.735420e+02
1.900000e-06	7.319675e-06	1.297021e-08	5.110026e+01	7.714618e+02
1.910000e-06	7.249795e-06	1.294950e-08	5.061241e+01	7.692722e+02
1.920000e-06	7.177106e-06	1.289582e-08	5.010496e+01	7.669703e+02
1.930000e-06	7.101687e-06	1.284799e-08	4.957844e+01	7.645601e+02
1.940000e-06	7.023512e-06	1.281697e-08	4.903268e+01	7.620504e+02
1.950000e-06	6.942805e-06	1.276169e-08	4.846924e+01	7.594516e+02
1.960000e-06	6.859683e-06	1.273035e-08	4.788895e+01	7.567706e+02
1.970000e-06	6.773994e-06	1.267964e-08	4.729074e+01	7.540072e+02
1.980000e-06	6.685848e-06	1.263642e-08	4.667538e+01	7.511534e+02
1.990000e-06	6.595338e-06	1.258283e-08	4.604351e+01	7.481950e+02
2.000000e-06	6.502487e-06	1.252933e-08	4.539529e+01	7.451166e+02
2.010000e-06	6.407350e-06	1.248455e-08	4.473111e+01	7.419071e+02
2.020000e-06	6.309975e-06	1.242397e-08	4.405132e+01	7.385639e+02
2.030000e-06	6.210312e-06	1.237332e-08	4.335555e+01	7.350943e+02
2.040000e-06	6.108370e-06	1.230493e-08	4.264387e+01	7.315127e+02
2.050000e-06	6.004267e-06	1.224203e-08	4.191711e+01	7.278344e+02
2.060000e-06	5.898083e-06	1.216952e-08	4.117581e+01	7.240693e+02
2.070000e-06	5.789798e-06	1.210948e-08	4.041985e+01	7.202159e+02
2.080000e-06	5.679344e-06	1.205022e-08	3.964875e+01	7.162600e+02
2.090000e-06	5.566850e-06	1.198409e-08	3.886340e+01	7.121779e+02
2.100000e-06	5.452225e-06	1.191755e-08	3.806318e+01	7.079434e+02
2.110000e-06	5.335363e-06	1.184088e-08	3.724734e+01	7.035370e+02
2.120000e-06	5.216442e-06	1.175869e-08	3.641712e+01	6.989524e+02
2.130000e-06	5.095618e-06	1.166668e-08	3.557363e+01	6.941995e+02
2.140000e-06	4.972963e-06	1.158317e-08	3.471735e+01	6.893007e+02
2.150000e-06	4.848499e-06	1.150444e-08	3.384844e+01	6.842830e+02
2.160000e-06	4.722248e-06	1.143106e-08	3.296705e+01	6.791678e+02
2.170000e-06	4.594312e-06	1.134787e-08	3.207390e+01	6.739621e+02
2.180000e-06	4.464824e-06	1.125538e-08	3.116992e+01	6.686546e+02
2.190000e-06	4.333745e-06	1.115989e-08	3.025483e+01	6.632184e+02
2.200000e-06	4.201107e-06	1.106196e-08	2.932885e+01	6.576193e+02
2.210000e-06	4.066962e-06	1.096080e-08	2.839235e+01	6.518259e+02
2.220000e-06	3.931410e-06	1.085769e-08	2.744603e+01	6.458198e+02
2.230000e-06	3.794416e-06	1.075822e-08	2.648965e+01	6.396000e+02
2.240000e-06	3.655932e-06	1.065780e-08	2.552286e+01	6.331804e+02
2.250000e-06	3.516045e-06	1.054802e-08	2.454629e+01	6.265822e+02
2.260000e-06	3.374848e-06	1.042859e-08	2.356056e+01	6.198233e+02
2.270000e-06	3.232377e-06	1.030725e-08	2.256594e+01	6.129085e+02
2.280000e-06	3.088658e-06	1.018878e-08	2.156260e+01	6.058256e+02
2.290000e-06	2.943875e-06	1.006733e-08	2.055184e+01	5.985474e+02
2.300000e-06	2.798137e-06	9.941563e-09	1.953441e+01	5.910404e+02
2.310000e-06	2.651405e-06	9.812050e-09	1.851004e+01	5.832750e+02
2.320000e-06	2.503689e-06	9.678269e-09	1.747881e+01	5.752350e+02
2.330000e-06	2.355109e-06	9.536598e-09	1.644153e+01	5.669207e+02
2.340000e-06	2.205712e-06	9.386303e-09	1.539856e+01	5.583458e+02
2.350000e-06	2.055491e-06	9.236249e-09	1.434984e+01	5.495282e+02
2.360000e-06	1.904495e-06	9.088450e-09	1.329570e+01	5.404783e+02
2.370000e-06	1.752835e-06	8.936845e-09	1.223693e+01	5.311901e+02
2.380000e-06	1.600635e-06	8.773211e-09	1.117439e+01	5.216386e+02
2.390000e-06	1.447902e-06	8.604002e-09	1.010813e+01	5.117841e+02
2.400000e-06	1.294605e-06	8.431065e-09	9.037925e+00	5.015824e+02
2.410000e-06	1.140841e-06	8.252118e-09	7.964463e+00	4.909966e+02
2.420000e-06	9.866860e-07	8.064079e-09	6.888272e+00	4.800052e+02
2.430000e-06	8.321492e-07	7.871506e-09	5.809416e+00	4.686030e+02
2.440000e-06	6.772957e-07	7.678758e-09	4.728350e+00	4.567936e+02
2.450000e-06	5.222456e-07	7.478270e-09	3.645912e+00	4.445755e+02
2.460000e-06	3.670061e-07	7.261881e-09	2.562150e+00	4.319277e+02
2.470000e-06	2.115699e-07	7.034982e-09	1.477016e+00	4.187994e+02
2.480000e-06	5.606621e-08	6.804880e-09	3.914105e-01	4.051096e+02
2.490000e-06	-9.938197e-08	6.566051e-09	-6.938074e-01	3.907571e+02
2.500000e-06	-2.547209e-07	6.311914e-09	-1.778263e+00	3.756383e+02
2.510000e-06	-4.099338e-07	6.043205e-09	-2.861838e+00	3.596675e+02
2.520000e-06	-5.649987e-07	5.763766e-09	-3.944380e+00	3.427920e+02
2.530000e-06	-7.198260e-07	5.468233e-09	-5.025263e+00	3.249966e+02
2.540000e-06	-8.743863e-07	5.150669e-09	-6.104283e+00	3.062951e+02
2.550000e-06	-1.028640e-06	4.817326e-09	-7.181158e+00	2.867098e+02
2.560000e-06	-1.182470e-06	4.475175e-09	-8.255081e+00	2.662464e+02
2.570000e-06	-1.335856e-06	4.119484e-09	-9.325905e+00	2.448711e+02
2.580000e-06	-1.488748e-06	3.744154e-09	-1.039328e+01	2.224970e+02
2.590000e-06	-1.641117e-06	3.347322e-09	-1.145700e+01	1.989866e+02
2.600000e-06	-1.792917e-06	2.930984e-09	-1.251675e+01	1.741680e+02
2.610000e-06	-1.944031e-06	2.491462e-09	-1.357170e+01	1.478636e+02
2.620000e-06	-2.094453e-06	2.022806e-09	-1.462183e+01	1.199236e+02
2.630000e-06	-2.244085e-06	1.522342e-09	-1.566645e+01	9.025657e+01
2.640000e-06	-2.392872e-06	9.952173e-10	-1.670517e+01	5.885189e+01
2.650000e-06	-2.540859e-06	4.450756e-10	-1.773830e+01	2.579031e+01
2.660000e-06	-2.687949e-06	-1.302922e-10	-1.876516e+01	-8.757210e+00
2.670000e-06	-2.834083e-06	-7.300345e-10	-1.978536e+01	-4.454005e+01
2.680000e-06	-2.979259e-06	-1.345668e-09	-2.079886e+01	-8.124422e+01
2.690000e-06	-3.123381e-06	-1.970464e-09	-2.180501e+01	-1.185111e+02
2.700000e-06	-3.266263e-06	-2.600305e-09	-2.280250e+01	-1.559568e+02
2.710000e-06	-3.407833e-06	-3.228863e-09	-2.379083e+01	-1.931907e+02
2.720000e-06	-3.548167e-06	-3.846551e-09	-2.477053e+01	-2.298351e+02
2.730000e-06	-3.687122e-06	-4.444461e-09	-2.574061e+01	-2.655431e+02
2.740000e-06	-3.824650e-06	-5.022325e-09	-2.670072e+01	-3.000169e+02
2.750000e-06	-3.960813e-06	-5.577870e-09	-2.765130e+01	-3.330227e+02
2.760000e-06	-4.095482e-06	-6.106641e-09	-2.859146e+01	-3.643997e+02
2.770000e-06	-4.228707e-06	-6.607078e-09	-2.952154e+01	-3.940615e+02
2.780000e-06	-4.360454e-06	-7.078068e-09	-3.044129e+01	-4.219893e+02
2.790000e-06	-4.490636e-06	-7.520974e-09	-3.135012e+01	-4.482166e+02
2.800000e-06	-4.619332e-06	-7.936194e-09	-3.224857e+01	-4.728100e+02
2.810000e-06	-4.746357e-06	-8.323779e-09	-3.313536e+01	-4.958501e+02
2.820000e-06	-4.871603e-06	-8.686653e-09	-3.400973e+01	-5.174163e+02
2.830000e-06	-4.995141e-06	-9.027993e-09	-3.487218e+01	-5.375786e+02
2.840000e-06	-5.117004e-06	-9.350316e-09	-3.572293e+01	-5.563974e+02
2.850000e-06	-5.237068e-06	-9.649232e-09	-3.656112e+01	-5.739283e+02
2.860000e-06	-5.355027e-06	-9.923215e-09	-3.738462e+01	-5.902301e+02
2.870000e-06	-5.470771e-06	-1.017591e-08	-3.819266e+01	-6.053712e+02
2.880000e-06	-5.584317e-06	-1.041151e-08	-3.898534e+01	-6.194311e+02
2.890000e-06	-5.695602e-06	-1.063087e-08	-3.976225e+01	-6.324981e+02
2.900000e-06	-5.804751e-06	-1.083544e-08	-4.052424e+01	-6.446618e+02
2.910000e-06	-5.912001e-06	-1.102846e-08	-4.127298e+01	-6.560049e+02
2.920000e-06	-6.017330e-06	-1.120832e-08	-4.200830e+01	-6.665963e+02
2.930000e-06	-6.120521e-06	-1.137480e-08	-4.272870e+01	-6.764884e+02
2.940000e-06	-6.221382e-06	-1.152986e-08	-4.343283e+01	-6.857181e+02
2.950000e-06	-6.320038e-06	-1.167692e-08	-4.412157e+01	-6.943129e+02
2.960000e-06	-6.416596e-06	-1.181560e-08	-4.479567e+01	-7.022975e+02
2.970000e-06	-6.510840e-06	-1.194237e-08	-4.545360e+01	-7.097002e+02
2.980000e-06	-6.602699e-06	-1.205624e-08	-4.609489e+01	-7.165560e+02
2.990000e-06	-6.692338e-06	-1.216236e-08	-4.672068e+01	-7.229071e+02
3.000000e-06	-6.779675e-06	-1.226453e-08	-4.733040e+01	-7.287997e+02
3.010000e-06	-6.864477e-06	-1.235922e-08	-4.792242e+01	-7.342799e+02
3.020000e-06	-6.946870e-06	-1.244492e-08	-4.849762e+01	-7.393896e+02
3.030000e-06	-7.026899e-06	-1.252647e-08	-4.905633e+01	-7.441645e+02
3.040000e-06	-7.104179e-06	-1.260464e-08	-4.959584e+01	-7.486331e+02
3.050000e-06	-7.178679e-06	-1.267438e-08	-5.011594e+01	-7.528187e+02
3.060000e-06	-7.250573e-06	-1.273722e-08	-5.061784e+01	-7.567404e+02
3.070000e-06	-7.319795e-06	-1.279713e-08	-5.110109e+01	-7.604149e+02
3.080000e-06	-7.386432e-06	-1.285552e-08	-5.156631e+01	-7.638566e+02
3.090000e-06	-7.450583e-06	-1.291075e-08	-5.201416e+01	-7.670774e+02
3.100000e-06	-7.512067e-06	-1.296198e-08	-5.244339e+01	-7.700855e+02
3.110000e-06	-7.570817e-06	-1.300950e-08	-5.285354e+01	-7.728857e+02
3.120000e-06	-7.626840e-06	-1.305497e-08	-5.324465e+01	-7.754804e+02
3.130000e-06	-7.679959e-06	-1.309654e-08	-5.361548e+01	-7.778713e+02
3.140000e-06	-7.729993e-06	-1.313135e-08	-5.396478e+01	-7.800626e+02
3.150000e-06	-7.776953e-06	-1.316207e-08	-5.429262e+01	-7.820627e+02
3.160000e-06	-7.821241e-06	-1.319195e-08	-5.460180e+01	-7.838854e+02
3.170000e-06	-7.863077e-06	-1.321935e-08	-5.489387e+01	-7.855480e+02
3.180000e-06	-7.902211e-06	-1.324368e-08	-5.516707e+01	-7.870692e+02
3.190000e-06	-7.938506e-06	-1.327001e-08	-5.542045e+01	-7.884649e+02
3.200000e-06	-7.972079e-06	-1.329748e-08	-5.565484e+01	-7.897457e+02
3.210000e-06	-8.002802e-06	-1.332066e-08	-5.586932e+01	-7.909145e+02
3.220000e-06	-8.030551e-06	-1.333699e-08	-5.606304e+01	-7.919678e+02
3.230000e-06	-8.055496e-06	-1.334941e-08	-5.623718e+01	-7.928981e+02
3.240000e-06	-8.077599e-06	-1.336236e-08	-5.639149e+01	-7.936975e+02
3.250000e-06	-8.096870e-06	-1.337391e-08	-5.652603e+01	-7.943618e+02
3.260000e-06	-8.113381e-06	-1.338112e-08	-5.664130e+01	-7.948930e+02
3.270000e-06	-8.126803e-06	-1.338784e-08	-5.673500e+01	-7.952996e+02
3.280000e-06	-8.137103e-06	-1.339737e-08	-5.680690e+01	-7.955955e+02
3.290000e-06	-8.144494e-06	-1.340642e-08	-5.685850e+01	-7.957963e+02
3.300000e-06	-8.148936e-06	-1.340954e-08	-5.688952e+01	-7.959162e+02
3.310000e-06	-8.150534e-06	-1.340855e-08	-5.690067e+01	-7.959645e+02
