# Temperatura_=_27.34
# Concentracion g/m^3_=_11780.0
# C_Vs_to_Am_M_A/Vsm_=_59384043850.047264
# pendiente_HvsI_1/m_=_3716.3
# ordenada_HvsI_A/m_=_1297.0
# frecuencia_Hz_=_301537.5723720244

Tiempo_(s)	Campo_(V.s)	Magnetizacion_(V.s)	Campo_(kA/m)	Magnetizacion_(A/m)
0.000000e+00	-8.154178e-06	-1.346048e-08	-5.689379e+01	-7.987859e+02
1.000000e-08	-8.151200e-06	-1.345505e-08	-5.687300e+01	-7.986639e+02
2.000000e-08	-8.145558e-06	-1.344812e-08	-5.683364e+01	-7.984506e+02
3.000000e-08	-8.137325e-06	-1.344443e-08	-5.677620e+01	-7.981612e+02
4.000000e-08	-8.126222e-06	-1.344006e-08	-5.669873e+01	-7.978082e+02
5.000000e-08	-8.112078e-06	-1.343456e-08	-5.660005e+01	-7.973955e+02
6.000000e-08	-8.095031e-06	-1.342713e-08	-5.648110e+01	-7.969162e+02
7.000000e-08	-8.075541e-06	-1.341794e-08	-5.634511e+01	-7.963537e+02
8.000000e-08	-8.053585e-06	-1.341315e-08	-5.619192e+01	-7.956880e+02
9.000000e-08	-8.028476e-06	-1.337845e-08	-5.601673e+01	-7.949032e+02
1.000000e-07	-7.999990e-06	-1.334211e-08	-5.581798e+01	-7.939942e+02
1.100000e-07	-7.968513e-06	-1.334389e-08	-5.559835e+01	-7.929691e+02
1.200000e-07	-7.934230e-06	-1.335309e-08	-5.535915e+01	-7.918467e+02
1.300000e-07	-7.897309e-06	-1.333689e-08	-5.510154e+01	-7.906493e+02
1.400000e-07	-7.858193e-06	-1.329746e-08	-5.482862e+01	-7.893938e+02
1.500000e-07	-7.816786e-06	-1.329871e-08	-5.453972e+01	-7.880855e+02
1.600000e-07	-7.772613e-06	-1.326880e-08	-5.423151e+01	-7.867150e+02
1.700000e-07	-7.725677e-06	-1.322857e-08	-5.390403e+01	-7.852631e+02
1.800000e-07	-7.675843e-06	-1.319872e-08	-5.355632e+01	-7.837078e+02
1.900000e-07	-7.622838e-06	-1.314793e-08	-5.318649e+01	-7.820340e+02
2.000000e-07	-7.566954e-06	-1.315340e-08	-5.279657e+01	-7.802395e+02
2.100000e-07	-7.508343e-06	-1.312440e-08	-5.238763e+01	-7.783360e+02
2.200000e-07	-7.447116e-06	-1.307551e-08	-5.196043e+01	-7.763443e+02
2.300000e-07	-7.383277e-06	-1.304779e-08	-5.151501e+01	-7.742851e+02
2.400000e-07	-7.316558e-06	-1.301529e-08	-5.104950e+01	-7.721699e+02
2.500000e-07	-7.247135e-06	-1.298432e-08	-5.056512e+01	-7.699959e+02
2.600000e-07	-7.175099e-06	-1.292194e-08	-5.006250e+01	-7.677458e+02
2.700000e-07	-7.100268e-06	-1.288330e-08	-4.954039e+01	-7.653947e+02
2.800000e-07	-7.022577e-06	-1.285225e-08	-4.899832e+01	-7.629190e+02
2.900000e-07	-6.942156e-06	-1.281256e-08	-4.843720e+01	-7.603063e+02
3.000000e-07	-6.859322e-06	-1.276479e-08	-4.785924e+01	-7.575590e+02
3.100000e-07	-6.774259e-06	-1.270625e-08	-4.726574e+01	-7.546932e+02
3.200000e-07	-6.686839e-06	-1.267408e-08	-4.665579e+01	-7.517315e+02
3.300000e-07	-6.596983e-06	-1.262156e-08	-4.602884e+01	-7.486925e+02
3.400000e-07	-6.504815e-06	-1.255772e-08	-4.538576e+01	-7.455835e+02
3.500000e-07	-6.410349e-06	-1.249477e-08	-4.472664e+01	-7.423969e+02
3.600000e-07	-6.313477e-06	-1.244212e-08	-4.405075e+01	-7.391136e+02
3.700000e-07	-6.214244e-06	-1.239347e-08	-4.335837e+01	-7.357114e+02
3.800000e-07	-6.112821e-06	-1.232837e-08	-4.265072e+01	-7.321738e+02
3.900000e-07	-6.009205e-06	-1.226841e-08	-4.192776e+01	-7.284972e+02
4.000000e-07	-5.903387e-06	-1.220845e-08	-4.118944e+01	-7.246912e+02
4.100000e-07	-5.795467e-06	-1.215396e-08	-4.043645e+01	-7.207731e+02
4.200000e-07	-5.685464e-06	-1.207792e-08	-3.966893e+01	-7.167586e+02
4.300000e-07	-5.573352e-06	-1.199737e-08	-3.888670e+01	-7.126525e+02
4.400000e-07	-5.459074e-06	-1.192723e-08	-3.808936e+01	-7.084439e+02
4.500000e-07	-5.342645e-06	-1.185988e-08	-3.727700e+01	-7.041087e+02
4.600000e-07	-5.224202e-06	-1.178366e-08	-3.645059e+01	-6.996178e+02
4.700000e-07	-5.103893e-06	-1.170027e-08	-3.561116e+01	-6.949484e+02
4.800000e-07	-4.981742e-06	-1.162455e-08	-3.475889e+01	-6.900939e+02
4.900000e-07	-4.857725e-06	-1.154486e-08	-3.389359e+01	-6.850666e+02
5.000000e-07	-4.731989e-06	-1.145768e-08	-3.301630e+01	-6.798936e+02
5.100000e-07	-4.604608e-06	-1.135823e-08	-3.212753e+01	-6.746050e+02
5.200000e-07	-4.475556e-06	-1.126546e-08	-3.122710e+01	-6.692209e+02
5.300000e-07	-4.344827e-06	-1.117595e-08	-3.031497e+01	-6.637407e+02
5.400000e-07	-4.212478e-06	-1.108163e-08	-2.939153e+01	-6.581412e+02
5.500000e-07	-4.078685e-06	-1.097950e-08	-2.845803e+01	-6.523826e+02
5.600000e-07	-3.943446e-06	-1.088052e-08	-2.751443e+01	-6.464219e+02
5.700000e-07	-3.806741e-06	-1.078451e-08	-2.656061e+01	-6.402280e+02
5.800000e-07	-3.668595e-06	-1.067666e-08	-2.559673e+01	-6.337918e+02
5.900000e-07	-3.528981e-06	-1.056005e-08	-2.462261e+01	-6.271287e+02
6.000000e-07	-3.387863e-06	-1.044328e-08	-2.363799e+01	-6.202705e+02
6.100000e-07	-3.245350e-06	-1.033168e-08	-2.264364e+01	-6.132510e+02
6.200000e-07	-3.101617e-06	-1.021200e-08	-2.164078e+01	-6.060903e+02
6.300000e-07	-2.956748e-06	-1.008137e-08	-2.062999e+01	-5.987846e+02
6.400000e-07	-2.810869e-06	-9.949114e-09	-1.961215e+01	-5.913054e+02
6.500000e-07	-2.664036e-06	-9.823250e-09	-1.858766e+01	-5.836078e+02
6.600000e-07	-2.516277e-06	-9.693546e-09	-1.755671e+01	-5.756460e+02
6.700000e-07	-2.367693e-06	-9.553071e-09	-1.652000e+01	-5.673880e+02
6.800000e-07	-2.218336e-06	-9.408903e-09	-1.547790e+01	-5.588251e+02
6.900000e-07	-2.068217e-06	-9.266123e-09	-1.443048e+01	-5.499712e+02
7.000000e-07	-1.917353e-06	-9.116918e-09	-1.337786e+01	-5.408527e+02
7.100000e-07	-1.765763e-06	-8.954677e-09	-1.232018e+01	-5.314927e+02
7.200000e-07	-1.613548e-06	-8.786948e-09	-1.125814e+01	-5.218971e+02
7.300000e-07	-1.460747e-06	-8.621443e-09	-1.019201e+01	-5.120468e+02
7.400000e-07	-1.307382e-06	-8.455879e-09	-9.121938e+00	-5.019005e+02
7.500000e-07	-1.153541e-06	-8.280272e-09	-8.048553e+00	-4.914059e+02
7.600000e-07	-9.992610e-07	-8.096159e-09	-6.972100e+00	-4.805153e+02
7.700000e-07	-8.446094e-07	-7.908606e-09	-5.893056e+00	-4.691976e+02
7.800000e-07	-6.896733e-07	-7.713479e-09	-4.812027e+00	-4.574421e+02
7.900000e-07	-5.345349e-07	-7.505462e-09	-3.729586e+00	-4.452516e+02
8.000000e-07	-3.792488e-07	-7.289441e-09	-2.646116e+00	-4.326269e+02
8.100000e-07	-2.238313e-07	-7.069731e-09	-1.561728e+00	-4.195491e+02
8.200000e-07	-6.828108e-08	-6.844420e-09	-4.764146e-01	-4.059673e+02
8.300000e-07	8.732638e-08	-6.608535e-09	6.092985e-01	-3.917976e+02
8.400000e-07	2.428413e-07	-6.357957e-09	1.694366e+00	-3.769345e+02
8.500000e-07	3.982517e-07	-6.092566e-09	2.778704e+00	-3.612727e+02
8.600000e-07	5.535374e-07	-5.811396e-09	3.862172e+00	-3.447295e+02
8.700000e-07	7.086419e-07	-5.512554e-09	4.944376e+00	-3.272613e+02
8.800000e-07	8.634947e-07	-5.197242e-09	6.024824e+00	-3.088658e+02
8.900000e-07	1.018041e-06	-4.871824e-09	7.103132e+00	-2.895693e+02
9.000000e-07	1.172202e-06	-4.536912e-09	8.178756e+00	-2.694007e+02
9.100000e-07	1.325909e-06	-4.186496e-09	9.251204e+00	-2.483625e+02
9.200000e-07	1.479167e-06	-3.817599e-09	1.032053e+01	-2.264073e+02
9.300000e-07	1.631872e-06	-3.430509e-09	1.138599e+01	-2.034293e+02
9.400000e-07	1.783910e-06	-3.020642e-09	1.244679e+01	-1.792731e+02
9.500000e-07	1.935279e-06	-2.583880e-09	1.350294e+01	-1.537598e+02
9.600000e-07	2.085960e-06	-2.121323e-09	1.455428e+01	-1.267225e+02
9.700000e-07	2.235867e-06	-1.636090e-09	1.560021e+01	-9.804268e+01
9.800000e-07	2.384916e-06	-1.127333e-09	1.664017e+01	-6.767760e+01
9.900000e-07	2.533109e-06	-5.904483e-10	1.767415e+01	-3.567542e+01
1.000000e-06	2.680492e-06	-2.589300e-11	1.870248e+01	-2.174944e+00
1.010000e-06	2.827040e-06	5.608616e-10	1.972498e+01	3.260594e+01
1.020000e-06	2.972565e-06	1.165572e-09	2.074035e+01	6.838815e+01
1.030000e-06	3.116996e-06	1.785481e-09	2.174808e+01	1.048505e+02
1.040000e-06	3.260290e-06	2.411194e-09	2.274788e+01	1.416469e+02
1.050000e-06	3.402279e-06	3.034658e-09	2.373857e+01	1.784204e+02
1.060000e-06	3.542937e-06	3.647478e-09	2.471998e+01	2.148169e+02
1.070000e-06	3.682274e-06	4.245612e-09	2.569217e+01	2.504980e+02
1.080000e-06	3.820232e-06	4.825580e-09	2.665473e+01	2.851573e+02
1.090000e-06	3.956711e-06	5.384698e-09	2.760699e+01	3.185358e+02
1.100000e-06	4.091717e-06	5.922341e-09	2.854896e+01	3.504364e+02
1.110000e-06	4.225285e-06	6.435800e-09	2.948089e+01	3.807316e+02
1.120000e-06	4.357332e-06	6.922635e-09	3.040222e+01	4.093635e+02
1.130000e-06	4.487841e-06	7.378423e-09	3.131282e+01	4.363335e+02
1.140000e-06	4.616747e-06	7.803720e-09	3.221223e+01	4.616857e+02
1.150000e-06	4.744005e-06	8.200941e-09	3.310014e+01	4.854872e+02
1.160000e-06	4.869610e-06	8.573319e-09	3.397651e+01	5.078105e+02
1.170000e-06	4.993530e-06	8.921893e-09	3.484114e+01	5.287224e+02
1.180000e-06	5.115697e-06	9.249348e-09	3.569352e+01	5.482811e+02
1.190000e-06	5.235994e-06	9.556327e-09	3.653287e+01	5.665400e+02
1.200000e-06	5.354372e-06	9.844234e-09	3.735882e+01	5.835549e+02
1.210000e-06	5.470740e-06	1.011206e-08	3.817075e+01	5.993904e+02
1.220000e-06	5.584969e-06	1.035910e-08	3.896776e+01	6.141226e+02
1.230000e-06	5.697003e-06	1.058849e-08	3.974945e+01	6.278363e+02
1.240000e-06	5.807032e-06	1.080261e-08	4.051715e+01	6.406177e+02
1.250000e-06	5.915113e-06	1.100221e-08	4.127126e+01	6.525468e+02
1.260000e-06	6.021050e-06	1.118821e-08	4.201040e+01	6.636907e+02
1.270000e-06	6.124751e-06	1.136263e-08	4.273395e+01	6.741018e+02
1.280000e-06	6.226260e-06	1.152514e-08	4.344221e+01	6.838198e+02
1.290000e-06	6.325541e-06	1.167877e-08	4.413492e+01	6.928776e+02
1.300000e-06	6.422422e-06	1.182193e-08	4.481088e+01	7.013071e+02
1.310000e-06	6.516958e-06	1.195334e-08	4.547048e+01	7.091435e+02
1.320000e-06	6.609348e-06	1.207299e-08	4.611511e+01	7.164263e+02
1.330000e-06	6.699443e-06	1.218270e-08	4.674372e+01	7.231971e+02
1.340000e-06	6.787102e-06	1.228683e-08	4.735535e+01	7.294962e+02
1.350000e-06	6.872457e-06	1.238573e-08	4.795089e+01	7.353598e+02
1.360000e-06	6.955479e-06	1.247720e-08	4.853016e+01	7.408184e+02
1.370000e-06	7.035986e-06	1.256214e-08	4.909188e+01	7.458985e+02
1.380000e-06	7.113858e-06	1.264250e-08	4.963521e+01	7.506257e+02
1.390000e-06	7.189042e-06	1.271852e-08	5.015979e+01	7.550266e+02
1.400000e-06	7.261568e-06	1.278816e-08	5.066582e+01	7.591299e+02
1.410000e-06	7.331530e-06	1.284963e-08	5.115396e+01	7.629647e+02
1.420000e-06	7.398931e-06	1.290677e-08	5.162424e+01	7.665566e+02
1.430000e-06	7.463673e-06	1.295963e-08	5.207596e+01	7.699243e+02
1.440000e-06	7.525805e-06	1.300976e-08	5.250947e+01	7.730774e+02
1.450000e-06	7.585375e-06	1.306003e-08	5.292510e+01	7.760173e+02
1.460000e-06	7.642272e-06	1.311166e-08	5.332209e+01	7.787411e+02
1.470000e-06	7.696351e-06	1.315855e-08	5.369941e+01	7.812470e+02
1.480000e-06	7.747314e-06	1.319651e-08	5.405499e+01	7.835393e+02
1.490000e-06	7.795092e-06	1.322950e-08	5.438835e+01	7.856307e+02
1.500000e-06	7.840026e-06	1.326004e-08	5.470187e+01	7.875406e+02
1.510000e-06	7.882183e-06	1.328662e-08	5.499601e+01	7.892917e+02
1.520000e-06	7.921498e-06	1.330993e-08	5.527032e+01	7.909034e+02
1.530000e-06	7.958076e-06	1.333417e-08	5.552553e+01	7.923879e+02
1.540000e-06	7.991894e-06	1.336113e-08	5.576149e+01	7.937486e+02
1.550000e-06	8.022942e-06	1.338689e-08	5.597812e+01	7.949816e+02
1.560000e-06	8.051276e-06	1.340683e-08	5.617581e+01	7.960806e+02
1.570000e-06	8.076749e-06	1.341969e-08	5.635355e+01	7.970419e+02
1.580000e-06	8.099324e-06	1.343025e-08	5.651106e+01	7.978675e+02
1.590000e-06	8.119150e-06	1.344014e-08	5.664938e+01	7.985657e+02
1.600000e-06	8.136135e-06	1.344624e-08	5.676789e+01	7.991485e+02
1.610000e-06	8.150067e-06	1.345306e-08	5.686510e+01	7.996268e+02
1.620000e-06	8.160854e-06	1.346058e-08	5.694036e+01	8.000066e+02
1.630000e-06	8.168540e-06	1.346772e-08	5.699399e+01	8.002879e+02
1.640000e-06	8.173356e-06	1.347193e-08	5.702760e+01	8.004662e+02
1.650000e-06	8.175349e-06	1.347444e-08	5.704150e+01	8.005366e+02
1.660000e-06	8.174523e-06	1.347269e-08	5.703574e+01	8.004988e+02
1.670000e-06	8.171056e-06	1.347212e-08	5.701155e+01	8.003593e+02
1.680000e-06	8.164846e-06	1.346797e-08	5.696822e+01	8.001313e+02
1.690000e-06	8.155876e-06	1.346012e-08	5.690563e+01	7.998297e+02
1.700000e-06	8.144130e-06	1.345408e-08	5.682368e+01	7.994660e+02
1.710000e-06	8.129533e-06	1.344662e-08	5.672183e+01	7.990422e+02
1.720000e-06	8.112363e-06	1.343850e-08	5.660203e+01	7.985493e+02
1.730000e-06	8.092843e-06	1.342102e-08	5.646584e+01	7.979697e+02
1.740000e-06	8.070590e-06	1.342788e-08	5.631057e+01	7.972836e+02
1.750000e-06	8.044860e-06	1.344461e-08	5.613104e+01	7.964766e+02
1.760000e-06	8.015318e-06	1.341384e-08	5.592492e+01	7.955458e+02
1.770000e-06	7.982556e-06	1.336260e-08	5.569634e+01	7.945016e+02
1.780000e-06	7.947313e-06	1.333853e-08	5.545043e+01	7.933641e+02
1.790000e-06	7.909661e-06	1.332729e-08	5.518773e+01	7.921553e+02
1.800000e-06	7.869822e-06	1.328139e-08	5.490976e+01	7.908904e+02
1.810000e-06	7.827858e-06	1.329316e-08	5.461697e+01	7.895719e+02
1.820000e-06	7.783248e-06	1.325440e-08	5.430571e+01	7.881884e+02
1.830000e-06	7.735913e-06	1.323139e-08	5.397545e+01	7.867195e+02
1.840000e-06	7.685620e-06	1.325101e-08	5.362454e+01	7.851437e+02
1.850000e-06	7.632130e-06	1.317513e-08	5.325132e+01	7.834480e+02
1.860000e-06	7.575817e-06	1.316673e-08	5.285841e+01	7.816328e+02
1.870000e-06	7.516786e-06	1.311675e-08	5.244654e+01	7.797118e+02
1.880000e-06	7.455123e-06	1.308670e-08	5.201630e+01	7.777066e+02
1.890000e-06	7.390777e-06	1.305874e-08	5.156734e+01	7.756368e+02
1.900000e-06	7.323678e-06	1.300211e-08	5.109918e+01	7.735117e+02
1.910000e-06	7.253746e-06	1.300477e-08	5.061124e+01	7.713256e+02
1.920000e-06	7.180906e-06	1.294652e-08	5.010302e+01	7.690593e+02
1.930000e-06	7.105390e-06	1.291496e-08	4.957612e+01	7.666874e+02
1.940000e-06	7.027122e-06	1.286275e-08	4.903003e+01	7.641877e+02
1.950000e-06	6.946275e-06	1.281020e-08	4.846594e+01	7.615502e+02
1.960000e-06	6.863018e-06	1.278215e-08	4.788503e+01	7.587802e+02
1.970000e-06	6.777245e-06	1.271551e-08	4.728657e+01	7.558955e+02
1.980000e-06	6.689024e-06	1.268154e-08	4.667103e+01	7.529188e+02
1.990000e-06	6.598463e-06	1.262188e-08	4.603916e+01	7.498671e+02
2.000000e-06	6.505633e-06	1.258267e-08	4.539147e+01	7.467451e+02
2.010000e-06	6.410455e-06	1.252510e-08	4.472738e+01	7.435428e+02
2.020000e-06	6.313042e-06	1.246117e-08	4.404771e+01	7.402398e+02
2.030000e-06	6.213359e-06	1.240861e-08	4.335220e+01	7.368141e+02
2.040000e-06	6.111313e-06	1.234311e-08	4.264019e+01	7.332515e+02
2.050000e-06	6.007065e-06	1.228532e-08	4.191283e+01	7.295507e+02
2.060000e-06	5.900754e-06	1.220645e-08	4.117107e+01	7.257232e+02
2.070000e-06	5.792412e-06	1.215161e-08	4.041514e+01	7.217869e+02
2.080000e-06	5.682011e-06	1.208338e-08	3.964484e+01	7.177561e+02
2.090000e-06	5.569478e-06	1.201865e-08	3.885967e+01	7.136328e+02
2.100000e-06	5.454660e-06	1.194157e-08	3.805856e+01	7.094036e+02
2.110000e-06	5.337702e-06	1.186790e-08	3.724251e+01	7.050426e+02
2.120000e-06	5.218733e-06	1.178939e-08	3.641243e+01	7.005210e+02
2.130000e-06	5.097787e-06	1.170668e-08	3.556856e+01	6.958184e+02
2.140000e-06	4.975014e-06	1.162404e-08	3.471194e+01	6.909315e+02
2.150000e-06	4.850469e-06	1.154114e-08	3.384297e+01	6.858759e+02
2.160000e-06	4.724172e-06	1.146652e-08	3.296176e+01	6.806801e+02
2.170000e-06	4.596169e-06	1.137555e-08	3.206865e+01	6.753734e+02
2.180000e-06	4.466599e-06	1.128242e-08	3.116461e+01	6.699727e+02
2.190000e-06	4.335478e-06	1.118179e-08	3.024974e+01	6.644735e+02
2.200000e-06	4.202792e-06	1.109143e-08	2.932396e+01	6.588487e+02
2.210000e-06	4.068589e-06	1.099131e-08	2.838759e+01	6.530569e+02
2.220000e-06	3.932887e-06	1.089117e-08	2.744076e+01	6.470563e+02
2.230000e-06	3.795711e-06	1.078676e-08	2.648365e+01	6.408189e+02
2.240000e-06	3.657106e-06	1.068343e-08	2.551657e+01	6.343403e+02
2.250000e-06	3.517106e-06	1.057072e-08	2.453975e+01	6.276397e+02
2.260000e-06	3.375763e-06	1.044758e-08	2.355356e+01	6.207504e+02
2.270000e-06	3.233181e-06	1.032433e-08	2.255873e+01	6.137047e+02
2.280000e-06	3.089425e-06	1.020497e-08	2.155571e+01	6.065190e+02
2.290000e-06	2.944557e-06	1.008737e-08	2.054493e+01	5.991850e+02
2.300000e-06	2.798670e-06	9.959807e-09	1.952704e+01	5.916702e+02
2.310000e-06	2.651847e-06	9.830775e-09	1.850261e+01	5.839285e+02
2.320000e-06	2.504031e-06	9.695052e-09	1.747126e+01	5.759155e+02
2.330000e-06	2.355239e-06	9.555981e-09	1.643311e+01	5.676029e+02
2.340000e-06	2.205605e-06	9.404017e-09	1.538907e+01	5.589864e+02
2.350000e-06	2.055209e-06	9.250685e-09	1.433972e+01	5.500831e+02
2.360000e-06	1.904126e-06	9.098232e-09	1.328557e+01	5.409200e+02
2.370000e-06	1.752443e-06	8.944362e-09	1.222724e+01	5.315181e+02
2.380000e-06	1.600219e-06	8.782016e-09	1.116514e+01	5.218790e+02
2.390000e-06	1.447452e-06	8.611618e-09	1.009924e+01	5.119793e+02
2.400000e-06	1.294072e-06	8.437441e-09	9.029071e+00	5.017747e+02
2.410000e-06	1.140167e-06	8.258733e-09	7.955237e+00	4.912125e+02
2.420000e-06	9.859190e-07	8.073215e-09	6.879009e+00	4.802472e+02
2.430000e-06	8.313735e-07	7.879081e-09	5.800706e+00	4.688514e+02
2.440000e-06	6.765387e-07	7.681767e-09	4.720383e+00	4.570178e+02
2.450000e-06	5.214863e-07	7.478804e-09	3.638543e+00	4.447500e+02
2.460000e-06	3.662602e-07	7.264750e-09	2.555491e+00	4.320465e+02
2.470000e-06	2.108806e-07	7.038839e-09	1.471368e+00	4.188834e+02
2.480000e-06	5.543262e-08	6.806784e-09	3.867675e-01	4.052035e+02
2.490000e-06	-1.000498e-07	6.566927e-09	-6.980732e-01	3.909179e+02
2.500000e-06	-2.554984e-07	6.315978e-09	-1.782677e+00	3.759195e+02
2.510000e-06	-4.107955e-07	6.049748e-09	-2.866225e+00	3.601053e+02
2.520000e-06	-5.659208e-07	5.770994e-09	-3.948574e+00	3.433988e+02
2.530000e-06	-7.208453e-07	5.478235e-09	-5.029522e+00	3.257640e+02
2.540000e-06	-8.754942e-07	5.166041e-09	-6.108547e+00	3.072052e+02
2.550000e-06	-1.029818e-06	4.836181e-09	-7.185302e+00	2.877511e+02
2.560000e-06	-1.183772e-06	4.494079e-09	-8.259481e+00	2.674281e+02
2.570000e-06	-1.337313e-06	4.139062e-09	-9.330774e+00	2.462312e+02
2.580000e-06	-1.490298e-06	3.767062e-09	-1.039819e+01	2.241027e+02
2.590000e-06	-1.642626e-06	3.375369e-09	-1.146102e+01	2.009267e+02
2.600000e-06	-1.794359e-06	2.964455e-09	-1.251970e+01	1.765413e+02
2.610000e-06	-1.945531e-06	2.533864e-09	-1.357447e+01	1.507671e+02
2.620000e-06	-2.096148e-06	2.078659e-09	-1.462536e+01	1.234433e+02
2.630000e-06	-2.246029e-06	1.592205e-09	-1.567112e+01	9.446303e+01
2.640000e-06	-2.394988e-06	1.075324e-09	-1.671045e+01	6.379931e+01
2.650000e-06	-2.543059e-06	5.347158e-10	-1.774357e+01	3.151683e+01
2.660000e-06	-2.690239e-06	-2.847014e-11	-1.877048e+01	-2.230372e+00
2.670000e-06	-2.836506e-06	-6.145409e-10	-1.979103e+01	-3.721207e+01
2.680000e-06	-2.981751e-06	-1.219603e-09	-2.080444e+01	-7.314030e+01
2.690000e-06	-3.125816e-06	-1.833015e-09	-2.180962e+01	-1.096883e+02
2.700000e-06	-3.268728e-06	-2.448694e-09	-2.280675e+01	-1.465069e+02
2.710000e-06	-3.410442e-06	-3.064679e-09	-2.379552e+01	-1.832389e+02
2.720000e-06	-3.550831e-06	-3.675939e-09	-2.477506e+01	-2.195318e+02
2.730000e-06	-3.689850e-06	-4.273490e-09	-2.574503e+01	-2.550519e+02
2.740000e-06	-3.827468e-06	-4.852032e-09	-2.670522e+01	-2.894999e+02
2.750000e-06	-3.963664e-06	-5.410335e-09	-2.765550e+01	-3.226271e+02
2.760000e-06	-4.098505e-06	-5.945406e-09	-2.859632e+01	-3.542484e+02
2.770000e-06	-4.231879e-06	-6.452590e-09	-2.952690e+01	-3.842490e+02
2.780000e-06	-4.363650e-06	-6.928276e-09	-3.044630e+01	-4.125826e+02
2.790000e-06	-4.493910e-06	-7.376503e-09	-3.135516e+01	-4.392596e+02
2.800000e-06	-4.622598e-06	-7.800115e-09	-3.225305e+01	-4.643298e+02
2.810000e-06	-4.749659e-06	-8.196272e-09	-3.313959e+01	-4.878622e+02
2.820000e-06	-4.875010e-06	-8.566402e-09	-3.401419e+01	-5.099288e+02
2.830000e-06	-4.998588e-06	-8.917464e-09	-3.487643e+01	-5.305951e+02
2.840000e-06	-5.120403e-06	-9.249803e-09	-3.572636e+01	-5.499179e+02
2.850000e-06	-5.240403e-06	-9.557351e-09	-3.656364e+01	-5.679505e+02
2.860000e-06	-5.358393e-06	-9.839868e-09	-3.738688e+01	-5.847497e+02
2.870000e-06	-5.474200e-06	-1.010153e-08	-3.819489e+01	-6.003825e+02
2.880000e-06	-5.587824e-06	-1.034497e-08	-3.898768e+01	-6.149265e+02
2.890000e-06	-5.699236e-06	-1.057115e-08	-3.976503e+01	-6.284675e+02
2.900000e-06	-5.808534e-06	-1.078255e-08	-4.052763e+01	-6.410913e+02
2.910000e-06	-5.915873e-06	-1.098302e-08	-4.127656e+01	-6.528757e+02
2.920000e-06	-6.021192e-06	-1.117286e-08	-4.201140e+01	-6.638855e+02
2.930000e-06	-6.124340e-06	-1.134861e-08	-4.273109e+01	-6.741702e+02
2.940000e-06	-6.225235e-06	-1.151006e-08	-4.343506e+01	-6.837681e+02
2.950000e-06	-6.323939e-06	-1.165970e-08	-4.412374e+01	-6.927114e+02
2.960000e-06	-6.420471e-06	-1.180084e-08	-4.479727e+01	-7.010324e+02
2.970000e-06	-6.514715e-06	-1.193127e-08	-4.545483e+01	-7.087670e+02
2.980000e-06	-6.606647e-06	-1.205063e-08	-4.609627e+01	-7.159553e+02
2.990000e-06	-6.696304e-06	-1.216266e-08	-4.672183e+01	-7.226392e+02
3.000000e-06	-6.783629e-06	-1.226996e-08	-4.733111e+01	-7.288581e+02
3.010000e-06	-6.868474e-06	-1.237105e-08	-4.792310e+01	-7.346474e+02
3.020000e-06	-6.950904e-06	-1.246246e-08	-4.849824e+01	-7.400366e+02
3.030000e-06	-7.030925e-06	-1.254547e-08	-4.905656e+01	-7.450519e+02
3.040000e-06	-7.108268e-06	-1.262319e-08	-4.959620e+01	-7.497189e+02
3.050000e-06	-7.182847e-06	-1.269726e-08	-5.011656e+01	-7.540646e+02
3.060000e-06	-7.254745e-06	-1.276570e-08	-5.061821e+01	-7.581180e+02
3.070000e-06	-7.323997e-06	-1.282827e-08	-5.110140e+01	-7.619077e+02
3.080000e-06	-7.390651e-06	-1.288809e-08	-5.156646e+01	-7.654585e+02
3.090000e-06	-7.454785e-06	-1.294696e-08	-5.201395e+01	-7.687876e+02
3.100000e-06	-7.516288e-06	-1.300190e-08	-5.244307e+01	-7.719028e+02
3.110000e-06	-7.575105e-06	-1.305146e-08	-5.285345e+01	-7.748044e+02
3.120000e-06	-7.631221e-06	-1.309614e-08	-5.324498e+01	-7.774894e+02
3.130000e-06	-7.684402e-06	-1.313835e-08	-5.361604e+01	-7.799567e+02
3.140000e-06	-7.734452e-06	-1.317515e-08	-5.396525e+01	-7.822121e+02
3.150000e-06	-7.781415e-06	-1.320604e-08	-5.429292e+01	-7.842695e+02
3.160000e-06	-7.825699e-06	-1.323532e-08	-5.460190e+01	-7.861495e+02
3.170000e-06	-7.867520e-06	-1.326625e-08	-5.489370e+01	-7.878745e+02
3.180000e-06	-7.906653e-06	-1.329740e-08	-5.516674e+01	-7.894629e+02
3.190000e-06	-7.942959e-06	-1.332414e-08	-5.542005e+01	-7.909254e+02
3.200000e-06	-7.976506e-06	-1.334644e-08	-5.565413e+01	-7.922638e+02
3.210000e-06	-8.007183e-06	-1.336602e-08	-5.586817e+01	-7.934734e+02
3.220000e-06	-8.034946e-06	-1.338390e-08	-5.606187e+01	-7.945481e+02
3.230000e-06	-8.059937e-06	-1.339864e-08	-5.623624e+01	-7.954848e+02
3.240000e-06	-8.082050e-06	-1.341051e-08	-5.639053e+01	-7.962870e+02
3.250000e-06	-8.101312e-06	-1.342222e-08	-5.652493e+01	-7.969639e+02
3.260000e-06	-8.117793e-06	-1.343521e-08	-5.663992e+01	-7.975274e+02
3.270000e-06	-8.131172e-06	-1.344595e-08	-5.673327e+01	-7.979878e+02
3.280000e-06	-8.141437e-06	-1.345299e-08	-5.680489e+01	-7.983503e+02
3.290000e-06	-8.148761e-06	-1.345648e-08	-5.685599e+01	-7.986137e+02
3.300000e-06	-8.153167e-06	-1.345988e-08	-5.688673e+01	-7.987731e+02
3.310000e-06	-8.154806e-06	-1.346108e-08	-5.689817e+01	-7.988241e+02
