# Temperatura_=_44.04
# Concentracion g/m^3_=_11780.0
# C_Vs_to_Am_M_A/Vsm_=_59384043850.047264
# pendiente_HvsI_1/m_=_3716.3
# ordenada_HvsI_A/m_=_1297.0
# frecuencia_Hz_=_301535.6273955809

Tiempo_(s)	Campo_(V.s)	Magnetizacion_(V.s)	Campo_(kA/m)	Magnetizacion_(A/m)
0.000000e+00	-8.127102e-06	-1.344679e-08	-5.689715e+01	-7.984124e+02
1.000000e-08	-8.123873e-06	-1.344412e-08	-5.687455e+01	-7.983487e+02
2.000000e-08	-8.118035e-06	-1.343926e-08	-5.683368e+01	-7.982076e+02
3.000000e-08	-8.109627e-06	-1.343536e-08	-5.677481e+01	-7.979660e+02
4.000000e-08	-8.098339e-06	-1.343289e-08	-5.669578e+01	-7.976045e+02
5.000000e-08	-8.084018e-06	-1.342647e-08	-5.659552e+01	-7.971140e+02
6.000000e-08	-8.066804e-06	-1.341708e-08	-5.647501e+01	-7.964989e+02
7.000000e-08	-8.047187e-06	-1.340943e-08	-5.633767e+01	-7.957749e+02
8.000000e-08	-8.025160e-06	-1.339445e-08	-5.618347e+01	-7.949634e+02
9.000000e-08	-7.999942e-06	-1.334390e-08	-5.600691e+01	-7.940840e+02
1.000000e-07	-7.971313e-06	-1.331078e-08	-5.580649e+01	-7.931478e+02
1.100000e-07	-7.939782e-06	-1.332385e-08	-5.558574e+01	-7.921542e+02
1.200000e-07	-7.905471e-06	-1.333913e-08	-5.534553e+01	-7.910917e+02
1.300000e-07	-7.868565e-06	-1.332019e-08	-5.508715e+01	-7.899432e+02
1.400000e-07	-7.829519e-06	-1.328697e-08	-5.481380e+01	-7.886926e+02
1.500000e-07	-7.788109e-06	-1.327652e-08	-5.452389e+01	-7.873311e+02
1.600000e-07	-7.743856e-06	-1.324644e-08	-5.421408e+01	-7.858610e+02
1.700000e-07	-7.696881e-06	-1.321187e-08	-5.388521e+01	-7.842941e+02
1.800000e-07	-7.647063e-06	-1.315342e-08	-5.353644e+01	-7.826479e+02
1.900000e-07	-7.594037e-06	-1.313311e-08	-5.316521e+01	-7.809386e+02
2.000000e-07	-7.538123e-06	-1.315240e-08	-5.277376e+01	-7.791746e+02
2.100000e-07	-7.479574e-06	-1.311018e-08	-5.236387e+01	-7.773539e+02
2.200000e-07	-7.418451e-06	-1.306306e-08	-5.193595e+01	-7.754635e+02
2.300000e-07	-7.354736e-06	-1.302049e-08	-5.148988e+01	-7.734844e+02
2.400000e-07	-7.288182e-06	-1.299777e-08	-5.102394e+01	-7.713973e+02
2.500000e-07	-7.218888e-06	-1.295920e-08	-5.053882e+01	-7.691892e+02
2.600000e-07	-7.146942e-06	-1.289305e-08	-5.003514e+01	-7.668572e+02
2.700000e-07	-7.072186e-06	-1.286857e-08	-4.951178e+01	-7.644079e+02
2.800000e-07	-6.994606e-06	-1.284990e-08	-4.896864e+01	-7.618545e+02
2.900000e-07	-6.914250e-06	-1.280695e-08	-4.840608e+01	-7.592104e+02
3.000000e-07	-6.831436e-06	-1.273331e-08	-4.782630e+01	-7.564838e+02
3.100000e-07	-6.746455e-06	-1.268055e-08	-4.723136e+01	-7.536744e+02
3.200000e-07	-6.659195e-06	-1.265015e-08	-4.662046e+01	-7.507729e+02
3.300000e-07	-6.569574e-06	-1.259610e-08	-4.599303e+01	-7.477653e+02
3.400000e-07	-6.477604e-06	-1.253722e-08	-4.534916e+01	-7.446376e+02
3.500000e-07	-6.383314e-06	-1.247777e-08	-4.468904e+01	-7.413818e+02
3.600000e-07	-6.286587e-06	-1.243614e-08	-4.401186e+01	-7.379990e+02
3.700000e-07	-6.187422e-06	-1.237988e-08	-4.331762e+01	-7.344984e+02
3.800000e-07	-6.086141e-06	-1.230347e-08	-4.260856e+01	-7.308938e+02
3.900000e-07	-5.982760e-06	-1.223541e-08	-4.188480e+01	-7.271975e+02
4.000000e-07	-5.877102e-06	-1.218307e-08	-4.114509e+01	-7.234141e+02
4.100000e-07	-5.769309e-06	-1.213154e-08	-4.039044e+01	-7.195377e+02
4.200000e-07	-5.659564e-06	-1.205250e-08	-3.962213e+01	-7.155524e+02
4.300000e-07	-5.547797e-06	-1.197640e-08	-3.883966e+01	-7.114366e+02
4.400000e-07	-5.433858e-06	-1.191317e-08	-3.804198e+01	-7.071694e+02
4.500000e-07	-5.317705e-06	-1.184637e-08	-3.722880e+01	-7.027376e+02
4.600000e-07	-5.199509e-06	-1.175869e-08	-3.640132e+01	-6.981396e+02
4.700000e-07	-5.079488e-06	-1.167097e-08	-3.556106e+01	-6.933850e+02
4.800000e-07	-4.957653e-06	-1.159976e-08	-3.470811e+01	-6.884907e+02
4.900000e-07	-4.833926e-06	-1.152499e-08	-3.384190e+01	-6.834739e+02
5.000000e-07	-4.708445e-06	-1.143226e-08	-3.296342e+01	-6.783453e+02
5.100000e-07	-4.581372e-06	-1.133292e-08	-3.207379e+01	-6.731043e+02
5.200000e-07	-4.452683e-06	-1.124729e-08	-3.117285e+01	-6.677384e+02
5.300000e-07	-4.322366e-06	-1.116073e-08	-3.026051e+01	-6.622273e+02
5.400000e-07	-4.190435e-06	-1.105920e-08	-2.933688e+01	-6.565489e+02
5.500000e-07	-4.057007e-06	-1.095090e-08	-2.840276e+01	-6.506863e+02
5.600000e-07	-3.922141e-06	-1.085472e-08	-2.745858e+01	-6.446328e+02
5.700000e-07	-3.785779e-06	-1.076127e-08	-2.650392e+01	-6.383919e+02
5.800000e-07	-3.648019e-06	-1.065137e-08	-2.553947e+01	-6.319739e+02
5.900000e-07	-3.508897e-06	-1.053093e-08	-2.456549e+01	-6.253893e+02
6.000000e-07	-3.368313e-06	-1.041961e-08	-2.358128e+01	-6.186418e+02
6.100000e-07	-3.226308e-06	-1.031398e-08	-2.258711e+01	-6.117236e+02
6.200000e-07	-3.083045e-06	-1.019242e-08	-2.158414e+01	-6.046157e+02
6.300000e-07	-2.938675e-06	-1.005863e-08	-2.057342e+01	-5.972917e+02
6.400000e-07	-2.793206e-06	-9.929682e-09	-1.955500e+01	-5.897250e+02
6.500000e-07	-2.646650e-06	-9.805561e-09	-1.852897e+01	-5.818962e+02
6.600000e-07	-2.499179e-06	-9.669089e-09	-1.749654e+01	-5.737977e+02
6.700000e-07	-2.350980e-06	-9.520960e-09	-1.645901e+01	-5.654340e+02
6.800000e-07	-2.202066e-06	-9.377291e-09	-1.541648e+01	-5.568166e+02
6.900000e-07	-2.052341e-06	-9.238368e-09	-1.436827e+01	-5.479568e+02
7.000000e-07	-1.901909e-06	-9.087192e-09	-1.331511e+01	-5.388571e+02
7.100000e-07	-1.750926e-06	-8.922900e-09	-1.225808e+01	-5.295065e+02
7.200000e-07	-1.599342e-06	-8.757903e-09	-1.119686e+01	-5.198802e+02
7.300000e-07	-1.447076e-06	-8.596144e-09	-1.013086e+01	-5.099445e+02
7.400000e-07	-1.294249e-06	-8.426117e-09	-9.060925e+00	-4.996649e+02
7.500000e-07	-1.141002e-06	-8.242987e-09	-7.988056e+00	-4.890144e+02
7.600000e-07	-9.873578e-07	-8.058347e-09	-6.912408e+00	-4.779773e+02
7.700000e-07	-8.333499e-07	-7.874529e-09	-5.834212e+00	-4.665482e+02
7.800000e-07	-6.789931e-07	-7.678082e-09	-4.753573e+00	-4.547240e+02
7.900000e-07	-5.243529e-07	-7.464029e-09	-3.670950e+00	-4.424933e+02
8.000000e-07	-3.695139e-07	-7.246331e-09	-2.586935e+00	-4.298250e+02
8.100000e-07	-2.145340e-07	-7.029522e-09	-1.501934e+00	-4.166625e+02
8.200000e-07	-5.942389e-08	-6.800460e-09	-4.160216e-01	-4.029247e+02
8.300000e-07	9.569945e-08	-6.553767e-09	6.699837e-01	-3.885163e+02
8.400000e-07	2.507272e-07	-6.296991e-09	1.755320e+00	-3.733422e+02
8.500000e-07	4.056520e-07	-6.031504e-09	2.839935e+00	-3.573245e+02
8.600000e-07	5.604317e-07	-5.747627e-09	3.923535e+00	-3.404136e+02
8.700000e-07	7.150074e-07	-5.439388e-09	5.005706e+00	-3.225916e+02
8.800000e-07	8.692312e-07	-5.117806e-09	6.085414e+00	-3.038634e+02
8.900000e-07	1.023108e-06	-4.790204e-09	7.162693e+00	-2.842398e+02
9.000000e-07	1.176619e-06	-4.448816e-09	8.237407e+00	-2.637154e+02
9.100000e-07	1.329670e-06	-4.085445e-09	9.308909e+00	-2.422486e+02
9.200000e-07	1.482255e-06	-3.703515e-09	1.037714e+01	-2.197499e+02
9.300000e-07	1.634313e-06	-3.307167e-09	1.144169e+01	-1.960827e+02
9.400000e-07	1.785761e-06	-2.885471e-09	1.250196e+01	-1.710777e+02
9.500000e-07	1.936563e-06	-2.431208e-09	1.355771e+01	-1.445581e+02
9.600000e-07	2.086760e-06	-1.949925e-09	1.460923e+01	-1.163715e+02
9.700000e-07	2.236299e-06	-1.445743e-09	1.565614e+01	-8.642033e+01
9.800000e-07	2.385053e-06	-9.141759e-10	1.669755e+01	-5.468656e+01
9.900000e-07	2.532935e-06	-3.480534e-10	1.773286e+01	-2.124586e+01
1.000000e-06	2.679823e-06	2.444392e-10	1.876121e+01	1.372984e+01
1.010000e-06	2.825729e-06	8.547897e-10	1.978269e+01	4.998060e+01
1.020000e-06	2.970624e-06	1.481043e-09	2.079709e+01	8.717465e+01
1.030000e-06	3.114361e-06	2.122284e-09	2.180338e+01	1.249296e+02
1.040000e-06	3.256982e-06	2.767376e-09	2.280185e+01	1.628358e+02
1.050000e-06	3.398484e-06	3.401808e-09	2.379250e+01	2.004798e+02
1.060000e-06	3.538677e-06	4.022656e-09	2.477398e+01	2.374671e+02
1.070000e-06	3.677411e-06	4.630109e-09	2.574524e+01	2.734423e+02
1.080000e-06	3.814755e-06	5.215156e-09	2.670677e+01	3.081068e+02
1.090000e-06	3.950700e-06	5.769134e-09	2.765851e+01	3.412318e+02
1.100000e-06	4.085201e-06	6.293450e-09	2.860014e+01	3.726645e+02
1.110000e-06	4.218279e-06	6.793486e-09	2.953182e+01	4.023274e+02
1.120000e-06	4.349822e-06	7.268044e-09	3.045274e+01	4.302094e+02
1.130000e-06	4.479713e-06	7.709740e-09	3.136209e+01	4.563508e+02
1.140000e-06	4.607959e-06	8.120805e-09	3.225993e+01	4.808247e+02
1.150000e-06	4.734680e-06	8.506294e-09	3.314709e+01	5.037177e+02
1.160000e-06	4.859871e-06	8.866861e-09	3.402355e+01	5.251162e+02
1.170000e-06	4.983332e-06	9.198126e-09	3.488788e+01	5.450969e+02
1.180000e-06	5.104949e-06	9.504349e-09	3.573932e+01	5.637267e+02
1.190000e-06	5.224746e-06	9.794067e-09	3.657801e+01	5.810668e+02
1.200000e-06	5.342659e-06	1.006908e-08	3.740350e+01	5.971800e+02
1.210000e-06	5.458470e-06	1.032398e-08	3.821428e+01	6.121369e+02
1.220000e-06	5.572125e-06	1.055789e-08	3.900997e+01	6.260188e+02
1.230000e-06	5.683758e-06	1.077675e-08	3.979151e+01	6.389149e+02
1.240000e-06	5.793447e-06	1.098097e-08	4.055943e+01	6.509159e+02
1.250000e-06	5.901013e-06	1.116676e-08	4.131249e+01	6.621054e+02
1.260000e-06	6.006388e-06	1.133692e-08	4.205021e+01	6.725524e+02
1.270000e-06	6.109660e-06	1.149803e-08	4.277321e+01	6.823084e+02
1.280000e-06	6.210828e-06	1.165341e-08	4.348148e+01	6.914086e+02
1.290000e-06	6.309693e-06	1.179887e-08	4.417363e+01	6.998778e+02
1.300000e-06	6.406186e-06	1.193153e-08	4.484916e+01	7.077392e+02
1.310000e-06	6.500424e-06	1.205386e-08	4.550892e+01	7.150211e+02
1.320000e-06	6.592365e-06	1.216578e-08	4.615259e+01	7.217618e+02
1.330000e-06	6.681989e-06	1.226782e-08	4.678004e+01	7.280085e+02
1.340000e-06	6.769268e-06	1.236191e-08	4.739107e+01	7.338137e+02
1.350000e-06	6.854251e-06	1.245310e-08	4.798603e+01	7.392282e+02
1.360000e-06	6.936813e-06	1.254207e-08	4.856404e+01	7.442950e+02
1.370000e-06	7.016838e-06	1.262366e-08	4.912429e+01	7.490460e+02
1.380000e-06	7.094355e-06	1.269617e-08	4.966698e+01	7.535016e+02
1.390000e-06	7.169174e-06	1.276408e-08	5.019078e+01	7.576745e+02
1.400000e-06	7.241287e-06	1.283020e-08	5.069563e+01	7.615741e+02
1.410000e-06	7.310916e-06	1.289071e-08	5.118311e+01	7.652114e+02
1.420000e-06	7.377966e-06	1.294411e-08	5.165251e+01	7.686009e+02
1.430000e-06	7.442289e-06	1.299557e-08	5.210284e+01	7.717602e+02
1.440000e-06	7.504077e-06	1.304754e-08	5.253541e+01	7.747067e+02
1.450000e-06	7.563351e-06	1.309689e-08	5.295038e+01	7.774544e+02
1.460000e-06	7.619889e-06	1.313967e-08	5.334619e+01	7.800110e+02
1.470000e-06	7.673516e-06	1.317855e-08	5.372163e+01	7.823784e+02
1.480000e-06	7.724010e-06	1.321673e-08	5.407514e+01	7.845550e+02
1.490000e-06	7.771457e-06	1.325249e-08	5.440731e+01	7.865408e+02
1.500000e-06	7.816112e-06	1.328164e-08	5.471994e+01	7.883413e+02
1.510000e-06	7.857965e-06	1.330665e-08	5.501294e+01	7.899701e+02
1.520000e-06	7.897007e-06	1.333288e-08	5.528628e+01	7.914475e+02
1.530000e-06	7.933363e-06	1.335758e-08	5.554080e+01	7.927971e+02
1.540000e-06	7.966955e-06	1.337890e-08	5.577597e+01	7.940387e+02
1.550000e-06	7.997754e-06	1.339679e-08	5.599160e+01	7.951839e+02
1.560000e-06	8.025827e-06	1.341523e-08	5.618813e+01	7.962321e+02
1.570000e-06	8.050983e-06	1.343132e-08	5.636425e+01	7.971725e+02
1.580000e-06	8.073281e-06	1.344144e-08	5.652036e+01	7.979884e+02
1.590000e-06	8.092897e-06	1.344997e-08	5.665768e+01	7.986645e+02
1.600000e-06	8.109591e-06	1.345882e-08	5.677456e+01	7.991937e+02
1.610000e-06	8.123232e-06	1.346710e-08	5.687006e+01	7.995818e+02
1.620000e-06	8.133742e-06	1.347077e-08	5.694364e+01	7.998462e+02
1.630000e-06	8.141192e-06	1.347143e-08	5.699580e+01	8.000123e+02
1.640000e-06	8.145868e-06	1.347298e-08	5.702853e+01	8.001051e+02
1.650000e-06	8.147720e-06	1.347542e-08	5.704150e+01	8.001422e+02
1.660000e-06	8.146727e-06	1.347396e-08	5.703455e+01	8.001277e+02
1.670000e-06	8.143059e-06	1.347273e-08	5.700886e+01	8.000517e+02
1.680000e-06	8.136695e-06	1.347195e-08	5.696431e+01	7.998943e+02
1.690000e-06	8.127630e-06	1.346745e-08	5.690085e+01	7.996325e+02
1.700000e-06	8.115821e-06	1.345786e-08	5.681817e+01	7.992482e+02
1.710000e-06	8.101174e-06	1.344345e-08	5.671563e+01	7.987348e+02
1.720000e-06	8.083945e-06	1.342774e-08	5.659502e+01	7.980988e+02
1.730000e-06	8.064429e-06	1.340957e-08	5.645839e+01	7.973575e+02
1.740000e-06	8.042172e-06	1.343345e-08	5.630256e+01	7.965325e+02
1.750000e-06	8.016312e-06	1.344788e-08	5.612152e+01	7.956425e+02
1.760000e-06	7.986662e-06	1.341033e-08	5.591394e+01	7.946964e+02
1.770000e-06	7.953869e-06	1.335819e-08	5.568436e+01	7.936915e+02
1.780000e-06	7.918636e-06	1.332511e-08	5.543770e+01	7.926150e+02
1.790000e-06	7.880993e-06	1.330341e-08	5.517417e+01	7.914493e+02
1.800000e-06	7.841214e-06	1.328890e-08	5.489567e+01	7.901792e+02
1.810000e-06	7.799357e-06	1.327777e-08	5.460264e+01	7.887978e+02
1.820000e-06	7.754810e-06	1.323432e-08	5.429077e+01	7.873093e+02
1.830000e-06	7.707497e-06	1.324729e-08	5.395954e+01	7.857269e+02
1.840000e-06	7.657204e-06	1.321296e-08	5.360744e+01	7.840684e+02
1.850000e-06	7.603774e-06	1.315584e-08	5.323337e+01	7.823489e+02
1.860000e-06	7.547498e-06	1.312637e-08	5.283939e+01	7.805753e+02
1.870000e-06	7.488540e-06	1.307428e-08	5.242664e+01	7.787433e+02
1.880000e-06	7.427036e-06	1.308598e-08	5.199605e+01	7.768385e+02
1.890000e-06	7.362756e-06	1.304063e-08	5.154603e+01	7.748413e+02
1.900000e-06	7.295700e-06	1.300937e-08	5.107658e+01	7.727333e+02
1.910000e-06	7.225863e-06	1.298618e-08	5.058765e+01	7.705030e+02
1.920000e-06	7.153147e-06	1.291607e-08	5.007857e+01	7.681493e+02
1.930000e-06	7.077807e-06	1.288159e-08	4.955113e+01	7.656803e+02
1.940000e-06	6.999675e-06	1.281848e-08	4.900413e+01	7.631098e+02
1.950000e-06	6.918936e-06	1.279996e-08	4.843889e+01	7.604505e+02
1.960000e-06	6.835864e-06	1.276063e-08	4.785730e+01	7.577094e+02
1.970000e-06	6.750261e-06	1.271459e-08	4.725800e+01	7.548844e+02
1.980000e-06	6.662141e-06	1.266959e-08	4.664108e+01	7.519651e+02
1.990000e-06	6.571703e-06	1.259309e-08	4.600793e+01	7.489369e+02
2.000000e-06	6.479041e-06	1.255545e-08	4.535922e+01	7.457866e+02
2.010000e-06	6.383990e-06	1.248569e-08	4.469377e+01	7.425078e+02
2.020000e-06	6.286675e-06	1.244176e-08	4.401248e+01	7.391030e+02
2.030000e-06	6.187173e-06	1.238177e-08	4.331587e+01	7.355828e+02
2.040000e-06	6.085428e-06	1.232875e-08	4.260357e+01	7.319611e+02
2.050000e-06	5.981433e-06	1.226457e-08	4.187550e+01	7.282491e+02
2.060000e-06	5.875274e-06	1.218428e-08	4.113229e+01	7.244498e+02
2.070000e-06	5.767136e-06	1.212346e-08	4.037523e+01	7.205554e+02
2.080000e-06	5.656926e-06	1.204989e-08	3.960366e+01	7.165484e+02
2.090000e-06	5.544580e-06	1.198916e-08	3.881713e+01	7.124069e+02
2.100000e-06	5.430081e-06	1.190948e-08	3.801553e+01	7.081110e+02
2.110000e-06	5.313500e-06	1.184363e-08	3.719936e+01	7.036493e+02
2.120000e-06	5.194820e-06	1.176087e-08	3.636849e+01	6.990223e+02
2.130000e-06	5.074170e-06	1.167872e-08	3.552383e+01	6.942413e+02
2.140000e-06	4.951765e-06	1.158805e-08	3.466689e+01	6.893240e+02
2.150000e-06	4.827560e-06	1.150541e-08	3.379734e+01	6.842867e+02
2.160000e-06	4.701590e-06	1.142530e-08	3.291543e+01	6.791384e+02
2.170000e-06	4.573912e-06	1.133690e-08	3.202157e+01	6.738762e+02
2.180000e-06	4.444658e-06	1.124712e-08	3.111667e+01	6.684861e+02
2.190000e-06	4.313870e-06	1.115250e-08	3.020104e+01	6.629466e+02
2.200000e-06	4.181517e-06	1.106177e-08	2.927444e+01	6.572362e+02
2.210000e-06	4.047664e-06	1.095669e-08	2.833735e+01	6.513397e+02
2.220000e-06	3.912330e-06	1.085396e-08	2.738989e+01	6.452522e+02
2.230000e-06	3.775476e-06	1.074606e-08	2.643179e+01	6.389788e+02
2.240000e-06	3.637268e-06	1.064532e-08	2.546421e+01	6.325304e+02
2.250000e-06	3.497802e-06	1.053222e-08	2.448782e+01	6.259167e+02
2.260000e-06	3.357020e-06	1.041531e-08	2.350221e+01	6.191396e+02
2.270000e-06	3.214897e-06	1.029388e-08	2.250722e+01	6.121892e+02
2.280000e-06	3.071489e-06	1.017409e-08	2.150324e+01	6.050447e+02
2.290000e-06	2.926952e-06	1.005189e-08	2.049134e+01	5.976792e+02
2.300000e-06	2.781402e-06	9.923854e-09	1.947236e+01	5.900668e+02
2.310000e-06	2.634926e-06	9.794153e-09	1.844689e+01	5.821900e+02
2.320000e-06	2.487546e-06	9.657919e-09	1.741510e+01	5.740434e+02
2.330000e-06	2.339297e-06	9.516843e-09	1.637722e+01	5.656334e+02
2.340000e-06	2.190242e-06	9.363842e-09	1.533370e+01	5.569721e+02
2.350000e-06	2.040452e-06	9.212493e-09	1.428503e+01	5.480696e+02
2.360000e-06	1.889941e-06	9.058876e-09	1.323131e+01	5.389263e+02
2.370000e-06	1.738738e-06	8.901916e-09	1.217276e+01	5.295286e+02
2.380000e-06	1.586927e-06	8.737531e-09	1.110994e+01	5.198496e+02
2.390000e-06	1.434486e-06	8.568610e-09	1.004272e+01	5.098548e+02
2.400000e-06	1.281463e-06	8.393609e-09	8.971416e+00	4.995107e+02
2.410000e-06	1.128026e-06	8.210949e-09	7.897218e+00	4.887919e+02
2.420000e-06	9.742084e-07	8.019994e-09	6.820350e+00	4.776850e+02
2.430000e-06	8.200930e-07	7.825262e-09	5.741402e+00	4.661856e+02
2.440000e-06	6.657810e-07	7.628566e-09	4.661076e+00	4.542901e+02
2.450000e-06	5.112496e-07	7.425326e-09	3.579215e+00	4.419842e+02
2.460000e-06	3.565119e-07	7.210347e-09	2.495910e+00	4.292326e+02
2.470000e-06	2.016062e-07	6.984401e-09	1.411428e+00	4.159738e+02
2.480000e-06	4.659890e-08	6.751335e-09	3.262349e-01	4.021235e+02
2.490000e-06	-1.083899e-07	6.505555e-09	-7.588288e-01	3.875849e+02
2.500000e-06	-2.632694e-07	6.246915e-09	-1.843127e+00	3.722652e+02
2.510000e-06	-4.179703e-07	5.974987e-09	-2.926175e+00	3.560906e+02
2.520000e-06	-5.725055e-07	5.692853e-09	-4.008063e+00	3.390176e+02
2.530000e-06	-7.268591e-07	5.394089e-09	-5.088679e+00	3.210329e+02
2.540000e-06	-8.810086e-07	5.073453e-09	-6.167867e+00	3.021442e+02
2.550000e-06	-1.034886e-06	4.737223e-09	-7.245148e+00	2.823609e+02
2.560000e-06	-1.188427e-06	4.391147e-09	-8.320077e+00	2.616725e+02
2.570000e-06	-1.341553e-06	4.030352e-09	-9.392100e+00	2.400294e+02
2.580000e-06	-1.494113e-06	3.648360e-09	-1.046016e+01	2.173332e+02
2.590000e-06	-1.646065e-06	3.245395e-09	-1.152396e+01	1.934401e+02
2.600000e-06	-1.797368e-06	2.822682e-09	-1.258322e+01	1.681773e+02
2.610000e-06	-1.947978e-06	2.375438e-09	-1.363763e+01	1.413700e+02
2.620000e-06	-2.097833e-06	1.896723e-09	-1.468675e+01	1.128734e+02
2.630000e-06	-2.246953e-06	1.386245e-09	-1.573073e+01	8.260265e+01
2.640000e-06	-2.395350e-06	8.488628e-10	-1.676964e+01	5.055568e+01
2.650000e-06	-2.542869e-06	2.865694e-10	-1.780241e+01	1.682555e+01
2.660000e-06	-2.689471e-06	-3.021421e-10	-1.882876e+01	-1.839926e+01
2.670000e-06	-2.835186e-06	-9.129611e-10	-1.984890e+01	-5.484458e+01
2.680000e-06	-2.979951e-06	-1.538162e-09	-2.086239e+01	-9.216796e+01
2.690000e-06	-3.123590e-06	-2.171004e-09	-2.186799e+01	-1.299804e+02
2.700000e-06	-3.265868e-06	-2.806809e-09	-2.286407e+01	-1.678699e+02
2.710000e-06	-3.406859e-06	-3.439708e-09	-2.385113e+01	-2.054247e+02
2.720000e-06	-3.546649e-06	-4.060022e-09	-2.482979e+01	-2.422559e+02
2.730000e-06	-3.685163e-06	-4.659599e-09	-2.579952e+01	-2.780171e+02
2.740000e-06	-3.822366e-06	-5.237903e-09	-2.676006e+01	-3.124214e+02
2.750000e-06	-3.958141e-06	-5.792466e-09	-2.771061e+01	-3.452532e+02
2.760000e-06	-4.092346e-06	-6.316411e-09	-2.865017e+01	-3.763735e+02
2.770000e-06	-4.225076e-06	-6.809033e-09	-2.957940e+01	-4.057175e+02
2.780000e-06	-4.356385e-06	-7.273770e-09	-3.049868e+01	-4.332845e+02
2.790000e-06	-4.486193e-06	-7.712005e-09	-3.140746e+01	-4.591222e+02
2.800000e-06	-4.614475e-06	-8.121418e-09	-3.230555e+01	-4.833073e+02
2.810000e-06	-4.741043e-06	-8.501522e-09	-3.319164e+01	-5.059274e+02
2.820000e-06	-4.865876e-06	-8.857543e-09	-3.406559e+01	-5.270674e+02
2.830000e-06	-4.989088e-06	-9.194493e-09	-3.492818e+01	-5.468022e+02
2.840000e-06	-5.110537e-06	-9.508976e-09	-3.577844e+01	-5.651974e+02
2.850000e-06	-5.229970e-06	-9.795791e-09	-3.661457e+01	-5.823136e+02
2.860000e-06	-5.347343e-06	-1.006028e-08	-3.743629e+01	-5.982149e+02
2.870000e-06	-5.462660e-06	-1.030966e-08	-3.824362e+01	-6.129736e+02
2.880000e-06	-5.575732e-06	-1.054135e-08	-3.903522e+01	-6.266728e+02
2.890000e-06	-5.686616e-06	-1.075392e-08	-3.981152e+01	-6.394025e+02
2.900000e-06	-5.795534e-06	-1.095311e-08	-4.057404e+01	-6.512528e+02
2.910000e-06	-5.902442e-06	-1.114158e-08	-4.132250e+01	-6.623052e+02
2.920000e-06	-6.007303e-06	-1.131679e-08	-4.205662e+01	-6.726256e+02
2.930000e-06	-6.109966e-06	-1.147794e-08	-4.277535e+01	-6.822624e+02
2.940000e-06	-6.210371e-06	-1.162927e-08	-4.347828e+01	-6.912482e+02
2.950000e-06	-6.308656e-06	-1.177163e-08	-4.416637e+01	-6.996071e+02
2.960000e-06	-6.404755e-06	-1.190423e-08	-4.483915e+01	-7.073627e+02
2.970000e-06	-6.498508e-06	-1.202551e-08	-4.549550e+01	-7.145450e+02
2.980000e-06	-6.589987e-06	-1.213598e-08	-4.613594e+01	-7.211938e+02
2.990000e-06	-6.679241e-06	-1.223895e-08	-4.676080e+01	-7.273578e+02
3.000000e-06	-6.766079e-06	-1.233669e-08	-4.736874e+01	-7.330897e+02
3.010000e-06	-6.850482e-06	-1.242891e-08	-4.795964e+01	-7.384392e+02
3.020000e-06	-6.932527e-06	-1.251456e-08	-4.853403e+01	-7.434477e+02
3.030000e-06	-7.012053e-06	-1.259460e-08	-4.909079e+01	-7.481447e+02
3.040000e-06	-7.088885e-06	-1.266922e-08	-4.962868e+01	-7.525491e+02
3.050000e-06	-7.163091e-06	-1.273884e-08	-5.014819e+01	-7.566726e+02
3.060000e-06	-7.234696e-06	-1.280323e-08	-5.064949e+01	-7.605245e+02
3.070000e-06	-7.303666e-06	-1.286321e-08	-5.113235e+01	-7.641164e+02
3.080000e-06	-7.370054e-06	-1.291831e-08	-5.159712e+01	-7.674635e+02
3.090000e-06	-7.433830e-06	-1.297147e-08	-5.204361e+01	-7.705835e+02
3.100000e-06	-7.494935e-06	-1.302154e-08	-5.247141e+01	-7.734937e+02
3.110000e-06	-7.553368e-06	-1.306763e-08	-5.288049e+01	-7.762069e+02
3.120000e-06	-7.609088e-06	-1.311117e-08	-5.327058e+01	-7.787298e+02
3.130000e-06	-7.661913e-06	-1.315232e-08	-5.364040e+01	-7.810632e+02
3.140000e-06	-7.711635e-06	-1.318765e-08	-5.398850e+01	-7.832057e+02
3.150000e-06	-7.758331e-06	-1.321580e-08	-5.431542e+01	-7.851578e+02
3.160000e-06	-7.802368e-06	-1.324191e-08	-5.462372e+01	-7.869265e+02
3.170000e-06	-7.843946e-06	-1.326672e-08	-5.491480e+01	-7.885266e+02
3.180000e-06	-7.882825e-06	-1.329310e-08	-5.518699e+01	-7.899795e+02
3.190000e-06	-7.918857e-06	-1.331981e-08	-5.543925e+01	-7.913085e+02
3.200000e-06	-7.952144e-06	-1.334367e-08	-5.567228e+01	-7.925325e+02
3.210000e-06	-7.982620e-06	-1.336301e-08	-5.588565e+01	-7.936607e+02
3.220000e-06	-8.010228e-06	-1.337916e-08	-5.607893e+01	-7.946908e+02
3.230000e-06	-8.034993e-06	-1.339302e-08	-5.625230e+01	-7.956103e+02
3.240000e-06	-8.056863e-06	-1.340460e-08	-5.640542e+01	-7.964022e+02
3.250000e-06	-8.075893e-06	-1.341522e-08	-5.653864e+01	-7.970522e+02
3.260000e-06	-8.092092e-06	-1.342527e-08	-5.665205e+01	-7.975555e+02
3.270000e-06	-8.105192e-06	-1.343443e-08	-5.674376e+01	-7.979199e+02
3.280000e-06	-8.115235e-06	-1.344059e-08	-5.681407e+01	-7.981648e+02
3.290000e-06	-8.122369e-06	-1.344391e-08	-5.686402e+01	-7.983162e+02
3.300000e-06	-8.126579e-06	-1.344476e-08	-5.689349e+01	-7.983981e+02
3.310000e-06	-8.127989e-06	-1.344572e-08	-5.690336e+01	-7.984261e+02
