# Temperatura_=_33.64
# Concentracion g/m^3_=_11780.0
# C_Vs_to_Am_M_A/Vsm_=_59384043850.047264
# pendiente_HvsI_1/m_=_3716.3
# ordenada_HvsI_A/m_=_1297.0
# frecuencia_Hz_=_301553.680014649

Tiempo_(s)	Campo_(V.s)	Magnetizacion_(V.s)	Campo_(kA/m)	Magnetizacion_(A/m)
0.000000e+00	-8.125701e-06	-1.366843e-08	-5.689298e+01	-8.112998e+02
1.000000e-08	-8.123223e-06	-1.366056e-08	-5.687563e+01	-8.111281e+02
2.000000e-08	-8.118041e-06	-1.365242e-08	-5.683935e+01	-8.109126e+02
3.000000e-08	-8.110284e-06	-1.364862e-08	-5.678504e+01	-8.106756e+02
4.000000e-08	-8.099690e-06	-1.364434e-08	-5.671087e+01	-8.104149e+02
5.000000e-08	-8.086151e-06	-1.364010e-08	-5.661607e+01	-8.101043e+02
6.000000e-08	-8.069682e-06	-1.363676e-08	-5.650076e+01	-8.097034e+02
7.000000e-08	-8.050634e-06	-1.364312e-08	-5.636739e+01	-8.091730e+02
8.000000e-08	-8.029220e-06	-1.364140e-08	-5.621746e+01	-8.084901e+02
9.000000e-08	-8.004855e-06	-1.355515e-08	-5.604687e+01	-8.076556e+02
1.000000e-07	-7.977128e-06	-1.351041e-08	-5.585273e+01	-8.066943e+02
1.100000e-07	-7.946304e-06	-1.355868e-08	-5.563692e+01	-8.056441e+02
1.200000e-07	-7.912655e-06	-1.357865e-08	-5.540132e+01	-8.045417e+02
1.300000e-07	-7.876357e-06	-1.353864e-08	-5.514717e+01	-8.034087e+02
1.400000e-07	-7.837768e-06	-1.350733e-08	-5.487699e+01	-8.022438e+02
1.500000e-07	-7.796942e-06	-1.355129e-08	-5.459114e+01	-8.010247e+02
1.600000e-07	-7.753461e-06	-1.346920e-08	-5.428671e+01	-7.997179e+02
1.700000e-07	-7.707147e-06	-1.344360e-08	-5.396243e+01	-7.982925e+02
1.800000e-07	-7.658087e-06	-1.341582e-08	-5.361894e+01	-7.967328e+02
1.900000e-07	-7.605944e-06	-1.331001e-08	-5.325385e+01	-7.950451e+02
2.000000e-07	-7.550790e-06	-1.338117e-08	-5.286768e+01	-7.932548e+02
2.100000e-07	-7.492982e-06	-1.335567e-08	-5.246293e+01	-7.913970e+02
2.200000e-07	-7.432540e-06	-1.330734e-08	-5.203974e+01	-7.895027e+02
2.300000e-07	-7.369466e-06	-1.327381e-08	-5.159812e+01	-7.875872e+02
2.400000e-07	-7.303548e-06	-1.323382e-08	-5.113659e+01	-7.856438e+02
2.500000e-07	-7.234887e-06	-1.324116e-08	-5.065585e+01	-7.836459e+02
2.600000e-07	-7.163659e-06	-1.313754e-08	-5.015714e+01	-7.815563e+02
2.700000e-07	-7.089617e-06	-1.308688e-08	-4.963873e+01	-7.793392e+02
2.800000e-07	-7.012729e-06	-1.308602e-08	-4.910039e+01	-7.769719e+02
2.900000e-07	-6.933117e-06	-1.308106e-08	-4.854298e+01	-7.744505e+02
3.000000e-07	-6.850951e-06	-1.301671e-08	-4.796768e+01	-7.717898e+02
3.100000e-07	-6.766500e-06	-1.292617e-08	-4.737639e+01	-7.690160e+02
3.200000e-07	-6.679775e-06	-1.292203e-08	-4.676918e+01	-7.661569e+02
3.300000e-07	-6.590686e-06	-1.286523e-08	-4.614541e+01	-7.632324e+02
3.400000e-07	-6.499227e-06	-1.280241e-08	-4.550505e+01	-7.602484e+02
3.500000e-07	-6.405540e-06	-1.273240e-08	-4.484909e+01	-7.571964e+02
3.600000e-07	-6.309544e-06	-1.268528e-08	-4.417696e+01	-7.540575e+02
3.700000e-07	-6.211084e-06	-1.266219e-08	-4.348758e+01	-7.508088e+02
3.800000e-07	-6.110335e-06	-1.260032e-08	-4.278218e+01	-7.474309e+02
3.900000e-07	-6.007434e-06	-1.252965e-08	-4.206171e+01	-7.439119e+02
4.000000e-07	-5.902346e-06	-1.245838e-08	-4.132592e+01	-7.402494e+02
4.100000e-07	-5.795119e-06	-1.242880e-08	-4.057516e+01	-7.364483e+02
4.200000e-07	-5.685911e-06	-1.235880e-08	-3.981053e+01	-7.325177e+02
4.300000e-07	-5.574743e-06	-1.226651e-08	-3.903217e+01	-7.284668e+02
4.400000e-07	-5.461426e-06	-1.218703e-08	-3.823877e+01	-7.243014e+02
4.500000e-07	-5.345887e-06	-1.213235e-08	-3.742981e+01	-7.200231e+02
4.600000e-07	-5.228272e-06	-1.206941e-08	-3.660632e+01	-7.156283e+02
4.700000e-07	-5.108806e-06	-1.197724e-08	-3.576986e+01	-7.111096e+02
4.800000e-07	-4.987488e-06	-1.189904e-08	-3.492044e+01	-7.064571e+02
4.900000e-07	-4.864248e-06	-1.183241e-08	-3.405756e+01	-7.016605e+02
5.000000e-07	-4.739257e-06	-1.176346e-08	-3.318243e+01	-6.967106e+02
5.100000e-07	-4.612639e-06	-1.165744e-08	-3.229589e+01	-6.916011e+02
5.200000e-07	-4.484383e-06	-1.155350e-08	-3.139790e+01	-6.863303e+02
5.300000e-07	-4.354418e-06	-1.146767e-08	-3.048793e+01	-6.809005e+02
5.400000e-07	-4.222800e-06	-1.138670e-08	-2.956639e+01	-6.753172e+02
5.500000e-07	-4.089658e-06	-1.128305e-08	-2.863419e+01	-6.695865e+02
5.600000e-07	-3.955131e-06	-1.117404e-08	-2.769228e+01	-6.637110e+02
5.700000e-07	-3.819199e-06	-1.108364e-08	-2.674054e+01	-6.576862e+02
5.800000e-07	-3.681791e-06	-1.099113e-08	-2.577846e+01	-6.514989e+02
5.900000e-07	-3.542976e-06	-1.087776e-08	-2.480654e+01	-6.451281e+02
6.000000e-07	-3.402786e-06	-1.075060e-08	-2.382498e+01	-6.385483e+02
6.100000e-07	-3.261097e-06	-1.064144e-08	-2.283293e+01	-6.317364e+02
6.200000e-07	-3.118013e-06	-1.053496e-08	-2.183111e+01	-6.246772e+02
6.300000e-07	-2.973756e-06	-1.041095e-08	-2.082108e+01	-6.173677e+02
6.400000e-07	-2.828445e-06	-1.027335e-08	-1.980366e+01	-6.098173e+02
6.500000e-07	-2.682178e-06	-1.014457e-08	-1.877956e+01	-6.020431e+02
6.600000e-07	-2.534973e-06	-1.002031e-08	-1.774889e+01	-5.940618e+02
6.700000e-07	-2.387012e-06	-9.881274e-09	-1.671292e+01	-5.858819e+02
6.800000e-07	-2.238359e-06	-9.731865e-09	-1.567212e+01	-5.774968e+02
6.900000e-07	-2.088914e-06	-9.586349e-09	-1.462576e+01	-5.688840e+02
7.000000e-07	-1.938670e-06	-9.448556e-09	-1.357381e+01	-5.600093e+02
7.100000e-07	-1.787770e-06	-9.297021e-09	-1.251727e+01	-5.508347e+02
7.200000e-07	-1.636318e-06	-9.129222e-09	-1.145686e+01	-5.413283e+02
7.300000e-07	-1.484229e-06	-8.961604e-09	-1.039199e+01	-5.314708e+02
7.400000e-07	-1.331493e-06	-8.797900e-09	-9.322595e+00	-5.212572e+02
7.500000e-07	-1.178260e-06	-8.623584e-09	-8.249717e+00	-5.106920e+02
7.600000e-07	-1.024574e-06	-8.434156e-09	-7.173665e+00	-4.997803e+02
7.700000e-07	-8.704970e-07	-8.243141e-09	-6.094880e+00	-4.885165e+02
7.800000e-07	-7.161527e-07	-8.053299e-09	-5.014221e+00	-4.768770e+02
7.900000e-07	-5.615233e-07	-7.853935e-09	-3.931567e+00	-4.648166e+02
8.000000e-07	-4.067045e-07	-7.637378e-09	-2.847586e+00	-4.522725e+02
8.100000e-07	-2.517861e-07	-7.411296e-09	-1.762908e+00	-4.391720e+02
8.200000e-07	-9.675742e-08	-7.181435e-09	-6.774577e-01	-4.254427e+02
8.300000e-07	5.832227e-08	-6.942627e-09	4.083498e-01	-4.110207e+02
8.400000e-07	2.133455e-07	-6.686006e-09	1.493762e+00	-3.958547e+02
8.500000e-07	3.682899e-07	-6.415313e-09	2.578622e+00	-3.799048e+02
8.600000e-07	5.231518e-07	-6.136155e-09	3.662905e+00	-3.631388e+02
8.700000e-07	6.778280e-07	-5.843195e-09	4.745887e+00	-3.455259e+02
8.800000e-07	8.322512e-07	-5.529171e-09	5.827098e+00	-3.270328e+02
8.900000e-07	9.863893e-07	-5.195179e-09	6.906313e+00	-3.076207e+02
9.000000e-07	1.140125e-06	-4.850221e-09	7.982709e+00	-2.872447e+02
9.100000e-07	1.293387e-06	-4.491964e-09	9.055794e+00	-2.658523e+02
9.200000e-07	1.446116e-06	-4.115085e-09	1.012514e+01	-2.433817e+02
9.300000e-07	1.598238e-06	-3.717480e-09	1.119024e+01	-2.197565e+02
9.400000e-07	1.749766e-06	-3.299667e-09	1.225118e+01	-1.948817e+02
9.500000e-07	1.900706e-06	-2.857248e-09	1.330800e+01	-1.686424e+02
9.600000e-07	2.051025e-06	-2.385228e-09	1.436048e+01	-1.409106e+02
9.700000e-07	2.200580e-06	-1.885432e-09	1.540760e+01	-1.115625e+02
9.800000e-07	2.349309e-06	-1.359273e-09	1.644894e+01	-8.050423e+01
9.900000e-07	2.497260e-06	-8.064939e-10	1.748484e+01	-4.770499e+01
1.000000e-06	2.644354e-06	-2.247081e-10	1.851474e+01	-1.322639e+01
1.010000e-06	2.790493e-06	3.831930e-10	1.953794e+01	2.275808e+01
1.020000e-06	2.935621e-06	1.012092e-09	2.055407e+01	5.996145e+01
1.030000e-06	3.079679e-06	1.654316e-09	2.156271e+01	9.800174e+01
1.040000e-06	3.222659e-06	2.304175e-09	2.256380e+01	1.364377e+02
1.050000e-06	3.364505e-06	2.954363e-09	2.355695e+01	1.748140e+02
1.060000e-06	3.505060e-06	3.595412e-09	2.454106e+01	2.127046e+02
1.070000e-06	3.644208e-06	4.221430e-09	2.551532e+01	2.497465e+02
1.080000e-06	3.781914e-06	4.825929e-09	2.647948e+01	2.856550e+02
1.090000e-06	3.918200e-06	5.408769e-09	2.743371e+01	3.202227e+02
1.100000e-06	4.053064e-06	5.967611e-09	2.837797e+01	3.533052e+02
1.110000e-06	4.186439e-06	6.499605e-09	2.931181e+01	3.848025e+02
1.120000e-06	4.318354e-06	7.001625e-09	3.023543e+01	4.146436e+02
1.130000e-06	4.448740e-06	7.472435e-09	3.114834e+01	4.427800e+02
1.140000e-06	4.577464e-06	7.914557e-09	3.204961e+01	4.691878e+02
1.150000e-06	4.704592e-06	8.329640e-09	3.293972e+01	4.938760e+02
1.160000e-06	4.830151e-06	8.719304e-09	3.381883e+01	5.168931e+02
1.170000e-06	4.954054e-06	9.083070e-09	3.468635e+01	5.383270e+02
1.180000e-06	5.076174e-06	9.422186e-09	3.554139e+01	5.582952e+02
1.190000e-06	5.196440e-06	9.734163e-09	3.638344e+01	5.769270e+02
1.200000e-06	5.314758e-06	1.002103e-08	3.721186e+01	5.943427e+02
1.210000e-06	5.431016e-06	1.028850e-08	3.802585e+01	6.106368e+02
1.220000e-06	5.545136e-06	1.054153e-08	3.882488e+01	6.258712e+02
1.230000e-06	5.657143e-06	1.078290e-08	3.960911e+01	6.400810e+02
1.240000e-06	5.767171e-06	1.100991e-08	4.037948e+01	6.532886e+02
1.250000e-06	5.875211e-06	1.122053e-08	4.113593e+01	6.655228e+02
1.260000e-06	5.981106e-06	1.141437e-08	4.187737e+01	6.768324e+02
1.270000e-06	6.084812e-06	1.159129e-08	4.260348e+01	6.872912e+02
1.280000e-06	6.186339e-06	1.175178e-08	4.331433e+01	6.969916e+02
1.290000e-06	6.285604e-06	1.189673e-08	4.400934e+01	7.060284e+02
1.300000e-06	6.382581e-06	1.203205e-08	4.468834e+01	7.144819e+02
1.310000e-06	6.477277e-06	1.216417e-08	4.535136e+01	7.224046e+02
1.320000e-06	6.569797e-06	1.229181e-08	4.599915e+01	7.298187e+02
1.330000e-06	6.660046e-06	1.241038e-08	4.663104e+01	7.367242e+02
1.340000e-06	6.747859e-06	1.251741e-08	4.724587e+01	7.431152e+02
1.350000e-06	6.833347e-06	1.261490e-08	4.784443e+01	7.489968e+02
1.360000e-06	6.916533e-06	1.270645e-08	4.842686e+01	7.543972e+02
1.370000e-06	6.997235e-06	1.279105e-08	4.899190e+01	7.593689e+02
1.380000e-06	7.075366e-06	1.286721e-08	4.953895e+01	7.639796e+02
1.390000e-06	7.150863e-06	1.293944e-08	5.006755e+01	7.682963e+02
1.400000e-06	7.223656e-06	1.300894e-08	5.057722e+01	7.723689e+02
1.410000e-06	7.293846e-06	1.307332e-08	5.106866e+01	7.762210e+02
1.420000e-06	7.361439e-06	1.313210e-08	5.154192e+01	7.798497e+02
1.430000e-06	7.426374e-06	1.318748e-08	5.199657e+01	7.832359e+02
1.440000e-06	7.488765e-06	1.324183e-08	5.243341e+01	7.863597e+02
1.450000e-06	7.548637e-06	1.329363e-08	5.285260e+01	7.892153e+02
1.460000e-06	7.605813e-06	1.333906e-08	5.325293e+01	7.918183e+02
1.470000e-06	7.660196e-06	1.337788e-08	5.363370e+01	7.942038e+02
1.480000e-06	7.711488e-06	1.341167e-08	5.399282e+01	7.964157e+02
1.490000e-06	7.759582e-06	1.344356e-08	5.432956e+01	7.984914e+02
1.500000e-06	7.804866e-06	1.347466e-08	5.464663e+01	8.004499e+02
1.510000e-06	7.847490e-06	1.350552e-08	5.494506e+01	8.022866e+02
1.520000e-06	7.887281e-06	1.353606e-08	5.522366e+01	8.039784e+02
1.530000e-06	7.924304e-06	1.356346e-08	5.548288e+01	8.054960e+02
1.540000e-06	7.958575e-06	1.358667e-08	5.572283e+01	8.068190e+02
1.550000e-06	7.989983e-06	1.360491e-08	5.594274e+01	8.079473e+02
1.560000e-06	8.018686e-06	1.361834e-08	5.614371e+01	8.089031e+02
1.570000e-06	8.044562e-06	1.362857e-08	5.632488e+01	8.097252e+02
1.580000e-06	8.067502e-06	1.363730e-08	5.648550e+01	8.104545e+02
1.590000e-06	8.087752e-06	1.364653e-08	5.662728e+01	8.111199e+02
1.600000e-06	8.105176e-06	1.365815e-08	5.674928e+01	8.117282e+02
1.610000e-06	8.119589e-06	1.367027e-08	5.685019e+01	8.122636e+02
1.620000e-06	8.130910e-06	1.367884e-08	5.692946e+01	8.126956e+02
1.630000e-06	8.139105e-06	1.368281e-08	5.698683e+01	8.129942e+02
1.640000e-06	8.144448e-06	1.368329e-08	5.702425e+01	8.131433e+02
1.650000e-06	8.146913e-06	1.368203e-08	5.704150e+01	8.131497e+02
1.660000e-06	8.146512e-06	1.367824e-08	5.703870e+01	8.130418e+02
1.670000e-06	8.143501e-06	1.368044e-08	5.701761e+01	8.128595e+02
1.680000e-06	8.137829e-06	1.367835e-08	5.697790e+01	8.126389e+02
1.690000e-06	8.129407e-06	1.367397e-08	5.691893e+01	8.123984e+02
1.700000e-06	8.118229e-06	1.366881e-08	5.684067e+01	8.121310e+02
1.710000e-06	8.104196e-06	1.365823e-08	5.674242e+01	8.118072e+02
1.720000e-06	8.087500e-06	1.363992e-08	5.662552e+01	8.113855e+02
1.730000e-06	8.068492e-06	1.360726e-08	5.649243e+01	8.108287e+02
1.740000e-06	8.046934e-06	1.366651e-08	5.634149e+01	8.101176e+02
1.750000e-06	8.022024e-06	1.371040e-08	5.616708e+01	8.092579e+02
1.760000e-06	7.993281e-06	1.363052e-08	5.596583e+01	8.082775e+02
1.770000e-06	7.961134e-06	1.356450e-08	5.574075e+01	8.072153e+02
1.780000e-06	7.926360e-06	1.355579e-08	5.549728e+01	8.061063e+02
1.790000e-06	7.889250e-06	1.350386e-08	5.523745e+01	8.049681e+02
1.800000e-06	7.849957e-06	1.346817e-08	5.496233e+01	8.037954e+02
1.810000e-06	7.808599e-06	1.356263e-08	5.467276e+01	8.025630e+02
1.820000e-06	7.764718e-06	1.343109e-08	5.436552e+01	8.012367e+02
1.830000e-06	7.718122e-06	1.346534e-08	5.403927e+01	7.997876e+02
1.840000e-06	7.668628e-06	1.351653e-08	5.369274e+01	7.982037e+02
1.850000e-06	7.615900e-06	1.337285e-08	5.332356e+01	7.964951e+02
1.860000e-06	7.560280e-06	1.341162e-08	5.293412e+01	7.946899e+02
1.870000e-06	7.501938e-06	1.327036e-08	5.252564e+01	7.928233e+02
1.880000e-06	7.440973e-06	1.331299e-08	5.209879e+01	7.909245e+02
1.890000e-06	7.377357e-06	1.331069e-08	5.165337e+01	7.890049e+02
1.900000e-06	7.310937e-06	1.322074e-08	5.118832e+01	7.870539e+02
1.910000e-06	7.241826e-06	1.327783e-08	5.070444e+01	7.850423e+02
1.920000e-06	7.169889e-06	1.317603e-08	5.020076e+01	7.829321e+02
1.930000e-06	7.095210e-06	1.316894e-08	4.967789e+01	7.806891e+02
1.940000e-06	7.017805e-06	1.307093e-08	4.913593e+01	7.782937e+02
1.950000e-06	6.937722e-06	1.303114e-08	4.857522e+01	7.757456e+02
1.960000e-06	6.855199e-06	1.303029e-08	4.799742e+01	7.730624e+02
1.970000e-06	6.770146e-06	1.295264e-08	4.740192e+01	7.702711e+02
1.980000e-06	6.682662e-06	1.297026e-08	4.678939e+01	7.673990e+02
1.990000e-06	6.592826e-06	1.286379e-08	4.616039e+01	7.644636e+02
2.000000e-06	6.500716e-06	1.283902e-08	4.551547e+01	7.614683e+02
2.010000e-06	6.406313e-06	1.277106e-08	4.485450e+01	7.584021e+02
2.020000e-06	6.309565e-06	1.271218e-08	4.417711e+01	7.552450e+02
2.030000e-06	6.210604e-06	1.266222e-08	4.348422e+01	7.519743e+02
2.040000e-06	6.109405e-06	1.259264e-08	4.277566e+01	7.485715e+02
2.050000e-06	6.005962e-06	1.256605e-08	4.205140e+01	7.450266e+02
2.060000e-06	5.900335e-06	1.247482e-08	4.131184e+01	7.413385e+02
2.070000e-06	5.792695e-06	1.242581e-08	4.055819e+01	7.375134e+02
2.080000e-06	5.683008e-06	1.234232e-08	3.979020e+01	7.335604e+02
2.090000e-06	5.571205e-06	1.229423e-08	3.900740e+01	7.294885e+02
2.100000e-06	5.457282e-06	1.221449e-08	3.820976e+01	7.253027e+02
2.110000e-06	5.341221e-06	1.213988e-08	3.739714e+01	7.210038e+02
2.120000e-06	5.223054e-06	1.206156e-08	3.656978e+01	7.165872e+02
2.130000e-06	5.102858e-06	1.198247e-08	3.572822e+01	7.120451e+02
2.140000e-06	4.980857e-06	1.190433e-08	3.487401e+01	7.073675e+02
2.150000e-06	4.857117e-06	1.181632e-08	3.400764e+01	7.025438e+02
2.160000e-06	4.731576e-06	1.174662e-08	3.312864e+01	6.975655e+02
2.170000e-06	4.604266e-06	1.166042e-08	3.223727e+01	6.924270e+02
2.180000e-06	4.475359e-06	1.157781e-08	3.133472e+01	6.871272e+02
2.190000e-06	4.344942e-06	1.147168e-08	3.042158e+01	6.816693e+02
2.200000e-06	4.213045e-06	1.137973e-08	2.949810e+01	6.760591e+02
2.210000e-06	4.079619e-06	1.127903e-08	2.856390e+01	6.703022e+02
2.220000e-06	3.944634e-06	1.118549e-08	2.761879e+01	6.644003e+02
2.230000e-06	3.808122e-06	1.108156e-08	2.666298e+01	6.583475e+02
2.240000e-06	3.670262e-06	1.098113e-08	2.569774e+01	6.521290e+02
2.250000e-06	3.531117e-06	1.087739e-08	2.472350e+01	6.457225e+02
2.260000e-06	3.390573e-06	1.076531e-08	2.373947e+01	6.391026e+02
2.270000e-06	3.248688e-06	1.064595e-08	2.274605e+01	6.322470e+02
2.280000e-06	3.105568e-06	1.051935e-08	2.174397e+01	6.251427e+02
2.290000e-06	2.961361e-06	1.039724e-08	2.073430e+01	6.177890e+02
2.300000e-06	2.816048e-06	1.026837e-08	1.971687e+01	6.101970e+02
2.310000e-06	2.669722e-06	1.013855e-08	1.869235e+01	6.023844e+02
2.320000e-06	2.522585e-06	1.000289e-08	1.766215e+01	5.943672e+02
2.330000e-06	2.374644e-06	9.868593e-09	1.662633e+01	5.861513e+02
2.340000e-06	2.225858e-06	9.727423e-09	1.558459e+01	5.777274e+02
2.350000e-06	2.076201e-06	9.578221e-09	1.453675e+01	5.690704e+02
2.360000e-06	1.925710e-06	9.421537e-09	1.348307e+01	5.601445e+02
2.370000e-06	1.774567e-06	9.263465e-09	1.242482e+01	5.509125e+02
2.380000e-06	1.622874e-06	9.102550e-09	1.136273e+01	5.413441e+02
2.390000e-06	1.470629e-06	8.936178e-09	1.029677e+01	5.314228e+02
2.400000e-06	1.317905e-06	8.760973e-09	9.227456e+00	5.211457e+02
2.410000e-06	1.164670e-06	8.582608e-09	8.154563e+00	5.105182e+02
2.420000e-06	1.010927e-06	8.396905e-09	7.078117e+00	4.995442e+02
2.430000e-06	8.568221e-07	8.205269e-09	5.999134e+00	4.882154e+02
2.440000e-06	7.024533e-07	8.008251e-09	4.918304e+00	4.765044e+02
2.450000e-06	5.478959e-07	7.805835e-09	3.836153e+00	4.643624e+02
2.460000e-06	3.932130e-07	7.595800e-09	2.753124e+00	4.517241e+02
2.470000e-06	2.384365e-07	7.372415e-09	1.669439e+00	4.385163e+02
2.480000e-06	8.356375e-08	7.137478e-09	5.850807e-01	4.246674e+02
2.490000e-06	-7.136695e-08	6.889974e-09	-4.996835e-01	4.101157e+02
2.500000e-06	-2.262505e-07	6.632643e-09	-1.584117e+00	3.948121e+02
2.510000e-06	-3.810478e-07	6.362865e-09	-2.667948e+00	3.787185e+02
2.520000e-06	-5.357099e-07	6.081390e-09	-3.750832e+00	3.618032e+02
2.530000e-06	-6.901642e-07	5.786779e-09	-4.832260e+00	3.440355e+02
2.540000e-06	-8.443807e-07	5.474575e-09	-5.912024e+00	3.253811e+02
2.550000e-06	-9.983218e-07	5.142676e-09	-6.989859e+00	3.058001e+02
2.560000e-06	-1.151855e-06	4.793035e-09	-8.064835e+00	2.852464e+02
2.570000e-06	-1.304940e-06	4.428050e-09	-9.136682e+00	2.636662e+02
2.580000e-06	-1.457535e-06	4.047945e-09	-1.020509e+01	2.409952e+02
2.590000e-06	-1.609551e-06	3.649314e-09	-1.126945e+01	2.171542e+02
2.600000e-06	-1.760984e-06	3.231488e-09	-1.232972e+01	1.920444e+02
2.610000e-06	-1.911786e-06	2.791523e-09	-1.338558e+01	1.655479e+02
2.620000e-06	-2.061921e-06	2.323118e-09	-1.443676e+01	1.375359e+02
2.630000e-06	-2.211273e-06	1.822795e-09	-1.548247e+01	1.078876e+02
2.640000e-06	-2.359741e-06	1.292398e-09	-1.652198e+01	7.651815e+01
2.650000e-06	-2.507378e-06	7.357094e-10	-1.755568e+01	4.341120e+01
2.660000e-06	-2.654185e-06	1.541254e-10	-1.858357e+01	8.647363e+00
2.670000e-06	-2.800094e-06	-4.505989e-10	-1.960516e+01	-2.757916e+01
2.680000e-06	-2.945038e-06	-1.074979e-09	-2.062000e+01	-6.496249e+01
2.690000e-06	-3.088966e-06	-1.712190e-09	-2.162773e+01	-1.031071e+02
2.700000e-06	-3.231758e-06	-2.357084e-09	-2.262750e+01	-1.415657e+02
2.710000e-06	-3.373258e-06	-3.003112e-09	-2.361823e+01	-1.798853e+02
2.720000e-06	-3.513382e-06	-3.640203e-09	-2.459933e+01	-2.176491e+02
2.730000e-06	-3.652124e-06	-4.259830e-09	-2.557074e+01	-2.545074e+02
2.740000e-06	-3.789538e-06	-4.858624e-09	-2.653286e+01	-2.901898e+02
2.750000e-06	-3.925597e-06	-5.434784e-09	-2.748550e+01	-3.245016e+02
2.760000e-06	-4.060234e-06	-5.986563e-09	-2.842817e+01	-3.573076e+02
2.770000e-06	-4.193345e-06	-6.512146e-09	-2.936016e+01	-3.885140e+02
2.780000e-06	-4.324909e-06	-7.009743e-09	-3.028133e+01	-4.180539e+02
2.790000e-06	-4.454996e-06	-7.478476e-09	-3.119214e+01	-4.458827e+02
2.800000e-06	-4.583599e-06	-7.918138e-09	-3.209257e+01	-4.719819e+02
2.810000e-06	-4.710594e-06	-8.328435e-09	-3.298174e+01	-4.963673e+02
2.820000e-06	-4.835858e-06	-8.711034e-09	-3.385879e+01	-5.190944e+02
2.830000e-06	-4.959395e-06	-9.069565e-09	-3.472374e+01	-5.402576e+02
2.840000e-06	-5.081211e-06	-9.404326e-09	-3.557666e+01	-5.599779e+02
2.850000e-06	-5.201203e-06	-9.715962e-09	-3.641679e+01	-5.783846e+02
2.860000e-06	-5.319111e-06	-1.000755e-08	-3.724234e+01	-5.955942e+02
2.870000e-06	-5.434868e-06	-1.028107e-08	-3.805282e+01	-6.116956e+02
2.880000e-06	-5.548471e-06	-1.053410e-08	-3.884823e+01	-6.267454e+02
2.890000e-06	-5.659852e-06	-1.076619e-08	-3.962807e+01	-6.407749e+02
2.900000e-06	-5.769146e-06	-1.098263e-08	-4.039331e+01	-6.538064e+02
2.910000e-06	-5.876506e-06	-1.118633e-08	-4.114500e+01	-6.658714e+02
2.920000e-06	-5.981911e-06	-1.137645e-08	-4.188301e+01	-6.770232e+02
2.930000e-06	-6.085141e-06	-1.155272e-08	-4.260578e+01	-6.873398e+02
2.940000e-06	-6.186068e-06	-1.171602e-08	-4.331243e+01	-6.969151e+02
2.950000e-06	-6.284772e-06	-1.186856e-08	-4.400352e+01	-7.058428e+02
2.960000e-06	-6.381344e-06	-1.201094e-08	-4.467968e+01	-7.141988e+02
2.970000e-06	-6.475695e-06	-1.214329e-08	-4.534029e+01	-7.220301e+02
2.980000e-06	-6.567708e-06	-1.226740e-08	-4.598453e+01	-7.293541e+02
2.990000e-06	-6.657441e-06	-1.238267e-08	-4.661280e+01	-7.361683e+02
3.000000e-06	-6.744859e-06	-1.248927e-08	-4.722487e+01	-7.424676e+02
3.010000e-06	-6.829841e-06	-1.258763e-08	-4.781988e+01	-7.482607e+02
3.020000e-06	-6.912429e-06	-1.267786e-08	-4.839812e+01	-7.535803e+02
3.030000e-06	-6.992637e-06	-1.276114e-08	-4.895971e+01	-7.584827e+02
3.040000e-06	-7.070165e-06	-1.283796e-08	-4.950254e+01	-7.630365e+02
3.050000e-06	-7.144916e-06	-1.290995e-08	-5.002591e+01	-7.673068e+02
3.060000e-06	-7.217089e-06	-1.297693e-08	-5.053124e+01	-7.713394e+02
3.070000e-06	-7.286600e-06	-1.304075e-08	-5.101792e+01	-7.751527e+02
3.080000e-06	-7.353486e-06	-1.310166e-08	-5.148623e+01	-7.787400e+02
3.090000e-06	-7.417918e-06	-1.315674e-08	-5.193737e+01	-7.820808e+02
3.100000e-06	-7.479692e-06	-1.320613e-08	-5.236988e+01	-7.851569e+02
3.110000e-06	-7.538744e-06	-1.325529e-08	-5.278334e+01	-7.879658e+02
3.120000e-06	-7.595046e-06	-1.330282e-08	-5.317754e+01	-7.905272e+02
3.130000e-06	-7.648467e-06	-1.334364e-08	-5.355158e+01	-7.928787e+02
3.140000e-06	-7.698905e-06	-1.337836e-08	-5.390472e+01	-7.950642e+02
3.150000e-06	-7.746165e-06	-1.341162e-08	-5.423562e+01	-7.971185e+02
3.160000e-06	-7.790673e-06	-1.344480e-08	-5.454725e+01	-7.990565e+02
3.170000e-06	-7.832806e-06	-1.347416e-08	-5.484225e+01	-8.008696e+02
3.180000e-06	-7.872286e-06	-1.349996e-08	-5.511867e+01	-8.025326e+02
3.190000e-06	-7.908920e-06	-1.352595e-08	-5.537517e+01	-8.040167e+02
3.200000e-06	-7.942810e-06	-1.355316e-08	-5.561245e+01	-8.053046e+02
3.210000e-06	-7.973897e-06	-1.357467e-08	-5.583011e+01	-8.064000e+02
3.220000e-06	-8.002059e-06	-1.359015e-08	-5.602729e+01	-8.073291e+02
3.230000e-06	-8.027477e-06	-1.360447e-08	-5.620526e+01	-8.081321e+02
3.240000e-06	-8.050051e-06	-1.361844e-08	-5.636331e+01	-8.088486e+02
3.250000e-06	-8.069701e-06	-1.362787e-08	-5.650090e+01	-8.095043e+02
3.260000e-06	-8.086571e-06	-1.363381e-08	-5.661901e+01	-8.101016e+02
3.270000e-06	-8.100349e-06	-1.364273e-08	-5.671548e+01	-8.106212e+02
3.280000e-06	-8.110991e-06	-1.365449e-08	-5.678999e+01	-8.110316e+02
3.290000e-06	-8.118769e-06	-1.366110e-08	-5.684445e+01	-8.113043e+02
3.300000e-06	-8.123683e-06	-1.366082e-08	-5.687886e+01	-8.114269e+02
3.310000e-06	-8.125817e-06	-1.366322e-08	-5.689380e+01	-8.114106e+02
