# Temperatura_=_59.23
# Concentracion g/m^3_=_11780.0
# C_Vs_to_Am_M_A/Vsm_=_59384043850.047264
# pendiente_HvsI_1/m_=_3716.3
# ordenada_HvsI_A/m_=_1297.0
# frecuencia_Hz_=_301553.42795161786

Tiempo_(s)	Campo_(V.s)	Magnetizacion_(V.s)	Campo_(kA/m)	Magnetizacion_(A/m)
0.000000e+00	-8.150082e-06	-1.406284e-08	-5.689222e+01	-8.345609e+02
1.000000e-08	-8.147313e-06	-1.405574e-08	-5.687290e+01	-8.343417e+02
2.000000e-08	-8.141880e-06	-1.404920e-08	-5.683497e+01	-8.340816e+02
3.000000e-08	-8.133846e-06	-1.404663e-08	-5.677889e+01	-8.338117e+02
4.000000e-08	-8.122968e-06	-1.404352e-08	-5.670295e+01	-8.335336e+02
5.000000e-08	-8.109155e-06	-1.403803e-08	-5.660653e+01	-8.332176e+02
6.000000e-08	-8.092421e-06	-1.403178e-08	-5.648971e+01	-8.328138e+02
7.000000e-08	-8.073064e-06	-1.402916e-08	-5.635459e+01	-8.322712e+02
8.000000e-08	-8.051268e-06	-1.401676e-08	-5.620244e+01	-8.315572e+02
9.000000e-08	-8.026510e-06	-1.395767e-08	-5.602962e+01	-8.306713e+02
1.000000e-07	-7.998416e-06	-1.392514e-08	-5.583351e+01	-8.296449e+02
1.100000e-07	-7.967247e-06	-1.394836e-08	-5.561593e+01	-8.285297e+02
1.200000e-07	-7.933274e-06	-1.396023e-08	-5.537878e+01	-8.273770e+02
1.300000e-07	-7.896663e-06	-1.393453e-08	-5.512322e+01	-8.262179e+02
1.400000e-07	-7.857746e-06	-1.390131e-08	-5.485155e+01	-8.250503e+02
1.500000e-07	-7.816564e-06	-1.391362e-08	-5.456408e+01	-8.238398e+02
1.600000e-07	-7.772714e-06	-1.387260e-08	-5.425798e+01	-8.225325e+02
1.700000e-07	-7.726026e-06	-1.383328e-08	-5.393207e+01	-8.210763e+02
1.800000e-07	-7.676485e-06	-1.379971e-08	-5.358625e+01	-8.194415e+02
1.900000e-07	-7.623869e-06	-1.373528e-08	-5.321896e+01	-8.176327e+02
2.000000e-07	-7.568326e-06	-1.375997e-08	-5.283124e+01	-8.156874e+02
2.100000e-07	-7.510050e-06	-1.373766e-08	-5.242444e+01	-8.136619e+02
2.200000e-07	-7.449103e-06	-1.368842e-08	-5.199899e+01	-8.116093e+02
2.300000e-07	-7.385533e-06	-1.364906e-08	-5.155523e+01	-8.095592e+02
2.400000e-07	-7.319191e-06	-1.360593e-08	-5.109213e+01	-8.075060e+02
2.500000e-07	-7.250132e-06	-1.360060e-08	-5.061006e+01	-8.054104e+02
2.600000e-07	-7.178417e-06	-1.352830e-08	-5.010944e+01	-8.032149e+02
2.700000e-07	-7.103892e-06	-1.346917e-08	-4.958922e+01	-8.008648e+02
2.800000e-07	-7.026507e-06	-1.345367e-08	-4.904903e+01	-7.983285e+02
2.900000e-07	-6.946393e-06	-1.344356e-08	-4.848978e+01	-7.956087e+02
3.000000e-07	-6.863779e-06	-1.337677e-08	-4.791310e+01	-7.927401e+02
3.100000e-07	-6.778853e-06	-1.328791e-08	-4.732026e+01	-7.897745e+02
3.200000e-07	-6.691650e-06	-1.326705e-08	-4.671153e+01	-7.867599e+02
3.300000e-07	-6.602107e-06	-1.322218e-08	-4.608648e+01	-7.837216e+02
3.400000e-07	-6.510200e-06	-1.315992e-08	-4.544491e+01	-7.806519e+02
3.500000e-07	-6.415979e-06	-1.309312e-08	-4.478719e+01	-7.775132e+02
3.600000e-07	-6.319405e-06	-1.304552e-08	-4.411305e+01	-7.742523e+02
3.700000e-07	-6.220442e-06	-1.300803e-08	-4.342224e+01	-7.708206e+02
3.800000e-07	-6.119254e-06	-1.294125e-08	-4.271589e+01	-7.671914e+02
3.900000e-07	-6.015951e-06	-1.286136e-08	-4.199477e+01	-7.633690e+02
4.000000e-07	-5.910421e-06	-1.278865e-08	-4.125811e+01	-7.593850e+02
4.100000e-07	-5.802703e-06	-1.274754e-08	-4.050618e+01	-7.552845e+02
4.200000e-07	-5.692972e-06	-1.268260e-08	-3.974019e+01	-7.511073e+02
4.300000e-07	-5.581199e-06	-1.259486e-08	-3.895996e+01	-7.468724e+02
4.400000e-07	-5.467261e-06	-1.251064e-08	-3.816460e+01	-7.425705e+02
4.500000e-07	-5.351155e-06	-1.244690e-08	-3.735412e+01	-7.381683e+02
4.600000e-07	-5.232956e-06	-1.237965e-08	-3.652902e+01	-7.336217e+02
4.700000e-07	-5.112844e-06	-1.228510e-08	-3.569057e+01	-7.288929e+02
4.800000e-07	-4.990896e-06	-1.219440e-08	-3.483930e+01	-7.239635e+02
4.900000e-07	-4.867106e-06	-1.212256e-08	-3.397518e+01	-7.188406e+02
5.000000e-07	-4.741561e-06	-1.205036e-08	-3.309880e+01	-7.135509e+02
5.100000e-07	-4.614386e-06	-1.194659e-08	-3.221105e+01	-7.081284e+02
5.200000e-07	-4.485594e-06	-1.184058e-08	-3.131201e+01	-7.025991e+02
5.300000e-07	-4.355128e-06	-1.175006e-08	-3.040128e+01	-6.969690e+02
5.400000e-07	-4.223059e-06	-1.166333e-08	-2.947936e+01	-6.912210e+02
5.500000e-07	-4.089495e-06	-1.155570e-08	-2.854701e+01	-6.853201e+02
5.600000e-07	-3.954459e-06	-1.144247e-08	-2.760438e+01	-6.792262e+02
5.700000e-07	-3.817881e-06	-1.134390e-08	-2.665099e+01	-6.729075e+02
5.800000e-07	-3.679829e-06	-1.124553e-08	-2.568731e+01	-6.663497e+02
5.900000e-07	-3.540406e-06	-1.112701e-08	-2.471406e+01	-6.595584e+02
6.000000e-07	-3.399653e-06	-1.099644e-08	-2.373152e+01	-6.525522e+02
6.100000e-07	-3.257474e-06	-1.087915e-08	-2.273903e+01	-6.453519e+02
6.200000e-07	-3.113861e-06	-1.076341e-08	-2.173653e+01	-6.379687e+02
6.300000e-07	-2.969145e-06	-1.063458e-08	-2.072632e+01	-6.303969e+02
6.400000e-07	-2.823503e-06	-1.049260e-08	-1.970966e+01	-6.226145e+02
6.500000e-07	-2.676904e-06	-1.035730e-08	-1.868631e+01	-6.145900e+02
6.600000e-07	-2.529342e-06	-1.022605e-08	-1.765625e+01	-6.062931e+02
6.700000e-07	-2.380996e-06	-1.008363e-08	-1.662071e+01	-5.977044e+02
6.800000e-07	-2.231943e-06	-9.926547e-09	-1.558023e+01	-5.888203e+02
6.900000e-07	-2.082025e-06	-9.769033e-09	-1.453372e+01	-5.796504e+02
7.000000e-07	-1.931248e-06	-9.618200e-09	-1.348122e+01	-5.702091e+02
7.100000e-07	-1.779825e-06	-9.459655e-09	-1.242419e+01	-5.605046e+02
7.200000e-07	-1.627879e-06	-9.285657e-09	-1.136352e+01	-5.505304e+02
7.300000e-07	-1.475250e-06	-9.106582e-09	-1.029809e+01	-5.402617e+02
7.400000e-07	-1.321921e-06	-8.933917e-09	-9.227761e+00	-5.296588e+02
7.500000e-07	-1.168119e-06	-8.756786e-09	-8.154139e+00	-5.186760e+02
7.600000e-07	-1.013920e-06	-8.563059e-09	-7.077737e+00	-5.072713e+02
7.700000e-07	-8.593192e-07	-8.357815e-09	-5.998539e+00	-4.954132e+02
7.800000e-07	-7.044475e-07	-8.153051e-09	-4.917445e+00	-4.830813e+02
7.900000e-07	-5.493170e-07	-7.941965e-09	-3.834546e+00	-4.702604e+02
8.000000e-07	-3.939647e-07	-7.713010e-09	-2.750098e+00	-4.569290e+02
8.100000e-07	-2.385106e-07	-7.470841e-09	-1.664940e+00	-4.430490e+02
8.200000e-07	-8.293990e-08	-7.228489e-09	-5.789678e-01	-4.285590e+02
8.300000e-07	7.269582e-08	-6.982311e-09	5.074583e-01	-4.133750e+02
8.400000e-07	2.282931e-07	-6.715974e-09	1.593616e+00	-3.974004e+02
8.500000e-07	3.837945e-07	-6.427153e-09	2.679105e+00	-3.805402e+02
8.600000e-07	5.391140e-07	-6.125124e-09	3.763324e+00	-3.627158e+02
8.700000e-07	6.941743e-07	-5.810833e-09	4.845733e+00	-3.438750e+02
8.800000e-07	8.489635e-07	-5.473337e-09	5.926249e+00	-3.239919e+02
8.900000e-07	1.003461e-06	-5.111281e-09	7.004732e+00	-3.030564e+02
9.000000e-07	1.157612e-06	-4.738560e-09	8.080790e+00	-2.810553e+02
9.100000e-07	1.311328e-06	-4.356304e-09	9.153820e+00	-2.579502e+02
9.200000e-07	1.464614e-06	-3.951906e-09	1.022384e+01	-2.336598e+02
9.300000e-07	1.617377e-06	-3.517004e-09	1.129021e+01	-2.080528e+02
9.400000e-07	1.769449e-06	-3.055169e-09	1.235176e+01	-1.809545e+02
9.500000e-07	1.920854e-06	-2.568052e-09	1.340866e+01	-1.521702e+02
9.600000e-07	2.071593e-06	-2.047654e-09	1.446090e+01	-1.215196e+02
9.700000e-07	2.221561e-06	-1.490428e-09	1.550776e+01	-8.887677e+01
9.800000e-07	2.370705e-06	-9.018291e-10	1.654887e+01	-5.420812e+01
9.900000e-07	2.519015e-06	-2.883864e-10	1.758416e+01	-1.759963e+01
1.000000e-06	2.666400e-06	3.538388e-10	1.861299e+01	2.073210e+01
1.010000e-06	2.812836e-06	1.025678e-09	1.963520e+01	6.044738e+01
1.020000e-06	2.958293e-06	1.717125e-09	2.065057e+01	1.011086e+02
1.030000e-06	3.102679e-06	2.413191e-09	2.165847e+01	1.422179e+02
1.040000e-06	3.245946e-06	3.105061e-09	2.265856e+01	1.832612e+02
1.050000e-06	3.388012e-06	3.789720e-09	2.365026e+01	2.237497e+02
1.060000e-06	3.528782e-06	4.458293e-09	2.463291e+01	2.632532e+02
1.070000e-06	3.668194e-06	5.102116e-09	2.560609e+01	3.014217e+02
1.080000e-06	3.806219e-06	5.715893e-09	2.656958e+01	3.379916e+02
1.090000e-06	3.942800e-06	6.301142e-09	2.752300e+01	3.727820e+02
1.100000e-06	4.077898e-06	6.857372e-09	2.846605e+01	4.056823e+02
1.110000e-06	4.211512e-06	7.379616e-09	2.939876e+01	4.366381e+02
1.120000e-06	4.343600e-06	7.865448e-09	3.032081e+01	4.656384e+02
1.130000e-06	4.474138e-06	8.318923e-09	3.123204e+01	4.927068e+02
1.140000e-06	4.603075e-06	8.744437e-09	3.213209e+01	5.178967e+02
1.150000e-06	4.730395e-06	9.139983e-09	3.302086e+01	5.412886e+02
1.160000e-06	4.856128e-06	9.503888e-09	3.389855e+01	5.629869e+02
1.170000e-06	4.980162e-06	9.840785e-09	3.476437e+01	5.831135e+02
1.180000e-06	5.102453e-06	1.015662e-08	3.561804e+01	6.017980e+02
1.190000e-06	5.222892e-06	1.044847e-08	3.645876e+01	6.191662e+02
1.200000e-06	5.341337e-06	1.071561e-08	3.728558e+01	6.353290e+02
1.210000e-06	5.457784e-06	1.096354e-08	3.809845e+01	6.503750e+02
1.220000e-06	5.572153e-06	1.119978e-08	3.889680e+01	6.643705e+02
1.230000e-06	5.684367e-06	1.142242e-08	3.968013e+01	6.773652e+02
1.240000e-06	5.794507e-06	1.162613e-08	4.044897e+01	6.894029e+02
1.250000e-06	5.902623e-06	1.181295e-08	4.120367e+01	7.005325e+02
1.260000e-06	6.008619e-06	1.198806e-08	4.194359e+01	7.108155e+02
1.270000e-06	6.112437e-06	1.214981e-08	4.266830e+01	7.203269e+02
1.280000e-06	6.214088e-06	1.229473e-08	4.337788e+01	7.291497e+02
1.290000e-06	6.313536e-06	1.242595e-08	4.407209e+01	7.373639e+02
1.300000e-06	6.410593e-06	1.255073e-08	4.474960e+01	7.450360e+02
1.310000e-06	6.505300e-06	1.267239e-08	4.541071e+01	7.522112e+02
1.320000e-06	6.597843e-06	1.278624e-08	4.605671e+01	7.589141e+02
1.330000e-06	6.688163e-06	1.289151e-08	4.668720e+01	7.651550e+02
1.340000e-06	6.776095e-06	1.299000e-08	4.730101e+01	7.709418e+02
1.350000e-06	6.861666e-06	1.308261e-08	4.789835e+01	7.762916e+02
1.360000e-06	6.944907e-06	1.316726e-08	4.847941e+01	7.812371e+02
1.370000e-06	7.025624e-06	1.324195e-08	4.904286e+01	7.858263e+02
1.380000e-06	7.103731e-06	1.331003e-08	4.958810e+01	7.901145e+02
1.390000e-06	7.179189e-06	1.337790e-08	5.011484e+01	7.941514e+02
1.400000e-06	7.251911e-06	1.344389e-08	5.062248e+01	7.979705e+02
1.410000e-06	7.322052e-06	1.350591e-08	5.111210e+01	8.015828e+02
1.420000e-06	7.389681e-06	1.356415e-08	5.158419e+01	8.049789e+02
1.430000e-06	7.454626e-06	1.361818e-08	5.203754e+01	8.081396e+02
1.440000e-06	7.516952e-06	1.366816e-08	5.247261e+01	8.110490e+02
1.450000e-06	7.576791e-06	1.371248e-08	5.289032e+01	8.137070e+02
1.460000e-06	7.633939e-06	1.375222e-08	5.328925e+01	8.161341e+02
1.470000e-06	7.688192e-06	1.378779e-08	5.366796e+01	8.183683e+02
1.480000e-06	7.739376e-06	1.381949e-08	5.402526e+01	8.204536e+02
1.490000e-06	7.787418e-06	1.385007e-08	5.436062e+01	8.224252e+02
1.500000e-06	7.832591e-06	1.388241e-08	5.467596e+01	8.242983e+02
1.510000e-06	7.875025e-06	1.391520e-08	5.497217e+01	8.260635e+02
1.520000e-06	7.914649e-06	1.394559e-08	5.524876e+01	8.276927e+02
1.530000e-06	7.951540e-06	1.397119e-08	5.550629e+01	8.291521e+02
1.540000e-06	7.985643e-06	1.399149e-08	5.574435e+01	8.304183e+02
1.550000e-06	8.016891e-06	1.400663e-08	5.596248e+01	8.314901e+02
1.560000e-06	8.045392e-06	1.401824e-08	5.616143e+01	8.323920e+02
1.570000e-06	8.071006e-06	1.402821e-08	5.634022e+01	8.331664e+02
1.580000e-06	8.093745e-06	1.403820e-08	5.649896e+01	8.338593e+02
1.590000e-06	8.113817e-06	1.404890e-08	5.663907e+01	8.345031e+02
1.600000e-06	8.131037e-06	1.406018e-08	5.675928e+01	8.351049e+02
1.610000e-06	8.145218e-06	1.407198e-08	5.685827e+01	8.356451e+02
1.620000e-06	8.156237e-06	1.408059e-08	5.693519e+01	8.360854e+02
1.630000e-06	8.164161e-06	1.408343e-08	5.699050e+01	8.363863e+02
1.640000e-06	8.169255e-06	1.408160e-08	5.702606e+01	8.365241e+02
1.650000e-06	8.171467e-06	1.407860e-08	5.704150e+01	8.365024e+02
1.660000e-06	8.170859e-06	1.407562e-08	5.703726e+01	8.363525e+02
1.670000e-06	8.167603e-06	1.407515e-08	5.701453e+01	8.361224e+02
1.680000e-06	8.161579e-06	1.407038e-08	5.697248e+01	8.358586e+02
1.690000e-06	8.152850e-06	1.406524e-08	5.691155e+01	8.355878e+02
1.700000e-06	8.141398e-06	1.405997e-08	5.683161e+01	8.353055e+02
1.710000e-06	8.127093e-06	1.405047e-08	5.673175e+01	8.349775e+02
1.720000e-06	8.110203e-06	1.403613e-08	5.661385e+01	8.345520e+02
1.730000e-06	8.090957e-06	1.401924e-08	5.647950e+01	8.339800e+02
1.740000e-06	8.069014e-06	1.405326e-08	5.632632e+01	8.332341e+02
1.750000e-06	8.043651e-06	1.407228e-08	5.614927e+01	8.323196e+02
1.760000e-06	8.014497e-06	1.401378e-08	5.594576e+01	8.312730e+02
1.770000e-06	7.982029e-06	1.396016e-08	5.571912e+01	8.301473e+02
1.780000e-06	7.947004e-06	1.394230e-08	5.547462e+01	8.289917e+02
1.790000e-06	7.909589e-06	1.391213e-08	5.521345e+01	8.278319e+02
1.800000e-06	7.869989e-06	1.387733e-08	5.493702e+01	8.266597e+02
1.810000e-06	7.828319e-06	1.391684e-08	5.464613e+01	8.254357e+02
1.820000e-06	7.784023e-06	1.384421e-08	5.433692e+01	8.241048e+02
1.830000e-06	7.736945e-06	1.384154e-08	5.400829e+01	8.226177e+02
1.840000e-06	7.686932e-06	1.386136e-08	5.365917e+01	8.209501e+02
1.850000e-06	7.633638e-06	1.376333e-08	5.328715e+01	8.191130e+02
1.860000e-06	7.577478e-06	1.376625e-08	5.289512e+01	8.171488e+02
1.870000e-06	7.518733e-06	1.368042e-08	5.248505e+01	8.151146e+02
1.880000e-06	7.457409e-06	1.368535e-08	5.205697e+01	8.130609e+02
1.890000e-06	7.393415e-06	1.367214e-08	5.161025e+01	8.110114e+02
1.900000e-06	7.326622e-06	1.360182e-08	5.114400e+01	8.089539e+02
1.910000e-06	7.256985e-06	1.361156e-08	5.065790e+01	8.068446e+02
1.920000e-06	7.184442e-06	1.354670e-08	5.015150e+01	8.046248e+02
1.930000e-06	7.109257e-06	1.351314e-08	4.962667e+01	8.022424e+02
1.940000e-06	7.031383e-06	1.343245e-08	4.908307e+01	7.996718e+02
1.950000e-06	6.950865e-06	1.340157e-08	4.852100e+01	7.969218e+02
1.960000e-06	6.867883e-06	1.338409e-08	4.794174e+01	7.940316e+02
1.970000e-06	6.782351e-06	1.331330e-08	4.734468e+01	7.910538e+02
1.980000e-06	6.694371e-06	1.328742e-08	4.673053e+01	7.880337e+02
1.990000e-06	6.604080e-06	1.320685e-08	4.610025e+01	7.849910e+02
2.000000e-06	6.511495e-06	1.316450e-08	4.545395e+01	7.819120e+02
2.010000e-06	6.416531e-06	1.310081e-08	4.479105e+01	7.787552e+02
2.020000e-06	6.319337e-06	1.304587e-08	4.411258e+01	7.754666e+02
2.030000e-06	6.219951e-06	1.299921e-08	4.341880e+01	7.720004e+02
2.040000e-06	6.118237e-06	1.293710e-08	4.270879e+01	7.683351e+02
2.050000e-06	6.014279e-06	1.288380e-08	4.198310e+01	7.644806e+02
2.060000e-06	5.908213e-06	1.279297e-08	4.124270e+01	7.604721e+02
2.070000e-06	5.800111e-06	1.272432e-08	4.048808e+01	7.563550e+02
2.080000e-06	5.689865e-06	1.264505e-08	3.971851e+01	7.521666e+02
2.090000e-06	5.577520e-06	1.258847e-08	3.893428e+01	7.479208e+02
2.100000e-06	5.463006e-06	1.251320e-08	3.813490e+01	7.436036e+02
2.110000e-06	5.346302e-06	1.244008e-08	3.732024e+01	7.391786e+02
2.120000e-06	5.227577e-06	1.236496e-08	3.649147e+01	7.346015e+02
2.130000e-06	5.106908e-06	1.228586e-08	3.564913e+01	7.298372e+02
2.140000e-06	4.984398e-06	1.219261e-08	3.479394e+01	7.248717e+02
2.150000e-06	4.859995e-06	1.209687e-08	3.392554e+01	7.197162e+02
2.160000e-06	4.733784e-06	1.201849e-08	3.304451e+01	7.144000e+02
2.170000e-06	4.605952e-06	1.193178e-08	3.215217e+01	7.089567e+02
2.180000e-06	4.476537e-06	1.184207e-08	3.124878e+01	7.034093e+02
2.190000e-06	4.345571e-06	1.173758e-08	3.033456e+01	6.977597e+02
2.200000e-06	4.213062e-06	1.164525e-08	2.940957e+01	6.919869e+02
2.210000e-06	4.079002e-06	1.154060e-08	2.847376e+01	6.860541e+02
2.220000e-06	3.943518e-06	1.143866e-08	2.752800e+01	6.799217e+02
2.230000e-06	3.806551e-06	1.132623e-08	2.657190e+01	6.735603e+02
2.240000e-06	3.668076e-06	1.122299e-08	2.560526e+01	6.669596e+02
2.250000e-06	3.528242e-06	1.111289e-08	2.462914e+01	6.601280e+02
2.260000e-06	3.387101e-06	1.099369e-08	2.364390e+01	6.530854e+02
2.270000e-06	3.244722e-06	1.086828e-08	2.265001e+01	6.458517e+02
2.280000e-06	3.101202e-06	1.073968e-08	2.164816e+01	6.384354e+02
2.290000e-06	2.956584e-06	1.061472e-08	2.063864e+01	6.308277e+02
2.300000e-06	2.810836e-06	1.047991e-08	1.962124e+01	6.230042e+02
2.310000e-06	2.664119e-06	1.034529e-08	1.859707e+01	6.149327e+02
2.320000e-06	2.516543e-06	1.020624e-08	1.756691e+01	6.065843e+02
2.330000e-06	2.368048e-06	1.006657e-08	1.653033e+01	5.979424e+02
2.340000e-06	2.218647e-06	9.911412e-09	1.548742e+01	5.890060e+02
2.350000e-06	2.068394e-06	9.753212e-09	1.443857e+01	5.797862e+02
2.360000e-06	1.917397e-06	9.591849e-09	1.338452e+01	5.702973e+02
2.370000e-06	1.765816e-06	9.430838e-09	1.232640e+01	5.605453e+02
2.380000e-06	1.613747e-06	9.260957e-09	1.126487e+01	5.505205e+02
2.390000e-06	1.461079e-06	9.085003e-09	1.019916e+01	5.401949e+02
2.400000e-06	1.307737e-06	8.905118e-09	9.128749e+00	5.295273e+02
2.410000e-06	1.153892e-06	8.719008e-09	8.054828e+00	5.184716e+02
2.420000e-06	9.996854e-07	8.524324e-09	6.978375e+00	5.069876e+02
2.430000e-06	8.451562e-07	8.320865e-09	5.899673e+00	4.950458e+02
2.440000e-06	6.903445e-07	8.114838e-09	4.818999e+00	4.826274e+02
2.450000e-06	5.352980e-07	7.901426e-09	3.736686e+00	4.697168e+02
2.460000e-06	3.800904e-07	7.677938e-09	2.653248e+00	4.562906e+02
2.470000e-06	2.247531e-07	7.440122e-09	1.568905e+00	4.423065e+02
2.480000e-06	6.932400e-08	7.192425e-09	4.839211e-01	4.276989e+02
2.490000e-06	-8.610348e-08	6.931715e-09	-6.010514e-01	4.123807e+02
2.500000e-06	-2.414602e-07	6.659081e-09	-1.685530e+00	3.962543e+02
2.510000e-06	-3.967168e-07	6.371613e-09	-2.769309e+00	3.792266e+02
2.520000e-06	-5.518297e-07	6.072679e-09	-3.852086e+00	3.612234e+02
2.530000e-06	-7.067075e-07	5.758632e-09	-4.933222e+00	3.421974e+02
2.540000e-06	-8.612917e-07	5.422675e-09	-6.012307e+00	3.221266e+02
2.550000e-06	-1.015593e-06	5.064150e-09	-7.089422e+00	3.010019e+02
2.560000e-06	-1.169541e-06	4.687441e-09	-8.164065e+00	2.788071e+02
2.570000e-06	-1.322965e-06	4.295123e-09	-9.235053e+00	2.554974e+02
2.580000e-06	-1.475814e-06	3.882023e-09	-1.030202e+01	2.309826e+02
2.590000e-06	-1.628169e-06	3.447697e-09	-1.136555e+01	2.051227e+02
2.600000e-06	-1.780006e-06	2.992097e-09	-1.242546e+01	1.777374e+02
2.610000e-06	-1.931239e-06	2.510445e-09	-1.348115e+01	1.486317e+02
2.620000e-06	-2.081769e-06	1.993459e-09	-1.453193e+01	1.176320e+02
2.630000e-06	-2.231530e-06	1.438451e-09	-1.557735e+01	8.462641e+01
2.640000e-06	-2.380540e-06	8.488346e-10	-1.661753e+01	4.960099e+01
2.650000e-06	-2.528698e-06	2.287140e-10	-1.765175e+01	1.266479e+01
2.660000e-06	-2.675879e-06	-4.190120e-10	-1.867916e+01	-2.594249e+01
2.670000e-06	-2.822074e-06	-1.089890e-09	-1.969969e+01	-6.586141e+01
2.680000e-06	-2.967289e-06	-1.773542e-09	-2.071337e+01	-1.066405e+02
2.690000e-06	-3.111473e-06	-2.459115e-09	-2.171986e+01	-1.477759e+02
2.700000e-06	-3.254514e-06	-3.144334e-09	-2.271836e+01	-1.887550e+02
2.710000e-06	-3.396311e-06	-3.823624e-09	-2.370819e+01	-2.290973e+02
2.720000e-06	-3.536790e-06	-4.487161e-09	-2.468881e+01	-2.683861e+02
2.730000e-06	-3.675873e-06	-5.125605e-09	-2.565969e+01	-3.062863e+02
2.740000e-06	-3.813559e-06	-5.735676e-09	-2.662082e+01	-3.425498e+02
2.750000e-06	-3.949862e-06	-6.318465e-09	-2.757229e+01	-3.770093e+02
2.760000e-06	-4.084719e-06	-6.869476e-09	-2.851367e+01	-4.095653e+02
2.770000e-06	-4.218079e-06	-7.382955e-09	-2.944460e+01	-4.401720e+02
2.780000e-06	-4.349913e-06	-7.861657e-09	-3.036488e+01	-4.688250e+02
2.790000e-06	-4.480216e-06	-8.311573e-09	-3.127447e+01	-4.955536e+02
2.800000e-06	-4.609002e-06	-8.732795e-09	-3.217347e+01	-5.204161e+02
2.810000e-06	-4.736182e-06	-9.122200e-09	-3.306125e+01	-5.434977e+02
2.820000e-06	-4.861650e-06	-9.482091e-09	-3.393709e+01	-5.649063e+02
2.830000e-06	-4.985339e-06	-9.819439e-09	-3.480051e+01	-5.847661e+02
2.840000e-06	-5.107237e-06	-1.013482e-08	-3.565143e+01	-6.032070e+02
2.850000e-06	-5.227332e-06	-1.042520e-08	-3.648976e+01	-6.203528e+02
2.860000e-06	-5.345496e-06	-1.069154e-08	-3.731461e+01	-6.363106e+02
2.870000e-06	-5.461502e-06	-1.094067e-08	-3.812440e+01	-6.511651e+02
2.880000e-06	-5.575227e-06	-1.117419e-08	-3.891826e+01	-6.649789e+02
2.890000e-06	-5.686809e-06	-1.138901e-08	-3.969717e+01	-6.777998e+02
2.900000e-06	-5.796323e-06	-1.158608e-08	-4.046164e+01	-6.896719e+02
2.910000e-06	-5.903831e-06	-1.176980e-08	-4.121211e+01	-7.006457e+02
2.920000e-06	-6.009338e-06	-1.194520e-08	-4.194861e+01	-7.107854e+02
2.930000e-06	-6.112675e-06	-1.211010e-08	-4.266996e+01	-7.201680e+02
2.940000e-06	-6.213757e-06	-1.225801e-08	-4.337557e+01	-7.288769e+02
2.950000e-06	-6.312609e-06	-1.239172e-08	-4.406561e+01	-7.369903e+02
2.960000e-06	-6.409248e-06	-1.252020e-08	-4.474021e+01	-7.445713e+02
2.970000e-06	-6.503619e-06	-1.264357e-08	-4.539897e+01	-7.516613e+02
2.980000e-06	-6.595677e-06	-1.275608e-08	-4.604159e+01	-7.582814e+02
2.990000e-06	-6.685450e-06	-1.285814e-08	-4.666826e+01	-7.644409e+02
3.000000e-06	-6.772893e-06	-1.295431e-08	-4.727866e+01	-7.701484e+02
3.010000e-06	-6.857881e-06	-1.304474e-08	-4.787193e+01	-7.754234e+02
3.020000e-06	-6.940443e-06	-1.312706e-08	-4.844825e+01	-7.803018e+02
3.030000e-06	-7.020582e-06	-1.320087e-08	-4.900767e+01	-7.848335e+02
3.040000e-06	-7.098125e-06	-1.327166e-08	-4.954896e+01	-7.890738e+02
3.050000e-06	-7.172897e-06	-1.334227e-08	-5.007091e+01	-7.930704e+02
3.060000e-06	-7.244975e-06	-1.340797e-08	-5.057406e+01	-7.968527e+02
3.070000e-06	-7.314423e-06	-1.346670e-08	-5.105884e+01	-8.004278e+02
3.080000e-06	-7.381303e-06	-1.352159e-08	-5.152571e+01	-8.037838e+02
3.090000e-06	-7.445690e-06	-1.357293e-08	-5.197516e+01	-8.069008e+02
3.100000e-06	-7.507402e-06	-1.361768e-08	-5.240595e+01	-8.097651e+02
3.110000e-06	-7.566397e-06	-1.366061e-08	-5.281777e+01	-8.123801e+02
3.120000e-06	-7.622635e-06	-1.370554e-08	-5.321034e+01	-8.147700e+02
3.130000e-06	-7.675944e-06	-1.374863e-08	-5.358247e+01	-8.169747e+02
3.140000e-06	-7.726249e-06	-1.378485e-08	-5.393363e+01	-8.190379e+02
3.150000e-06	-7.773497e-06	-1.381611e-08	-5.426345e+01	-8.209919e+02
3.160000e-06	-7.818009e-06	-1.384624e-08	-5.457417e+01	-8.228474e+02
3.170000e-06	-7.860076e-06	-1.387428e-08	-5.486782e+01	-8.245911e+02
3.180000e-06	-7.899470e-06	-1.389865e-08	-5.514281e+01	-8.261927e+02
3.190000e-06	-7.936052e-06	-1.391895e-08	-5.539817e+01	-8.276191e+02
3.200000e-06	-7.969843e-06	-1.394161e-08	-5.563405e+01	-8.288502e+02
3.210000e-06	-8.000712e-06	-1.396539e-08	-5.584953e+01	-8.298896e+02
3.220000e-06	-8.028675e-06	-1.398514e-08	-5.604473e+01	-8.307656e+02
3.230000e-06	-8.053863e-06	-1.399906e-08	-5.622056e+01	-8.315227e+02
3.240000e-06	-8.076175e-06	-1.400938e-08	-5.637631e+01	-8.322054e+02
3.250000e-06	-8.095643e-06	-1.401991e-08	-5.651221e+01	-8.328423e+02
3.260000e-06	-8.112334e-06	-1.402911e-08	-5.662872e+01	-8.334356e+02
3.270000e-06	-8.125945e-06	-1.403543e-08	-5.672373e+01	-8.339613e+02
3.280000e-06	-8.136437e-06	-1.404235e-08	-5.679697e+01	-8.343798e+02
3.290000e-06	-8.144030e-06	-1.405156e-08	-5.684998e+01	-8.346529e+02
3.300000e-06	-8.148715e-06	-1.405849e-08	-5.688268e+01	-8.347615e+02
3.310000e-06	-8.150537e-06	-1.406217e-08	-5.689540e+01	-8.347143e+02
