# Temperatura_=_31.91
# Concentracion g/m^3_=_11780.0
# C_Vs_to_Am_M_A/Vsm_=_59384043850.047264
# pendiente_HvsI_1/m_=_3716.3
# ordenada_HvsI_A/m_=_1297.0
# frecuencia_Hz_=_301553.35776215483

Tiempo_(s)	Campo_(V.s)	Magnetizacion_(V.s)	Campo_(kA/m)	Magnetizacion_(A/m)
0.000000e+00	-8.132380e-06	-1.371255e-08	-5.688856e+01	-8.145595e+02
1.000000e-08	-8.129556e-06	-1.370634e-08	-5.686881e+01	-8.144737e+02
2.000000e-08	-8.124003e-06	-1.370593e-08	-5.682996e+01	-8.143227e+02
3.000000e-08	-8.115869e-06	-1.370861e-08	-5.677306e+01	-8.141121e+02
4.000000e-08	-8.104933e-06	-1.370477e-08	-5.669656e+01	-8.138347e+02
5.000000e-08	-8.091026e-06	-1.369543e-08	-5.659927e+01	-8.134729e+02
6.000000e-08	-8.074183e-06	-1.369089e-08	-5.648146e+01	-8.130044e+02
7.000000e-08	-8.054830e-06	-1.369203e-08	-5.634608e+01	-8.124112e+02
8.000000e-08	-8.033070e-06	-1.366971e-08	-5.619385e+01	-8.116863e+02
9.000000e-08	-8.008320e-06	-1.360755e-08	-5.602073e+01	-8.108375e+02
1.000000e-07	-7.980266e-06	-1.359082e-08	-5.582448e+01	-8.098851e+02
1.100000e-07	-7.949136e-06	-1.362261e-08	-5.560672e+01	-8.088554e+02
1.200000e-07	-7.915140e-06	-1.362714e-08	-5.536890e+01	-8.077716e+02
1.300000e-07	-7.878474e-06	-1.359262e-08	-5.511241e+01	-8.066461e+02
1.400000e-07	-7.839554e-06	-1.357972e-08	-5.484015e+01	-8.054767e+02
1.500000e-07	-7.798409e-06	-1.358177e-08	-5.455233e+01	-8.042477e+02
1.600000e-07	-7.754567e-06	-1.352056e-08	-5.424564e+01	-8.029360e+02
1.700000e-07	-7.707921e-06	-1.350929e-08	-5.391933e+01	-8.015197e+02
1.800000e-07	-7.658508e-06	-1.345897e-08	-5.357368e+01	-7.999851e+02
1.900000e-07	-7.605962e-06	-1.341570e-08	-5.320610e+01	-7.983317e+02
2.000000e-07	-7.550454e-06	-1.344231e-08	-5.281780e+01	-7.965706e+02
2.100000e-07	-7.492260e-06	-1.339383e-08	-5.241072e+01	-7.947204e+02
2.200000e-07	-7.431410e-06	-1.336720e-08	-5.198506e+01	-7.927993e+02
2.300000e-07	-7.367977e-06	-1.332337e-08	-5.154132e+01	-7.908189e+02
2.400000e-07	-7.301782e-06	-1.329369e-08	-5.107827e+01	-7.887799e+02
2.500000e-07	-7.232832e-06	-1.327162e-08	-5.059594e+01	-7.866723e+02
2.600000e-07	-7.161211e-06	-1.320412e-08	-5.009493e+01	-7.844792e+02
2.700000e-07	-7.086793e-06	-1.316705e-08	-4.957435e+01	-7.821823e+02
2.800000e-07	-7.009534e-06	-1.314668e-08	-4.903390e+01	-7.797679e+02
2.900000e-07	-6.929547e-06	-1.312324e-08	-4.847437e+01	-7.772304e+02
3.000000e-07	-6.847056e-06	-1.305248e-08	-4.789731e+01	-7.745727e+02
3.100000e-07	-6.762306e-06	-1.299577e-08	-4.730446e+01	-7.718036e+02
3.200000e-07	-6.675282e-06	-1.297077e-08	-4.669570e+01	-7.689341e+02
3.300000e-07	-6.585870e-06	-1.291545e-08	-4.607023e+01	-7.659728e+02
3.400000e-07	-6.494115e-06	-1.285898e-08	-4.542838e+01	-7.629229e+02
3.500000e-07	-6.400118e-06	-1.279861e-08	-4.477084e+01	-7.597817e+02
3.600000e-07	-6.303789e-06	-1.275001e-08	-4.409699e+01	-7.565416e+02
3.700000e-07	-6.205053e-06	-1.270240e-08	-4.340630e+01	-7.531931e+02
3.800000e-07	-6.104027e-06	-1.264102e-08	-4.269960e+01	-7.497268e+02
3.900000e-07	-6.000853e-06	-1.257351e-08	-4.197786e+01	-7.461361e+02
4.000000e-07	-5.895486e-06	-1.251433e-08	-4.124078e+01	-7.424178e+02
4.100000e-07	-5.787936e-06	-1.247141e-08	-4.048844e+01	-7.385717e+02
4.200000e-07	-5.678393e-06	-1.240552e-08	-3.972215e+01	-7.345994e+02
4.300000e-07	-5.566858e-06	-1.232482e-08	-3.894193e+01	-7.305029e+02
4.400000e-07	-5.453175e-06	-1.224730e-08	-3.814668e+01	-7.262834e+02
4.500000e-07	-5.337303e-06	-1.217987e-08	-3.733612e+01	-7.219405e+02
4.600000e-07	-5.219371e-06	-1.210502e-08	-3.651114e+01	-7.174718e+02
4.700000e-07	-5.099518e-06	-1.201736e-08	-3.567274e+01	-7.128730e+02
4.800000e-07	-4.977811e-06	-1.193843e-08	-3.482135e+01	-7.081389e+02
4.900000e-07	-4.854265e-06	-1.187125e-08	-3.395712e+01	-7.032635e+02
5.000000e-07	-4.728942e-06	-1.179667e-08	-3.308044e+01	-6.982412e+02
5.100000e-07	-4.601938e-06	-1.169947e-08	-3.219201e+01	-6.930679e+02
5.200000e-07	-4.473312e-06	-1.160044e-08	-3.129223e+01	-6.877415e+02
5.300000e-07	-4.343057e-06	-1.151048e-08	-3.038105e+01	-6.822617e+02
5.400000e-07	-4.211175e-06	-1.142009e-08	-2.945850e+01	-6.766294e+02
5.500000e-07	-4.077768e-06	-1.131621e-08	-2.852527e+01	-6.708450e+02
5.600000e-07	-3.942912e-06	-1.120972e-08	-2.758192e+01	-6.649061e+02
5.700000e-07	-3.806616e-06	-1.111451e-08	-2.662848e+01	-6.588060e+02
5.800000e-07	-3.668878e-06	-1.101809e-08	-2.566496e+01	-6.525326e+02
5.900000e-07	-3.529715e-06	-1.090539e-08	-2.469147e+01	-6.460696e+02
6.000000e-07	-3.389182e-06	-1.078379e-08	-2.370840e+01	-6.393989e+02
6.100000e-07	-3.247325e-06	-1.067006e-08	-2.271606e+01	-6.325043e+02
6.200000e-07	-3.104155e-06	-1.055816e-08	-2.171454e+01	-6.253752e+02
6.300000e-07	-2.959788e-06	-1.043342e-08	-2.070465e+01	-6.180085e+02
6.400000e-07	-2.814382e-06	-1.029868e-08	-1.968749e+01	-6.104084e+02
6.500000e-07	-2.667951e-06	-1.016620e-08	-1.866316e+01	-6.025837e+02
6.600000e-07	-2.520542e-06	-1.003510e-08	-1.763198e+01	-5.945429e+02
6.700000e-07	-2.372341e-06	-9.895803e-09	-1.659527e+01	-5.862892e+02
6.800000e-07	-2.223415e-06	-9.746158e-09	-1.555349e+01	-5.778161e+02
6.900000e-07	-2.073662e-06	-9.598568e-09	-1.450592e+01	-5.691068e+02
7.000000e-07	-1.923129e-06	-9.456213e-09	-1.345289e+01	-5.601355e+02
7.100000e-07	-1.771985e-06	-9.305459e-09	-1.239559e+01	-5.508724e+02
7.200000e-07	-1.620280e-06	-9.138898e-09	-1.133437e+01	-5.412888e+02
7.300000e-07	-1.468002e-06	-8.968931e-09	-1.026914e+01	-5.313624e+02
7.400000e-07	-1.315222e-06	-8.799369e-09	-9.200395e+00	-5.210787e+02
7.500000e-07	-1.161972e-06	-8.621405e-09	-8.128358e+00	-5.104304e+02
7.600000e-07	-1.008247e-06	-8.432038e-09	-7.053009e+00	-4.994129e+02
7.700000e-07	-8.540751e-07	-8.239179e-09	-5.974525e+00	-4.880179e+02
7.800000e-07	-6.995367e-07	-8.047012e-09	-4.893480e+00	-4.762272e+02
7.900000e-07	-5.447670e-07	-7.845877e-09	-3.810817e+00	-4.640089e+02
8.000000e-07	-3.898580e-07	-7.628367e-09	-2.727180e+00	-4.513155e+02
8.100000e-07	-2.347917e-07	-7.398775e-09	-1.642442e+00	-4.380859e+02
8.200000e-07	-7.955589e-08	-7.166036e-09	-5.565185e-01	-4.242506e+02
8.300000e-07	7.575188e-08	-6.924105e-09	5.299082e-01	-4.097374e+02
8.400000e-07	2.309841e-07	-6.665211e-09	1.615806e+00	-3.944782e+02
8.500000e-07	3.860565e-07	-6.392619e-09	2.700587e+00	-3.784140e+02
8.600000e-07	5.409856e-07	-6.111630e-09	3.784365e+00	-3.614986e+02
8.700000e-07	6.957368e-07	-5.816338e-09	4.866898e+00	-3.436987e+02
8.800000e-07	8.502248e-07	-5.498628e-09	5.947591e+00	-3.249920e+02
8.900000e-07	1.004352e-06	-5.159612e-09	7.025762e+00	-3.053610e+02
9.000000e-07	1.157996e-06	-4.808809e-09	8.100548e+00	-2.847853e+02
9.100000e-07	1.311111e-06	-4.446076e-09	9.171632e+00	-2.632312e+02
9.200000e-07	1.463768e-06	-4.063933e-09	1.023952e+01	-2.406419e+02
9.300000e-07	1.615920e-06	-3.663550e-09	1.130387e+01	-2.169313e+02
9.400000e-07	1.767450e-06	-3.245611e-09	1.236387e+01	-1.919827e+02
9.500000e-07	1.918395e-06	-2.803821e-09	1.341978e+01	-1.656564e+02
9.600000e-07	2.068750e-06	-2.329755e-09	1.447156e+01	-1.378071e+02
9.700000e-07	2.218419e-06	-1.826192e-09	1.551854e+01	-1.083082e+02
9.800000e-07	2.367335e-06	-1.298061e-09	1.656025e+01	-7.708187e+01
9.900000e-07	2.515421e-06	-7.424975e-10	1.759616e+01	-4.412686e+01
1.000000e-06	2.662591e-06	-1.574825e-10	1.862566e+01	-9.538976e+00
1.010000e-06	2.808757e-06	4.529723e-10	1.964814e+01	2.648099e+01
1.020000e-06	2.953886e-06	1.079781e-09	2.066336e+01	6.363498e+01
1.030000e-06	3.097932e-06	1.718926e-09	2.167101e+01	1.015499e+02
1.040000e-06	3.240861e-06	2.366701e-09	2.267084e+01	1.398098e+02
1.050000e-06	3.382621e-06	3.015311e-09	2.366250e+01	1.779923e+02
1.060000e-06	3.523106e-06	3.655616e-09	2.464524e+01	2.157010e+02
1.070000e-06	3.662120e-06	4.279286e-09	2.561768e+01	2.525891e+02
1.080000e-06	3.799713e-06	4.882425e-09	2.658019e+01	2.883717e+02
1.090000e-06	3.935991e-06	5.462149e-09	2.753350e+01	3.228273e+02
1.100000e-06	4.070821e-06	6.016084e-09	2.847668e+01	3.557916e+02
1.110000e-06	4.204239e-06	6.542396e-09	2.940998e+01	3.871493e+02
1.120000e-06	4.336167e-06	7.040583e-09	3.033285e+01	4.168264e+02
1.130000e-06	4.466433e-06	7.511736e-09	3.124411e+01	4.447861e+02
1.140000e-06	4.595086e-06	7.956505e-09	3.214407e+01	4.710276e+02
1.150000e-06	4.722147e-06	8.373116e-09	3.303290e+01	4.955852e+02
1.160000e-06	4.847640e-06	8.760526e-09	3.391077e+01	5.185256e+02
1.170000e-06	4.971477e-06	9.121448e-09	3.477705e+01	5.399398e+02
1.180000e-06	5.093445e-06	9.457737e-09	3.563025e+01	5.599326e+02
1.190000e-06	5.213540e-06	9.768624e-09	3.647035e+01	5.786087e+02
1.200000e-06	5.331798e-06	1.005735e-08	3.729760e+01	5.960609e+02
1.210000e-06	5.447990e-06	1.032855e-08	3.811041e+01	6.123637e+02
1.220000e-06	5.561980e-06	1.058468e-08	3.890780e+01	6.275727e+02
1.230000e-06	5.673875e-06	1.082582e-08	3.969055e+01	6.417321e+02
1.240000e-06	5.783806e-06	1.105106e-08	4.045955e+01	6.548844e+02
1.250000e-06	5.891727e-06	1.126043e-08	4.121449e+01	6.670803e+02
1.260000e-06	5.997476e-06	1.145335e-08	4.195424e+01	6.783842e+02
1.270000e-06	6.101079e-06	1.162728e-08	4.267897e+01	6.888725e+02
1.280000e-06	6.202575e-06	1.178558e-08	4.338897e+01	6.986269e+02
1.290000e-06	6.301779e-06	1.193413e-08	4.408293e+01	7.077233e+02
1.300000e-06	6.398569e-06	1.207546e-08	4.476001e+01	7.162221e+02
1.310000e-06	6.493080e-06	1.220855e-08	4.542114e+01	7.241640e+02
1.320000e-06	6.585416e-06	1.233334e-08	4.606706e+01	7.315714e+02
1.330000e-06	6.675391e-06	1.245066e-08	4.669646e+01	7.384567e+02
1.340000e-06	6.762942e-06	1.255858e-08	4.730891e+01	7.448330e+02
1.350000e-06	6.848240e-06	1.265569e-08	4.790560e+01	7.507239e+02
1.360000e-06	6.931203e-06	1.274502e-08	4.848595e+01	7.561680e+02
1.370000e-06	7.011695e-06	1.282905e-08	4.904902e+01	7.612167e+02
1.380000e-06	7.089615e-06	1.290830e-08	4.959409e+01	7.659259e+02
1.390000e-06	7.164812e-06	1.298371e-08	5.012012e+01	7.703454e+02
1.400000e-06	7.237339e-06	1.305461e-08	5.062747e+01	7.745095e+02
1.410000e-06	7.307335e-06	1.312185e-08	5.111711e+01	7.784331e+02
1.420000e-06	7.374741e-06	1.318346e-08	5.158863e+01	7.821145e+02
1.430000e-06	7.439470e-06	1.323848e-08	5.204144e+01	7.855434e+02
1.440000e-06	7.501623e-06	1.329027e-08	5.247622e+01	7.887116e+02
1.450000e-06	7.561253e-06	1.334065e-08	5.289335e+01	7.916222e+02
1.460000e-06	7.618240e-06	1.338624e-08	5.329199e+01	7.942928e+02
1.470000e-06	7.672413e-06	1.342514e-08	5.367094e+01	7.967530e+02
1.480000e-06	7.723417e-06	1.346004e-08	5.402774e+01	7.990364e+02
1.490000e-06	7.771273e-06	1.349532e-08	5.436250e+01	8.011714e+02
1.500000e-06	7.816352e-06	1.353133e-08	5.467785e+01	8.031727e+02
1.510000e-06	7.858679e-06	1.356403e-08	5.497393e+01	8.050398e+02
1.520000e-06	7.898195e-06	1.359231e-08	5.525036e+01	8.067596e+02
1.530000e-06	7.935028e-06	1.361898e-08	5.550802e+01	8.083146e+02
1.540000e-06	7.969045e-06	1.364434e-08	5.574598e+01	8.096925e+02
1.550000e-06	8.000208e-06	1.366271e-08	5.596398e+01	8.108925e+02
1.560000e-06	8.028720e-06	1.367517e-08	5.616343e+01	8.119275e+02
1.570000e-06	8.054345e-06	1.368790e-08	5.634268e+01	8.128204e+02
1.580000e-06	8.077025e-06	1.369949e-08	5.650134e+01	8.135970e+02
1.590000e-06	8.096945e-06	1.370851e-08	5.664068e+01	8.142773e+02
1.600000e-06	8.114031e-06	1.371729e-08	5.676021e+01	8.148708e+02
1.610000e-06	8.128152e-06	1.372736e-08	5.685899e+01	8.153749e+02
1.620000e-06	8.139126e-06	1.373690e-08	5.693575e+01	8.157800e+02
1.630000e-06	8.146984e-06	1.374229e-08	5.699072e+01	8.160754e+02
1.640000e-06	8.152022e-06	1.374335e-08	5.702597e+01	8.162569e+02
1.650000e-06	8.154243e-06	1.374212e-08	5.704150e+01	8.163298e+02
1.660000e-06	8.153619e-06	1.374234e-08	5.703713e+01	8.163083e+02
1.670000e-06	8.150356e-06	1.374311e-08	5.701431e+01	8.162099e+02
1.680000e-06	8.144386e-06	1.373901e-08	5.697255e+01	8.160482e+02
1.690000e-06	8.135681e-06	1.373405e-08	5.691165e+01	8.158264e+02
1.700000e-06	8.124206e-06	1.372903e-08	5.683138e+01	8.155355e+02
1.710000e-06	8.109835e-06	1.371964e-08	5.673085e+01	8.151562e+02
1.720000e-06	8.092869e-06	1.370176e-08	5.661217e+01	8.146665e+02
1.730000e-06	8.073595e-06	1.368630e-08	5.647734e+01	8.140498e+02
1.740000e-06	8.051636e-06	1.372960e-08	5.632373e+01	8.133018e+02
1.750000e-06	8.026233e-06	1.373829e-08	5.614603e+01	8.124326e+02
1.760000e-06	7.997045e-06	1.367481e-08	5.594185e+01	8.114644e+02
1.770000e-06	7.964568e-06	1.363110e-08	5.571466e+01	8.104235e+02
1.780000e-06	7.929542e-06	1.362009e-08	5.546965e+01	8.093316e+02
1.790000e-06	7.892142e-06	1.357236e-08	5.520802e+01	8.081989e+02
1.800000e-06	7.852582e-06	1.357601e-08	5.493129e+01	8.070203e+02
1.810000e-06	7.810942e-06	1.359081e-08	5.464000e+01	8.057782e+02
1.820000e-06	7.766671e-06	1.350127e-08	5.433031e+01	8.044492e+02
1.830000e-06	7.719665e-06	1.354399e-08	5.400149e+01	8.030124e+02
1.840000e-06	7.669703e-06	1.351444e-08	5.365199e+01	8.014562e+02
1.850000e-06	7.616564e-06	1.345454e-08	5.328027e+01	7.997824e+02
1.860000e-06	7.560588e-06	1.344380e-08	5.288870e+01	7.980039e+02
1.870000e-06	7.501865e-06	1.335799e-08	5.247791e+01	7.961397e+02
1.880000e-06	7.440543e-06	1.338878e-08	5.204894e+01	7.942074e+02
1.890000e-06	7.376512e-06	1.333825e-08	5.160103e+01	7.922168e+02
1.900000e-06	7.309703e-06	1.329631e-08	5.113368e+01	7.901665e+02
1.910000e-06	7.240202e-06	1.328699e-08	5.064749e+01	7.880450e+02
1.920000e-06	7.167830e-06	1.322240e-08	5.014123e+01	7.858345e+02
1.930000e-06	7.092730e-06	1.319976e-08	4.961588e+01	7.835174e+02
1.940000e-06	7.014869e-06	1.311916e-08	4.907122e+01	7.810812e+02
1.950000e-06	6.934404e-06	1.310268e-08	4.850834e+01	7.785217e+02
1.960000e-06	6.851555e-06	1.306202e-08	4.792879e+01	7.758432e+02
1.970000e-06	6.766156e-06	1.301268e-08	4.733139e+01	7.730554e+02
1.980000e-06	6.678283e-06	1.298229e-08	4.671670e+01	7.701690e+02
1.990000e-06	6.588054e-06	1.289857e-08	4.608552e+01	7.671917e+02
2.000000e-06	6.495605e-06	1.286697e-08	4.543881e+01	7.641258e+02
2.010000e-06	6.400854e-06	1.280163e-08	4.477599e+01	7.609675e+02
2.020000e-06	6.303803e-06	1.275341e-08	4.409709e+01	7.577088e+02
2.030000e-06	6.204563e-06	1.269137e-08	4.340288e+01	7.543398e+02
2.040000e-06	6.103045e-06	1.263750e-08	4.269272e+01	7.508516e+02
2.050000e-06	5.999249e-06	1.258457e-08	4.196664e+01	7.472382e+02
2.060000e-06	5.893292e-06	1.250387e-08	4.122544e+01	7.434970e+02
2.070000e-06	5.785317e-06	1.243829e-08	4.047012e+01	7.396282e+02
2.080000e-06	5.675230e-06	1.236119e-08	3.970003e+01	7.356335e+02
2.090000e-06	5.563004e-06	1.230578e-08	3.891497e+01	7.315150e+02
2.100000e-06	5.448679e-06	1.222994e-08	3.811523e+01	7.272735e+02
2.110000e-06	5.332261e-06	1.216305e-08	3.730084e+01	7.229082e+02
2.120000e-06	5.213755e-06	1.208804e-08	3.647186e+01	7.184166e+02
2.130000e-06	5.093259e-06	1.201246e-08	3.562895e+01	7.137941e+02
2.140000e-06	4.970950e-06	1.192177e-08	3.477336e+01	7.090351e+02
2.150000e-06	4.846892e-06	1.183055e-08	3.390554e+01	7.041338e+02
2.160000e-06	4.721074e-06	1.175071e-08	3.302540e+01	6.990847e+02
2.170000e-06	4.593488e-06	1.166701e-08	3.213289e+01	6.938841e+02
2.180000e-06	4.464321e-06	1.158055e-08	3.122933e+01	6.885302e+02
2.190000e-06	4.333634e-06	1.148366e-08	3.031514e+01	6.830230e+02
2.200000e-06	4.201430e-06	1.139562e-08	2.939032e+01	6.773636e+02
2.210000e-06	4.067704e-06	1.129626e-08	2.845487e+01	6.715518e+02
2.220000e-06	3.932439e-06	1.119337e-08	2.750865e+01	6.655847e+02
2.230000e-06	3.795640e-06	1.108249e-08	2.655170e+01	6.594547e+02
2.240000e-06	3.657427e-06	1.098194e-08	2.558485e+01	6.531487e+02
2.250000e-06	3.517981e-06	1.087646e-08	2.460939e+01	6.466498e+02
2.260000e-06	3.377257e-06	1.076466e-08	2.362498e+01	6.399402e+02
2.270000e-06	3.235184e-06	1.064497e-08	2.263113e+01	6.330042e+02
2.280000e-06	3.091836e-06	1.052376e-08	2.162837e+01	6.258326e+02
2.290000e-06	2.947390e-06	1.040169e-08	2.061792e+01	6.184237e+02
2.300000e-06	2.801930e-06	1.027002e-08	1.960039e+01	6.107827e+02
2.310000e-06	2.655498e-06	1.013543e-08	1.857605e+01	6.029188e+02
2.320000e-06	2.508129e-06	1.000063e-08	1.754515e+01	5.948400e+02
2.330000e-06	2.359960e-06	9.868221e-09	1.650867e+01	5.865478e+02
2.340000e-06	2.211051e-06	9.724331e-09	1.546700e+01	5.780340e+02
2.350000e-06	2.061327e-06	9.574463e-09	1.441963e+01	5.692800e+02
2.360000e-06	1.910791e-06	9.419414e-09	1.336659e+01	5.602588e+02
2.370000e-06	1.759563e-06	9.263807e-09	1.230870e+01	5.509403e+02
2.380000e-06	1.607761e-06	9.099705e-09	1.124680e+01	5.412969e+02
2.390000e-06	1.455377e-06	8.929133e-09	1.018082e+01	5.313074e+02
2.400000e-06	1.302352e-06	8.754512e-09	9.110366e+00	5.209589e+02
2.410000e-06	1.148815e-06	8.575447e-09	8.036320e+00	5.102450e+02
2.420000e-06	9.949192e-07	8.387717e-09	6.959773e+00	4.991609e+02
2.430000e-06	8.406908e-07	8.192232e-09	5.880897e+00	4.876968e+02
2.440000e-06	6.861961e-07	7.994869e-09	4.800158e+00	4.758326e+02
2.450000e-06	5.314977e-07	7.793390e-09	3.717994e+00	4.635333e+02
2.460000e-06	3.766389e-07	7.579597e-09	2.634708e+00	4.507488e+02
2.470000e-06	2.216493e-07	7.351133e-09	1.550507e+00	4.374163e+02
2.480000e-06	6.656311e-08	7.115597e-09	4.656300e-01	4.234652e+02
2.490000e-06	-8.858310e-08	6.870493e-09	-6.196667e-01	4.088235e+02
2.500000e-06	-2.437088e-07	6.612177e-09	-1.704820e+00	3.934245e+02
2.510000e-06	-3.986889e-07	6.336239e-09	-2.788954e+00	3.772113e+02
2.520000e-06	-5.534588e-07	6.050069e-09	-3.871619e+00	3.601399e+02
2.530000e-06	-7.080461e-07	5.754398e-09	-4.953006e+00	3.421794e+02
2.540000e-06	-8.624129e-07	5.440233e-09	-6.032850e+00	3.233089e+02
2.550000e-06	-1.016445e-06	5.104132e-09	-7.110355e+00	3.035109e+02
2.560000e-06	-1.170086e-06	4.752516e-09	-8.185120e+00	2.827634e+02
2.570000e-06	-1.323319e-06	4.388605e-09	-9.257031e+00	2.610293e+02
2.580000e-06	-1.476045e-06	4.007834e-09	-1.032540e+01	2.382470e+02
2.590000e-06	-1.628184e-06	3.606712e-09	-1.138966e+01	2.143247e+02
2.600000e-06	-1.779688e-06	3.184539e-09	-1.244948e+01	1.891406e+02
2.610000e-06	-1.930516e-06	2.741632e-09	-1.350457e+01	1.625528e+02
2.620000e-06	-2.080624e-06	2.271084e-09	-1.455462e+01	1.344171e+02
2.630000e-06	-2.229940e-06	1.768412e-09	-1.559913e+01	1.046136e+02
2.640000e-06	-2.378470e-06	1.236973e-09	-1.663815e+01	7.307603e+01
2.650000e-06	-2.526216e-06	6.802550e-10	-1.767168e+01	3.981934e+01
2.660000e-06	-2.673112e-06	9.819924e-11	-1.869926e+01	4.957962e+00
2.670000e-06	-2.819083e-06	-5.095241e-10	-1.972038e+01	-3.128895e+01
2.680000e-06	-2.964085e-06	-1.135948e-09	-2.073471e+01	-6.860793e+01
2.690000e-06	-3.107989e-06	-1.771065e-09	-2.174136e+01	-1.066156e+02
2.700000e-06	-3.250636e-06	-2.410435e-09	-2.273922e+01	-1.448924e+02
2.710000e-06	-3.391974e-06	-3.050928e-09	-2.372793e+01	-1.830183e+02
2.720000e-06	-3.531977e-06	-3.685183e-09	-2.470729e+01	-2.206042e+02
2.730000e-06	-3.670669e-06	-4.302736e-09	-2.567748e+01	-2.573140e+02
2.740000e-06	-3.808102e-06	-4.898734e-09	-2.663888e+01	-2.928742e+02
2.750000e-06	-3.944156e-06	-5.475056e-09	-2.759061e+01	-3.270740e+02
2.760000e-06	-4.078655e-06	-6.028650e-09	-2.853148e+01	-3.597587e+02
2.770000e-06	-4.211660e-06	-6.552331e-09	-2.946189e+01	-3.908206e+02
2.780000e-06	-4.343207e-06	-7.044084e-09	-3.038210e+01	-4.201928e+02
2.790000e-06	-4.473272e-06	-7.507830e-09	-3.129194e+01	-4.478447e+02
2.800000e-06	-4.601839e-06	-7.945107e-09	-3.219132e+01	-4.737821e+02
2.810000e-06	-4.728691e-06	-8.352663e-09	-3.307868e+01	-4.980453e+02
2.820000e-06	-4.853828e-06	-8.731765e-09	-3.395406e+01	-5.207059e+02
2.830000e-06	-4.977309e-06	-9.088461e-09	-3.481785e+01	-5.418585e+02
2.840000e-06	-5.099009e-06	-9.426229e-09	-3.566917e+01	-5.616087e+02
2.850000e-06	-5.218832e-06	-9.741611e-09	-3.650738e+01	-5.800600e+02
2.860000e-06	-5.336584e-06	-1.003169e-08	-3.733109e+01	-5.973022e+02
2.870000e-06	-5.452207e-06	-1.030154e-08	-3.813990e+01	-6.134060e+02
2.880000e-06	-5.565647e-06	-1.055355e-08	-3.893346e+01	-6.284246e+02
2.890000e-06	-5.676877e-06	-1.078633e-08	-3.971154e+01	-6.424010e+02
2.900000e-06	-5.786077e-06	-1.100088e-08	-4.047543e+01	-6.553785e+02
2.910000e-06	-5.893313e-06	-1.120149e-08	-4.122558e+01	-6.674100e+02
2.920000e-06	-5.998539e-06	-1.139309e-08	-4.196167e+01	-6.785624e+02
2.930000e-06	-6.101544e-06	-1.157364e-08	-4.268222e+01	-6.889138e+02
2.940000e-06	-6.202259e-06	-1.173835e-08	-4.338675e+01	-6.985455e+02
2.950000e-06	-6.300850e-06	-1.188929e-08	-4.407643e+01	-7.075313e+02
2.960000e-06	-6.397309e-06	-1.203126e-08	-4.475119e+01	-7.159284e+02
2.970000e-06	-6.491458e-06	-1.216524e-08	-4.540980e+01	-7.237737e+02
2.980000e-06	-6.583311e-06	-1.228809e-08	-4.605234e+01	-7.310871e+02
2.990000e-06	-6.672966e-06	-1.240075e-08	-4.667950e+01	-7.378804e+02
3.000000e-06	-6.760215e-06	-1.250961e-08	-4.728984e+01	-7.441680e+02
3.010000e-06	-6.844969e-06	-1.261333e-08	-4.788272e+01	-7.499758e+02
3.020000e-06	-6.927353e-06	-1.270530e-08	-4.845902e+01	-7.553454e+02
3.030000e-06	-7.007291e-06	-1.278670e-08	-4.901821e+01	-7.603294e+02
3.040000e-06	-7.084534e-06	-1.286442e-08	-4.955855e+01	-7.649836e+02
3.050000e-06	-7.159046e-06	-1.293994e-08	-5.007979e+01	-7.693556e+02
3.060000e-06	-7.230965e-06	-1.300854e-08	-5.058288e+01	-7.734762e+02
3.070000e-06	-7.300258e-06	-1.306959e-08	-5.106761e+01	-7.773572e+02
3.080000e-06	-7.366953e-06	-1.313016e-08	-5.153416e+01	-7.809944e+02
3.090000e-06	-7.431144e-06	-1.318963e-08	-5.198320e+01	-7.843771e+02
3.100000e-06	-7.492662e-06	-1.324203e-08	-5.241353e+01	-7.874988e+02
3.110000e-06	-7.551443e-06	-1.328968e-08	-5.282472e+01	-7.903648e+02
3.120000e-06	-7.607532e-06	-1.333566e-08	-5.321708e+01	-7.929955e+02
3.130000e-06	-7.660762e-06	-1.338023e-08	-5.358944e+01	-7.954217e+02
3.140000e-06	-7.710949e-06	-1.341966e-08	-5.394052e+01	-7.976770e+02
3.150000e-06	-7.758060e-06	-1.345287e-08	-5.427008e+01	-7.997875e+02
3.160000e-06	-7.802422e-06	-1.348462e-08	-5.458040e+01	-8.017654e+02
3.170000e-06	-7.844302e-06	-1.351582e-08	-5.487337e+01	-8.036074e+02
3.180000e-06	-7.883471e-06	-1.354337e-08	-5.514737e+01	-8.052990e+02
3.190000e-06	-7.919814e-06	-1.356667e-08	-5.540160e+01	-8.068232e+02
3.200000e-06	-7.953412e-06	-1.358862e-08	-5.563662e+01	-8.081690e+02
3.210000e-06	-7.984132e-06	-1.361279e-08	-5.585152e+01	-8.093382e+02
3.220000e-06	-8.011962e-06	-1.363607e-08	-5.604620e+01	-8.103461e+02
3.230000e-06	-8.037060e-06	-1.365244e-08	-5.622177e+01	-8.112165e+02
3.240000e-06	-8.059286e-06	-1.366398e-08	-5.637725e+01	-8.119747e+02
3.250000e-06	-8.078626e-06	-1.367500e-08	-5.651254e+01	-8.126392e+02
3.260000e-06	-8.095243e-06	-1.368512e-08	-5.662878e+01	-8.132172e+02
3.270000e-06	-8.108814e-06	-1.369180e-08	-5.672371e+01	-8.137046e+02
3.280000e-06	-8.119203e-06	-1.369677e-08	-5.679638e+01	-8.140908e+02
3.290000e-06	-8.126613e-06	-1.370283e-08	-5.684822e+01	-8.143660e+02
3.300000e-06	-8.131115e-06	-1.370996e-08	-5.687971e+01	-8.145274e+02
3.310000e-06	-8.132852e-06	-1.371479e-08	-5.689186e+01	-8.145823e+02
