# Temperatura_=_55.28
# Concentracion g/m^3_=_11780.0
# C_Vs_to_Am_M_A/Vsm_=_59384043850.047264
# pendiente_HvsI_1/m_=_3716.3
# ordenada_HvsI_A/m_=_1297.0
# frecuencia_Hz_=_301553.7385258105

Tiempo_(s)	Campo_(V.s)	Magnetizacion_(V.s)	Campo_(kA/m)	Magnetizacion_(A/m)
0.000000e+00	-8.111528e-06	-1.393786e-08	-5.688802e+01	-8.276921e+02
1.000000e-08	-8.108363e-06	-1.393345e-08	-5.686582e+01	-8.275877e+02
2.000000e-08	-8.102582e-06	-1.392831e-08	-5.682528e+01	-8.274408e+02
3.000000e-08	-8.094216e-06	-1.392297e-08	-5.676661e+01	-8.272381e+02
4.000000e-08	-8.082981e-06	-1.391719e-08	-5.668781e+01	-8.269543e+02
5.000000e-08	-8.068827e-06	-1.390922e-08	-5.658855e+01	-8.265605e+02
6.000000e-08	-8.051786e-06	-1.390633e-08	-5.646904e+01	-8.260352e+02
7.000000e-08	-8.032204e-06	-1.391161e-08	-5.633170e+01	-8.253720e+02
8.000000e-08	-8.010197e-06	-1.388169e-08	-5.617736e+01	-8.245816e+02
9.000000e-08	-7.985141e-06	-1.382186e-08	-5.600164e+01	-8.236883e+02
1.000000e-07	-7.956722e-06	-1.381444e-08	-5.580233e+01	-8.227201e+02
1.100000e-07	-7.925262e-06	-1.383633e-08	-5.558170e+01	-8.216991e+02
1.200000e-07	-7.890991e-06	-1.383141e-08	-5.534134e+01	-8.206331e+02
1.300000e-07	-7.854159e-06	-1.380184e-08	-5.508303e+01	-8.195138e+02
1.400000e-07	-7.815186e-06	-1.379824e-08	-5.480971e+01	-8.183208e+02
1.500000e-07	-7.773911e-06	-1.377945e-08	-5.452023e+01	-8.170303e+02
1.600000e-07	-7.729820e-06	-1.373792e-08	-5.421102e+01	-8.156245e+02
1.700000e-07	-7.682891e-06	-1.373221e-08	-5.388189e+01	-8.140991e+02
1.800000e-07	-7.633148e-06	-1.364394e-08	-5.353303e+01	-8.124644e+02
1.900000e-07	-7.580346e-06	-1.362631e-08	-5.316272e+01	-8.107415e+02
2.000000e-07	-7.524676e-06	-1.364751e-08	-5.277229e+01	-8.089534e+02
2.100000e-07	-7.466276e-06	-1.359532e-08	-5.236272e+01	-8.071158e+02
2.200000e-07	-7.405214e-06	-1.357831e-08	-5.193448e+01	-8.052307e+02
2.300000e-07	-7.341592e-06	-1.352501e-08	-5.148828e+01	-8.032853e+02
2.400000e-07	-7.275170e-06	-1.351154e-08	-5.102245e+01	-8.012560e+02
2.500000e-07	-7.205986e-06	-1.347198e-08	-5.053724e+01	-7.991169e+02
2.600000e-07	-7.134177e-06	-1.340022e-08	-5.003363e+01	-7.968485e+02
2.700000e-07	-7.059611e-06	-1.336536e-08	-4.951068e+01	-7.944438e+02
2.800000e-07	-6.982307e-06	-1.334221e-08	-4.896854e+01	-7.919095e+02
2.900000e-07	-6.902247e-06	-1.332249e-08	-4.840705e+01	-7.892623e+02
3.000000e-07	-6.819621e-06	-1.324373e-08	-4.782758e+01	-7.865217e+02
3.100000e-07	-6.734793e-06	-1.319947e-08	-4.723266e+01	-7.837020e+02
3.200000e-07	-6.647694e-06	-1.316504e-08	-4.662181e+01	-7.808068e+02
3.300000e-07	-6.558164e-06	-1.310781e-08	-4.599392e+01	-7.778282e+02
3.400000e-07	-6.466276e-06	-1.304963e-08	-4.534949e+01	-7.747495e+02
3.500000e-07	-6.372187e-06	-1.298286e-08	-4.468962e+01	-7.715518e+02
3.600000e-07	-6.275803e-06	-1.294069e-08	-4.401366e+01	-7.682199e+02
3.700000e-07	-6.176953e-06	-1.289015e-08	-4.332040e+01	-7.647475e+02
3.800000e-07	-6.075838e-06	-1.282853e-08	-4.261126e+01	-7.611372e+02
3.900000e-07	-5.972686e-06	-1.275349e-08	-4.188783e+01	-7.573987e+02
4.000000e-07	-5.867337e-06	-1.269580e-08	-4.114899e+01	-7.535428e+02
4.100000e-07	-5.759824e-06	-1.264465e-08	-4.039497e+01	-7.495773e+02
4.200000e-07	-5.650305e-06	-1.257022e-08	-3.962690e+01	-7.455028e+02
4.300000e-07	-5.538783e-06	-1.248618e-08	-3.884477e+01	-7.413129e+02
4.400000e-07	-5.425121e-06	-1.240803e-08	-3.804763e+01	-7.369967e+02
4.500000e-07	-5.309232e-06	-1.234242e-08	-3.723487e+01	-7.325423e+02
4.600000e-07	-5.191297e-06	-1.226817e-08	-3.640776e+01	-7.279412e+02
4.700000e-07	-5.071514e-06	-1.218642e-08	-3.556770e+01	-7.231905e+02
4.800000e-07	-4.949886e-06	-1.210681e-08	-3.471470e+01	-7.182926e+02
4.900000e-07	-4.826449e-06	-1.203565e-08	-3.384900e+01	-7.132532e+02
5.000000e-07	-4.701273e-06	-1.195015e-08	-3.297112e+01	-7.080776e+02
5.100000e-07	-4.574460e-06	-1.184640e-08	-3.208175e+01	-7.027674e+02
5.200000e-07	-4.446098e-06	-1.174448e-08	-3.118151e+01	-6.973191e+02
5.300000e-07	-4.316033e-06	-1.165371e-08	-3.026934e+01	-6.917238e+02
5.400000e-07	-4.184337e-06	-1.156158e-08	-2.934572e+01	-6.859690e+02
5.500000e-07	-4.051145e-06	-1.145848e-08	-2.841161e+01	-6.800412e+02
5.600000e-07	-3.916514e-06	-1.135756e-08	-2.746742e+01	-6.739282e+02
5.700000e-07	-3.780498e-06	-1.126208e-08	-2.651350e+01	-6.676208e+02
5.800000e-07	-3.643053e-06	-1.115741e-08	-2.554957e+01	-6.611125e+02
5.900000e-07	-3.504198e-06	-1.103401e-08	-2.457575e+01	-6.543995e+02
6.000000e-07	-3.363976e-06	-1.090847e-08	-2.359234e+01	-6.474784e+02
6.100000e-07	-3.222365e-06	-1.079079e-08	-2.259919e+01	-6.403459e+02
6.200000e-07	-3.079342e-06	-1.067195e-08	-2.159614e+01	-6.329981e+02
6.300000e-07	-2.935159e-06	-1.054433e-08	-2.058495e+01	-6.254302e+02
6.400000e-07	-2.789994e-06	-1.041454e-08	-1.956687e+01	-6.176370e+02
6.500000e-07	-2.643822e-06	-1.028545e-08	-1.854173e+01	-6.096133e+02
6.600000e-07	-2.496744e-06	-1.014848e-08	-1.751024e+01	-6.013540e+02
6.700000e-07	-2.348823e-06	-1.000044e-08	-1.647284e+01	-5.928530e+02
6.800000e-07	-2.200126e-06	-9.844185e-09	-1.542999e+01	-5.841031e+02
6.900000e-07	-2.050701e-06	-9.691488e-09	-1.438204e+01	-5.750940e+02
7.000000e-07	-1.900526e-06	-9.542501e-09	-1.332883e+01	-5.658125e+02
7.100000e-07	-1.749711e-06	-9.386348e-09	-1.227113e+01	-5.562420e+02
7.200000e-07	-1.598324e-06	-9.220004e-09	-1.120942e+01	-5.463629e+02
7.300000e-07	-1.446366e-06	-9.050605e-09	-1.014370e+01	-5.361538e+02
7.400000e-07	-1.293854e-06	-8.873775e-09	-9.074096e+00	-5.255919e+02
7.500000e-07	-1.140805e-06	-8.685787e-09	-8.000726e+00	-5.146547e+02
7.600000e-07	-9.873050e-07	-8.490049e-09	-6.924198e+00	-5.033192e+02
7.700000e-07	-8.334037e-07	-8.292185e-09	-5.844853e+00	-4.915617e+02
7.800000e-07	-6.792165e-07	-8.090971e-09	-4.763502e+00	-4.793557e+02
7.900000e-07	-5.248827e-07	-7.878978e-09	-3.681124e+00	-4.666695e+02
8.000000e-07	-3.703897e-07	-7.657112e-09	-2.597629e+00	-4.534631e+02
8.100000e-07	-2.157359e-07	-7.425081e-09	-1.513005e+00	-4.396864e+02
8.200000e-07	-6.097000e-08	-7.183750e-09	-4.275967e-01	-4.252786e+02
8.300000e-07	9.380556e-08	-6.928439e-09	6.578801e-01	-4.101699e+02
8.400000e-07	2.484845e-07	-6.659102e-09	1.742679e+00	-3.942862e+02
8.500000e-07	4.030291e-07	-6.377579e-09	2.826536e+00	-3.775552e+02
8.600000e-07	5.574704e-07	-6.083239e-09	3.909669e+00	-3.599137e+02
8.700000e-07	7.117605e-07	-5.770894e-09	4.991741e+00	-3.413118e+02
8.800000e-07	8.658266e-07	-5.437080e-09	6.072242e+00	-3.217141e+02
8.900000e-07	1.019562e-06	-5.085829e-09	7.150424e+00	-3.010936e+02
9.000000e-07	1.172856e-06	-4.720325e-09	8.225510e+00	-2.794210e+02
9.100000e-07	1.325707e-06	-4.337488e-09	9.297487e+00	-2.566496e+02
9.200000e-07	1.478108e-06	-3.933829e-09	1.036631e+01	-2.327014e+02
9.300000e-07	1.629978e-06	-3.509577e-09	1.143141e+01	-2.074586e+02
9.400000e-07	1.781234e-06	-3.059967e-09	1.249221e+01	-1.807662e+02
9.500000e-07	1.931879e-06	-2.579380e-09	1.354872e+01	-1.524479e+02
9.600000e-07	2.081854e-06	-2.065365e-09	1.460053e+01	-1.223345e+02
9.700000e-07	2.231066e-06	-1.519837e-09	1.564698e+01	-9.030080e+01
9.800000e-07	2.379431e-06	-9.451099e-10	1.668750e+01	-5.630369e+01
9.900000e-07	2.526938e-06	-3.398421e-10	1.772200e+01	-2.041237e+01
1.000000e-06	2.673523e-06	2.950704e-10	1.875004e+01	1.717656e+01
1.010000e-06	2.819121e-06	9.521507e-10	1.977115e+01	5.614343e+01
1.020000e-06	2.963790e-06	1.626151e-09	2.078574e+01	9.606912e+01
1.030000e-06	3.107426e-06	2.310205e-09	2.179310e+01	1.364731e+02
1.040000e-06	3.249908e-06	2.993637e-09	2.279236e+01	1.768577e+02
1.050000e-06	3.391170e-06	3.667763e-09	2.378306e+01	2.167505e+02
1.060000e-06	3.531048e-06	4.326183e-09	2.476406e+01	2.557360e+02
1.070000e-06	3.669552e-06	4.962974e-09	2.573542e+01	2.934740e+02
1.080000e-06	3.806727e-06	5.573170e-09	2.669745e+01	3.297040e+02
1.090000e-06	3.942487e-06	6.154704e-09	2.764957e+01	3.642396e+02
1.100000e-06	4.076841e-06	6.706985e-09	2.859182e+01	3.969574e+02
1.110000e-06	4.209706e-06	7.227094e-09	2.952364e+01	4.277864e+02
1.120000e-06	4.341021e-06	7.713144e-09	3.044458e+01	4.567002e+02
1.130000e-06	4.470820e-06	8.165704e-09	3.135489e+01	4.837131e+02
1.140000e-06	4.599056e-06	8.588461e-09	3.225424e+01	5.088765e+02
1.150000e-06	4.725678e-06	8.984400e-09	3.314227e+01	5.322754e+02
1.160000e-06	4.850589e-06	9.351835e-09	3.401830e+01	5.540205e+02
1.170000e-06	4.973736e-06	9.692014e-09	3.488196e+01	5.742361e+02
1.180000e-06	5.095137e-06	1.000860e-08	3.573337e+01	5.930469e+02
1.190000e-06	5.214712e-06	1.030393e-08	3.657198e+01	6.105652e+02
1.200000e-06	5.332367e-06	1.057692e-08	3.739713e+01	6.268833e+02
1.210000e-06	5.448008e-06	1.082853e-08	3.820814e+01	6.420728e+02
1.220000e-06	5.561543e-06	1.106334e-08	3.900439e+01	6.561900e+02
1.230000e-06	5.672972e-06	1.128535e-08	3.978587e+01	6.692863e+02
1.240000e-06	5.782394e-06	1.149236e-08	4.055326e+01	6.814174e+02
1.250000e-06	5.889799e-06	1.168365e-08	4.130652e+01	6.926494e+02
1.260000e-06	5.995071e-06	1.186093e-08	4.204482e+01	7.030591e+02
1.270000e-06	6.098154e-06	1.202431e-08	4.276776e+01	7.127276e+02
1.280000e-06	6.198992e-06	1.217291e-08	4.347496e+01	7.217307e+02
1.290000e-06	6.297517e-06	1.230896e-08	4.416594e+01	7.301305e+02
1.300000e-06	6.393735e-06	1.243852e-08	4.484074e+01	7.379710e+02
1.310000e-06	6.487765e-06	1.256197e-08	4.550020e+01	7.452788e+02
1.320000e-06	6.579571e-06	1.267640e-08	4.614405e+01	7.520708e+02
1.330000e-06	6.669040e-06	1.278108e-08	4.677152e+01	7.583638e+02
1.340000e-06	6.756198e-06	1.287795e-08	4.738278e+01	7.641827e+02
1.350000e-06	6.841038e-06	1.297002e-08	4.797778e+01	7.695647e+02
1.360000e-06	6.923472e-06	1.305624e-08	4.855591e+01	7.745573e+02
1.370000e-06	7.003419e-06	1.313317e-08	4.911659e+01	7.792112e+02
1.380000e-06	7.080828e-06	1.320449e-08	4.965948e+01	7.835710e+02
1.390000e-06	7.155584e-06	1.327606e-08	5.018376e+01	7.876680e+02
1.400000e-06	7.227691e-06	1.334322e-08	5.068947e+01	7.915174e+02
1.410000e-06	7.297238e-06	1.340102e-08	5.117722e+01	7.951216e+02
1.420000e-06	7.364155e-06	1.345330e-08	5.164652e+01	7.984775e+02
1.430000e-06	7.428444e-06	1.350595e-08	5.209739e+01	8.015853e+02
1.440000e-06	7.490229e-06	1.355838e-08	5.253070e+01	8.044553e+02
1.450000e-06	7.549412e-06	1.360492e-08	5.294577e+01	8.071086e+02
1.460000e-06	7.605877e-06	1.364465e-08	5.334177e+01	8.095741e+02
1.470000e-06	7.659483e-06	1.368161e-08	5.371772e+01	8.118796e+02
1.480000e-06	7.709927e-06	1.371730e-08	5.407150e+01	8.140446e+02
1.490000e-06	7.757362e-06	1.374912e-08	5.440417e+01	8.160745e+02
1.500000e-06	7.802047e-06	1.377852e-08	5.471756e+01	8.179616e+02
1.510000e-06	7.843911e-06	1.380898e-08	5.501116e+01	8.196900e+02
1.520000e-06	7.882987e-06	1.383849e-08	5.528521e+01	8.212448e+02
1.530000e-06	7.919343e-06	1.386280e-08	5.554018e+01	8.226201e+02
1.540000e-06	7.952889e-06	1.388210e-08	5.577545e+01	8.238233e+02
1.550000e-06	7.983622e-06	1.389819e-08	5.599099e+01	8.248744e+02
1.560000e-06	8.011639e-06	1.391305e-08	5.618747e+01	8.257995e+02
1.570000e-06	8.036813e-06	1.392582e-08	5.636403e+01	8.266221e+02
1.580000e-06	8.059144e-06	1.393412e-08	5.652064e+01	8.273558e+02
1.590000e-06	8.078681e-06	1.394219e-08	5.665766e+01	8.280009e+02
1.600000e-06	8.095297e-06	1.395481e-08	5.677419e+01	8.285466e+02
1.610000e-06	8.108939e-06	1.396708e-08	5.686986e+01	8.289782e+02
1.620000e-06	8.119473e-06	1.397227e-08	5.694374e+01	8.292856e+02
1.630000e-06	8.126950e-06	1.397214e-08	5.699618e+01	8.294704e+02
1.640000e-06	8.131617e-06	1.397185e-08	5.702891e+01	8.295471e+02
1.650000e-06	8.133412e-06	1.397041e-08	5.704150e+01	8.295394e+02
1.660000e-06	8.132384e-06	1.396884e-08	5.703429e+01	8.294717e+02
1.670000e-06	8.128784e-06	1.396550e-08	5.700904e+01	8.293599e+02
1.680000e-06	8.122484e-06	1.396235e-08	5.696486e+01	8.292042e+02
1.690000e-06	8.113442e-06	1.396202e-08	5.690144e+01	8.289890e+02
1.700000e-06	8.101614e-06	1.395840e-08	5.681849e+01	8.286874e+02
1.710000e-06	8.086938e-06	1.394624e-08	5.671556e+01	8.282712e+02
1.720000e-06	8.069725e-06	1.392335e-08	5.659485e+01	8.277211e+02
1.730000e-06	8.050271e-06	1.391724e-08	5.645841e+01	8.270338e+02
1.740000e-06	8.028112e-06	1.396468e-08	5.630301e+01	8.262229e+02
1.750000e-06	8.002421e-06	1.394650e-08	5.612283e+01	8.253140e+02
1.760000e-06	7.972920e-06	1.388205e-08	5.591593e+01	8.243349e+02
1.770000e-06	7.940159e-06	1.385104e-08	5.568617e+01	8.233056e+02
1.780000e-06	7.904964e-06	1.383022e-08	5.543934e+01	8.222310e+02
1.790000e-06	7.867404e-06	1.378964e-08	5.517592e+01	8.211001e+02
1.800000e-06	7.827690e-06	1.382355e-08	5.489740e+01	8.198913e+02
1.810000e-06	7.785863e-06	1.378945e-08	5.460406e+01	8.185810e+02
1.820000e-06	7.741305e-06	1.371928e-08	5.429156e+01	8.171536e+02
1.830000e-06	7.694073e-06	1.377886e-08	5.396031e+01	8.156073e+02
1.840000e-06	7.643933e-06	1.369140e-08	5.360867e+01	8.139550e+02
1.850000e-06	7.590565e-06	1.367425e-08	5.323439e+01	8.122188e+02
1.860000e-06	7.534390e-06	1.363021e-08	5.284042e+01	8.104208e+02
1.870000e-06	7.475540e-06	1.356747e-08	5.242769e+01	8.085749e+02
1.880000e-06	7.414115e-06	1.361312e-08	5.199690e+01	8.066802e+02
1.890000e-06	7.349985e-06	1.353108e-08	5.154715e+01	8.047216e+02
1.900000e-06	7.283090e-06	1.353346e-08	5.107799e+01	8.026744e+02
1.910000e-06	7.213400e-06	1.349124e-08	5.058924e+01	8.005132e+02
1.920000e-06	7.140788e-06	1.344196e-08	5.007999e+01	7.982204e+02
1.930000e-06	7.065560e-06	1.340461e-08	4.955240e+01	7.957915e+02
1.940000e-06	6.987620e-06	1.330952e-08	4.900579e+01	7.932354e+02
1.950000e-06	6.907055e-06	1.331287e-08	4.844077e+01	7.905701e+02
1.960000e-06	6.824112e-06	1.324455e-08	4.785908e+01	7.878144e+02
1.970000e-06	6.738673e-06	1.322946e-08	4.725987e+01	7.849811e+02
1.980000e-06	6.650773e-06	1.317880e-08	4.664341e+01	7.820718e+02
1.990000e-06	6.560511e-06	1.310716e-08	4.601038e+01	7.790766e+02
2.000000e-06	6.467991e-06	1.307548e-08	4.536152e+01	7.759778e+02
2.010000e-06	6.373146e-06	1.299244e-08	4.469634e+01	7.727569e+02
2.020000e-06	6.276077e-06	1.295206e-08	4.401558e+01	7.693999e+02
2.030000e-06	6.176786e-06	1.287249e-08	4.331923e+01	7.659023e+02
2.040000e-06	6.075153e-06	1.283469e-08	4.260645e+01	7.622682e+02
2.050000e-06	5.971327e-06	1.276650e-08	4.187830e+01	7.585078e+02
2.060000e-06	5.865421e-06	1.269734e-08	4.113555e+01	7.546318e+02
2.070000e-06	5.757522e-06	1.262848e-08	4.037884e+01	7.506468e+02
2.080000e-06	5.647511e-06	1.255609e-08	3.960730e+01	7.465522e+02
2.090000e-06	5.535359e-06	1.250228e-08	3.882075e+01	7.423405e+02
2.100000e-06	5.421082e-06	1.241706e-08	3.801930e+01	7.380003e+02
2.110000e-06	5.304698e-06	1.234489e-08	3.720307e+01	7.335200e+02
2.120000e-06	5.186232e-06	1.225603e-08	3.637224e+01	7.288921e+02
2.130000e-06	5.065789e-06	1.218371e-08	3.552755e+01	7.241147e+02
2.140000e-06	4.943600e-06	1.208683e-08	3.467061e+01	7.191909e+02
2.150000e-06	4.819660e-06	1.200510e-08	3.380139e+01	7.141267e+02
2.160000e-06	4.693892e-06	1.192174e-08	3.291935e+01	7.089269e+02
2.170000e-06	4.566374e-06	1.184041e-08	3.202503e+01	7.035923e+02
2.180000e-06	4.437331e-06	1.175011e-08	3.112003e+01	6.981184e+02
2.190000e-06	4.306796e-06	1.165013e-08	3.020455e+01	6.924955e+02
2.200000e-06	4.174749e-06	1.155451e-08	2.927848e+01	6.867106e+02
2.210000e-06	4.041150e-06	1.144692e-08	2.834152e+01	6.807504e+02
2.220000e-06	3.906038e-06	1.134654e-08	2.739395e+01	6.746031e+02
2.230000e-06	3.769518e-06	1.123230e-08	2.643650e+01	6.682600e+02
2.240000e-06	3.631618e-06	1.113132e-08	2.546938e+01	6.617153e+02
2.250000e-06	3.492385e-06	1.101810e-08	2.449290e+01	6.549652e+02
2.260000e-06	3.351828e-06	1.090545e-08	2.350715e+01	6.480065e+02
2.270000e-06	3.209926e-06	1.078061e-08	2.251196e+01	6.408357e+02
2.280000e-06	3.066769e-06	1.065293e-08	2.150796e+01	6.334488e+02
2.290000e-06	2.922572e-06	1.052355e-08	2.049667e+01	6.258409e+02
2.300000e-06	2.777345e-06	1.038863e-08	1.947817e+01	6.180067e+02
2.310000e-06	2.631148e-06	1.025310e-08	1.845285e+01	6.099412e+02
2.320000e-06	2.484123e-06	1.011393e-08	1.742173e+01	6.016391e+02
2.330000e-06	2.336243e-06	9.977793e-09	1.638461e+01	5.930941e+02
2.340000e-06	2.187472e-06	9.828434e-09	1.534125e+01	5.842986e+02
2.350000e-06	2.037914e-06	9.674135e-09	1.429236e+01	5.752417e+02
2.360000e-06	1.887637e-06	9.510748e-09	1.323844e+01	5.659098e+02
2.370000e-06	1.736638e-06	9.346520e-09	1.217945e+01	5.562856e+02
2.380000e-06	1.585009e-06	9.176918e-09	1.111604e+01	5.463490e+02
2.390000e-06	1.432883e-06	9.004987e-09	1.004914e+01	5.360784e+02
2.400000e-06	1.280287e-06	8.829076e-09	8.978945e+00	5.254510e+02
2.410000e-06	1.127186e-06	8.644538e-09	7.905218e+00	5.144442e+02
2.420000e-06	9.736277e-07	8.451013e-09	6.828276e+00	5.030350e+02
2.430000e-06	8.197669e-07	8.250407e-09	5.749214e+00	4.911993e+02
2.440000e-06	6.656187e-07	8.044459e-09	4.668138e+00	4.789100e+02
2.450000e-06	5.112255e-07	7.831068e-09	3.585343e+00	4.661339e+02
2.460000e-06	3.567168e-07	7.605879e-09	2.501738e+00	4.528295e+02
2.470000e-06	2.021031e-07	7.369910e-09	1.417396e+00	4.389447e+02
2.480000e-06	4.739295e-08	7.125733e-09	3.323777e-01	4.244170e+02
2.490000e-06	-1.073577e-07	6.867987e-09	-7.529245e-01	4.091752e+02
2.500000e-06	-2.620375e-07	6.596675e-09	-1.837730e+00	3.931451e+02
2.510000e-06	-4.165744e-07	6.311049e-09	-2.921532e+00	3.762557e+02
2.520000e-06	-5.709073e-07	6.016191e-09	-4.003905e+00	3.584457e+02
2.530000e-06	-7.250305e-07	5.704944e-09	-5.084806e+00	3.396682e+02
2.540000e-06	-8.789219e-07	5.372309e-09	-6.164082e+00	3.198895e+02
2.550000e-06	-1.032491e-06	5.018953e-09	-7.241095e+00	2.990835e+02
2.560000e-06	-1.185684e-06	4.648930e-09	-8.315473e+00	2.772187e+02
2.570000e-06	-1.338432e-06	4.262030e-09	-9.386731e+00	2.542438e+02
2.580000e-06	-1.490639e-06	3.855783e-09	-1.045419e+01	2.300740e+02
2.590000e-06	-1.642235e-06	3.430069e-09	-1.151738e+01	2.045845e+02
2.600000e-06	-1.793208e-06	2.981708e-09	-1.257618e+01	1.776148e+02
2.610000e-06	-1.943565e-06	2.506621e-09	-1.363067e+01	1.489874e+02
2.620000e-06	-2.093236e-06	1.996444e-09	-1.468035e+01	1.185383e+02
2.630000e-06	-2.242172e-06	1.450053e-09	-1.572487e+01	8.615404e+01
2.640000e-06	-2.390303e-06	8.736194e-10	-1.676375e+01	5.180988e+01
2.650000e-06	-2.537585e-06	2.685827e-10	-1.779667e+01	1.559712e+01
2.660000e-06	-2.684030e-06	-3.650448e-10	-1.882372e+01	-2.226474e+01
2.670000e-06	-2.829545e-06	-1.022415e-09	-1.984425e+01	-6.143605e+01
2.680000e-06	-2.973969e-06	-1.693825e-09	-2.085713e+01	-1.014836e+02
2.690000e-06	-3.117233e-06	-2.370455e-09	-2.186187e+01	-1.419206e+02
2.700000e-06	-3.259351e-06	-3.048370e-09	-2.285858e+01	-1.822509e+02
2.710000e-06	-3.400208e-06	-3.719349e-09	-2.384644e+01	-2.220103e+02
2.720000e-06	-3.539741e-06	-4.371683e-09	-2.482502e+01	-2.607958e+02
2.730000e-06	-3.677972e-06	-4.999668e-09	-2.579447e+01	-2.982815e+02
2.740000e-06	-3.814853e-06	-5.603092e-09	-2.675444e+01	-3.342208e+02
2.750000e-06	-3.950270e-06	-6.180819e-09	-2.770416e+01	-3.684394e+02
2.760000e-06	-4.084231e-06	-6.728752e-09	-2.864366e+01	-4.008238e+02
2.770000e-06	-4.216821e-06	-7.242901e-09	-2.957354e+01	-4.313117e+02
2.780000e-06	-4.347919e-06	-7.723526e-09	-3.049296e+01	-4.598841e+02
2.790000e-06	-4.477483e-06	-8.173101e-09	-3.140163e+01	-4.865620e+02
2.800000e-06	-4.605453e-06	-8.591001e-09	-3.229910e+01	-5.114034e+02
2.810000e-06	-4.731788e-06	-8.975988e-09	-3.318512e+01	-5.344985e+02
2.820000e-06	-4.856554e-06	-9.334556e-09	-3.406014e+01	-5.559613e+02
2.830000e-06	-4.979577e-06	-9.673582e-09	-3.492293e+01	-5.759172e+02
2.840000e-06	-5.100679e-06	-9.991519e-09	-3.577224e+01	-5.944896e+02
2.850000e-06	-5.219822e-06	-1.028491e-08	-3.660781e+01	-6.117876e+02
2.860000e-06	-5.337005e-06	-1.055556e-08	-3.742965e+01	-6.278996e+02
2.870000e-06	-5.452097e-06	-1.080810e-08	-3.823682e+01	-6.428939e+02
2.880000e-06	-5.564969e-06	-1.104249e-08	-3.902842e+01	-6.568253e+02
2.890000e-06	-5.675704e-06	-1.125682e-08	-3.980502e+01	-6.697450e+02
2.900000e-06	-5.784384e-06	-1.145293e-08	-4.056722e+01	-6.817105e+02
2.910000e-06	-5.891086e-06	-1.163751e-08	-4.131554e+01	-6.927900e+02
2.920000e-06	-5.995731e-06	-1.181654e-08	-4.204945e+01	-7.030616e+02
2.930000e-06	-6.098147e-06	-1.198450e-08	-4.276771e+01	-7.126061e+02
2.940000e-06	-6.198378e-06	-1.213443e-08	-4.347066e+01	-7.214975e+02
2.950000e-06	-6.296504e-06	-1.227153e-08	-4.415884e+01	-7.297950e+02
2.960000e-06	-6.392430e-06	-1.240298e-08	-4.483159e+01	-7.375389e+02
2.970000e-06	-6.486069e-06	-1.252643e-08	-4.548830e+01	-7.447536e+02
2.980000e-06	-6.577397e-06	-1.263776e-08	-4.612881e+01	-7.514554e+02
2.990000e-06	-6.666410e-06	-1.274064e-08	-4.675307e+01	-7.576617e+02
3.000000e-06	-6.753115e-06	-1.284069e-08	-4.736115e+01	-7.633996e+02
3.010000e-06	-6.837406e-06	-1.293536e-08	-4.795231e+01	-7.687086e+02
3.020000e-06	-6.919287e-06	-1.301922e-08	-4.852656e+01	-7.736372e+02
3.030000e-06	-6.998713e-06	-1.309271e-08	-4.908360e+01	-7.782357e+02
3.040000e-06	-7.075456e-06	-1.316392e-08	-4.962181e+01	-7.825469e+02
3.050000e-06	-7.149497e-06	-1.323395e-08	-5.014107e+01	-7.865992e+02
3.060000e-06	-7.220902e-06	-1.329832e-08	-5.064186e+01	-7.904051e+02
3.070000e-06	-7.289663e-06	-1.335647e-08	-5.112409e+01	-7.939653e+02
3.080000e-06	-7.355869e-06	-1.341224e-08	-5.158841e+01	-7.972768e+02
3.090000e-06	-7.419537e-06	-1.346548e-08	-5.203493e+01	-8.003412e+02
3.100000e-06	-7.480511e-06	-1.351210e-08	-5.246256e+01	-8.031708e+02
3.110000e-06	-7.538795e-06	-1.355535e-08	-5.287131e+01	-8.057885e+02
3.120000e-06	-7.594395e-06	-1.359842e-08	-5.326125e+01	-8.082237e+02
3.130000e-06	-7.647043e-06	-1.363948e-08	-5.363048e+01	-8.105032e+02
3.140000e-06	-7.696637e-06	-1.367492e-08	-5.397830e+01	-8.126442e+02
3.150000e-06	-7.743305e-06	-1.370646e-08	-5.430559e+01	-8.146497e+02
3.160000e-06	-7.787324e-06	-1.373788e-08	-5.461430e+01	-8.165099e+02
3.170000e-06	-7.828818e-06	-1.376772e-08	-5.490531e+01	-8.182084e+02
3.180000e-06	-7.867566e-06	-1.379194e-08	-5.517706e+01	-8.197313e+02
3.190000e-06	-7.903514e-06	-1.381313e-08	-5.542917e+01	-8.210751e+02
3.200000e-06	-7.936743e-06	-1.383412e-08	-5.566222e+01	-8.222495e+02
3.210000e-06	-7.967127e-06	-1.385434e-08	-5.587530e+01	-8.232763e+02
3.220000e-06	-7.994659e-06	-1.387176e-08	-5.606839e+01	-8.241817e+02
3.230000e-06	-8.019445e-06	-1.388547e-08	-5.624222e+01	-8.249880e+02
3.240000e-06	-8.041352e-06	-1.389718e-08	-5.639586e+01	-8.257064e+02
3.250000e-06	-8.060360e-06	-1.390791e-08	-5.652917e+01	-8.263349e+02
3.260000e-06	-8.076541e-06	-1.391475e-08	-5.664265e+01	-8.268614e+02
3.270000e-06	-8.089624e-06	-1.391976e-08	-5.673440e+01	-8.272715e+02
3.280000e-06	-8.099600e-06	-1.392496e-08	-5.680437e+01	-8.275567e+02
3.290000e-06	-8.106697e-06	-1.392981e-08	-5.685414e+01	-8.277209e+02
3.300000e-06	-8.110914e-06	-1.393455e-08	-5.688372e+01	-8.277808e+02
3.310000e-06	-8.112354e-06	-1.393789e-08	-5.689381e+01	-8.277608e+02
