# Temperatura_=_45.16
# Concentracion g/m^3_=_11780.0
# C_Vs_to_Am_M_A/Vsm_=_59384043850.047264
# pendiente_HvsI_1/m_=_3716.3
# ordenada_HvsI_A/m_=_1297.0
# frecuencia_Hz_=_301552.3635177772

Tiempo_(s)	Campo_(V.s)	Magnetizacion_(V.s)	Campo_(kA/m)	Magnetizacion_(A/m)
0.000000e+00	-8.120749e-06	-1.373913e-08	-5.688455e+01	-8.162436e+02
1.000000e-08	-8.117554e-06	-1.373459e-08	-5.686217e+01	-8.160880e+02
2.000000e-08	-8.111764e-06	-1.373078e-08	-5.682161e+01	-8.158955e+02
3.000000e-08	-8.103348e-06	-1.372940e-08	-5.676265e+01	-8.156656e+02
4.000000e-08	-8.092120e-06	-1.372649e-08	-5.668400e+01	-8.153789e+02
5.000000e-08	-8.077981e-06	-1.371685e-08	-5.658497e+01	-8.150044e+02
6.000000e-08	-8.060910e-06	-1.370859e-08	-5.646539e+01	-8.145111e+02
7.000000e-08	-8.041310e-06	-1.370557e-08	-5.632809e+01	-8.138796e+02
8.000000e-08	-8.019240e-06	-1.367572e-08	-5.617350e+01	-8.131090e+02
9.000000e-08	-7.994090e-06	-1.363538e-08	-5.599732e+01	-8.122169e+02
1.000000e-07	-7.965624e-06	-1.362657e-08	-5.579793e+01	-8.112325e+02
1.100000e-07	-7.934186e-06	-1.363610e-08	-5.557770e+01	-8.101853e+02
1.200000e-07	-7.899940e-06	-1.363287e-08	-5.533782e+01	-8.090952e+02
1.300000e-07	-7.863079e-06	-1.360865e-08	-5.507961e+01	-8.079652e+02
1.400000e-07	-7.824010e-06	-1.359735e-08	-5.480594e+01	-8.067824e+02
1.500000e-07	-7.782646e-06	-1.356554e-08	-5.451619e+01	-8.055237e+02
1.600000e-07	-7.738522e-06	-1.354924e-08	-5.420711e+01	-8.041656e+02
1.700000e-07	-7.691632e-06	-1.352616e-08	-5.387865e+01	-8.026931e+02
1.800000e-07	-7.641932e-06	-1.345696e-08	-5.353051e+01	-8.011056e+02
1.900000e-07	-7.589119e-06	-1.345108e-08	-5.316057e+01	-7.994158e+02
2.000000e-07	-7.533365e-06	-1.343727e-08	-5.277002e+01	-7.976442e+02
2.100000e-07	-7.474873e-06	-1.340263e-08	-5.236029e+01	-7.958110e+02
2.200000e-07	-7.413797e-06	-1.337303e-08	-5.193246e+01	-7.939280e+02
2.300000e-07	-7.350132e-06	-1.333004e-08	-5.148650e+01	-7.919945e+02
2.400000e-07	-7.283609e-06	-1.332010e-08	-5.102052e+01	-7.899977e+02
2.500000e-07	-7.214321e-06	-1.327577e-08	-5.053517e+01	-7.879179e+02
2.600000e-07	-7.142401e-06	-1.321826e-08	-5.003138e+01	-7.857353e+02
2.700000e-07	-7.067723e-06	-1.318294e-08	-4.950827e+01	-7.834366e+02
2.800000e-07	-6.990287e-06	-1.315613e-08	-4.896584e+01	-7.810181e+02
2.900000e-07	-6.910158e-06	-1.312096e-08	-4.840455e+01	-7.784857e+02
3.000000e-07	-6.827515e-06	-1.305942e-08	-4.782565e+01	-7.758503e+02
3.100000e-07	-6.742616e-06	-1.302724e-08	-4.723095e+01	-7.731233e+02
3.200000e-07	-6.655461e-06	-1.298375e-08	-4.662044e+01	-7.703111e+02
3.300000e-07	-6.565904e-06	-1.293106e-08	-4.599311e+01	-7.674131e+02
3.400000e-07	-6.473944e-06	-1.287226e-08	-4.534894e+01	-7.644224e+02
3.500000e-07	-6.379707e-06	-1.280904e-08	-4.468883e+01	-7.613282e+02
3.600000e-07	-6.283158e-06	-1.276325e-08	-4.401252e+01	-7.581200e+02
3.700000e-07	-6.184189e-06	-1.270916e-08	-4.331926e+01	-7.547902e+02
3.800000e-07	-6.082996e-06	-1.265419e-08	-4.261041e+01	-7.513358e+02
3.900000e-07	-5.979716e-06	-1.259319e-08	-4.188696e+01	-7.477577e+02
4.000000e-07	-5.874212e-06	-1.254561e-08	-4.114792e+01	-7.440585e+02
4.100000e-07	-5.766513e-06	-1.248805e-08	-4.039350e+01	-7.402404e+02
4.200000e-07	-5.656813e-06	-1.241543e-08	-3.962507e+01	-7.363033e+02
4.300000e-07	-5.545154e-06	-1.233578e-08	-3.884292e+01	-7.322444e+02
4.400000e-07	-5.431324e-06	-1.226054e-08	-3.804555e+01	-7.280587e+02
4.500000e-07	-5.315241e-06	-1.218864e-08	-3.723241e+01	-7.237404e+02
4.600000e-07	-5.197081e-06	-1.211052e-08	-3.640472e+01	-7.192842e+02
4.700000e-07	-5.077113e-06	-1.203787e-08	-3.556436e+01	-7.146859e+02
4.800000e-07	-4.955363e-06	-1.196689e-08	-3.471152e+01	-7.099428e+02
4.900000e-07	-4.831758e-06	-1.189689e-08	-3.384569e+01	-7.050533e+02
5.000000e-07	-4.706438e-06	-1.181036e-08	-3.296785e+01	-7.000164e+02
5.100000e-07	-4.579480e-06	-1.171427e-08	-3.207853e+01	-6.948315e+02
5.200000e-07	-4.450925e-06	-1.161720e-08	-3.117802e+01	-6.894979e+02
5.300000e-07	-4.320685e-06	-1.152399e-08	-3.026571e+01	-6.840142e+02
5.400000e-07	-4.188803e-06	-1.142789e-08	-2.934190e+01	-6.783778e+02
5.500000e-07	-4.055452e-06	-1.132735e-08	-2.840779e+01	-6.725834e+02
5.600000e-07	-3.920597e-06	-1.123300e-08	-2.746315e+01	-6.666224e+02
5.700000e-07	-3.784334e-06	-1.113876e-08	-2.650865e+01	-6.604825e+02
5.800000e-07	-3.646709e-06	-1.103316e-08	-2.554461e+01	-6.541487e+02
5.900000e-07	-3.507620e-06	-1.091498e-08	-2.457032e+01	-6.476056e+02
6.000000e-07	-3.367077e-06	-1.079781e-08	-2.358583e+01	-6.408399e+02
6.100000e-07	-3.225164e-06	-1.068231e-08	-2.259176e+01	-6.338436e+02
6.200000e-07	-3.081983e-06	-1.056115e-08	-2.158880e+01	-6.266155e+02
6.300000e-07	-2.937581e-06	-1.043261e-08	-2.057728e+01	-6.191605e+02
6.400000e-07	-2.792124e-06	-1.030443e-08	-1.955838e+01	-6.114868e+02
6.500000e-07	-2.645760e-06	-1.017689e-08	-1.853312e+01	-6.036017e+02
6.600000e-07	-2.498418e-06	-1.004196e-08	-1.750102e+01	-5.955067e+02
6.700000e-07	-2.350276e-06	-9.899843e-09	-1.646331e+01	-5.871949e+02
6.800000e-07	-2.201466e-06	-9.754381e-09	-1.542092e+01	-5.786501e+02
6.900000e-07	-2.051873e-06	-9.608749e-09	-1.437304e+01	-5.698496e+02
7.000000e-07	-1.901537e-06	-9.458610e-09	-1.331997e+01	-5.607682e+02
7.100000e-07	-1.750545e-06	-9.300829e-09	-1.226228e+01	-5.513829e+02
7.200000e-07	-1.598877e-06	-9.135838e-09	-1.119988e+01	-5.416764e+02
7.300000e-07	-1.446648e-06	-8.969895e-09	-1.013354e+01	-5.316374e+02
7.400000e-07	-1.293991e-06	-8.798267e-09	-9.064199e+00	-5.212586e+02
7.500000e-07	-1.140910e-06	-8.618415e-09	-7.991891e+00	-5.105314e+02
7.600000e-07	-9.873938e-07	-8.433746e-09	-6.916536e+00	-4.994419e+02
7.700000e-07	-8.334660e-07	-8.243130e-09	-5.838296e+00	-4.879661e+02
7.800000e-07	-6.791799e-07	-8.041982e-09	-4.757546e+00	-4.760691e+02
7.900000e-07	-5.245765e-07	-7.828380e-09	-3.674575e+00	-4.637054e+02
8.000000e-07	-3.698036e-07	-7.608775e-09	-2.590415e+00	-4.508216e+02
8.100000e-07	-2.149247e-07	-7.382469e-09	-1.505513e+00	-4.373594e+02
8.200000e-07	-5.992655e-08	-7.148606e-09	-4.197759e-01	-4.232587e+02
8.300000e-07	9.511483e-08	-6.902000e-09	6.662642e-01	-4.084585e+02
8.400000e-07	2.501196e-07	-6.641402e-09	1.752048e+00	-3.928988e+02
8.500000e-07	4.050014e-07	-6.367835e-09	2.836970e+00	-3.765221e+02
8.600000e-07	5.597030e-07	-6.077521e-09	3.920630e+00	-3.592749e+02
8.700000e-07	7.141543e-07	-5.768248e-09	5.002536e+00	-3.411104e+02
8.800000e-07	8.682936e-07	-5.440838e-09	6.082258e+00	-3.219897e+02
8.900000e-07	1.022130e-06	-5.098709e-09	7.159858e+00	-3.018802e+02
9.000000e-07	1.175631e-06	-4.743210e-09	8.235104e+00	-2.807494e+02
9.100000e-07	1.328683e-06	-4.370841e-09	9.307210e+00	-2.585553e+02
9.200000e-07	1.481232e-06	-3.979526e-09	1.037579e+01	-2.352340e+02
9.300000e-07	1.633268e-06	-3.567196e-09	1.144078e+01	-2.106900e+02
9.400000e-07	1.784694e-06	-3.130278e-09	1.250149e+01	-1.847931e+02
9.500000e-07	1.935409e-06	-2.663283e-09	1.355723e+01	-1.573868e+02
9.600000e-07	2.085403e-06	-2.165837e-09	1.460791e+01	-1.283104e+02
9.700000e-07	2.234693e-06	-1.641736e-09	1.565367e+01	-9.743071e+01
9.800000e-07	2.383268e-06	-1.089753e-09	1.669441e+01	-6.467972e+01
9.900000e-07	2.530990e-06	-5.075393e-10	1.772918e+01	-3.008798e+01
1.000000e-06	2.677751e-06	1.038941e-10	1.875722e+01	6.194195e+00
1.010000e-06	2.823571e-06	7.395339e-10	1.977866e+01	4.389418e+01
1.020000e-06	2.968331e-06	1.393571e-09	2.079268e+01	8.263465e+01
1.030000e-06	3.111994e-06	2.058328e-09	2.179902e+01	1.219681e+02
1.040000e-06	3.254546e-06	2.726717e-09	2.279758e+01	1.614200e+02
1.050000e-06	3.395893e-06	3.388972e-09	2.378769e+01	2.005322e+02
1.060000e-06	3.535984e-06	4.037483e-09	2.476901e+01	2.388963e+02
1.070000e-06	3.674672e-06	4.666751e-09	2.574049e+01	2.761731e+02
1.080000e-06	3.811963e-06	5.272019e-09	2.670219e+01	3.120977e+02
1.090000e-06	3.947878e-06	5.849253e-09	2.765426e+01	3.464734e+02
1.100000e-06	4.082312e-06	6.398416e-09	2.859594e+01	3.791605e+02
1.110000e-06	4.215331e-06	6.918379e-09	2.952772e+01	4.100663e+02
1.120000e-06	4.346886e-06	7.407487e-09	3.044924e+01	4.391395e+02
1.130000e-06	4.476800e-06	7.866114e-09	3.135927e+01	4.663696e+02
1.140000e-06	4.605055e-06	8.294387e-09	3.225768e+01	4.917875e+02
1.150000e-06	4.731717e-06	8.694678e-09	3.314492e+01	5.154640e+02
1.160000e-06	4.856789e-06	9.067354e-09	3.402103e+01	5.375030e+02
1.170000e-06	4.980148e-06	9.413048e-09	3.488514e+01	5.580279e+02
1.180000e-06	5.101685e-06	9.732671e-09	3.573649e+01	5.771643e+02
1.190000e-06	5.221363e-06	1.002993e-08	3.657481e+01	5.950234e+02
1.200000e-06	5.339106e-06	1.030628e-08	3.739958e+01	6.116916e+02
1.210000e-06	5.454775e-06	1.056425e-08	3.820983e+01	6.272287e+02
1.220000e-06	5.568320e-06	1.080766e-08	3.900519e+01	6.416762e+02
1.230000e-06	5.679842e-06	1.103668e-08	3.978639e+01	6.550708e+02
1.240000e-06	5.789439e-06	1.124970e-08	4.055409e+01	6.674593e+02
1.250000e-06	5.897057e-06	1.144476e-08	4.130794e+01	6.789072e+02
1.260000e-06	6.002524e-06	1.162287e-08	4.204672e+01	6.894993e+02
1.270000e-06	6.105754e-06	1.178528e-08	4.276983e+01	6.993303e+02
1.280000e-06	6.206801e-06	1.193526e-08	4.347765e+01	7.084912e+02
1.290000e-06	6.305554e-06	1.207588e-08	4.416940e+01	7.170548e+02
1.300000e-06	6.401959e-06	1.220854e-08	4.484470e+01	7.250675e+02
1.310000e-06	6.496131e-06	1.233488e-08	4.550436e+01	7.325505e+02
1.320000e-06	6.588051e-06	1.245422e-08	4.614824e+01	7.395093e+02
1.330000e-06	6.677640e-06	1.256373e-08	4.677580e+01	7.459481e+02
1.340000e-06	6.764830e-06	1.266135e-08	4.738655e+01	7.518839e+02
1.350000e-06	6.849704e-06	1.275178e-08	4.798108e+01	7.573541e+02
1.360000e-06	6.932223e-06	1.283818e-08	4.855911e+01	7.624144e+02
1.370000e-06	7.012224e-06	1.291839e-08	4.911950e+01	7.671295e+02
1.380000e-06	7.089721e-06	1.299345e-08	4.966236e+01	7.715579e+02
1.390000e-06	7.164621e-06	1.306539e-08	5.018702e+01	7.757399e+02
1.400000e-06	7.236817e-06	1.313329e-08	5.069275e+01	7.796908e+02
1.410000e-06	7.306448e-06	1.319515e-08	5.118050e+01	7.834039e+02
1.420000e-06	7.373489e-06	1.325012e-08	5.165011e+01	7.868612e+02
1.430000e-06	7.437837e-06	1.330088e-08	5.210086e+01	7.900476e+02
1.440000e-06	7.499613e-06	1.335108e-08	5.253359e+01	7.929629e+02
1.450000e-06	7.558826e-06	1.339914e-08	5.294837e+01	7.956274e+02
1.460000e-06	7.615371e-06	1.344197e-08	5.334445e+01	7.980777e+02
1.470000e-06	7.669083e-06	1.347986e-08	5.372070e+01	8.003567e+02
1.480000e-06	7.719654e-06	1.351393e-08	5.407494e+01	8.024997e+02
1.490000e-06	7.767096e-06	1.354592e-08	5.440726e+01	8.045236e+02
1.500000e-06	7.811750e-06	1.357751e-08	5.472006e+01	8.064241e+02
1.510000e-06	7.853596e-06	1.360915e-08	5.501318e+01	8.081799e+02
1.520000e-06	7.892613e-06	1.363790e-08	5.528649e+01	8.097648e+02
1.530000e-06	7.928959e-06	1.366331e-08	5.554109e+01	8.111603e+02
1.540000e-06	7.962537e-06	1.368529e-08	5.577630e+01	8.123653e+02
1.550000e-06	7.993331e-06	1.370108e-08	5.599200e+01	8.133992e+02
1.560000e-06	8.021374e-06	1.371208e-08	5.618845e+01	8.142950e+02
1.570000e-06	8.046525e-06	1.372189e-08	5.636462e+01	8.150890e+02
1.580000e-06	8.068843e-06	1.373208e-08	5.652095e+01	8.158073e+02
1.590000e-06	8.088408e-06	1.374380e-08	5.665800e+01	8.164585e+02
1.600000e-06	8.105045e-06	1.375606e-08	5.677455e+01	8.170320e+02
1.610000e-06	8.118686e-06	1.376502e-08	5.687010e+01	8.175050e+02
1.620000e-06	8.129231e-06	1.377071e-08	5.694396e+01	8.178535e+02
1.630000e-06	8.136722e-06	1.377298e-08	5.699644e+01	8.180647e+02
1.640000e-06	8.141369e-06	1.377262e-08	5.702899e+01	8.181431e+02
1.650000e-06	8.143155e-06	1.376934e-08	5.704150e+01	8.181105e+02
1.660000e-06	8.142141e-06	1.376783e-08	5.703439e+01	8.179980e+02
1.670000e-06	8.138520e-06	1.376651e-08	5.700903e+01	8.178347e+02
1.680000e-06	8.132215e-06	1.376480e-08	5.696487e+01	8.176359e+02
1.690000e-06	8.123178e-06	1.376259e-08	5.690156e+01	8.173976e+02
1.700000e-06	8.111373e-06	1.375634e-08	5.681887e+01	8.170974e+02
1.710000e-06	8.096711e-06	1.374458e-08	5.671617e+01	8.167035e+02
1.720000e-06	8.079456e-06	1.372560e-08	5.659530e+01	8.161862e+02
1.730000e-06	8.059885e-06	1.372647e-08	5.645821e+01	8.155291e+02
1.740000e-06	8.037566e-06	1.375108e-08	5.630186e+01	8.147348e+02
1.750000e-06	8.011722e-06	1.373669e-08	5.612083e+01	8.138237e+02
1.760000e-06	7.982102e-06	1.369455e-08	5.591335e+01	8.128258e+02
1.770000e-06	7.949311e-06	1.366221e-08	5.568365e+01	8.117697e+02
1.780000e-06	7.914071e-06	1.363354e-08	5.543680e+01	8.106724e+02
1.790000e-06	7.876417e-06	1.360653e-08	5.517304e+01	8.095341e+02
1.800000e-06	7.836622e-06	1.362084e-08	5.489428e+01	8.083394e+02
1.810000e-06	7.794695e-06	1.356940e-08	5.460059e+01	8.070643e+02
1.820000e-06	7.750051e-06	1.354511e-08	5.428787e+01	8.056862e+02
1.830000e-06	7.702688e-06	1.356397e-08	5.395610e+01	8.041925e+02
1.840000e-06	7.652431e-06	1.350097e-08	5.360406e+01	8.025852e+02
1.850000e-06	7.599028e-06	1.350069e-08	5.322997e+01	8.008789e+02
1.860000e-06	7.542756e-06	1.343973e-08	5.283580e+01	7.990948e+02
1.870000e-06	7.483862e-06	1.340991e-08	5.242326e+01	7.972519e+02
1.880000e-06	7.422395e-06	1.340928e-08	5.199269e+01	7.953601e+02
1.890000e-06	7.358171e-06	1.333954e-08	5.154281e+01	7.934162e+02
1.900000e-06	7.291203e-06	1.333724e-08	5.107371e+01	7.914059e+02
1.910000e-06	7.221403e-06	1.329090e-08	5.058477e+01	7.893088e+02
1.920000e-06	7.148753e-06	1.326396e-08	5.007587e+01	7.871060e+02
1.930000e-06	7.073498e-06	1.321933e-08	4.954872e+01	7.847856e+02
1.940000e-06	6.995466e-06	1.315951e-08	4.900212e+01	7.823459e+02
1.950000e-06	6.914803e-06	1.313779e-08	4.843709e+01	7.797939e+02
1.960000e-06	6.831786e-06	1.306801e-08	4.785557e+01	7.771412e+02
1.970000e-06	6.746280e-06	1.304803e-08	4.725661e+01	7.743984e+02
1.980000e-06	6.658248e-06	1.298706e-08	4.663996e+01	7.715709e+02
1.990000e-06	6.567830e-06	1.294165e-08	4.600660e+01	7.686567e+02
2.000000e-06	6.475212e-06	1.290338e-08	4.535782e+01	7.656481e+02
2.010000e-06	6.380270e-06	1.284153e-08	4.469277e+01	7.625341e+02
2.020000e-06	6.283029e-06	1.279544e-08	4.401161e+01	7.593043e+02
2.030000e-06	6.183632e-06	1.272267e-08	4.331535e+01	7.559521e+02
2.040000e-06	6.081989e-06	1.267538e-08	4.260336e+01	7.524752e+02
2.050000e-06	5.978052e-06	1.259910e-08	4.187530e+01	7.488750e+02
2.060000e-06	5.871955e-06	1.253604e-08	4.113211e+01	7.451543e+02
2.070000e-06	5.763852e-06	1.246961e-08	4.037486e+01	7.413147e+02
2.080000e-06	5.653643e-06	1.241148e-08	3.960287e+01	7.373559e+02
2.090000e-06	5.541342e-06	1.235276e-08	3.881622e+01	7.332745e+02
2.100000e-06	5.426945e-06	1.227748e-08	3.801488e+01	7.290653e+02
2.110000e-06	5.310448e-06	1.220567e-08	3.719884e+01	7.247225e+02
2.120000e-06	5.191811e-06	1.211991e-08	3.636780e+01	7.202409e+02
2.130000e-06	5.071196e-06	1.204214e-08	3.552292e+01	7.156167e+02
2.140000e-06	4.948780e-06	1.194979e-08	3.466541e+01	7.108473e+02
2.150000e-06	4.824605e-06	1.187246e-08	3.379559e+01	7.059312e+02
2.160000e-06	4.698686e-06	1.179208e-08	3.291355e+01	7.008677e+02
2.170000e-06	4.571012e-06	1.171221e-08	3.201921e+01	6.956561e+02
2.180000e-06	4.441821e-06	1.162097e-08	3.111425e+01	6.902955e+02
2.190000e-06	4.311104e-06	1.152594e-08	3.019860e+01	6.847846e+02
2.200000e-06	4.178880e-06	1.143065e-08	2.927238e+01	6.791202e+02
2.210000e-06	4.045118e-06	1.132614e-08	2.833540e+01	6.732965e+02
2.220000e-06	3.909776e-06	1.122539e-08	2.738736e+01	6.673043e+02
2.230000e-06	3.772999e-06	1.111972e-08	2.642925e+01	6.611307e+02
2.240000e-06	3.634920e-06	1.102097e-08	2.546203e+01	6.547604e+02
2.250000e-06	3.495542e-06	1.090837e-08	2.448571e+01	6.481781e+02
2.260000e-06	3.354861e-06	1.079584e-08	2.350027e+01	6.413714e+02
2.270000e-06	3.212878e-06	1.067552e-08	2.250570e+01	6.343334e+02
2.280000e-06	3.069587e-06	1.055379e-08	2.150196e+01	6.270640e+02
2.290000e-06	2.925164e-06	1.042514e-08	2.049030e+01	6.195690e+02
2.300000e-06	2.779743e-06	1.028971e-08	1.947165e+01	6.118569e+02
2.310000e-06	2.633375e-06	1.015585e-08	1.844637e+01	6.039342e+02
2.320000e-06	2.486074e-06	1.002020e-08	1.741455e+01	5.958010e+02
2.330000e-06	2.337969e-06	9.884041e-09	1.637710e+01	5.874487e+02
2.340000e-06	2.189118e-06	9.737366e-09	1.533442e+01	5.788599e+02
2.350000e-06	2.039445e-06	9.590122e-09	1.428599e+01	5.700108e+02
2.360000e-06	1.888964e-06	9.434525e-09	1.323189e+01	5.608764e+02
2.370000e-06	1.737740e-06	9.272836e-09	1.217259e+01	5.514345e+02
2.380000e-06	1.585884e-06	9.103497e-09	1.110887e+01	5.416691e+02
2.390000e-06	1.433504e-06	8.931871e-09	1.004147e+01	5.315697e+02
2.400000e-06	1.280646e-06	8.757055e-09	8.970719e+00	5.211291e+02
2.410000e-06	1.127375e-06	8.573858e-09	7.897083e+00	5.103383e+02
2.420000e-06	9.737312e-07	8.384642e-09	6.820832e+00	4.991816e+02
2.430000e-06	8.197193e-07	8.191727e-09	5.742002e+00	4.876333e+02
2.440000e-06	6.654234e-07	7.995035e-09	4.661184e+00	4.756563e+02
2.450000e-06	5.109307e-07	7.788071e-09	3.578988e+00	4.632035e+02
2.460000e-06	3.562367e-07	7.568897e-09	2.495381e+00	4.502205e+02
2.470000e-06	2.013581e-07	7.339563e-09	1.410481e+00	4.366485e+02
2.480000e-06	4.638919e-08	7.098374e-09	3.249488e-01	4.224271e+02
2.490000e-06	-1.085321e-07	6.842448e-09	-7.602498e-01	4.074953e+02
2.500000e-06	-2.633465e-07	6.576212e-09	-1.844700e+00	3.917937e+02
2.510000e-06	-4.180464e-07	6.300565e-09	-2.928348e+00	3.752650e+02
2.520000e-06	-5.725762e-07	6.014788e-09	-4.010805e+00	3.578569e+02
2.530000e-06	-7.268903e-07	5.710831e-09	-5.091751e+00	3.395241e+02
2.540000e-06	-8.809738e-07	5.386317e-09	-6.171081e+00	3.202289e+02
2.550000e-06	-1.034737e-06	5.042193e-09	-7.248167e+00	2.999392e+02
2.560000e-06	-1.188081e-06	4.680230e-09	-8.322315e+00	2.786219e+02
2.570000e-06	-1.341017e-06	4.300545e-09	-9.393609e+00	2.562317e+02
2.580000e-06	-1.493495e-06	3.904088e-09	-1.046169e+01	2.326999e+02
2.590000e-06	-1.645410e-06	3.492015e-09	-1.152583e+01	2.079245e+02
2.600000e-06	-1.796654e-06	3.059367e-09	-1.258527e+01	1.817698e+02
2.610000e-06	-1.947148e-06	2.599146e-09	-1.363946e+01	1.540765e+02
2.620000e-06	-2.096907e-06	2.106209e-09	-1.468850e+01	1.246862e+02
2.630000e-06	-2.246013e-06	1.579878e-09	-1.573296e+01	9.347461e+01
2.640000e-06	-2.394381e-06	1.021932e-09	-1.677225e+01	6.038915e+01
2.650000e-06	-2.541858e-06	4.332555e-10	-1.780531e+01	2.548066e+01
2.660000e-06	-2.688431e-06	-1.801987e-10	-1.883203e+01	-1.107830e+01
2.670000e-06	-2.834028e-06	-8.122526e-10	-1.985191e+01	-4.899456e+01
2.680000e-06	-2.978624e-06	-1.460272e-09	-2.086478e+01	-8.787537e+01
2.690000e-06	-3.122088e-06	-2.120051e-09	-2.186973e+01	-1.272651e+02
2.700000e-06	-3.264326e-06	-2.784827e-09	-2.286608e+01	-1.666891e+02
2.710000e-06	-3.405351e-06	-3.441809e-09	-2.385394e+01	-2.056961e+02
2.720000e-06	-3.545055e-06	-4.083822e-09	-2.483255e+01	-2.438890e+02
2.730000e-06	-3.683384e-06	-4.706906e-09	-2.580151e+01	-2.809419e+02
2.740000e-06	-3.820368e-06	-5.308509e-09	-2.676107e+01	-3.166029e+02
2.750000e-06	-3.955992e-06	-5.883251e-09	-2.771109e+01	-3.506861e+02
2.760000e-06	-4.090151e-06	-6.428202e-09	-2.865085e+01	-3.830609e+02
2.770000e-06	-4.222799e-06	-6.942535e-09	-2.958003e+01	-4.136423e+02
2.780000e-06	-4.353962e-06	-7.425471e-09	-3.049881e+01	-4.423862e+02
2.790000e-06	-4.483611e-06	-7.877323e-09	-3.140698e+01	-4.692895e+02
2.800000e-06	-4.611708e-06	-8.298922e-09	-3.230428e+01	-4.943903e+02
2.810000e-06	-4.738196e-06	-8.692259e-09	-3.319030e+01	-5.177663e+02
2.820000e-06	-4.862985e-06	-9.059317e-09	-3.406443e+01	-5.395258e+02
2.830000e-06	-4.986066e-06	-9.402644e-09	-3.492660e+01	-5.597940e+02
2.840000e-06	-5.107408e-06	-9.723986e-09	-3.577657e+01	-5.786951e+02
2.850000e-06	-5.226834e-06	-1.002413e-08	-3.661314e+01	-5.963363e+02
2.860000e-06	-5.344124e-06	-1.030179e-08	-3.743473e+01	-6.127990e+02
2.870000e-06	-5.459256e-06	-1.055922e-08	-3.824122e+01	-6.281391e+02
2.880000e-06	-5.572204e-06	-1.079699e-08	-3.903240e+01	-6.423960e+02
2.890000e-06	-5.682936e-06	-1.101677e-08	-3.980806e+01	-6.556073e+02
2.900000e-06	-5.791678e-06	-1.122094e-08	-4.056978e+01	-6.678227e+02
2.910000e-06	-5.898544e-06	-1.141110e-08	-4.131836e+01	-6.791114e+02
2.920000e-06	-6.003373e-06	-1.158915e-08	-4.205267e+01	-6.895607e+02
2.930000e-06	-6.105981e-06	-1.175673e-08	-4.277142e+01	-6.992660e+02
2.940000e-06	-6.206350e-06	-1.191252e-08	-4.347449e+01	-7.083159e+02
2.950000e-06	-6.304528e-06	-1.205657e-08	-4.416221e+01	-7.167787e+02
2.960000e-06	-6.400558e-06	-1.219002e-08	-4.483489e+01	-7.246962e+02
2.970000e-06	-6.494318e-06	-1.231281e-08	-4.549166e+01	-7.320857e+02
2.980000e-06	-6.585726e-06	-1.242695e-08	-4.613196e+01	-7.389513e+02
2.990000e-06	-6.674862e-06	-1.253413e-08	-4.675634e+01	-7.452988e+02
3.000000e-06	-6.761661e-06	-1.263485e-08	-4.736435e+01	-7.511484e+02
3.010000e-06	-6.846021e-06	-1.272662e-08	-4.795529e+01	-7.565411e+02
3.020000e-06	-6.927980e-06	-1.281070e-08	-4.852939e+01	-7.615353e+02
3.030000e-06	-7.007490e-06	-1.288906e-08	-4.908635e+01	-7.661955e+02
3.040000e-06	-7.084290e-06	-1.296271e-08	-4.962432e+01	-7.705779e+02
3.050000e-06	-7.158377e-06	-1.303022e-08	-5.014329e+01	-7.747185e+02
3.060000e-06	-7.229843e-06	-1.309425e-08	-5.064390e+01	-7.786282e+02
3.070000e-06	-7.298684e-06	-1.315632e-08	-5.112611e+01	-7.822973e+02
3.080000e-06	-7.364931e-06	-1.321526e-08	-5.159016e+01	-7.857072e+02
3.090000e-06	-7.428624e-06	-1.326774e-08	-5.203633e+01	-7.888449e+02
3.100000e-06	-7.489665e-06	-1.331439e-08	-5.246390e+01	-7.917137e+02
3.110000e-06	-7.548022e-06	-1.335988e-08	-5.287268e+01	-7.943371e+02
3.120000e-06	-7.603684e-06	-1.340367e-08	-5.326259e+01	-7.967540e+02
3.130000e-06	-7.656447e-06	-1.344275e-08	-5.363219e+01	-7.990068e+02
3.140000e-06	-7.706126e-06	-1.347656e-08	-5.398018e+01	-8.011281e+02
3.150000e-06	-7.752782e-06	-1.350904e-08	-5.430700e+01	-8.031311e+02
3.160000e-06	-7.796793e-06	-1.354093e-08	-5.461528e+01	-8.050079e+02
3.170000e-06	-7.838274e-06	-1.357089e-08	-5.490586e+01	-8.067354e+02
3.180000e-06	-7.877045e-06	-1.359698e-08	-5.517744e+01	-8.082876e+02
3.190000e-06	-7.913056e-06	-1.361935e-08	-5.542969e+01	-8.096488e+02
3.200000e-06	-7.946263e-06	-1.364064e-08	-5.566230e+01	-8.108216e+02
3.210000e-06	-7.976585e-06	-1.366106e-08	-5.587470e+01	-8.118284e+02
3.220000e-06	-8.004108e-06	-1.367777e-08	-5.606750e+01	-8.127038e+02
3.230000e-06	-8.028851e-06	-1.369010e-08	-5.624082e+01	-8.134830e+02
3.240000e-06	-8.050680e-06	-1.370081e-08	-5.639372e+01	-8.141895e+02
3.250000e-06	-8.069690e-06	-1.371228e-08	-5.652689e+01	-8.148284e+02
3.260000e-06	-8.085905e-06	-1.372254e-08	-5.664047e+01	-8.153861e+02
3.270000e-06	-8.099007e-06	-1.373099e-08	-5.673225e+01	-8.158386e+02
3.280000e-06	-8.108990e-06	-1.373680e-08	-5.680218e+01	-8.161634e+02
3.290000e-06	-8.116060e-06	-1.374057e-08	-5.685170e+01	-8.163502e+02
3.300000e-06	-8.120267e-06	-1.374201e-08	-5.688117e+01	-8.164070e+02
3.310000e-06	-8.121659e-06	-1.374190e-08	-5.689092e+01	-8.163580e+02
