# Temperatura_=_38.7
# Concentracion g/m^3_=_11780.0
# C_Vs_to_Am_M_A/Vsm_=_59384043850.047264
# pendiente_HvsI_1/m_=_3716.3
# ordenada_HvsI_A/m_=_1297.0
# frecuencia_Hz_=_301552.2948954213

Tiempo_(s)	Campo_(V.s)	Magnetizacion_(V.s)	Campo_(kA/m)	Magnetizacion_(A/m)
0.000000e+00	-8.121426e-06	-1.371594e-08	-5.689013e+01	-8.145760e+02
1.000000e-08	-8.118599e-06	-1.371206e-08	-5.687033e+01	-8.144503e+02
2.000000e-08	-8.113072e-06	-1.370695e-08	-5.683161e+01	-8.142754e+02
3.000000e-08	-8.104974e-06	-1.370554e-08	-5.677488e+01	-8.140525e+02
4.000000e-08	-8.094022e-06	-1.370326e-08	-5.669816e+01	-8.137665e+02
5.000000e-08	-8.080099e-06	-1.369627e-08	-5.660063e+01	-8.133919e+02
6.000000e-08	-8.063300e-06	-1.368755e-08	-5.648296e+01	-8.129025e+02
7.000000e-08	-8.043967e-06	-1.368418e-08	-5.634753e+01	-8.122825e+02
8.000000e-08	-8.022217e-06	-1.367107e-08	-5.619517e+01	-8.115332e+02
9.000000e-08	-7.997452e-06	-1.362045e-08	-5.602170e+01	-8.106729e+02
1.000000e-07	-7.969338e-06	-1.359223e-08	-5.582476e+01	-8.097295e+02
1.100000e-07	-7.938213e-06	-1.361198e-08	-5.560673e+01	-8.087296e+02
1.200000e-07	-7.904299e-06	-1.362211e-08	-5.536917e+01	-8.076876e+02
1.300000e-07	-7.867748e-06	-1.359724e-08	-5.511313e+01	-8.065994e+02
1.400000e-07	-7.828883e-06	-1.357406e-08	-5.484088e+01	-8.054439e+02
1.500000e-07	-7.787662e-06	-1.357150e-08	-5.455213e+01	-8.041917e+02
1.600000e-07	-7.743747e-06	-1.352788e-08	-5.424451e+01	-8.028166e+02
1.700000e-07	-7.697105e-06	-1.350311e-08	-5.391779e+01	-8.013068e+02
1.800000e-07	-7.647694e-06	-1.346114e-08	-5.357166e+01	-7.996698e+02
1.900000e-07	-7.595138e-06	-1.341319e-08	-5.320351e+01	-7.979304e+02
2.000000e-07	-7.539600e-06	-1.343339e-08	-5.281447e+01	-7.961211e+02
2.100000e-07	-7.481379e-06	-1.340321e-08	-5.240664e+01	-7.942701e+02
2.200000e-07	-7.420534e-06	-1.336188e-08	-5.198042e+01	-7.923906e+02
2.300000e-07	-7.357087e-06	-1.332447e-08	-5.153597e+01	-7.904757e+02
2.400000e-07	-7.290831e-06	-1.329301e-08	-5.107186e+01	-7.885020e+02
2.500000e-07	-7.221863e-06	-1.327136e-08	-5.058874e+01	-7.864376e+02
2.600000e-07	-7.150288e-06	-1.320655e-08	-5.008736e+01	-7.842544e+02
2.700000e-07	-7.075916e-06	-1.316629e-08	-4.956639e+01	-7.819374e+02
2.800000e-07	-6.998724e-06	-1.314800e-08	-4.902567e+01	-7.794884e+02
2.900000e-07	-6.918804e-06	-1.312235e-08	-4.846583e+01	-7.769232e+02
3.000000e-07	-6.836354e-06	-1.305822e-08	-4.788827e+01	-7.742631e+02
3.100000e-07	-6.751615e-06	-1.299101e-08	-4.729468e+01	-7.715255e+02
3.200000e-07	-6.664614e-06	-1.296044e-08	-4.668524e+01	-7.687162e+02
3.300000e-07	-6.575238e-06	-1.291100e-08	-4.605917e+01	-7.658274e+02
3.400000e-07	-6.483517e-06	-1.285811e-08	-4.541667e+01	-7.628418e+02
3.500000e-07	-6.389566e-06	-1.280238e-08	-4.475855e+01	-7.597399e+02
3.600000e-07	-6.293253e-06	-1.275665e-08	-4.408388e+01	-7.565082e+02
3.700000e-07	-6.194503e-06	-1.271238e-08	-4.339214e+01	-7.531440e+02
3.800000e-07	-6.093511e-06	-1.264620e-08	-4.268470e+01	-7.496551e+02
3.900000e-07	-5.990389e-06	-1.257214e-08	-4.196233e+01	-7.460545e+02
4.000000e-07	-5.885103e-06	-1.250670e-08	-4.122481e+01	-7.423531e+02
4.100000e-07	-5.777665e-06	-1.246283e-08	-4.047222e+01	-7.385535e+02
4.200000e-07	-5.668198e-06	-1.240092e-08	-3.970541e+01	-7.346469e+02
4.300000e-07	-5.556748e-06	-1.232323e-08	-3.892470e+01	-7.306164e+02
4.400000e-07	-5.443190e-06	-1.224853e-08	-3.812924e+01	-7.264435e+02
4.500000e-07	-5.327394e-06	-1.218285e-08	-3.731809e+01	-7.221151e+02
4.600000e-07	-5.209523e-06	-1.210872e-08	-3.649241e+01	-7.176291e+02
4.700000e-07	-5.089786e-06	-1.201932e-08	-3.565366e+01	-7.129948e+02
4.800000e-07	-4.968229e-06	-1.193679e-08	-3.480216e+01	-7.082284e+02
4.900000e-07	-4.844870e-06	-1.186633e-08	-3.393804e+01	-7.033457e+02
5.000000e-07	-4.719719e-06	-1.179217e-08	-3.306136e+01	-6.983541e+02
5.100000e-07	-4.592877e-06	-1.169664e-08	-3.217284e+01	-6.932490e+02
5.200000e-07	-4.464411e-06	-1.160050e-08	-3.127295e+01	-6.880141e+02
5.300000e-07	-4.334332e-06	-1.151306e-08	-3.036175e+01	-6.826271e+02
5.400000e-07	-4.202680e-06	-1.142471e-08	-2.943954e+01	-6.770671e+02
5.500000e-07	-4.069490e-06	-1.132172e-08	-2.850655e+01	-6.713208e+02
5.600000e-07	-3.934855e-06	-1.121579e-08	-2.756344e+01	-6.653858e+02
5.700000e-07	-3.798745e-06	-1.111919e-08	-2.660999e+01	-6.592673e+02
5.800000e-07	-3.661176e-06	-1.102167e-08	-2.564633e+01	-6.529726e+02
5.900000e-07	-3.522269e-06	-1.091144e-08	-2.467329e+01	-6.465034e+02
6.000000e-07	-3.381971e-06	-1.079383e-08	-2.369051e+01	-6.398517e+02
6.100000e-07	-3.240241e-06	-1.068258e-08	-2.269770e+01	-6.329990e+02
6.200000e-07	-3.097179e-06	-1.056850e-08	-2.169556e+01	-6.259216e+02
6.300000e-07	-2.952978e-06	-1.044207e-08	-2.068544e+01	-6.185983e+02
6.400000e-07	-2.807705e-06	-1.030654e-08	-1.966782e+01	-6.110177e+02
6.500000e-07	-2.661393e-06	-1.017368e-08	-1.864291e+01	-6.031818e+02
6.600000e-07	-2.514157e-06	-1.004223e-08	-1.761153e+01	-5.951039e+02
6.700000e-07	-2.366152e-06	-9.904753e-09	-1.657476e+01	-5.868009e+02
6.800000e-07	-2.217397e-06	-9.758116e-09	-1.553274e+01	-5.782842e+02
6.900000e-07	-2.067832e-06	-9.610381e-09	-1.448504e+01	-5.695502e+02
7.000000e-07	-1.917584e-06	-9.464926e-09	-1.343257e+01	-5.605776e+02
7.100000e-07	-1.766738e-06	-9.310860e-09	-1.237590e+01	-5.513302e+02
7.200000e-07	-1.615245e-06	-9.144065e-09	-1.131470e+01	-5.417650e+02
7.300000e-07	-1.463067e-06	-8.973580e-09	-1.024870e+01	-5.318437e+02
7.400000e-07	-1.310303e-06	-8.804031e-09	-9.178602e+00	-5.215408e+02
7.500000e-07	-1.157089e-06	-8.626835e-09	-8.105345e+00	-5.108472e+02
7.600000e-07	-1.003466e-06	-8.438397e-09	-7.029223e+00	-4.997658e+02
7.700000e-07	-8.494777e-07	-8.244189e-09	-5.950543e+00	-4.883018e+02
7.800000e-07	-6.951268e-07	-8.046324e-09	-4.869323e+00	-4.764502e+02
7.900000e-07	-5.405113e-07	-7.840286e-09	-3.786251e+00	-4.641858e+02
8.000000e-07	-3.857359e-07	-7.624525e-09	-2.702058e+00	-4.514581e+02
8.100000e-07	-2.308368e-07	-7.398491e-09	-1.616999e+00	-4.381946e+02
8.200000e-07	-7.588038e-08	-7.164226e-09	-5.315378e-01	-4.243100e+02
8.300000e-07	7.914341e-08	-6.919940e-09	5.543951e-01	-4.097190e+02
8.400000e-07	2.341668e-07	-6.661378e-09	1.640325e+00	-3.943480e+02
8.500000e-07	3.890666e-07	-6.388950e-09	2.725389e+00	-3.781427e+02
8.600000e-07	5.438236e-07	-6.102486e-09	3.809453e+00	-3.610692e+02
8.700000e-07	6.983323e-07	-5.800390e-09	4.891778e+00	-3.431090e+02
8.800000e-07	8.524893e-07	-5.480009e-09	5.971639e+00	-3.242492e+02
8.900000e-07	1.006331e-06	-5.141399e-09	7.049294e+00	-3.044720e+02
9.000000e-07	1.159809e-06	-4.788767e-09	8.124393e+00	-2.837436e+02
9.100000e-07	1.312881e-06	-4.423562e-09	9.196657e+00	-2.620077e+02
9.200000e-07	1.465554e-06	-4.041840e-09	1.026612e+01	-2.391811e+02
9.300000e-07	1.617672e-06	-3.638821e-09	1.133170e+01	-2.151546e+02
9.400000e-07	1.769062e-06	-3.212113e-09	1.239218e+01	-1.897979e+02
9.500000e-07	1.919796e-06	-2.759402e-09	1.344806e+01	-1.629700e+02
9.600000e-07	2.069954e-06	-2.276589e-09	1.449991e+01	-1.345349e+02
9.700000e-07	2.219437e-06	-1.762272e-09	1.554703e+01	-1.043823e+02
9.800000e-07	2.368121e-06	-1.218406e-09	1.658855e+01	-7.245259e+01
9.900000e-07	2.515943e-06	-6.476100e-10	1.762404e+01	-3.876096e+01
1.000000e-06	2.662871e-06	-5.195905e-11	1.865326e+01	-3.417538e+00
1.010000e-06	2.808825e-06	5.672604e-10	1.967566e+01	3.336318e+01
1.020000e-06	2.953782e-06	1.207072e-09	2.069107e+01	7.126669e+01
1.030000e-06	3.097647e-06	1.859997e-09	2.169884e+01	1.098980e+02
1.040000e-06	3.240353e-06	2.517199e-09	2.269849e+01	1.488139e+02
1.050000e-06	3.381893e-06	3.173464e-09	2.368997e+01	1.875616e+02
1.060000e-06	3.522127e-06	3.822358e-09	2.467230e+01	2.257173e+02
1.070000e-06	3.660960e-06	4.453784e-09	2.564482e+01	2.629152e+02
1.080000e-06	3.798377e-06	5.059201e-09	2.660741e+01	2.988649e+02
1.090000e-06	3.934378e-06	5.637249e-09	2.756009e+01	3.333532e+02
1.100000e-06	4.068969e-06	6.189901e-09	2.850289e+01	3.662361e+02
1.110000e-06	4.202139e-06	6.715311e-09	2.943575e+01	3.974241e+02
1.120000e-06	4.333761e-06	7.211069e-09	3.035775e+01	4.268678e+02
1.130000e-06	4.463811e-06	7.677478e-09	3.126874e+01	4.545491e+02
1.140000e-06	4.592263e-06	8.115642e-09	3.216854e+01	4.804772e+02
1.150000e-06	4.719073e-06	8.524551e-09	3.305684e+01	5.046891e+02
1.160000e-06	4.844330e-06	8.903546e-09	3.393425e+01	5.272510e+02
1.170000e-06	4.967897e-06	9.255765e-09	3.479984e+01	5.482551e+02
1.180000e-06	5.089649e-06	9.583847e-09	3.565270e+01	5.678126e+02
1.190000e-06	5.209540e-06	9.888645e-09	3.649253e+01	5.860406e+02
1.200000e-06	5.327518e-06	1.017215e-08	3.731896e+01	6.030480e+02
1.210000e-06	5.443479e-06	1.043743e-08	3.813126e+01	6.189250e+02
1.220000e-06	5.557283e-06	1.068769e-08	3.892845e+01	6.337386e+02
1.230000e-06	5.668997e-06	1.092226e-08	3.971100e+01	6.475365e+02
1.240000e-06	5.778744e-06	1.113849e-08	4.047977e+01	6.603570e+02
1.250000e-06	5.886471e-06	1.133887e-08	4.123440e+01	6.722415e+02
1.260000e-06	5.992030e-06	1.152560e-08	4.197383e+01	6.832434e+02
1.270000e-06	6.095408e-06	1.169783e-08	4.269799e+01	6.934318e+02
1.280000e-06	6.196641e-06	1.185539e-08	4.340712e+01	7.028856e+02
1.290000e-06	6.295648e-06	1.200026e-08	4.410066e+01	7.116842e+02
1.300000e-06	6.392297e-06	1.213609e-08	4.477768e+01	7.198954e+02
1.310000e-06	6.486641e-06	1.226546e-08	4.543855e+01	7.275678e+02
1.320000e-06	6.578796e-06	1.238550e-08	4.608409e+01	7.347294e+02
1.330000e-06	6.668579e-06	1.249404e-08	4.671302e+01	7.413941e+02
1.340000e-06	6.755953e-06	1.259520e-08	4.732507e+01	7.475726e+02
1.350000e-06	6.841068e-06	1.269284e-08	4.792129e+01	7.532832e+02
1.360000e-06	6.923869e-06	1.278612e-08	4.850131e+01	7.585593e+02
1.370000e-06	7.004183e-06	1.286980e-08	4.906390e+01	7.634483e+02
1.380000e-06	7.081947e-06	1.294527e-08	4.960864e+01	7.680049e+02
1.390000e-06	7.157056e-06	1.301624e-08	5.013477e+01	7.722797e+02
1.400000e-06	7.229435e-06	1.308226e-08	5.064178e+01	7.763090e+02
1.410000e-06	7.299248e-06	1.314398e-08	5.113082e+01	7.801097e+02
1.420000e-06	7.366492e-06	1.320241e-08	5.160186e+01	7.836806e+02
1.430000e-06	7.431063e-06	1.325846e-08	5.205417e+01	7.870112e+02
1.440000e-06	7.493075e-06	1.331449e-08	5.248857e+01	7.900922e+02
1.450000e-06	7.552528e-06	1.336707e-08	5.290503e+01	7.929255e+02
1.460000e-06	7.609296e-06	1.341114e-08	5.330269e+01	7.955273e+02
1.470000e-06	7.663259e-06	1.344694e-08	5.368070e+01	7.979258e+02
1.480000e-06	7.714089e-06	1.347973e-08	5.403676e+01	8.001522e+02
1.490000e-06	7.761822e-06	1.351410e-08	5.437112e+01	8.022312e+02
1.500000e-06	7.806797e-06	1.354773e-08	5.468617e+01	8.041732e+02
1.510000e-06	7.848984e-06	1.357974e-08	5.498169e+01	8.059730e+02
1.520000e-06	7.888317e-06	1.361061e-08	5.525722e+01	8.076149e+02
1.530000e-06	7.924931e-06	1.363742e-08	5.551369e+01	8.090821e+02
1.540000e-06	7.958790e-06	1.365785e-08	5.575087e+01	8.103663e+02
1.550000e-06	7.989861e-06	1.367225e-08	5.596853e+01	8.114743e+02
1.560000e-06	8.018233e-06	1.368402e-08	5.616727e+01	8.124269e+02
1.570000e-06	8.043689e-06	1.369752e-08	5.634558e+01	8.132533e+02
1.580000e-06	8.066233e-06	1.371001e-08	5.650351e+01	8.139808e+02
1.590000e-06	8.086134e-06	1.372055e-08	5.664291e+01	8.146258e+02
1.600000e-06	8.103200e-06	1.373206e-08	5.676246e+01	8.151901e+02
1.610000e-06	8.117225e-06	1.374314e-08	5.686070e+01	8.156622e+02
1.620000e-06	8.128113e-06	1.374746e-08	5.693697e+01	8.160255e+02
1.630000e-06	8.135896e-06	1.374598e-08	5.699149e+01	8.162675e+02
1.640000e-06	8.140879e-06	1.374539e-08	5.702640e+01	8.163877e+02
1.650000e-06	8.143035e-06	1.374703e-08	5.704150e+01	8.163995e+02
1.660000e-06	8.142372e-06	1.374884e-08	5.703686e+01	8.163260e+02
1.670000e-06	8.139058e-06	1.374832e-08	5.701364e+01	8.161906e+02
1.680000e-06	8.132995e-06	1.374406e-08	5.697117e+01	8.160073e+02
1.690000e-06	8.124198e-06	1.374006e-08	5.690955e+01	8.157744e+02
1.700000e-06	8.112669e-06	1.373289e-08	5.682879e+01	8.154745e+02
1.710000e-06	8.098297e-06	1.371890e-08	5.672811e+01	8.150810e+02
1.720000e-06	8.081328e-06	1.369967e-08	5.660924e+01	8.145688e+02
1.730000e-06	8.062021e-06	1.368619e-08	5.647400e+01	8.139250e+02
1.740000e-06	8.039979e-06	1.371970e-08	5.631960e+01	8.131539e+02
1.750000e-06	8.014491e-06	1.373457e-08	5.614105e+01	8.122764e+02
1.760000e-06	7.985269e-06	1.368310e-08	5.593636e+01	8.113210e+02
1.770000e-06	7.952815e-06	1.363453e-08	5.570902e+01	8.103129e+02
1.780000e-06	7.917836e-06	1.361396e-08	5.546399e+01	8.092634e+02
1.790000e-06	7.880452e-06	1.357702e-08	5.520212e+01	8.081649e+02
1.800000e-06	7.840888e-06	1.356582e-08	5.492498e+01	8.069942e+02
1.810000e-06	7.799260e-06	1.358241e-08	5.463337e+01	8.057215e+02
1.820000e-06	7.755013e-06	1.351408e-08	5.432342e+01	8.043225e+02
1.830000e-06	7.707999e-06	1.352365e-08	5.399409e+01	8.027887e+02
1.840000e-06	7.658041e-06	1.350887e-08	5.364415e+01	8.011310e+02
1.850000e-06	7.604888e-06	1.344356e-08	5.327181e+01	7.993766e+02
1.860000e-06	7.548868e-06	1.343049e-08	5.287939e+01	7.975579e+02
1.870000e-06	7.490147e-06	1.335385e-08	5.246805e+01	7.957013e+02
1.880000e-06	7.428842e-06	1.336535e-08	5.203862e+01	7.938163e+02
1.890000e-06	7.364826e-06	1.333732e-08	5.159019e+01	7.918929e+02
1.900000e-06	7.298029e-06	1.328869e-08	5.112228e+01	7.899052e+02
1.910000e-06	7.228542e-06	1.328258e-08	5.063553e+01	7.878212e+02
1.920000e-06	7.156269e-06	1.322225e-08	5.012926e+01	7.856146e+02
1.930000e-06	7.081337e-06	1.319325e-08	4.960436e+01	7.832732e+02
1.940000e-06	7.003634e-06	1.312524e-08	4.906006e+01	7.808019e+02
1.950000e-06	6.923242e-06	1.309181e-08	4.849692e+01	7.782179e+02
1.960000e-06	6.840378e-06	1.305889e-08	4.791646e+01	7.755428e+02
1.970000e-06	6.755040e-06	1.300840e-08	4.731868e+01	7.727923e+02
1.980000e-06	6.667257e-06	1.298074e-08	4.670375e+01	7.699695e+02
1.990000e-06	6.577097e-06	1.290422e-08	4.607219e+01	7.670647e+02
2.000000e-06	6.484667e-06	1.286481e-08	4.542473e+01	7.640595e+02
2.010000e-06	6.389891e-06	1.280515e-08	4.476082e+01	7.609349e+02
2.020000e-06	6.292865e-06	1.275040e-08	4.408116e+01	7.576793e+02
2.030000e-06	6.193656e-06	1.269359e-08	4.338621e+01	7.542919e+02
2.040000e-06	6.092241e-06	1.263455e-08	4.267580e+01	7.507818e+02
2.050000e-06	5.988622e-06	1.258513e-08	4.194996e+01	7.471625e+02
2.060000e-06	5.882814e-06	1.250717e-08	4.120878e+01	7.434435e+02
2.070000e-06	5.774935e-06	1.244302e-08	4.045310e+01	7.396255e+02
2.080000e-06	5.664940e-06	1.236906e-08	3.968258e+01	7.356980e+02
2.090000e-06	5.552841e-06	1.231339e-08	3.889734e+01	7.316433e+02
2.100000e-06	5.438656e-06	1.224294e-08	3.809748e+01	7.274432e+02
2.110000e-06	5.322353e-06	1.217133e-08	3.728278e+01	7.230862e+02
2.120000e-06	5.203983e-06	1.209118e-08	3.645360e+01	7.185726e+02
2.130000e-06	5.083629e-06	1.201000e-08	3.561053e+01	7.139133e+02
2.140000e-06	4.961409e-06	1.192416e-08	3.475439e+01	7.091250e+02
2.150000e-06	4.837374e-06	1.183665e-08	3.388553e+01	7.042224e+02
2.160000e-06	4.711652e-06	1.175898e-08	3.300485e+01	6.992110e+02
2.170000e-06	4.584293e-06	1.167838e-08	3.211272e+01	6.940840e+02
2.180000e-06	4.455272e-06	1.159709e-08	3.120892e+01	6.888236e+02
2.190000e-06	4.324695e-06	1.150019e-08	3.029424e+01	6.834069e+02
2.200000e-06	4.192621e-06	1.140487e-08	2.936908e+01	6.778141e+02
2.210000e-06	4.059019e-06	1.130070e-08	2.843320e+01	6.720339e+02
2.220000e-06	3.923943e-06	1.120147e-08	2.748700e+01	6.660653e+02
2.230000e-06	3.787380e-06	1.109514e-08	2.653038e+01	6.599148e+02
2.240000e-06	3.649414e-06	1.099292e-08	2.556394e+01	6.535888e+02
2.250000e-06	3.510108e-06	1.088579e-08	2.458811e+01	6.470879e+02
2.260000e-06	3.369437e-06	1.077546e-08	2.360272e+01	6.404017e+02
2.270000e-06	3.227533e-06	1.065725e-08	2.260868e+01	6.335105e+02
2.280000e-06	3.084480e-06	1.053162e-08	2.160661e+01	6.263904e+02
2.290000e-06	2.940232e-06	1.040788e-08	2.059616e+01	6.190214e+02
2.300000e-06	2.794888e-06	1.028055e-08	1.957803e+01	6.113945e+02
2.310000e-06	2.648629e-06	1.015087e-08	1.855350e+01	6.035140e+02
2.320000e-06	2.501436e-06	1.001316e-08	1.752241e+01	5.953945e+02
2.330000e-06	2.353360e-06	9.875017e-09	1.648516e+01	5.870527e+02
2.340000e-06	2.204471e-06	9.730693e-09	1.544219e+01	5.784978e+02
2.350000e-06	2.054810e-06	9.582837e-09	1.439382e+01	5.697231e+02
2.360000e-06	1.904416e-06	9.426343e-09	1.334033e+01	5.607042e+02
2.370000e-06	1.753385e-06	9.268025e-09	1.228236e+01	5.514031e+02
2.380000e-06	1.601769e-06	9.106738e-09	1.122030e+01	5.417767e+02
2.390000e-06	1.449512e-06	8.940687e-09	1.015375e+01	5.317884e+02
2.400000e-06	1.296633e-06	8.766253e-09	9.082840e+00	5.214158e+02
2.410000e-06	1.143234e-06	8.585275e-09	8.008292e+00	5.106524e+02
2.420000e-06	9.894807e-07	8.397586e-09	6.931256e+00	4.995022e+02
2.430000e-06	8.354912e-07	8.201607e-09	5.852568e+00	4.879697e+02
2.440000e-06	6.812976e-07	8.000959e-09	4.772451e+00	4.760468e+02
2.450000e-06	5.269192e-07	7.796725e-09	3.691039e+00	4.637039e+02
2.460000e-06	3.723610e-07	7.584604e-09	2.608368e+00	4.508862e+02
2.470000e-06	2.176846e-07	7.359421e-09	1.524868e+00	4.375180e+02
2.480000e-06	6.294126e-08	7.122316e-09	4.408999e-01	4.235132e+02
2.490000e-06	-9.188634e-08	6.871292e-09	-6.436586e-01	4.087876e+02
2.500000e-06	-2.466989e-07	6.609185e-09	-1.728112e+00	3.932709e+02
2.510000e-06	-4.013185e-07	6.333831e-09	-2.811213e+00	3.769123e+02
2.520000e-06	-5.557572e-07	6.047042e-09	-3.893048e+00	3.596814e+02
2.530000e-06	-7.100648e-07	5.745174e-09	-4.973963e+00	3.415613e+02
2.540000e-06	-8.641581e-07	5.426058e-09	-6.053379e+00	3.225392e+02
2.550000e-06	-1.017972e-06	5.090754e-09	-7.130836e+00	3.025950e+02
2.560000e-06	-1.171469e-06	4.738952e-09	-8.206073e+00	2.816914e+02
2.570000e-06	-1.324541e-06	4.368640e-09	-9.278335e+00	2.597675e+02
2.580000e-06	-1.477057e-06	3.978337e-09	-1.034670e+01	2.367351e+02
2.590000e-06	-1.628925e-06	3.569991e-09	-1.141053e+01	2.124809e+02
2.600000e-06	-1.780145e-06	3.142805e-09	-1.246982e+01	1.868718e+02
2.610000e-06	-1.930764e-06	2.691303e-09	-1.352489e+01	1.597663e+02
2.620000e-06	-2.080693e-06	2.210277e-09	-1.457514e+01	1.310313e+02
2.630000e-06	-2.229819e-06	1.699801e-09	-1.561975e+01	1.005637e+02
2.640000e-06	-2.378157e-06	1.160077e-09	-1.665885e+01	6.831552e+01
2.650000e-06	-2.525662e-06	5.895994e-10	-1.769212e+01	3.431773e+01
2.660000e-06	-2.672277e-06	-8.972256e-12	-1.871915e+01	-1.301278e+00
2.670000e-06	-2.818025e-06	-6.288235e-10	-1.974011e+01	-3.830839e+01
2.680000e-06	-2.962758e-06	-1.264901e-09	-2.075395e+01	-7.637287e+01
2.690000e-06	-3.106328e-06	-1.913042e-09	-2.175965e+01	-1.150885e+02
2.700000e-06	-3.248725e-06	-2.567225e-09	-2.275714e+01	-1.540073e+02
2.710000e-06	-3.389895e-06	-3.217252e-09	-2.374602e+01	-1.926792e+02
2.720000e-06	-3.529780e-06	-3.854890e-09	-2.472591e+01	-2.306888e+02
2.730000e-06	-3.668280e-06	-4.476703e-09	-2.569609e+01	-2.676831e+02
2.740000e-06	-3.805418e-06	-5.078937e-09	-2.665674e+01	-3.033854e+02
2.750000e-06	-3.941222e-06	-5.654746e-09	-2.760804e+01	-3.375960e+02
2.760000e-06	-4.075529e-06	-6.201927e-09	-2.854885e+01	-3.701817e+02
2.770000e-06	-4.208362e-06	-6.721313e-09	-2.947934e+01	-4.010610e+02
2.780000e-06	-4.339752e-06	-7.212886e-09	-3.039971e+01	-4.301907e+02
2.790000e-06	-4.469620e-06	-7.673791e-09	-3.130943e+01	-4.575576e+02
2.800000e-06	-4.597973e-06	-8.104077e-09	-3.220854e+01	-4.831759e+02
2.810000e-06	-4.724660e-06	-8.507179e-09	-3.309597e+01	-5.070876e+02
2.820000e-06	-4.849569e-06	-8.883990e-09	-3.397095e+01	-5.293640e+02
2.830000e-06	-4.972832e-06	-9.235211e-09	-3.483440e+01	-5.501015e+02
2.840000e-06	-5.094421e-06	-9.561686e-09	-3.568613e+01	-5.694133e+02
2.850000e-06	-5.214090e-06	-9.865342e-09	-3.652441e+01	-5.874158e+02
2.860000e-06	-5.331676e-06	-1.014864e-08	-3.734809e+01	-6.042156e+02
2.870000e-06	-5.447115e-06	-1.041409e-08	-3.815673e+01	-6.198986e+02
2.880000e-06	-5.560281e-06	-1.066038e-08	-3.894945e+01	-6.345279e+02
2.890000e-06	-5.671301e-06	-1.088726e-08	-3.972714e+01	-6.481487e+02
2.900000e-06	-5.780348e-06	-1.109764e-08	-4.049101e+01	-6.607990e+02
2.910000e-06	-5.887419e-06	-1.129424e-08	-4.124103e+01	-6.725216e+02
2.920000e-06	-5.992499e-06	-1.147889e-08	-4.197712e+01	-6.833730e+02
2.930000e-06	-6.095398e-06	-1.165158e-08	-4.269792e+01	-6.934244e+02
2.940000e-06	-6.195990e-06	-1.181034e-08	-4.340256e+01	-7.027557e+02
2.950000e-06	-6.294400e-06	-1.195760e-08	-4.409192e+01	-7.114451e+02
2.960000e-06	-6.390690e-06	-1.209664e-08	-4.476642e+01	-7.195574e+02
2.970000e-06	-6.484687e-06	-1.222511e-08	-4.542487e+01	-7.271372e+02
2.980000e-06	-6.576383e-06	-1.234295e-08	-4.606719e+01	-7.342095e+02
2.990000e-06	-6.665834e-06	-1.245359e-08	-4.669379e+01	-7.407867e+02
3.000000e-06	-6.752929e-06	-1.255883e-08	-4.730389e+01	-7.468800e+02
3.010000e-06	-6.837549e-06	-1.265684e-08	-4.789664e+01	-7.525103e+02
3.020000e-06	-6.919724e-06	-1.274559e-08	-4.847228e+01	-7.577136e+02
3.030000e-06	-6.999532e-06	-1.282544e-08	-4.903132e+01	-7.625394e+02
3.040000e-06	-7.076701e-06	-1.290019e-08	-4.957189e+01	-7.670424e+02
3.050000e-06	-7.151105e-06	-1.297142e-08	-5.009308e+01	-7.712714e+02
3.060000e-06	-7.222875e-06	-1.303763e-08	-5.059583e+01	-7.752594e+02
3.070000e-06	-7.291997e-06	-1.309971e-08	-5.108002e+01	-7.790197e+02
3.080000e-06	-7.358557e-06	-1.315972e-08	-5.154627e+01	-7.825487e+02
3.090000e-06	-7.422624e-06	-1.321627e-08	-5.199506e+01	-7.858354e+02
3.100000e-06	-7.484007e-06	-1.326749e-08	-5.242504e+01	-7.888718e+02
3.110000e-06	-7.542646e-06	-1.331527e-08	-5.283581e+01	-7.916623e+02
3.120000e-06	-7.598583e-06	-1.335998e-08	-5.322764e+01	-7.942257e+02
3.130000e-06	-7.651667e-06	-1.339988e-08	-5.359949e+01	-7.965914e+02
3.140000e-06	-7.701639e-06	-1.343501e-08	-5.394955e+01	-7.987902e+02
3.150000e-06	-7.748527e-06	-1.346731e-08	-5.427800e+01	-8.008446e+02
3.160000e-06	-7.792805e-06	-1.349919e-08	-5.458815e+01	-8.027622e+02
3.170000e-06	-7.834620e-06	-1.353038e-08	-5.488107e+01	-8.045353e+02
3.180000e-06	-7.873676e-06	-1.355863e-08	-5.515466e+01	-8.061472e+02
3.190000e-06	-7.909906e-06	-1.358459e-08	-5.540844e+01	-8.075821e+02
3.200000e-06	-7.943460e-06	-1.360818e-08	-5.564349e+01	-8.088341e+02
3.210000e-06	-7.974170e-06	-1.362808e-08	-5.585861e+01	-8.099126e+02
3.220000e-06	-8.001931e-06	-1.364349e-08	-5.605307e+01	-8.108406e+02
3.230000e-06	-8.026878e-06	-1.365518e-08	-5.622783e+01	-8.116478e+02
3.240000e-06	-8.048933e-06	-1.366592e-08	-5.638232e+01	-8.123599e+02
3.250000e-06	-8.068156e-06	-1.367753e-08	-5.651698e+01	-8.129910e+02
3.260000e-06	-8.084629e-06	-1.368911e-08	-5.663237e+01	-8.135401e+02
3.270000e-06	-8.098012e-06	-1.369961e-08	-5.672611e+01	-8.139942e+02
3.280000e-06	-8.108296e-06	-1.370739e-08	-5.679815e+01	-8.143366e+02
3.290000e-06	-8.115715e-06	-1.371111e-08	-5.685012e+01	-8.145566e+02
3.300000e-06	-8.120230e-06	-1.371202e-08	-5.688175e+01	-8.146562e+02
3.310000e-06	-8.121936e-06	-1.371349e-08	-5.689370e+01	-8.146512e+02
