# Temperatura_=_57.97
# Concentracion g/m^3_=_11780.0
# C_Vs_to_Am_M_A/Vsm_=_59384043850.047264
# pendiente_HvsI_1/m_=_3716.3
# ordenada_HvsI_A/m_=_1297.0
# frecuencia_Hz_=_301553.09061248787

Tiempo_(s)	Campo_(V.s)	Magnetizacion_(V.s)	Campo_(kA/m)	Magnetizacion_(A/m)
0.000000e+00	-8.130004e-06	-1.408147e-08	-5.688559e+01	-8.357247e+02
1.000000e-08	-8.127162e-06	-1.407512e-08	-5.686571e+01	-8.356136e+02
2.000000e-08	-8.121648e-06	-1.407149e-08	-5.682712e+01	-8.354729e+02
3.000000e-08	-8.113566e-06	-1.407040e-08	-5.677057e+01	-8.353033e+02
4.000000e-08	-8.102655e-06	-1.406465e-08	-5.669423e+01	-8.350815e+02
5.000000e-08	-8.088792e-06	-1.405570e-08	-5.659723e+01	-8.347678e+02
6.000000e-08	-8.071962e-06	-1.405170e-08	-5.647947e+01	-8.343204e+02
7.000000e-08	-8.052552e-06	-1.405900e-08	-5.634366e+01	-8.337103e+02
8.000000e-08	-8.030762e-06	-1.404168e-08	-5.619120e+01	-8.329332e+02
9.000000e-08	-8.005976e-06	-1.395865e-08	-5.601777e+01	-8.320108e+02
1.000000e-07	-7.977794e-06	-1.393458e-08	-5.582058e+01	-8.309837e+02
1.100000e-07	-7.946562e-06	-1.397768e-08	-5.560205e+01	-8.298964e+02
1.200000e-07	-7.912558e-06	-1.398442e-08	-5.536412e+01	-8.287814e+02
1.300000e-07	-7.875905e-06	-1.394119e-08	-5.510766e+01	-8.276481e+02
1.400000e-07	-7.836996e-06	-1.392412e-08	-5.483542e+01	-8.264804e+02
1.500000e-07	-7.795827e-06	-1.395213e-08	-5.454736e+01	-8.252435e+02
1.600000e-07	-7.751930e-06	-1.386865e-08	-5.424021e+01	-8.238981e+02
1.700000e-07	-7.705236e-06	-1.386452e-08	-5.391349e+01	-8.224151e+02
1.800000e-07	-7.655742e-06	-1.380696e-08	-5.356718e+01	-8.207854e+02
1.900000e-07	-7.603130e-06	-1.373601e-08	-5.319906e+01	-8.190227e+02
2.000000e-07	-7.547619e-06	-1.380048e-08	-5.281064e+01	-8.171557e+02
2.100000e-07	-7.489417e-06	-1.374006e-08	-5.240340e+01	-8.152163e+02
2.200000e-07	-7.428513e-06	-1.370826e-08	-5.197726e+01	-8.132262e+02
2.300000e-07	-7.364985e-06	-1.365672e-08	-5.153276e+01	-8.111884e+02
2.400000e-07	-7.298659e-06	-1.363103e-08	-5.106868e+01	-8.090865e+02
2.500000e-07	-7.229574e-06	-1.361923e-08	-5.058528e+01	-8.068916e+02
2.600000e-07	-7.157847e-06	-1.352498e-08	-5.008342e+01	-8.045737e+02
2.700000e-07	-7.083395e-06	-1.348530e-08	-4.956247e+01	-8.021136e+02
2.800000e-07	-7.006141e-06	-1.347109e-08	-4.902193e+01	-7.995090e+02
2.900000e-07	-6.926146e-06	-1.346318e-08	-4.846220e+01	-7.967741e+02
3.000000e-07	-6.843671e-06	-1.337608e-08	-4.788513e+01	-7.939330e+02
3.100000e-07	-6.758901e-06	-1.330044e-08	-4.729199e+01	-7.910088e+02
3.200000e-07	-6.671804e-06	-1.328795e-08	-4.668257e+01	-7.880142e+02
3.300000e-07	-6.582321e-06	-1.322873e-08	-4.605646e+01	-7.849463e+02
3.400000e-07	-6.490486e-06	-1.316575e-08	-4.541389e+01	-7.817885e+02
3.500000e-07	-6.396396e-06	-1.309578e-08	-4.475555e+01	-7.785171e+02
3.600000e-07	-6.299984e-06	-1.305392e-08	-4.408095e+01	-7.751106e+02
3.700000e-07	-6.201192e-06	-1.301298e-08	-4.338970e+01	-7.715573e+02
3.800000e-07	-6.100174e-06	-1.294113e-08	-4.268288e+01	-7.678585e+02
3.900000e-07	-5.996989e-06	-1.285965e-08	-4.196090e+01	-7.640258e+02
4.000000e-07	-5.891602e-06	-1.279140e-08	-4.122351e+01	-7.600743e+02
4.100000e-07	-5.784066e-06	-1.275267e-08	-4.047107e+01	-7.560156e+02
4.200000e-07	-5.674500e-06	-1.267770e-08	-3.970444e+01	-7.518516e+02
4.300000e-07	-5.562941e-06	-1.258854e-08	-3.892387e+01	-7.475741e+02
4.400000e-07	-5.449287e-06	-1.250871e-08	-3.812863e+01	-7.431683e+02
4.500000e-07	-5.333481e-06	-1.244548e-08	-3.731834e+01	-7.386188e+02
4.600000e-07	-5.215564e-06	-1.236962e-08	-3.649327e+01	-7.339162e+02
4.700000e-07	-5.095654e-06	-1.227345e-08	-3.565426e+01	-7.290600e+02
4.800000e-07	-4.973937e-06	-1.218775e-08	-3.480261e+01	-7.240580e+02
4.900000e-07	-4.850410e-06	-1.211433e-08	-3.393829e+01	-7.189210e+02
5.000000e-07	-4.725104e-06	-1.203565e-08	-3.306152e+01	-7.136572e+02
5.100000e-07	-4.598201e-06	-1.193047e-08	-3.217359e+01	-7.082671e+02
5.200000e-07	-4.469661e-06	-1.183024e-08	-3.127419e+01	-7.027418e+02
5.300000e-07	-4.339465e-06	-1.174321e-08	-3.036321e+01	-6.970659e+02
5.400000e-07	-4.207630e-06	-1.165187e-08	-2.944076e+01	-6.912225e+02
5.500000e-07	-4.074300e-06	-1.154068e-08	-2.850786e+01	-6.851987e+02
5.600000e-07	-3.939562e-06	-1.142803e-08	-2.756510e+01	-6.789887e+02
5.700000e-07	-3.803251e-06	-1.132924e-08	-2.661132e+01	-6.725931e+02
5.800000e-07	-3.665491e-06	-1.122584e-08	-2.564742e+01	-6.660152e+02
5.900000e-07	-3.526397e-06	-1.110623e-08	-2.467418e+01	-6.592555e+02
6.000000e-07	-3.385867e-06	-1.098324e-08	-2.369089e+01	-6.523069e+02
6.100000e-07	-3.243907e-06	-1.087245e-08	-2.269760e+01	-6.451541e+02
6.200000e-07	-3.100638e-06	-1.075438e-08	-2.169515e+01	-6.377763e+02
6.300000e-07	-2.956304e-06	-1.061954e-08	-2.068524e+01	-6.301534e+02
6.400000e-07	-2.810974e-06	-1.047988e-08	-1.966837e+01	-6.222723e+02
6.500000e-07	-2.664606e-06	-1.034483e-08	-1.864424e+01	-6.141306e+02
6.600000e-07	-2.517364e-06	-1.020810e-08	-1.761398e+01	-6.057363e+02
6.700000e-07	-2.369299e-06	-1.006088e-08	-1.657797e+01	-5.971023e+02
6.800000e-07	-2.220406e-06	-9.908713e-09	-1.553616e+01	-5.882384e+02
6.900000e-07	-2.070710e-06	-9.758003e-09	-1.448874e+01	-5.791431e+02
7.000000e-07	-1.920256e-06	-9.607935e-09	-1.343602e+01	-5.697997e+02
7.100000e-07	-1.769140e-06	-9.447016e-09	-1.237866e+01	-5.601768e+02
7.200000e-07	-1.617452e-06	-9.275230e-09	-1.131730e+01	-5.502348e+02
7.300000e-07	-1.465198e-06	-9.102350e-09	-1.025198e+01	-5.399352e+02
7.400000e-07	-1.312326e-06	-8.925798e-09	-9.182338e+00	-5.292485e+02
7.500000e-07	-1.158854e-06	-8.740441e-09	-8.108496e+00	-5.181592e+02
7.600000e-07	-1.004975e-06	-8.544849e-09	-7.031805e+00	-5.066631e+02
7.700000e-07	-8.507868e-07	-8.344258e-09	-5.952950e+00	-4.947603e+02
7.800000e-07	-6.963044e-07	-8.139773e-09	-4.872038e+00	-4.824438e+02
7.900000e-07	-5.416360e-07	-7.925929e-09	-3.789824e+00	-4.696887e+02
8.000000e-07	-3.868556e-07	-7.699942e-09	-2.706826e+00	-4.564460e+02
8.100000e-07	-2.319531e-07	-7.464454e-09	-1.622974e+00	-4.426431e+02
8.200000e-07	-7.692488e-08	-7.223139e-09	-5.382429e-01	-4.281903e+02
8.300000e-07	7.812044e-08	-6.970483e-09	5.466082e-01	-4.129931e+02
8.400000e-07	2.331062e-07	-6.700956e-09	1.631042e+00	-3.969645e+02
8.500000e-07	3.880412e-07	-6.415933e-09	2.715122e+00	-3.800355e+02
8.600000e-07	5.428799e-07	-6.117237e-09	3.798527e+00	-3.621594e+02
8.700000e-07	6.975481e-07	-5.800030e-09	4.880740e+00	-3.433094e+02
8.800000e-07	8.519768e-07	-5.461819e-09	5.961277e+00	-3.234695e+02
8.900000e-07	1.006086e-06	-5.106398e-09	7.039577e+00	-3.026216e+02
9.000000e-07	1.159873e-06	-4.738358e-09	8.115623e+00	-2.807314e+02
9.100000e-07	1.313268e-06	-4.353802e-09	9.188930e+00	-2.577361e+02
9.200000e-07	1.466116e-06	-3.946740e-09	1.025841e+01	-2.335374e+02
9.300000e-07	1.618353e-06	-3.516516e-09	1.132361e+01	-2.080015e+02
9.400000e-07	1.770004e-06	-3.061698e-09	1.238471e+01	-1.809674e+02
9.500000e-07	1.921048e-06	-2.576305e-09	1.344156e+01	-1.522644e+02
9.600000e-07	2.071415e-06	-2.054848e-09	1.449368e+01	-1.217368e+02
9.700000e-07	2.221022e-06	-1.500757e-09	1.554048e+01	-8.927361e+01
9.800000e-07	2.369777e-06	-9.183294e-10	1.658132e+01	-5.484012e+01
9.900000e-07	2.517669e-06	-3.072195e-10	1.761611e+01	-1.850402e+01
1.000000e-06	2.664699e-06	3.347156e-10	1.864488e+01	1.954803e+01
1.010000e-06	2.810860e-06	1.001645e-09	1.966757e+01	5.900873e+01
1.020000e-06	2.956032e-06	1.684333e-09	2.068334e+01	9.946547e+01
1.030000e-06	3.100116e-06	2.375172e-09	2.169149e+01	1.404315e+02
1.040000e-06	3.243085e-06	3.065757e-09	2.269185e+01	1.813880e+02
1.050000e-06	3.384818e-06	3.749223e-09	2.368355e+01	2.218298e+02
1.060000e-06	3.525204e-06	4.416687e-09	2.466583e+01	2.613063e+02
1.070000e-06	3.664228e-06	5.062252e-09	2.563858e+01	2.994502e+02
1.080000e-06	3.801834e-06	5.678956e-09	2.660141e+01	3.359903e+02
1.090000e-06	3.937974e-06	6.263810e-09	2.755398e+01	3.707491e+02
1.100000e-06	4.072719e-06	6.817145e-09	2.849679e+01	4.036281e+02
1.110000e-06	4.206023e-06	7.337055e-09	2.942952e+01	4.345884e+02
1.120000e-06	4.337762e-06	7.823410e-09	3.035130e+01	4.636317e+02
1.130000e-06	4.467962e-06	8.278108e-09	3.126230e+01	4.907868e+02
1.140000e-06	4.596604e-06	8.704042e-09	3.216241e+01	5.161036e+02
1.150000e-06	4.723615e-06	9.103484e-09	3.305110e+01	5.396516e+02
1.160000e-06	4.849014e-06	9.475698e-09	3.392852e+01	5.615199e+02
1.170000e-06	4.972739e-06	9.817281e-09	3.479423e+01	5.818154e+02
1.180000e-06	5.094692e-06	1.013195e-08	3.564753e+01	6.006565e+02
1.190000e-06	5.214776e-06	1.042468e-08	3.648775e+01	6.181635e+02
1.200000e-06	5.332884e-06	1.069593e-08	3.731416e+01	6.344470e+02
1.210000e-06	5.448944e-06	1.094628e-08	3.812623e+01	6.496002e+02
1.220000e-06	5.562916e-06	1.118162e-08	3.892369e+01	6.636957e+02
1.230000e-06	5.674803e-06	1.140584e-08	3.970656e+01	6.767892e+02
1.240000e-06	5.784662e-06	1.161484e-08	4.047525e+01	6.889289e+02
1.250000e-06	5.892552e-06	1.180675e-08	4.123015e+01	7.001649e+02
1.260000e-06	5.998342e-06	1.198332e-08	4.197036e+01	7.105571e+02
1.270000e-06	6.101893e-06	1.214578e-08	4.269491e+01	7.201764e+02
1.280000e-06	6.203193e-06	1.229371e-08	4.340371e+01	7.291002e+02
1.290000e-06	6.302200e-06	1.242758e-08	4.409646e+01	7.374033e+02
1.300000e-06	6.398897e-06	1.255381e-08	4.477304e+01	7.451485e+02
1.310000e-06	6.493374e-06	1.267615e-08	4.543410e+01	7.523807e+02
1.320000e-06	6.585620e-06	1.279097e-08	4.607955e+01	7.591275e+02
1.330000e-06	6.675519e-06	1.289473e-08	4.670857e+01	7.654052e+02
1.340000e-06	6.763051e-06	1.299027e-08	4.732103e+01	7.712282e+02
1.350000e-06	6.848301e-06	1.308094e-08	4.791752e+01	7.766189e+02
1.360000e-06	6.931213e-06	1.316685e-08	4.849766e+01	7.816115e+02
1.370000e-06	7.011574e-06	1.324434e-08	4.905994e+01	7.862507e+02
1.380000e-06	7.089374e-06	1.331563e-08	4.960431e+01	7.905847e+02
1.390000e-06	7.164521e-06	1.338684e-08	5.013011e+01	7.946555e+02
1.400000e-06	7.236941e-06	1.345457e-08	5.063684e+01	7.984908e+02
1.410000e-06	7.306842e-06	1.351552e-08	5.112593e+01	8.021018e+02
1.420000e-06	7.374213e-06	1.356916e-08	5.159733e+01	8.054866e+02
1.430000e-06	7.438900e-06	1.361874e-08	5.204994e+01	8.086385e+02
1.440000e-06	7.501022e-06	1.366744e-08	5.248460e+01	8.115562e+02
1.450000e-06	7.560634e-06	1.371459e-08	5.290171e+01	8.142498e+02
1.460000e-06	7.617531e-06	1.375730e-08	5.329982e+01	8.167427e+02
1.470000e-06	7.671614e-06	1.379549e-08	5.367824e+01	8.190649e+02
1.480000e-06	7.722596e-06	1.383182e-08	5.403496e+01	8.212447e+02
1.490000e-06	7.770430e-06	1.386617e-08	5.436965e+01	8.232984e+02
1.500000e-06	7.815493e-06	1.389648e-08	5.468496e+01	8.252259e+02
1.510000e-06	7.857800e-06	1.392504e-08	5.498098e+01	8.270121e+02
1.520000e-06	7.897258e-06	1.395310e-08	5.525707e+01	8.286348e+02
1.530000e-06	7.933961e-06	1.397900e-08	5.551388e+01	8.300762e+02
1.540000e-06	7.967884e-06	1.400148e-08	5.575123e+01	8.313323e+02
1.550000e-06	7.998956e-06	1.401858e-08	5.596865e+01	8.324177e+02
1.560000e-06	8.027319e-06	1.403295e-08	5.616711e+01	8.333619e+02
1.570000e-06	8.052831e-06	1.404671e-08	5.634561e+01	8.341997e+02
1.580000e-06	8.075431e-06	1.405839e-08	5.650374e+01	8.349593e+02
1.590000e-06	8.095370e-06	1.406663e-08	5.664326e+01	8.356525e+02
1.600000e-06	8.112490e-06	1.407595e-08	5.676305e+01	8.362714e+02
1.610000e-06	8.126548e-06	1.408599e-08	5.686141e+01	8.367938e+02
1.620000e-06	8.137414e-06	1.409263e-08	5.693744e+01	8.371942e+02
1.630000e-06	8.145174e-06	1.409536e-08	5.699173e+01	8.374561e+02
1.640000e-06	8.150142e-06	1.409609e-08	5.702649e+01	8.375815e+02
1.650000e-06	8.152286e-06	1.409554e-08	5.704150e+01	8.375919e+02
1.660000e-06	8.151607e-06	1.409488e-08	5.703674e+01	8.375214e+02
1.670000e-06	8.148306e-06	1.409676e-08	5.701365e+01	8.374038e+02
1.680000e-06	8.142253e-06	1.409336e-08	5.697130e+01	8.372584e+02
1.690000e-06	8.133468e-06	1.409035e-08	5.690983e+01	8.370816e+02
1.700000e-06	8.121950e-06	1.408581e-08	5.682923e+01	8.368464e+02
1.710000e-06	8.107536e-06	1.407310e-08	5.672838e+01	8.365116e+02
1.720000e-06	8.090528e-06	1.404987e-08	5.660938e+01	8.360364e+02
1.730000e-06	8.071199e-06	1.402670e-08	5.647413e+01	8.353959e+02
1.740000e-06	8.049158e-06	1.409923e-08	5.631991e+01	8.345904e+02
1.750000e-06	8.023677e-06	1.411608e-08	5.614162e+01	8.336459e+02
1.760000e-06	7.994380e-06	1.403509e-08	5.593663e+01	8.326048e+02
1.770000e-06	7.961765e-06	1.398894e-08	5.570842e+01	8.315105e+02
1.780000e-06	7.926716e-06	1.398269e-08	5.546319e+01	8.303922e+02
1.790000e-06	7.889322e-06	1.391759e-08	5.520154e+01	8.292544e+02
1.800000e-06	7.849729e-06	1.391625e-08	5.492451e+01	8.280770e+02
1.810000e-06	7.808108e-06	1.396767e-08	5.463329e+01	8.268234e+02
1.820000e-06	7.763827e-06	1.383506e-08	5.432345e+01	8.254549e+02
1.830000e-06	7.716792e-06	1.390891e-08	5.399435e+01	8.239455e+02
1.840000e-06	7.666834e-06	1.387963e-08	5.364479e+01	8.222904e+02
1.850000e-06	7.613627e-06	1.379027e-08	5.327251e+01	8.205064e+02
1.860000e-06	7.557616e-06	1.380464e-08	5.288060e+01	8.186242e+02
1.870000e-06	7.498913e-06	1.367874e-08	5.246985e+01	8.166744e+02
1.880000e-06	7.437595e-06	1.374523e-08	5.204081e+01	8.146760e+02
1.890000e-06	7.373600e-06	1.367772e-08	5.159304e+01	8.126283e+02
1.900000e-06	7.306800e-06	1.363676e-08	5.112564e+01	8.105119e+02
1.910000e-06	7.237216e-06	1.364843e-08	5.063876e+01	8.082969e+02
1.920000e-06	7.164777e-06	1.355928e-08	5.013190e+01	8.059545e+02
1.930000e-06	7.089725e-06	1.355127e-08	4.960676e+01	8.034681e+02
1.940000e-06	7.011928e-06	1.343694e-08	4.906242e+01	8.008385e+02
1.950000e-06	6.931507e-06	1.343781e-08	4.849971e+01	7.980826e+02
1.960000e-06	6.848630e-06	1.339058e-08	4.791982e+01	7.952250e+02
1.970000e-06	6.763154e-06	1.333279e-08	4.732175e+01	7.922876e+02
1.980000e-06	6.675230e-06	1.331848e-08	4.670654e+01	7.892804e+02
1.990000e-06	6.584959e-06	1.322003e-08	4.607492e+01	7.861978e+02
2.000000e-06	6.492431e-06	1.319858e-08	4.542750e+01	7.830213e+02
2.010000e-06	6.397564e-06	1.311067e-08	4.476372e+01	7.797270e+02
2.020000e-06	6.300461e-06	1.307024e-08	4.408429e+01	7.762946e+02
2.030000e-06	6.201158e-06	1.300336e-08	4.338947e+01	7.727148e+02
2.040000e-06	6.099566e-06	1.295004e-08	4.267862e+01	7.689908e+02
2.050000e-06	5.995759e-06	1.289415e-08	4.195229e+01	7.651356e+02
2.060000e-06	5.889842e-06	1.280601e-08	4.121119e+01	7.611642e+02
2.070000e-06	5.781909e-06	1.274504e-08	4.045598e+01	7.570867e+02
2.080000e-06	5.671879e-06	1.265750e-08	3.968610e+01	7.529032e+02
2.090000e-06	5.559721e-06	1.260625e-08	3.890134e+01	7.486038e+02
2.100000e-06	5.445372e-06	1.252385e-08	3.810123e+01	7.441732e+02
2.110000e-06	5.328891e-06	1.245653e-08	3.728622e+01	7.395966e+02
2.120000e-06	5.210374e-06	1.237144e-08	3.645695e+01	7.348661e+02
2.130000e-06	5.089905e-06	1.229389e-08	3.561403e+01	7.299831e+02
2.140000e-06	4.967628e-06	1.219558e-08	3.475847e+01	7.249560e+02
2.150000e-06	4.843498e-06	1.210269e-08	3.388992e+01	7.197958e+02
2.160000e-06	4.717621e-06	1.202029e-08	3.300917e+01	7.145095e+02
2.170000e-06	4.590104e-06	1.193274e-08	3.211693e+01	7.090959e+02
2.180000e-06	4.460960e-06	1.184347e-08	3.121331e+01	7.035448e+02
2.190000e-06	4.330218e-06	1.174105e-08	3.029851e+01	6.978400e+02
2.200000e-06	4.197893e-06	1.165014e-08	2.937263e+01	6.919651e+02
2.210000e-06	4.064092e-06	1.154220e-08	2.843643e+01	6.859081e+02
2.220000e-06	3.928887e-06	1.143953e-08	2.749040e+01	6.796645e+02
2.230000e-06	3.792224e-06	1.132220e-08	2.653417e+01	6.732360e+02
2.240000e-06	3.654088e-06	1.121689e-08	2.556763e+01	6.666256e+02
2.250000e-06	3.514556e-06	1.110353e-08	2.459133e+01	6.598327e+02
2.260000e-06	3.373716e-06	1.098688e-08	2.360587e+01	6.528489e+02
2.270000e-06	3.231697e-06	1.086349e-08	2.261217e+01	6.456573e+02
2.280000e-06	3.088432e-06	1.073772e-08	2.160974e+01	6.382370e+02
2.290000e-06	2.943974e-06	1.061337e-08	2.059897e+01	6.305685e+02
2.300000e-06	2.798517e-06	1.047751e-08	1.958121e+01	6.226405e+02
2.310000e-06	2.652098e-06	1.033720e-08	1.855671e+01	6.144527e+02
2.320000e-06	2.504757e-06	1.019171e-08	1.752577e+01	6.060145e+02
2.330000e-06	2.356505e-06	1.005047e-08	1.648845e+01	5.973388e+02
2.340000e-06	2.207384e-06	9.900221e-09	1.544505e+01	5.884339e+02
2.350000e-06	2.057515e-06	9.744255e-09	1.439642e+01	5.792959e+02
2.360000e-06	1.907000e-06	9.583019e-09	1.334327e+01	5.699050e+02
2.370000e-06	1.755859e-06	9.420633e-09	1.228573e+01	5.602279e+02
2.380000e-06	1.604078e-06	9.251953e-09	1.122372e+01	5.502246e+02
2.390000e-06	1.451707e-06	9.076784e-09	1.015759e+01	5.398575e+02
2.400000e-06	1.298804e-06	8.894249e-09	9.087725e+00	5.290995e+02
2.410000e-06	1.145377e-06	8.706215e-09	8.014198e+00	5.179374e+02
2.420000e-06	9.914981e-07	8.509335e-09	6.937506e+00	5.063686e+02
2.430000e-06	8.372886e-07	8.305846e-09	5.858503e+00	4.943927e+02
2.440000e-06	6.827677e-07	8.098560e-09	4.777322e+00	4.820001e+02
2.450000e-06	5.279827e-07	7.887192e-09	3.694292e+00	4.691621e+02
2.460000e-06	3.730609e-07	7.666152e-09	2.610305e+00	4.558251e+02
2.470000e-06	2.180507e-07	7.430458e-09	1.525700e+00	4.419129e+02
2.480000e-06	6.297528e-08	7.183516e-09	4.406376e-01	4.273339e+02
2.490000e-06	-9.209480e-08	6.922315e-09	-6.443868e-01	4.119940e+02
2.500000e-06	-2.471439e-07	6.649063e-09	-1.729264e+00	3.958089e+02
2.510000e-06	-4.020833e-07	6.358993e-09	-2.813375e+00	3.787134e+02
2.520000e-06	-5.568337e-07	6.056273e-09	-3.896162e+00	3.606648e+02
2.530000e-06	-7.113847e-07	5.740894e-09	-4.977554e+00	3.416389e+02
2.540000e-06	-8.656709e-07	5.407654e-09	-6.057094e+00	3.216205e+02
2.550000e-06	-1.019634e-06	5.053412e-09	-7.134376e+00	3.005895e+02
2.560000e-06	-1.173156e-06	4.679140e-09	-8.208563e+00	2.785073e+02
2.570000e-06	-1.326207e-06	4.287559e-09	-9.279461e+00	2.553052e+02
2.580000e-06	-1.478808e-06	3.876878e-09	-1.034721e+01	2.308783e+02
2.590000e-06	-1.630881e-06	3.443818e-09	-1.141126e+01	2.050871e+02
2.600000e-06	-1.782294e-06	2.986167e-09	-1.247070e+01	1.777673e+02
2.610000e-06	-1.933036e-06	2.501942e-09	-1.352544e+01	1.487489e+02
2.620000e-06	-2.083164e-06	1.986770e-09	-1.457589e+01	1.178817e+02
2.630000e-06	-2.232575e-06	1.436969e-09	-1.562132e+01	8.506646e+01
2.640000e-06	-2.381145e-06	8.537937e-10	-1.666086e+01	5.028481e+01
2.650000e-06	-2.528873e-06	2.392913e-10	-1.769451e+01	1.362488e+01
2.660000e-06	-2.675713e-06	-4.022329e-10	-1.872195e+01	-2.470475e+01
2.670000e-06	-2.821567e-06	-1.067314e-09	-1.974249e+01	-6.437636e+01
2.680000e-06	-2.966406e-06	-1.750124e-09	-2.075592e+01	-1.049614e+02
2.690000e-06	-3.110147e-06	-2.439400e-09	-2.176168e+01	-1.459641e+02
2.700000e-06	-3.252721e-06	-3.126675e-09	-2.275927e+01	-1.868649e+02
2.710000e-06	-3.394043e-06	-3.802977e-09	-2.374810e+01	-2.271654e+02
2.720000e-06	-3.534066e-06	-4.461313e-09	-2.472784e+01	-2.664284e+02
2.730000e-06	-3.672795e-06	-5.096309e-09	-2.569853e+01	-3.043031e+02
2.740000e-06	-3.810163e-06	-5.706334e-09	-2.665969e+01	-3.405358e+02
2.750000e-06	-3.946092e-06	-6.288404e-09	-2.761078e+01	-3.749643e+02
2.760000e-06	-4.080573e-06	-6.841025e-09	-2.855174e+01	-4.075023e+02
2.770000e-06	-4.213598e-06	-7.360137e-09	-2.948252e+01	-4.381194e+02
2.780000e-06	-4.345103e-06	-7.843111e-09	-3.040266e+01	-4.668229e+02
2.790000e-06	-4.475125e-06	-8.292450e-09	-3.131243e+01	-4.936457e+02
2.800000e-06	-4.603634e-06	-8.711765e-09	-3.221160e+01	-5.186412e+02
2.810000e-06	-4.730455e-06	-9.102047e-09	-3.309896e+01	-5.418823e+02
2.820000e-06	-4.855543e-06	-9.464147e-09	-3.397421e+01	-5.634616e+02
2.830000e-06	-4.978886e-06	-9.802910e-09	-3.483723e+01	-5.834887e+02
2.840000e-06	-5.100444e-06	-1.012094e-08	-3.568778e+01	-6.020830e+02
2.850000e-06	-5.220138e-06	-1.041695e-08	-3.652528e+01	-6.193640e+02
2.860000e-06	-5.337849e-06	-1.068881e-08	-3.734890e+01	-6.354396e+02
2.870000e-06	-5.453483e-06	-1.093919e-08	-3.815799e+01	-6.503993e+02
2.880000e-06	-5.566859e-06	-1.117089e-08	-3.895128e+01	-6.643123e+02
2.890000e-06	-5.677968e-06	-1.138698e-08	-3.972871e+01	-6.772322e+02
2.900000e-06	-5.787023e-06	-1.158689e-08	-4.049177e+01	-6.892068e+02
2.910000e-06	-5.894153e-06	-1.177144e-08	-4.124135e+01	-7.002876e+02
2.920000e-06	-5.999280e-06	-1.194543e-08	-4.197692e+01	-7.105365e+02
2.930000e-06	-6.102205e-06	-1.211011e-08	-4.269709e+01	-7.200260e+02
2.940000e-06	-6.202851e-06	-1.226061e-08	-4.340131e+01	-7.288339e+02
2.950000e-06	-6.301355e-06	-1.239730e-08	-4.409055e+01	-7.370333e+02
2.960000e-06	-6.397749e-06	-1.252697e-08	-4.476501e+01	-7.446843e+02
2.970000e-06	-6.491862e-06	-1.265137e-08	-4.542352e+01	-7.518285e+02
2.980000e-06	-6.583589e-06	-1.276637e-08	-4.606534e+01	-7.584907e+02
2.990000e-06	-6.673042e-06	-1.287011e-08	-4.669123e+01	-7.646861e+02
3.000000e-06	-6.760184e-06	-1.296773e-08	-4.730097e+01	-7.704302e+02
3.010000e-06	-6.844846e-06	-1.306045e-08	-4.789335e+01	-7.757470e+02
3.020000e-06	-6.927104e-06	-1.314372e-08	-4.846891e+01	-7.806732e+02
3.030000e-06	-7.006942e-06	-1.321581e-08	-4.902753e+01	-7.852546e+02
3.040000e-06	-7.084098e-06	-1.328392e-08	-4.956739e+01	-7.895390e+02
3.050000e-06	-7.158536e-06	-1.335352e-08	-5.008824e+01	-7.935663e+02
3.060000e-06	-7.230391e-06	-1.342056e-08	-5.059100e+01	-7.973614e+02
3.070000e-06	-7.299606e-06	-1.348114e-08	-5.107530e+01	-8.009326e+02
3.080000e-06	-7.366196e-06	-1.353769e-08	-5.154123e+01	-8.042764e+02
3.090000e-06	-7.430236e-06	-1.359179e-08	-5.198932e+01	-8.073865e+02
3.100000e-06	-7.491575e-06	-1.363862e-08	-5.241851e+01	-8.102631e+02
3.110000e-06	-7.550221e-06	-1.367903e-08	-5.282885e+01	-8.129191e+02
3.120000e-06	-7.606204e-06	-1.371737e-08	-5.322057e+01	-8.153793e+02
3.130000e-06	-7.659324e-06	-1.375706e-08	-5.359224e+01	-8.176745e+02
3.140000e-06	-7.709379e-06	-1.379683e-08	-5.394248e+01	-8.198311e+02
3.150000e-06	-7.756325e-06	-1.383388e-08	-5.427096e+01	-8.218630e+02
3.160000e-06	-7.800587e-06	-1.386731e-08	-5.458066e+01	-8.237669e+02
3.170000e-06	-7.842409e-06	-1.389734e-08	-5.487329e+01	-8.255257e+02
3.180000e-06	-7.881530e-06	-1.392211e-08	-5.514702e+01	-8.271172e+02
3.190000e-06	-7.917853e-06	-1.394022e-08	-5.540117e+01	-8.285254e+02
3.200000e-06	-7.951432e-06	-1.395757e-08	-5.563613e+01	-8.297497e+02
3.210000e-06	-7.982160e-06	-1.397796e-08	-5.585113e+01	-8.308076e+02
3.220000e-06	-8.009996e-06	-1.399897e-08	-5.604590e+01	-8.317304e+02
3.230000e-06	-8.035072e-06	-1.401608e-08	-5.622135e+01	-8.325527e+02
3.240000e-06	-8.057282e-06	-1.402945e-08	-5.637676e+01	-8.333003e+02
3.250000e-06	-8.076566e-06	-1.404173e-08	-5.651169e+01	-8.339814e+02
3.260000e-06	-8.093105e-06	-1.405192e-08	-5.662741e+01	-8.345852e+02
3.270000e-06	-8.106612e-06	-1.405792e-08	-5.672192e+01	-8.350878e+02
3.280000e-06	-8.116959e-06	-1.406205e-08	-5.679431e+01	-8.354644e+02
3.290000e-06	-8.124334e-06	-1.406708e-08	-5.684592e+01	-8.357013e+02
3.300000e-06	-8.128793e-06	-1.407328e-08	-5.687712e+01	-8.358042e+02
3.310000e-06	-8.130510e-06	-1.407911e-08	-5.688913e+01	-8.357977e+02
