# Temperatura_=_41.98
# Concentracion g/m^3_=_11780.0
# C_Vs_to_Am_M_A/Vsm_=_59384043850.047264
# pendiente_HvsI_1/m_=_3716.3
# ordenada_HvsI_A/m_=_1297.0
# frecuencia_Hz_=_301554.491760656

Tiempo_(s)	Campo_(V.s)	Magnetizacion_(V.s)	Campo_(kA/m)	Magnetizacion_(A/m)
0.000000e+00	-8.157987e-06	-1.375364e-08	-5.689036e+01	-8.162794e+02
1.000000e-08	-8.155247e-06	-1.374655e-08	-5.687125e+01	-8.161640e+02
2.000000e-08	-8.149769e-06	-1.374213e-08	-5.683305e+01	-8.159927e+02
3.000000e-08	-8.141727e-06	-1.374004e-08	-5.677697e+01	-8.157634e+02
4.000000e-08	-8.130862e-06	-1.373479e-08	-5.670121e+01	-8.154612e+02
5.000000e-08	-8.116992e-06	-1.372882e-08	-5.660448e+01	-8.150639e+02
6.000000e-08	-8.100213e-06	-1.372204e-08	-5.648747e+01	-8.145504e+02
7.000000e-08	-8.080916e-06	-1.371628e-08	-5.635290e+01	-8.139105e+02
8.000000e-08	-8.059206e-06	-1.371096e-08	-5.620150e+01	-8.131491e+02
9.000000e-08	-8.034488e-06	-1.365003e-08	-5.602913e+01	-8.122857e+02
1.000000e-07	-8.006434e-06	-1.361104e-08	-5.583350e+01	-8.113471e+02
1.100000e-07	-7.975307e-06	-1.363562e-08	-5.561642e+01	-8.103567e+02
1.200000e-07	-7.941313e-06	-1.364967e-08	-5.537937e+01	-8.093253e+02
1.300000e-07	-7.904690e-06	-1.362625e-08	-5.512397e+01	-8.082460e+02
1.400000e-07	-7.865783e-06	-1.358972e-08	-5.485265e+01	-8.070963e+02
1.500000e-07	-7.824548e-06	-1.362079e-08	-5.456509e+01	-8.058467e+02
1.600000e-07	-7.780601e-06	-1.356861e-08	-5.425863e+01	-8.044724e+02
1.700000e-07	-7.733824e-06	-1.352961e-08	-5.393242e+01	-8.029637e+02
1.800000e-07	-7.684244e-06	-1.350494e-08	-5.358667e+01	-8.013301e+02
1.900000e-07	-7.631544e-06	-1.341935e-08	-5.321917e+01	-7.995976e+02
2.000000e-07	-7.575885e-06	-1.345822e-08	-5.283103e+01	-7.977989e+02
2.100000e-07	-7.517597e-06	-1.343453e-08	-5.242455e+01	-7.959613e+02
2.200000e-07	-7.456637e-06	-1.338407e-08	-5.199944e+01	-7.940959e+02
2.300000e-07	-7.393002e-06	-1.335799e-08	-5.155568e+01	-7.921937e+02
2.400000e-07	-7.326588e-06	-1.332039e-08	-5.109254e+01	-7.902292e+02
2.500000e-07	-7.257435e-06	-1.331458e-08	-5.061029e+01	-7.881698e+02
2.600000e-07	-7.185588e-06	-1.322953e-08	-5.010926e+01	-7.859881e+02
2.700000e-07	-7.110927e-06	-1.317859e-08	-4.958860e+01	-7.836717e+02
2.800000e-07	-7.033461e-06	-1.316356e-08	-4.904839e+01	-7.812260e+02
2.900000e-07	-6.953315e-06	-1.314956e-08	-4.848948e+01	-7.786708e+02
3.000000e-07	-6.870644e-06	-1.309534e-08	-4.791298e+01	-7.760301e+02
3.100000e-07	-6.785662e-06	-1.301043e-08	-4.732034e+01	-7.733213e+02
3.200000e-07	-6.698382e-06	-1.299727e-08	-4.671169e+01	-7.705476e+02
3.300000e-07	-6.608706e-06	-1.294858e-08	-4.608633e+01	-7.676959e+02
3.400000e-07	-6.516685e-06	-1.288848e-08	-4.544461e+01	-7.647428e+02
3.500000e-07	-6.422393e-06	-1.282431e-08	-4.478706e+01	-7.616642e+02
3.600000e-07	-6.325736e-06	-1.277408e-08	-4.411301e+01	-7.584448e+02
3.700000e-07	-6.226668e-06	-1.273845e-08	-4.342216e+01	-7.550844e+02
3.800000e-07	-6.125354e-06	-1.267191e-08	-4.271563e+01	-7.515969e+02
3.900000e-07	-6.021891e-06	-1.260403e-08	-4.199412e+01	-7.480029e+02
4.000000e-07	-5.916224e-06	-1.253593e-08	-4.125725e+01	-7.443202e+02
4.100000e-07	-5.808395e-06	-1.249995e-08	-4.050529e+01	-7.405541e+02
4.200000e-07	-5.698534e-06	-1.243344e-08	-3.973917e+01	-7.366941e+02
4.300000e-07	-5.586629e-06	-1.234953e-08	-3.895880e+01	-7.327163e+02
4.400000e-07	-5.472567e-06	-1.227137e-08	-3.816337e+01	-7.285932e+02
4.500000e-07	-5.356307e-06	-1.220757e-08	-3.735263e+01	-7.243038e+02
4.600000e-07	-5.237938e-06	-1.213780e-08	-3.652717e+01	-7.198420e+02
4.700000e-07	-5.117636e-06	-1.204882e-08	-3.568824e+01	-7.152193e+02
4.800000e-07	-4.995554e-06	-1.197356e-08	-3.483689e+01	-7.104591e+02
4.900000e-07	-4.871681e-06	-1.190603e-08	-3.397305e+01	-7.055867e+02
5.000000e-07	-4.746053e-06	-1.183226e-08	-3.309697e+01	-7.006175e+02
5.100000e-07	-4.618760e-06	-1.172626e-08	-3.220929e+01	-6.955494e+02
5.200000e-07	-4.489838e-06	-1.162622e-08	-3.131023e+01	-6.903613e+02
5.300000e-07	-4.359282e-06	-1.154015e-08	-3.039979e+01	-6.850198e+02
5.400000e-07	-4.227062e-06	-1.145615e-08	-2.947775e+01	-6.794903e+02
5.500000e-07	-4.093303e-06	-1.135425e-08	-2.854497e+01	-6.737481e+02
5.600000e-07	-3.958132e-06	-1.125006e-08	-2.760235e+01	-6.677859e+02
5.700000e-07	-3.821439e-06	-1.115821e-08	-2.664910e+01	-6.616133e+02
5.800000e-07	-3.683256e-06	-1.105916e-08	-2.568547e+01	-6.552495e+02
5.900000e-07	-3.543712e-06	-1.094027e-08	-2.471235e+01	-6.487125e+02
6.000000e-07	-3.402763e-06	-1.081215e-08	-2.372944e+01	-6.420081e+02
6.100000e-07	-3.260395e-06	-1.070024e-08	-2.273662e+01	-6.351253e+02
6.200000e-07	-3.116715e-06	-1.059016e-08	-2.173466e+01	-6.280378e+02
6.300000e-07	-2.971886e-06	-1.046563e-08	-2.072468e+01	-6.207133e+02
6.400000e-07	-2.826025e-06	-1.033003e-08	-1.970750e+01	-6.131252e+02
6.500000e-07	-2.679159e-06	-1.020222e-08	-1.868333e+01	-6.052621e+02
6.600000e-07	-2.531367e-06	-1.007605e-08	-1.765268e+01	-5.971310e+02
6.700000e-07	-2.382753e-06	-9.935226e-09	-1.661631e+01	-5.887534e+02
6.800000e-07	-2.233375e-06	-9.781532e-09	-1.557462e+01	-5.801537e+02
6.900000e-07	-2.083221e-06	-9.629304e-09	-1.452751e+01	-5.713463e+02
7.000000e-07	-1.932331e-06	-9.483459e-09	-1.347526e+01	-5.623256e+02
7.100000e-07	-1.780769e-06	-9.328480e-09	-1.241833e+01	-5.530628e+02
7.200000e-07	-1.628494e-06	-9.162151e-09	-1.135643e+01	-5.435115e+02
7.300000e-07	-1.475626e-06	-8.996597e-09	-1.029040e+01	-5.336197e+02
7.400000e-07	-1.322297e-06	-8.832875e-09	-9.221138e+00	-5.233430e+02
7.500000e-07	-1.168459e-06	-8.656740e-09	-8.148342e+00	-5.126545e+02
7.600000e-07	-1.014171e-06	-8.464094e-09	-7.072399e+00	-5.015470e+02
7.700000e-07	-8.594885e-07	-8.266539e-09	-5.993710e+00	-4.900263e+02
7.800000e-07	-7.044734e-07	-8.068166e-09	-4.912700e+00	-4.780976e+02
7.900000e-07	-5.492656e-07	-7.861056e-09	-3.830347e+00	-4.657511e+02
8.000000e-07	-3.939317e-07	-7.640425e-09	-2.747113e+00	-4.529502e+02
8.100000e-07	-2.384463e-07	-7.412912e-09	-1.662824e+00	-4.396295e+02
8.200000e-07	-8.278456e-08	-7.182811e-09	-5.773046e-01	-4.257004e+02
8.300000e-07	7.294296e-08	-6.941916e-09	5.086734e-01	-4.110652e+02
8.400000e-07	2.285756e-07	-6.680633e-09	1.593990e+00	-3.956337e+02
8.500000e-07	3.840720e-07	-6.401964e-09	2.678356e+00	-3.793365e+02
8.600000e-07	5.394534e-07	-6.112169e-09	3.761921e+00	-3.621317e+02
8.700000e-07	6.946574e-07	-5.808823e-09	4.844248e+00	-3.440024e+02
8.800000e-07	8.495831e-07	-5.485776e-09	5.924634e+00	-3.249453e+02
8.900000e-07	1.004212e-06	-5.142519e-09	7.002950e+00	-3.049551e+02
9.000000e-07	1.158515e-06	-4.788486e-09	8.078992e+00	-2.840083e+02
9.100000e-07	1.312350e-06	-4.421496e-09	9.151777e+00	-2.620503e+02
9.200000e-07	1.465716e-06	-4.034173e-09	1.022128e+01	-2.389901e+02
9.300000e-07	1.618599e-06	-3.622993e-09	1.128743e+01	-2.147024e+02
9.400000e-07	1.770842e-06	-3.189400e-09	1.234910e+01	-1.890377e+02
9.500000e-07	1.922336e-06	-2.730720e-09	1.340556e+01	-1.618389e+02
9.600000e-07	2.073101e-06	-2.239718e-09	1.445693e+01	-1.329620e+02
9.700000e-07	2.223209e-06	-1.717237e-09	1.550372e+01	-1.023002e+02
9.800000e-07	2.372546e-06	-1.165794e-09	1.654514e+01	-6.980742e+01
9.900000e-07	2.521001e-06	-5.884517e-10	1.758040e+01	-3.551920e+01
1.000000e-06	2.668545e-06	1.666790e-11	1.860931e+01	4.320061e-01
1.010000e-06	2.815149e-06	6.483319e-10	1.963166e+01	3.781127e+01
1.020000e-06	2.960760e-06	1.300284e-09	2.064709e+01	7.628748e+01
1.030000e-06	3.105287e-06	1.962088e-09	2.165496e+01	1.154525e+02
1.040000e-06	3.248666e-06	2.626898e-09	2.265483e+01	1.548516e+02
1.050000e-06	3.390859e-06	3.291297e-09	2.364642e+01	1.940200e+02
1.060000e-06	3.531777e-06	3.944128e-09	2.462912e+01	2.325210e+02
1.070000e-06	3.671365e-06	4.576465e-09	2.560255e+01	2.699765e+02
1.080000e-06	3.809562e-06	5.183491e-09	2.656628e+01	3.060871e+02
1.090000e-06	3.946273e-06	5.764132e-09	2.751964e+01	3.406378e+02
1.100000e-06	4.081519e-06	6.317701e-09	2.846279e+01	3.734921e+02
1.110000e-06	4.215319e-06	6.841344e-09	2.939586e+01	4.045766e+02
1.120000e-06	4.347573e-06	7.334281e-09	3.031814e+01	4.338642e+02
1.130000e-06	4.478218e-06	7.798228e-09	3.122920e+01	4.613595e+02
1.140000e-06	4.607253e-06	8.233578e-09	3.212904e+01	4.870897e+02
1.150000e-06	4.734654e-06	8.638377e-09	3.301748e+01	5.111016e+02
1.160000e-06	4.860444e-06	9.013251e-09	3.389469e+01	5.334622e+02
1.170000e-06	4.984590e-06	9.360157e-09	3.476042e+01	5.542585e+02
1.180000e-06	5.107008e-06	9.684099e-09	3.561412e+01	5.735948e+02
1.190000e-06	5.227595e-06	9.984567e-09	3.645504e+01	5.915849e+02
1.200000e-06	5.346223e-06	1.026332e-08	3.728230e+01	6.083413e+02
1.210000e-06	5.462847e-06	1.052458e-08	3.809559e+01	6.239643e+02
1.220000e-06	5.577361e-06	1.077175e-08	3.889416e+01	6.385349e+02
1.230000e-06	5.689693e-06	1.100461e-08	3.967752e+01	6.521133e+02
1.240000e-06	5.799984e-06	1.121885e-08	4.044665e+01	6.647447e+02
1.250000e-06	5.908278e-06	1.141579e-08	4.120184e+01	6.764685e+02
1.260000e-06	6.014470e-06	1.159799e-08	4.194238e+01	6.873282e+02
1.270000e-06	6.118476e-06	1.176500e-08	4.266767e+01	6.973785e+02
1.280000e-06	6.220301e-06	1.191728e-08	4.337776e+01	7.066857e+02
1.290000e-06	6.319894e-06	1.205915e-08	4.407228e+01	7.153221e+02
1.300000e-06	6.417071e-06	1.219329e-08	4.474995e+01	7.233575e+02
1.310000e-06	6.511878e-06	1.232157e-08	4.541109e+01	7.308506e+02
1.320000e-06	6.604506e-06	1.244224e-08	4.605704e+01	7.378436e+02
1.330000e-06	6.694889e-06	1.255141e-08	4.668733e+01	7.443633e+02
1.340000e-06	6.782883e-06	1.264865e-08	4.730097e+01	7.504270e+02
1.350000e-06	6.868527e-06	1.273921e-08	4.789821e+01	7.560515e+02
1.360000e-06	6.951784e-06	1.282651e-08	4.847881e+01	7.612605e+02
1.370000e-06	7.032499e-06	1.290874e-08	4.904168e+01	7.660881e+02
1.380000e-06	7.110658e-06	1.298627e-08	4.958673e+01	7.705773e+02
1.390000e-06	7.186186e-06	1.305980e-08	5.011343e+01	7.747727e+02
1.400000e-06	7.258995e-06	1.312792e-08	5.062117e+01	7.787128e+02
1.410000e-06	7.329233e-06	1.318977e-08	5.111098e+01	7.824230e+02
1.420000e-06	7.396914e-06	1.324469e-08	5.158296e+01	7.859140e+02
1.430000e-06	7.461877e-06	1.329604e-08	5.203598e+01	7.891844e+02
1.440000e-06	7.524209e-06	1.334716e-08	5.247066e+01	7.922281e+02
1.450000e-06	7.584059e-06	1.339586e-08	5.288803e+01	7.950418e+02
1.460000e-06	7.641272e-06	1.344126e-08	5.328701e+01	7.976304e+02
1.470000e-06	7.695679e-06	1.348261e-08	5.366642e+01	8.000084e+02
1.480000e-06	7.746965e-06	1.351844e-08	5.402407e+01	8.021963e+02
1.490000e-06	7.795035e-06	1.355061e-08	5.435929e+01	8.042148e+02
1.500000e-06	7.840268e-06	1.358051e-08	5.467472e+01	8.060789e+02
1.510000e-06	7.882765e-06	1.360904e-08	5.497108e+01	8.077950e+02
1.520000e-06	7.922384e-06	1.363637e-08	5.524736e+01	8.093616e+02
1.530000e-06	7.959299e-06	1.366044e-08	5.550479e+01	8.107746e+02
1.540000e-06	7.993462e-06	1.368127e-08	5.574303e+01	8.120322e+02
1.550000e-06	8.024727e-06	1.369988e-08	5.596106e+01	8.131397e+02
1.560000e-06	8.053265e-06	1.371524e-08	5.616007e+01	8.141101e+02
1.570000e-06	8.078948e-06	1.372744e-08	5.633917e+01	8.149605e+02
1.580000e-06	8.101700e-06	1.373651e-08	5.649784e+01	8.157073e+02
1.590000e-06	8.121775e-06	1.374445e-08	5.663783e+01	8.163601e+02
1.600000e-06	8.139035e-06	1.375558e-08	5.675820e+01	8.169192e+02
1.610000e-06	8.153248e-06	1.376635e-08	5.685731e+01	8.173775e+02
1.620000e-06	8.164341e-06	1.377068e-08	5.693467e+01	8.177254e+02
1.630000e-06	8.172302e-06	1.377132e-08	5.699019e+01	8.179572e+02
1.640000e-06	8.177407e-06	1.377257e-08	5.702579e+01	8.180761e+02
1.650000e-06	8.179660e-06	1.377457e-08	5.704150e+01	8.180951e+02
1.660000e-06	8.179049e-06	1.377207e-08	5.703724e+01	8.180329e+02
1.670000e-06	8.175787e-06	1.377259e-08	5.701449e+01	8.179069e+02
1.680000e-06	8.169803e-06	1.376917e-08	5.697276e+01	8.177257e+02
1.690000e-06	8.161030e-06	1.376376e-08	5.691158e+01	8.174847e+02
1.700000e-06	8.149504e-06	1.375612e-08	5.683120e+01	8.171671e+02
1.710000e-06	8.135158e-06	1.374373e-08	5.673116e+01	8.167502e+02
1.720000e-06	8.118190e-06	1.373138e-08	5.661283e+01	8.162144e+02
1.730000e-06	8.098883e-06	1.370927e-08	5.647819e+01	8.155518e+02
1.740000e-06	8.076897e-06	1.374429e-08	5.632487e+01	8.147703e+02
1.750000e-06	8.051483e-06	1.376925e-08	5.614764e+01	8.138913e+02
1.760000e-06	8.022299e-06	1.371216e-08	5.594413e+01	8.129418e+02
1.770000e-06	7.989808e-06	1.365843e-08	5.571755e+01	8.119436e+02
1.780000e-06	7.954708e-06	1.364486e-08	5.547278e+01	8.109046e+02
1.790000e-06	7.917214e-06	1.361680e-08	5.521131e+01	8.098146e+02
1.800000e-06	7.877585e-06	1.356297e-08	5.493496e+01	8.086491e+02
1.810000e-06	7.835887e-06	1.362699e-08	5.464417e+01	8.073786e+02
1.820000e-06	7.791509e-06	1.354005e-08	5.433470e+01	8.059804e+02
1.830000e-06	7.744342e-06	1.353054e-08	5.400578e+01	8.044480e+02
1.840000e-06	7.694330e-06	1.356746e-08	5.365701e+01	8.027943e+02
1.850000e-06	7.641107e-06	1.344764e-08	5.328586e+01	8.010474e+02
1.860000e-06	7.584977e-06	1.347625e-08	5.289443e+01	7.992400e+02
1.870000e-06	7.526106e-06	1.337419e-08	5.248389e+01	7.973970e+02
1.880000e-06	7.464606e-06	1.337678e-08	5.205501e+01	7.955261e+02
1.890000e-06	7.400461e-06	1.336850e-08	5.160769e+01	7.936149e+02
1.900000e-06	7.333537e-06	1.329033e-08	5.114099e+01	7.916357e+02
1.910000e-06	7.263883e-06	1.332772e-08	5.065526e+01	7.895560e+02
1.920000e-06	7.191344e-06	1.324592e-08	5.014940e+01	7.873505e+02
1.930000e-06	7.116074e-06	1.322319e-08	4.962450e+01	7.850099e+02
1.940000e-06	7.038107e-06	1.314506e-08	4.908079e+01	7.825429e+02
1.950000e-06	6.957493e-06	1.309942e-08	4.851862e+01	7.799705e+02
1.960000e-06	6.874409e-06	1.308757e-08	4.793923e+01	7.773166e+02
1.970000e-06	6.788791e-06	1.301269e-08	4.734216e+01	7.745963e+02
1.980000e-06	6.700745e-06	1.301536e-08	4.672817e+01	7.718099e+02
1.990000e-06	6.610350e-06	1.293512e-08	4.609779e+01	7.689418e+02
2.000000e-06	6.517678e-06	1.290254e-08	4.545154e+01	7.659678e+02
2.010000e-06	6.422631e-06	1.283431e-08	4.478872e+01	7.628647e+02
2.020000e-06	6.325291e-06	1.277019e-08	4.410991e+01	7.596195e+02
2.030000e-06	6.225756e-06	1.272281e-08	4.341580e+01	7.562350e+02
2.040000e-06	6.123916e-06	1.265440e-08	4.270561e+01	7.527267e+02
2.050000e-06	6.019886e-06	1.261456e-08	4.198014e+01	7.491157e+02
2.060000e-06	5.913720e-06	1.252972e-08	4.123979e+01	7.454180e+02
2.070000e-06	5.805489e-06	1.248126e-08	4.048503e+01	7.416363e+02
2.080000e-06	5.695111e-06	1.240671e-08	3.971530e+01	7.377570e+02
2.090000e-06	5.582599e-06	1.235199e-08	3.893069e+01	7.337552e+02
2.100000e-06	5.467941e-06	1.227265e-08	3.813112e+01	7.296034e+02
2.110000e-06	5.351116e-06	1.220179e-08	3.731643e+01	7.252829e+02
2.120000e-06	5.232237e-06	1.212540e-08	3.648741e+01	7.207910e+02
2.130000e-06	5.111412e-06	1.204458e-08	3.564483e+01	7.161417e+02
2.140000e-06	4.988808e-06	1.195913e-08	3.478984e+01	7.113596e+02
2.150000e-06	4.864402e-06	1.187458e-08	3.392229e+01	7.064691e+02
2.160000e-06	4.738231e-06	1.180631e-08	3.304243e+01	7.014828e+02
2.170000e-06	4.610335e-06	1.171963e-08	3.215053e+01	6.963952e+02
2.180000e-06	4.480800e-06	1.163385e-08	3.124721e+01	6.911822e+02
2.190000e-06	4.349731e-06	1.153424e-08	3.033319e+01	6.858094e+02
2.200000e-06	4.217090e-06	1.144646e-08	2.940821e+01	6.802431e+02
2.210000e-06	4.082913e-06	1.134227e-08	2.847251e+01	6.744615e+02
2.220000e-06	3.947280e-06	1.124182e-08	2.752666e+01	6.684605e+02
2.230000e-06	3.810173e-06	1.113429e-08	2.657054e+01	6.622520e+02
2.240000e-06	3.671640e-06	1.103583e-08	2.560447e+01	6.558561e+02
2.250000e-06	3.531759e-06	1.092939e-08	2.462900e+01	6.492891e+02
2.260000e-06	3.390552e-06	1.081577e-08	2.364428e+01	6.425540e+02
2.270000e-06	3.248063e-06	1.069526e-08	2.265062e+01	6.356367e+02
2.280000e-06	3.104325e-06	1.057161e-08	2.164825e+01	6.285091e+02
2.290000e-06	2.959439e-06	1.044728e-08	2.063788e+01	6.211391e+02
2.300000e-06	2.813506e-06	1.031472e-08	1.962020e+01	6.135021e+02
2.310000e-06	2.666669e-06	1.018201e-08	1.859623e+01	6.055899e+02
2.320000e-06	2.518892e-06	1.004672e-08	1.756569e+01	5.974128e+02
2.330000e-06	2.370171e-06	9.911251e-09	1.652857e+01	5.889938e+02
2.340000e-06	2.220615e-06	9.763830e-09	1.548563e+01	5.803563e+02
2.350000e-06	2.070305e-06	9.613749e-09	1.443743e+01	5.715117e+02
2.360000e-06	1.919320e-06	9.458585e-09	1.338453e+01	5.624503e+02
2.370000e-06	1.767657e-06	9.301927e-09	1.232690e+01	5.531396e+02
2.380000e-06	1.615299e-06	9.136071e-09	1.126441e+01	5.435312e+02
2.390000e-06	1.462293e-06	8.967082e-09	1.019741e+01	5.335733e+02
2.400000e-06	1.308727e-06	8.792731e-09	9.126513e+00	5.232243e+02
2.410000e-06	1.154714e-06	8.615046e-09	8.052491e+00	5.124609e+02
2.420000e-06	1.000398e-06	8.427046e-09	6.976354e+00	5.012789e+02
2.430000e-06	8.458350e-07	8.230326e-09	5.898497e+00	4.896850e+02
2.440000e-06	6.909889e-07	8.028985e-09	4.818665e+00	4.776830e+02
2.450000e-06	5.358803e-07	7.822122e-09	3.737003e+00	4.652587e+02
2.460000e-06	3.805884e-07	7.605326e-09	2.654063e+00	4.523705e+02
2.470000e-06	2.251434e-07	7.375322e-09	1.570055e+00	4.389479e+02
2.480000e-06	6.959767e-08	7.137499e-09	4.853448e-01	4.248998e+02
2.490000e-06	-8.596380e-08	6.889331e-09	-5.994753e-01	4.101284e+02
2.500000e-06	-2.414780e-07	6.629817e-09	-1.683966e+00	3.945465e+02
2.510000e-06	-3.968739e-07	6.353615e-09	-2.767631e+00	3.780894e+02
2.520000e-06	-5.520468e-07	6.063366e-09	-3.849742e+00	3.607200e+02
2.530000e-06	-7.069731e-07	5.757705e-09	-4.930132e+00	3.424249e+02
2.540000e-06	-8.616265e-07	5.434319e-09	-6.008620e+00	3.232018e+02
2.550000e-06	-1.016003e-06	5.092478e-09	-7.085173e+00	3.030431e+02
2.560000e-06	-1.170112e-06	4.735554e-09	-8.159865e+00	2.819206e+02
2.570000e-06	-1.323840e-06	4.363720e-09	-9.231903e+00	2.597734e+02
2.580000e-06	-1.477106e-06	3.974722e-09	-1.030071e+01	2.365040e+02
2.590000e-06	-1.629835e-06	3.565001e-09	-1.136578e+01	2.119817e+02
2.600000e-06	-1.781887e-06	3.133167e-09	-1.242613e+01	1.860543e+02
2.610000e-06	-1.933216e-06	2.673792e-09	-1.348143e+01	1.585654e+02
2.620000e-06	-2.083818e-06	2.183217e-09	-1.453167e+01	1.293761e+02
2.630000e-06	-2.233699e-06	1.660973e-09	-1.557687e+01	9.838849e+01
2.640000e-06	-2.382829e-06	1.109033e-09	-1.661684e+01	6.556970e+01
2.650000e-06	-2.531081e-06	5.293927e-10	-1.765069e+01	3.097173e+01
2.660000e-06	-2.678367e-06	-7.720018e-11	-1.867780e+01	-5.254791e+00
2.670000e-06	-2.824751e-06	-7.066831e-10	-1.969863e+01	-4.285691e+01
2.680000e-06	-2.970182e-06	-1.353570e-09	-2.071280e+01	-8.148799e+01
2.690000e-06	-3.114501e-06	-2.009878e-09	-2.171922e+01	-1.207291e+02
2.700000e-06	-3.257678e-06	-2.671326e-09	-2.271767e+01	-1.601209e+02
2.710000e-06	-3.399611e-06	-3.329334e-09	-2.370745e+01	-1.992010e+02
2.720000e-06	-3.540234e-06	-3.974943e-09	-2.468810e+01	-2.375411e+02
2.730000e-06	-3.679443e-06	-4.601208e-09	-2.565888e+01	-2.747760e+02
2.740000e-06	-3.817241e-06	-5.202915e-09	-2.661983e+01	-3.106215e+02
2.750000e-06	-3.953666e-06	-5.778012e-09	-2.757120e+01	-3.448775e+02
2.760000e-06	-4.088599e-06	-6.325520e-09	-2.851217e+01	-3.774197e+02
2.770000e-06	-4.222072e-06	-6.843000e-09	-2.944295e+01	-4.081843e+02
2.780000e-06	-4.354060e-06	-7.330591e-09	-3.036338e+01	-4.371510e+02
2.790000e-06	-4.484534e-06	-7.788777e-09	-3.127325e+01	-4.643287e+02
2.800000e-06	-4.613473e-06	-8.217803e-09	-3.217242e+01	-4.897482e+02
2.810000e-06	-4.740786e-06	-8.616890e-09	-3.306024e+01	-5.134598e+02
2.820000e-06	-4.866425e-06	-8.988078e-09	-3.393639e+01	-5.355342e+02
2.830000e-06	-4.990317e-06	-9.336350e-09	-3.480036e+01	-5.560619e+02
2.840000e-06	-5.112416e-06	-9.661293e-09	-3.565183e+01	-5.751495e+02
2.850000e-06	-5.232664e-06	-9.963102e-09	-3.649039e+01	-5.929114e+02
2.860000e-06	-5.350846e-06	-1.024218e-08	-3.731454e+01	-6.094587e+02
2.870000e-06	-5.466886e-06	-1.050187e-08	-3.812376e+01	-6.248887e+02
2.880000e-06	-5.580740e-06	-1.074420e-08	-3.891772e+01	-6.392783e+02
2.890000e-06	-5.692346e-06	-1.096875e-08	-3.969602e+01	-6.526848e+02
2.900000e-06	-5.801854e-06	-1.117638e-08	-4.045968e+01	-6.651514e+02
2.910000e-06	-5.909438e-06	-1.136986e-08	-4.120993e+01	-6.767175e+02
2.920000e-06	-6.015051e-06	-1.155233e-08	-4.194643e+01	-6.874284e+02
2.930000e-06	-6.118424e-06	-1.172398e-08	-4.266731e+01	-6.973411e+02
2.940000e-06	-6.219492e-06	-1.188056e-08	-4.337211e+01	-7.065232e+02
2.950000e-06	-6.318426e-06	-1.202381e-08	-4.406204e+01	-7.150475e+02
2.960000e-06	-6.415240e-06	-1.215893e-08	-4.473718e+01	-7.229824e+02
2.970000e-06	-6.509782e-06	-1.228494e-08	-4.539648e+01	-7.303838e+02
2.980000e-06	-6.601953e-06	-1.240124e-08	-4.603924e+01	-7.372908e+02
2.990000e-06	-6.691841e-06	-1.250945e-08	-4.666608e+01	-7.437280e+02
3.000000e-06	-6.779439e-06	-1.261250e-08	-4.727695e+01	-7.497121e+02
3.010000e-06	-6.864497e-06	-1.270887e-08	-4.787011e+01	-7.552605e+02
3.020000e-06	-6.947096e-06	-1.279590e-08	-4.844612e+01	-7.603987e+02
3.030000e-06	-7.027325e-06	-1.287421e-08	-4.900560e+01	-7.651628e+02
3.040000e-06	-7.104888e-06	-1.294759e-08	-4.954649e+01	-7.695964e+02
3.050000e-06	-7.179700e-06	-1.301731e-08	-5.006820e+01	-7.737439e+02
3.060000e-06	-7.251876e-06	-1.308192e-08	-5.057152e+01	-7.776416e+02
3.070000e-06	-7.321420e-06	-1.314342e-08	-5.105650e+01	-7.813124e+02
3.080000e-06	-7.388337e-06	-1.320384e-08	-5.152314e+01	-7.847645e+02
3.090000e-06	-7.452722e-06	-1.326049e-08	-5.197214e+01	-7.879950e+02
3.100000e-06	-7.514503e-06	-1.330958e-08	-5.240297e+01	-7.909979e+02
3.110000e-06	-7.573550e-06	-1.335552e-08	-5.281474e+01	-7.937708e+02
3.120000e-06	-7.629860e-06	-1.340107e-08	-5.320743e+01	-7.963207e+02
3.130000e-06	-7.683284e-06	-1.344201e-08	-5.357998e+01	-7.986633e+02
3.140000e-06	-7.733660e-06	-1.347687e-08	-5.393128e+01	-8.008197e+02
3.150000e-06	-7.780956e-06	-1.351004e-08	-5.426110e+01	-8.028099e+02
3.160000e-06	-7.825477e-06	-1.354214e-08	-5.457158e+01	-8.046475e+02
3.170000e-06	-7.867532e-06	-1.356998e-08	-5.486485e+01	-8.063372e+02
3.180000e-06	-7.906962e-06	-1.359425e-08	-5.513982e+01	-8.078769e+02
3.190000e-06	-7.943573e-06	-1.361598e-08	-5.539513e+01	-8.092622e+02
3.200000e-06	-7.977362e-06	-1.363910e-08	-5.563076e+01	-8.104926e+02
3.210000e-06	-8.008304e-06	-1.366226e-08	-5.584653e+01	-8.115746e+02
3.220000e-06	-8.036351e-06	-1.368116e-08	-5.604212e+01	-8.125224e+02
3.230000e-06	-8.061605e-06	-1.369544e-08	-5.621824e+01	-8.133534e+02
3.240000e-06	-8.084004e-06	-1.370708e-08	-5.637443e+01	-8.140831e+02
3.250000e-06	-8.103547e-06	-1.371738e-08	-5.651072e+01	-8.147195e+02
3.260000e-06	-8.120294e-06	-1.372509e-08	-5.662750e+01	-8.152614e+02
3.270000e-06	-8.133872e-06	-1.373182e-08	-5.672219e+01	-8.157008e+02
3.280000e-06	-8.144305e-06	-1.373982e-08	-5.679495e+01	-8.160283e+02
3.290000e-06	-8.151934e-06	-1.374687e-08	-5.684815e+01	-8.162396e+02
3.300000e-06	-8.156623e-06	-1.375026e-08	-5.688085e+01	-8.163396e+02
3.310000e-06	-8.158407e-06	-1.375214e-08	-5.689329e+01	-8.163428e+02
