# Temperatura_=_28.57
# Concentracion g/m^3_=_11780.0
# C_Vs_to_Am_M_A/Vsm_=_59384043850.047264
# pendiente_HvsI_1/m_=_3716.3
# ordenada_HvsI_A/m_=_1297.0
# frecuencia_Hz_=_301552.50572253077

Tiempo_(s)	Campo_(V.s)	Magnetizacion_(V.s)	Campo_(kA/m)	Magnetizacion_(A/m)
0.000000e+00	-8.148837e-06	-1.369517e-08	-5.688572e+01	-8.137143e+02
1.000000e-08	-8.145766e-06	-1.369324e-08	-5.686428e+01	-8.135577e+02
2.000000e-08	-8.139991e-06	-1.368980e-08	-5.682397e+01	-8.133398e+02
3.000000e-08	-8.131603e-06	-1.368540e-08	-5.676542e+01	-8.130825e+02
4.000000e-08	-8.120373e-06	-1.368070e-08	-5.668702e+01	-8.127884e+02
5.000000e-08	-8.106236e-06	-1.367371e-08	-5.658833e+01	-8.124385e+02
6.000000e-08	-8.089235e-06	-1.366710e-08	-5.646965e+01	-8.119981e+02
7.000000e-08	-8.069660e-06	-1.366290e-08	-5.633300e+01	-8.114299e+02
8.000000e-08	-8.047583e-06	-1.363583e-08	-5.617888e+01	-8.107087e+02
9.000000e-08	-8.022412e-06	-1.359853e-08	-5.600317e+01	-8.098327e+02
1.000000e-07	-7.993944e-06	-1.359588e-08	-5.580444e+01	-8.088256e+02
1.100000e-07	-7.962464e-06	-1.360466e-08	-5.558468e+01	-8.077297e+02
1.200000e-07	-7.928124e-06	-1.359242e-08	-5.534496e+01	-8.065912e+02
1.300000e-07	-7.891163e-06	-1.356307e-08	-5.508694e+01	-8.054438e+02
1.400000e-07	-7.851966e-06	-1.355755e-08	-5.481332e+01	-8.042961e+02
1.500000e-07	-7.810438e-06	-1.353784e-08	-5.452341e+01	-8.031292e+02
1.600000e-07	-7.766171e-06	-1.350441e-08	-5.421439e+01	-8.019031e+02
1.700000e-07	-7.719091e-06	-1.349174e-08	-5.388573e+01	-8.005720e+02
1.800000e-07	-7.669136e-06	-1.342638e-08	-5.353701e+01	-7.991009e+02
1.900000e-07	-7.616112e-06	-1.341640e-08	-5.316686e+01	-7.974771e+02
2.000000e-07	-7.560213e-06	-1.341351e-08	-5.277663e+01	-7.957141e+02
2.100000e-07	-7.501634e-06	-1.336129e-08	-5.236770e+01	-7.938435e+02
2.200000e-07	-7.440442e-06	-1.334135e-08	-5.194053e+01	-7.919014e+02
2.300000e-07	-7.376588e-06	-1.329543e-08	-5.149478e+01	-7.899124e+02
2.400000e-07	-7.309860e-06	-1.327425e-08	-5.102896e+01	-7.878798e+02
2.500000e-07	-7.240435e-06	-1.323572e-08	-5.054432e+01	-7.857834e+02
2.600000e-07	-7.168328e-06	-1.318298e-08	-5.004095e+01	-7.835886e+02
2.700000e-07	-7.093408e-06	-1.314872e-08	-4.951794e+01	-7.812598e+02
2.800000e-07	-7.015732e-06	-1.312080e-08	-4.897570e+01	-7.787758e+02
2.900000e-07	-6.935314e-06	-1.308867e-08	-4.841431e+01	-7.761377e+02
3.000000e-07	-6.852384e-06	-1.301510e-08	-4.783539e+01	-7.733690e+02
3.100000e-07	-6.767153e-06	-1.297239e-08	-4.724041e+01	-7.705057e+02
3.200000e-07	-6.679596e-06	-1.293187e-08	-4.662918e+01	-7.675816e+02
3.300000e-07	-6.589694e-06	-1.287953e-08	-4.600159e+01	-7.646146e+02
3.400000e-07	-6.497483e-06	-1.282824e-08	-4.535788e+01	-7.615988e+02
3.500000e-07	-6.402971e-06	-1.277179e-08	-4.469811e+01	-7.585068e+02
3.600000e-07	-6.306120e-06	-1.272601e-08	-4.402201e+01	-7.553000e+02
3.700000e-07	-6.206915e-06	-1.267215e-08	-4.332948e+01	-7.519429e+02
3.800000e-07	-6.105429e-06	-1.261068e-08	-4.262102e+01	-7.484164e+02
3.900000e-07	-6.001690e-06	-1.253676e-08	-4.189683e+01	-7.447234e+02
4.000000e-07	-5.895739e-06	-1.247682e-08	-4.115721e+01	-7.408857e+02
4.100000e-07	-5.787701e-06	-1.242176e-08	-4.040301e+01	-7.369334e+02
4.200000e-07	-5.677690e-06	-1.235562e-08	-3.963504e+01	-7.328909e+02
4.300000e-07	-5.565616e-06	-1.228138e-08	-3.885267e+01	-7.287665e+02
4.400000e-07	-5.451372e-06	-1.220793e-08	-3.805515e+01	-7.245484e+02
4.500000e-07	-5.334981e-06	-1.213913e-08	-3.724265e+01	-7.202099e+02
4.600000e-07	-5.216493e-06	-1.206130e-08	-3.641550e+01	-7.157209e+02
4.700000e-07	-5.096090e-06	-1.197478e-08	-3.557499e+01	-7.110606e+02
4.800000e-07	-4.973883e-06	-1.189027e-08	-3.472188e+01	-7.062263e+02
4.900000e-07	-4.849872e-06	-1.182002e-08	-3.385618e+01	-7.012342e+02
5.000000e-07	-4.724112e-06	-1.174405e-08	-3.297827e+01	-6.961118e+02
5.100000e-07	-4.596674e-06	-1.165349e-08	-3.208864e+01	-6.908852e+02
5.200000e-07	-4.467658e-06	-1.155650e-08	-3.118801e+01	-6.855661e+02
5.300000e-07	-4.337018e-06	-1.146363e-08	-3.027603e+01	-6.801450e+02
5.400000e-07	-4.204724e-06	-1.136786e-08	-2.935250e+01	-6.745920e+02
5.500000e-07	-4.070928e-06	-1.126446e-08	-2.841850e+01	-6.688663e+02
5.600000e-07	-3.935655e-06	-1.116336e-08	-2.747418e+01	-6.629300e+02
5.700000e-07	-3.798906e-06	-1.106958e-08	-2.651955e+01	-6.567604e+02
5.800000e-07	-3.660753e-06	-1.097381e-08	-2.555513e+01	-6.503561e+02
5.900000e-07	-3.521212e-06	-1.086089e-08	-2.458101e+01	-6.437345e+02
6.000000e-07	-3.380215e-06	-1.073980e-08	-2.359674e+01	-6.369217e+02
6.100000e-07	-3.237846e-06	-1.061973e-08	-2.260288e+01	-6.299383e+02
6.200000e-07	-3.094262e-06	-1.049832e-08	-2.160055e+01	-6.227891e+02
6.300000e-07	-2.949520e-06	-1.036982e-08	-2.059013e+01	-6.154581e+02
6.400000e-07	-2.803716e-06	-1.024104e-08	-1.957229e+01	-6.079139e+02
6.500000e-07	-2.656919e-06	-1.011654e-08	-1.854753e+01	-6.001203e+02
6.600000e-07	-2.509156e-06	-9.988729e-09	-1.751602e+01	-5.920501e+02
6.700000e-07	-2.360621e-06	-9.850396e-09	-1.647912e+01	-5.836943e+02
6.800000e-07	-2.211375e-06	-9.699860e-09	-1.543725e+01	-5.750632e+02
6.900000e-07	-2.061263e-06	-9.546874e-09	-1.438935e+01	-5.661794e+02
7.000000e-07	-1.910328e-06	-9.394119e-09	-1.333569e+01	-5.570639e+02
7.100000e-07	-1.758747e-06	-9.238043e-09	-1.227753e+01	-5.477221e+02
7.200000e-07	-1.606574e-06	-9.076736e-09	-1.121524e+01	-5.381355e+02
7.300000e-07	-1.453797e-06	-8.915428e-09	-1.014872e+01	-5.282616e+02
7.400000e-07	-1.300545e-06	-8.750337e-09	-9.078893e+00	-5.180441e+02
7.500000e-07	-1.146910e-06	-8.574242e-09	-8.006398e+00	-5.074275e+02
7.600000e-07	-9.928621e-07	-8.384928e-09	-6.931011e+00	-4.963717e+02
7.700000e-07	-8.383971e-07	-8.186981e-09	-5.852715e+00	-4.848598e+02
7.800000e-07	-6.836047e-07	-7.985873e-09	-4.772135e+00	-4.728949e+02
7.900000e-07	-5.285445e-07	-7.778685e-09	-3.689684e+00	-4.604878e+02
8.000000e-07	-3.732937e-07	-7.563100e-09	-2.605903e+00	-4.476387e+02
8.100000e-07	-2.179338e-07	-7.338277e-09	-1.521361e+00	-4.343209e+02
8.200000e-07	-6.244973e-08	-7.108089e-09	-4.359515e-01	-4.204728e+02
8.300000e-07	9.310610e-08	-6.867514e-09	6.499587e-01	-4.060014e+02
8.400000e-07	2.485601e-07	-6.610652e-09	1.735158e+00	-3.907979e+02
8.500000e-07	4.038757e-07	-6.336197e-09	2.819391e+00	-3.747592e+02
8.600000e-07	5.591090e-07	-6.048438e-09	3.903050e+00	-3.578088e+02
8.700000e-07	7.141331e-07	-5.748059e-09	4.985249e+00	-3.399089e+02
8.800000e-07	8.688689e-07	-5.430242e-09	6.065435e+00	-3.210593e+02
8.900000e-07	1.023303e-06	-5.094157e-09	7.143511e+00	-3.012827e+02
9.000000e-07	1.177290e-06	-4.745125e-09	8.218473e+00	-2.806005e+02
9.100000e-07	1.330783e-06	-4.385086e-09	9.289984e+00	-2.590076e+02
9.200000e-07	1.483816e-06	-4.008066e-09	1.035828e+01	-2.364528e+02
9.300000e-07	1.636358e-06	-3.609038e-09	1.142316e+01	-2.128330e+02
9.400000e-07	1.788350e-06	-3.186419e-09	1.248419e+01	-1.880014e+02
9.500000e-07	1.939677e-06	-2.740484e-09	1.354058e+01	-1.617907e+02
9.600000e-07	2.090283e-06	-2.268893e-09	1.459193e+01	-1.340431e+02
9.700000e-07	2.240187e-06	-1.771283e-09	1.563839e+01	-1.046420e+02
9.800000e-07	2.389288e-06	-1.247613e-09	1.667924e+01	-7.353910e+01
9.900000e-07	2.537473e-06	-6.972670e-10	1.771369e+01	-4.077062e+01
1.000000e-06	2.684710e-06	-1.205367e-10	1.874153e+01	-6.462931e+00
1.010000e-06	2.830968e-06	4.818424e-10	1.976253e+01	2.917275e+01
1.020000e-06	2.976269e-06	1.105201e-09	2.077686e+01	6.585358e+01
1.030000e-06	3.120516e-06	1.739291e-09	2.178382e+01	1.032435e+02
1.040000e-06	3.263591e-06	2.375989e-09	2.278261e+01	1.409738e+02
1.050000e-06	3.405474e-06	3.012122e-09	2.377307e+01	1.786645e+02
1.060000e-06	3.546005e-06	3.643947e-09	2.475409e+01	2.159448e+02
1.070000e-06	3.685209e-06	4.261577e-09	2.572585e+01	2.524711e+02
1.080000e-06	3.823131e-06	4.857816e-09	2.668866e+01	2.879433e+02
1.090000e-06	3.959574e-06	5.431683e-09	2.764115e+01	3.221156e+02
1.100000e-06	4.094505e-06	5.983810e-09	2.858308e+01	3.548039e+02
1.110000e-06	4.227974e-06	6.509147e-09	2.951481e+01	3.858857e+02
1.120000e-06	4.359898e-06	7.004626e-09	3.043574e+01	4.152965e+02
1.130000e-06	4.490228e-06	7.472633e-09	3.134556e+01	4.430206e+02
1.140000e-06	4.618953e-06	7.912664e-09	3.224417e+01	4.690808e+02
1.150000e-06	4.746053e-06	8.323564e-09	3.313144e+01	4.935270e+02
1.160000e-06	4.871556e-06	8.706748e-09	3.400755e+01	5.164261e+02
1.170000e-06	4.995362e-06	9.066277e-09	3.487182e+01	5.378543e+02
1.180000e-06	5.117389e-06	9.402766e-09	3.572367e+01	5.578909e+02
1.190000e-06	5.237587e-06	9.716467e-09	3.656276e+01	5.766147e+02
1.200000e-06	5.355875e-06	1.000917e-08	3.738850e+01	5.941010e+02
1.210000e-06	5.472087e-06	1.028356e-08	3.819976e+01	6.104203e+02
1.220000e-06	5.586160e-06	1.054230e-08	3.899609e+01	6.256373e+02
1.230000e-06	5.698127e-06	1.078425e-08	3.977771e+01	6.398126e+02
1.240000e-06	5.808103e-06	1.100659e-08	4.054544e+01	6.530040e+02
1.250000e-06	5.916091e-06	1.121241e-08	4.129928e+01	6.652692e+02
1.260000e-06	6.021913e-06	1.140601e-08	4.203801e+01	6.766680e+02
1.270000e-06	6.125537e-06	1.158455e-08	4.276139e+01	6.872630e+02
1.280000e-06	6.226968e-06	1.174608e-08	4.346946e+01	6.971179e+02
1.290000e-06	6.326087e-06	1.189601e-08	4.416139e+01	7.062947e+02
1.300000e-06	6.422820e-06	1.204098e-08	4.483668e+01	7.148487e+02
1.310000e-06	6.517301e-06	1.217841e-08	4.549623e+01	7.228256e+02
1.320000e-06	6.609614e-06	1.230323e-08	4.614065e+01	7.302599e+02
1.330000e-06	6.699604e-06	1.241696e-08	4.676886e+01	7.371772e+02
1.340000e-06	6.787134e-06	1.252295e-08	4.737989e+01	7.435991e+02
1.350000e-06	6.872329e-06	1.262206e-08	4.797463e+01	7.495493e+02
1.360000e-06	6.955198e-06	1.271627e-08	4.855312e+01	7.550587e+02
1.370000e-06	7.035509e-06	1.280402e-08	4.911376e+01	7.601670e+02
1.380000e-06	7.113242e-06	1.288474e-08	4.965640e+01	7.649203e+02
1.390000e-06	7.188377e-06	1.296078e-08	5.018091e+01	7.693647e+02
1.400000e-06	7.260824e-06	1.303145e-08	5.068665e+01	7.735390e+02
1.410000e-06	7.330676e-06	1.309641e-08	5.117427e+01	7.774684e+02
1.420000e-06	7.397903e-06	1.315600e-08	5.164358e+01	7.811627e+02
1.430000e-06	7.462407e-06	1.321328e-08	5.209386e+01	7.846195e+02
1.440000e-06	7.524322e-06	1.326958e-08	5.252608e+01	7.878311e+02
1.450000e-06	7.583717e-06	1.332267e-08	5.294071e+01	7.907930e+02
1.460000e-06	7.640473e-06	1.336851e-08	5.333691e+01	7.935110e+02
1.470000e-06	7.694402e-06	1.340847e-08	5.371339e+01	7.960031e+02
1.480000e-06	7.745170e-06	1.344547e-08	5.406779e+01	7.982961e+02
1.490000e-06	7.792825e-06	1.348060e-08	5.440046e+01	8.004187e+02
1.500000e-06	7.837736e-06	1.351511e-08	5.471398e+01	8.023931e+02
1.510000e-06	7.879881e-06	1.354884e-08	5.500819e+01	8.042287e+02
1.520000e-06	7.919124e-06	1.357903e-08	5.528213e+01	8.059223e+02
1.530000e-06	7.955630e-06	1.360530e-08	5.553697e+01	8.074618e+02
1.540000e-06	7.989379e-06	1.362828e-08	5.577257e+01	8.088352e+02
1.550000e-06	8.020302e-06	1.364596e-08	5.598844e+01	8.100381e+02
1.560000e-06	8.048510e-06	1.366178e-08	5.618536e+01	8.110795e+02
1.570000e-06	8.073828e-06	1.367659e-08	5.636210e+01	8.119801e+02
1.580000e-06	8.096234e-06	1.368802e-08	5.651851e+01	8.127664e+02
1.590000e-06	8.115896e-06	1.369817e-08	5.665576e+01	8.134614e+02
1.600000e-06	8.132680e-06	1.371018e-08	5.677293e+01	8.140759e+02
1.610000e-06	8.146450e-06	1.372116e-08	5.686906e+01	8.146056e+02
1.620000e-06	8.157085e-06	1.372784e-08	5.694330e+01	8.150337e+02
1.630000e-06	8.164621e-06	1.373105e-08	5.699591e+01	8.153394e+02
1.640000e-06	8.169312e-06	1.373308e-08	5.702865e+01	8.155089e+02
1.650000e-06	8.171152e-06	1.373380e-08	5.704150e+01	8.155432e+02
1.660000e-06	8.170210e-06	1.373419e-08	5.703492e+01	8.154604e+02
1.670000e-06	8.166615e-06	1.373067e-08	5.700983e+01	8.152906e+02
1.680000e-06	8.160280e-06	1.372566e-08	5.696560e+01	8.150643e+02
1.690000e-06	8.151211e-06	1.372375e-08	5.690229e+01	8.148006e+02
1.700000e-06	8.139357e-06	1.371885e-08	5.681954e+01	8.144983e+02
1.710000e-06	8.124693e-06	1.370724e-08	5.671718e+01	8.141349e+02
1.720000e-06	8.107479e-06	1.369040e-08	5.659701e+01	8.136741e+02
1.730000e-06	8.087895e-06	1.368975e-08	5.646030e+01	8.130796e+02
1.740000e-06	8.065490e-06	1.371912e-08	5.630389e+01	8.123300e+02
1.750000e-06	8.039581e-06	1.370288e-08	5.612303e+01	8.114280e+02
1.760000e-06	8.009930e-06	1.365185e-08	5.591603e+01	8.104014e+02
1.770000e-06	7.977076e-06	1.362252e-08	5.568668e+01	8.092945e+02
1.780000e-06	7.941752e-06	1.360600e-08	5.544009e+01	8.081524e+02
1.790000e-06	7.903999e-06	1.356604e-08	5.517655e+01	8.070049e+02
1.800000e-06	7.864086e-06	1.357665e-08	5.489792e+01	8.058557e+02
1.810000e-06	7.822092e-06	1.354825e-08	5.460477e+01	8.046814e+02
1.820000e-06	7.777388e-06	1.350797e-08	5.429269e+01	8.034396e+02
1.830000e-06	7.729937e-06	1.354412e-08	5.396145e+01	8.020853e+02
1.840000e-06	7.679560e-06	1.347842e-08	5.360977e+01	8.005869e+02
1.850000e-06	7.626001e-06	1.346229e-08	5.323589e+01	7.989365e+02
1.860000e-06	7.569596e-06	1.341970e-08	5.284213e+01	7.971514e+02
1.870000e-06	7.510460e-06	1.336945e-08	5.242931e+01	7.952653e+02
1.880000e-06	7.448706e-06	1.337842e-08	5.199822e+01	7.933133e+02
1.890000e-06	7.384241e-06	1.331808e-08	5.154820e+01	7.913169e+02
1.900000e-06	7.317024e-06	1.331140e-08	5.107897e+01	7.892747e+02
1.910000e-06	7.247036e-06	1.326612e-08	5.059040e+01	7.871633e+02
1.920000e-06	7.174170e-06	1.322601e-08	5.008173e+01	7.849468e+02
1.930000e-06	7.098609e-06	1.318508e-08	4.955425e+01	7.825911e+02
1.940000e-06	7.020294e-06	1.311658e-08	4.900755e+01	7.800785e+02
1.950000e-06	6.939399e-06	1.310173e-08	4.844283e+01	7.774147e+02
1.960000e-06	6.856106e-06	1.303886e-08	4.786137e+01	7.746261e+02
1.970000e-06	6.770272e-06	1.301123e-08	4.726218e+01	7.717496e+02
1.980000e-06	6.681964e-06	1.295718e-08	4.664572e+01	7.688170e+02
1.990000e-06	6.591289e-06	1.289698e-08	4.601273e+01	7.658422e+02
2.000000e-06	6.498367e-06	1.285307e-08	4.536406e+01	7.628151e+02
2.010000e-06	6.403140e-06	1.278481e-08	4.469929e+01	7.597054e+02
2.020000e-06	6.305609e-06	1.273885e-08	4.401844e+01	7.564738e+02
2.030000e-06	6.205843e-06	1.267084e-08	4.332199e+01	7.530871e+02
2.040000e-06	6.103851e-06	1.262757e-08	4.261000e+01	7.495298e+02
2.050000e-06	5.999603e-06	1.256195e-08	4.188226e+01	7.458088e+02
2.060000e-06	5.893158e-06	1.249820e-08	4.113919e+01	7.419482e+02
2.070000e-06	5.784696e-06	1.242573e-08	4.038204e+01	7.379781e+02
2.080000e-06	5.674147e-06	1.235140e-08	3.961031e+01	7.339208e+02
2.090000e-06	5.561480e-06	1.228647e-08	3.882380e+01	7.297809e+02
2.100000e-06	5.446641e-06	1.220941e-08	3.802213e+01	7.255433e+02
2.110000e-06	5.329708e-06	1.214091e-08	3.720583e+01	7.211799e+02
2.120000e-06	5.210795e-06	1.206135e-08	3.637572e+01	7.166612e+02
2.130000e-06	5.089919e-06	1.198910e-08	3.553191e+01	7.119692e+02
2.140000e-06	4.967210e-06	1.189818e-08	3.467529e+01	7.071049e+02
2.150000e-06	4.842728e-06	1.181327e-08	3.380630e+01	7.020872e+02
2.160000e-06	4.716473e-06	1.172488e-08	3.292494e+01	6.969444e+02
2.170000e-06	4.588499e-06	1.163841e-08	3.203158e+01	6.917007e+02
2.180000e-06	4.458927e-06	1.155011e-08	3.112705e+01	6.863646e+02
2.190000e-06	4.327752e-06	1.145969e-08	3.021134e+01	6.809224e+02
2.200000e-06	4.195049e-06	1.136784e-08	2.928496e+01	6.753415e+02
2.210000e-06	4.060909e-06	1.126632e-08	2.834856e+01	6.695805e+02
2.220000e-06	3.925267e-06	1.116659e-08	2.740166e+01	6.636034e+02
2.230000e-06	3.788085e-06	1.105865e-08	2.644402e+01	6.573912e+02
2.240000e-06	3.649458e-06	1.095386e-08	2.547628e+01	6.509462e+02
2.250000e-06	3.509516e-06	1.084010e-08	2.449937e+01	6.442883e+02
2.260000e-06	3.368324e-06	1.072749e-08	2.351373e+01	6.374437e+02
2.270000e-06	3.225859e-06	1.060664e-08	2.251920e+01	6.304307e+02
2.280000e-06	3.082182e-06	1.048370e-08	2.151621e+01	6.232506e+02
2.290000e-06	2.937445e-06	1.035980e-08	2.050583e+01	6.158840e+02
2.300000e-06	2.791632e-06	1.023256e-08	1.948794e+01	6.082976e+02
2.310000e-06	2.644751e-06	1.010180e-08	1.846258e+01	6.004560e+02
2.320000e-06	2.496903e-06	9.966968e-09	1.743048e+01	5.923347e+02
2.330000e-06	2.348230e-06	9.829801e-09	1.639262e+01	5.839282e+02
2.340000e-06	2.198811e-06	9.680452e-09	1.534955e+01	5.752500e+02
2.350000e-06	2.048619e-06	9.524178e-09	1.430108e+01	5.663234e+02
2.360000e-06	1.897650e-06	9.363145e-09	1.324719e+01	5.571675e+02
2.370000e-06	1.746065e-06	9.204830e-09	1.218900e+01	5.477840e+02
2.380000e-06	1.593943e-06	9.043789e-09	1.112706e+01	5.381495e+02
2.390000e-06	1.441157e-06	8.877820e-09	1.006049e+01	5.282184e+02
2.400000e-06	1.287741e-06	8.705628e-09	8.989515e+00	5.179332e+02
2.410000e-06	1.133841e-06	8.526555e-09	7.915160e+00	5.072403e+02
2.420000e-06	9.795820e-07	8.337162e-09	6.838304e+00	4.961035e+02
2.430000e-06	8.250183e-07	8.138125e-09	5.759320e+00	4.845098e+02
2.440000e-06	6.701921e-07	7.934032e-09	4.678503e+00	4.724651e+02
2.450000e-06	5.151184e-07	7.726577e-09	3.595959e+00	4.599794e+02
2.460000e-06	3.598032e-07	7.510730e-09	2.511728e+00	4.470493e+02
2.470000e-06	2.043294e-07	7.283780e-09	1.426391e+00	4.336422e+02
2.480000e-06	4.881881e-08	7.047742e-09	3.407963e-01	4.196901e+02
2.490000e-06	-1.065974e-07	6.801139e-09	-7.441392e-01	4.050959e+02
2.500000e-06	-2.619497e-07	6.543973e-09	-1.828629e+00	3.897501e+02
2.510000e-06	-4.172365e-07	6.272312e-09	-2.912661e+00	3.735530e+02
2.520000e-06	-5.723433e-07	5.986893e-09	-3.995437e+00	3.564344e+02
2.530000e-06	-7.272328e-07	5.685915e-09	-5.076695e+00	3.383639e+02
2.540000e-06	-8.818212e-07	5.367513e-09	-6.155852e+00	3.193466e+02
2.550000e-06	-1.036052e-06	5.030224e-09	-7.232515e+00	2.994070e+02
2.560000e-06	-1.189980e-06	4.677117e-09	-8.307059e+00	2.785635e+02
2.570000e-06	-1.343501e-06	4.311305e-09	-9.378767e+00	2.568039e+02
2.580000e-06	-1.496442e-06	3.930401e-09	-1.044642e+01	2.340677e+02
2.590000e-06	-1.648726e-06	3.531873e-09	-1.150949e+01	2.102430e+02
2.600000e-06	-1.800353e-06	3.112137e-09	-1.256797e+01	1.851774e+02
2.610000e-06	-1.951387e-06	2.668908e-09	-1.362232e+01	1.587029e+02
2.620000e-06	-2.101745e-06	2.198919e-09	-1.467195e+01	1.306667e+02
2.630000e-06	-2.251282e-06	1.700104e-09	-1.571584e+01	1.009628e+02
2.640000e-06	-2.400033e-06	1.172686e-09	-1.675424e+01	6.955700e+01
2.650000e-06	-2.547978e-06	6.183278e-10	-1.778702e+01	3.650164e+01
2.660000e-06	-2.694951e-06	3.990433e-11	-1.881302e+01	1.938857e+00
2.670000e-06	-2.841006e-06	-5.620714e-10	-1.983261e+01	-3.390618e+01
2.680000e-06	-2.986140e-06	-1.181548e-09	-2.084577e+01	-7.073969e+01
2.690000e-06	-3.130095e-06	-1.810359e-09	-2.185069e+01	-1.082182e+02
2.700000e-06	-3.272858e-06	-2.443077e-09	-2.284729e+01	-1.459695e+02
2.710000e-06	-3.414429e-06	-3.074918e-09	-2.383558e+01	-1.836138e+02
2.720000e-06	-3.554666e-06	-3.699780e-09	-2.481456e+01	-2.207837e+02
2.730000e-06	-3.693534e-06	-4.310002e-09	-2.578397e+01	-2.571426e+02
2.740000e-06	-3.831099e-06	-4.901529e-09	-2.674429e+01	-2.923991e+02
2.750000e-06	-3.967234e-06	-5.471956e-09	-2.769463e+01	-3.263184e+02
2.760000e-06	-4.101862e-06	-6.020054e-09	-2.863444e+01	-3.587272e+02
2.770000e-06	-4.235100e-06	-6.540219e-09	-2.956456e+01	-3.895140e+02
2.780000e-06	-4.366796e-06	-7.028214e-09	-3.048390e+01	-4.186236e+02
2.790000e-06	-4.496923e-06	-7.487845e-09	-3.139230e+01	-4.460482e+02
2.800000e-06	-4.625488e-06	-7.922415e-09	-3.228979e+01	-4.718161e+02
2.810000e-06	-4.752412e-06	-8.330535e-09	-3.317583e+01	-4.959810e+02
2.820000e-06	-4.877664e-06	-8.712052e-09	-3.405019e+01	-5.186119e+02
2.830000e-06	-5.001158e-06	-9.070070e-09	-3.491228e+01	-5.397858e+02
2.840000e-06	-5.122917e-06	-9.406550e-09	-3.576226e+01	-5.595825e+02
2.850000e-06	-5.242795e-06	-9.719709e-09	-3.659911e+01	-5.780802e+02
2.860000e-06	-5.360612e-06	-1.000901e-08	-3.742157e+01	-5.953533e+02
2.870000e-06	-5.476277e-06	-1.027920e-08	-3.822901e+01	-6.114713e+02
2.880000e-06	-5.589707e-06	-1.053212e-08	-3.902085e+01	-6.264982e+02
2.890000e-06	-5.700931e-06	-1.076667e-08	-3.979729e+01	-6.404938e+02
2.900000e-06	-5.810075e-06	-1.098322e-08	-4.055920e+01	-6.535157e+02
2.910000e-06	-5.917262e-06	-1.118508e-08	-4.130746e+01	-6.656219e+02
2.920000e-06	-6.022454e-06	-1.137635e-08	-4.204178e+01	-6.768727e+02
2.930000e-06	-6.125509e-06	-1.155640e-08	-4.276120e+01	-6.873310e+02
2.940000e-06	-6.226277e-06	-1.172201e-08	-4.346464e+01	-6.970606e+02
2.950000e-06	-6.324808e-06	-1.187478e-08	-4.415247e+01	-7.061225e+02
2.960000e-06	-6.421229e-06	-1.201791e-08	-4.482557e+01	-7.145706e+02
2.970000e-06	-6.515360e-06	-1.215217e-08	-4.548268e+01	-7.224486e+02
2.980000e-06	-6.607123e-06	-1.227614e-08	-4.612327e+01	-7.297891e+02
2.990000e-06	-6.696633e-06	-1.238934e-08	-4.674812e+01	-7.366165e+02
3.000000e-06	-6.783729e-06	-1.249521e-08	-4.735612e+01	-7.429525e+02
3.010000e-06	-6.868318e-06	-1.259590e-08	-4.794662e+01	-7.488217e+02
3.020000e-06	-6.950599e-06	-1.268923e-08	-4.852101e+01	-7.542565e+02
3.030000e-06	-7.030490e-06	-1.277287e-08	-4.907872e+01	-7.592981e+02
3.040000e-06	-7.107654e-06	-1.284986e-08	-4.961739e+01	-7.639932e+02
3.050000e-06	-7.182014e-06	-1.292382e-08	-5.013649e+01	-7.683870e+02
3.060000e-06	-7.253714e-06	-1.299512e-08	-5.063701e+01	-7.725163e+02
3.070000e-06	-7.322801e-06	-1.306075e-08	-5.111930e+01	-7.764036e+02
3.080000e-06	-7.389306e-06	-1.312122e-08	-5.158356e+01	-7.800562e+02
3.090000e-06	-7.453258e-06	-1.317754e-08	-5.203000e+01	-7.834700e+02
3.100000e-06	-7.514552e-06	-1.322860e-08	-5.245788e+01	-7.866372e+02
3.110000e-06	-7.573145e-06	-1.327750e-08	-5.286691e+01	-7.895550e+02
3.120000e-06	-7.628977e-06	-1.332371e-08	-5.325666e+01	-7.922312e+02
3.130000e-06	-7.681914e-06	-1.336620e-08	-5.362621e+01	-7.946858e+02
3.140000e-06	-7.731766e-06	-1.340564e-08	-5.397422e+01	-7.969466e+02
3.150000e-06	-7.778538e-06	-1.344167e-08	-5.430072e+01	-7.990416e+02
3.160000e-06	-7.822703e-06	-1.347434e-08	-5.460903e+01	-8.009911e+02
3.170000e-06	-7.864445e-06	-1.350257e-08	-5.490043e+01	-8.028021e+02
3.180000e-06	-7.903466e-06	-1.352732e-08	-5.517282e+01	-8.044694e+02
3.190000e-06	-7.939681e-06	-1.355124e-08	-5.542564e+01	-8.059802e+02
3.200000e-06	-7.973176e-06	-1.357497e-08	-5.565946e+01	-8.073233e+02
3.210000e-06	-8.003719e-06	-1.359752e-08	-5.587268e+01	-8.084965e+02
3.220000e-06	-8.031316e-06	-1.361754e-08	-5.606533e+01	-8.095111e+02
3.230000e-06	-8.056158e-06	-1.363368e-08	-5.623874e+01	-8.103896e+02
3.240000e-06	-8.078116e-06	-1.364669e-08	-5.639203e+01	-8.111583e+02
3.250000e-06	-8.097192e-06	-1.365809e-08	-5.652520e+01	-8.118387e+02
3.260000e-06	-8.113428e-06	-1.366676e-08	-5.663854e+01	-8.124390e+02
3.270000e-06	-8.126589e-06	-1.367538e-08	-5.673041e+01	-8.129523e+02
3.280000e-06	-8.136681e-06	-1.368381e-08	-5.680086e+01	-8.133601e+02
3.290000e-06	-8.143857e-06	-1.368886e-08	-5.685096e+01	-8.136424e+02
3.300000e-06	-8.148102e-06	-1.369126e-08	-5.688059e+01	-8.137874e+02
3.310000e-06	-8.149575e-06	-1.369427e-08	-5.689087e+01	-8.137992e+02
