# Temperatura_=_52.28
# Concentracion g/m^3_=_11780.0
# C_Vs_to_Am_M_A/Vsm_=_59384043850.047264
# pendiente_HvsI_1/m_=_3716.3
# ordenada_HvsI_A/m_=_1297.0
# frecuencia_Hz_=_301390.4004980309

Tiempo_(s)	Campo_(V.s)	Magnetizacion_(V.s)	Campo_(kA/m)	Magnetizacion_(A/m)
0.000000e+00	-8.239476e-06	-1.360336e-08	-5.695145e+01	-8.077738e+02
1.000000e-08	-8.236019e-06	-1.359743e-08	-5.692756e+01	-8.076987e+02
2.000000e-08	-8.229928e-06	-1.359434e-08	-5.688546e+01	-8.075429e+02
3.000000e-08	-8.221178e-06	-1.358993e-08	-5.682497e+01	-8.072788e+02
4.000000e-08	-8.209542e-06	-1.358367e-08	-5.674455e+01	-8.068837e+02
5.000000e-08	-8.194904e-06	-1.357721e-08	-5.664337e+01	-8.063477e+02
6.000000e-08	-8.177330e-06	-1.357475e-08	-5.652190e+01	-8.056776e+02
7.000000e-08	-8.157215e-06	-1.357334e-08	-5.638286e+01	-8.048947e+02
8.000000e-08	-8.134478e-06	-1.351811e-08	-5.622570e+01	-8.040275e+02
9.000000e-08	-8.108478e-06	-1.345471e-08	-5.604599e+01	-8.031027e+02
1.000000e-07	-8.079119e-06	-1.346674e-08	-5.584306e+01	-8.021358e+02
1.100000e-07	-8.046778e-06	-1.349944e-08	-5.561952e+01	-8.011261e+02
1.200000e-07	-8.011698e-06	-1.348646e-08	-5.537704e+01	-8.000580e+02
1.300000e-07	-7.974216e-06	-1.345357e-08	-5.511797e+01	-7.989063e+02
1.400000e-07	-7.934544e-06	-1.347615e-08	-5.484375e+01	-7.976464e+02
1.500000e-07	-7.892272e-06	-1.342608e-08	-5.455157e+01	-7.962631e+02
1.600000e-07	-7.847116e-06	-1.338224e-08	-5.423945e+01	-7.947564e+02
1.700000e-07	-7.799168e-06	-1.336388e-08	-5.390803e+01	-7.931416e+02
1.800000e-07	-7.748106e-06	-1.326539e-08	-5.355509e+01	-7.914431e+02
1.900000e-07	-7.693951e-06	-1.330369e-08	-5.318077e+01	-7.896856e+02
2.000000e-07	-7.637066e-06	-1.330201e-08	-5.278758e+01	-7.878836e+02
2.100000e-07	-7.577464e-06	-1.325208e-08	-5.237561e+01	-7.860358e+02
2.200000e-07	-7.515232e-06	-1.321908e-08	-5.194546e+01	-7.841242e+02
2.300000e-07	-7.450226e-06	-1.315388e-08	-5.149614e+01	-7.821198e+02
2.400000e-07	-7.382331e-06	-1.315379e-08	-5.102685e+01	-7.799921e+02
2.500000e-07	-7.311757e-06	-1.308323e-08	-5.053904e+01	-7.777196e+02
2.600000e-07	-7.238441e-06	-1.301814e-08	-5.003227e+01	-7.752968e+02
2.700000e-07	-7.162259e-06	-1.300313e-08	-4.950570e+01	-7.727358e+02
2.800000e-07	-7.083252e-06	-1.300606e-08	-4.895960e+01	-7.700615e+02
2.900000e-07	-7.001580e-06	-1.295543e-08	-4.839508e+01	-7.673020e+02
3.000000e-07	-6.917532e-06	-1.284925e-08	-4.781414e+01	-7.644782e+02
3.100000e-07	-6.831261e-06	-1.282251e-08	-4.721784e+01	-7.615962e+02
3.200000e-07	-6.742638e-06	-1.277683e-08	-4.660527e+01	-7.586446e+02
3.300000e-07	-6.651568e-06	-1.272116e-08	-4.597580e+01	-7.555991e+02
3.400000e-07	-6.558128e-06	-1.266475e-08	-4.532993e+01	-7.524308e+02
3.500000e-07	-6.462276e-06	-1.261701e-08	-4.466740e+01	-7.491163e+02
3.600000e-07	-6.364018e-06	-1.258613e-08	-4.398824e+01	-7.456457e+02
3.700000e-07	-6.263473e-06	-1.252060e-08	-4.329327e+01	-7.420246e+02
3.800000e-07	-6.160704e-06	-1.243660e-08	-4.258293e+01	-7.382711e+02
3.900000e-07	-6.055731e-06	-1.234637e-08	-4.185735e+01	-7.344072e+02
4.000000e-07	-5.948550e-06	-1.229907e-08	-4.111652e+01	-7.304496e+02
4.100000e-07	-5.839234e-06	-1.224485e-08	-4.036092e+01	-7.264022e+02
4.200000e-07	-5.727847e-06	-1.217112e-08	-3.959102e+01	-7.222545e+02
4.300000e-07	-5.614296e-06	-1.209760e-08	-3.880614e+01	-7.179846e+02
4.400000e-07	-5.498477e-06	-1.203815e-08	-3.800560e+01	-7.135677e+02
4.500000e-07	-5.380544e-06	-1.196956e-08	-3.719044e+01	-7.089853e+02
4.600000e-07	-5.260679e-06	-1.186896e-08	-3.636194e+01	-7.042319e+02
4.700000e-07	-5.138956e-06	-1.177177e-08	-3.552059e+01	-6.993170e+02
4.800000e-07	-5.015347e-06	-1.169413e-08	-3.466620e+01	-6.942608e+02
4.900000e-07	-4.889921e-06	-1.162715e-08	-3.379925e+01	-6.890861e+02
5.000000e-07	-4.762817e-06	-1.153547e-08	-3.292070e+01	-6.838089e+02
5.100000e-07	-4.634010e-06	-1.143725e-08	-3.203039e+01	-6.784315e+02
5.200000e-07	-4.503526e-06	-1.134660e-08	-3.112848e+01	-6.729402e+02
5.300000e-07	-4.371349e-06	-1.126134e-08	-3.021487e+01	-6.673096e+02
5.400000e-07	-4.237586e-06	-1.115619e-08	-2.929029e+01	-6.615098e+02
5.500000e-07	-4.102315e-06	-1.104080e-08	-2.835530e+01	-6.555164e+02
5.600000e-07	-3.965481e-06	-1.094201e-08	-2.740950e+01	-6.493161e+02
5.700000e-07	-3.827178e-06	-1.085129e-08	-2.645355e+01	-6.429100e+02
5.800000e-07	-3.687374e-06	-1.074205e-08	-2.548722e+01	-6.363092e+02
5.900000e-07	-3.545994e-06	-1.061432e-08	-2.450999e+01	-6.295281e+02
6.000000e-07	-3.403194e-06	-1.049949e-08	-2.352296e+01	-6.225766e+02
6.100000e-07	-3.259136e-06	-1.038977e-08	-2.252723e+01	-6.154535e+02
6.200000e-07	-3.113888e-06	-1.026577e-08	-2.152327e+01	-6.081461e+02
6.300000e-07	-2.967537e-06	-1.012794e-08	-2.051168e+01	-6.006327e+02
6.400000e-07	-2.820227e-06	-9.998903e-09	-1.949348e+01	-5.928898e+02
6.500000e-07	-2.671980e-06	-9.876231e-09	-1.846878e+01	-5.848988e+02
6.600000e-07	-2.522818e-06	-9.739757e-09	-1.743778e+01	-5.766501e+02
6.700000e-07	-2.372858e-06	-9.587595e-09	-1.640125e+01	-5.681431e+02
6.800000e-07	-2.222110e-06	-9.435879e-09	-1.535928e+01	-5.593816e+02
6.900000e-07	-2.070516e-06	-9.291079e-09	-1.431145e+01	-5.503669e+02
7.000000e-07	-1.918075e-06	-9.137864e-09	-1.325778e+01	-5.410920e+02
7.100000e-07	-1.764970e-06	-8.972446e-09	-1.219951e+01	-5.315380e+02
7.200000e-07	-1.611322e-06	-8.802909e-09	-1.113750e+01	-5.216769e+02
7.300000e-07	-1.457114e-06	-8.635750e-09	-1.007161e+01	-5.114773e+02
7.400000e-07	-1.302373e-06	-8.460885e-09	-9.002032e+00	-5.009121e+02
7.500000e-07	-1.147129e-06	-8.270649e-09	-7.928980e+00	-4.899645e+02
7.600000e-07	-9.914427e-07	-8.075763e-09	-6.852875e+00	-4.786290e+02
7.700000e-07	-8.354117e-07	-7.883346e-09	-5.774386e+00	-4.669062e+02
7.800000e-07	-6.790900e-07	-7.686064e-09	-4.693886e+00	-4.547926e+02
7.900000e-07	-5.224905e-07	-7.475102e-09	-3.611467e+00	-4.422690e+02
8.000000e-07	-3.656758e-07	-7.253478e-09	-2.527560e+00	-4.292910e+02
8.100000e-07	-2.087404e-07	-7.024167e-09	-1.442818e+00	-4.157867e+02
8.200000e-07	-5.173762e-08	-6.785442e-09	-3.576117e-01	-4.016626e+02
8.300000e-07	1.052608e-07	-6.532616e-09	7.275653e-01	-3.868161e+02
8.400000e-07	2.621943e-07	-6.264500e-09	1.812293e+00	-3.711531e+02
8.500000e-07	4.190039e-07	-5.985935e-09	2.896165e+00	-3.546023e+02
8.600000e-07	5.756740e-07	-5.697073e-09	3.979072e+00	-3.371237e+02
8.700000e-07	7.321552e-07	-5.389004e-09	5.060674e+00	-3.187061e+02
8.800000e-07	8.883596e-07	-5.058255e-09	6.140362e+00	-2.993552e+02
8.900000e-07	1.044231e-06	-4.714183e-09	7.217752e+00	-2.790735e+02
9.000000e-07	1.199720e-06	-4.359002e-09	8.292494e+00	-2.578390e+02
9.100000e-07	1.354764e-06	-3.985738e-09	9.364164e+00	-2.355879e+02
9.200000e-07	1.509232e-06	-3.587732e-09	1.043184e+01	-2.122084e+02
9.300000e-07	1.663111e-06	-3.167616e-09	1.149546e+01	-1.875459e+02
9.400000e-07	1.816460e-06	-2.725665e-09	1.255542e+01	-1.614219e+02
9.500000e-07	1.969253e-06	-2.256669e-09	1.361152e+01	-1.336617e+02
9.600000e-07	2.121342e-06	-1.753108e-09	1.466276e+01	-1.041258e+02
9.700000e-07	2.272595e-06	-1.216905e-09	1.570823e+01	-7.273960e+01
9.800000e-07	2.422962e-06	-6.550703e-10	1.674757e+01	-3.951589e+01
9.900000e-07	2.572409e-06	-6.698671e-11	1.778055e+01	-4.567515e+00
1.000000e-06	2.720929e-06	5.486283e-10	1.880712e+01	3.189168e+01
1.010000e-06	2.868512e-06	1.189584e-09	1.982723e+01	6.955630e+01
1.020000e-06	3.015083e-06	1.842530e-09	2.084032e+01	1.080475e+02
1.030000e-06	3.160658e-06	2.498802e-09	2.184654e+01	1.469372e+02
1.040000e-06	3.305214e-06	3.153864e-09	2.284572e+01	1.857755e+02
1.050000e-06	3.448558e-06	3.801882e-09	2.383651e+01	2.241195e+02
1.060000e-06	3.590546e-06	4.433949e-09	2.481794e+01	2.615599e+02
1.070000e-06	3.731098e-06	5.041105e-09	2.578944e+01	2.977441e+02
1.080000e-06	3.870222e-06	5.622296e-09	2.675107e+01	3.323935e+02
1.090000e-06	4.007930e-06	6.176545e-09	2.770291e+01	3.653126e+02
1.100000e-06	4.144096e-06	6.702219e-09	2.864409e+01	3.963892e+02
1.110000e-06	4.278634e-06	7.194971e-09	2.957402e+01	4.255866e+02
1.120000e-06	4.411623e-06	7.654274e-09	3.049324e+01	4.529286e+02
1.130000e-06	4.543069e-06	8.084333e-09	3.140180e+01	4.784805e+02
1.140000e-06	4.672928e-06	8.486017e-09	3.229939e+01	5.023305e+02
1.150000e-06	4.801168e-06	8.861032e-09	3.318578e+01	5.245730e+02
1.160000e-06	4.927745e-06	9.209186e-09	3.406069e+01	5.452992e+02
1.170000e-06	5.052577e-06	9.530835e-09	3.492353e+01	5.645923e+02
1.180000e-06	5.175589e-06	9.829415e-09	3.577379e+01	5.825294e+02
1.190000e-06	5.296803e-06	1.010728e-08	3.661163e+01	5.991858e+02
1.200000e-06	5.416085e-06	1.036526e-08	3.743611e+01	6.146397e+02
1.210000e-06	5.533322e-06	1.060595e-08	3.824645e+01	6.289748e+02
1.220000e-06	5.648457e-06	1.083371e-08	3.904227e+01	6.422792e+02
1.230000e-06	5.761350e-06	1.104662e-08	3.982259e+01	6.546413e+02
1.240000e-06	5.872113e-06	1.124123e-08	4.058818e+01	6.661437e+02
1.250000e-06	5.980901e-06	1.142021e-08	4.134012e+01	6.768579e+02
1.260000e-06	6.087619e-06	1.158581e-08	4.207776e+01	6.868411e+02
1.270000e-06	6.192104e-06	1.173918e-08	4.279997e+01	6.961370e+02
1.280000e-06	6.294324e-06	1.188240e-08	4.350651e+01	7.047799e+02
1.290000e-06	6.394227e-06	1.201661e-08	4.419705e+01	7.128004e+02
1.300000e-06	6.491773e-06	1.214255e-08	4.487129e+01	7.202319e+02
1.310000e-06	6.587012e-06	1.225940e-08	4.552958e+01	7.271140e+02
1.320000e-06	6.679982e-06	1.236621e-08	4.617219e+01	7.334935e+02
1.330000e-06	6.770666e-06	1.246682e-08	4.679900e+01	7.394212e+02
1.340000e-06	6.858928e-06	1.256107e-08	4.740907e+01	7.449477e+02
1.350000e-06	6.944762e-06	1.264639e-08	4.800236e+01	7.501173e+02
1.360000e-06	7.028194e-06	1.272509e-08	4.857905e+01	7.549651e+02
1.370000e-06	7.109153e-06	1.280055e-08	4.913863e+01	7.595151e+02
1.380000e-06	7.187546e-06	1.287406e-08	4.968049e+01	7.637831e+02
1.390000e-06	7.263292e-06	1.294204e-08	5.020405e+01	7.677797e+02
1.400000e-06	7.336338e-06	1.300414e-08	5.070894e+01	7.715150e+02
1.410000e-06	7.406716e-06	1.306356e-08	5.119540e+01	7.750019e+02
1.420000e-06	7.474519e-06	1.312016e-08	5.166405e+01	7.782566e+02
1.430000e-06	7.539625e-06	1.317185e-08	5.211407e+01	7.812973e+02
1.440000e-06	7.602051e-06	1.321785e-08	5.254556e+01	7.841410e+02
1.450000e-06	7.661911e-06	1.325991e-08	5.295931e+01	7.868004e+02
1.460000e-06	7.719055e-06	1.330084e-08	5.335429e+01	7.892821e+02
1.470000e-06	7.773390e-06	1.334083e-08	5.372986e+01	7.915870e+02
1.480000e-06	7.824578e-06	1.337719e-08	5.408367e+01	7.937134e+02
1.490000e-06	7.872526e-06	1.340864e-08	5.441508e+01	7.956607e+02
1.500000e-06	7.917634e-06	1.343716e-08	5.472687e+01	7.974334e+02
1.510000e-06	7.959949e-06	1.346577e-08	5.501936e+01	7.990429e+02
1.520000e-06	7.999412e-06	1.349302e-08	5.529213e+01	8.005062e+02
1.530000e-06	8.036139e-06	1.351545e-08	5.554598e+01	8.018427e+02
1.540000e-06	8.070083e-06	1.353380e-08	5.578060e+01	8.030686e+02
1.550000e-06	8.101159e-06	1.355247e-08	5.599540e+01	8.041924e+02
1.560000e-06	8.129424e-06	1.357007e-08	5.619077e+01	8.052126e+02
1.570000e-06	8.154793e-06	1.358285e-08	5.636612e+01	8.061186e+02
1.580000e-06	8.177261e-06	1.359194e-08	5.652142e+01	8.068956e+02
1.590000e-06	8.196983e-06	1.360147e-08	5.665774e+01	8.075308e+02
1.600000e-06	8.213866e-06	1.361258e-08	5.677443e+01	8.080198e+02
1.610000e-06	8.227690e-06	1.361873e-08	5.686998e+01	8.083704e+02
1.620000e-06	8.238341e-06	1.361896e-08	5.694361e+01	8.086020e+02
1.630000e-06	8.245934e-06	1.361916e-08	5.699609e+01	8.087414e+02
1.640000e-06	8.250680e-06	1.362190e-08	5.702890e+01	8.088142e+02
1.650000e-06	8.252504e-06	1.362117e-08	5.704150e+01	8.088376e+02
1.660000e-06	8.251462e-06	1.361784e-08	5.703430e+01	8.088145e+02
1.670000e-06	8.247767e-06	1.361838e-08	5.700876e+01	8.087320e+02
1.680000e-06	8.241297e-06	1.361713e-08	5.696404e+01	8.085659e+02
1.690000e-06	8.232059e-06	1.361234e-08	5.690019e+01	8.082886e+02
1.700000e-06	8.220000e-06	1.360208e-08	5.681683e+01	8.078786e+02
1.710000e-06	8.205083e-06	1.358503e-08	5.671373e+01	8.073276e+02
1.720000e-06	8.187613e-06	1.355768e-08	5.659298e+01	8.066442e+02
1.730000e-06	8.167733e-06	1.356054e-08	5.645556e+01	8.058507e+02
1.740000e-06	8.144927e-06	1.361628e-08	5.629793e+01	8.049762e+02
1.750000e-06	8.118410e-06	1.359305e-08	5.611464e+01	8.040464e+02
1.760000e-06	8.088108e-06	1.352751e-08	5.590519e+01	8.030752e+02
1.770000e-06	8.054797e-06	1.350059e-08	5.567494e+01	8.020603e+02
1.780000e-06	8.019102e-06	1.346801e-08	5.542822e+01	8.009844e+02
1.790000e-06	7.981104e-06	1.341351e-08	5.516558e+01	7.998222e+02
1.800000e-06	7.940978e-06	1.346689e-08	5.488822e+01	7.985495e+02
1.810000e-06	7.898437e-06	1.341119e-08	5.459418e+01	7.971526e+02
1.820000e-06	7.853155e-06	1.335884e-08	5.428119e+01	7.956334e+02
1.830000e-06	7.805148e-06	1.342531e-08	5.394937e+01	7.940083e+02
1.840000e-06	7.753982e-06	1.331449e-08	5.359570e+01	7.923024e+02
1.850000e-06	7.699706e-06	1.332360e-08	5.322055e+01	7.905396e+02
1.860000e-06	7.642568e-06	1.324114e-08	5.282561e+01	7.887331e+02
1.870000e-06	7.582702e-06	1.320217e-08	5.241181e+01	7.868795e+02
1.880000e-06	7.520263e-06	1.325985e-08	5.198023e+01	7.849595e+02
1.890000e-06	7.454992e-06	1.316229e-08	5.152908e+01	7.829433e+02
1.900000e-06	7.386948e-06	1.317935e-08	5.105876e+01	7.808008e+02
1.910000e-06	7.316103e-06	1.311374e-08	5.056908e+01	7.785121e+02
1.920000e-06	7.242413e-06	1.306352e-08	5.005973e+01	7.760736e+02
1.930000e-06	7.165943e-06	1.300503e-08	4.953116e+01	7.734991e+02
1.940000e-06	7.086673e-06	1.293172e-08	4.898325e+01	7.708143e+02
1.950000e-06	7.004894e-06	1.294733e-08	4.841799e+01	7.680471e+02
1.960000e-06	6.920596e-06	1.287837e-08	4.783532e+01	7.652171e+02
1.970000e-06	6.833763e-06	1.287750e-08	4.723513e+01	7.623284e+02
1.980000e-06	6.744522e-06	1.279978e-08	4.661830e+01	7.593681e+02
1.990000e-06	6.652904e-06	1.271913e-08	4.598503e+01	7.563108e+02
2.000000e-06	6.558931e-06	1.266148e-08	4.533549e+01	7.531277e+02
2.010000e-06	6.462602e-06	1.258297e-08	4.466965e+01	7.497967e+02
2.020000e-06	6.364062e-06	1.255083e-08	4.398855e+01	7.463093e+02
2.030000e-06	6.263246e-06	1.248451e-08	4.329170e+01	7.426730e+02
2.040000e-06	6.160114e-06	1.246160e-08	4.257886e+01	7.389066e+02
2.050000e-06	6.054752e-06	1.239218e-08	4.185059e+01	7.350321e+02
2.060000e-06	5.947302e-06	1.231805e-08	4.110789e+01	7.310649e+02
2.070000e-06	5.837802e-06	1.222433e-08	4.035103e+01	7.270075e+02
2.080000e-06	5.726139e-06	1.214401e-08	3.957921e+01	7.228478e+02
2.090000e-06	5.612264e-06	1.207671e-08	3.879210e+01	7.185633e+02
2.100000e-06	5.496136e-06	1.200304e-08	3.798942e+01	7.141293e+02
2.110000e-06	5.377882e-06	1.193912e-08	3.717204e+01	7.095286e+02
2.120000e-06	5.257632e-06	1.186434e-08	3.634088e+01	7.047572e+02
2.130000e-06	5.135524e-06	1.178864e-08	3.549686e+01	6.998260e+02
2.140000e-06	5.011583e-06	1.168928e-08	3.464018e+01	6.947560e+02
2.150000e-06	4.885840e-06	1.159670e-08	3.377104e+01	6.895697e+02
2.160000e-06	4.758261e-06	1.149827e-08	3.288921e+01	6.842819e+02
2.170000e-06	4.628982e-06	1.141661e-08	3.199563e+01	6.788932e+02
2.180000e-06	4.498199e-06	1.132360e-08	3.109165e+01	6.733884e+02
2.190000e-06	4.365771e-06	1.123383e-08	3.017631e+01	6.677410e+02
2.200000e-06	4.231735e-06	1.113689e-08	2.924985e+01	6.619215e+02
2.210000e-06	4.096161e-06	1.103514e-08	2.831276e+01	6.559062e+02
2.220000e-06	3.959026e-06	1.092734e-08	2.736488e+01	6.496836e+02
2.230000e-06	3.820404e-06	1.081306e-08	2.640672e+01	6.432559e+02
2.240000e-06	3.680385e-06	1.070532e-08	2.543891e+01	6.366351e+02
2.250000e-06	3.538986e-06	1.058863e-08	2.446156e+01	6.298354e+02
2.260000e-06	3.396279e-06	1.047188e-08	2.347516e+01	6.228657e+02
2.270000e-06	3.252270e-06	1.034635e-08	2.247977e+01	6.157237e+02
2.280000e-06	3.107060e-06	1.022353e-08	2.147607e+01	6.083953e+02
2.290000e-06	2.960808e-06	1.009546e-08	2.046517e+01	6.008584e+02
2.300000e-06	2.813556e-06	9.964863e-09	1.944736e+01	5.930897e+02
2.310000e-06	2.665331e-06	9.831560e-09	1.842283e+01	5.850713e+02
2.320000e-06	2.516147e-06	9.694717e-09	1.739167e+01	5.767948e+02
2.330000e-06	2.366126e-06	9.551564e-09	1.635472e+01	5.682603e+02
2.340000e-06	2.215310e-06	9.399907e-09	1.531227e+01	5.594717e+02
2.350000e-06	2.063676e-06	9.242959e-09	1.426418e+01	5.504297e+02
2.360000e-06	1.911246e-06	9.084783e-09	1.321058e+01	5.411259e+02
2.370000e-06	1.758034e-06	8.923959e-09	1.215157e+01	5.315405e+02
2.380000e-06	1.604212e-06	8.760483e-09	1.108835e+01	5.216446e+02
2.390000e-06	1.449892e-06	8.591442e-09	1.002169e+01	5.114069e+02
2.400000e-06	1.295096e-06	8.416097e-09	8.951733e+00	5.008012e+02
2.410000e-06	1.139817e-06	8.232097e-09	7.878443e+00	4.898121e+02
2.420000e-06	9.840729e-07	8.033803e-09	6.801935e+00	4.784351e+02
2.430000e-06	8.279297e-07	7.830266e-09	5.722670e+00	4.666707e+02
2.440000e-06	6.714601e-07	7.622598e-09	4.641148e+00	4.545145e+02
2.450000e-06	5.147813e-07	7.415327e-09	3.558180e+00	4.419448e+02
2.460000e-06	3.579308e-07	7.199921e-09	2.474026e+00	4.289143e+02
2.470000e-06	2.009696e-07	6.974331e-09	1.389106e+00	4.153484e+02
2.480000e-06	4.396957e-08	6.738277e-09	3.039187e-01	4.011516e+02
2.490000e-06	-1.130121e-07	6.487567e-09	-7.811424e-01	3.862219e+02
2.500000e-06	-2.699575e-07	6.219822e-09	-1.865952e+00	3.704667e+02
2.510000e-06	-4.268125e-07	5.936134e-09	-2.950138e+00	3.538178e+02
2.520000e-06	-5.835440e-07	5.640785e-09	-4.033470e+00	3.362386e+02
2.530000e-06	-7.401262e-07	5.331390e-09	-5.115769e+00	3.177206e+02
2.540000e-06	-8.964129e-07	5.006184e-09	-6.196027e+00	2.982701e+02
2.550000e-06	-1.052290e-06	4.663469e-09	-7.273451e+00	2.778880e+02
2.560000e-06	-1.207686e-06	4.305017e-09	-8.347556e+00	2.565484e+02
2.570000e-06	-1.362582e-06	3.928931e-09	-9.418197e+00	2.341826e+02
2.580000e-06	-1.516965e-06	3.533287e-09	-1.048530e+01	2.106736e+02
2.590000e-06	-1.670815e-06	3.116119e-09	-1.154871e+01	1.858632e+02
2.600000e-06	-1.824078e-06	2.675132e-09	-1.260807e+01	1.595719e+02
2.610000e-06	-1.976618e-06	2.208065e-09	-1.366243e+01	1.316272e+02
2.620000e-06	-2.128410e-06	1.711993e-09	-1.471162e+01	1.018952e+02
2.630000e-06	-2.279449e-06	1.185919e-09	-1.575560e+01	7.030972e+01
2.640000e-06	-2.429626e-06	6.287330e-10	-1.679363e+01	3.689398e+01
2.650000e-06	-2.578949e-06	4.105836e-11	-1.782575e+01	1.771747e+00
2.660000e-06	-2.727478e-06	-5.729592e-10	-1.885239e+01	-3.483271e+01
2.670000e-06	-2.875039e-06	-1.207018e-09	-1.987234e+01	-7.260512e+01
2.680000e-06	-3.021479e-06	-1.853234e-09	-2.088454e+01	-1.111601e+02
2.690000e-06	-3.166787e-06	-2.505982e-09	-2.188891e+01	-1.500660e+02
2.700000e-06	-3.310935e-06	-3.158237e-09	-2.288526e+01	-1.888722e+02
2.710000e-06	-3.453879e-06	-3.801682e-09	-2.387329e+01	-2.271381e+02
2.720000e-06	-3.595486e-06	-4.428044e-09	-2.485209e+01	-2.644596e+02
2.730000e-06	-3.735760e-06	-5.030710e-09	-2.582166e+01	-3.004913e+02
2.740000e-06	-3.874724e-06	-5.610050e-09	-2.678218e+01	-3.349633e+02
2.750000e-06	-4.012224e-06	-6.163052e-09	-2.773259e+01	-3.676889e+02
2.760000e-06	-4.148194e-06	-6.684539e-09	-2.867242e+01	-3.985647e+02
2.770000e-06	-4.282626e-06	-7.172150e-09	-2.960161e+01	-4.275613e+02
2.780000e-06	-4.415573e-06	-7.628716e-09	-3.052054e+01	-4.547079e+02
2.790000e-06	-4.547001e-06	-8.056757e-09	-3.142897e+01	-4.800730e+02
2.800000e-06	-4.676798e-06	-8.455841e-09	-3.232614e+01	-5.037462e+02
2.810000e-06	-4.804966e-06	-8.828581e-09	-3.321204e+01	-5.258221e+02
2.820000e-06	-4.931476e-06	-9.176633e-09	-3.408648e+01	-5.463909e+02
2.830000e-06	-5.056280e-06	-9.502993e-09	-3.494913e+01	-5.655352e+02
2.840000e-06	-5.179225e-06	-9.806511e-09	-3.579893e+01	-5.833315e+02
2.850000e-06	-5.300186e-06	-1.008454e-08	-3.663501e+01	-5.998552e+02
2.860000e-06	-5.419207e-06	-1.034002e-08	-3.745769e+01	-6.151851e+02
2.870000e-06	-5.536201e-06	-1.057967e-08	-3.826635e+01	-6.294056e+02
2.880000e-06	-5.650917e-06	-1.080429e-08	-3.905927e+01	-6.426049e+02
2.890000e-06	-5.763343e-06	-1.101113e-08	-3.983636e+01	-6.548711e+02
2.900000e-06	-5.873637e-06	-1.120108e-08	-4.059871e+01	-6.662859e+02
2.910000e-06	-5.981870e-06	-1.137863e-08	-4.134682e+01	-6.769193e+02
2.920000e-06	-6.088074e-06	-1.154635e-08	-4.208091e+01	-6.868271e+02
2.930000e-06	-6.192142e-06	-1.170312e-08	-4.280023e+01	-6.960515e+02
2.940000e-06	-6.293935e-06	-1.184926e-08	-4.350383e+01	-7.046262e+02
2.950000e-06	-6.393479e-06	-1.198473e-08	-4.419188e+01	-7.125820e+02
2.960000e-06	-6.490804e-06	-1.211022e-08	-4.486459e+01	-7.199526e+02
2.970000e-06	-6.585863e-06	-1.222527e-08	-4.552164e+01	-7.267786e+02
2.980000e-06	-6.678562e-06	-1.233126e-08	-4.616238e+01	-7.331072e+02
2.990000e-06	-6.768935e-06	-1.242908e-08	-4.678704e+01	-7.389896e+02
3.000000e-06	-6.857024e-06	-1.252084e-08	-4.739591e+01	-7.444759e+02
3.010000e-06	-6.942667e-06	-1.260789e-08	-4.798788e+01	-7.496096e+02
3.020000e-06	-7.025760e-06	-1.268963e-08	-4.856222e+01	-7.544245e+02
3.030000e-06	-7.106338e-06	-1.276639e-08	-4.911918e+01	-7.589437e+02
3.040000e-06	-7.184331e-06	-1.283972e-08	-4.965827e+01	-7.631822e+02
3.050000e-06	-7.259546e-06	-1.290855e-08	-5.017815e+01	-7.671503e+02
3.060000e-06	-7.332072e-06	-1.296984e-08	-5.067945e+01	-7.708583e+02
3.070000e-06	-7.401977e-06	-1.302518e-08	-5.116264e+01	-7.743195e+02
3.080000e-06	-7.469215e-06	-1.307776e-08	-5.162739e+01	-7.775505e+02
3.090000e-06	-7.533851e-06	-1.312812e-08	-5.207415e+01	-7.805693e+02
3.100000e-06	-7.595824e-06	-1.317604e-08	-5.250251e+01	-7.833928e+02
3.110000e-06	-7.655100e-06	-1.322158e-08	-5.291223e+01	-7.860330e+02
3.120000e-06	-7.711652e-06	-1.326508e-08	-5.330312e+01	-7.884958e+02
3.130000e-06	-7.765299e-06	-1.330731e-08	-5.367393e+01	-7.907817e+02
3.140000e-06	-7.815900e-06	-1.334565e-08	-5.402369e+01	-7.928889e+02
3.150000e-06	-7.863412e-06	-1.337795e-08	-5.435209e+01	-7.948172e+02
3.160000e-06	-7.908119e-06	-1.340428e-08	-5.466111e+01	-7.965718e+02
3.170000e-06	-7.950312e-06	-1.342781e-08	-5.495274e+01	-7.981648e+02
3.180000e-06	-7.989813e-06	-1.345064e-08	-5.522578e+01	-7.996136e+02
3.190000e-06	-8.026476e-06	-1.347339e-08	-5.547919e+01	-8.009376e+02
3.200000e-06	-8.060373e-06	-1.349517e-08	-5.571349e+01	-8.021523e+02
3.210000e-06	-8.091391e-06	-1.351706e-08	-5.592788e+01	-8.032653e+02
3.220000e-06	-8.119419e-06	-1.353779e-08	-5.612162e+01	-8.042739e+02
3.230000e-06	-8.144645e-06	-1.355419e-08	-5.629598e+01	-8.051669e+02
3.240000e-06	-8.167018e-06	-1.356530e-08	-5.645062e+01	-8.059292e+02
3.250000e-06	-8.186455e-06	-1.357368e-08	-5.658497e+01	-8.065488e+02
3.260000e-06	-8.203028e-06	-1.358176e-08	-5.669952e+01	-8.070224e+02
3.270000e-06	-8.216494e-06	-1.358838e-08	-5.679260e+01	-8.073591e+02
3.280000e-06	-8.226847e-06	-1.359373e-08	-5.686416e+01	-8.075796e+02
3.290000e-06	-8.234267e-06	-1.359983e-08	-5.691544e+01	-8.077107e+02
3.300000e-06	-8.238739e-06	-1.360500e-08	-5.694636e+01	-8.077776e+02
3.310000e-06	-8.240376e-06	-1.360639e-08	-5.695767e+01	-8.077963e+02
