# Temperatura_=_60.18
# Concentracion g/m^3_=_11780.0
# C_Vs_to_Am_M_A/Vsm_=_59384043850.047264
# pendiente_HvsI_1/m_=_3716.3
# ordenada_HvsI_A/m_=_1297.0
# frecuencia_Hz_=_301395.22134858486

Tiempo_(s)	Campo_(V.s)	Magnetizacion_(V.s)	Campo_(kA/m)	Magnetizacion_(A/m)
0.000000e+00	-8.191780e-06	-1.379960e-08	-5.694959e+01	-8.192232e+02
1.000000e-08	-8.187856e-06	-1.379368e-08	-5.692231e+01	-8.190517e+02
2.000000e-08	-8.181309e-06	-1.379188e-08	-5.687680e+01	-8.187857e+02
3.000000e-08	-8.172003e-06	-1.378682e-08	-5.681210e+01	-8.184279e+02
4.000000e-08	-8.159828e-06	-1.378197e-08	-5.672746e+01	-8.179770e+02
5.000000e-08	-8.144636e-06	-1.377789e-08	-5.662185e+01	-8.174273e+02
6.000000e-08	-8.126579e-06	-1.378396e-08	-5.649631e+01	-8.167718e+02
7.000000e-08	-8.106128e-06	-1.377498e-08	-5.635414e+01	-8.160062e+02
8.000000e-08	-8.082977e-06	-1.367951e-08	-5.619319e+01	-8.151326e+02
9.000000e-08	-8.056461e-06	-1.363549e-08	-5.600885e+01	-8.141609e+02
1.000000e-07	-8.026705e-06	-1.368191e-08	-5.580198e+01	-8.131060e+02
1.100000e-07	-7.994084e-06	-1.369977e-08	-5.557520e+01	-8.119823e+02
1.200000e-07	-7.958730e-06	-1.366824e-08	-5.532942e+01	-8.107976e+02
1.300000e-07	-7.921010e-06	-1.365921e-08	-5.506718e+01	-8.095492e+02
1.400000e-07	-7.881133e-06	-1.366893e-08	-5.478996e+01	-8.082238e+02
1.500000e-07	-7.838595e-06	-1.357344e-08	-5.449423e+01	-8.068030e+02
1.600000e-07	-7.793116e-06	-1.359798e-08	-5.417807e+01	-8.052709e+02
1.700000e-07	-7.744953e-06	-1.351654e-08	-5.384323e+01	-8.036213e+02
1.800000e-07	-7.693705e-06	-1.343646e-08	-5.348695e+01	-8.018611e+02
1.900000e-07	-7.639386e-06	-1.351755e-08	-5.310932e+01	-8.000084e+02
2.000000e-07	-7.582321e-06	-1.345591e-08	-5.271261e+01	-7.980844e+02
2.100000e-07	-7.522481e-06	-1.343484e-08	-5.229660e+01	-7.961040e+02
2.200000e-07	-7.460038e-06	-1.336481e-08	-5.186249e+01	-7.940668e+02
2.300000e-07	-7.394836e-06	-1.333012e-08	-5.140920e+01	-7.919555e+02
2.400000e-07	-7.326790e-06	-1.332168e-08	-5.093614e+01	-7.897395e+02
2.500000e-07	-7.256111e-06	-1.323034e-08	-5.044478e+01	-7.873860e+02
2.600000e-07	-7.182704e-06	-1.319158e-08	-4.993446e+01	-7.848721e+02
2.700000e-07	-7.106490e-06	-1.316892e-08	-4.940461e+01	-7.821937e+02
2.800000e-07	-7.027469e-06	-1.316711e-08	-4.885525e+01	-7.793682e+02
2.900000e-07	-6.945762e-06	-1.308149e-08	-4.828722e+01	-7.764279e+02
3.000000e-07	-6.861731e-06	-1.299935e-08	-4.770304e+01	-7.734075e+02
3.100000e-07	-6.775516e-06	-1.297720e-08	-4.710367e+01	-7.703306e+02
3.200000e-07	-6.686911e-06	-1.291628e-08	-4.648768e+01	-7.671996e+02
3.300000e-07	-6.595806e-06	-1.286843e-08	-4.585431e+01	-7.639942e+02
3.400000e-07	-6.502406e-06	-1.279765e-08	-4.520499e+01	-7.606791e+02
3.500000e-07	-6.406678e-06	-1.275469e-08	-4.453949e+01	-7.572178e+02
3.600000e-07	-6.308517e-06	-1.271252e-08	-4.385707e+01	-7.535866e+02
3.700000e-07	-6.208082e-06	-1.263698e-08	-4.315884e+01	-7.497840e+02
3.800000e-07	-6.105503e-06	-1.254760e-08	-4.244570e+01	-7.458309e+02
3.900000e-07	-6.000692e-06	-1.246836e-08	-4.171706e+01	-7.417605e+02
4.000000e-07	-5.893658e-06	-1.242800e-08	-4.097295e+01	-7.376042e+02
4.100000e-07	-5.784611e-06	-1.236061e-08	-4.021485e+01	-7.333768e+02
4.200000e-07	-5.673535e-06	-1.228316e-08	-3.944265e+01	-7.290690e+02
4.300000e-07	-5.560276e-06	-1.220763e-08	-3.865526e+01	-7.246490e+02
4.400000e-07	-5.444738e-06	-1.214465e-08	-3.785205e+01	-7.200750e+02
4.500000e-07	-5.327050e-06	-1.206146e-08	-3.703387e+01	-7.153111e+02
4.600000e-07	-5.207453e-06	-1.195779e-08	-3.620243e+01	-7.103418e+02
4.700000e-07	-5.086044e-06	-1.186621e-08	-3.535839e+01	-7.051789e+02
4.800000e-07	-4.962785e-06	-1.179079e-08	-3.450149e+01	-6.998571e+02
4.900000e-07	-4.837715e-06	-1.171469e-08	-3.363199e+01	-6.944197e+02
5.000000e-07	-4.710953e-06	-1.161421e-08	-3.275074e+01	-6.889014e+02
5.100000e-07	-4.582562e-06	-1.151305e-08	-3.185816e+01	-6.833126e+02
5.200000e-07	-4.452502e-06	-1.142072e-08	-3.095398e+01	-6.776344e+02
5.300000e-07	-4.320718e-06	-1.132853e-08	-3.003781e+01	-6.718240e+02
5.400000e-07	-4.187358e-06	-1.121591e-08	-2.911069e+01	-6.658300e+02
5.500000e-07	-4.052542e-06	-1.110148e-08	-2.817344e+01	-6.596107e+02
5.600000e-07	-3.916305e-06	-1.100476e-08	-2.722631e+01	-6.531483e+02
5.700000e-07	-3.778669e-06	-1.090717e-08	-2.626946e+01	-6.464534e+02
5.800000e-07	-3.639537e-06	-1.078865e-08	-2.530221e+01	-6.395579e+02
5.900000e-07	-3.498858e-06	-1.065801e-08	-2.432421e+01	-6.324991e+02
6.000000e-07	-3.356740e-06	-1.054050e-08	-2.333619e+01	-6.253018e+02
6.100000e-07	-3.213315e-06	-1.042322e-08	-2.233910e+01	-6.179663e+02
6.200000e-07	-3.068604e-06	-1.029094e-08	-2.133306e+01	-6.104654e+02
6.300000e-07	-2.922758e-06	-1.015369e-08	-2.031913e+01	-6.027538e+02
6.400000e-07	-2.775978e-06	-1.002535e-08	-1.929871e+01	-5.947847e+02
6.500000e-07	-2.628293e-06	-9.897471e-09	-1.827200e+01	-5.865262e+02
6.600000e-07	-2.479800e-06	-9.751206e-09	-1.723967e+01	-5.779716e+02
6.700000e-07	-2.330549e-06	-9.594499e-09	-1.620207e+01	-5.691382e+02
6.800000e-07	-2.180455e-06	-9.440636e-09	-1.515861e+01	-5.600561e+02
6.900000e-07	-2.029552e-06	-9.290948e-09	-1.410953e+01	-5.507504e+02
7.000000e-07	-1.877918e-06	-9.130684e-09	-1.305537e+01	-5.412256e+02
7.100000e-07	-1.725601e-06	-8.960670e-09	-1.199645e+01	-5.314577e+02
7.200000e-07	-1.572716e-06	-8.790591e-09	-1.093359e+01	-5.213985e+02
7.300000e-07	-1.419357e-06	-8.619850e-09	-9.867431e+00	-5.109900e+02
7.400000e-07	-1.265525e-06	-8.439485e-09	-8.797981e+00	-5.001829e+02
7.500000e-07	-1.111153e-06	-8.246118e-09	-7.724783e+00	-4.889508e+02
7.600000e-07	-9.562519e-07	-8.051080e-09	-6.647903e+00	-4.772948e+02
7.700000e-07	-8.009051e-07	-7.854037e-09	-5.567925e+00	-4.652338e+02
7.800000e-07	-6.452520e-07	-7.648796e-09	-4.485819e+00	-4.527855e+02
7.900000e-07	-4.893912e-07	-7.430637e-09	-3.402268e+00	-4.399441e+02
8.000000e-07	-3.333749e-07	-7.202790e-09	-2.317636e+00	-4.266644e+02
8.100000e-07	-1.772305e-07	-6.967723e-09	-1.232113e+00	-4.128579e+02
8.200000e-07	-2.096350e-08	-6.721820e-09	-1.457391e-01	-3.984058e+02
8.300000e-07	1.353020e-07	-6.464388e-09	9.406251e-01	-3.831822e+02
8.400000e-07	2.914361e-07	-6.194637e-09	2.026076e+00	-3.670812e+02
8.500000e-07	4.474727e-07	-5.912425e-09	3.110849e+00	-3.500377e+02
8.600000e-07	6.033787e-07	-5.614334e-09	4.194713e+00	-3.320332e+02
8.700000e-07	7.590246e-07	-5.293562e-09	5.276770e+00	-3.130850e+02
8.800000e-07	9.143836e-07	-4.952442e-09	6.356832e+00	-2.932210e+02
8.900000e-07	1.069288e-06	-4.599623e-09	7.433735e+00	-2.724490e+02
9.000000e-07	1.223662e-06	-4.235666e-09	8.506946e+00	-2.507304e+02
9.100000e-07	1.377602e-06	-3.852903e-09	9.577148e+00	-2.279668e+02
9.200000e-07	1.531070e-06	-3.447401e-09	1.064406e+01	-2.040042e+02
9.300000e-07	1.684021e-06	-3.019157e-09	1.170738e+01	-1.786529e+02
9.400000e-07	1.836418e-06	-2.565506e-09	1.276685e+01	-1.517184e+02
9.500000e-07	1.988173e-06	-2.080389e-09	1.382186e+01	-1.230347e+02
9.600000e-07	2.139163e-06	-1.559180e-09	1.487155e+01	-9.249321e+01
9.700000e-07	2.289330e-06	-1.006424e-09	1.591552e+01	-6.006276e+01
9.800000e-07	2.438709e-06	-4.271669e-10	1.695400e+01	-2.580032e+01
9.900000e-07	2.587256e-06	1.795070e-10	1.798671e+01	1.014666e+01
1.000000e-06	2.734835e-06	8.114648e-10	1.901268e+01	4.754300e+01
1.010000e-06	2.881399e-06	1.464434e-09	2.003161e+01	8.607231e+01
1.020000e-06	3.026971e-06	2.128284e-09	2.104363e+01	1.253474e+02
1.030000e-06	3.171514e-06	2.796187e-09	2.204850e+01	1.649266e+02
1.040000e-06	3.314916e-06	3.462793e-09	2.304543e+01	2.043371e+02
1.050000e-06	3.457076e-06	4.118697e-09	2.403374e+01	2.431065e+02
1.060000e-06	3.597909e-06	4.755317e-09	2.501281e+01	2.807979e+02
1.070000e-06	3.737342e-06	5.365182e-09	2.598215e+01	3.170451e+02
1.080000e-06	3.875333e-06	5.944676e-09	2.694147e+01	3.515777e+02
1.090000e-06	4.011889e-06	6.493350e-09	2.789082e+01	3.842335e+02
1.100000e-06	4.146969e-06	7.010237e-09	2.882990e+01	4.149518e+02
1.110000e-06	4.280506e-06	7.494433e-09	2.975825e+01	4.437525e+02
1.120000e-06	4.412536e-06	7.947343e-09	3.067613e+01	4.707059e+02
1.130000e-06	4.542934e-06	8.371368e-09	3.158266e+01	4.959023e+02
1.140000e-06	4.671684e-06	8.767525e-09	3.247774e+01	5.194291e+02
1.150000e-06	4.798845e-06	9.136075e-09	3.336177e+01	5.413611e+02
1.160000e-06	4.924341e-06	9.478087e-09	3.423422e+01	5.617625e+02
1.170000e-06	5.048124e-06	9.795144e-09	3.509476e+01	5.806981e+02
1.180000e-06	5.170153e-06	1.009062e-08	3.594312e+01	5.982451e+02
1.190000e-06	5.290334e-06	1.036332e-08	3.677862e+01	6.144993e+02
1.200000e-06	5.408468e-06	1.061438e-08	3.759989e+01	6.295731e+02
1.210000e-06	5.524472e-06	1.084894e-08	3.840636e+01	6.435841e+02
1.220000e-06	5.638352e-06	1.107063e-08	3.919805e+01	6.566401e+02
1.230000e-06	5.750120e-06	1.127749e-08	3.997507e+01	6.688262e+02
1.240000e-06	5.859898e-06	1.146934e-08	4.073825e+01	6.801991e+02
1.250000e-06	5.967677e-06	1.164787e-08	4.148754e+01	6.907916e+02
1.260000e-06	6.073290e-06	1.181369e-08	4.222176e+01	7.006243e+02
1.270000e-06	6.176666e-06	1.196613e-08	4.294043e+01	7.097212e+02
1.280000e-06	6.277833e-06	1.210515e-08	4.364375e+01	7.181217e+02
1.290000e-06	6.376682e-06	1.223332e-08	4.433095e+01	7.258850e+02
1.300000e-06	6.473165e-06	1.235350e-08	4.500171e+01	7.330848e+02
1.310000e-06	6.567425e-06	1.246621e-08	4.565701e+01	7.397981e+02
1.320000e-06	6.659423e-06	1.257143e-08	4.629658e+01	7.460903e+02
1.330000e-06	6.749091e-06	1.267153e-08	4.691996e+01	7.520058e+02
1.340000e-06	6.836383e-06	1.276605e-08	4.752682e+01	7.575652e+02
1.350000e-06	6.921323e-06	1.285355e-08	4.811732e+01	7.627714e+02
1.360000e-06	7.003890e-06	1.293342e-08	4.869133e+01	7.676213e+02
1.370000e-06	7.083903e-06	1.300759e-08	4.924759e+01	7.721184e+02
1.380000e-06	7.161324e-06	1.307834e-08	4.978582e+01	7.762808e+02
1.390000e-06	7.236069e-06	1.314361e-08	5.030545e+01	7.801421e+02
1.400000e-06	7.308096e-06	1.320416e-08	5.080618e+01	7.837447e+02
1.410000e-06	7.377531e-06	1.326131e-08	5.128890e+01	7.871291e+02
1.420000e-06	7.444395e-06	1.331521e-08	5.175374e+01	7.903234e+02
1.430000e-06	7.508546e-06	1.336607e-08	5.219972e+01	7.933381e+02
1.440000e-06	7.570091e-06	1.341274e-08	5.262759e+01	7.961675e+02
1.450000e-06	7.629048e-06	1.345647e-08	5.303745e+01	7.987974e+02
1.460000e-06	7.685317e-06	1.349813e-08	5.342864e+01	8.012161e+02
1.470000e-06	7.738737e-06	1.353643e-08	5.380002e+01	8.034229e+02
1.480000e-06	7.788924e-06	1.357020e-08	5.414892e+01	8.054323e+02
1.490000e-06	7.836033e-06	1.359912e-08	5.447643e+01	8.072707e+02
1.500000e-06	7.880373e-06	1.362532e-08	5.478468e+01	8.089690e+02
1.510000e-06	7.921870e-06	1.365241e-08	5.507317e+01	8.105525e+02
1.520000e-06	7.960570e-06	1.367873e-08	5.534221e+01	8.120340e+02
1.530000e-06	7.996573e-06	1.370089e-08	5.559250e+01	8.134112e+02
1.540000e-06	8.029750e-06	1.372087e-08	5.582315e+01	8.146711e+02
1.550000e-06	8.060109e-06	1.374006e-08	5.603421e+01	8.157969e+02
1.560000e-06	8.087716e-06	1.375565e-08	5.622614e+01	8.167768e+02
1.570000e-06	8.112409e-06	1.376670e-08	5.639780e+01	8.176090e+02
1.580000e-06	8.134261e-06	1.377632e-08	5.654971e+01	8.183032e+02
1.590000e-06	8.153443e-06	1.378559e-08	5.668307e+01	8.188762e+02
1.600000e-06	8.169706e-06	1.379284e-08	5.679613e+01	8.193461e+02
1.610000e-06	8.182849e-06	1.379619e-08	5.688750e+01	8.197260e+02
1.620000e-06	8.192795e-06	1.379893e-08	5.695665e+01	8.200211e+02
1.630000e-06	8.199688e-06	1.380401e-08	5.700457e+01	8.202292e+02
1.640000e-06	8.203788e-06	1.380610e-08	5.703307e+01	8.203442e+02
1.650000e-06	8.205000e-06	1.380030e-08	5.704150e+01	8.203606e+02
1.660000e-06	8.203402e-06	1.380182e-08	5.703039e+01	8.202767e+02
1.670000e-06	8.199149e-06	1.380220e-08	5.700082e+01	8.200947e+02
1.680000e-06	8.192138e-06	1.379635e-08	5.695208e+01	8.198188e+02
1.690000e-06	8.182394e-06	1.378759e-08	5.688434e+01	8.194511e+02
1.700000e-06	8.169808e-06	1.377462e-08	5.679684e+01	8.189898e+02
1.710000e-06	8.154391e-06	1.375232e-08	5.668966e+01	8.184290e+02
1.720000e-06	8.136551e-06	1.370963e-08	5.656563e+01	8.177617e+02
1.730000e-06	8.116322e-06	1.376790e-08	5.642500e+01	8.169841e+02
1.740000e-06	8.092990e-06	1.382380e-08	5.626280e+01	8.160993e+02
1.750000e-06	8.065848e-06	1.375327e-08	5.607410e+01	8.151178e+02
1.760000e-06	8.034996e-06	1.369332e-08	5.585962e+01	8.140548e+02
1.770000e-06	8.001299e-06	1.367774e-08	5.562536e+01	8.129243e+02
1.780000e-06	7.965359e-06	1.360273e-08	5.537551e+01	8.117330e+02
1.790000e-06	7.927150e-06	1.360862e-08	5.510988e+01	8.104770e+02
1.800000e-06	7.886784e-06	1.367168e-08	5.482924e+01	8.091422e+02
1.810000e-06	7.843954e-06	1.351547e-08	5.453149e+01	8.077100e+02
1.820000e-06	7.798438e-06	1.359337e-08	5.421506e+01	8.061653e+02
1.830000e-06	7.750128e-06	1.358553e-08	5.387921e+01	8.045031e+02
1.840000e-06	7.698594e-06	1.347981e-08	5.352094e+01	8.027319e+02
1.850000e-06	7.644082e-06	1.352269e-08	5.314197e+01	8.008705e+02
1.860000e-06	7.586751e-06	1.336256e-08	5.274340e+01	7.989399e+02
1.870000e-06	7.526827e-06	1.344920e-08	5.232681e+01	7.969535e+02
1.880000e-06	7.464228e-06	1.340887e-08	5.189162e+01	7.949095e+02
1.890000e-06	7.398682e-06	1.332763e-08	5.143594e+01	7.927884e+02
1.900000e-06	7.330499e-06	1.335627e-08	5.096193e+01	7.905591e+02
1.910000e-06	7.259433e-06	1.324304e-08	5.046788e+01	7.881891e+02
1.920000e-06	7.185598e-06	1.326669e-08	4.995457e+01	7.856573e+02
1.930000e-06	7.109063e-06	1.314642e-08	4.942250e+01	7.829618e+02
1.940000e-06	7.029733e-06	1.312529e-08	4.887099e+01	7.801222e+02
1.950000e-06	6.948016e-06	1.310259e-08	4.830289e+01	7.771716e+02
1.960000e-06	6.863855e-06	1.303369e-08	4.771780e+01	7.741443e+02
1.970000e-06	6.777147e-06	1.304124e-08	4.711501e+01	7.710618e+02
1.980000e-06	6.687939e-06	1.290555e-08	4.649483e+01	7.679240e+02
1.990000e-06	6.596443e-06	1.288553e-08	4.585875e+01	7.647086e+02
2.000000e-06	6.502630e-06	1.280332e-08	4.520655e+01	7.613794e+02
2.010000e-06	6.406398e-06	1.275631e-08	4.453754e+01	7.579005e+02
2.020000e-06	6.307994e-06	1.269321e-08	4.385343e+01	7.542505e+02
2.030000e-06	6.207340e-06	1.263257e-08	4.315369e+01	7.504304e+02
2.040000e-06	6.104350e-06	1.260652e-08	4.243769e+01	7.464628e+02
2.050000e-06	5.999110e-06	1.251194e-08	4.170606e+01	7.423818e+02
2.060000e-06	5.891820e-06	1.244276e-08	4.096018e+01	7.382175e+02
2.070000e-06	5.782459e-06	1.233522e-08	4.019989e+01	7.339823e+02
2.080000e-06	5.670917e-06	1.228239e-08	3.942445e+01	7.296641e+02
2.090000e-06	5.557198e-06	1.220126e-08	3.863387e+01	7.252296e+02
2.100000e-06	5.441376e-06	1.213260e-08	3.782867e+01	7.206366e+02
2.110000e-06	5.323441e-06	1.205016e-08	3.700878e+01	7.158508e+02
2.120000e-06	5.203384e-06	1.197941e-08	3.617414e+01	7.108596e+02
2.130000e-06	5.081531e-06	1.189247e-08	3.532701e+01	7.056777e+02
2.140000e-06	4.957939e-06	1.178616e-08	3.446779e+01	7.003413e+02
2.150000e-06	4.832550e-06	1.169182e-08	3.359609e+01	6.948938e+02
2.160000e-06	4.705340e-06	1.159837e-08	3.271172e+01	6.893678e+02
2.170000e-06	4.576459e-06	1.151860e-08	3.181573e+01	6.837708e+02
2.180000e-06	4.446006e-06	1.141121e-08	3.090882e+01	6.780806e+02
2.190000e-06	4.314004e-06	1.131878e-08	2.999113e+01	6.722529e+02
2.200000e-06	4.180414e-06	1.121400e-08	2.906241e+01	6.662363e+02
2.210000e-06	4.045261e-06	1.111671e-08	2.812282e+01	6.599912e+02
2.220000e-06	3.908666e-06	1.099922e-08	2.717321e+01	6.535028e+02
2.230000e-06	3.770630e-06	1.088184e-08	2.621357e+01	6.467845e+02
2.240000e-06	3.631226e-06	1.076767e-08	2.524443e+01	6.398697e+02
2.250000e-06	3.490468e-06	1.064903e-08	2.426588e+01	6.327951e+02
2.260000e-06	3.348346e-06	1.052667e-08	2.327784e+01	6.255835e+02
2.270000e-06	3.204899e-06	1.039448e-08	2.228059e+01	6.182318e+02
2.280000e-06	3.060326e-06	1.027082e-08	2.127552e+01	6.107106e+02
2.290000e-06	2.914687e-06	1.014362e-08	2.026302e+01	6.029734e+02
2.300000e-06	2.768022e-06	1.001275e-08	1.924340e+01	5.949744e+02
2.310000e-06	2.620412e-06	9.871751e-09	1.821721e+01	5.866839e+02
2.320000e-06	2.471920e-06	9.727906e-09	1.718489e+01	5.780981e+02
2.330000e-06	2.322634e-06	9.579385e-09	1.614705e+01	5.692364e+02
2.340000e-06	2.172470e-06	9.421762e-09	1.510310e+01	5.601293e+02
2.350000e-06	2.021366e-06	9.259182e-09	1.405262e+01	5.508003e+02
2.360000e-06	1.869549e-06	9.098124e-09	1.299718e+01	5.412510e+02
2.370000e-06	1.717198e-06	8.938169e-09	1.193803e+01	5.314544e+02
2.380000e-06	1.564298e-06	8.773074e-09	1.087507e+01	5.213604e+02
2.390000e-06	1.410867e-06	8.596311e-09	9.808406e+00	5.109112e+02
2.400000e-06	1.256923e-06	8.411994e-09	8.738181e+00	5.000592e+02
2.410000e-06	1.102503e-06	8.218873e-09	7.664650e+00	4.887811e+02
2.420000e-06	9.476378e-07	8.016820e-09	6.588017e+00	4.770805e+02
2.430000e-06	7.923856e-07	7.808325e-09	5.508697e+00	4.649772e+02
2.440000e-06	6.368678e-07	7.596525e-09	4.427531e+00	4.524876e+02
2.450000e-06	4.811540e-07	7.386910e-09	3.345002e+00	4.396021e+02
2.460000e-06	3.252604e-07	7.168603e-09	2.261223e+00	4.262707e+02
2.470000e-06	1.691966e-07	6.937614e-09	1.176262e+00	4.124010e+02
2.480000e-06	1.306860e-08	6.689740e-09	9.085344e-02	3.978721e+02
2.490000e-06	-1.430209e-07	6.428317e-09	-9.942869e-01	3.825588e+02
2.500000e-06	-2.990196e-07	6.153762e-09	-2.078797e+00	3.663590e+02
2.510000e-06	-4.548563e-07	5.863043e-09	-3.162180e+00	3.492125e+02
2.520000e-06	-6.105067e-07	5.558957e-09	-4.244268e+00	3.311056e+02
2.530000e-06	-7.659415e-07	5.240514e-09	-5.324857e+00	3.120579e+02
2.540000e-06	-9.211098e-07	4.909142e-09	-6.403593e+00	2.920968e+02
2.550000e-06	-1.075910e-06	4.560659e-09	-7.479773e+00	2.712261e+02
2.560000e-06	-1.230243e-06	4.193466e-09	-8.552702e+00	2.494012e+02
2.570000e-06	-1.384089e-06	3.805399e-09	-9.622245e+00	2.265172e+02
2.580000e-06	-1.537428e-06	3.398855e-09	-1.068826e+01	2.024151e+02
2.590000e-06	-1.690240e-06	2.972086e-09	-1.175062e+01	1.769032e+02
2.600000e-06	-1.842498e-06	2.517984e-09	-1.280912e+01	1.497883e+02
2.610000e-06	-1.994112e-06	2.034425e-09	-1.386315e+01	1.209094e+02
2.620000e-06	-2.144906e-06	1.520552e-09	-1.491148e+01	9.016541e+01
2.630000e-06	-2.294774e-06	9.772123e-10	-1.595336e+01	5.753425e+01
2.640000e-06	-2.443889e-06	4.023136e-10	-1.699002e+01	2.308257e+01
2.650000e-06	-2.592295e-06	-2.039626e-10	-1.802174e+01	-1.303255e+01
2.660000e-06	-2.739801e-06	-8.348098e-10	-1.904721e+01	-5.056688e+01
2.670000e-06	-2.886319e-06	-1.482693e-09	-2.006581e+01	-8.919584e+01
2.680000e-06	-3.031805e-06	-2.141471e-09	-2.107723e+01	-1.285255e+02
2.690000e-06	-3.176175e-06	-2.805685e-09	-2.208090e+01	-1.681097e+02
2.700000e-06	-3.319283e-06	-3.466533e-09	-2.307579e+01	-2.074739e+02
2.710000e-06	-3.461094e-06	-4.116374e-09	-2.406167e+01	-2.461478e+02
2.720000e-06	-3.601664e-06	-4.748530e-09	-2.503892e+01	-2.837006e+02
2.730000e-06	-3.740881e-06	-5.355245e-09	-2.600676e+01	-3.197752e+02
2.740000e-06	-3.878639e-06	-5.933082e-09	-2.696446e+01	-3.541127e+02
2.750000e-06	-4.014994e-06	-6.478745e-09	-2.791240e+01	-3.865623e+02
2.760000e-06	-4.149930e-06	-6.993159e-09	-2.885049e+01	-4.170731e+02
2.770000e-06	-4.283388e-06	-7.476776e-09	-2.977829e+01	-4.456720e+02
2.780000e-06	-4.415308e-06	-7.929610e-09	-3.069540e+01	-4.724329e+02
2.790000e-06	-4.545613e-06	-8.351952e-09	-3.160129e+01	-4.974465e+02
2.800000e-06	-4.674330e-06	-8.746313e-09	-3.249614e+01	-5.207993e+02
2.810000e-06	-4.801406e-06	-9.115780e-09	-3.337957e+01	-5.425644e+02
2.820000e-06	-4.926779e-06	-9.457637e-09	-3.425117e+01	-5.628056e+02
2.830000e-06	-5.050427e-06	-9.774675e-09	-3.511078e+01	-5.815885e+02
2.840000e-06	-5.172266e-06	-1.006940e-08	-3.595781e+01	-5.989921e+02
2.850000e-06	-5.292241e-06	-1.034209e-08	-3.679187e+01	-6.151144e+02
2.860000e-06	-5.410191e-06	-1.059395e-08	-3.761187e+01	-6.300689e+02
2.870000e-06	-5.525975e-06	-1.082807e-08	-3.841681e+01	-6.439728e+02
2.880000e-06	-5.639459e-06	-1.104880e-08	-3.920575e+01	-6.569322e+02
2.890000e-06	-5.750714e-06	-1.125612e-08	-3.997920e+01	-6.690290e+02
2.900000e-06	-5.859906e-06	-1.144661e-08	-4.073831e+01	-6.803172e+02
2.910000e-06	-5.967108e-06	-1.162097e-08	-4.148358e+01	-6.908274e+02
2.920000e-06	-6.072348e-06	-1.178323e-08	-4.221521e+01	-7.005801e+02
2.930000e-06	-6.175407e-06	-1.193533e-08	-4.293168e+01	-7.096003e+02
2.940000e-06	-6.276187e-06	-1.207695e-08	-4.363231e+01	-7.179294e+02
2.950000e-06	-6.374769e-06	-1.220837e-08	-4.431766e+01	-7.256287e+02
2.960000e-06	-6.471202e-06	-1.233055e-08	-4.498806e+01	-7.327730e+02
2.970000e-06	-6.565338e-06	-1.244441e-08	-4.564250e+01	-7.394384e+02
2.980000e-06	-6.657093e-06	-1.255289e-08	-4.628038e+01	-7.456887e+02
2.990000e-06	-6.746568e-06	-1.265361e-08	-4.690242e+01	-7.515655e+02
3.000000e-06	-6.833696e-06	-1.274474e-08	-4.750814e+01	-7.570873e+02
3.010000e-06	-6.918325e-06	-1.282880e-08	-4.809648e+01	-7.622555e+02
3.020000e-06	-7.000477e-06	-1.290874e-08	-4.866760e+01	-7.670674e+02
3.030000e-06	-7.080121e-06	-1.298539e-08	-4.922129e+01	-7.715276e+02
3.040000e-06	-7.157067e-06	-1.305564e-08	-4.975622e+01	-7.756560e+02
3.050000e-06	-7.231328e-06	-1.312065e-08	-5.027249e+01	-7.794876e+02
3.060000e-06	-7.302952e-06	-1.318312e-08	-5.077043e+01	-7.830652e+02
3.070000e-06	-7.371929e-06	-1.324125e-08	-5.124996e+01	-7.864282e+02
3.080000e-06	-7.438342e-06	-1.329345e-08	-5.171166e+01	-7.896032e+02
3.090000e-06	-7.502188e-06	-1.334028e-08	-5.215552e+01	-7.925987e+02
3.100000e-06	-7.563359e-06	-1.338529e-08	-5.258078e+01	-7.954075e+02
3.110000e-06	-7.621800e-06	-1.342790e-08	-5.298707e+01	-7.980153e+02
3.120000e-06	-7.677431e-06	-1.346807e-08	-5.337381e+01	-8.004112e+02
3.130000e-06	-7.730145e-06	-1.350753e-08	-5.374029e+01	-8.025961e+02
3.140000e-06	-7.779785e-06	-1.354506e-08	-5.408539e+01	-8.045858e+02
3.150000e-06	-7.826389e-06	-1.357787e-08	-5.440938e+01	-8.064079e+02
3.160000e-06	-7.870368e-06	-1.360536e-08	-5.471512e+01	-8.080929e+02
3.170000e-06	-7.911867e-06	-1.362766e-08	-5.500363e+01	-8.096653e+02
3.180000e-06	-7.950672e-06	-1.365026e-08	-5.527340e+01	-8.111360e+02
3.190000e-06	-7.986678e-06	-1.367444e-08	-5.552372e+01	-8.125015e+02
3.200000e-06	-8.019960e-06	-1.369743e-08	-5.575509e+01	-8.137479e+02
3.210000e-06	-8.050318e-06	-1.371829e-08	-5.596614e+01	-8.148586e+02
3.220000e-06	-8.077663e-06	-1.373665e-08	-5.615625e+01	-8.158227e+02
3.230000e-06	-8.102211e-06	-1.375259e-08	-5.632690e+01	-8.166396e+02
3.240000e-06	-8.123899e-06	-1.376384e-08	-5.647768e+01	-8.173200e+02
3.250000e-06	-8.142729e-06	-1.377267e-08	-5.660858e+01	-8.178813e+02
3.260000e-06	-8.158686e-06	-1.378133e-08	-5.671952e+01	-8.183411e+02
3.270000e-06	-8.171505e-06	-1.379036e-08	-5.680864e+01	-8.187120e+02
3.280000e-06	-8.181283e-06	-1.379758e-08	-5.687662e+01	-8.189981e+02
3.290000e-06	-8.188115e-06	-1.380294e-08	-5.692411e+01	-8.191966e+02
3.300000e-06	-8.191996e-06	-1.380634e-08	-5.695109e+01	-8.193014e+02
3.310000e-06	-8.193152e-06	-1.380866e-08	-5.695913e+01	-8.193071e+02
