# Temperatura_=_54.93
# Concentracion g/m^3_=_11780.0
# C_Vs_to_Am_M_A/Vsm_=_59384043850.047264
# pendiente_HvsI_1/m_=_3716.3
# ordenada_HvsI_A/m_=_1297.0
# frecuencia_Hz_=_301391.4853389192

Tiempo_(s)	Campo_(V.s)	Magnetizacion_(V.s)	Campo_(kA/m)	Magnetizacion_(A/m)
0.000000e+00	-8.175800e-06	-1.368325e-08	-5.694907e+01	-8.119221e+02
1.000000e-08	-8.172150e-06	-1.367619e-08	-5.692364e+01	-8.117444e+02
2.000000e-08	-8.165844e-06	-1.367008e-08	-5.687973e+01	-8.114910e+02
3.000000e-08	-8.156792e-06	-1.366249e-08	-5.681667e+01	-8.111609e+02
4.000000e-08	-8.144810e-06	-1.365607e-08	-5.673321e+01	-8.107470e+02
5.000000e-08	-8.129860e-06	-1.365225e-08	-5.662907e+01	-8.102381e+02
6.000000e-08	-8.112108e-06	-1.365528e-08	-5.650542e+01	-8.096234e+02
7.000000e-08	-8.091890e-06	-1.364808e-08	-5.636459e+01	-8.088972e+02
8.000000e-08	-8.068940e-06	-1.359132e-08	-5.620473e+01	-8.080619e+02
9.000000e-08	-8.042718e-06	-1.355010e-08	-5.602208e+01	-8.071279e+02
1.000000e-07	-8.013294e-06	-1.355617e-08	-5.581712e+01	-8.061102e+02
1.100000e-07	-7.981009e-06	-1.356367e-08	-5.559224e+01	-8.050230e+02
1.200000e-07	-7.945969e-06	-1.354974e-08	-5.534817e+01	-8.038741e+02
1.300000e-07	-7.908452e-06	-1.353887e-08	-5.508684e+01	-8.026625e+02
1.400000e-07	-7.868773e-06	-1.352589e-08	-5.481045e+01	-8.013790e+02
1.500000e-07	-7.826509e-06	-1.346937e-08	-5.451607e+01	-8.000108e+02
1.600000e-07	-7.781347e-06	-1.347261e-08	-5.420148e+01	-7.985472e+02
1.700000e-07	-7.733455e-06	-1.341371e-08	-5.386789e+01	-7.969846e+02
1.800000e-07	-7.682521e-06	-1.335902e-08	-5.351311e+01	-7.953280e+02
1.900000e-07	-7.628500e-06	-1.338233e-08	-5.313682e+01	-7.935871e+02
2.000000e-07	-7.571705e-06	-1.335004e-08	-5.274121e+01	-7.917715e+02
2.100000e-07	-7.512188e-06	-1.332840e-08	-5.232664e+01	-7.898830e+02
2.200000e-07	-7.449995e-06	-1.326500e-08	-5.189343e+01	-7.879127e+02
2.300000e-07	-7.385060e-06	-1.322438e-08	-5.144112e+01	-7.858415e+02
2.400000e-07	-7.317409e-06	-1.320241e-08	-5.096989e+01	-7.836468e+02
2.500000e-07	-7.247132e-06	-1.314339e-08	-5.048038e+01	-7.813106e+02
2.600000e-07	-7.174104e-06	-1.310230e-08	-4.997169e+01	-7.788285e+02
2.700000e-07	-7.098224e-06	-1.307538e-08	-4.944314e+01	-7.762125e+02
2.800000e-07	-7.019539e-06	-1.305827e-08	-4.889506e+01	-7.734883e+02
2.900000e-07	-6.938174e-06	-1.299546e-08	-4.832831e+01	-7.706857e+02
3.000000e-07	-6.854408e-06	-1.292377e-08	-4.774483e+01	-7.678275e+02
3.100000e-07	-6.768435e-06	-1.287392e-08	-4.714598e+01	-7.649186e+02
3.200000e-07	-6.680172e-06	-1.282403e-08	-4.653117e+01	-7.619424e+02
3.300000e-07	-6.589482e-06	-1.278614e-08	-4.589947e+01	-7.588653e+02
3.400000e-07	-6.496488e-06	-1.272992e-08	-4.525171e+01	-7.556474e+02
3.500000e-07	-6.401186e-06	-1.267894e-08	-4.458788e+01	-7.522575e+02
3.600000e-07	-6.303447e-06	-1.263202e-08	-4.390707e+01	-7.486840e+02
3.700000e-07	-6.203396e-06	-1.256460e-08	-4.321016e+01	-7.449395e+02
3.800000e-07	-6.101131e-06	-1.247659e-08	-4.249783e+01	-7.410555e+02
3.900000e-07	-5.996663e-06	-1.239280e-08	-4.177015e+01	-7.370696e+02
4.000000e-07	-5.889971e-06	-1.233839e-08	-4.102698e+01	-7.330100e+02
4.100000e-07	-5.781209e-06	-1.228307e-08	-4.026939e+01	-7.288831e+02
4.200000e-07	-5.670530e-06	-1.221461e-08	-3.949845e+01	-7.246704e+02
4.300000e-07	-5.557760e-06	-1.213940e-08	-3.871294e+01	-7.203340e+02
4.400000e-07	-5.442651e-06	-1.207308e-08	-3.791114e+01	-7.158319e+02
4.500000e-07	-5.325338e-06	-1.199693e-08	-3.709399e+01	-7.111336e+02
4.600000e-07	-5.206146e-06	-1.189900e-08	-3.626375e+01	-7.062333e+02
4.700000e-07	-5.085169e-06	-1.180112e-08	-3.542108e+01	-7.011517e+02
4.800000e-07	-4.962296e-06	-1.171985e-08	-3.456520e+01	-6.959285e+02
4.900000e-07	-4.837592e-06	-1.164432e-08	-3.369656e+01	-6.906058e+02
5.000000e-07	-4.711245e-06	-1.155493e-08	-3.281648e+01	-6.852109e+02
5.100000e-07	-4.583280e-06	-1.145524e-08	-3.192513e+01	-6.797439e+02
5.200000e-07	-4.453701e-06	-1.136130e-08	-3.102255e+01	-6.741755e+02
5.300000e-07	-4.322342e-06	-1.127087e-08	-3.010756e+01	-6.684569e+02
5.400000e-07	-4.189311e-06	-1.116547e-08	-2.918092e+01	-6.625369e+02
5.500000e-07	-4.054846e-06	-1.105034e-08	-2.824429e+01	-6.563805e+02
5.600000e-07	-3.918971e-06	-1.094646e-08	-2.729785e+01	-6.499804e+02
5.700000e-07	-3.781707e-06	-1.085125e-08	-2.634173e+01	-6.433585e+02
5.800000e-07	-3.642957e-06	-1.073936e-08	-2.537526e+01	-6.365549e+02
5.900000e-07	-3.502699e-06	-1.061215e-08	-2.439828e+01	-6.296101e+02
6.000000e-07	-3.361034e-06	-1.049199e-08	-2.341150e+01	-6.225467e+02
6.100000e-07	-3.218030e-06	-1.037929e-08	-2.241540e+01	-6.153584e+02
6.200000e-07	-3.073750e-06	-1.025528e-08	-2.141041e+01	-6.080104e+02
6.300000e-07	-2.928338e-06	-1.011960e-08	-2.039753e+01	-6.004509e+02
6.400000e-07	-2.781928e-06	-9.986942e-09	-1.937770e+01	-5.926293e+02
6.500000e-07	-2.634569e-06	-9.860899e-09	-1.835126e+01	-5.845136e+02
6.600000e-07	-2.486367e-06	-9.723384e-09	-1.731895e+01	-5.760998e+02
6.700000e-07	-2.337434e-06	-9.569855e-09	-1.628155e+01	-5.674089e+02
6.800000e-07	-2.187749e-06	-9.413952e-09	-1.523891e+01	-5.584741e+02
6.900000e-07	-2.037281e-06	-9.264213e-09	-1.419082e+01	-5.493223e+02
7.000000e-07	-1.886034e-06	-9.110453e-09	-1.313729e+01	-5.399574e+02
7.100000e-07	-1.734090e-06	-8.943586e-09	-1.207892e+01	-5.303539e+02
7.200000e-07	-1.581584e-06	-8.771661e-09	-1.101663e+01	-5.204615e+02
7.300000e-07	-1.428569e-06	-8.600940e-09	-9.950789e+00	-5.102214e+02
7.400000e-07	-1.275001e-06	-8.426514e-09	-8.881103e+00	-4.995846e+02
7.500000e-07	-1.120817e-06	-8.238030e-09	-7.807124e+00	-4.885272e+02
7.600000e-07	-9.661307e-07	-8.041536e-09	-6.729647e+00	-4.770537e+02
7.700000e-07	-8.110602e-07	-7.843735e-09	-5.649493e+00	-4.651878e+02
7.800000e-07	-6.556869e-07	-7.642560e-09	-4.567230e+00	-4.529519e+02
7.900000e-07	-5.001061e-07	-7.430361e-09	-3.483522e+00	-4.403446e+02
8.000000e-07	-3.443181e-07	-7.207027e-09	-2.398370e+00	-4.273234e+02
8.100000e-07	-1.884499e-07	-6.977007e-09	-1.312660e+00	-4.138015e+02
8.200000e-07	-3.257136e-08	-6.739219e-09	-2.268779e-01	-3.996594e+02
8.300000e-07	1.233379e-07	-6.489540e-09	8.591181e-01	-3.847685e+02
8.400000e-07	2.792094e-07	-6.221337e-09	1.944851e+00	-3.690186e+02
8.500000e-07	4.349819e-07	-5.937752e-09	3.029895e+00	-3.523395e+02
8.600000e-07	5.906024e-07	-5.644160e-09	4.113880e+00	-3.347084e+02
8.700000e-07	7.460033e-07	-5.334042e-09	5.196335e+00	-3.161407e+02
8.800000e-07	9.011156e-07	-5.002344e-09	6.276780e+00	-2.966667e+02
8.900000e-07	1.055841e-06	-4.656651e-09	7.354533e+00	-2.763011e+02
9.000000e-07	1.210116e-06	-4.301862e-09	8.429141e+00	-2.550175e+02
9.100000e-07	1.363890e-06	-3.929898e-09	9.500265e+00	-2.327326e+02
9.200000e-07	1.517116e-06	-3.532896e-09	1.056757e+01	-2.093086e+02
9.300000e-07	1.669760e-06	-3.110330e-09	1.163082e+01	-1.845698e+02
9.400000e-07	1.821815e-06	-2.664872e-09	1.268997e+01	-1.583311e+02
9.500000e-07	1.973285e-06	-2.194102e-09	1.374505e+01	-1.304282e+02
9.600000e-07	2.124027e-06	-1.689069e-09	1.479505e+01	-1.007463e+02
9.700000e-07	2.273907e-06	-1.151383e-09	1.583905e+01	-6.923939e+01
9.800000e-07	2.422955e-06	-5.886869e-10	1.687725e+01	-3.594171e+01
9.900000e-07	2.571203e-06	-2.420616e-12	1.790988e+01	-9.716280e-01
1.000000e-06	2.718620e-06	6.115676e-10	1.893672e+01	3.546927e+01
1.010000e-06	2.865118e-06	1.252153e-09	1.995717e+01	7.310028e+01
1.020000e-06	3.010576e-06	1.907435e-09	2.097036e+01	1.115692e+02
1.030000e-06	3.154903e-06	2.564494e-09	2.197568e+01	1.504653e+02
1.040000e-06	3.298047e-06	3.218974e-09	2.297276e+01	1.893392e+02
1.050000e-06	3.439999e-06	3.868247e-09	2.396154e+01	2.277313e+02
1.060000e-06	3.580669e-06	4.502172e-09	2.494139e+01	2.652052e+02
1.070000e-06	3.719914e-06	5.109697e-09	2.591130e+01	3.013827e+02
1.080000e-06	3.857721e-06	5.687815e-09	2.687121e+01	3.359716e+02
1.090000e-06	3.994045e-06	6.239032e-09	2.782078e+01	3.687819e+02
1.100000e-06	4.128865e-06	6.761108e-09	2.875988e+01	3.997249e+02
1.110000e-06	4.262265e-06	7.248918e-09	2.968909e+01	4.287975e+02
1.120000e-06	4.394149e-06	7.704956e-09	3.060774e+01	4.560549e+02
1.130000e-06	4.524423e-06	8.134887e-09	3.151516e+01	4.815805e+02
1.140000e-06	4.653061e-06	8.539417e-09	3.241120e+01	5.054612e+02
1.150000e-06	4.780067e-06	8.915368e-09	3.329587e+01	5.277724e+02
1.160000e-06	4.905461e-06	9.261325e-09	3.416931e+01	5.485758e+02
1.170000e-06	5.029162e-06	9.582197e-09	3.503096e+01	5.679273e+02
1.180000e-06	5.151035e-06	9.882126e-09	3.587987e+01	5.858884e+02
1.190000e-06	5.270988e-06	1.016081e-08	3.671541e+01	6.025356e+02
1.200000e-06	5.388985e-06	1.041919e-08	3.753733e+01	6.179629e+02
1.210000e-06	5.504987e-06	1.066243e-08	3.834535e+01	6.322770e+02
1.220000e-06	5.618900e-06	1.089213e-08	3.913882e+01	6.455858e+02
1.230000e-06	5.730650e-06	1.110386e-08	3.991722e+01	6.579860e+02
1.240000e-06	5.840398e-06	1.129560e-08	4.068168e+01	6.695542e+02
1.250000e-06	5.948183e-06	1.147228e-08	4.143246e+01	6.803450e+02
1.260000e-06	6.053786e-06	1.163885e-08	4.216804e+01	6.903958e+02
1.270000e-06	6.157160e-06	1.179562e-08	4.288810e+01	6.997369e+02
1.280000e-06	6.258405e-06	1.194121e-08	4.359333e+01	7.084011e+02
1.290000e-06	6.357371e-06	1.207733e-08	4.428268e+01	7.164308e+02
1.300000e-06	6.453910e-06	1.220490e-08	4.495514e+01	7.238788e+02
1.310000e-06	6.548135e-06	1.232229e-08	4.561147e+01	7.308033e+02
1.320000e-06	6.640085e-06	1.242798e-08	4.625195e+01	7.372604e+02
1.330000e-06	6.729679e-06	1.252660e-08	4.687602e+01	7.432965e+02
1.340000e-06	6.816920e-06	1.262089e-08	4.748370e+01	7.489446e+02
1.350000e-06	6.901930e-06	1.270873e-08	4.807585e+01	7.542253e+02
1.360000e-06	6.984551e-06	1.278996e-08	4.865135e+01	7.591521e+02
1.370000e-06	7.064561e-06	1.286613e-08	4.920866e+01	7.637384e+02
1.380000e-06	7.141999e-06	1.294033e-08	4.974807e+01	7.680027e+02
1.390000e-06	7.216772e-06	1.300887e-08	5.026890e+01	7.719704e+02
1.400000e-06	7.288853e-06	1.307013e-08	5.077099e+01	7.756719e+02
1.410000e-06	7.358362e-06	1.312741e-08	5.125515e+01	7.791370e+02
1.420000e-06	7.425244e-06	1.318251e-08	5.172102e+01	7.823895e+02
1.430000e-06	7.489478e-06	1.323316e-08	5.216845e+01	7.854439e+02
1.440000e-06	7.551182e-06	1.327843e-08	5.259825e+01	7.883056e+02
1.450000e-06	7.610267e-06	1.332108e-08	5.300981e+01	7.909737e+02
1.460000e-06	7.666586e-06	1.336348e-08	5.340211e+01	7.934469e+02
1.470000e-06	7.720047e-06	1.340397e-08	5.377450e+01	7.957280e+02
1.480000e-06	7.770363e-06	1.344005e-08	5.412497e+01	7.978260e+02
1.490000e-06	7.817634e-06	1.347089e-08	5.445424e+01	7.997554e+02
1.500000e-06	7.862172e-06	1.349795e-08	5.476448e+01	8.015328e+02
1.510000e-06	7.903885e-06	1.352397e-08	5.505503e+01	8.031727e+02
1.520000e-06	7.942742e-06	1.354891e-08	5.532569e+01	8.046838e+02
1.530000e-06	7.978862e-06	1.357209e-08	5.557729e+01	8.060687e+02
1.540000e-06	8.012190e-06	1.359248e-08	5.580944e+01	8.073255e+02
1.550000e-06	8.042721e-06	1.361035e-08	5.602210e+01	8.084507e+02
1.560000e-06	8.070474e-06	1.362605e-08	5.621542e+01	8.094427e+02
1.570000e-06	8.095317e-06	1.363980e-08	5.638846e+01	8.103033e+02
1.580000e-06	8.117340e-06	1.365077e-08	5.654186e+01	8.110380e+02
1.590000e-06	8.136654e-06	1.365954e-08	5.667639e+01	8.116534e+02
1.600000e-06	8.153003e-06	1.366784e-08	5.679028e+01	8.121556e+02
1.610000e-06	8.166239e-06	1.367270e-08	5.688248e+01	8.125485e+02
1.620000e-06	8.176369e-06	1.367483e-08	5.695304e+01	8.128340e+02
1.630000e-06	8.183477e-06	1.367695e-08	5.700255e+01	8.130140e+02
1.640000e-06	8.187710e-06	1.367877e-08	5.703203e+01	8.130917e+02
1.650000e-06	8.189069e-06	1.367722e-08	5.704150e+01	8.130733e+02
1.660000e-06	8.187668e-06	1.367678e-08	5.703174e+01	8.129671e+02
1.670000e-06	8.183606e-06	1.367347e-08	5.700345e+01	8.127810e+02
1.680000e-06	8.176790e-06	1.366839e-08	5.695597e+01	8.125194e+02
1.690000e-06	8.167273e-06	1.366360e-08	5.688968e+01	8.121806e+02
1.700000e-06	8.154964e-06	1.365440e-08	5.680394e+01	8.117569e+02
1.710000e-06	8.139827e-06	1.363683e-08	5.669850e+01	8.112370e+02
1.720000e-06	8.122192e-06	1.360587e-08	5.657566e+01	8.106104e+02
1.730000e-06	8.102178e-06	1.362981e-08	5.643625e+01	8.098721e+02
1.740000e-06	8.079163e-06	1.365572e-08	5.627594e+01	8.090255e+02
1.750000e-06	8.052399e-06	1.362336e-08	5.608951e+01	8.080816e+02
1.760000e-06	8.021933e-06	1.358499e-08	5.587730e+01	8.070558e+02
1.770000e-06	7.988515e-06	1.355640e-08	5.564452e+01	8.059616e+02
1.780000e-06	7.952775e-06	1.350007e-08	5.539558e+01	8.048061e+02
1.790000e-06	7.914816e-06	1.350650e-08	5.513117e+01	8.035872e+02
1.800000e-06	7.874708e-06	1.352631e-08	5.485180e+01	8.022951e+02
1.810000e-06	7.832133e-06	1.343380e-08	5.455524e+01	8.009168e+02
1.820000e-06	7.786853e-06	1.346640e-08	5.423984e+01	7.994425e+02
1.830000e-06	7.738817e-06	1.343910e-08	5.390524e+01	7.978694e+02
1.840000e-06	7.687628e-06	1.338323e-08	5.354868e+01	7.962031e+02
1.850000e-06	7.633380e-06	1.338061e-08	5.317081e+01	7.944537e+02
1.860000e-06	7.576319e-06	1.328501e-08	5.277335e+01	7.926302e+02
1.870000e-06	7.516713e-06	1.332207e-08	5.235816e+01	7.907335e+02
1.880000e-06	7.454493e-06	1.329710e-08	5.192476e+01	7.887532e+02
1.890000e-06	7.389359e-06	1.324489e-08	5.147106e+01	7.866698e+02
1.900000e-06	7.321497e-06	1.322400e-08	5.099837e+01	7.844604e+02
1.910000e-06	7.250790e-06	1.314259e-08	5.050586e+01	7.821084e+02
1.920000e-06	7.177323e-06	1.312707e-08	4.999412e+01	7.796110e+02
1.930000e-06	7.101170e-06	1.305179e-08	4.946367e+01	7.769818e+02
1.940000e-06	7.022222e-06	1.301698e-08	4.891375e+01	7.742476e+02
1.950000e-06	6.940784e-06	1.298973e-08	4.834649e+01	7.714382e+02
1.960000e-06	6.856872e-06	1.294763e-08	4.776199e+01	7.685745e+02
1.970000e-06	6.770400e-06	1.292646e-08	4.715966e+01	7.656594e+02
1.980000e-06	6.681442e-06	1.282593e-08	4.654002e+01	7.626741e+02
1.990000e-06	6.590200e-06	1.277330e-08	4.590447e+01	7.595836e+02
2.000000e-06	6.496654e-06	1.270832e-08	4.525287e+01	7.563484e+02
2.010000e-06	6.400743e-06	1.265671e-08	4.458479e+01	7.529388e+02
2.020000e-06	6.302659e-06	1.259922e-08	4.390158e+01	7.493458e+02
2.030000e-06	6.202340e-06	1.254365e-08	4.320281e+01	7.455845e+02
2.040000e-06	6.099711e-06	1.250768e-08	4.248793e+01	7.416877e+02
2.050000e-06	5.994847e-06	1.243559e-08	4.175750e+01	7.376927e+02
2.060000e-06	5.887899e-06	1.235511e-08	4.101255e+01	7.336259e+02
2.070000e-06	5.778879e-06	1.225927e-08	4.025316e+01	7.294910e+02
2.080000e-06	5.667746e-06	1.219068e-08	3.947906e+01	7.252669e+02
2.090000e-06	5.554502e-06	1.212077e-08	3.869025e+01	7.209146e+02
2.100000e-06	5.439106e-06	1.205236e-08	3.788645e+01	7.163924e+02
2.110000e-06	5.321577e-06	1.197571e-08	3.706779e+01	7.116721e+02
2.120000e-06	5.201978e-06	1.190402e-08	3.623472e+01	7.067508e+02
2.130000e-06	5.080522e-06	1.181987e-08	3.538871e+01	7.016518e+02
2.140000e-06	4.957270e-06	1.172061e-08	3.453019e+01	6.964159e+02
2.150000e-06	4.832271e-06	1.161607e-08	3.365950e+01	6.910845e+02
2.160000e-06	4.705512e-06	1.152529e-08	3.277655e+01	6.856823e+02
2.170000e-06	4.577024e-06	1.144534e-08	3.188156e+01	6.802061e+02
2.180000e-06	4.446978e-06	1.135157e-08	3.097572e+01	6.746240e+02
2.190000e-06	4.315365e-06	1.125626e-08	3.005896e+01	6.688860e+02
2.200000e-06	4.182206e-06	1.115528e-08	2.913143e+01	6.629418e+02
2.210000e-06	4.047465e-06	1.105620e-08	2.819288e+01	6.567589e+02
2.220000e-06	3.911205e-06	1.094120e-08	2.724375e+01	6.503334e+02
2.230000e-06	3.773567e-06	1.082331e-08	2.628503e+01	6.436898e+02
2.240000e-06	3.634546e-06	1.070791e-08	2.531667e+01	6.368692e+02
2.250000e-06	3.494162e-06	1.059630e-08	2.433881e+01	6.299109e+02
2.260000e-06	3.352459e-06	1.047723e-08	2.335177e+01	6.228349e+02
2.270000e-06	3.209423e-06	1.035044e-08	2.235545e+01	6.156315e+02
2.280000e-06	3.065192e-06	1.022443e-08	2.135080e+01	6.082633e+02
2.290000e-06	2.919937e-06	1.010053e-08	2.033902e+01	6.006777e+02
2.300000e-06	2.773675e-06	9.970681e-09	1.932021e+01	5.928255e+02
2.310000e-06	2.626388e-06	9.831715e-09	1.829428e+01	5.846775e+02
2.320000e-06	2.478239e-06	9.688936e-09	1.726234e+01	5.762324e+02
2.330000e-06	2.329295e-06	9.545480e-09	1.622486e+01	5.675136e+02
2.340000e-06	2.179504e-06	9.394718e-09	1.518148e+01	5.585545e+02
2.350000e-06	2.028842e-06	9.232032e-09	1.413203e+01	5.493801e+02
2.360000e-06	1.877390e-06	9.070903e-09	1.307708e+01	5.399912e+02
2.370000e-06	1.725300e-06	8.912534e-09	1.201769e+01	5.303593e+02
2.380000e-06	1.572636e-06	8.753629e-09	1.095430e+01	5.204323e+02
2.390000e-06	1.419470e-06	8.582522e-09	9.887410e+00	5.101516e+02
2.400000e-06	1.265832e-06	8.402996e-09	8.817238e+00	4.994702e+02
2.410000e-06	1.111718e-06	8.214549e-09	7.743746e+00	4.883674e+02
2.420000e-06	9.571508e-07	8.016471e-09	6.667097e+00	4.768504e+02
2.430000e-06	8.022527e-07	7.808592e-09	5.588144e+00	4.649439e+02
2.440000e-06	6.471107e-07	7.596651e-09	4.507492e+00	4.526688e+02
2.450000e-06	4.917197e-07	7.390256e-09	3.425106e+00	4.400198e+02
2.460000e-06	3.361148e-07	7.180467e-09	2.341229e+00	4.269497e+02
2.470000e-06	1.803837e-07	6.956685e-09	1.256475e+00	4.133673e+02
2.480000e-06	2.461056e-08	6.715220e-09	1.714265e-01	3.991509e+02
2.490000e-06	-1.311009e-07	6.461623e-09	-9.131920e-01	3.841725e+02
2.500000e-06	-2.866952e-07	6.194060e-09	-1.996994e+00	3.683254e+02
2.510000e-06	-4.422107e-07	5.907207e-09	-3.080248e+00	3.515444e+02
2.520000e-06	-5.976003e-07	5.604284e-09	-4.162624e+00	3.338116e+02
2.530000e-06	-7.527731e-07	5.292760e-09	-5.243491e+00	3.151453e+02
2.540000e-06	-9.076666e-07	4.970674e-09	-6.322411e+00	2.955754e+02
2.550000e-06	-1.062178e-06	4.629977e-09	-7.398673e+00	2.751136e+02
2.560000e-06	-1.216261e-06	4.268917e-09	-8.471943e+00	2.537275e+02
2.570000e-06	-1.369858e-06	3.890449e-09	-9.541833e+00	2.313279e+02
2.580000e-06	-1.522943e-06	3.493867e-09	-1.060816e+01	2.077717e+02
2.590000e-06	-1.675532e-06	3.074504e-09	-1.167103e+01	1.828809e+02
2.600000e-06	-1.827506e-06	2.629061e-09	-1.272961e+01	1.564708e+02
2.610000e-06	-1.978838e-06	2.159124e-09	-1.378372e+01	1.283816e+02
2.620000e-06	-2.129450e-06	1.663757e-09	-1.483282e+01	9.850491e+01
2.630000e-06	-2.279232e-06	1.137664e-09	-1.587614e+01	6.680289e+01
2.640000e-06	-2.428178e-06	5.776563e-10	-1.691363e+01	3.331873e+01
2.650000e-06	-2.576292e-06	-1.236214e-11	-1.794533e+01	-1.820164e+00
2.660000e-06	-2.723561e-06	-6.254022e-10	-1.897114e+01	-3.840348e+01
2.670000e-06	-2.869805e-06	-1.257733e-09	-1.998981e+01	-7.614242e+01
2.680000e-06	-3.015014e-06	-1.904296e-09	-2.100128e+01	-1.146778e+02
2.690000e-06	-3.159271e-06	-2.557875e-09	-2.200611e+01	-1.535936e+02
2.700000e-06	-3.302370e-06	-3.208594e-09	-2.300287e+01	-1.924379e+02
2.710000e-06	-3.444107e-06	-3.850042e-09	-2.399015e+01	-2.307518e+02
2.720000e-06	-3.584460e-06	-4.477341e-09	-2.496779e+01	-2.681037e+02
2.730000e-06	-3.723448e-06	-5.084442e-09	-2.593592e+01	-3.041234e+02
2.740000e-06	-3.861052e-06	-5.664907e-09	-2.689441e+01	-3.385291e+02
2.750000e-06	-3.997274e-06	-6.214029e-09	-2.784327e+01	-3.711420e+02
2.760000e-06	-4.132090e-06	-6.732008e-09	-2.878234e+01	-4.018837e+02
2.770000e-06	-4.265396e-06	-7.219199e-09	-2.971090e+01	-4.307585e+02
2.780000e-06	-4.397133e-06	-7.675611e-09	-3.062852e+01	-4.578263e+02
2.790000e-06	-4.527326e-06	-8.102987e-09	-3.153539e+01	-4.831718e+02
2.800000e-06	-4.655985e-06	-8.504119e-09	-3.243157e+01	-5.068811e+02
2.810000e-06	-4.782989e-06	-8.880117e-09	-3.331622e+01	-5.290281e+02
2.820000e-06	-4.908254e-06	-9.229788e-09	-3.418876e+01	-5.496734e+02
2.830000e-06	-5.031747e-06	-9.554779e-09	-3.504896e+01	-5.688730e+02
2.840000e-06	-5.153463e-06	-9.856235e-09	-3.589679e+01	-5.866895e+02
2.850000e-06	-5.273354e-06	-1.013505e-08	-3.673190e+01	-6.032012e+02
2.860000e-06	-5.391217e-06	-1.039256e-08	-3.755288e+01	-6.185042e+02
2.870000e-06	-5.506895e-06	-1.063059e-08	-3.835864e+01	-6.327057e+02
2.880000e-06	-5.620362e-06	-1.085347e-08	-3.914900e+01	-6.459130e+02
2.890000e-06	-5.731589e-06	-1.106390e-08	-3.992376e+01	-6.582209e+02
2.900000e-06	-5.840707e-06	-1.125849e-08	-4.068383e+01	-6.697037e+02
2.910000e-06	-5.947899e-06	-1.143595e-08	-4.143048e+01	-6.804138e+02
2.920000e-06	-6.053143e-06	-1.160269e-08	-4.216356e+01	-6.903873e+02
2.930000e-06	-6.156193e-06	-1.176086e-08	-4.288137e+01	-6.996543e+02
2.940000e-06	-6.256876e-06	-1.190826e-08	-4.358268e+01	-7.082484e+02
2.950000e-06	-6.355380e-06	-1.204434e-08	-4.426881e+01	-7.162132e+02
2.960000e-06	-6.451773e-06	-1.216974e-08	-4.494025e+01	-7.236024e+02
2.970000e-06	-6.545840e-06	-1.228580e-08	-4.559548e+01	-7.304745e+02
2.980000e-06	-6.637574e-06	-1.239333e-08	-4.623445e+01	-7.368846e+02
2.990000e-06	-6.727082e-06	-1.249289e-08	-4.685793e+01	-7.428780e+02
3.000000e-06	-6.814241e-06	-1.258799e-08	-4.746505e+01	-7.484860e+02
3.010000e-06	-6.898905e-06	-1.267958e-08	-4.805477e+01	-7.537283e+02
3.020000e-06	-6.981086e-06	-1.276553e-08	-4.862721e+01	-7.586181e+02
3.030000e-06	-7.060822e-06	-1.284376e-08	-4.918262e+01	-7.631690e+02
3.040000e-06	-7.137878e-06	-1.291491e-08	-4.971936e+01	-7.674003e+02
3.050000e-06	-7.212211e-06	-1.298023e-08	-5.023713e+01	-7.713382e+02
3.060000e-06	-7.283944e-06	-1.303909e-08	-5.073679e+01	-7.750131e+02
3.070000e-06	-7.353005e-06	-1.309480e-08	-5.121784e+01	-7.784546e+02
3.080000e-06	-7.419479e-06	-1.315064e-08	-5.168087e+01	-7.816855e+02
3.090000e-06	-7.483384e-06	-1.320501e-08	-5.212600e+01	-7.847193e+02
3.100000e-06	-7.544573e-06	-1.325558e-08	-5.255222e+01	-7.875604e+02
3.110000e-06	-7.603057e-06	-1.330059e-08	-5.295959e+01	-7.902078e+02
3.120000e-06	-7.658809e-06	-1.334135e-08	-5.334794e+01	-7.926604e+02
3.130000e-06	-7.711689e-06	-1.338032e-08	-5.371627e+01	-7.949214e+02
3.140000e-06	-7.761460e-06	-1.341679e-08	-5.406296e+01	-7.970007e+02
3.150000e-06	-7.808144e-06	-1.344945e-08	-5.438814e+01	-7.989132e+02
3.160000e-06	-7.852228e-06	-1.347893e-08	-5.469521e+01	-8.006754e+02
3.170000e-06	-7.893823e-06	-1.350604e-08	-5.498494e+01	-8.023013e+02
3.180000e-06	-7.932652e-06	-1.353364e-08	-5.525541e+01	-8.037990e+02
3.190000e-06	-7.968663e-06	-1.355931e-08	-5.550625e+01	-8.051705e+02
3.200000e-06	-8.001936e-06	-1.358074e-08	-5.573801e+01	-8.064135e+02
3.210000e-06	-8.032355e-06	-1.360041e-08	-5.594990e+01	-8.075246e+02
3.220000e-06	-8.059892e-06	-1.361889e-08	-5.614170e+01	-8.085024e+02
3.230000e-06	-8.084655e-06	-1.363495e-08	-5.631420e+01	-8.093494e+02
3.240000e-06	-8.106536e-06	-1.364642e-08	-5.646661e+01	-8.100711e+02
3.250000e-06	-8.125529e-06	-1.365565e-08	-5.659891e+01	-8.106743e+02
3.260000e-06	-8.141610e-06	-1.366531e-08	-5.671092e+01	-8.111648e+02
3.270000e-06	-8.154566e-06	-1.367515e-08	-5.680117e+01	-8.115462e+02
3.280000e-06	-8.164499e-06	-1.368337e-08	-5.687035e+01	-8.118205e+02
3.290000e-06	-8.171543e-06	-1.368857e-08	-5.691942e+01	-8.119894e+02
3.300000e-06	-8.175665e-06	-1.369192e-08	-5.694813e+01	-8.120566e+02
3.310000e-06	-8.176967e-06	-1.369158e-08	-5.695720e+01	-8.120285e+02
