# Temperatura_=_41.86
# Concentracion g/m^3_=_11780.0
# C_Vs_to_Am_M_A/Vsm_=_59384043850.047264
# pendiente_HvsI_1/m_=_3716.3
# ordenada_HvsI_A/m_=_1297.0
# frecuencia_Hz_=_301384.9281417742

Tiempo_(s)	Campo_(V.s)	Magnetizacion_(V.s)	Campo_(kA/m)	Magnetizacion_(A/m)
0.000000e+00	-8.231278e-06	-1.351331e-08	-5.695198e+01	-8.015572e+02
1.000000e-08	-8.227892e-06	-1.350573e-08	-5.692856e+01	-8.014605e+02
2.000000e-08	-8.221829e-06	-1.350204e-08	-5.688661e+01	-8.012832e+02
3.000000e-08	-8.213046e-06	-1.349697e-08	-5.682583e+01	-8.010063e+02
4.000000e-08	-8.201345e-06	-1.349264e-08	-5.674488e+01	-8.006100e+02
5.000000e-08	-8.186649e-06	-1.348734e-08	-5.664319e+01	-8.000802e+02
6.000000e-08	-8.169058e-06	-1.348934e-08	-5.652149e+01	-7.994146e+02
7.000000e-08	-8.149019e-06	-1.349784e-08	-5.638284e+01	-7.986246e+02
8.000000e-08	-8.126368e-06	-1.341964e-08	-5.622612e+01	-7.977332e+02
9.000000e-08	-8.100374e-06	-1.333502e-08	-5.604626e+01	-7.967680e+02
1.000000e-07	-8.071050e-06	-1.336603e-08	-5.584337e+01	-7.957520e+02
1.100000e-07	-8.038754e-06	-1.341347e-08	-5.561991e+01	-7.946949e+02
1.200000e-07	-8.003676e-06	-1.338962e-08	-5.537721e+01	-7.935897e+02
1.300000e-07	-7.966168e-06	-1.335406e-08	-5.511770e+01	-7.924141e+02
1.400000e-07	-7.926546e-06	-1.340300e-08	-5.484355e+01	-7.911388e+02
1.500000e-07	-7.884391e-06	-1.331671e-08	-5.455188e+01	-7.897388e+02
1.600000e-07	-7.839203e-06	-1.328447e-08	-5.423922e+01	-7.882038e+02
1.700000e-07	-7.791269e-06	-1.327288e-08	-5.390757e+01	-7.865438e+02
1.800000e-07	-7.740329e-06	-1.313075e-08	-5.355512e+01	-7.847869e+02
1.900000e-07	-7.686264e-06	-1.320587e-08	-5.318105e+01	-7.829695e+02
2.000000e-07	-7.629458e-06	-1.319259e-08	-5.278801e+01	-7.811228e+02
2.100000e-07	-7.569903e-06	-1.314313e-08	-5.237595e+01	-7.792601e+02
2.200000e-07	-7.507670e-06	-1.311691e-08	-5.194536e+01	-7.773696e+02
2.300000e-07	-7.442645e-06	-1.304515e-08	-5.149545e+01	-7.754168e+02
2.400000e-07	-7.374809e-06	-1.305928e-08	-5.102610e+01	-7.733552e+02
2.500000e-07	-7.304357e-06	-1.297214e-08	-5.053865e+01	-7.711425e+02
2.600000e-07	-7.231101e-06	-1.291253e-08	-5.003179e+01	-7.687552e+02
2.700000e-07	-7.155014e-06	-1.289258e-08	-4.950535e+01	-7.661980e+02
2.800000e-07	-7.076143e-06	-1.289675e-08	-4.895963e+01	-7.635016e+02
2.900000e-07	-6.994544e-06	-1.284813e-08	-4.839505e+01	-7.607115e+02
3.000000e-07	-6.910575e-06	-1.273429e-08	-4.781408e+01	-7.578716e+02
3.100000e-07	-6.824360e-06	-1.272403e-08	-4.721756e+01	-7.550069e+02
3.200000e-07	-6.735775e-06	-1.266865e-08	-4.660464e+01	-7.521145e+02
3.300000e-07	-6.644771e-06	-1.261377e-08	-4.597499e+01	-7.491642e+02
3.400000e-07	-6.551435e-06	-1.255568e-08	-4.532920e+01	-7.461101e+02
3.500000e-07	-6.455734e-06	-1.250511e-08	-4.466705e+01	-7.429075e+02
3.600000e-07	-6.357610e-06	-1.247490e-08	-4.398813e+01	-7.395292e+02
3.700000e-07	-6.257165e-06	-1.240666e-08	-4.329315e+01	-7.359751e+02
3.800000e-07	-6.154504e-06	-1.233431e-08	-4.258284e+01	-7.322705e+02
3.900000e-07	-6.049574e-06	-1.224517e-08	-4.185683e+01	-7.284545e+02
4.000000e-07	-5.942456e-06	-1.220453e-08	-4.111569e+01	-7.245628e+02
4.100000e-07	-5.833343e-06	-1.214617e-08	-4.036074e+01	-7.206125e+02
4.200000e-07	-5.722108e-06	-1.207086e-08	-3.959111e+01	-7.165935e+02
4.300000e-07	-5.608602e-06	-1.199499e-08	-3.880576e+01	-7.124725e+02
4.400000e-07	-5.492898e-06	-1.193378e-08	-3.800521e+01	-7.082048e+02
4.500000e-07	-5.375094e-06	-1.186528e-08	-3.719013e+01	-7.037527e+02
4.600000e-07	-5.255297e-06	-1.176797e-08	-3.636125e+01	-6.991002e+02
4.700000e-07	-5.133706e-06	-1.168370e-08	-3.551997e+01	-6.942593e+02
4.800000e-07	-5.010281e-06	-1.160919e-08	-3.466599e+01	-6.892652e+02
4.900000e-07	-4.884977e-06	-1.154023e-08	-3.379902e+01	-6.841615e+02
5.000000e-07	-4.757918e-06	-1.144362e-08	-3.291990e+01	-6.789819e+02
5.100000e-07	-4.629195e-06	-1.134831e-08	-3.202927e+01	-6.737353e+02
5.200000e-07	-4.498787e-06	-1.125896e-08	-3.112698e+01	-6.684003e+02
5.300000e-07	-4.366618e-06	-1.117282e-08	-3.021251e+01	-6.629315e+02
5.400000e-07	-4.232941e-06	-1.106975e-08	-2.928760e+01	-6.572756e+02
5.500000e-07	-4.097905e-06	-1.096218e-08	-2.835329e+01	-6.513898e+02
5.600000e-07	-3.961399e-06	-1.086936e-08	-2.740881e+01	-6.452568e+02
5.700000e-07	-3.823337e-06	-1.077442e-08	-2.645357e+01	-6.388890e+02
5.800000e-07	-3.683657e-06	-1.066282e-08	-2.548712e+01	-6.323214e+02
5.900000e-07	-3.542424e-06	-1.053710e-08	-2.450993e+01	-6.255950e+02
6.000000e-07	-3.399807e-06	-1.042555e-08	-2.352317e+01	-6.187383e+02
6.100000e-07	-3.255910e-06	-1.031321e-08	-2.252755e+01	-6.117541e+02
6.200000e-07	-3.110777e-06	-1.018939e-08	-2.152338e+01	-6.046161e+02
6.300000e-07	-2.964612e-06	-1.005930e-08	-2.051207e+01	-5.972777e+02
6.400000e-07	-2.817484e-06	-9.937257e-09	-1.949409e+01	-5.896886e+02
6.500000e-07	-2.669388e-06	-9.813209e-09	-1.846942e+01	-5.818117e+02
6.600000e-07	-2.520469e-06	-9.673193e-09	-1.743906e+01	-5.736352e+02
6.700000e-07	-2.370785e-06	-9.524433e-09	-1.640339e+01	-5.651729e+02
6.800000e-07	-2.220235e-06	-9.376385e-09	-1.536175e+01	-5.564539e+02
6.900000e-07	-2.068768e-06	-9.231444e-09	-1.431374e+01	-5.475058e+02
7.000000e-07	-1.916486e-06	-9.076188e-09	-1.326011e+01	-5.383381e+02
7.100000e-07	-1.763543e-06	-8.915050e-09	-1.220190e+01	-5.289325e+02
7.200000e-07	-1.609999e-06	-8.752247e-09	-1.113953e+01	-5.192459e+02
7.300000e-07	-1.455814e-06	-8.587322e-09	-1.007274e+01	-5.092226e+02
7.400000e-07	-1.301077e-06	-8.413126e-09	-9.002117e+00	-4.988120e+02
7.500000e-07	-1.145869e-06	-8.227632e-09	-7.928238e+00	-4.879846e+02
7.600000e-07	-9.902313e-07	-8.039330e-09	-6.851383e+00	-4.767378e+02
7.700000e-07	-8.342194e-07	-7.846662e-09	-5.771941e+00	-4.650897e+02
7.800000e-07	-6.778457e-07	-7.645603e-09	-4.689996e+00	-4.530617e+02
7.900000e-07	-5.212509e-07	-7.436168e-09	-3.606520e+00	-4.406567e+02
8.000000e-07	-3.645897e-07	-7.220955e-09	-2.522586e+00	-4.278419e+02
8.100000e-07	-2.078082e-07	-6.996011e-09	-1.437819e+00	-4.145420e+02
8.200000e-07	-5.093567e-08	-6.758897e-09	-3.524225e-01	-4.006479e+02
8.300000e-07	1.059537e-07	-6.510574e-09	7.330906e-01	-3.860376e+02
8.400000e-07	2.628166e-07	-6.250309e-09	1.818421e+00	-3.706021e+02
8.500000e-07	4.195496e-07	-5.975500e-09	2.902852e+00	-3.542682e+02
8.600000e-07	5.761166e-07	-5.685370e-09	3.986135e+00	-3.370076e+02
8.700000e-07	7.325093e-07	-5.379423e-09	5.068212e+00	-3.188321e+02
8.800000e-07	8.886488e-07	-5.056301e-09	6.148536e+00	-2.997716e+02
8.900000e-07	1.044456e-06	-4.721042e-09	7.226564e+00	-2.798468e+02
9.000000e-07	1.199923e-06	-4.371422e-09	8.302231e+00	-2.590411e+02
9.100000e-07	1.354919e-06	-4.004073e-09	9.374648e+00	-2.372838e+02
9.200000e-07	1.509319e-06	-3.616956e-09	1.044293e+01	-2.144488e+02
9.300000e-07	1.663139e-06	-3.207949e-09	1.150721e+01	-1.903690e+02
9.400000e-07	1.816370e-06	-2.775651e-09	1.256741e+01	-1.648620e+02
9.500000e-07	1.968919e-06	-2.315927e-09	1.362290e+01	-1.377611e+02
9.600000e-07	2.120713e-06	-1.826451e-09	1.467316e+01	-1.089435e+02
9.700000e-07	2.271692e-06	-1.307406e-09	1.571777e+01	-7.835128e+01
9.800000e-07	2.421811e-06	-7.616380e-10	1.675644e+01	-4.600297e+01
9.900000e-07	2.571112e-06	-1.881264e-10	1.778946e+01	-1.199741e+01
1.000000e-06	2.719548e-06	4.113229e-10	1.881648e+01	2.348764e+01
1.010000e-06	2.867076e-06	1.034930e-09	1.983722e+01	6.019998e+01
1.020000e-06	3.013620e-06	1.673665e-09	2.085115e+01	9.781961e+01
1.030000e-06	3.159052e-06	2.319878e-09	2.185739e+01	1.359689e+02
1.040000e-06	3.303308e-06	2.966071e-09	2.285550e+01	1.742285e+02
1.050000e-06	3.446330e-06	3.604702e-09	2.384506e+01	2.121603e+02
1.060000e-06	3.588089e-06	4.231102e-09	2.482589e+01	2.493366e+02
1.070000e-06	3.728494e-06	4.836433e-09	2.579735e+01	2.853724e+02
1.080000e-06	3.867406e-06	5.417631e-09	2.675847e+01	3.199546e+02
1.090000e-06	4.004788e-06	5.971114e-09	2.770902e+01	3.528621e+02
1.100000e-06	4.140665e-06	6.496467e-09	2.864915e+01	3.839710e+02
1.110000e-06	4.275076e-06	6.989816e-09	2.957913e+01	4.132464e+02
1.120000e-06	4.408049e-06	7.450437e-09	3.049917e+01	4.407204e+02
1.130000e-06	4.539423e-06	7.880467e-09	3.140814e+01	4.664644e+02
1.140000e-06	4.669063e-06	8.283053e-09	3.230511e+01	4.905637e+02
1.150000e-06	4.797013e-06	8.661943e-09	3.319040e+01	5.130986e+02
1.160000e-06	4.923373e-06	9.015620e-09	3.406468e+01	5.341371e+02
1.170000e-06	5.048126e-06	9.344642e-09	3.492784e+01	5.537381e+02
1.180000e-06	5.171047e-06	9.650107e-09	3.577833e+01	5.719601e+02
1.190000e-06	5.292044e-06	9.933650e-09	3.661551e+01	5.888715e+02
1.200000e-06	5.411160e-06	1.019528e-08	3.743967e+01	6.045556e+02
1.210000e-06	5.528276e-06	1.043848e-08	3.824998e+01	6.191093e+02
1.220000e-06	5.643226e-06	1.066704e-08	3.904532e+01	6.326353e+02
1.230000e-06	5.756001e-06	1.088128e-08	3.982561e+01	6.452306e+02
1.240000e-06	5.866695e-06	1.108007e-08	4.059150e+01	6.569773e+02
1.250000e-06	5.975396e-06	1.126437e-08	4.134360e+01	6.679372e+02
1.260000e-06	6.081958e-06	1.143575e-08	4.208090e+01	6.781535e+02
1.270000e-06	6.186257e-06	1.159490e-08	4.280254e+01	6.876578e+02
1.280000e-06	6.288380e-06	1.174172e-08	4.350912e+01	6.964792e+02
1.290000e-06	6.388232e-06	1.187737e-08	4.420000e+01	7.046530e+02
1.300000e-06	6.485677e-06	1.200227e-08	4.487422e+01	7.122239e+02
1.310000e-06	6.580793e-06	1.211733e-08	4.553232e+01	7.192457e+02
1.320000e-06	6.673684e-06	1.222532e-08	4.617504e+01	7.257750e+02
1.330000e-06	6.764207e-06	1.232814e-08	4.680136e+01	7.318647e+02
1.340000e-06	6.852305e-06	1.242488e-08	4.741091e+01	7.375581e+02
1.350000e-06	6.938074e-06	1.251417e-08	4.800434e+01	7.428865e+02
1.360000e-06	7.021520e-06	1.259832e-08	4.858170e+01	7.478713e+02
1.370000e-06	7.102455e-06	1.267622e-08	4.914169e+01	7.525282e+02
1.380000e-06	7.180753e-06	1.274830e-08	4.968343e+01	7.568722e+02
1.390000e-06	7.256363e-06	1.281548e-08	5.020657e+01	7.609215e+02
1.400000e-06	7.329188e-06	1.287874e-08	5.071045e+01	7.646982e+02
1.410000e-06	7.399416e-06	1.293864e-08	5.119635e+01	7.682261e+02
1.420000e-06	7.467084e-06	1.299413e-08	5.166455e+01	7.715275e+02
1.430000e-06	7.532055e-06	1.304528e-08	5.211408e+01	7.746196e+02
1.440000e-06	7.594423e-06	1.309445e-08	5.254560e+01	7.775128e+02
1.450000e-06	7.654216e-06	1.314179e-08	5.295931e+01	7.802114e+02
1.460000e-06	7.711253e-06	1.318475e-08	5.335395e+01	7.827166e+02
1.470000e-06	7.765477e-06	1.322297e-08	5.372912e+01	7.850297e+02
1.480000e-06	7.816589e-06	1.325755e-08	5.408276e+01	7.871555e+02
1.490000e-06	7.864473e-06	1.328892e-08	5.441407e+01	7.891036e+02
1.500000e-06	7.909546e-06	1.331717e-08	5.472593e+01	7.908876e+02
1.510000e-06	7.951834e-06	1.334459e-08	5.501852e+01	7.925231e+02
1.520000e-06	7.991258e-06	1.337164e-08	5.529129e+01	7.940245e+02
1.530000e-06	8.027953e-06	1.339646e-08	5.554518e+01	7.954027e+02
1.540000e-06	8.061828e-06	1.341699e-08	5.577956e+01	7.966634e+02
1.550000e-06	8.092842e-06	1.343455e-08	5.599415e+01	7.978074e+02
1.560000e-06	8.121129e-06	1.344942e-08	5.618987e+01	7.988319e+02
1.570000e-06	8.146522e-06	1.346131e-08	5.636556e+01	7.997319e+02
1.580000e-06	8.168992e-06	1.347215e-08	5.652103e+01	8.005029e+02
1.590000e-06	8.188774e-06	1.348340e-08	5.665790e+01	8.011427e+02
1.600000e-06	8.205693e-06	1.349384e-08	5.677496e+01	8.016532e+02
1.610000e-06	8.219531e-06	1.350037e-08	5.687071e+01	8.020411e+02
1.620000e-06	8.230222e-06	1.350336e-08	5.694468e+01	8.023177e+02
1.630000e-06	8.237778e-06	1.350460e-08	5.699696e+01	8.024977e+02
1.640000e-06	8.242442e-06	1.350441e-08	5.702923e+01	8.025962e+02
1.650000e-06	8.244216e-06	1.350170e-08	5.704150e+01	8.026251e+02
1.660000e-06	8.243130e-06	1.350331e-08	5.703399e+01	8.025894e+02
1.670000e-06	8.239420e-06	1.350803e-08	5.700832e+01	8.024847e+02
1.680000e-06	8.232976e-06	1.350562e-08	5.696373e+01	8.022977e+02
1.690000e-06	8.223809e-06	1.349930e-08	5.690030e+01	8.020089e+02
1.700000e-06	8.211837e-06	1.348998e-08	5.681747e+01	8.015988e+02
1.710000e-06	8.196924e-06	1.347128e-08	5.671429e+01	8.010542e+02
1.720000e-06	8.179470e-06	1.343037e-08	5.659353e+01	8.003744e+02
1.730000e-06	8.159726e-06	1.343757e-08	5.645692e+01	7.995723e+02
1.740000e-06	8.137005e-06	1.352897e-08	5.629971e+01	7.986716e+02
1.750000e-06	8.110444e-06	1.349725e-08	5.611594e+01	7.977000e+02
1.760000e-06	8.080086e-06	1.340682e-08	5.590589e+01	7.966793e+02
1.770000e-06	8.046754e-06	1.338742e-08	5.567527e+01	7.956177e+02
1.780000e-06	8.011036e-06	1.334819e-08	5.542814e+01	7.945062e+02
1.790000e-06	7.972960e-06	1.327568e-08	5.516469e+01	7.933213e+02
1.800000e-06	7.932801e-06	1.337744e-08	5.488683e+01	7.920336e+02
1.810000e-06	7.890288e-06	1.328044e-08	5.459268e+01	7.906192e+02
1.820000e-06	7.845019e-06	1.322476e-08	5.427947e+01	7.890700e+02
1.830000e-06	7.796993e-06	1.334085e-08	5.394718e+01	7.873980e+02
1.840000e-06	7.745711e-06	1.318728e-08	5.359236e+01	7.856328e+02
1.850000e-06	7.691326e-06	1.323792e-08	5.321607e+01	7.838109e+02
1.860000e-06	7.634212e-06	1.311460e-08	5.282090e+01	7.819623e+02
1.870000e-06	7.574452e-06	1.308823e-08	5.240742e+01	7.800975e+02
1.880000e-06	7.512039e-06	1.315995e-08	5.197559e+01	7.782023e+02
1.890000e-06	7.446761e-06	1.302060e-08	5.152393e+01	7.762401e+02
1.900000e-06	7.378821e-06	1.308569e-08	5.105386e+01	7.741641e+02
1.910000e-06	7.307995e-06	1.298970e-08	5.056382e+01	7.719332e+02
1.920000e-06	7.234316e-06	1.296981e-08	5.005403e+01	7.695270e+02
1.930000e-06	7.157871e-06	1.291023e-08	4.952511e+01	7.669530e+02
1.940000e-06	7.078565e-06	1.281462e-08	4.897639e+01	7.642441e+02
1.950000e-06	6.996847e-06	1.284347e-08	4.841099e+01	7.614468e+02
1.960000e-06	6.912616e-06	1.274558e-08	4.782820e+01	7.586035e+02
1.970000e-06	6.825811e-06	1.278040e-08	4.722760e+01	7.557364e+02
1.980000e-06	6.736596e-06	1.268290e-08	4.661032e+01	7.528396e+02
1.990000e-06	6.645084e-06	1.261933e-08	4.597715e+01	7.498805e+02
2.000000e-06	6.551251e-06	1.257220e-08	4.532792e+01	7.468124e+02
2.010000e-06	6.455018e-06	1.248943e-08	4.466209e+01	7.435917e+02
2.020000e-06	6.356636e-06	1.246335e-08	4.398139e+01	7.401941e+02
2.030000e-06	6.255957e-06	1.237663e-08	4.328480e+01	7.366222e+02
2.040000e-06	6.152884e-06	1.236971e-08	4.257164e+01	7.329037e+02
2.050000e-06	6.047588e-06	1.228624e-08	4.184309e+01	7.290780e+02
2.060000e-06	5.940224e-06	1.222380e-08	4.110024e+01	7.251796e+02
2.070000e-06	5.830778e-06	1.212911e-08	4.034299e+01	7.212228e+02
2.080000e-06	5.719168e-06	1.206071e-08	3.957077e+01	7.171949e+02
2.090000e-06	5.605391e-06	1.200058e-08	3.878354e+01	7.130602e+02
2.100000e-06	5.489402e-06	1.192890e-08	3.798102e+01	7.087742e+02
2.110000e-06	5.371250e-06	1.186217e-08	3.716353e+01	7.043009e+02
2.120000e-06	5.251022e-06	1.177795e-08	3.633168e+01	6.996272e+02
2.130000e-06	5.128990e-06	1.170692e-08	3.548734e+01	6.947678e+02
2.140000e-06	5.005201e-06	1.160395e-08	3.463085e+01	6.897599e+02
2.150000e-06	4.879582e-06	1.152103e-08	3.376169e+01	6.846467e+02
2.160000e-06	4.752145e-06	1.142696e-08	3.287996e+01	6.794600e+02
2.170000e-06	4.623029e-06	1.135771e-08	3.198661e+01	6.742054e+02
2.180000e-06	4.492317e-06	1.126170e-08	3.108222e+01	6.688585e+02
2.190000e-06	4.359971e-06	1.117082e-08	3.016652e+01	6.633721e+02
2.200000e-06	4.226058e-06	1.107014e-08	2.923998e+01	6.576932e+02
2.210000e-06	4.090584e-06	1.097220e-08	2.830264e+01	6.517811e+02
2.220000e-06	3.953601e-06	1.086967e-08	2.735486e+01	6.456219e+02
2.230000e-06	3.815164e-06	1.075513e-08	2.639701e+01	6.392307e+02
2.240000e-06	3.675314e-06	1.065044e-08	2.542940e+01	6.326442e+02
2.250000e-06	3.534051e-06	1.053571e-08	2.445200e+01	6.259028e+02
2.260000e-06	3.391424e-06	1.042507e-08	2.346517e+01	6.190328e+02
2.270000e-06	3.247522e-06	1.029779e-08	2.246952e+01	6.120337e+02
2.280000e-06	3.102501e-06	1.017562e-08	2.146612e+01	6.048767e+02
2.290000e-06	2.956452e-06	1.005133e-08	2.045561e+01	5.975137e+02
2.300000e-06	2.809367e-06	9.929073e-09	1.943793e+01	5.898951e+02
2.310000e-06	2.661282e-06	9.797347e-09	1.841334e+01	5.819861e+02
2.320000e-06	2.512317e-06	9.658438e-09	1.738265e+01	5.737779e+02
2.330000e-06	2.362446e-06	9.516298e-09	1.634570e+01	5.652865e+02
2.340000e-06	2.211616e-06	9.368255e-09	1.530211e+01	5.565418e+02
2.350000e-06	2.059991e-06	9.214294e-09	1.425302e+01	5.475702e+02
2.360000e-06	1.907653e-06	9.057107e-09	1.319900e+01	5.383782e+02
2.370000e-06	1.754685e-06	8.898396e-09	1.214061e+01	5.289450e+02
2.380000e-06	1.601144e-06	8.738091e-09	1.107827e+01	5.192250e+02
2.390000e-06	1.447085e-06	8.570173e-09	1.001234e+01	5.091622e+02
2.400000e-06	1.292499e-06	8.393454e-09	8.942764e+00	4.987079e+02
2.410000e-06	1.137414e-06	8.209687e-09	7.869737e+00	4.878352e+02
2.420000e-06	9.819103e-07	8.015560e-09	6.793810e+00	4.765443e+02
2.430000e-06	8.259970e-07	7.816771e-09	5.715050e+00	4.648546e+02
2.440000e-06	6.697482e-07	7.610000e-09	4.633969e+00	4.527865e+02
2.450000e-06	5.132618e-07	7.403096e-09	3.551244e+00	4.403399e+02
2.460000e-06	3.566211e-07	7.189588e-09	2.467452e+00	4.274773e+02
2.470000e-06	1.998629e-07	6.966969e-09	1.382846e+00	4.141193e+02
2.480000e-06	4.305654e-08	6.730853e-09	2.979070e-01	4.001543e+02
2.490000e-06	-1.137546e-07	6.481822e-09	-7.870649e-01	3.854603e+02
2.500000e-06	-2.705395e-07	6.222490e-09	-1.871855e+00	3.699313e+02
2.510000e-06	-4.271769e-07	5.946808e-09	-2.955625e+00	3.534985e+02
2.520000e-06	-5.836332e-07	5.654242e-09	-4.038142e+00	3.361388e+02
2.530000e-06	-7.398842e-07	5.344397e-09	-5.119238e+00	3.178668e+02
2.540000e-06	-8.958285e-07	5.022713e-09	-6.198212e+00	2.987133e+02
2.550000e-06	-1.051409e-06	4.687913e-09	-7.274672e+00	2.786957e+02
2.560000e-06	-1.206570e-06	4.336272e-09	-8.348221e+00	2.577923e+02
2.570000e-06	-1.361257e-06	3.966605e-09	-9.418496e+00	2.359264e+02
2.580000e-06	-1.515470e-06	3.581249e-09	-1.048550e+01	2.129665e+02
2.590000e-06	-1.669133e-06	3.178033e-09	-1.154868e+01	1.887425e+02
2.600000e-06	-1.822153e-06	2.748492e-09	-1.260743e+01	1.630720e+02
2.610000e-06	-1.974524e-06	2.288933e-09	-1.366168e+01	1.357920e+02
2.620000e-06	-2.126240e-06	1.801569e-09	-1.471139e+01	1.067858e+02
2.630000e-06	-2.277166e-06	1.287695e-09	-1.575565e+01	7.600307e+01
2.640000e-06	-2.427183e-06	7.444284e-10	-1.679361e+01	4.347100e+01
2.650000e-06	-2.576333e-06	1.719231e-10	-1.782558e+01	9.297024e+00
2.660000e-06	-2.724595e-06	-4.240416e-10	-1.885140e+01	-2.633290e+01
2.670000e-06	-2.871912e-06	-1.039756e-09	-1.987068e+01	-6.315891e+01
2.680000e-06	-3.018239e-06	-1.671433e-09	-2.088311e+01	-1.008543e+02
2.690000e-06	-3.163507e-06	-2.314811e-09	-2.188822e+01	-1.390361e+02
2.700000e-06	-3.307621e-06	-2.960034e-09	-2.288533e+01	-1.772816e+02
2.710000e-06	-3.450451e-06	-3.596091e-09	-2.387357e+01	-2.151525e+02
2.720000e-06	-3.591931e-06	-4.218268e-09	-2.485247e+01	-2.522239e+02
2.730000e-06	-3.732015e-06	-4.820684e-09	-2.582171e+01	-2.881175e+02
2.740000e-06	-3.870664e-06	-5.399654e-09	-2.678102e+01	-3.225293e+02
2.750000e-06	-4.007902e-06	-5.949925e-09	-2.773057e+01	-3.552483e+02
2.760000e-06	-4.143773e-06	-6.470683e-09	-2.867065e+01	-3.861611e+02
2.770000e-06	-4.278119e-06	-6.963224e-09	-2.960019e+01	-4.152411e+02
2.780000e-06	-4.410836e-06	-7.426297e-09	-3.051845e+01	-4.425258e+02
2.790000e-06	-4.541996e-06	-7.858521e-09	-3.142594e+01	-4.680896e+02
2.800000e-06	-4.671675e-06	-8.260639e-09	-3.232319e+01	-4.920177e+02
2.810000e-06	-4.799772e-06	-8.639519e-09	-3.320949e+01	-5.143892e+02
2.820000e-06	-4.926092e-06	-8.995524e-09	-3.408349e+01	-5.352711e+02
2.830000e-06	-5.050627e-06	-9.326467e-09	-3.494515e+01	-5.547214e+02
2.840000e-06	-5.173388e-06	-9.632296e-09	-3.579453e+01	-5.727996e+02
2.850000e-06	-5.294308e-06	-9.915073e-09	-3.663117e+01	-5.895753e+02
2.860000e-06	-5.413265e-06	-1.017692e-08	-3.745423e+01	-6.051335e+02
2.870000e-06	-5.530094e-06	-1.041872e-08	-3.826257e+01	-6.195722e+02
2.880000e-06	-5.644659e-06	-1.064347e-08	-3.905524e+01	-6.329940e+02
2.890000e-06	-5.756906e-06	-1.085440e-08	-3.983187e+01	-6.454949e+02
2.900000e-06	-5.867009e-06	-1.105256e-08	-4.059367e+01	-6.571547e+02
2.910000e-06	-5.975114e-06	-1.123750e-08	-4.134165e+01	-6.680333e+02
2.920000e-06	-6.081255e-06	-1.140980e-08	-4.207603e+01	-6.781720e+02
2.930000e-06	-6.185283e-06	-1.157010e-08	-4.279580e+01	-6.876017e+02
2.940000e-06	-6.286968e-06	-1.171860e-08	-4.349936e+01	-6.963519e+02
2.950000e-06	-6.386367e-06	-1.185633e-08	-4.418709e+01	-7.044588e+02
2.960000e-06	-6.483608e-06	-1.198319e-08	-4.485990e+01	-7.119683e+02
2.970000e-06	-6.578642e-06	-1.210003e-08	-4.551744e+01	-7.189346e+02
2.980000e-06	-6.671271e-06	-1.220969e-08	-4.615834e+01	-7.254145e+02
2.990000e-06	-6.761529e-06	-1.231323e-08	-4.678283e+01	-7.314599e+02
3.000000e-06	-6.849502e-06	-1.240991e-08	-4.739152e+01	-7.371129e+02
3.010000e-06	-6.935031e-06	-1.249936e-08	-4.798329e+01	-7.424037e+02
3.020000e-06	-7.018082e-06	-1.258467e-08	-4.855791e+01	-7.473527e+02
3.030000e-06	-7.098715e-06	-1.266522e-08	-4.911581e+01	-7.519754e+02
3.040000e-06	-7.176643e-06	-1.273909e-08	-4.965499e+01	-7.562869e+02
3.050000e-06	-7.251715e-06	-1.280436e-08	-5.017441e+01	-7.603060e+02
3.060000e-06	-7.324161e-06	-1.286430e-08	-5.067566e+01	-7.640548e+02
3.070000e-06	-7.393993e-06	-1.292211e-08	-5.115883e+01	-7.675575e+02
3.080000e-06	-7.461206e-06	-1.297734e-08	-5.162388e+01	-7.708358e+02
3.090000e-06	-7.525855e-06	-1.302963e-08	-5.207118e+01	-7.739063e+02
3.100000e-06	-7.587838e-06	-1.307954e-08	-5.250004e+01	-7.767786e+02
3.110000e-06	-7.647141e-06	-1.312722e-08	-5.291036e+01	-7.794565e+02
3.120000e-06	-7.703717e-06	-1.317084e-08	-5.330181e+01	-7.819410e+02
3.130000e-06	-7.757344e-06	-1.320924e-08	-5.367285e+01	-7.842338e+02
3.140000e-06	-7.807812e-06	-1.324417e-08	-5.402204e+01	-7.863400e+02
3.150000e-06	-7.855137e-06	-1.327694e-08	-5.434947e+01	-7.882699e+02
3.160000e-06	-7.899741e-06	-1.330586e-08	-5.465809e+01	-7.900373e+02
3.170000e-06	-7.941892e-06	-1.333116e-08	-5.494973e+01	-7.916578e+02
3.180000e-06	-7.981353e-06	-1.335592e-08	-5.522276e+01	-7.931457e+02
3.190000e-06	-8.017968e-06	-1.338364e-08	-5.547610e+01	-7.945111e+02
3.200000e-06	-8.051802e-06	-1.340938e-08	-5.571019e+01	-7.957594e+02
3.210000e-06	-8.082775e-06	-1.342864e-08	-5.592450e+01	-7.968909e+02
3.220000e-06	-8.110824e-06	-1.344384e-08	-5.611857e+01	-7.979023e+02
3.230000e-06	-8.136095e-06	-1.345936e-08	-5.629341e+01	-7.987887e+02
3.240000e-06	-8.158468e-06	-1.347332e-08	-5.644821e+01	-7.995457e+02
3.250000e-06	-8.177907e-06	-1.348358e-08	-5.658271e+01	-8.001716e+02
3.260000e-06	-8.194485e-06	-1.349183e-08	-5.669742e+01	-8.006686e+02
3.270000e-06	-8.207930e-06	-1.350228e-08	-5.679044e+01	-8.010440e+02
3.280000e-06	-8.218298e-06	-1.351190e-08	-5.686218e+01	-8.013096e+02
3.290000e-06	-8.225797e-06	-1.351648e-08	-5.691406e+01	-8.014802e+02
3.300000e-06	-8.230369e-06	-1.351616e-08	-5.694569e+01	-8.015708e+02
3.310000e-06	-8.232092e-06	-1.351656e-08	-5.695761e+01	-8.015927e+02
