# Temperatura_=_61.4
# Concentracion g/m^3_=_11780.0
# C_Vs_to_Am_M_A/Vsm_=_59384043850.047264
# pendiente_HvsI_1/m_=_3716.3
# ordenada_HvsI_A/m_=_1297.0
# frecuencia_Hz_=_301396.4013692481

Tiempo_(s)	Campo_(V.s)	Magnetizacion_(V.s)	Campo_(kA/m)	Magnetizacion_(A/m)
0.000000e+00	-8.225687e-06	-1.382358e-08	-5.695160e+01	-8.205863e+02
1.000000e-08	-8.222119e-06	-1.381557e-08	-5.692690e+01	-8.204452e+02
2.000000e-08	-8.215871e-06	-1.381116e-08	-5.688364e+01	-8.202322e+02
3.000000e-08	-8.206957e-06	-1.380541e-08	-5.682192e+01	-8.199305e+02
4.000000e-08	-8.195165e-06	-1.380111e-08	-5.674028e+01	-8.195174e+02
5.000000e-08	-8.180337e-06	-1.379664e-08	-5.663761e+01	-8.189722e+02
6.000000e-08	-8.162624e-06	-1.379823e-08	-5.651498e+01	-8.182837e+02
7.000000e-08	-8.142454e-06	-1.379697e-08	-5.637533e+01	-8.174564e+02
8.000000e-08	-8.119620e-06	-1.372253e-08	-5.621724e+01	-8.165108e+02
9.000000e-08	-8.093423e-06	-1.365952e-08	-5.603585e+01	-8.154785e+02
1.000000e-07	-8.063885e-06	-1.368251e-08	-5.583135e+01	-8.143924e+02
1.100000e-07	-8.031438e-06	-1.370798e-08	-5.560669e+01	-8.132757e+02
1.200000e-07	-7.996282e-06	-1.368567e-08	-5.536329e+01	-8.121337e+02
1.300000e-07	-7.958725e-06	-1.366147e-08	-5.510326e+01	-8.109517e+02
1.400000e-07	-7.918985e-06	-1.369086e-08	-5.482811e+01	-8.096995e+02
1.500000e-07	-7.876694e-06	-1.361739e-08	-5.453530e+01	-8.083425e+02
1.600000e-07	-7.831484e-06	-1.360187e-08	-5.422229e+01	-8.068538e+02
1.700000e-07	-7.783502e-06	-1.356847e-08	-5.389008e+01	-8.052243e+02
1.800000e-07	-7.732414e-06	-1.345637e-08	-5.353636e+01	-8.034653e+02
1.900000e-07	-7.678204e-06	-1.350987e-08	-5.316104e+01	-8.016041e+02
2.000000e-07	-7.621243e-06	-1.348549e-08	-5.276666e+01	-7.996722e+02
2.100000e-07	-7.561539e-06	-1.344272e-08	-5.235328e+01	-7.976928e+02
2.200000e-07	-7.499277e-06	-1.339842e-08	-5.192221e+01	-7.956702e+02
2.300000e-07	-7.434270e-06	-1.334864e-08	-5.147212e+01	-7.935876e+02
2.400000e-07	-7.366408e-06	-1.335312e-08	-5.100227e+01	-7.914119e+02
2.500000e-07	-7.295903e-06	-1.327147e-08	-5.051412e+01	-7.891061e+02
2.600000e-07	-7.222603e-06	-1.321754e-08	-5.000662e+01	-7.866433e+02
2.700000e-07	-7.146421e-06	-1.318903e-08	-4.947916e+01	-7.840162e+02
2.800000e-07	-7.067385e-06	-1.318418e-08	-4.893195e+01	-7.812396e+02
2.900000e-07	-6.985654e-06	-1.313094e-08	-4.836607e+01	-7.783445e+02
3.000000e-07	-6.901624e-06	-1.303060e-08	-4.778428e+01	-7.753647e+02
3.100000e-07	-6.815387e-06	-1.300256e-08	-4.718721e+01	-7.723232e+02
3.200000e-07	-6.726776e-06	-1.295276e-08	-4.657370e+01	-7.692226e+02
3.300000e-07	-6.635722e-06	-1.290451e-08	-4.594328e+01	-7.660434e+02
3.400000e-07	-6.542330e-06	-1.283721e-08	-4.529667e+01	-7.627521e+02
3.500000e-07	-6.446612e-06	-1.278472e-08	-4.463395e+01	-7.593142e+02
3.600000e-07	-6.348474e-06	-1.274911e-08	-4.395447e+01	-7.557084e+02
3.700000e-07	-6.248003e-06	-1.268073e-08	-4.325885e+01	-7.519351e+02
3.800000e-07	-6.145310e-06	-1.259620e-08	-4.254785e+01	-7.480157e+02
3.900000e-07	-6.040356e-06	-1.250491e-08	-4.182118e+01	-7.439842e+02
4.000000e-07	-5.933188e-06	-1.246042e-08	-4.107919e+01	-7.398712e+02
4.100000e-07	-5.823962e-06	-1.240290e-08	-4.032295e+01	-7.356909e+02
4.200000e-07	-5.712712e-06	-1.232785e-08	-3.955270e+01	-7.314327e+02
4.300000e-07	-5.599270e-06	-1.224985e-08	-3.876727e+01	-7.270636e+02
4.400000e-07	-5.483548e-06	-1.218640e-08	-3.796605e+01	-7.225397e+02
4.500000e-07	-5.365714e-06	-1.211354e-08	-3.715021e+01	-7.178224e+02
4.600000e-07	-5.245914e-06	-1.201179e-08	-3.632076e+01	-7.128932e+02
4.700000e-07	-5.124234e-06	-1.191353e-08	-3.547829e+01	-7.077613e+02
4.800000e-07	-5.000676e-06	-1.183051e-08	-3.462283e+01	-7.024603e+02
4.900000e-07	-4.875319e-06	-1.175983e-08	-3.375490e+01	-6.970346e+02
5.000000e-07	-4.748286e-06	-1.166615e-08	-3.287537e+01	-6.915223e+02
5.100000e-07	-4.619618e-06	-1.156258e-08	-3.198452e+01	-6.859392e+02
5.200000e-07	-4.489267e-06	-1.146604e-08	-3.108202e+01	-6.802709e+02
5.300000e-07	-4.357198e-06	-1.137903e-08	-3.016762e+01	-6.744771e+02
5.400000e-07	-4.223551e-06	-1.127257e-08	-2.924230e+01	-6.685048e+02
5.500000e-07	-4.088418e-06	-1.115297e-08	-2.830669e+01	-6.623064e+02
5.600000e-07	-3.951867e-06	-1.104748e-08	-2.736126e+01	-6.558554e+02
5.700000e-07	-3.813798e-06	-1.095024e-08	-2.640532e+01	-6.491540e+02
5.800000e-07	-3.674159e-06	-1.083922e-08	-2.543851e+01	-6.422294e+02
5.900000e-07	-3.533058e-06	-1.070778e-08	-2.446158e+01	-6.351202e+02
6.000000e-07	-3.390535e-06	-1.058624e-08	-2.347480e+01	-6.278598e+02
6.100000e-07	-3.246630e-06	-1.047085e-08	-2.247846e+01	-6.204616e+02
6.200000e-07	-3.101481e-06	-1.034351e-08	-2.147350e+01	-6.129126e+02
6.300000e-07	-2.955275e-06	-1.020179e-08	-2.046123e+01	-6.051780e+02
6.400000e-07	-2.808111e-06	-1.006528e-08	-1.944232e+01	-5.972136e+02
6.500000e-07	-2.660057e-06	-9.938241e-09	-1.841725e+01	-5.889813e+02
6.600000e-07	-2.511143e-06	-9.800442e-09	-1.738622e+01	-5.804615e+02
6.700000e-07	-2.361423e-06	-9.645989e-09	-1.634962e+01	-5.716562e+02
6.800000e-07	-2.210867e-06	-9.487160e-09	-1.530723e+01	-5.625834e+02
6.900000e-07	-2.059485e-06	-9.336464e-09	-1.425911e+01	-5.532638e+02
7.000000e-07	-1.907357e-06	-9.179123e-09	-1.320583e+01	-5.437063e+02
7.100000e-07	-1.754565e-06	-9.008889e-09	-1.214796e+01	-5.338988e+02
7.200000e-07	-1.601111e-06	-8.832752e-09	-1.108550e+01	-5.238079e+02
7.300000e-07	-1.447009e-06	-8.661218e-09	-1.001855e+01	-5.133872e+02
7.400000e-07	-1.292386e-06	-8.485709e-09	-8.947998e+00	-5.025914e+02
7.500000e-07	-1.137305e-06	-8.294266e-09	-7.874275e+00	-4.913904e+02
7.600000e-07	-9.818102e-07	-8.096001e-09	-6.797689e+00	-4.797748e+02
7.700000e-07	-8.259631e-07	-7.896833e-09	-5.718662e+00	-4.677520e+02
7.800000e-07	-6.698204e-07	-7.692889e-09	-4.637588e+00	-4.553326e+02
7.900000e-07	-5.134209e-07	-7.477205e-09	-3.554736e+00	-4.425111e+02
8.000000e-07	-3.568529e-07	-7.250124e-09	-2.470717e+00	-4.292502e+02
8.100000e-07	-2.001447e-07	-7.014690e-09	-1.385728e+00	-4.154737e+02
8.200000e-07	-4.329867e-08	-6.772509e-09	-2.997839e-01	-4.010725e+02
8.300000e-07	1.135685e-07	-6.516697e-09	7.863058e-01	-3.859228e+02
8.400000e-07	2.703817e-07	-6.244458e-09	1.872022e+00	-3.699101e+02
8.500000e-07	4.270635e-07	-5.960510e-09	2.956829e+00	-3.529508e+02
8.600000e-07	5.834971e-07	-5.665135e-09	4.039917e+00	-3.350044e+02
8.700000e-07	7.396820e-07	-5.348612e-09	5.121284e+00	-3.160698e+02
8.800000e-07	8.956117e-07	-5.007391e-09	6.200883e+00	-2.961675e+02
8.900000e-07	1.051191e-06	-4.652774e-09	7.278054e+00	-2.753126e+02
9.000000e-07	1.206377e-06	-4.288160e-09	8.352506e+00	-2.534860e+02
9.100000e-07	1.361199e-06	-3.905302e-09	9.424439e+00	-2.306148e+02
9.200000e-07	1.515604e-06	-3.496029e-09	1.049348e+01	-2.065672e+02
9.300000e-07	1.669423e-06	-3.063652e-09	1.155847e+01	-1.811637e+02
9.400000e-07	1.822578e-06	-2.609471e-09	1.261886e+01	-1.542046e+02
9.500000e-07	1.975055e-06	-2.125551e-09	1.367455e+01	-1.255040e+02
9.600000e-07	2.126814e-06	-1.603832e-09	1.472527e+01	-9.492656e+01
9.700000e-07	2.277760e-06	-1.048578e-09	1.577036e+01	-6.241670e+01
9.800000e-07	2.427807e-06	-4.679270e-10	1.680923e+01	-2.801821e+01
9.900000e-07	2.576981e-06	1.396027e-10	1.784206e+01	8.118918e+00
1.000000e-06	2.725246e-06	7.760152e-10	1.886859e+01	4.574262e+01
1.010000e-06	2.872566e-06	1.436310e-09	1.988858e+01	8.451203e+01
1.020000e-06	3.018899e-06	2.105631e-09	2.090174e+01	1.240172e+02
1.030000e-06	3.164147e-06	2.776095e-09	2.190738e+01	1.638036e+02
1.040000e-06	3.308267e-06	3.445362e-09	2.290521e+01	2.033989e+02
1.050000e-06	3.451209e-06	4.104764e-09	2.389489e+01	2.423430e+02
1.060000e-06	3.592869e-06	4.743349e-09	2.487569e+01	2.802162e+02
1.070000e-06	3.733112e-06	5.354596e-09	2.584668e+01	3.166647e+02
1.080000e-06	3.871924e-06	5.939001e-09	2.680776e+01	3.514200e+02
1.090000e-06	4.009297e-06	6.495185e-09	2.775889e+01	3.843075e+02
1.100000e-06	4.145086e-06	7.017692e-09	2.869903e+01	4.152444e+02
1.110000e-06	4.279347e-06	7.503689e-09	2.962861e+01	4.442262e+02
1.120000e-06	4.412096e-06	7.956996e-09	3.054772e+01	4.713060e+02
1.130000e-06	4.543233e-06	8.382715e-09	3.145566e+01	4.965707e+02
1.140000e-06	4.672795e-06	8.778849e-09	3.235270e+01	5.201199e+02
1.150000e-06	4.800696e-06	9.146322e-09	3.323824e+01	5.420515e+02
1.160000e-06	4.926932e-06	9.488222e-09	3.411224e+01	5.624550e+02
1.170000e-06	5.051507e-06	9.806801e-09	3.497476e+01	5.814133e+02
1.180000e-06	5.174321e-06	1.010323e-08	3.582508e+01	5.990075e+02
1.190000e-06	5.295267e-06	1.037573e-08	3.666246e+01	6.153230e+02
1.200000e-06	5.414215e-06	1.062650e-08	3.748602e+01	6.304518e+02
1.210000e-06	5.531108e-06	1.086189e-08	3.829534e+01	6.444911e+02
1.220000e-06	5.645883e-06	1.108393e-08	3.908999e+01	6.575372e+02
1.230000e-06	5.758445e-06	1.128968e-08	3.986934e+01	6.696786e+02
1.240000e-06	5.868878e-06	1.147918e-08	4.063393e+01	6.809901e+02
1.250000e-06	5.977279e-06	1.165580e-08	4.138446e+01	6.915305e+02
1.260000e-06	6.083614e-06	1.182087e-08	4.212068e+01	7.013451e+02
1.270000e-06	6.187780e-06	1.197397e-08	4.284189e+01	7.104709e+02
1.280000e-06	6.289712e-06	1.211560e-08	4.354763e+01	7.189436e+02
1.290000e-06	6.389359e-06	1.224703e-08	4.423755e+01	7.268026e+02
1.300000e-06	6.486584e-06	1.236940e-08	4.491070e+01	7.340933e+02
1.310000e-06	6.581474e-06	1.248208e-08	4.556768e+01	7.408658e+02
1.320000e-06	6.674143e-06	1.258559e-08	4.620929e+01	7.471707e+02
1.330000e-06	6.764512e-06	1.268491e-08	4.683497e+01	7.530546e+02
1.340000e-06	6.852438e-06	1.277904e-08	4.744373e+01	7.585565e+02
1.350000e-06	6.937982e-06	1.286479e-08	4.803601e+01	7.637066e+02
1.360000e-06	7.021193e-06	1.294493e-08	4.861213e+01	7.685275e+02
1.370000e-06	7.101887e-06	1.302153e-08	4.917082e+01	7.730374e+02
1.380000e-06	7.180003e-06	1.309489e-08	4.971167e+01	7.772531e+02
1.390000e-06	7.255406e-06	1.316221e-08	5.023374e+01	7.811918e+02
1.400000e-06	7.328040e-06	1.322331e-08	5.073663e+01	7.848719e+02
1.410000e-06	7.398097e-06	1.328084e-08	5.122168e+01	7.883120e+02
1.420000e-06	7.465605e-06	1.333535e-08	5.168908e+01	7.915294e+02
1.430000e-06	7.530403e-06	1.338538e-08	5.213771e+01	7.945384e+02
1.440000e-06	7.592589e-06	1.343216e-08	5.256827e+01	7.973505e+02
1.450000e-06	7.652239e-06	1.347732e-08	5.298126e+01	7.999744e+02
1.460000e-06	7.709159e-06	1.352061e-08	5.337535e+01	8.024174e+02
1.470000e-06	7.763215e-06	1.356036e-08	5.374962e+01	8.046864e+02
1.480000e-06	7.814135e-06	1.359616e-08	5.410217e+01	8.067883e+02
1.490000e-06	7.861890e-06	1.362734e-08	5.443281e+01	8.087299e+02
1.500000e-06	7.906807e-06	1.365412e-08	5.474380e+01	8.105173e+02
1.510000e-06	7.948888e-06	1.367981e-08	5.503515e+01	8.121556e+02
1.520000e-06	7.988117e-06	1.370538e-08	5.530676e+01	8.136489e+02
1.530000e-06	8.024620e-06	1.372977e-08	5.555949e+01	8.150009e+02
1.540000e-06	8.058286e-06	1.375124e-08	5.579258e+01	8.162158e+02
1.550000e-06	8.089137e-06	1.376953e-08	5.600618e+01	8.172987e+02
1.560000e-06	8.117253e-06	1.378502e-08	5.620084e+01	8.182550e+02
1.570000e-06	8.142489e-06	1.379773e-08	5.637557e+01	8.190901e+02
1.580000e-06	8.164845e-06	1.380762e-08	5.653036e+01	8.198073e+02
1.590000e-06	8.184436e-06	1.381587e-08	5.666600e+01	8.204085e+02
1.600000e-06	8.201130e-06	1.382342e-08	5.678158e+01	8.208938e+02
1.610000e-06	8.214807e-06	1.382869e-08	5.687628e+01	8.212641e+02
1.620000e-06	8.225320e-06	1.383265e-08	5.694906e+01	8.215227e+02
1.630000e-06	8.232682e-06	1.383672e-08	5.700003e+01	8.216778e+02
1.640000e-06	8.237131e-06	1.383869e-08	5.703084e+01	8.217412e+02
1.650000e-06	8.238671e-06	1.383568e-08	5.704150e+01	8.217262e+02
1.660000e-06	8.237459e-06	1.383567e-08	5.703311e+01	8.216432e+02
1.670000e-06	8.233660e-06	1.383472e-08	5.700680e+01	8.214949e+02
1.680000e-06	8.227081e-06	1.382836e-08	5.696126e+01	8.212732e+02
1.690000e-06	8.217735e-06	1.382000e-08	5.689655e+01	8.209606e+02
1.700000e-06	8.205543e-06	1.381031e-08	5.681213e+01	8.205341e+02
1.710000e-06	8.190474e-06	1.379365e-08	5.670780e+01	8.199737e+02
1.720000e-06	8.172874e-06	1.375808e-08	5.658595e+01	8.192697e+02
1.730000e-06	8.152866e-06	1.377986e-08	5.644741e+01	8.184284e+02
1.740000e-06	8.129891e-06	1.384062e-08	5.628835e+01	8.174718e+02
1.750000e-06	8.103200e-06	1.379906e-08	5.610354e+01	8.164321e+02
1.760000e-06	8.072760e-06	1.373203e-08	5.589279e+01	8.153417e+02
1.770000e-06	8.039322e-06	1.371207e-08	5.566128e+01	8.142223e+02
1.780000e-06	8.003499e-06	1.366245e-08	5.541325e+01	8.130770e+02
1.790000e-06	7.965376e-06	1.361926e-08	5.514931e+01	8.118890e+02
1.800000e-06	7.925150e-06	1.369140e-08	5.487079e+01	8.106271e+02
1.810000e-06	7.882540e-06	1.359580e-08	5.457578e+01	8.092569e+02
1.820000e-06	7.837219e-06	1.358267e-08	5.426199e+01	8.077531e+02
1.830000e-06	7.789148e-06	1.363406e-08	5.392917e+01	8.061087e+02
1.840000e-06	7.737806e-06	1.351578e-08	5.357370e+01	8.043372e+02
1.850000e-06	7.683325e-06	1.354627e-08	5.319649e+01	8.024668e+02
1.860000e-06	7.626089e-06	1.343205e-08	5.280021e+01	8.005289e+02
1.870000e-06	7.566186e-06	1.344243e-08	5.238546e+01	7.985449e+02
1.880000e-06	7.503632e-06	1.345701e-08	5.195236e+01	7.965170e+02
1.890000e-06	7.438243e-06	1.334954e-08	5.149963e+01	7.944260e+02
1.900000e-06	7.370210e-06	1.338512e-08	5.102860e+01	7.922380e+02
1.910000e-06	7.299301e-06	1.328907e-08	5.053765e+01	7.899163e+02
1.920000e-06	7.225490e-06	1.328022e-08	5.002661e+01	7.874357e+02
1.930000e-06	7.148955e-06	1.320495e-08	4.949671e+01	7.847914e+02
1.940000e-06	7.069627e-06	1.314057e-08	4.894747e+01	7.820004e+02
1.950000e-06	6.987889e-06	1.314428e-08	4.838155e+01	7.790946e+02
1.960000e-06	6.903657e-06	1.306382e-08	4.779836e+01	7.761072e+02
1.970000e-06	6.816818e-06	1.307035e-08	4.719712e+01	7.730596e+02
1.980000e-06	6.727531e-06	1.296377e-08	4.657893e+01	7.699517e+02
1.990000e-06	6.635949e-06	1.291292e-08	4.594484e+01	7.667621e+02
2.000000e-06	6.542050e-06	1.284887e-08	4.529472e+01	7.634565e+02
2.010000e-06	6.445722e-06	1.277788e-08	4.462778e+01	7.600013e+02
2.020000e-06	6.347220e-06	1.273147e-08	4.394580e+01	7.563770e+02
2.030000e-06	6.246437e-06	1.266044e-08	4.324801e+01	7.525865e+02
2.040000e-06	6.143303e-06	1.264019e-08	4.253395e+01	7.486533e+02
2.050000e-06	6.037962e-06	1.255595e-08	4.180461e+01	7.446116e+02
2.060000e-06	5.930600e-06	1.248516e-08	4.106127e+01	7.404911e+02
2.070000e-06	5.821205e-06	1.238430e-08	4.030386e+01	7.363033e+02
2.080000e-06	5.709591e-06	1.231290e-08	3.953109e+01	7.320350e+02
2.090000e-06	5.595782e-06	1.223924e-08	3.874312e+01	7.276514e+02
2.100000e-06	5.479780e-06	1.216508e-08	3.793996e+01	7.231083e+02
2.110000e-06	5.361581e-06	1.209274e-08	3.712159e+01	7.183685e+02
2.120000e-06	5.241346e-06	1.201798e-08	3.628913e+01	7.134166e+02
2.130000e-06	5.119298e-06	1.194151e-08	3.544412e+01	7.082645e+02
2.140000e-06	4.995440e-06	1.183475e-08	3.458657e+01	7.029479e+02
2.150000e-06	4.869749e-06	1.173559e-08	3.371633e+01	6.975113e+02
2.160000e-06	4.742266e-06	1.163523e-08	3.283369e+01	6.919911e+02
2.170000e-06	4.613145e-06	1.155361e-08	3.193970e+01	6.863999e+02
2.180000e-06	4.482450e-06	1.145319e-08	3.103482e+01	6.807203e+02
2.190000e-06	4.350177e-06	1.136002e-08	3.011901e+01	6.749099e+02
2.200000e-06	4.216279e-06	1.126230e-08	2.919195e+01	6.689153e+02
2.210000e-06	4.080823e-06	1.116174e-08	2.825411e+01	6.626905e+02
2.220000e-06	3.943909e-06	1.104857e-08	2.730616e+01	6.562119e+02
2.230000e-06	3.805473e-06	1.092491e-08	2.634768e+01	6.494849e+02
2.240000e-06	3.665604e-06	1.080851e-08	2.537928e+01	6.425384e+02
2.250000e-06	3.524330e-06	1.068882e-08	2.440115e+01	6.354116e+02
2.260000e-06	3.381695e-06	1.056938e-08	2.341360e+01	6.281362e+02
2.270000e-06	3.237832e-06	1.043817e-08	2.241754e+01	6.207228e+02
2.280000e-06	3.092869e-06	1.031175e-08	2.141388e+01	6.131558e+02
2.290000e-06	2.946827e-06	1.018410e-08	2.040274e+01	6.053986e+02
2.300000e-06	2.799726e-06	1.005099e-08	1.938426e+01	5.974069e+02
2.310000e-06	2.651731e-06	9.910010e-09	1.835960e+01	5.891443e+02
2.320000e-06	2.502830e-06	9.763769e-09	1.732866e+01	5.805933e+02
2.330000e-06	2.352978e-06	9.618867e-09	1.629115e+01	5.717582e+02
2.340000e-06	2.202284e-06	9.465668e-09	1.524780e+01	5.626580e+02
2.350000e-06	2.050800e-06	9.304603e-09	1.419898e+01	5.533126e+02
2.360000e-06	1.898551e-06	9.140001e-09	1.314486e+01	5.437292e+02
2.370000e-06	1.745650e-06	8.975539e-09	1.208623e+01	5.338932e+02
2.380000e-06	1.592196e-06	8.810100e-09	1.102377e+01	5.237692e+02
2.390000e-06	1.438193e-06	8.635171e-09	9.957513e+00	5.133101e+02
2.400000e-06	1.283582e-06	8.450882e-09	8.887047e+00	5.024720e+02
2.410000e-06	1.128468e-06	8.259030e-09	7.813090e+00	4.912265e+02
2.420000e-06	9.730048e-07	8.059497e-09	6.736724e+00	4.795666e+02
2.430000e-06	8.172546e-07	7.852372e-09	5.658367e+00	4.675008e+02
2.440000e-06	6.612444e-07	7.637681e-09	4.578211e+00	4.550389e+02
2.450000e-06	5.049924e-07	7.424719e-09	3.496379e+00	4.421727e+02
2.460000e-06	3.485741e-07	7.209119e-09	2.413398e+00	4.288608e+02
2.470000e-06	1.920187e-07	6.981517e-09	1.329466e+00	4.150229e+02
2.480000e-06	3.531218e-08	6.735222e-09	2.444884e-01	4.005474e+02
2.490000e-06	-1.214152e-07	6.473137e-09	-8.406336e-01	3.853102e+02
2.500000e-06	-2.780244e-07	6.200454e-09	-1.924937e+00	3.691992e+02
2.510000e-06	-4.344875e-07	5.911861e-09	-3.008230e+00	3.521352e+02
2.520000e-06	-5.907522e-07	5.607873e-09	-4.090149e+00	3.340823e+02
2.530000e-06	-7.467383e-07	5.287961e-09	-5.170139e+00	3.150428e+02
2.540000e-06	-9.024589e-07	4.955193e-09	-6.248290e+00	2.950380e+02
2.550000e-06	-1.057898e-06	4.606750e-09	-7.324492e+00	2.740806e+02
2.560000e-06	-1.212958e-06	4.237016e-09	-8.398069e+00	2.521465e+02
2.570000e-06	-1.367568e-06	3.847124e-09	-9.468535e+00	2.291565e+02
2.580000e-06	-1.521650e-06	3.439926e-09	-1.053534e+01	2.049727e+02
2.590000e-06	-1.675186e-06	3.012044e-09	-1.159837e+01	1.794121e+02
2.600000e-06	-1.828145e-06	2.556463e-09	-1.265740e+01	1.522745e+02
2.610000e-06	-1.980442e-06	2.071738e-09	-1.371185e+01	1.233781e+02
2.620000e-06	-2.131990e-06	1.558345e-09	-1.476111e+01	9.259446e+01
2.630000e-06	-2.282755e-06	1.014391e-09	-1.580495e+01	5.987819e+01
2.640000e-06	-2.432732e-06	4.365670e-10	-1.684333e+01	2.528425e+01
2.650000e-06	-2.581818e-06	-1.731348e-10	-1.787555e+01	-1.102602e+01
2.660000e-06	-2.729947e-06	-8.065327e-10	-1.890114e+01	-4.879029e+01
2.670000e-06	-2.877120e-06	-1.457198e-09	-1.992011e+01	-8.765926e+01
2.680000e-06	-3.023304e-06	-2.120769e-09	-2.093223e+01	-1.272170e+02
2.690000e-06	-3.168423e-06	-2.790192e-09	-2.193698e+01	-1.670056e+02
2.700000e-06	-3.312357e-06	-3.454725e-09	-2.293353e+01	-2.065528e+02
2.710000e-06	-3.455030e-06	-4.105137e-09	-2.392134e+01	-2.454014e+02
2.720000e-06	-3.596439e-06	-4.737848e-09	-2.490041e+01	-2.831375e+02
2.730000e-06	-3.736488e-06	-5.347561e-09	-2.587005e+01	-3.194159e+02
2.740000e-06	-3.875030e-06	-5.929689e-09	-2.682927e+01	-3.539779e+02
2.750000e-06	-4.012113e-06	-6.479574e-09	-2.777838e+01	-3.866590e+02
2.760000e-06	-4.147746e-06	-6.997163e-09	-2.871745e+01	-4.173855e+02
2.770000e-06	-4.281908e-06	-7.483650e-09	-2.964634e+01	-4.461603e+02
2.780000e-06	-4.414579e-06	-7.937478e-09	-3.056491e+01	-4.730412e+02
2.790000e-06	-4.545623e-06	-8.359753e-09	-3.147221e+01	-4.981173e+02
2.800000e-06	-4.675072e-06	-8.753826e-09	-3.236846e+01	-5.214888e+02
2.810000e-06	-4.802968e-06	-9.122917e-09	-3.325397e+01	-5.432526e+02
2.820000e-06	-4.929220e-06	-9.466269e-09	-3.412809e+01	-5.634976e+02
2.830000e-06	-5.053695e-06	-9.784426e-09	-3.498990e+01	-5.823059e+02
2.840000e-06	-5.176317e-06	-1.007897e-08	-3.583890e+01	-5.997590e+02
2.850000e-06	-5.297055e-06	-1.035233e-08	-3.667484e+01	-6.159429e+02
2.860000e-06	-5.415852e-06	-1.060588e-08	-3.749735e+01	-6.309505e+02
2.870000e-06	-5.532510e-06	-1.084129e-08	-3.830504e+01	-6.448789e+02
2.880000e-06	-5.646818e-06	-1.106216e-08	-3.909647e+01	-6.578242e+02
2.890000e-06	-5.758886e-06	-1.126893e-08	-3.987239e+01	-6.698735e+02
2.900000e-06	-5.868797e-06	-1.145908e-08	-4.063337e+01	-6.810999e+02
2.910000e-06	-5.976637e-06	-1.163162e-08	-4.138002e+01	-6.915606e+02
2.920000e-06	-6.082543e-06	-1.179181e-08	-4.211327e+01	-7.012998e+02
2.930000e-06	-6.186352e-06	-1.194539e-08	-4.283201e+01	-7.103540e+02
2.940000e-06	-6.287876e-06	-1.209124e-08	-4.353492e+01	-7.187591e+02
2.950000e-06	-6.387130e-06	-1.222537e-08	-4.422212e+01	-7.265550e+02
2.960000e-06	-6.484225e-06	-1.234850e-08	-4.489437e+01	-7.337879e+02
2.970000e-06	-6.579050e-06	-1.246402e-08	-4.555090e+01	-7.405080e+02
2.980000e-06	-6.671484e-06	-1.257249e-08	-4.619088e+01	-7.467658e+02
2.990000e-06	-6.761660e-06	-1.267001e-08	-4.681522e+01	-7.526072e+02
3.000000e-06	-6.849516e-06	-1.275848e-08	-4.742351e+01	-7.580702e+02
3.010000e-06	-6.934829e-06	-1.284438e-08	-4.801418e+01	-7.631841e+02
3.020000e-06	-7.017635e-06	-1.292822e-08	-4.858750e+01	-7.679710e+02
3.030000e-06	-7.098020e-06	-1.300584e-08	-4.914405e+01	-7.724487e+02
3.040000e-06	-7.175787e-06	-1.307670e-08	-4.968248e+01	-7.766340e+02
3.050000e-06	-7.250736e-06	-1.314383e-08	-5.020140e+01	-7.805442e+02
3.060000e-06	-7.322996e-06	-1.320658e-08	-5.070170e+01	-7.841978e+02
3.070000e-06	-7.392663e-06	-1.326225e-08	-5.118405e+01	-7.876134e+02
3.080000e-06	-7.459712e-06	-1.331185e-08	-5.164827e+01	-7.908079e+02
3.090000e-06	-7.524202e-06	-1.335946e-08	-5.209478e+01	-7.937955e+02
3.100000e-06	-7.586043e-06	-1.340768e-08	-5.252294e+01	-7.965871e+02
3.110000e-06	-7.645156e-06	-1.345320e-08	-5.293222e+01	-7.991914e+02
3.120000e-06	-7.701529e-06	-1.349434e-08	-5.332252e+01	-8.016155e+02
3.130000e-06	-7.754951e-06	-1.353397e-08	-5.369240e+01	-8.038664e+02
3.140000e-06	-7.805232e-06	-1.357305e-08	-5.404053e+01	-8.059509e+02
3.150000e-06	-7.852400e-06	-1.360701e-08	-5.436710e+01	-8.078758e+02
3.160000e-06	-7.896846e-06	-1.363284e-08	-5.467483e+01	-8.096472e+02
3.170000e-06	-7.938869e-06	-1.365493e-08	-5.496578e+01	-8.112698e+02
3.180000e-06	-7.978192e-06	-1.367944e-08	-5.523804e+01	-8.127479e+02
3.190000e-06	-8.014663e-06	-1.370541e-08	-5.549055e+01	-8.140851e+02
3.200000e-06	-8.048384e-06	-1.372757e-08	-5.572402e+01	-8.152857e+02
3.210000e-06	-8.079181e-06	-1.374681e-08	-5.593725e+01	-8.163549e+02
3.220000e-06	-8.107002e-06	-1.376516e-08	-5.612987e+01	-8.172981e+02
3.230000e-06	-8.132047e-06	-1.378118e-08	-5.630327e+01	-8.181205e+02
3.240000e-06	-8.154227e-06	-1.379097e-08	-5.645684e+01	-8.188254e+02
3.250000e-06	-8.173520e-06	-1.379662e-08	-5.659042e+01	-8.194143e+02
3.260000e-06	-8.189973e-06	-1.380251e-08	-5.670433e+01	-8.198873e+02
3.270000e-06	-8.203299e-06	-1.381128e-08	-5.679660e+01	-8.202454e+02
3.280000e-06	-8.213515e-06	-1.382040e-08	-5.686732e+01	-8.204927e+02
3.290000e-06	-8.220801e-06	-1.382628e-08	-5.691777e+01	-8.206374e+02
3.300000e-06	-8.225113e-06	-1.382868e-08	-5.694763e+01	-8.206918e+02
3.310000e-06	-8.226645e-06	-1.383006e-08	-5.695823e+01	-8.206693e+02
