# Temperatura_=_40.33
# Concentracion g/m^3_=_11780.0
# C_Vs_to_Am_M_A/Vsm_=_59384043850.047264
# pendiente_HvsI_1/m_=_3716.3
# ordenada_HvsI_A/m_=_1297.0
# frecuencia_Hz_=_301384.8347419529

Tiempo_(s)	Campo_(V.s)	Magnetizacion_(V.s)	Campo_(kA/m)	Magnetizacion_(A/m)
0.000000e+00	-8.215658e-06	-1.351870e-08	-5.695243e+01	-8.026506e+02
1.000000e-08	-8.211841e-06	-1.351552e-08	-5.692597e+01	-8.025379e+02
2.000000e-08	-8.205418e-06	-1.351182e-08	-5.688143e+01	-8.023315e+02
3.000000e-08	-8.196226e-06	-1.350545e-08	-5.681772e+01	-8.020188e+02
4.000000e-08	-8.184092e-06	-1.350069e-08	-5.673360e+01	-8.015903e+02
5.000000e-08	-8.168912e-06	-1.349679e-08	-5.662837e+01	-8.010424e+02
6.000000e-08	-8.150880e-06	-1.349651e-08	-5.650337e+01	-8.003799e+02
7.000000e-08	-8.130439e-06	-1.348352e-08	-5.636167e+01	-7.996157e+02
8.000000e-08	-8.107207e-06	-1.342312e-08	-5.620062e+01	-7.987670e+02
9.000000e-08	-8.080602e-06	-1.338946e-08	-5.601619e+01	-7.978504e+02
1.000000e-07	-8.050796e-06	-1.340452e-08	-5.580957e+01	-7.968763e+02
1.100000e-07	-8.018135e-06	-1.341278e-08	-5.558316e+01	-7.958452e+02
1.200000e-07	-7.982731e-06	-1.339609e-08	-5.533773e+01	-7.947474e+02
1.300000e-07	-7.944955e-06	-1.338583e-08	-5.507586e+01	-7.935660e+02
1.400000e-07	-7.905006e-06	-1.337976e-08	-5.479893e+01	-7.922835e+02
1.500000e-07	-7.862436e-06	-1.332091e-08	-5.450382e+01	-7.908887e+02
1.600000e-07	-7.816959e-06	-1.331042e-08	-5.418857e+01	-7.893809e+02
1.700000e-07	-7.768722e-06	-1.324541e-08	-5.385418e+01	-7.877710e+02
1.800000e-07	-7.717384e-06	-1.320024e-08	-5.349830e+01	-7.860777e+02
1.900000e-07	-7.662979e-06	-1.322500e-08	-5.312115e+01	-7.843200e+02
2.000000e-07	-7.605797e-06	-1.318576e-08	-5.272475e+01	-7.825094e+02
2.100000e-07	-7.545868e-06	-1.317372e-08	-5.230932e+01	-7.806439e+02
2.200000e-07	-7.483376e-06	-1.311646e-08	-5.187612e+01	-7.787076e+02
2.300000e-07	-7.418102e-06	-1.307662e-08	-5.142362e+01	-7.766752e+02
2.400000e-07	-7.349981e-06	-1.305284e-08	-5.095139e+01	-7.745204e+02
2.500000e-07	-7.279205e-06	-1.298208e-08	-5.046076e+01	-7.722251e+02
2.600000e-07	-7.205662e-06	-1.293555e-08	-4.995095e+01	-7.697866e+02
2.700000e-07	-7.129300e-06	-1.291224e-08	-4.942159e+01	-7.672181e+02
2.800000e-07	-7.050133e-06	-1.289925e-08	-4.887279e+01	-7.645440e+02
2.900000e-07	-6.968264e-06	-1.283542e-08	-4.830526e+01	-7.617907e+02
3.000000e-07	-6.884085e-06	-1.278004e-08	-4.772172e+01	-7.589760e+02
3.100000e-07	-6.797694e-06	-1.273977e-08	-4.712284e+01	-7.561019e+02
3.200000e-07	-6.708847e-06	-1.267390e-08	-4.650694e+01	-7.531537e+02
3.300000e-07	-6.617520e-06	-1.262630e-08	-4.587384e+01	-7.501047e+02
3.400000e-07	-6.523958e-06	-1.256911e-08	-4.522525e+01	-7.469264e+02
3.500000e-07	-6.428079e-06	-1.251714e-08	-4.456060e+01	-7.435987e+02
3.600000e-07	-6.329692e-06	-1.246715e-08	-4.387856e+01	-7.401169e+02
3.700000e-07	-6.229035e-06	-1.241032e-08	-4.318079e+01	-7.364930e+02
3.800000e-07	-6.126257e-06	-1.234017e-08	-4.246832e+01	-7.327495e+02
3.900000e-07	-6.021252e-06	-1.226622e-08	-4.174040e+01	-7.289098e+02
4.000000e-07	-5.914025e-06	-1.221064e-08	-4.099709e+01	-7.249880e+02
4.100000e-07	-5.804738e-06	-1.214950e-08	-4.023949e+01	-7.209823e+02
4.200000e-07	-5.693411e-06	-1.207921e-08	-3.946775e+01	-7.168752e+02
4.300000e-07	-5.579869e-06	-1.200168e-08	-3.868066e+01	-7.126406e+02
4.400000e-07	-5.464069e-06	-1.193249e-08	-3.787791e+01	-7.082537e+02
4.500000e-07	-5.346186e-06	-1.185837e-08	-3.706072e+01	-7.037008e+02
4.600000e-07	-5.226385e-06	-1.177368e-08	-3.623025e+01	-6.989851e+02
4.700000e-07	-5.104696e-06	-1.169207e-08	-3.538667e+01	-6.941245e+02
4.800000e-07	-4.981111e-06	-1.161613e-08	-3.452996e+01	-6.891437e+02
4.900000e-07	-4.855732e-06	-1.153668e-08	-3.366081e+01	-6.840632e+02
5.000000e-07	-4.728701e-06	-1.144633e-08	-3.278021e+01	-6.788892e+02
5.100000e-07	-4.599975e-06	-1.134922e-08	-3.188786e+01	-6.736098e+02
5.200000e-07	-4.469561e-06	-1.125450e-08	-3.098380e+01	-6.681974e+02
5.300000e-07	-4.337456e-06	-1.116456e-08	-3.006803e+01	-6.626184e+02
5.400000e-07	-4.203764e-06	-1.106779e-08	-2.914125e+01	-6.568443e+02
5.500000e-07	-4.068723e-06	-1.096618e-08	-2.820512e+01	-6.508616e+02
5.600000e-07	-3.932239e-06	-1.086609e-08	-2.725899e+01	-6.446745e+02
5.700000e-07	-3.794213e-06	-1.076551e-08	-2.630217e+01	-6.383011e+02
5.800000e-07	-3.654607e-06	-1.065335e-08	-2.533439e+01	-6.317628e+02
5.900000e-07	-3.513452e-06	-1.053310e-08	-2.435588e+01	-6.250727e+02
6.000000e-07	-3.370884e-06	-1.041702e-08	-2.336757e+01	-6.182274e+02
6.100000e-07	-3.226966e-06	-1.030104e-08	-2.236991e+01	-6.112051e+02
6.200000e-07	-3.081778e-06	-1.017957e-08	-2.136344e+01	-6.039724e+02
6.300000e-07	-2.935558e-06	-1.005418e-08	-2.034982e+01	-5.964951e+02
6.400000e-07	-2.788466e-06	-9.926597e-09	-1.933015e+01	-5.887508e+02
6.500000e-07	-2.640468e-06	-9.795234e-09	-1.830420e+01	-5.807358e+02
6.600000e-07	-2.491604e-06	-9.655694e-09	-1.727225e+01	-5.724644e+02
6.700000e-07	-2.341936e-06	-9.509713e-09	-1.623472e+01	-5.639603e+02
6.800000e-07	-2.191507e-06	-9.360679e-09	-1.519193e+01	-5.552427e+02
6.900000e-07	-2.040328e-06	-9.210288e-09	-1.414392e+01	-5.463139e+02
7.000000e-07	-1.888331e-06	-9.057347e-09	-1.309025e+01	-5.371521e+02
7.100000e-07	-1.735602e-06	-8.899902e-09	-1.203151e+01	-5.277144e+02
7.200000e-07	-1.582242e-06	-8.736421e-09	-1.096838e+01	-5.179475e+02
7.300000e-07	-1.428289e-06	-8.565719e-09	-9.901160e+00	-5.078044e+02
7.400000e-07	-1.273835e-06	-8.388058e-09	-8.830454e+00	-4.972575e+02
7.500000e-07	-1.118845e-06	-8.202720e-09	-7.756033e+00	-4.863055e+02
7.600000e-07	-9.633571e-07	-8.012722e-09	-6.678165e+00	-4.749684e+02
7.700000e-07	-8.075104e-07	-7.816083e-09	-5.597808e+00	-4.632725e+02
7.800000e-07	-6.514000e-07	-7.614470e-09	-4.515622e+00	-4.512310e+02
7.900000e-07	-4.951390e-07	-7.410480e-09	-3.432393e+00	-4.388255e+02
8.000000e-07	-3.387300e-07	-7.197232e-09	-2.348137e+00	-4.259974e+02
8.100000e-07	-1.821739e-07	-6.969006e-09	-1.262863e+00	-4.126515e+02
8.200000e-07	-2.558541e-08	-6.728531e-09	-1.773627e-01	-3.986718e+02
8.300000e-07	1.310206e-07	-6.479510e-09	9.082584e-01	-3.839445e+02
8.400000e-07	2.876080e-07	-6.216478e-09	1.993751e+00	-3.683800e+02
8.500000e-07	4.441015e-07	-5.938464e-09	3.078591e+00	-3.519273e+02
8.600000e-07	6.004130e-07	-5.647438e-09	4.162171e+00	-3.345751e+02
8.700000e-07	7.564656e-07	-5.343174e-09	5.243956e+00	-3.163391e+02
8.800000e-07	9.122764e-07	-5.022752e-09	6.324064e+00	-2.972401e+02
8.900000e-07	1.067800e-06	-4.685161e-09	7.402182e+00	-2.772800e+02
9.000000e-07	1.222944e-06	-4.332864e-09	8.477670e+00	-2.564217e+02
9.100000e-07	1.377558e-06	-3.966029e-09	9.549478e+00	-2.345808e+02
9.200000e-07	1.531529e-06	-3.579582e-09	1.061684e+01	-2.116292e+02
9.300000e-07	1.684939e-06	-3.167301e-09	1.168030e+01	-1.874102e+02
9.400000e-07	1.837813e-06	-2.730084e-09	1.274005e+01	-1.617606e+02
9.500000e-07	1.990072e-06	-2.269413e-09	1.379554e+01	-1.345340e+02
9.600000e-07	2.141499e-06	-1.780323e-09	1.484525e+01	-1.056227e+02
9.700000e-07	2.291969e-06	-1.258956e-09	1.588834e+01	-7.497345e+01
9.800000e-07	2.441600e-06	-7.084007e-10	1.692561e+01	-4.260005e+01
9.900000e-07	2.590449e-06	-1.348558e-10	1.795746e+01	-8.590836e+00
1.000000e-06	2.738478e-06	4.610686e-10	1.898362e+01	2.688645e+01
1.010000e-06	2.885601e-06	1.084078e-09	2.000351e+01	6.358350e+01
1.020000e-06	3.031740e-06	1.725065e-09	2.101657e+01	1.011756e+02
1.030000e-06	3.176825e-06	2.370228e-09	2.202232e+01	1.392735e+02
1.040000e-06	3.320695e-06	3.012708e-09	2.301966e+01	1.774443e+02
1.050000e-06	3.463245e-06	3.650881e-09	2.400784e+01	2.152411e+02
1.060000e-06	3.604493e-06	4.277689e-09	2.498700e+01	2.522372e+02
1.070000e-06	3.744426e-06	4.879863e-09	2.595703e+01	2.880603e+02
1.080000e-06	3.882896e-06	5.452856e-09	2.691693e+01	3.224185e+02
1.090000e-06	4.019803e-06	6.002072e-09	2.786600e+01	3.551149e+02
1.100000e-06	4.155173e-06	6.527538e-09	2.880441e+01	3.860457e+02
1.110000e-06	4.289068e-06	7.021033e-09	2.973259e+01	4.151859e+02
1.120000e-06	4.421533e-06	7.479254e-09	3.065086e+01	4.425652e+02
1.130000e-06	4.552396e-06	7.908364e-09	3.155803e+01	4.682431e+02
1.140000e-06	4.681592e-06	8.314807e-09	3.245364e+01	4.922880e+02
1.150000e-06	4.809092e-06	8.694246e-09	3.333749e+01	5.147655e+02
1.160000e-06	4.934935e-06	9.043464e-09	3.420986e+01	5.357363e+02
1.170000e-06	5.059187e-06	9.368299e-09	3.507120e+01	5.552615e+02
1.180000e-06	5.181637e-06	9.674154e-09	3.592004e+01	5.734095e+02
1.190000e-06	5.302114e-06	9.958563e-09	3.675521e+01	5.902613e+02
1.200000e-06	5.420627e-06	1.022030e-08	3.757676e+01	6.059107e+02
1.210000e-06	5.537164e-06	1.046331e-08	3.838462e+01	6.204574e+02
1.220000e-06	5.651499e-06	1.069331e-08	3.917721e+01	6.339985e+02
1.230000e-06	5.763626e-06	1.090882e-08	3.995449e+01	6.466183e+02
1.240000e-06	5.873754e-06	1.110662e-08	4.071792e+01	6.583836e+02
1.250000e-06	5.981893e-06	1.128905e-08	4.146756e+01	6.693433e+02
1.260000e-06	6.087844e-06	1.145862e-08	4.220204e+01	6.795347e+02
1.270000e-06	6.191536e-06	1.161641e-08	4.292084e+01	6.889917e+02
1.280000e-06	6.293047e-06	1.176323e-08	4.362454e+01	6.977531e+02
1.290000e-06	6.392307e-06	1.189891e-08	4.431263e+01	7.058672e+02
1.300000e-06	6.489185e-06	1.202428e-08	4.498420e+01	7.133908e+02
1.310000e-06	6.583683e-06	1.214153e-08	4.563928e+01	7.203845e+02
1.320000e-06	6.675970e-06	1.225066e-08	4.627903e+01	7.269055e+02
1.330000e-06	6.765971e-06	1.235461e-08	4.690293e+01	7.330007e+02
1.340000e-06	6.853552e-06	1.245229e-08	4.751006e+01	7.387036e+02
1.350000e-06	6.938800e-06	1.254124e-08	4.810101e+01	7.440362e+02
1.360000e-06	7.021661e-06	1.262351e-08	4.867542e+01	7.490131e+02
1.370000e-06	7.101979e-06	1.269984e-08	4.923220e+01	7.536481e+02
1.380000e-06	7.179666e-06	1.277266e-08	4.977074e+01	7.579596e+02
1.390000e-06	7.254657e-06	1.284100e-08	5.029059e+01	7.619723e+02
1.400000e-06	7.326949e-06	1.290409e-08	5.079173e+01	7.657161e+02
1.410000e-06	7.396661e-06	1.296444e-08	5.127499e+01	7.692216e+02
1.420000e-06	7.463785e-06	1.302076e-08	5.174031e+01	7.725145e+02
1.430000e-06	7.528206e-06	1.307311e-08	5.218688e+01	7.756121e+02
1.440000e-06	7.590012e-06	1.312101e-08	5.261533e+01	7.785218e+02
1.450000e-06	7.649221e-06	1.316502e-08	5.302578e+01	7.812432e+02
1.460000e-06	7.705718e-06	1.320671e-08	5.341742e+01	7.837721e+02
1.470000e-06	7.759309e-06	1.324594e-08	5.378893e+01	7.861060e+02
1.480000e-06	7.809697e-06	1.328206e-08	5.413823e+01	7.882472e+02
1.490000e-06	7.857033e-06	1.331358e-08	5.446637e+01	7.902048e+02
1.500000e-06	7.901640e-06	1.334167e-08	5.477559e+01	7.919931e+02
1.510000e-06	7.943442e-06	1.336866e-08	5.506537e+01	7.936291e+02
1.520000e-06	7.982407e-06	1.339516e-08	5.533548e+01	7.951285e+02
1.530000e-06	8.018631e-06	1.341891e-08	5.558660e+01	7.965029e+02
1.540000e-06	8.051981e-06	1.344029e-08	5.581779e+01	7.977579e+02
1.550000e-06	8.082498e-06	1.346005e-08	5.602933e+01	7.988940e+02
1.560000e-06	8.110252e-06	1.347495e-08	5.622173e+01	7.999078e+02
1.570000e-06	8.135073e-06	1.348515e-08	5.639379e+01	8.007952e+02
1.580000e-06	8.157061e-06	1.349515e-08	5.654622e+01	8.015533e+02
1.590000e-06	8.176357e-06	1.350557e-08	5.667998e+01	8.021831e+02
1.600000e-06	8.192744e-06	1.351473e-08	5.679358e+01	8.026894e+02
1.610000e-06	8.205992e-06	1.352014e-08	5.688542e+01	8.030811e+02
1.620000e-06	8.216027e-06	1.352424e-08	5.695498e+01	8.033697e+02
1.630000e-06	8.223005e-06	1.352920e-08	5.700335e+01	8.035669e+02
1.640000e-06	8.227183e-06	1.353198e-08	5.703232e+01	8.036824e+02
1.650000e-06	8.228508e-06	1.353004e-08	5.704150e+01	8.037215e+02
1.660000e-06	8.227025e-06	1.352948e-08	5.703122e+01	8.036834e+02
1.670000e-06	8.222834e-06	1.352704e-08	5.700217e+01	8.035612e+02
1.680000e-06	8.215894e-06	1.352254e-08	5.695406e+01	8.033439e+02
1.690000e-06	8.206283e-06	1.351623e-08	5.688744e+01	8.030192e+02
1.700000e-06	8.193780e-06	1.350562e-08	5.680076e+01	8.025779e+02
1.710000e-06	8.178393e-06	1.348964e-08	5.669409e+01	8.020172e+02
1.720000e-06	8.160565e-06	1.346276e-08	5.657051e+01	8.013431e+02
1.730000e-06	8.140287e-06	1.349397e-08	5.642994e+01	8.005689e+02
1.740000e-06	8.116948e-06	1.351868e-08	5.626815e+01	7.997121e+02
1.750000e-06	8.089816e-06	1.347439e-08	5.608006e+01	7.987890e+02
1.760000e-06	8.059007e-06	1.343026e-08	5.586649e+01	7.978089e+02
1.770000e-06	8.025407e-06	1.340508e-08	5.563357e+01	7.967713e+02
1.780000e-06	7.989411e-06	1.335582e-08	5.538404e+01	7.956653e+02
1.790000e-06	7.951112e-06	1.335465e-08	5.511854e+01	7.944738e+02
1.800000e-06	7.910716e-06	1.337440e-08	5.483851e+01	7.931797e+02
1.810000e-06	7.867857e-06	1.329035e-08	5.454141e+01	7.917725e+02
1.820000e-06	7.822285e-06	1.332617e-08	5.422549e+01	7.902530e+02
1.830000e-06	7.773909e-06	1.330099e-08	5.389014e+01	7.886332e+02
1.840000e-06	7.722266e-06	1.324498e-08	5.353214e+01	7.869321e+02
1.850000e-06	7.667585e-06	1.324211e-08	5.315308e+01	7.851683e+02
1.860000e-06	7.610150e-06	1.313259e-08	5.275493e+01	7.833521e+02
1.870000e-06	7.550085e-06	1.316996e-08	5.233855e+01	7.814799e+02
1.880000e-06	7.487359e-06	1.313669e-08	5.190372e+01	7.795347e+02
1.890000e-06	7.421779e-06	1.308905e-08	5.144911e+01	7.774903e+02
1.900000e-06	7.353466e-06	1.308858e-08	5.097555e+01	7.753210e+02
1.910000e-06	7.282217e-06	1.301514e-08	5.048164e+01	7.730102e+02
1.920000e-06	7.208225e-06	1.300012e-08	4.996871e+01	7.705568e+02
1.930000e-06	7.131507e-06	1.290961e-08	4.943689e+01	7.679756e+02
1.940000e-06	7.051996e-06	1.287650e-08	4.888571e+01	7.652918e+02
1.950000e-06	6.970086e-06	1.283366e-08	4.831789e+01	7.625313e+02
1.960000e-06	6.885643e-06	1.279154e-08	4.773252e+01	7.597103e+02
1.970000e-06	6.798580e-06	1.278640e-08	4.712898e+01	7.568293e+02
1.980000e-06	6.709084e-06	1.269470e-08	4.650858e+01	7.538716e+02
1.990000e-06	6.617370e-06	1.265123e-08	4.587280e+01	7.508100e+02
2.000000e-06	6.523305e-06	1.257699e-08	4.522073e+01	7.476164e+02
2.010000e-06	6.426841e-06	1.252700e-08	4.455202e+01	7.442720e+02
2.020000e-06	6.328202e-06	1.246336e-08	4.386823e+01	7.407741e+02
2.030000e-06	6.227239e-06	1.240522e-08	4.316834e+01	7.371362e+02
2.040000e-06	6.123923e-06	1.236759e-08	4.245214e+01	7.333813e+02
2.050000e-06	6.018421e-06	1.229765e-08	4.172078e+01	7.295324e+02
2.060000e-06	5.910934e-06	1.222657e-08	4.097566e+01	7.256019e+02
2.070000e-06	5.801429e-06	1.213531e-08	4.021655e+01	7.215863e+02
2.080000e-06	5.689777e-06	1.207299e-08	3.944256e+01	7.174669e+02
2.090000e-06	5.575920e-06	1.199973e-08	3.865328e+01	7.132170e+02
2.100000e-06	5.459820e-06	1.193127e-08	3.784846e+01	7.088125e+02
2.110000e-06	5.341533e-06	1.184991e-08	3.702847e+01	7.042418e+02
2.120000e-06	5.221246e-06	1.177731e-08	3.619462e+01	6.995094e+02
2.130000e-06	5.099172e-06	1.169554e-08	3.534838e+01	6.946347e+02
2.140000e-06	4.975312e-06	1.160832e-08	3.448976e+01	6.896424e+02
2.150000e-06	4.849608e-06	1.151717e-08	3.361835e+01	6.845518e+02
2.160000e-06	4.722086e-06	1.142895e-08	3.273435e+01	6.793673e+02
2.170000e-06	4.592938e-06	1.134973e-08	3.183908e+01	6.740752e+02
2.180000e-06	4.462247e-06	1.125097e-08	3.093310e+01	6.686465e+02
2.190000e-06	4.330005e-06	1.115585e-08	3.001638e+01	6.630477e+02
2.200000e-06	4.196149e-06	1.105154e-08	2.908846e+01	6.572516e+02
2.210000e-06	4.060669e-06	1.095908e-08	2.814929e+01	6.512464e+02
2.220000e-06	3.923732e-06	1.085440e-08	2.720002e+01	6.450383e+02
2.230000e-06	3.785442e-06	1.074675e-08	2.624136e+01	6.386462e+02
2.240000e-06	3.645754e-06	1.063480e-08	2.527303e+01	6.320911e+02
2.250000e-06	3.504574e-06	1.052119e-08	2.429434e+01	6.253849e+02
2.260000e-06	3.361987e-06	1.040457e-08	2.330590e+01	6.185219e+02
2.270000e-06	3.218107e-06	1.027724e-08	2.230850e+01	6.114787e+02
2.280000e-06	3.073122e-06	1.015413e-08	2.130343e+01	6.042213e+02
2.290000e-06	2.927185e-06	1.003029e-08	2.029177e+01	5.967161e+02
2.300000e-06	2.780262e-06	9.907104e-09	1.927328e+01	5.889426e+02
2.310000e-06	2.632311e-06	9.774451e-09	1.824766e+01	5.808992e+02
2.320000e-06	2.483418e-06	9.635199e-09	1.721550e+01	5.726016e+02
2.330000e-06	2.333657e-06	9.489235e-09	1.617733e+01	5.640738e+02
2.340000e-06	2.182984e-06	9.337583e-09	1.513284e+01	5.553339e+02
2.350000e-06	2.031481e-06	9.180525e-09	1.408259e+01	5.463815e+02
2.360000e-06	1.879280e-06	9.023631e-09	1.302751e+01	5.371925e+02
2.370000e-06	1.726451e-06	8.867379e-09	1.196807e+01	5.277220e+02
2.380000e-06	1.573094e-06	8.708803e-09	1.090497e+01	5.179168e+02
2.390000e-06	1.419249e-06	8.541017e-09	9.838493e+00	5.077312e+02
2.400000e-06	1.264943e-06	8.362063e-09	8.768810e+00	4.971405e+02
2.410000e-06	1.110180e-06	8.172348e-09	7.695965e+00	4.861460e+02
2.420000e-06	9.549314e-07	7.974166e-09	6.619756e+00	4.747691e+02
2.430000e-06	7.993246e-07	7.773100e-09	5.541062e+00	4.630360e+02
2.440000e-06	6.433811e-07	7.569320e-09	4.460034e+00	4.509570e+02
2.450000e-06	4.871536e-07	7.364527e-09	3.377037e+00	4.385097e+02
2.460000e-06	3.307836e-07	7.150891e-09	2.293052e+00	4.256312e+02
2.470000e-06	1.743142e-07	6.927813e-09	1.208377e+00	4.122230e+02
2.480000e-06	1.779016e-08	6.690619e-09	1.233246e-01	3.981684e+02
2.490000e-06	-1.386843e-07	6.439616e-09	-9.613845e-01	3.833549e+02
2.500000e-06	-2.950983e-07	6.174090e-09	-2.045674e+00	3.676969e+02
2.510000e-06	-4.514618e-07	5.894725e-09	-3.129615e+00	3.511478e+02
2.520000e-06	-6.076537e-07	5.602100e-09	-4.212365e+00	3.336998e+02
2.530000e-06	-7.635701e-07	5.295177e-09	-5.293205e+00	3.153704e+02
2.540000e-06	-9.191371e-07	4.974769e-09	-6.371624e+00	2.961796e+02
2.550000e-06	-1.074273e-06	4.636909e-09	-7.447054e+00	2.761257e+02
2.560000e-06	-1.228909e-06	4.282385e-09	-8.519021e+00	2.551670e+02
2.570000e-06	-1.383052e-06	3.910349e-09	-9.587567e+00	2.332139e+02
2.580000e-06	-1.536739e-06	3.521287e-09	-1.065295e+01	2.101342e+02
2.590000e-06	-1.689992e-06	3.113263e-09	-1.171533e+01	1.857696e+02
2.600000e-06	-1.842716e-06	2.681821e-09	-1.277404e+01	1.599575e+02
2.610000e-06	-1.994777e-06	2.224948e-09	-1.382815e+01	1.325547e+02
2.620000e-06	-2.146110e-06	1.739669e-09	-1.487722e+01	1.034585e+02
2.630000e-06	-2.296606e-06	1.225254e-09	-1.592049e+01	7.262256e+01
2.640000e-06	-2.446171e-06	6.792303e-10	-1.695730e+01	4.006825e+01
2.650000e-06	-2.594890e-06	1.036456e-10	-1.798824e+01	5.892244e+00
2.660000e-06	-2.742776e-06	-4.939319e-10	-1.901342e+01	-2.972907e+01
2.670000e-06	-2.889674e-06	-1.108156e-09	-2.003174e+01	-6.653886e+01
2.680000e-06	-3.035524e-06	-1.735294e-09	-2.104280e+01	-1.042048e+02
2.690000e-06	-3.180314e-06	-2.374487e-09	-2.204651e+01	-1.423318e+02
2.700000e-06	-3.324007e-06	-3.016391e-09	-2.304261e+01	-1.804839e+02
2.710000e-06	-3.466448e-06	-3.653205e-09	-2.403004e+01	-2.182147e+02
2.720000e-06	-3.607487e-06	-4.276044e-09	-2.500775e+01	-2.551017e+02
2.730000e-06	-3.747043e-06	-4.877280e-09	-2.597518e+01	-2.907802e+02
2.740000e-06	-3.885092e-06	-5.452710e-09	-2.693216e+01	-3.249682e+02
2.750000e-06	-4.021839e-06	-5.995649e-09	-2.788011e+01	-3.574788e+02
2.760000e-06	-4.157298e-06	-6.508211e-09	-2.881914e+01	-3.882179e+02
2.770000e-06	-4.291172e-06	-6.995017e-09	-2.974718e+01	-4.171673e+02
2.780000e-06	-4.423411e-06	-7.456609e-09	-3.066388e+01	-4.443612e+02
2.790000e-06	-4.554100e-06	-7.891265e-09	-3.156984e+01	-4.698609e+02
2.800000e-06	-4.683244e-06	-8.297427e-09	-3.246509e+01	-4.937348e+02
2.810000e-06	-4.810805e-06	-8.677534e-09	-3.334937e+01	-5.160481e+02
2.820000e-06	-4.936600e-06	-9.030639e-09	-3.422140e+01	-5.368611e+02
2.830000e-06	-5.060628e-06	-9.354903e-09	-3.508118e+01	-5.562353e+02
2.840000e-06	-5.182945e-06	-9.653514e-09	-3.592911e+01	-5.742403e+02
2.850000e-06	-5.303412e-06	-9.932877e-09	-3.676421e+01	-5.909587e+02
2.860000e-06	-5.421820e-06	-1.019671e-08	-3.758503e+01	-6.064852e+02
2.870000e-06	-5.538009e-06	-1.044262e-08	-3.839048e+01	-6.209198e+02
2.880000e-06	-5.651920e-06	-1.067132e-08	-3.918013e+01	-6.343584e+02
2.890000e-06	-5.763572e-06	-1.088467e-08	-3.995412e+01	-6.468839e+02
2.900000e-06	-5.873111e-06	-1.108214e-08	-4.071346e+01	-6.585608e+02
2.910000e-06	-5.980688e-06	-1.126254e-08	-4.145921e+01	-6.694366e+02
2.920000e-06	-6.086347e-06	-1.142836e-08	-4.219166e+01	-6.795477e+02
2.930000e-06	-6.189857e-06	-1.158499e-08	-4.290921e+01	-6.889282e+02
2.940000e-06	-6.291010e-06	-1.173528e-08	-4.361042e+01	-6.976179e+02
2.950000e-06	-6.389873e-06	-1.187666e-08	-4.429575e+01	-7.056658e+02
2.960000e-06	-6.486570e-06	-1.200462e-08	-4.496607e+01	-7.131298e+02
2.970000e-06	-6.580987e-06	-1.211971e-08	-4.562059e+01	-7.200704e+02
2.980000e-06	-6.673020e-06	-1.222738e-08	-4.625858e+01	-7.265438e+02
2.990000e-06	-6.762776e-06	-1.233004e-08	-4.688079e+01	-7.325956e+02
3.000000e-06	-6.850224e-06	-1.242501e-08	-4.748699e+01	-7.382580e+02
3.010000e-06	-6.935199e-06	-1.251312e-08	-4.807605e+01	-7.435519e+02
3.020000e-06	-7.017681e-06	-1.259765e-08	-4.864783e+01	-7.484915e+02
3.030000e-06	-7.097750e-06	-1.267814e-08	-4.920288e+01	-7.530909e+02
3.040000e-06	-7.175092e-06	-1.275190e-08	-4.973903e+01	-7.573691e+02
3.050000e-06	-7.249613e-06	-1.281686e-08	-5.025562e+01	-7.613516e+02
3.060000e-06	-7.321558e-06	-1.287744e-08	-5.075436e+01	-7.650685e+02
3.070000e-06	-7.390894e-06	-1.293463e-08	-5.123501e+01	-7.685501e+02
3.080000e-06	-7.457626e-06	-1.298709e-08	-5.169761e+01	-7.718215e+02
3.090000e-06	-7.521751e-06	-1.303766e-08	-5.214213e+01	-7.748989e+02
3.100000e-06	-7.583178e-06	-1.308954e-08	-5.256796e+01	-7.777886e+02
3.110000e-06	-7.641900e-06	-1.313956e-08	-5.297503e+01	-7.804896e+02
3.120000e-06	-7.697900e-06	-1.318317e-08	-5.336323e+01	-7.829977e+02
3.130000e-06	-7.750963e-06	-1.322093e-08	-5.373107e+01	-7.853108e+02
3.140000e-06	-7.800887e-06	-1.325690e-08	-5.407715e+01	-7.874318e+02
3.150000e-06	-7.847735e-06	-1.329037e-08	-5.440191e+01	-7.893705e+02
3.160000e-06	-7.891907e-06	-1.331866e-08	-5.470812e+01	-7.911417e+02
3.170000e-06	-7.933611e-06	-1.334407e-08	-5.499722e+01	-7.927625e+02
3.180000e-06	-7.972589e-06	-1.337152e-08	-5.526743e+01	-7.942481e+02
3.190000e-06	-8.008729e-06	-1.340013e-08	-5.551795e+01	-7.956096e+02
3.200000e-06	-8.042086e-06	-1.342203e-08	-5.574919e+01	-7.968520e+02
3.210000e-06	-8.072510e-06	-1.343856e-08	-5.596010e+01	-7.979752e+02
3.220000e-06	-8.100016e-06	-1.345350e-08	-5.615077e+01	-7.989757e+02
3.230000e-06	-8.124766e-06	-1.346915e-08	-5.632234e+01	-7.998493e+02
3.240000e-06	-8.146605e-06	-1.348311e-08	-5.647374e+01	-8.005937e+02
3.250000e-06	-8.165551e-06	-1.349533e-08	-5.660507e+01	-8.012099e+02
3.260000e-06	-8.181672e-06	-1.350784e-08	-5.671683e+01	-8.017035e+02
3.270000e-06	-8.194653e-06	-1.351843e-08	-5.680681e+01	-8.020837e+02
3.280000e-06	-8.204554e-06	-1.352448e-08	-5.687545e+01	-8.023619e+02
3.290000e-06	-8.211537e-06	-1.352631e-08	-5.692386e+01	-8.025500e+02
3.300000e-06	-8.215599e-06	-1.352585e-08	-5.695201e+01	-8.026573e+02
3.310000e-06	-8.216906e-06	-1.352419e-08	-5.696108e+01	-8.026883e+02
