# Temperatura_=_58.94
# Concentracion g/m^3_=_11780.0
# C_Vs_to_Am_M_A/Vsm_=_59384043850.047264
# pendiente_HvsI_1/m_=_3716.3
# ordenada_HvsI_A/m_=_1297.0
# frecuencia_Hz_=_301395.7231014809

Tiempo_(s)	Campo_(V.s)	Magnetizacion_(V.s)	Campo_(kA/m)	Magnetizacion_(A/m)
0.000000e+00	-8.233915e-06	-1.388816e-08	-5.695156e+01	-8.237048e+02
1.000000e-08	-8.230405e-06	-1.388320e-08	-5.692727e+01	-8.235848e+02
2.000000e-08	-8.224203e-06	-1.387863e-08	-5.688438e+01	-8.233700e+02
3.000000e-08	-8.215305e-06	-1.387070e-08	-5.682283e+01	-8.230385e+02
4.000000e-08	-8.203532e-06	-1.386292e-08	-5.674141e+01	-8.225738e+02
5.000000e-08	-8.188756e-06	-1.385535e-08	-5.663921e+01	-8.219691e+02
6.000000e-08	-8.171097e-06	-1.385291e-08	-5.651706e+01	-8.212309e+02
7.000000e-08	-8.150961e-06	-1.384729e-08	-5.637779e+01	-8.203766e+02
8.000000e-08	-8.128136e-06	-1.378364e-08	-5.621991e+01	-8.194297e+02
9.000000e-08	-8.101939e-06	-1.372813e-08	-5.603872e+01	-8.184125e+02
1.000000e-07	-8.072441e-06	-1.374416e-08	-5.583469e+01	-8.173397e+02
1.100000e-07	-8.040029e-06	-1.376491e-08	-5.561050e+01	-8.162137e+02
1.200000e-07	-8.004833e-06	-1.374322e-08	-5.536706e+01	-8.150247e+02
1.300000e-07	-7.967245e-06	-1.371821e-08	-5.510708e+01	-8.137546e+02
1.400000e-07	-7.927523e-06	-1.373614e-08	-5.483233e+01	-8.123839e+02
1.500000e-07	-7.885152e-06	-1.367236e-08	-5.453926e+01	-8.108988e+02
1.600000e-07	-7.839759e-06	-1.364788e-08	-5.422530e+01	-8.092964e+02
1.700000e-07	-7.791627e-06	-1.361248e-08	-5.389238e+01	-8.075862e+02
1.800000e-07	-7.740508e-06	-1.351597e-08	-5.353881e+01	-8.057862e+02
1.900000e-07	-7.686303e-06	-1.355442e-08	-5.316388e+01	-8.039164e+02
2.000000e-07	-7.629338e-06	-1.353350e-08	-5.276987e+01	-8.019912e+02
2.100000e-07	-7.569597e-06	-1.349291e-08	-5.235666e+01	-8.000128e+02
2.200000e-07	-7.507205e-06	-1.344786e-08	-5.192512e+01	-7.979699e+02
2.300000e-07	-7.442018e-06	-1.339345e-08	-5.147424e+01	-7.958401e+02
2.400000e-07	-7.374017e-06	-1.339081e-08	-5.100389e+01	-7.935968e+02
2.500000e-07	-7.303385e-06	-1.331453e-08	-5.051535e+01	-7.912181e+02
2.600000e-07	-7.229975e-06	-1.325053e-08	-5.000760e+01	-7.886931e+02
2.700000e-07	-7.153777e-06	-1.322437e-08	-4.948056e+01	-7.860257e+02
2.800000e-07	-7.074812e-06	-1.322166e-08	-4.893438e+01	-7.832320e+02
2.900000e-07	-6.993155e-06	-1.316847e-08	-4.836958e+01	-7.803341e+02
3.000000e-07	-6.909094e-06	-1.307425e-08	-4.778816e+01	-7.773517e+02
3.100000e-07	-6.822746e-06	-1.304138e-08	-4.719091e+01	-7.742948e+02
3.200000e-07	-6.734005e-06	-1.298922e-08	-4.657712e+01	-7.711601e+02
3.300000e-07	-6.642798e-06	-1.293475e-08	-4.594627e+01	-7.679328e+02
3.400000e-07	-6.549295e-06	-1.286629e-08	-4.529954e+01	-7.645917e+02
3.500000e-07	-6.453530e-06	-1.280827e-08	-4.463716e+01	-7.611178e+02
3.600000e-07	-6.355260e-06	-1.277176e-08	-4.395745e+01	-7.575005e+02
3.700000e-07	-6.254618e-06	-1.270846e-08	-4.326134e+01	-7.537409e+02
3.800000e-07	-6.151844e-06	-1.262644e-08	-4.255048e+01	-7.498499e+02
3.900000e-07	-6.046868e-06	-1.253876e-08	-4.182440e+01	-7.458427e+02
4.000000e-07	-5.939667e-06	-1.249082e-08	-4.108292e+01	-7.417306e+02
4.100000e-07	-5.830373e-06	-1.243186e-08	-4.032697e+01	-7.375155e+02
4.200000e-07	-5.719015e-06	-1.235100e-08	-3.955674e+01	-7.331877e+02
4.300000e-07	-5.605463e-06	-1.226690e-08	-3.877133e+01	-7.287285e+02
4.400000e-07	-5.489643e-06	-1.220125e-08	-3.797024e+01	-7.241170e+02
4.500000e-07	-5.371669e-06	-1.213150e-08	-3.715425e+01	-7.193383e+02
4.600000e-07	-5.251738e-06	-1.203390e-08	-3.632472e+01	-7.143890e+02
4.700000e-07	-5.129965e-06	-1.193826e-08	-3.548245e+01	-7.092794e+02
4.800000e-07	-5.006294e-06	-1.185783e-08	-3.462705e+01	-7.040288e+02
4.900000e-07	-4.880766e-06	-1.178351e-08	-3.375882e+01	-6.986582e+02
5.000000e-07	-4.753539e-06	-1.168308e-08	-3.287882e+01	-6.931810e+02
5.100000e-07	-4.624697e-06	-1.157537e-08	-3.198766e+01	-6.875967e+02
5.200000e-07	-4.494204e-06	-1.148081e-08	-3.108508e+01	-6.818888e+02
5.300000e-07	-4.362000e-06	-1.139706e-08	-3.017066e+01	-6.760295e+02
5.400000e-07	-4.228218e-06	-1.129318e-08	-2.924534e+01	-6.699875e+02
5.500000e-07	-4.092974e-06	-1.117429e-08	-2.830989e+01	-6.637380e+02
5.600000e-07	-3.956305e-06	-1.106855e-08	-2.736459e+01	-6.572690e+02
5.700000e-07	-3.818102e-06	-1.097103e-08	-2.640868e+01	-6.505840e+02
5.800000e-07	-3.678289e-06	-1.085605e-08	-2.544163e+01	-6.436973e+02
5.900000e-07	-3.536953e-06	-1.072147e-08	-2.446406e+01	-6.366265e+02
6.000000e-07	-3.394262e-06	-1.059919e-08	-2.347711e+01	-6.293832e+02
6.100000e-07	-3.250278e-06	-1.048734e-08	-2.248121e+01	-6.219664e+02
6.200000e-07	-3.105016e-06	-1.036341e-08	-2.147648e+01	-6.143613e+02
6.300000e-07	-2.958664e-06	-1.022171e-08	-2.046420e+01	-6.065431e+02
6.400000e-07	-2.811338e-06	-1.008255e-08	-1.944519e+01	-5.984848e+02
6.500000e-07	-2.663134e-06	-9.952125e-09	-1.842011e+01	-5.901659e+02
6.600000e-07	-2.514085e-06	-9.812283e-09	-1.738918e+01	-5.815767e+02
6.700000e-07	-2.364202e-06	-9.655443e-09	-1.635248e+01	-5.727198e+02
6.800000e-07	-2.213564e-06	-9.496436e-09	-1.531057e+01	-5.636039e+02
6.900000e-07	-2.062044e-06	-9.345833e-09	-1.426255e+01	-5.542365e+02
7.000000e-07	-1.909711e-06	-9.188961e-09	-1.320891e+01	-5.446156e+02
7.100000e-07	-1.756823e-06	-9.017051e-09	-1.215143e+01	-5.347258e+02
7.200000e-07	-1.603312e-06	-8.838773e-09	-1.108963e+01	-5.245396e+02
7.300000e-07	-1.449093e-06	-8.664225e-09	-1.002295e+01	-5.140232e+02
7.400000e-07	-1.294284e-06	-8.486052e-09	-8.952180e+00	-5.031456e+02
7.500000e-07	-1.138986e-06	-8.294250e-09	-7.878028e+00	-4.918852e+02
7.600000e-07	-9.832707e-07	-8.095097e-09	-6.800993e+00	-4.802319e+02
7.700000e-07	-8.273009e-07	-7.896216e-09	-5.722195e+00	-4.681821e+02
7.800000e-07	-6.710383e-07	-7.693352e-09	-4.641374e+00	-4.557290e+02
7.900000e-07	-5.144568e-07	-7.476749e-09	-3.558345e+00	-4.428502e+02
8.000000e-07	-3.577557e-07	-7.246333e-09	-2.474490e+00	-4.294986e+02
8.100000e-07	-2.009466e-07	-7.007897e-09	-1.389888e+00	-4.155996e+02
8.200000e-07	-4.404018e-08	-6.762271e-09	-3.046129e-01	-4.010577e+02
8.300000e-07	1.128682e-07	-6.503408e-09	7.806757e-01	-3.857701e+02
8.400000e-07	2.697474e-07	-6.228652e-09	1.865763e+00	-3.696442e+02
8.500000e-07	4.265799e-07	-5.941716e-09	2.950527e+00	-3.526121e+02
8.600000e-07	5.832617e-07	-5.643693e-09	4.034249e+00	-3.346378e+02
8.700000e-07	7.397010e-07	-5.326709e-09	5.116293e+00	-3.157135e+02
8.800000e-07	8.958854e-07	-4.986400e-09	6.196575e+00	-2.958449e+02
8.900000e-07	1.051758e-06	-4.631774e-09	7.274702e+00	-2.750301e+02
9.000000e-07	1.207269e-06	-4.266432e-09	8.350325e+00	-2.532376e+02
9.100000e-07	1.362326e-06	-3.883039e-09	9.422807e+00	-2.303904e+02
9.200000e-07	1.516789e-06	-3.474189e-09	1.049118e+01	-2.063616e+02
9.300000e-07	1.670625e-06	-3.041406e-09	1.155522e+01	-1.809838e+02
9.400000e-07	1.823857e-06	-2.587272e-09	1.261508e+01	-1.540708e+02
9.500000e-07	1.976411e-06	-2.104628e-09	1.367025e+01	-1.254472e+02
9.600000e-07	2.128257e-06	-1.584461e-09	1.472053e+01	-9.498123e+01
9.700000e-07	2.279316e-06	-1.031009e-09	1.576535e+01	-6.261334e+01
9.800000e-07	2.429487e-06	-4.537989e-10	1.680404e+01	-2.837711e+01
9.900000e-07	2.578815e-06	1.483680e-10	1.783690e+01	7.590584e+00
1.000000e-06	2.727287e-06	7.797589e-10	1.886384e+01	4.505061e+01
1.010000e-06	2.874810e-06	1.437611e-09	1.988421e+01	8.367244e+01
1.020000e-06	3.021311e-06	2.106284e-09	2.089751e+01	1.230532e+02
1.030000e-06	3.166773e-06	2.774492e-09	2.190363e+01	1.627426e+02
1.040000e-06	3.311100e-06	3.441097e-09	2.290190e+01	2.022711e+02
1.050000e-06	3.454162e-06	4.100767e-09	2.389142e+01	2.411802e+02
1.060000e-06	3.595898e-06	4.740242e-09	2.487176e+01	2.790510e+02
1.070000e-06	3.736257e-06	5.350183e-09	2.584259e+01	3.155292e+02
1.080000e-06	3.875182e-06	5.932405e-09	2.680349e+01	3.503432e+02
1.090000e-06	4.012662e-06	6.487730e-09	2.775439e+01	3.833126e+02
1.100000e-06	4.148642e-06	7.012441e-09	2.869493e+01	4.143471e+02
1.110000e-06	4.283040e-06	7.500263e-09	2.962452e+01	4.434345e+02
1.120000e-06	4.415907e-06	7.955283e-09	3.054352e+01	4.706221e+02
1.130000e-06	4.547195e-06	8.383796e-09	3.145160e+01	4.959944e+02
1.140000e-06	4.676865e-06	8.784067e-09	3.234849e+01	5.196521e+02
1.150000e-06	4.804908e-06	9.154259e-09	3.323413e+01	5.416963e+02
1.160000e-06	4.931217e-06	9.495997e-09	3.410777e+01	5.622202e+02
1.170000e-06	5.055837e-06	9.814693e-09	3.496973e+01	5.813080e+02
1.180000e-06	5.178712e-06	1.011286e-08	3.581962e+01	5.990387e+02
1.190000e-06	5.299684e-06	1.038711e-08	3.665635e+01	6.154924e+02
1.200000e-06	5.418716e-06	1.063917e-08	3.747966e+01	6.307545e+02
1.210000e-06	5.535780e-06	1.087812e-08	3.828936e+01	6.449165e+02
1.220000e-06	5.650694e-06	1.110487e-08	3.908418e+01	6.580724e+02
1.230000e-06	5.763352e-06	1.131351e-08	3.986340e+01	6.703127e+02
1.240000e-06	5.873907e-06	1.150325e-08	4.062808e+01	6.817174e+02
1.250000e-06	5.982474e-06	1.167981e-08	4.137900e+01	6.923517e+02
1.260000e-06	6.088941e-06	1.184590e-08	4.211540e+01	7.022656e+02
1.270000e-06	6.193193e-06	1.199936e-08	4.283649e+01	7.114968e+02
1.280000e-06	6.295209e-06	1.214047e-08	4.354210e+01	7.200778e+02
1.290000e-06	6.394968e-06	1.227327e-08	4.423210e+01	7.280420e+02
1.300000e-06	6.492393e-06	1.239939e-08	4.490596e+01	7.354288e+02
1.310000e-06	6.587428e-06	1.251520e-08	4.556329e+01	7.422850e+02
1.320000e-06	6.680215e-06	1.261936e-08	4.620507e+01	7.486626e+02
1.330000e-06	6.770677e-06	1.271856e-08	4.683077e+01	7.546132e+02
1.340000e-06	6.858719e-06	1.281499e-08	4.743973e+01	7.601833e+02
1.350000e-06	6.944418e-06	1.290332e-08	4.803248e+01	7.654095e+02
1.360000e-06	7.027745e-06	1.298215e-08	4.860883e+01	7.703175e+02
1.370000e-06	7.108549e-06	1.305678e-08	4.916773e+01	7.749237e+02
1.380000e-06	7.186739e-06	1.312942e-08	4.970855e+01	7.792396e+02
1.390000e-06	7.262316e-06	1.319668e-08	5.023129e+01	7.832755e+02
1.400000e-06	7.335172e-06	1.325751e-08	5.073521e+01	7.870447e+02
1.410000e-06	7.405320e-06	1.331699e-08	5.122041e+01	7.905642e+02
1.420000e-06	7.472835e-06	1.337692e-08	5.168739e+01	7.938534e+02
1.430000e-06	7.537684e-06	1.343247e-08	5.213593e+01	7.969310e+02
1.440000e-06	7.599963e-06	1.348016e-08	5.256670e+01	7.998122e+02
1.450000e-06	7.659693e-06	1.352185e-08	5.297983e+01	8.025066e+02
1.460000e-06	7.716691e-06	1.356255e-08	5.337407e+01	8.050178e+02
1.470000e-06	7.770806e-06	1.360207e-08	5.374837e+01	8.073464e+02
1.480000e-06	7.821752e-06	1.363782e-08	5.410074e+01	8.094925e+02
1.490000e-06	7.869502e-06	1.366867e-08	5.443102e+01	8.114599e+02
1.500000e-06	7.914463e-06	1.369720e-08	5.474200e+01	8.132574e+02
1.510000e-06	7.956666e-06	1.372556e-08	5.503390e+01	8.148988e+02
1.520000e-06	7.995999e-06	1.375270e-08	5.530596e+01	8.164003e+02
1.530000e-06	8.032582e-06	1.377620e-08	5.555900e+01	8.177770e+02
1.540000e-06	8.066342e-06	1.379687e-08	5.579250e+01	8.190388e+02
1.550000e-06	8.097208e-06	1.381632e-08	5.600599e+01	8.201879e+02
1.560000e-06	8.125328e-06	1.383179e-08	5.620049e+01	8.212195e+02
1.570000e-06	8.150617e-06	1.384297e-08	5.637540e+01	8.221235e+02
1.580000e-06	8.173041e-06	1.385355e-08	5.653050e+01	8.228898e+02
1.590000e-06	8.192701e-06	1.386508e-08	5.666649e+01	8.235123e+02
1.600000e-06	8.209415e-06	1.387381e-08	5.678210e+01	8.239932e+02
1.610000e-06	8.223045e-06	1.387785e-08	5.687637e+01	8.243437e+02
1.620000e-06	8.233479e-06	1.388002e-08	5.694854e+01	8.245821e+02
1.630000e-06	8.240805e-06	1.388346e-08	5.699921e+01	8.247298e+02
1.640000e-06	8.245300e-06	1.388593e-08	5.703030e+01	8.248048e+02
1.650000e-06	8.246919e-06	1.388356e-08	5.704150e+01	8.248172e+02
1.660000e-06	8.245698e-06	1.388328e-08	5.703305e+01	8.247651e+02
1.670000e-06	8.241833e-06	1.388400e-08	5.700632e+01	8.246360e+02
1.680000e-06	8.235233e-06	1.388015e-08	5.696067e+01	8.244096e+02
1.690000e-06	8.225870e-06	1.387171e-08	5.689591e+01	8.240645e+02
1.700000e-06	8.213715e-06	1.385926e-08	5.681184e+01	8.235847e+02
1.710000e-06	8.198699e-06	1.384211e-08	5.670797e+01	8.229652e+02
1.720000e-06	8.181087e-06	1.381157e-08	5.658616e+01	8.222135e+02
1.730000e-06	8.161131e-06	1.382699e-08	5.644813e+01	8.213481e+02
1.740000e-06	8.138284e-06	1.387605e-08	5.629010e+01	8.203925e+02
1.750000e-06	8.111677e-06	1.383989e-08	5.610607e+01	8.193688e+02
1.760000e-06	8.081265e-06	1.377995e-08	5.589572e+01	8.182904e+02
1.770000e-06	8.047781e-06	1.375736e-08	5.566412e+01	8.171582e+02
1.780000e-06	8.011868e-06	1.370892e-08	5.541572e+01	8.159614e+02
1.790000e-06	7.973704e-06	1.366868e-08	5.515175e+01	8.146814e+02
1.800000e-06	7.933458e-06	1.372252e-08	5.487338e+01	8.132988e+02
1.810000e-06	7.890820e-06	1.363570e-08	5.457847e+01	8.118010e+02
1.820000e-06	7.845412e-06	1.361625e-08	5.426440e+01	8.101864e+02
1.830000e-06	7.797196e-06	1.365658e-08	5.393090e+01	8.084655e+02
1.840000e-06	7.745799e-06	1.355676e-08	5.357540e+01	8.066570e+02
1.850000e-06	7.691316e-06	1.357412e-08	5.319856e+01	8.047807e+02
1.860000e-06	7.634063e-06	1.346703e-08	5.280256e+01	8.028499e+02
1.870000e-06	7.574167e-06	1.345935e-08	5.238828e+01	8.008653e+02
1.880000e-06	7.511584e-06	1.347607e-08	5.195540e+01	7.988143e+02
1.890000e-06	7.446133e-06	1.338211e-08	5.150270e+01	7.966735e+02
1.900000e-06	7.377965e-06	1.340553e-08	5.103120e+01	7.944165e+02
1.910000e-06	7.306939e-06	1.333193e-08	5.053994e+01	7.920223e+02
1.920000e-06	7.233076e-06	1.330504e-08	5.002905e+01	7.894816e+02
1.930000e-06	7.156500e-06	1.323148e-08	4.949939e+01	7.867997e+02
1.940000e-06	7.077169e-06	1.316338e-08	4.895068e+01	7.839936e+02
1.950000e-06	6.995332e-06	1.315522e-08	4.838464e+01	7.810858e+02
1.960000e-06	6.911024e-06	1.308484e-08	4.780151e+01	7.780951e+02
1.970000e-06	6.824235e-06	1.308772e-08	4.720122e+01	7.750301e+02
1.980000e-06	6.734947e-06	1.299775e-08	4.658364e+01	7.718864e+02
1.990000e-06	6.643311e-06	1.293771e-08	4.594982e+01	7.686478e+02
2.000000e-06	6.549402e-06	1.287613e-08	4.530028e+01	7.652933e+02
2.010000e-06	6.453067e-06	1.280291e-08	4.463395e+01	7.618042e+02
2.020000e-06	6.354477e-06	1.275459e-08	4.395204e+01	7.581714e+02
2.030000e-06	6.253576e-06	1.268113e-08	4.325414e+01	7.543970e+02
2.040000e-06	6.150333e-06	1.265331e-08	4.254003e+01	7.504928e+02
2.050000e-06	6.044877e-06	1.257793e-08	4.181062e+01	7.464738e+02
2.060000e-06	5.937362e-06	1.250616e-08	4.106697e+01	7.423507e+02
2.070000e-06	5.827808e-06	1.241070e-08	4.030923e+01	7.381242e+02
2.080000e-06	5.716044e-06	1.233739e-08	3.953618e+01	7.337833e+02
2.090000e-06	5.602079e-06	1.226525e-08	3.874793e+01	7.293086e+02
2.100000e-06	5.485957e-06	1.218788e-08	3.794474e+01	7.246797e+02
2.110000e-06	5.367723e-06	1.211006e-08	3.712695e+01	7.198825e+02
2.120000e-06	5.247393e-06	1.202856e-08	3.629466e+01	7.149153e+02
2.130000e-06	5.125170e-06	1.194897e-08	3.544929e+01	7.097895e+02
2.140000e-06	5.001177e-06	1.185135e-08	3.459166e+01	7.045250e+02
2.150000e-06	4.875375e-06	1.176279e-08	3.372153e+01	6.991425e+02
2.160000e-06	4.747756e-06	1.166883e-08	3.283882e+01	6.936541e+02
2.170000e-06	4.618439e-06	1.158348e-08	3.194437e+01	6.880575e+02
2.180000e-06	4.487563e-06	1.147769e-08	3.103915e+01	6.823348e+02
2.190000e-06	4.355158e-06	1.137762e-08	3.012334e+01	6.764573e+02
2.200000e-06	4.221201e-06	1.127367e-08	2.919680e+01	6.703941e+02
2.210000e-06	4.085706e-06	1.117101e-08	2.825962e+01	6.641212e+02
2.220000e-06	3.948673e-06	1.106139e-08	2.731180e+01	6.576287e+02
2.230000e-06	3.810138e-06	1.094670e-08	2.635360e+01	6.509211e+02
2.240000e-06	3.670227e-06	1.083539e-08	2.538587e+01	6.440138e+02
2.250000e-06	3.528905e-06	1.071583e-08	2.440839e+01	6.369241e+02
2.260000e-06	3.386225e-06	1.059222e-08	2.342152e+01	6.296625e+02
2.270000e-06	3.242274e-06	1.045818e-08	2.242585e+01	6.222264e+02
2.280000e-06	3.097151e-06	1.032856e-08	2.142208e+01	6.145996e+02
2.290000e-06	2.950948e-06	1.019761e-08	2.041084e+01	6.067569e+02
2.300000e-06	2.803670e-06	1.006437e-08	1.939216e+01	5.986715e+02
2.310000e-06	2.655448e-06	9.925993e-09	1.836694e+01	5.903237e+02
2.320000e-06	2.506413e-06	9.783852e-09	1.733612e+01	5.817056e+02
2.330000e-06	2.356406e-06	9.635897e-09	1.629857e+01	5.728203e+02
2.340000e-06	2.205445e-06	9.479017e-09	1.525441e+01	5.636772e+02
2.350000e-06	2.053782e-06	9.315525e-09	1.420540e+01	5.542829e+02
2.360000e-06	1.901430e-06	9.150353e-09	1.315163e+01	5.446341e+02
2.370000e-06	1.748361e-06	8.983845e-09	1.209289e+01	5.347140e+02
2.380000e-06	1.594695e-06	8.815184e-09	1.103003e+01	5.244939e+02
2.390000e-06	1.440499e-06	8.638297e-09	9.963502e+00	5.139401e+02
2.400000e-06	1.285730e-06	8.455014e-09	8.893012e+00	5.030223e+02
2.410000e-06	1.130419e-06	8.265077e-09	7.818774e+00	4.917201e+02
2.420000e-06	9.746815e-07	8.064858e-09	6.741584e+00	4.800243e+02
2.430000e-06	8.186632e-07	7.857651e-09	5.662451e+00	4.679317e+02
2.440000e-06	6.624398e-07	7.644319e-09	4.581900e+00	4.554344e+02
2.450000e-06	5.059886e-07	7.429935e-09	3.499773e+00	4.425076e+02
2.460000e-06	3.493357e-07	7.208123e-09	2.416252e+00	4.291013e+02
2.470000e-06	1.925798e-07	6.974846e-09	1.332018e+00	4.151382e+02
2.480000e-06	3.580605e-08	6.727598e-09	2.476599e-01	4.005212e+02
2.490000e-06	-1.209502e-07	6.469328e-09	-8.365768e-01	3.851479e+02
2.500000e-06	-2.776361e-07	6.199014e-09	-1.920327e+00	3.689275e+02
2.510000e-06	-4.342363e-07	5.910814e-09	-3.003484e+00	3.517955e+02
2.520000e-06	-5.907211e-07	5.606038e-09	-4.085843e+00	3.337194e+02
2.530000e-06	-7.470272e-07	5.285528e-09	-5.166966e+00	3.146935e+02
2.540000e-06	-9.030954e-07	4.949539e-09	-6.246444e+00	2.947239e+02
2.550000e-06	-1.058817e-06	4.597040e-09	-7.323522e+00	2.738065e+02
2.560000e-06	-1.214075e-06	4.228214e-09	-8.397394e+00	2.519055e+02
2.570000e-06	-1.368808e-06	3.843904e-09	-9.467643e+00	2.289385e+02
2.580000e-06	-1.522990e-06	3.441069e-09	-1.053407e+01	2.047737e+02
2.590000e-06	-1.676610e-06	3.013748e-09	-1.159662e+01	1.792404e+02
2.600000e-06	-1.829628e-06	2.557852e-09	-1.265499e+01	1.521519e+02
2.610000e-06	-1.982018e-06	2.074736e-09	-1.370903e+01	1.233361e+02
2.620000e-06	-2.133738e-06	1.563564e-09	-1.475843e+01	9.266762e+01
2.630000e-06	-2.284683e-06	1.019617e-09	-1.580247e+01	6.009609e+01
2.640000e-06	-2.434740e-06	4.418232e-10	-1.684038e+01	2.566590e+01
2.650000e-06	-2.583906e-06	-1.647926e-10	-1.787211e+01	-1.047493e+01
2.660000e-06	-2.732207e-06	-7.924321e-10	-1.889787e+01	-4.807677e+01
2.670000e-06	-2.879555e-06	-1.439929e-09	-1.991703e+01	-8.680032e+01
2.680000e-06	-3.025861e-06	-2.102510e-09	-2.092899e+01	-1.262364e+02
2.690000e-06	-3.171068e-06	-2.770000e-09	-2.193334e+01	-1.659311e+02
2.700000e-06	-3.315148e-06	-3.431550e-09	-2.292990e+01	-2.054147e+02
2.710000e-06	-3.457997e-06	-4.083392e-09	-2.391794e+01	-2.442317e+02
2.720000e-06	-3.599506e-06	-4.720972e-09	-2.489672e+01	-2.819690e+02
2.730000e-06	-3.739612e-06	-5.332983e-09	-2.586579e+01	-3.182804e+02
2.740000e-06	-3.878300e-06	-5.914172e-09	-2.682505e+01	-3.529037e+02
2.750000e-06	-4.015600e-06	-6.463988e-09	-2.777472e+01	-3.856687e+02
2.760000e-06	-4.151439e-06	-6.984246e-09	-2.871428e+01	-4.164940e+02
2.770000e-06	-4.285771e-06	-7.472458e-09	-2.964341e+01	-4.453749e+02
2.780000e-06	-4.418591e-06	-7.926497e-09	-3.056209e+01	-4.723636e+02
2.790000e-06	-4.549819e-06	-8.350027e-09	-3.146975e+01	-4.975473e+02
2.800000e-06	-4.679429e-06	-8.748527e-09	-3.236623e+01	-5.210274e+02
2.810000e-06	-4.807467e-06	-9.121922e-09	-3.325183e+01	-5.429045e+02
2.820000e-06	-4.933842e-06	-9.466447e-09	-3.412593e+01	-5.632707e+02
2.830000e-06	-5.058394e-06	-9.785518e-09	-3.498742e+01	-5.822094e+02
2.840000e-06	-5.181126e-06	-1.008261e-08	-3.583632e+01	-5.997995e+02
2.850000e-06	-5.302015e-06	-1.035900e-08	-3.667247e+01	-6.161214e+02
2.860000e-06	-5.420903e-06	-1.061412e-08	-3.749478e+01	-6.312612e+02
2.870000e-06	-5.537668e-06	-1.084887e-08	-3.830241e+01	-6.453109e+02
2.880000e-06	-5.652219e-06	-1.107019e-08	-3.909472e+01	-6.583646e+02
2.890000e-06	-5.764488e-06	-1.127986e-08	-3.987126e+01	-6.705119e+02
2.900000e-06	-5.874501e-06	-1.147254e-08	-4.063218e+01	-6.818313e+02
2.910000e-06	-5.982405e-06	-1.164734e-08	-4.137853e+01	-6.923864e+02
2.920000e-06	-6.088337e-06	-1.181068e-08	-4.211122e+01	-7.022255e+02
2.930000e-06	-6.192234e-06	-1.196703e-08	-4.282985e+01	-7.113856e+02
2.940000e-06	-6.293897e-06	-1.211338e-08	-4.353303e+01	-7.198989e+02
2.950000e-06	-6.393240e-06	-1.224666e-08	-4.422015e+01	-7.277992e+02
2.960000e-06	-6.490383e-06	-1.236957e-08	-4.489206e+01	-7.351269e+02
2.970000e-06	-6.585287e-06	-1.248693e-08	-4.554848e+01	-7.419294e+02
2.980000e-06	-6.677871e-06	-1.259649e-08	-4.618886e+01	-7.482588e+02
2.990000e-06	-6.768144e-06	-1.269488e-08	-4.681325e+01	-7.541667e+02
3.000000e-06	-6.856058e-06	-1.278647e-08	-4.742133e+01	-7.596984e+02
3.010000e-06	-6.941500e-06	-1.287589e-08	-4.801230e+01	-7.648896e+02
3.020000e-06	-7.024441e-06	-1.296159e-08	-4.858598e+01	-7.697646e+02
3.030000e-06	-7.104903e-06	-1.303942e-08	-4.914251e+01	-7.743393e+02
3.040000e-06	-7.182707e-06	-1.311131e-08	-4.968066e+01	-7.786247e+02
3.050000e-06	-7.257778e-06	-1.318087e-08	-5.019991e+01	-7.826314e+02
3.060000e-06	-7.330183e-06	-1.324555e-08	-5.070071e+01	-7.863731e+02
3.070000e-06	-7.399912e-06	-1.330168e-08	-5.118300e+01	-7.898670e+02
3.080000e-06	-7.467008e-06	-1.335211e-08	-5.164709e+01	-7.931327e+02
3.090000e-06	-7.531548e-06	-1.340280e-08	-5.209349e+01	-7.961887e+02
3.100000e-06	-7.593404e-06	-1.345388e-08	-5.252133e+01	-7.990497e+02
3.110000e-06	-7.652523e-06	-1.349952e-08	-5.293023e+01	-8.017244e+02
3.120000e-06	-7.708865e-06	-1.354052e-08	-5.331994e+01	-8.042161e+02
3.130000e-06	-7.762269e-06	-1.358067e-08	-5.368932e+01	-8.065251e+02
3.140000e-06	-7.812653e-06	-1.362048e-08	-5.403781e+01	-8.086519e+02
3.150000e-06	-7.859956e-06	-1.365589e-08	-5.436499e+01	-8.106007e+02
3.160000e-06	-7.904504e-06	-1.368508e-08	-5.467312e+01	-8.123808e+02
3.170000e-06	-7.946615e-06	-1.371054e-08	-5.496439e+01	-8.140064e+02
3.180000e-06	-7.986024e-06	-1.373534e-08	-5.523696e+01	-8.154940e+02
3.190000e-06	-8.022508e-06	-1.375966e-08	-5.548931e+01	-8.168581e+02
3.200000e-06	-8.056206e-06	-1.378010e-08	-5.572239e+01	-8.181079e+02
3.210000e-06	-8.087073e-06	-1.379947e-08	-5.593589e+01	-8.192448e+02
3.220000e-06	-8.114971e-06	-1.382038e-08	-5.612885e+01	-8.202633e+02
3.230000e-06	-8.140076e-06	-1.383985e-08	-5.630250e+01	-8.211531e+02
3.240000e-06	-8.162338e-06	-1.385304e-08	-5.645648e+01	-8.219042e+02
3.250000e-06	-8.181667e-06	-1.386209e-08	-5.659017e+01	-8.225114e+02
3.260000e-06	-8.198130e-06	-1.387012e-08	-5.670404e+01	-8.229777e+02
3.270000e-06	-8.211462e-06	-1.387703e-08	-5.679626e+01	-8.233152e+02
3.280000e-06	-8.221654e-06	-1.388112e-08	-5.686675e+01	-8.235430e+02
3.290000e-06	-8.228900e-06	-1.388425e-08	-5.691687e+01	-8.236822e+02
3.300000e-06	-8.233256e-06	-1.388745e-08	-5.694700e+01	-8.237503e+02
3.310000e-06	-8.234850e-06	-1.389014e-08	-5.695802e+01	-8.237561e+02
