# Temperatura_=_56.22
# Concentracion g/m^3_=_11780.0
# C_Vs_to_Am_M_A/Vsm_=_59384043850.047264
# pendiente_HvsI_1/m_=_3716.3
# ordenada_HvsI_A/m_=_1297.0
# frecuencia_Hz_=_301394.9291734635

Tiempo_(s)	Campo_(V.s)	Magnetizacion_(V.s)	Campo_(kA/m)	Magnetizacion_(A/m)
0.000000e+00	-8.256707e-06	-1.379091e-08	-5.695112e+01	-8.182454e+02
1.000000e-08	-8.253291e-06	-1.378262e-08	-5.692755e+01	-8.180801e+02
2.000000e-08	-8.247193e-06	-1.377788e-08	-5.688549e+01	-8.178197e+02
3.000000e-08	-8.238402e-06	-1.377376e-08	-5.682486e+01	-8.174639e+02
4.000000e-08	-8.226736e-06	-1.376745e-08	-5.674439e+01	-8.170103e+02
5.000000e-08	-8.212073e-06	-1.375973e-08	-5.664325e+01	-8.164542e+02
6.000000e-08	-8.194513e-06	-1.375657e-08	-5.652213e+01	-8.157903e+02
7.000000e-08	-8.174425e-06	-1.375026e-08	-5.638357e+01	-8.150164e+02
8.000000e-08	-8.151580e-06	-1.370015e-08	-5.622600e+01	-8.141363e+02
9.000000e-08	-8.125461e-06	-1.364218e-08	-5.604584e+01	-8.131610e+02
1.000000e-07	-8.096132e-06	-1.364797e-08	-5.584354e+01	-8.121062e+02
1.100000e-07	-8.063820e-06	-1.367242e-08	-5.562066e+01	-8.109878e+02
1.200000e-07	-8.028670e-06	-1.365611e-08	-5.537822e+01	-8.098151e+02
1.300000e-07	-7.991045e-06	-1.362715e-08	-5.511870e+01	-8.085875e+02
1.400000e-07	-7.951194e-06	-1.364094e-08	-5.484382e+01	-8.072928e+02
1.500000e-07	-7.908804e-06	-1.359960e-08	-5.455144e+01	-8.059119e+02
1.600000e-07	-7.863544e-06	-1.354782e-08	-5.423925e+01	-8.044260e+02
1.700000e-07	-7.815436e-06	-1.352560e-08	-5.390743e+01	-8.028236e+02
1.800000e-07	-7.764296e-06	-1.344217e-08	-5.355468e+01	-8.011065e+02
1.900000e-07	-7.710153e-06	-1.346187e-08	-5.318123e+01	-7.992885e+02
2.000000e-07	-7.653193e-06	-1.346871e-08	-5.278835e+01	-7.973901e+02
2.100000e-07	-7.593436e-06	-1.340590e-08	-5.237617e+01	-7.954294e+02
2.200000e-07	-7.531037e-06	-1.336542e-08	-5.194576e+01	-7.934128e+02
2.300000e-07	-7.465883e-06	-1.332374e-08	-5.149636e+01	-7.913300e+02
2.400000e-07	-7.397883e-06	-1.330722e-08	-5.102733e+01	-7.891562e+02
2.500000e-07	-7.327130e-06	-1.323205e-08	-5.053931e+01	-7.868596e+02
2.600000e-07	-7.253588e-06	-1.317730e-08	-5.003205e+01	-7.844131e+02
2.700000e-07	-7.177230e-06	-1.316025e-08	-4.950536e+01	-7.818046e+02
2.800000e-07	-7.098046e-06	-1.314240e-08	-4.895918e+01	-7.790426e+02
2.900000e-07	-7.016191e-06	-1.309520e-08	-4.839459e+01	-7.761528e+02
3.000000e-07	-6.931968e-06	-1.300308e-08	-4.781365e+01	-7.731693e+02
3.100000e-07	-6.845481e-06	-1.296244e-08	-4.721711e+01	-7.701214e+02
3.200000e-07	-6.756644e-06	-1.292418e-08	-4.660434e+01	-7.670217e+02
3.300000e-07	-6.665418e-06	-1.286555e-08	-4.597511e+01	-7.638616e+02
3.400000e-07	-6.571843e-06	-1.279724e-08	-4.532967e+01	-7.606139e+02
3.500000e-07	-6.475833e-06	-1.274764e-08	-4.466744e+01	-7.572434e+02
3.600000e-07	-6.377374e-06	-1.271511e-08	-4.398831e+01	-7.537200e+02
3.700000e-07	-6.276624e-06	-1.264646e-08	-4.329338e+01	-7.500299e+02
3.800000e-07	-6.173641e-06	-1.256094e-08	-4.258305e+01	-7.461801e+02
3.900000e-07	-6.068421e-06	-1.247969e-08	-4.185729e+01	-7.421933e+02
4.000000e-07	-5.960981e-06	-1.242970e-08	-4.111621e+01	-7.380975e+02
4.100000e-07	-5.851472e-06	-1.236958e-08	-4.036087e+01	-7.339128e+02
4.200000e-07	-5.739906e-06	-1.228781e-08	-3.959134e+01	-7.296416e+02
4.300000e-07	-5.626056e-06	-1.221143e-08	-3.880605e+01	-7.252665e+02
4.400000e-07	-5.509936e-06	-1.215095e-08	-3.800510e+01	-7.207570e+02
4.500000e-07	-5.391746e-06	-1.207917e-08	-3.718988e+01	-7.160820e+02
4.600000e-07	-5.271617e-06	-1.197921e-08	-3.636129e+01	-7.112225e+02
4.700000e-07	-5.149594e-06	-1.188371e-08	-3.551962e+01	-7.061803e+02
4.800000e-07	-5.025698e-06	-1.180417e-08	-3.466504e+01	-7.009772e+02
4.900000e-07	-4.900030e-06	-1.172716e-08	-3.379824e+01	-6.956457e+02
5.000000e-07	-4.772665e-06	-1.162840e-08	-3.291973e+01	-6.902149e+02
5.100000e-07	-4.643569e-06	-1.152593e-08	-3.202929e+01	-6.846967e+02
5.200000e-07	-4.512787e-06	-1.143805e-08	-3.112721e+01	-6.790785e+02
5.300000e-07	-4.380299e-06	-1.135370e-08	-3.021337e+01	-6.733261e+02
5.400000e-07	-4.246213e-06	-1.124697e-08	-2.928850e+01	-6.673943e+02
5.500000e-07	-4.110704e-06	-1.112919e-08	-2.835382e+01	-6.612433e+02
5.600000e-07	-3.973695e-06	-1.102409e-08	-2.740879e+01	-6.548525e+02
5.700000e-07	-3.835157e-06	-1.092614e-08	-2.645322e+01	-6.482266e+02
5.800000e-07	-3.695047e-06	-1.081215e-08	-2.548680e+01	-6.413915e+02
5.900000e-07	-3.553358e-06	-1.068336e-08	-2.450950e+01	-6.343819e+02
6.000000e-07	-3.410232e-06	-1.056663e-08	-2.352227e+01	-6.272243e+02
6.100000e-07	-3.265865e-06	-1.045562e-08	-2.252649e+01	-6.199243e+02
6.200000e-07	-3.120313e-06	-1.032819e-08	-2.152254e+01	-6.124614e+02
6.300000e-07	-2.973631e-06	-1.018514e-08	-2.051079e+01	-6.047950e+02
6.400000e-07	-2.826014e-06	-1.004882e-08	-1.949260e+01	-5.968782e+02
6.500000e-07	-2.677522e-06	-9.919952e-09	-1.846836e+01	-5.886746e+02
6.600000e-07	-2.528144e-06	-9.779667e-09	-1.743802e+01	-5.801699e+02
6.700000e-07	-2.377954e-06	-9.626700e-09	-1.640207e+01	-5.713741e+02
6.800000e-07	-2.226907e-06	-9.474547e-09	-1.536022e+01	-5.623141e+02
6.900000e-07	-2.075031e-06	-9.326034e-09	-1.431265e+01	-5.530174e+02
7.000000e-07	-1.922408e-06	-9.168050e-09	-1.325992e+01	-5.434966e+02
7.100000e-07	-1.769052e-06	-8.996543e-09	-1.220214e+01	-5.337386e+02
7.200000e-07	-1.615007e-06	-8.821624e-09	-1.113961e+01	-5.237052e+02
7.300000e-07	-1.460320e-06	-8.650489e-09	-1.007264e+01	-5.133436e+02
7.400000e-07	-1.305118e-06	-8.472234e-09	-9.002124e+00	-5.026032e+02
7.500000e-07	-1.149487e-06	-8.281362e-09	-7.928653e+00	-4.914509e+02
7.600000e-07	-9.934248e-07	-8.086610e-09	-6.852205e+00	-4.798784e+02
7.700000e-07	-8.369207e-07	-7.891054e-09	-5.772709e+00	-4.678968e+02
7.800000e-07	-6.800719e-07	-7.687206e-09	-4.690836e+00	-4.555208e+02
7.900000e-07	-5.229989e-07	-7.469890e-09	-3.607415e+00	-4.427479e+02
8.000000e-07	-3.657806e-07	-7.244417e-09	-2.522993e+00	-4.295405e+02
8.100000e-07	-2.084516e-07	-7.012746e-09	-1.437807e+00	-4.158192e+02
8.200000e-07	-5.106393e-08	-6.770946e-09	-3.522164e-01	-4.014711e+02
8.300000e-07	1.063069e-07	-6.513479e-09	7.332580e-01	-3.863702e+02
8.400000e-07	2.636296e-07	-6.241153e-09	1.818401e+00	-3.704046e+02
8.500000e-07	4.208681e-07	-5.956817e-09	2.902962e+00	-3.534990e+02
8.600000e-07	5.779796e-07	-5.659679e-09	3.986648e+00	-3.356253e+02
8.700000e-07	7.348781e-07	-5.343046e-09	5.068864e+00	-3.167958e+02
8.800000e-07	8.915620e-07	-5.006695e-09	6.149601e+00	-2.970411e+02
8.900000e-07	1.047921e-06	-4.659964e-09	7.228096e+00	-2.763788e+02
9.000000e-07	1.203786e-06	-4.300387e-09	8.303187e+00	-2.547849e+02
9.100000e-07	1.359163e-06	-3.919307e-09	9.374904e+00	-2.321752e+02
9.200000e-07	1.514050e-06	-3.513658e-09	1.044325e+01	-2.084049e+02
9.300000e-07	1.668401e-06	-3.086664e-09	1.150789e+01	-1.832857e+02
9.400000e-07	1.822161e-06	-2.636442e-09	1.256846e+01	-1.566171e+02
9.500000e-07	1.975202e-06	-2.155976e-09	1.362407e+01	-1.282216e+02
9.600000e-07	2.127429e-06	-1.641109e-09	1.467407e+01	-9.797794e+01
9.700000e-07	2.278865e-06	-1.095413e-09	1.571861e+01	-6.584467e+01
9.800000e-07	2.429459e-06	-5.236559e-10	1.675734e+01	-3.187183e+01
9.900000e-07	2.579230e-06	7.632400e-11	1.779039e+01	3.797548e+00
1.000000e-06	2.728136e-06	7.049137e-10	1.881747e+01	4.093330e+01
1.010000e-06	2.876029e-06	1.356343e-09	1.983758e+01	7.922790e+01
1.020000e-06	3.022965e-06	2.019141e-09	2.085108e+01	1.183087e+02
1.030000e-06	3.168894e-06	2.684575e-09	2.185763e+01	1.577530e+02
1.040000e-06	3.313611e-06	3.348485e-09	2.285583e+01	1.971072e+02
1.050000e-06	3.457096e-06	4.003798e-09	2.384552e+01	2.359129e+02
1.060000e-06	3.599328e-06	4.640885e-09	2.482658e+01	2.737363e+02
1.070000e-06	3.740250e-06	5.254389e-09	2.579859e+01	3.102007e+02
1.080000e-06	3.879755e-06	5.841245e-09	2.676083e+01	3.450133e+02
1.090000e-06	4.017735e-06	6.397357e-09	2.771256e+01	3.779818e+02
1.100000e-06	4.154150e-06	6.919745e-09	2.865349e+01	4.090161e+02
1.110000e-06	4.288991e-06	7.406392e-09	2.958357e+01	4.381140e+02
1.120000e-06	4.422327e-06	7.862047e-09	3.050325e+01	4.653358e+02
1.130000e-06	4.554092e-06	8.290079e-09	3.141212e+01	4.907737e+02
1.140000e-06	4.684183e-06	8.690917e-09	3.230943e+01	5.145253e+02
1.150000e-06	4.812615e-06	9.064191e-09	3.319529e+01	5.366771e+02
1.160000e-06	4.939377e-06	9.410976e-09	3.406964e+01	5.573006e+02
1.170000e-06	5.064423e-06	9.732112e-09	3.493215e+01	5.764595e+02
1.180000e-06	5.187692e-06	1.002882e-08	3.578241e+01	5.942216e+02
1.190000e-06	5.309066e-06	1.030184e-08	3.661959e+01	6.106692e+02
1.200000e-06	5.428484e-06	1.055534e-08	3.744329e+01	6.259030e+02
1.210000e-06	5.545966e-06	1.079530e-08	3.825362e+01	6.400368e+02
1.220000e-06	5.661335e-06	1.102038e-08	3.904939e+01	6.531848e+02
1.230000e-06	5.774456e-06	1.122903e-08	3.982964e+01	6.654479e+02
1.240000e-06	5.885449e-06	1.142115e-08	4.059523e+01	6.769026e+02
1.250000e-06	5.994414e-06	1.159997e-08	4.134682e+01	6.875989e+02
1.260000e-06	6.101293e-06	1.176628e-08	4.208402e+01	6.975657e+02
1.270000e-06	6.205936e-06	1.191998e-08	4.280581e+01	7.068234e+02
1.280000e-06	6.308342e-06	1.206327e-08	4.351215e+01	7.153971e+02
1.290000e-06	6.408519e-06	1.219897e-08	4.420314e+01	7.233263e+02
1.300000e-06	6.506306e-06	1.232422e-08	4.487763e+01	7.306662e+02
1.310000e-06	6.601631e-06	1.243676e-08	4.553514e+01	7.374827e+02
1.320000e-06	6.694691e-06	1.253990e-08	4.617702e+01	7.438419e+02
1.330000e-06	6.785442e-06	1.263949e-08	4.680298e+01	7.497989e+02
1.340000e-06	6.873719e-06	1.273458e-08	4.741188e+01	7.553913e+02
1.350000e-06	6.959675e-06	1.282073e-08	4.800476e+01	7.606394e+02
1.360000e-06	7.043376e-06	1.290110e-08	4.858210e+01	7.655514e+02
1.370000e-06	7.124634e-06	1.298003e-08	4.914257e+01	7.701336e+02
1.380000e-06	7.203267e-06	1.305606e-08	4.968495e+01	7.743980e+02
1.390000e-06	7.279113e-06	1.312267e-08	5.020811e+01	7.783667e+02
1.400000e-06	7.352145e-06	1.318318e-08	5.071185e+01	7.820699e+02
1.410000e-06	7.422578e-06	1.324167e-08	5.119766e+01	7.855399e+02
1.420000e-06	7.490448e-06	1.329714e-08	5.166580e+01	7.888029e+02
1.430000e-06	7.555607e-06	1.334708e-08	5.211524e+01	7.918733e+02
1.440000e-06	7.618141e-06	1.339195e-08	5.254657e+01	7.947527e+02
1.450000e-06	7.678103e-06	1.343748e-08	5.296017e+01	7.974339e+02
1.460000e-06	7.735307e-06	1.348348e-08	5.335473e+01	7.999087e+02
1.470000e-06	7.789715e-06	1.352401e-08	5.373001e+01	8.021753e+02
1.480000e-06	7.841037e-06	1.355799e-08	5.408401e+01	8.042434e+02
1.490000e-06	7.889108e-06	1.358829e-08	5.441558e+01	8.061334e+02
1.500000e-06	7.934361e-06	1.361437e-08	5.472772e+01	8.078716e+02
1.510000e-06	7.976868e-06	1.363784e-08	5.502091e+01	8.094824e+02
1.520000e-06	8.016452e-06	1.366125e-08	5.529394e+01	8.109815e+02
1.530000e-06	8.053221e-06	1.368683e-08	5.554756e+01	8.123721e+02
1.540000e-06	8.087186e-06	1.371218e-08	5.578183e+01	8.136466e+02
1.550000e-06	8.118343e-06	1.373313e-08	5.599674e+01	8.147911e+02
1.560000e-06	8.146749e-06	1.374791e-08	5.619267e+01	8.157936e+02
1.570000e-06	8.172225e-06	1.375919e-08	5.636840e+01	8.166486e+02
1.580000e-06	8.194747e-06	1.376806e-08	5.652374e+01	8.173608e+02
1.590000e-06	8.214530e-06	1.377285e-08	5.666020e+01	8.179429e+02
1.600000e-06	8.231437e-06	1.377660e-08	5.677681e+01	8.184114e+02
1.610000e-06	8.245255e-06	1.378170e-08	5.687213e+01	8.187812e+02
1.620000e-06	8.255879e-06	1.378949e-08	5.694540e+01	8.190619e+02
1.630000e-06	8.263366e-06	1.379655e-08	5.699705e+01	8.192565e+02
1.640000e-06	8.268004e-06	1.379931e-08	5.702904e+01	8.193631e+02
1.650000e-06	8.269811e-06	1.379663e-08	5.704150e+01	8.193778e+02
1.660000e-06	8.268748e-06	1.379312e-08	5.703417e+01	8.192978e+02
1.670000e-06	8.264979e-06	1.378976e-08	5.700818e+01	8.191222e+02
1.680000e-06	8.258477e-06	1.378075e-08	5.696333e+01	8.188514e+02
1.690000e-06	8.249206e-06	1.377007e-08	5.689938e+01	8.184852e+02
1.700000e-06	8.237098e-06	1.376242e-08	5.681586e+01	8.180208e+02
1.710000e-06	8.222116e-06	1.375296e-08	5.671252e+01	8.174533e+02
1.720000e-06	8.204627e-06	1.373128e-08	5.659190e+01	8.167775e+02
1.730000e-06	8.184749e-06	1.373417e-08	5.645478e+01	8.159918e+02
1.740000e-06	8.161890e-06	1.377276e-08	5.629711e+01	8.151008e+02
1.750000e-06	8.135308e-06	1.374786e-08	5.611376e+01	8.141160e+02
1.760000e-06	8.104949e-06	1.368659e-08	5.590436e+01	8.130537e+02
1.770000e-06	8.071565e-06	1.365679e-08	5.567409e+01	8.119290e+02
1.780000e-06	8.035719e-06	1.362602e-08	5.542684e+01	8.107506e+02
1.790000e-06	7.997548e-06	1.358057e-08	5.516355e+01	8.095164e+02
1.800000e-06	7.957275e-06	1.361563e-08	5.488577e+01	8.082134e+02
1.810000e-06	7.914627e-06	1.357476e-08	5.459160e+01	8.068220e+02
1.820000e-06	7.869251e-06	1.352582e-08	5.427862e+01	8.053238e+02
1.830000e-06	7.821077e-06	1.356629e-08	5.394634e+01	8.037088e+02
1.840000e-06	7.769640e-06	1.348149e-08	5.359155e+01	8.019799e+02
1.850000e-06	7.715072e-06	1.346508e-08	5.321516e+01	8.001521e+02
1.860000e-06	7.657787e-06	1.340905e-08	5.282003e+01	7.982462e+02
1.870000e-06	7.597793e-06	1.337705e-08	5.240622e+01	7.962794e+02
1.880000e-06	7.535118e-06	1.339650e-08	5.197391e+01	7.942563e+02
1.890000e-06	7.469669e-06	1.331421e-08	5.152248e+01	7.921651e+02
1.900000e-06	7.401484e-06	1.332215e-08	5.105217e+01	7.899796e+02
1.910000e-06	7.330399e-06	1.326226e-08	5.056185e+01	7.876679e+02
1.920000e-06	7.256439e-06	1.321104e-08	5.005171e+01	7.852042e+02
1.930000e-06	7.179740e-06	1.316523e-08	4.952267e+01	7.825784e+02
1.940000e-06	7.100306e-06	1.308948e-08	4.897477e+01	7.798011e+02
1.950000e-06	7.018394e-06	1.308620e-08	4.840978e+01	7.768995e+02
1.960000e-06	6.933922e-06	1.302605e-08	4.782713e+01	7.739079e+02
1.970000e-06	6.846874e-06	1.300130e-08	4.722671e+01	7.708540e+02
1.980000e-06	6.757441e-06	1.293157e-08	4.660984e+01	7.677486e+02
1.990000e-06	6.665636e-06	1.285978e-08	4.597661e+01	7.645806e+02
2.000000e-06	6.571472e-06	1.280753e-08	4.532711e+01	7.613213e+02
2.010000e-06	6.475010e-06	1.273079e-08	4.466176e+01	7.579355e+02
2.020000e-06	6.376317e-06	1.268633e-08	4.398101e+01	7.543944e+02
2.030000e-06	6.275236e-06	1.262282e-08	4.328381e+01	7.506865e+02
2.040000e-06	6.171793e-06	1.258648e-08	4.257030e+01	7.468206e+02
2.050000e-06	6.066200e-06	1.251568e-08	4.184197e+01	7.428207e+02
2.060000e-06	5.958561e-06	1.243750e-08	4.109952e+01	7.387146e+02
2.070000e-06	5.848831e-06	1.235592e-08	4.034265e+01	7.345208e+02
2.080000e-06	5.736893e-06	1.227609e-08	3.957055e+01	7.302394e+02
2.090000e-06	5.622760e-06	1.220501e-08	3.878331e+01	7.258514e+02
2.100000e-06	5.506414e-06	1.212682e-08	3.798081e+01	7.213255e+02
2.110000e-06	5.387934e-06	1.205485e-08	3.716359e+01	7.166311e+02
2.120000e-06	5.267393e-06	1.197848e-08	3.633215e+01	7.117515e+02
2.130000e-06	5.144968e-06	1.190188e-08	3.548771e+01	7.066907e+02
2.140000e-06	5.020709e-06	1.180674e-08	3.463063e+01	7.014721e+02
2.150000e-06	4.894598e-06	1.171164e-08	3.376077e+01	6.961286e+02
2.160000e-06	4.766739e-06	1.161984e-08	3.287886e+01	6.906882e+02
2.170000e-06	4.637220e-06	1.153112e-08	3.198550e+01	6.851602e+02
2.180000e-06	4.506124e-06	1.143120e-08	3.108125e+01	6.795295e+02
2.190000e-06	4.373354e-06	1.133127e-08	3.016546e+01	6.737600e+02
2.200000e-06	4.238973e-06	1.123510e-08	2.923857e+01	6.678062e+02
2.210000e-06	4.103109e-06	1.113557e-08	2.830144e+01	6.616300e+02
2.220000e-06	3.965783e-06	1.102854e-08	2.735422e+01	6.552133e+02
2.230000e-06	3.826947e-06	1.091252e-08	2.639659e+01	6.485633e+02
2.240000e-06	3.686595e-06	1.079708e-08	2.542850e+01	6.417077e+02
2.250000e-06	3.544881e-06	1.067657e-08	2.445102e+01	6.346812e+02
2.260000e-06	3.401868e-06	1.055085e-08	2.346458e+01	6.275084e+02
2.270000e-06	3.257547e-06	1.042334e-08	2.246912e+01	6.201923e+02
2.280000e-06	3.112067e-06	1.029896e-08	2.146566e+01	6.127097e+02
2.290000e-06	2.965567e-06	1.017590e-08	2.045517e+01	6.050185e+02
2.300000e-06	2.818063e-06	1.004523e-08	1.943776e+01	5.970724e+02
2.310000e-06	2.669472e-06	9.908367e-09	1.841284e+01	5.888366e+02
2.320000e-06	2.519871e-06	9.763579e-09	1.738096e+01	5.802997e+02
2.330000e-06	2.369432e-06	9.613253e-09	1.634330e+01	5.714741e+02
2.340000e-06	2.218221e-06	9.454700e-09	1.530031e+01	5.623874e+02
2.350000e-06	2.066212e-06	9.290974e-09	1.425182e+01	5.530665e+02
2.360000e-06	1.913414e-06	9.131587e-09	1.319789e+01	5.435213e+02
2.370000e-06	1.760005e-06	8.971433e-09	1.213974e+01	5.337359e+02
2.380000e-06	1.606077e-06	8.806123e-09	1.107801e+01	5.236698e+02
2.390000e-06	1.451587e-06	8.629071e-09	1.001241e+01	5.132697e+02
2.400000e-06	1.296510e-06	8.446956e-09	8.942753e+00	5.024862e+02
2.410000e-06	1.140918e-06	8.258740e-09	7.869552e+00	4.912888e+02
2.420000e-06	9.849049e-07	8.059679e-09	6.793439e+00	4.796716e+02
2.430000e-06	8.285124e-07	7.852086e-09	5.714713e+00	4.676470e+02
2.440000e-06	6.718047e-07	7.639632e-09	4.633812e+00	4.552291e+02
2.450000e-06	5.148781e-07	7.428480e-09	3.551402e+00	4.424121e+02
2.460000e-06	3.577766e-07	7.211578e-09	2.467785e+00	4.291540e+02
2.470000e-06	2.005160e-07	6.980557e-09	1.383071e+00	4.153713e+02
2.480000e-06	4.319689e-08	6.735695e-09	2.979531e-01	4.009484e+02
2.490000e-06	-1.140828e-07	6.480206e-09	-7.868925e-01	3.857596e+02
2.500000e-06	-2.713455e-07	6.212414e-09	-1.871622e+00	3.696959e+02
2.510000e-06	-4.285367e-07	5.925493e-09	-2.955857e+00	3.526870e+02
2.520000e-06	-5.855211e-07	5.620917e-09	-4.038666e+00	3.347097e+02
2.530000e-06	-7.422108e-07	5.302213e-09	-5.119442e+00	3.157795e+02
2.540000e-06	-8.985887e-07	4.968789e-09	-6.198068e+00	2.959271e+02
2.550000e-06	-1.054599e-06	4.619311e-09	-7.274158e+00	2.751670e+02
2.560000e-06	-1.210169e-06	4.252954e-09	-8.347211e+00	2.534694e+02
2.570000e-06	-1.365330e-06	3.872050e-09	-9.417443e+00	2.307431e+02
2.580000e-06	-1.520028e-06	3.472347e-09	-1.048448e+01	2.068376e+02
2.590000e-06	-1.674127e-06	3.047855e-09	-1.154739e+01	1.815619e+02
2.600000e-06	-1.827584e-06	2.595187e-09	-1.260587e+01	1.547158e+02
2.610000e-06	-1.980457e-06	2.115051e-09	-1.366032e+01	1.261267e+02
2.620000e-06	-2.132678e-06	1.606401e-09	-1.471027e+01	9.568098e+01
2.630000e-06	-2.284067e-06	1.066144e-09	-1.575449e+01	6.334646e+01
2.640000e-06	-2.434598e-06	4.951040e-10	-1.679278e+01	2.918330e+01
2.650000e-06	-2.584277e-06	-1.039590e-10	-1.782520e+01	-6.655765e+00
2.660000e-06	-2.733018e-06	-7.272636e-10	-1.885115e+01	-4.393175e+01
2.670000e-06	-2.880781e-06	-1.371815e-09	-1.987035e+01	-8.232954e+01
2.680000e-06	-3.027504e-06	-2.029561e-09	-2.088239e+01	-1.214704e+02
2.690000e-06	-3.173129e-06	-2.692079e-09	-2.188684e+01	-1.609271e+02
2.700000e-06	-3.317713e-06	-3.351897e-09	-2.288412e+01	-2.002444e+02
2.710000e-06	-3.461079e-06	-4.002794e-09	-2.387299e+01	-2.389650e+02
2.720000e-06	-3.603084e-06	-4.637638e-09	-2.485248e+01	-2.766596e+02
2.730000e-06	-3.743715e-06	-5.246812e-09	-2.582249e+01	-3.129595e+02
2.740000e-06	-3.882893e-06	-5.827162e-09	-2.678248e+01	-3.475819e+02
2.750000e-06	-4.020591e-06	-6.377398e-09	-2.773226e+01	-3.803458e+02
2.760000e-06	-4.156850e-06	-6.897096e-09	-2.867211e+01	-4.111715e+02
2.770000e-06	-4.291630e-06	-7.385728e-09	-2.960177e+01	-4.400648e+02
2.780000e-06	-4.424797e-06	-7.841953e-09	-3.052030e+01	-4.670909e+02
2.790000e-06	-4.556375e-06	-8.269283e-09	-3.142786e+01	-4.923437e+02
2.800000e-06	-4.686376e-06	-8.669746e-09	-3.232455e+01	-5.159201e+02
2.810000e-06	-4.814763e-06	-9.042818e-09	-3.321011e+01	-5.379050e+02
2.820000e-06	-4.941439e-06	-9.388225e-09	-3.408386e+01	-5.583688e+02
2.830000e-06	-5.066341e-06	-9.709232e-09	-3.494538e+01	-5.773747e+02
2.840000e-06	-5.189517e-06	-1.000753e-08	-3.579499e+01	-5.949917e+02
2.850000e-06	-5.310887e-06	-1.028180e-08	-3.663215e+01	-6.113043e+02
2.860000e-06	-5.430243e-06	-1.053496e-08	-3.745542e+01	-6.264148e+02
2.870000e-06	-5.547451e-06	-1.077129e-08	-3.826387e+01	-6.404377e+02
2.880000e-06	-5.662407e-06	-1.099397e-08	-3.905678e+01	-6.534866e+02
2.890000e-06	-5.775023e-06	-1.120098e-08	-3.983355e+01	-6.656599e+02
2.900000e-06	-5.885403e-06	-1.139154e-08	-4.059491e+01	-6.770316e+02
2.910000e-06	-5.993765e-06	-1.156919e-08	-4.134234e+01	-6.876487e+02
2.920000e-06	-6.100213e-06	-1.173604e-08	-4.207657e+01	-6.975386e+02
2.930000e-06	-6.204571e-06	-1.189175e-08	-4.279639e+01	-7.067217e+02
2.940000e-06	-6.306609e-06	-1.203589e-08	-4.350020e+01	-7.152244e+02
2.950000e-06	-6.406353e-06	-1.216967e-08	-4.418820e+01	-7.230876e+02
2.960000e-06	-6.503927e-06	-1.229325e-08	-4.486121e+01	-7.303682e+02
2.970000e-06	-6.599241e-06	-1.240736e-08	-4.551865e+01	-7.371329e+02
2.980000e-06	-6.692145e-06	-1.251432e-08	-4.615946e+01	-7.434467e+02
2.990000e-06	-6.782728e-06	-1.261533e-08	-4.678426e+01	-7.493632e+02
3.000000e-06	-6.871047e-06	-1.271031e-08	-4.739345e+01	-7.549182e+02
3.010000e-06	-6.956859e-06	-1.279849e-08	-4.798534e+01	-7.601301e+02
3.020000e-06	-7.040128e-06	-1.288047e-08	-4.855969e+01	-7.650065e+02
3.030000e-06	-7.121022e-06	-1.295731e-08	-4.911766e+01	-7.695540e+02
3.040000e-06	-7.199265e-06	-1.302920e-08	-4.965735e+01	-7.737856e+02
3.050000e-06	-7.274662e-06	-1.309581e-08	-5.017740e+01	-7.777244e+02
3.060000e-06	-7.347421e-06	-1.315714e-08	-5.067927e+01	-7.814012e+02
3.070000e-06	-7.417502e-06	-1.321459e-08	-5.116265e+01	-7.848481e+02
3.080000e-06	-7.484880e-06	-1.326954e-08	-5.162739e+01	-7.880901e+02
3.090000e-06	-7.549715e-06	-1.332099e-08	-5.207460e+01	-7.911403e+02
3.100000e-06	-7.611875e-06	-1.336786e-08	-5.250335e+01	-7.939990e+02
3.110000e-06	-7.671256e-06	-1.341120e-08	-5.291293e+01	-7.966585e+02
3.120000e-06	-7.727926e-06	-1.345208e-08	-5.330382e+01	-7.991110e+02
3.130000e-06	-7.781739e-06	-1.349163e-08	-5.367500e+01	-8.013558e+02
3.140000e-06	-7.832487e-06	-1.352927e-08	-5.402504e+01	-8.034037e+02
3.150000e-06	-7.880061e-06	-1.356232e-08	-5.435318e+01	-8.052762e+02
3.160000e-06	-7.924803e-06	-1.359047e-08	-5.466179e+01	-8.069998e+02
3.170000e-06	-7.967059e-06	-1.361613e-08	-5.495325e+01	-8.085983e+02
3.180000e-06	-8.006610e-06	-1.364027e-08	-5.522606e+01	-8.100859e+02
3.190000e-06	-8.043344e-06	-1.366349e-08	-5.547943e+01	-8.114647e+02
3.200000e-06	-8.077309e-06	-1.368418e-08	-5.571371e+01	-8.127260e+02
3.210000e-06	-8.108372e-06	-1.370458e-08	-5.592797e+01	-8.138560e+02
3.220000e-06	-8.136468e-06	-1.372401e-08	-5.612176e+01	-8.148428e+02
3.230000e-06	-8.161711e-06	-1.374160e-08	-5.629588e+01	-8.156823e+02
3.240000e-06	-8.184018e-06	-1.375409e-08	-5.644974e+01	-8.163799e+02
3.250000e-06	-8.203427e-06	-1.376254e-08	-5.658361e+01	-8.169492e+02
3.260000e-06	-8.220007e-06	-1.377100e-08	-5.669798e+01	-8.174065e+02
3.270000e-06	-8.233510e-06	-1.377986e-08	-5.679112e+01	-8.177665e+02
3.280000e-06	-8.243898e-06	-1.378705e-08	-5.686277e+01	-8.180381e+02
3.290000e-06	-8.251323e-06	-1.379028e-08	-5.691398e+01	-8.182235e+02
3.300000e-06	-8.255844e-06	-1.379274e-08	-5.694516e+01	-8.183206e+02
3.310000e-06	-8.257543e-06	-1.379432e-08	-5.695689e+01	-8.183253e+02
