# Temperatura_=_66.1
# Concentracion g/m^3_=_11780.0
# C_Vs_to_Am_M_A/Vsm_=_59384043850.047264
# pendiente_HvsI_1/m_=_3716.3
# ordenada_HvsI_A/m_=_1297.0
# frecuencia_Hz_=_301399.3675178359

Tiempo_(s)	Campo_(V.s)	Magnetizacion_(V.s)	Campo_(kA/m)	Magnetizacion_(A/m)
0.000000e+00	-8.191593e-06	-1.400756e-08	-5.695067e+01	-8.315217e+02
1.000000e-08	-8.188364e-06	-1.399967e-08	-5.692822e+01	-8.313559e+02
2.000000e-08	-8.182482e-06	-1.399596e-08	-5.688733e+01	-8.311020e+02
3.000000e-08	-8.173930e-06	-1.399055e-08	-5.682787e+01	-8.307587e+02
4.000000e-08	-8.162516e-06	-1.398383e-08	-5.674852e+01	-8.303185e+02
5.000000e-08	-8.148118e-06	-1.397853e-08	-5.664842e+01	-8.297691e+02
6.000000e-08	-8.130790e-06	-1.397894e-08	-5.652795e+01	-8.290968e+02
7.000000e-08	-8.110965e-06	-1.398269e-08	-5.639012e+01	-8.282933e+02
8.000000e-08	-8.088559e-06	-1.392936e-08	-5.623434e+01	-8.273599e+02
9.000000e-08	-8.062931e-06	-1.384919e-08	-5.605617e+01	-8.263103e+02
1.000000e-07	-8.034033e-06	-1.385021e-08	-5.585527e+01	-8.251675e+02
1.100000e-07	-8.002189e-06	-1.388451e-08	-5.563387e+01	-8.239575e+02
1.200000e-07	-7.967520e-06	-1.387043e-08	-5.539284e+01	-8.227001e+02
1.300000e-07	-7.930333e-06	-1.383603e-08	-5.513431e+01	-8.214022e+02
1.400000e-07	-7.890993e-06	-1.385733e-08	-5.486080e+01	-8.200545e+02
1.500000e-07	-7.849134e-06	-1.380869e-08	-5.456978e+01	-8.186348e+02
1.600000e-07	-7.804359e-06	-1.375816e-08	-5.425849e+01	-8.171151e+02
1.700000e-07	-7.756921e-06	-1.375556e-08	-5.392869e+01	-8.154720e+02
1.800000e-07	-7.706497e-06	-1.364468e-08	-5.357812e+01	-8.136945e+02
1.900000e-07	-7.652875e-06	-1.366453e-08	-5.320532e+01	-8.117874e+02
2.000000e-07	-7.596509e-06	-1.367304e-08	-5.281345e+01	-8.097683e+02
2.100000e-07	-7.537428e-06	-1.361258e-08	-5.240270e+01	-8.076597e+02
2.200000e-07	-7.475675e-06	-1.358177e-08	-5.197337e+01	-8.054787e+02
2.300000e-07	-7.411210e-06	-1.350926e-08	-5.152519e+01	-8.032301e+02
2.400000e-07	-7.343920e-06	-1.350663e-08	-5.105737e+01	-8.009035e+02
2.500000e-07	-7.273966e-06	-1.343976e-08	-5.057103e+01	-7.984772e+02
2.600000e-07	-7.201359e-06	-1.337118e-08	-5.006624e+01	-7.959271e+02
2.700000e-07	-7.125989e-06	-1.334837e-08	-4.954224e+01	-7.932362e+02
2.800000e-07	-7.047761e-06	-1.333752e-08	-4.899837e+01	-7.904016e+02
2.900000e-07	-6.966769e-06	-1.329872e-08	-4.843529e+01	-7.874355e+02
3.000000e-07	-6.883362e-06	-1.319112e-08	-4.785541e+01	-7.843600e+02
3.100000e-07	-6.797729e-06	-1.315161e-08	-4.726007e+01	-7.811981e+02
3.200000e-07	-6.709740e-06	-1.310264e-08	-4.664834e+01	-7.779637e+02
3.300000e-07	-6.619272e-06	-1.304535e-08	-4.601937e+01	-7.746555e+02
3.400000e-07	-6.526453e-06	-1.298639e-08	-4.537407e+01	-7.712571e+02
3.500000e-07	-6.431327e-06	-1.292768e-08	-4.471272e+01	-7.677431e+02
3.600000e-07	-6.333784e-06	-1.289168e-08	-4.403456e+01	-7.640884e+02
3.700000e-07	-6.233917e-06	-1.282482e-08	-4.334026e+01	-7.602773e+02
3.800000e-07	-6.131888e-06	-1.274202e-08	-4.263092e+01	-7.563088e+02
3.900000e-07	-6.027694e-06	-1.264695e-08	-4.190653e+01	-7.521948e+02
4.000000e-07	-5.921284e-06	-1.258952e-08	-4.116673e+01	-7.479537e+02
4.100000e-07	-5.812722e-06	-1.253234e-08	-4.041198e+01	-7.436006e+02
4.200000e-07	-5.702153e-06	-1.245580e-08	-3.964326e+01	-7.391399e+02
4.300000e-07	-5.589495e-06	-1.237655e-08	-3.886003e+01	-7.345620e+02
4.400000e-07	-5.474585e-06	-1.230823e-08	-3.806113e+01	-7.298465e+02
4.500000e-07	-5.357501e-06	-1.223519e-08	-3.724712e+01	-7.249706e+02
4.600000e-07	-5.238450e-06	-1.213214e-08	-3.641944e+01	-7.199188e+02
4.700000e-07	-5.117526e-06	-1.202951e-08	-3.557874e+01	-7.146894e+02
4.800000e-07	-4.994729e-06	-1.194183e-08	-3.472501e+01	-7.092961e+02
4.900000e-07	-4.870108e-06	-1.186631e-08	-3.385861e+01	-7.037625e+02
5.000000e-07	-4.743801e-06	-1.177085e-08	-3.298048e+01	-6.981120e+02
5.100000e-07	-4.615845e-06	-1.166658e-08	-3.209089e+01	-6.923584e+02
5.200000e-07	-4.486209e-06	-1.156750e-08	-3.118962e+01	-6.864982e+02
5.300000e-07	-4.354876e-06	-1.147529e-08	-3.027654e+01	-6.805113e+02
5.400000e-07	-4.221891e-06	-1.136675e-08	-2.935199e+01	-6.743672e+02
5.500000e-07	-4.087477e-06	-1.124573e-08	-2.841750e+01	-6.680349e+02
5.600000e-07	-3.951708e-06	-1.113762e-08	-2.747359e+01	-6.614935e+02
5.700000e-07	-3.814469e-06	-1.103870e-08	-2.651945e+01	-6.547377e+02
5.800000e-07	-3.675705e-06	-1.092815e-08	-2.555472e+01	-6.477765e+02
5.900000e-07	-3.535421e-06	-1.079798e-08	-2.457942e+01	-6.406271e+02
6.000000e-07	-3.393690e-06	-1.067377e-08	-2.359406e+01	-6.333040e+02
6.100000e-07	-3.250581e-06	-1.055422e-08	-2.259911e+01	-6.258104e+02
6.200000e-07	-3.106166e-06	-1.042543e-08	-2.159509e+01	-6.181341e+02
6.300000e-07	-2.960606e-06	-1.028534e-08	-2.058312e+01	-6.102502e+02
6.400000e-07	-2.814038e-06	-1.015017e-08	-1.956412e+01	-6.021286e+02
6.500000e-07	-2.666605e-06	-1.001763e-08	-1.853912e+01	-5.937443e+02
6.600000e-07	-2.518335e-06	-9.873466e-09	-1.750830e+01	-5.850841e+02
6.700000e-07	-2.369263e-06	-9.717745e-09	-1.647190e+01	-5.761488e+02
6.800000e-07	-2.219431e-06	-9.559653e-09	-1.543022e+01	-5.669482e+02
6.900000e-07	-2.068808e-06	-9.404859e-09	-1.438304e+01	-5.574922e+02
7.000000e-07	-1.917474e-06	-9.243525e-09	-1.333092e+01	-5.477813e+02
7.100000e-07	-1.765427e-06	-9.072306e-09	-1.227384e+01	-5.378007e+02
7.200000e-07	-1.612622e-06	-8.896204e-09	-1.121148e+01	-5.275215e+02
7.300000e-07	-1.459163e-06	-8.720786e-09	-1.014458e+01	-5.169075e+02
7.400000e-07	-1.305226e-06	-8.537705e-09	-9.074364e+00	-5.059255e+02
7.500000e-07	-1.150874e-06	-8.342522e-09	-8.001258e+00	-4.945543e+02
7.600000e-07	-9.961086e-07	-8.143662e-09	-6.925278e+00	-4.827868e+02
7.700000e-07	-8.410060e-07	-7.945878e-09	-5.846953e+00	-4.706255e+02
7.800000e-07	-6.855939e-07	-7.740700e-09	-4.766476e+00	-4.580700e+02
7.900000e-07	-5.299189e-07	-7.520411e-09	-3.684172e+00	-4.451020e+02
8.000000e-07	-3.740790e-07	-7.290348e-09	-2.600722e+00	-4.316742e+02
8.100000e-07	-2.181070e-07	-7.052386e-09	-1.516352e+00	-4.177072e+02
8.200000e-07	-6.201161e-08	-6.804250e-09	-4.311253e-01	-4.030967e+02
8.300000e-07	9.412763e-08	-6.542221e-09	6.544065e-01	-3.877306e+02
8.400000e-07	2.502517e-07	-6.267829e-09	1.739833e+00	-3.715085e+02
8.500000e-07	4.063179e-07	-5.982260e-09	2.824857e+00	-3.543596e+02
8.600000e-07	5.621778e-07	-5.682878e-09	3.908446e+00	-3.362497e+02
8.700000e-07	7.177813e-07	-5.362425e-09	4.990254e+00	-3.171756e+02
8.800000e-07	8.731028e-07	-5.019197e-09	6.070101e+00	-2.971486e+02
8.900000e-07	1.028084e-06	-4.661822e-09	7.147580e+00	-2.761697e+02
9.000000e-07	1.182695e-06	-4.291755e-09	8.222490e+00	-2.542059e+02
9.100000e-07	1.336887e-06	-3.904859e-09	9.294484e+00	-2.311747e+02
9.200000e-07	1.490574e-06	-3.495421e-09	1.036296e+01	-2.069411e+02
9.300000e-07	1.643699e-06	-3.062970e-09	1.142754e+01	-1.813296e+02
9.400000e-07	1.796186e-06	-2.605839e-09	1.248768e+01	-1.541480e+02
9.500000e-07	1.947951e-06	-2.116900e-09	1.354280e+01	-1.252188e+02
9.600000e-07	2.098995e-06	-1.590764e-09	1.459291e+01	-9.441104e+01
9.700000e-07	2.249306e-06	-1.030382e-09	1.563792e+01	-6.166729e+01
9.800000e-07	2.398832e-06	-4.426512e-10	1.667747e+01	-2.702328e+01
9.900000e-07	2.547557e-06	1.712951e-10	1.771146e+01	9.382852e+00
1.000000e-06	2.695438e-06	8.105011e-10	1.873958e+01	4.731061e+01
1.010000e-06	2.842376e-06	1.471642e-09	1.976114e+01	8.642597e+01
1.020000e-06	2.988309e-06	2.145392e-09	2.077571e+01	1.263180e+02
1.030000e-06	3.133132e-06	2.823576e-09	2.178258e+01	1.665226e+02
1.040000e-06	3.276781e-06	3.501297e-09	2.278127e+01	2.065516e+02
1.050000e-06	3.419256e-06	4.170581e-09	2.377180e+01	2.459262e+02
1.060000e-06	3.560402e-06	4.818964e-09	2.475309e+01	2.842104e+02
1.070000e-06	3.700129e-06	5.437624e-09	2.572452e+01	3.210402e+02
1.080000e-06	3.838442e-06	6.026258e-09	2.668612e+01	3.561446e+02
1.090000e-06	3.975286e-06	6.584687e-09	2.763751e+01	3.893535e+02
1.100000e-06	4.110650e-06	7.110627e-09	2.857860e+01	4.205921e+02
1.110000e-06	4.244538e-06	7.600448e-09	2.950944e+01	4.498643e+02
1.120000e-06	4.376939e-06	8.059032e-09	3.042993e+01	4.772274e+02
1.130000e-06	4.507795e-06	8.491130e-09	3.133969e+01	5.027678e+02
1.140000e-06	4.636996e-06	8.895261e-09	3.223793e+01	5.265796e+02
1.150000e-06	4.764533e-06	9.269434e-09	3.312462e+01	5.487533e+02
1.160000e-06	4.890448e-06	9.614428e-09	3.400002e+01	5.693729e+02
1.170000e-06	5.014736e-06	9.933543e-09	3.486410e+01	5.885197e+02
1.180000e-06	5.137285e-06	1.022847e-08	3.571611e+01	6.062792e+02
1.190000e-06	5.257910e-06	1.050230e-08	3.655473e+01	6.227450e+02
1.200000e-06	5.376597e-06	1.075747e-08	3.737988e+01	6.380192e+02
1.210000e-06	5.493285e-06	1.099834e-08	3.819114e+01	6.522060e+02
1.220000e-06	5.607778e-06	1.122445e-08	3.898713e+01	6.654039e+02
1.230000e-06	5.720114e-06	1.143321e-08	3.976813e+01	6.776976e+02
1.240000e-06	5.830423e-06	1.162457e-08	4.053503e+01	6.891535e+02
1.250000e-06	5.938749e-06	1.180107e-08	4.128815e+01	6.998218e+02
1.260000e-06	6.044973e-06	1.196575e-08	4.202665e+01	7.097420e+02
1.270000e-06	6.148972e-06	1.211794e-08	4.274969e+01	7.189518e+02
1.280000e-06	6.250768e-06	1.225931e-08	4.345741e+01	7.274943e+02
1.290000e-06	6.350267e-06	1.239392e-08	4.414916e+01	7.354207e+02
1.300000e-06	6.447426e-06	1.252114e-08	4.482465e+01	7.427887e+02
1.310000e-06	6.542302e-06	1.263800e-08	4.548425e+01	7.496563e+02
1.320000e-06	6.634948e-06	1.274423e-08	4.612836e+01	7.560741e+02
1.330000e-06	6.725267e-06	1.284364e-08	4.675629e+01	7.620808e+02
1.340000e-06	6.813181e-06	1.293928e-08	4.736749e+01	7.677019e+02
1.350000e-06	6.898742e-06	1.302633e-08	4.796234e+01	7.729533e+02
1.360000e-06	6.981956e-06	1.310548e-08	4.854088e+01	7.778485e+02
1.370000e-06	7.062682e-06	1.318090e-08	4.910211e+01	7.824051e+02
1.380000e-06	7.140800e-06	1.325442e-08	4.964521e+01	7.866485e+02
1.390000e-06	7.216232e-06	1.332338e-08	5.016964e+01	7.906114e+02
1.400000e-06	7.288888e-06	1.338632e-08	5.067477e+01	7.943290e+02
1.410000e-06	7.358964e-06	1.344686e-08	5.116196e+01	7.978317e+02
1.420000e-06	7.426558e-06	1.350333e-08	5.163190e+01	8.011395e+02
1.430000e-06	7.491465e-06	1.355345e-08	5.208315e+01	8.042594e+02
1.440000e-06	7.553733e-06	1.360028e-08	5.251606e+01	8.071880e+02
1.450000e-06	7.613458e-06	1.364645e-08	5.293129e+01	8.099171e+02
1.460000e-06	7.670422e-06	1.369101e-08	5.332732e+01	8.124418e+02
1.470000e-06	7.724554e-06	1.373123e-08	5.370366e+01	8.147656e+02
1.480000e-06	7.775642e-06	1.376750e-08	5.405884e+01	8.169027e+02
1.490000e-06	7.823554e-06	1.380071e-08	5.439194e+01	8.188746e+02
1.500000e-06	7.868604e-06	1.382991e-08	5.470514e+01	8.207041e+02
1.510000e-06	7.910856e-06	1.385632e-08	5.499890e+01	8.224083e+02
1.520000e-06	7.950256e-06	1.388207e-08	5.527282e+01	8.239940e+02
1.530000e-06	7.986942e-06	1.390754e-08	5.552787e+01	8.254572e+02
1.540000e-06	8.020899e-06	1.393097e-08	5.576395e+01	8.267861e+02
1.550000e-06	8.052064e-06	1.395071e-08	5.598062e+01	8.279679e+02
1.560000e-06	8.080472e-06	1.396632e-08	5.617812e+01	8.289947e+02
1.570000e-06	8.105953e-06	1.397934e-08	5.635527e+01	8.298675e+02
1.580000e-06	8.128517e-06	1.399044e-08	5.651215e+01	8.305962e+02
1.590000e-06	8.148389e-06	1.399934e-08	5.665030e+01	8.311962e+02
1.600000e-06	8.165414e-06	1.400709e-08	5.676867e+01	8.316837e+02
1.610000e-06	8.179366e-06	1.401282e-08	5.686566e+01	8.320708e+02
1.620000e-06	8.190158e-06	1.401656e-08	5.694070e+01	8.323637e+02
1.630000e-06	8.197846e-06	1.401983e-08	5.699414e+01	8.325632e+02
1.640000e-06	8.202679e-06	1.402217e-08	5.702775e+01	8.326677e+02
1.650000e-06	8.204657e-06	1.402100e-08	5.704150e+01	8.326765e+02
1.660000e-06	8.203760e-06	1.401744e-08	5.703526e+01	8.325915e+02
1.670000e-06	8.200194e-06	1.401520e-08	5.701047e+01	8.324160e+02
1.680000e-06	8.193917e-06	1.400957e-08	5.696683e+01	8.321526e+02
1.690000e-06	8.184941e-06	1.400281e-08	5.690443e+01	8.317993e+02
1.700000e-06	8.173224e-06	1.399408e-08	5.682297e+01	8.313480e+02
1.710000e-06	8.158606e-06	1.397758e-08	5.672134e+01	8.307858e+02
1.720000e-06	8.141387e-06	1.394491e-08	5.660162e+01	8.300997e+02
1.730000e-06	8.121812e-06	1.393670e-08	5.646553e+01	8.292818e+02
1.740000e-06	8.099356e-06	1.400194e-08	5.630941e+01	8.283351e+02
1.750000e-06	8.073236e-06	1.398790e-08	5.612782e+01	8.272741e+02
1.760000e-06	8.043315e-06	1.391329e-08	5.591979e+01	8.261229e+02
1.770000e-06	8.010326e-06	1.388240e-08	5.569044e+01	8.249068e+02
1.780000e-06	7.974979e-06	1.385060e-08	5.544470e+01	8.236449e+02
1.790000e-06	7.937340e-06	1.378954e-08	5.518302e+01	8.223423e+02
1.800000e-06	7.897531e-06	1.384576e-08	5.490625e+01	8.209881e+02
1.810000e-06	7.855368e-06	1.379483e-08	5.461312e+01	8.195589e+02
1.820000e-06	7.810508e-06	1.371867e-08	5.430124e+01	8.180268e+02
1.830000e-06	7.762939e-06	1.379990e-08	5.397053e+01	8.163694e+02
1.840000e-06	7.712262e-06	1.369333e-08	5.361820e+01	8.145774e+02
1.850000e-06	7.658462e-06	1.369486e-08	5.324417e+01	8.126572e+02
1.860000e-06	7.601822e-06	1.362112e-08	5.285039e+01	8.106274e+02
1.870000e-06	7.542498e-06	1.356259e-08	5.243795e+01	8.085102e+02
1.880000e-06	7.480605e-06	1.362710e-08	5.200765e+01	8.063219e+02
1.890000e-06	7.415872e-06	1.351266e-08	5.155760e+01	8.040656e+02
1.900000e-06	7.348384e-06	1.352439e-08	5.108840e+01	8.017293e+02
1.910000e-06	7.278070e-06	1.345893e-08	5.059956e+01	7.992908e+02
1.920000e-06	7.204904e-06	1.340622e-08	5.009088e+01	7.967261e+02
1.930000e-06	7.129041e-06	1.337033e-08	4.956346e+01	7.940195e+02
1.940000e-06	7.050413e-06	1.327386e-08	4.901681e+01	7.911699e+02
1.950000e-06	6.969283e-06	1.328672e-08	4.845277e+01	7.881908e+02
1.960000e-06	6.885681e-06	1.320977e-08	4.787154e+01	7.851050e+02
1.970000e-06	6.799533e-06	1.320318e-08	4.727261e+01	7.819348e+02
1.980000e-06	6.710899e-06	1.312532e-08	4.665639e+01	7.786927e+02
1.990000e-06	6.619958e-06	1.303445e-08	4.602414e+01	7.753757e+02
2.000000e-06	6.526741e-06	1.299074e-08	4.537607e+01	7.719662e+02
2.010000e-06	6.431098e-06	1.290489e-08	4.471113e+01	7.684381e+02
2.020000e-06	6.333240e-06	1.286946e-08	4.403078e+01	7.647670e+02
2.030000e-06	6.233156e-06	1.279056e-08	4.333497e+01	7.609387e+02
2.040000e-06	6.130777e-06	1.276690e-08	4.262320e+01	7.569538e+02
2.050000e-06	6.026153e-06	1.269706e-08	4.189582e+01	7.528251e+02
2.060000e-06	5.919480e-06	1.261484e-08	4.115419e+01	7.485713e+02
2.070000e-06	5.810831e-06	1.251771e-08	4.039882e+01	7.442066e+02
2.080000e-06	5.699968e-06	1.242839e-08	3.962807e+01	7.397340e+02
2.090000e-06	5.586874e-06	1.236294e-08	3.884180e+01	7.351423e+02
2.100000e-06	5.471560e-06	1.228156e-08	3.804010e+01	7.304105e+02
2.110000e-06	5.354121e-06	1.221181e-08	3.722362e+01	7.255162e+02
2.120000e-06	5.234654e-06	1.212889e-08	3.639305e+01	7.204451e+02
2.130000e-06	5.113268e-06	1.205540e-08	3.554914e+01	7.151971e+02
2.140000e-06	4.990064e-06	1.194922e-08	3.469258e+01	7.097875e+02
2.150000e-06	4.865081e-06	1.184693e-08	3.382366e+01	7.042401e+02
2.160000e-06	4.738333e-06	1.174221e-08	3.294246e+01	6.985782e+02
2.170000e-06	4.609840e-06	1.165766e-08	3.204913e+01	6.928134e+02
2.180000e-06	4.479770e-06	1.156166e-08	3.114485e+01	6.869408e+02
2.190000e-06	4.348183e-06	1.146079e-08	3.023001e+01	6.809385e+02
2.200000e-06	4.215009e-06	1.135906e-08	2.930414e+01	6.747755e+02
2.210000e-06	4.080308e-06	1.125256e-08	2.836765e+01	6.684215e+02
2.220000e-06	3.944142e-06	1.114474e-08	2.742099e+01	6.618570e+02
2.230000e-06	3.806509e-06	1.101942e-08	2.646411e+01	6.550783e+02
2.240000e-06	3.667486e-06	1.090219e-08	2.549758e+01	6.480961e+02
2.250000e-06	3.527040e-06	1.078092e-08	2.452115e+01	6.409274e+02
2.260000e-06	3.385217e-06	1.066170e-08	2.353515e+01	6.335860e+02
2.270000e-06	3.242115e-06	1.052794e-08	2.254026e+01	6.260735e+02
2.280000e-06	3.097799e-06	1.039525e-08	2.153692e+01	6.183763e+02
2.290000e-06	2.952373e-06	1.026552e-08	2.052588e+01	6.104682e+02
2.300000e-06	2.805991e-06	1.013315e-08	1.950818e+01	6.023194e+02
2.310000e-06	2.658687e-06	9.991730e-09	1.848407e+01	5.939058e+02
2.320000e-06	2.510429e-06	9.840087e-09	1.745334e+01	5.852158e+02
2.330000e-06	2.361241e-06	9.689781e-09	1.641613e+01	5.762514e+02
2.340000e-06	2.211241e-06	9.533920e-09	1.537328e+01	5.670229e+02
2.350000e-06	2.060529e-06	9.369643e-09	1.432548e+01	5.575397e+02
2.360000e-06	1.909001e-06	9.202726e-09	1.327201e+01	5.478008e+02
2.370000e-06	1.756705e-06	9.038113e-09	1.221320e+01	5.377897e+02
2.380000e-06	1.603757e-06	8.871596e-09	1.114985e+01	5.274762e+02
2.390000e-06	1.450266e-06	8.693911e-09	1.008273e+01	5.168242e+02
2.400000e-06	1.296330e-06	8.504098e-09	9.012518e+00	5.058011e+02
2.410000e-06	1.141969e-06	8.308599e-09	7.939347e+00	4.943874e+02
2.420000e-06	9.872368e-07	8.104547e-09	6.863598e+00	4.825774e+02
2.430000e-06	8.322096e-07	7.894235e-09	5.785797e+00	4.703740e+02
2.440000e-06	6.769250e-07	7.677620e-09	4.706207e+00	4.577755e+02
2.450000e-06	5.214099e-07	7.463864e-09	3.625014e+00	4.447609e+02
2.460000e-06	3.656945e-07	7.248017e-09	2.542429e+00	4.312796e+02
2.470000e-06	2.098000e-07	7.017315e-09	1.458599e+00	4.172488e+02
2.480000e-06	5.382987e-08	6.768537e-09	3.742431e-01	4.025626e+02
2.490000e-06	-1.021629e-07	6.502931e-09	-7.102703e-01	3.871091e+02
2.500000e-06	-2.581069e-07	6.223680e-09	-1.794444e+00	3.707904e+02
2.510000e-06	-4.138716e-07	5.928883e-09	-2.877372e+00	3.535394e+02
2.520000e-06	-5.694438e-07	5.622278e-09	-3.958962e+00	3.353257e+02
2.530000e-06	-7.248256e-07	5.304178e-09	-5.039228e+00	3.161489e+02
2.540000e-06	-8.799113e-07	4.971917e-09	-6.117435e+00	2.960202e+02
2.550000e-06	-1.034642e-06	4.621240e-09	-7.193174e+00	2.749380e+02
2.560000e-06	-1.189005e-06	4.248676e-09	-8.266355e+00	2.528647e+02
2.570000e-06	-1.342983e-06	3.854738e-09	-9.336865e+00	2.297118e+02
2.580000e-06	-1.496570e-06	3.441689e-09	-1.040465e+01	2.053394e+02
2.590000e-06	-1.649679e-06	3.007800e-09	-1.146912e+01	1.795687e+02
2.600000e-06	-1.802142e-06	2.548756e-09	-1.252909e+01	1.522077e+02
2.610000e-06	-1.953839e-06	2.062959e-09	-1.358373e+01	1.230823e+02
2.620000e-06	-2.104759e-06	1.547751e-09	-1.463298e+01	9.206823e+01
2.630000e-06	-2.254968e-06	1.001102e-09	-1.567729e+01	5.911730e+01
2.640000e-06	-2.404446e-06	4.207831e-10	-1.671650e+01	2.427593e+01
2.650000e-06	-2.553046e-06	-1.939674e-10	-1.774963e+01	-1.230660e+01
2.660000e-06	-2.700708e-06	-8.359974e-10	-1.877622e+01	-5.037920e+01
2.670000e-06	-2.847395e-06	-1.495828e-09	-1.979604e+01	-8.959870e+01
2.680000e-06	-2.993111e-06	-2.165856e-09	-2.080910e+01	-1.295472e+02
2.690000e-06	-3.137811e-06	-2.840047e-09	-2.181510e+01	-1.697566e+02
2.700000e-06	-3.281325e-06	-3.510166e-09	-2.281286e+01	-2.097380e+02
2.710000e-06	-3.423559e-06	-4.166860e-09	-2.380172e+01	-2.490157e+02
2.720000e-06	-3.564446e-06	-4.804906e-09	-2.478121e+01	-2.871600e+02
2.730000e-06	-3.703943e-06	-5.420148e-09	-2.575104e+01	-3.238163e+02
2.740000e-06	-3.842123e-06	-6.009962e-09	-2.671172e+01	-3.587241e+02
2.750000e-06	-3.978962e-06	-6.568895e-09	-2.766307e+01	-3.917240e+02
2.760000e-06	-4.114306e-06	-7.092744e-09	-2.860402e+01	-4.227507e+02
2.770000e-06	-4.248119e-06	-7.582516e-09	-2.953433e+01	-4.518150e+02
2.780000e-06	-4.380424e-06	-8.040757e-09	-3.045416e+01	-4.789786e+02
2.790000e-06	-4.511186e-06	-8.468817e-09	-3.136326e+01	-5.043293e+02
2.800000e-06	-4.640391e-06	-8.866269e-09	-3.226154e+01	-5.279615e+02
2.810000e-06	-4.767977e-06	-9.237788e-09	-3.314856e+01	-5.499649e+02
2.820000e-06	-4.893822e-06	-9.585165e-09	-3.402348e+01	-5.704228e+02
2.830000e-06	-5.017900e-06	-9.908339e-09	-3.488611e+01	-5.894169e+02
2.840000e-06	-5.140266e-06	-1.020664e-08	-3.573683e+01	-6.070333e+02
2.850000e-06	-5.260812e-06	-1.048052e-08	-3.657491e+01	-6.233666e+02
2.860000e-06	-5.379349e-06	-1.073478e-08	-3.739902e+01	-6.385194e+02
2.870000e-06	-5.495714e-06	-1.097230e-08	-3.820803e+01	-6.525958e+02
2.880000e-06	-5.609834e-06	-1.119395e-08	-3.900143e+01	-6.656932e+02
2.890000e-06	-5.721718e-06	-1.140129e-08	-3.977928e+01	-6.778944e+02
2.900000e-06	-5.831442e-06	-1.159483e-08	-4.054212e+01	-6.892639e+02
2.910000e-06	-5.939191e-06	-1.177387e-08	-4.129123e+01	-6.998504e+02
2.920000e-06	-6.044943e-06	-1.193899e-08	-4.202645e+01	-7.096927e+02
2.930000e-06	-6.148510e-06	-1.209213e-08	-4.274648e+01	-7.188290e+02
2.940000e-06	-6.249779e-06	-1.223509e-08	-4.345054e+01	-7.273029e+02
2.950000e-06	-6.348839e-06	-1.236888e-08	-4.413924e+01	-7.351668e+02
2.960000e-06	-6.445754e-06	-1.249334e-08	-4.481302e+01	-7.424786e+02
2.970000e-06	-6.540437e-06	-1.260780e-08	-4.547129e+01	-7.492958e+02
2.980000e-06	-6.632791e-06	-1.271530e-08	-4.611336e+01	-7.556681e+02
2.990000e-06	-6.722862e-06	-1.281562e-08	-4.673956e+01	-7.616326e+02
3.000000e-06	-6.810655e-06	-1.290939e-08	-4.734994e+01	-7.672135e+02
3.010000e-06	-6.895965e-06	-1.299712e-08	-4.794304e+01	-7.724262e+02
3.020000e-06	-6.978782e-06	-1.308056e-08	-4.851881e+01	-7.772843e+02
3.030000e-06	-7.059160e-06	-1.315925e-08	-4.907762e+01	-7.818061e+02
3.040000e-06	-7.136888e-06	-1.323164e-08	-4.961802e+01	-7.860179e+02
3.050000e-06	-7.211889e-06	-1.329755e-08	-5.013944e+01	-7.899529e+02
3.060000e-06	-7.284229e-06	-1.335841e-08	-5.064238e+01	-7.936463e+02
3.070000e-06	-7.353892e-06	-1.341536e-08	-5.112670e+01	-7.971275e+02
3.080000e-06	-7.420945e-06	-1.346781e-08	-5.159287e+01	-8.004152e+02
3.090000e-06	-7.485460e-06	-1.351809e-08	-5.204140e+01	-8.035150e+02
3.100000e-06	-7.547348e-06	-1.356757e-08	-5.247167e+01	-8.064227e+02
3.110000e-06	-7.606531e-06	-1.361565e-08	-5.288313e+01	-8.091302e+02
3.120000e-06	-7.662984e-06	-1.365918e-08	-5.327561e+01	-8.116331e+02
3.130000e-06	-7.716552e-06	-1.369871e-08	-5.364803e+01	-8.139362e+02
3.140000e-06	-7.767014e-06	-1.373586e-08	-5.399886e+01	-8.160546e+02
3.150000e-06	-7.814323e-06	-1.377045e-08	-5.432777e+01	-8.180103e+02
3.160000e-06	-7.858877e-06	-1.380008e-08	-5.463752e+01	-8.198257e+02
3.170000e-06	-7.900972e-06	-1.382512e-08	-5.493018e+01	-8.215173e+02
3.180000e-06	-7.940412e-06	-1.384918e-08	-5.520438e+01	-8.230904e+02
3.190000e-06	-7.977029e-06	-1.387581e-08	-5.545895e+01	-8.245399e+02
3.200000e-06	-8.010871e-06	-1.390139e-08	-5.569424e+01	-8.258537e+02
3.210000e-06	-8.041846e-06	-1.392236e-08	-5.590958e+01	-8.270193e+02
3.220000e-06	-8.069885e-06	-1.393967e-08	-5.610452e+01	-8.280295e+02
3.230000e-06	-8.095171e-06	-1.395615e-08	-5.628031e+01	-8.288863e+02
3.240000e-06	-8.117614e-06	-1.397046e-08	-5.643635e+01	-8.296005e+02
3.250000e-06	-8.137138e-06	-1.397980e-08	-5.657208e+01	-8.301878e+02
3.260000e-06	-8.153858e-06	-1.398543e-08	-5.668832e+01	-8.306642e+02
3.270000e-06	-8.167524e-06	-1.399161e-08	-5.678334e+01	-8.310412e+02
3.280000e-06	-8.178092e-06	-1.399960e-08	-5.685681e+01	-8.313242e+02
3.290000e-06	-8.185764e-06	-1.400657e-08	-5.691015e+01	-8.315137e+02
3.300000e-06	-8.190480e-06	-1.400927e-08	-5.694294e+01	-8.316081e+02
3.310000e-06	-8.192301e-06	-1.400998e-08	-5.695559e+01	-8.316068e+02
