# Temperatura_=_37.48
# Concentracion g/m^3_=_11780.0
# C_Vs_to_Am_M_A/Vsm_=_59384043850.047264
# pendiente_HvsI_1/m_=_3716.3
# ordenada_HvsI_A/m_=_1297.0
# frecuencia_Hz_=_301381.6047911002

Tiempo_(s)	Campo_(V.s)	Magnetizacion_(V.s)	Campo_(kA/m)	Magnetizacion_(A/m)
0.000000e+00	-8.219864e-06	-1.344903e-08	-5.695256e+01	-7.983466e+02
1.000000e-08	-8.215832e-06	-1.344727e-08	-5.692462e+01	-7.982661e+02
2.000000e-08	-8.209196e-06	-1.344703e-08	-5.687864e+01	-7.981260e+02
3.000000e-08	-8.199796e-06	-1.344399e-08	-5.681351e+01	-7.978896e+02
4.000000e-08	-8.187465e-06	-1.344082e-08	-5.672808e+01	-7.975202e+02
5.000000e-08	-8.172116e-06	-1.343541e-08	-5.662173e+01	-7.969939e+02
6.000000e-08	-8.153976e-06	-1.343497e-08	-5.649604e+01	-7.963094e+02
7.000000e-08	-8.133442e-06	-1.342193e-08	-5.635376e+01	-7.954889e+02
8.000000e-08	-8.110114e-06	-1.334064e-08	-5.619214e+01	-7.945719e+02
9.000000e-08	-8.083404e-06	-1.330951e-08	-5.600707e+01	-7.936016e+02
1.000000e-07	-8.053451e-06	-1.334641e-08	-5.579954e+01	-7.926111e+02
1.100000e-07	-8.020606e-06	-1.335259e-08	-5.557197e+01	-7.916118e+02
1.200000e-07	-7.985009e-06	-1.332746e-08	-5.532533e+01	-7.905906e+02
1.300000e-07	-7.947067e-06	-1.333053e-08	-5.506244e+01	-7.895147e+02
1.400000e-07	-7.906977e-06	-1.333833e-08	-5.478467e+01	-7.883433e+02
1.500000e-07	-7.864223e-06	-1.323554e-08	-5.448844e+01	-7.870430e+02
1.600000e-07	-7.818587e-06	-1.326348e-08	-5.417225e+01	-7.855982e+02
1.700000e-07	-7.770198e-06	-1.318836e-08	-5.383698e+01	-7.840165e+02
1.800000e-07	-7.718627e-06	-1.310667e-08	-5.347966e+01	-7.823239e+02
1.900000e-07	-7.663946e-06	-1.317155e-08	-5.310079e+01	-7.805541e+02
2.000000e-07	-7.606528e-06	-1.312670e-08	-5.270297e+01	-7.787340e+02
2.100000e-07	-7.546426e-06	-1.312290e-08	-5.228654e+01	-7.768727e+02
2.200000e-07	-7.483704e-06	-1.304880e-08	-5.185196e+01	-7.749569e+02
2.300000e-07	-7.418199e-06	-1.301998e-08	-5.139810e+01	-7.729551e+02
2.400000e-07	-7.349924e-06	-1.299974e-08	-5.092504e+01	-7.708292e+02
2.500000e-07	-7.278914e-06	-1.291393e-08	-5.043304e+01	-7.685484e+02
2.600000e-07	-7.205097e-06	-1.287643e-08	-4.992159e+01	-7.661018e+02
2.700000e-07	-7.128544e-06	-1.284947e-08	-4.939118e+01	-7.635023e+02
2.800000e-07	-7.049183e-06	-1.284742e-08	-4.884132e+01	-7.607828e+02
2.900000e-07	-6.967194e-06	-1.277844e-08	-4.827325e+01	-7.579844e+02
3.000000e-07	-6.882865e-06	-1.271485e-08	-4.768896e+01	-7.551411e+02
3.100000e-07	-6.796198e-06	-1.267288e-08	-4.708847e+01	-7.522671e+02
3.200000e-07	-6.707182e-06	-1.261147e-08	-4.647171e+01	-7.493519e+02
3.300000e-07	-6.615827e-06	-1.257554e-08	-4.583875e+01	-7.463631e+02
3.400000e-07	-6.522123e-06	-1.250814e-08	-4.518950e+01	-7.432584e+02
3.500000e-07	-6.426042e-06	-1.245553e-08	-4.452379e+01	-7.400004e+02
3.600000e-07	-6.327570e-06	-1.241622e-08	-4.384151e+01	-7.365691e+02
3.700000e-07	-6.226737e-06	-1.236430e-08	-4.314288e+01	-7.329686e+02
3.800000e-07	-6.123686e-06	-1.228157e-08	-4.242887e+01	-7.292229e+02
3.900000e-07	-6.018455e-06	-1.219673e-08	-4.169976e+01	-7.253661e+02
4.000000e-07	-5.911019e-06	-1.215144e-08	-4.095538e+01	-7.214273e+02
4.100000e-07	-5.801501e-06	-1.209400e-08	-4.019657e+01	-7.174191e+02
4.200000e-07	-5.689944e-06	-1.201959e-08	-3.942363e+01	-7.133320e+02
4.300000e-07	-5.576219e-06	-1.193836e-08	-3.863567e+01	-7.091380e+02
4.400000e-07	-5.460287e-06	-1.187894e-08	-3.783241e+01	-7.048017e+02
4.500000e-07	-5.342203e-06	-1.181161e-08	-3.701425e+01	-7.002940e+02
4.600000e-07	-5.222156e-06	-1.171776e-08	-3.618249e+01	-6.956035e+02
4.700000e-07	-5.100311e-06	-1.162150e-08	-3.533827e+01	-6.907413e+02
4.800000e-07	-4.976563e-06	-1.154705e-08	-3.448086e+01	-6.857360e+02
4.900000e-07	-4.850988e-06	-1.148125e-08	-3.361080e+01	-6.806220e+02
5.000000e-07	-4.723773e-06	-1.138933e-08	-3.272936e+01	-6.754256e+02
5.100000e-07	-4.594897e-06	-1.128477e-08	-3.183643e+01	-6.701525e+02
5.200000e-07	-4.464341e-06	-1.119466e-08	-3.093185e+01	-6.647846e+02
5.300000e-07	-4.332117e-06	-1.111525e-08	-3.001572e+01	-6.592840e+02
5.400000e-07	-4.198345e-06	-1.101537e-08	-2.908886e+01	-6.536058e+02
5.500000e-07	-4.063112e-06	-1.090037e-08	-2.815188e+01	-6.477124e+02
5.600000e-07	-3.926352e-06	-1.080131e-08	-2.720431e+01	-6.415859e+02
5.700000e-07	-3.788037e-06	-1.071424e-08	-2.624598e+01	-6.352318e+02
5.800000e-07	-3.648237e-06	-1.060770e-08	-2.527736e+01	-6.286751e+02
5.900000e-07	-3.507038e-06	-1.047903e-08	-2.429904e+01	-6.219481e+02
6.000000e-07	-3.364457e-06	-1.035778e-08	-2.331114e+01	-6.150762e+02
6.100000e-07	-3.220492e-06	-1.025088e-08	-2.231366e+01	-6.080670e+02
6.200000e-07	-3.075326e-06	-1.013274e-08	-2.130786e+01	-6.009055e+02
6.300000e-07	-2.929118e-06	-9.998893e-09	-2.029483e+01	-5.935592e+02
6.400000e-07	-2.781935e-06	-9.869185e-09	-1.927505e+01	-5.859882e+02
6.500000e-07	-2.633850e-06	-9.751489e-09	-1.824902e+01	-5.781588e+02
6.600000e-07	-2.484856e-06	-9.621928e-09	-1.721670e+01	-5.700525e+02
6.700000e-07	-2.335062e-06	-9.471373e-09	-1.617882e+01	-5.616692e+02
6.800000e-07	-2.184486e-06	-9.317152e-09	-1.513554e+01	-5.530215e+02
6.900000e-07	-2.033094e-06	-9.175103e-09	-1.408660e+01	-5.441240e+02
7.000000e-07	-1.880973e-06	-9.029916e-09	-1.303260e+01	-5.349820e+02
7.100000e-07	-1.728152e-06	-8.866593e-09	-1.197376e+01	-5.255837e+02
7.200000e-07	-1.574637e-06	-8.696040e-09	-1.091011e+01	-5.158996e+02
7.300000e-07	-1.420498e-06	-8.530539e-09	-9.842130e+00	-5.058899e+02
7.400000e-07	-1.265898e-06	-8.363870e-09	-8.770967e+00	-4.955158e+02
7.500000e-07	-1.110915e-06	-8.178873e-09	-7.697141e+00	-4.847506e+02
7.600000e-07	-9.555522e-07	-7.986290e-09	-6.620686e+00	-4.735845e+02
7.700000e-07	-7.998591e-07	-7.794844e-09	-5.541943e+00	-4.620212e+02
7.800000e-07	-6.438680e-07	-7.602912e-09	-4.461136e+00	-4.500668e+02
7.900000e-07	-4.876345e-07	-7.396725e-09	-3.378649e+00	-4.377138e+02
8.000000e-07	-3.312315e-07	-7.172919e-09	-2.294987e+00	-4.249281e+02
8.100000e-07	-1.746598e-07	-6.943830e-09	-1.210157e+00	-4.116422e+02
8.200000e-07	-1.796923e-08	-6.711239e-09	-1.245025e-01	-3.977611e+02
8.300000e-07	1.386905e-07	-6.467746e-09	9.609382e-01	-3.831767e+02
8.400000e-07	2.952446e-07	-6.203465e-09	2.045647e+00	-3.677887e+02
8.500000e-07	4.516931e-07	-5.928157e-09	3.129623e+00	-3.515237e+02
8.600000e-07	6.079757e-07	-5.645632e-09	4.212450e+00	-3.343464e+02
8.700000e-07	7.640127e-07	-5.344249e-09	5.293576e+00	-3.162578e+02
8.800000e-07	9.197561e-07	-5.018057e-09	6.372667e+00	-2.972800e+02
8.900000e-07	1.075095e-06	-4.678202e-09	7.448958e+00	-2.774330e+02
9.000000e-07	1.230014e-06	-4.333031e-09	8.522338e+00	-2.567094e+02
9.100000e-07	1.384568e-06	-3.971658e-09	9.593187e+00	-2.350549e+02
9.200000e-07	1.538654e-06	-3.583485e-09	1.066079e+01	-2.123627e+02
9.300000e-07	1.692169e-06	-3.173214e-09	1.172445e+01	-1.884815e+02
9.400000e-07	1.845113e-06	-2.750189e-09	1.278414e+01	-1.632371e+02
9.500000e-07	1.997391e-06	-2.303942e-09	1.383922e+01	-1.364626e+02
9.600000e-07	2.148859e-06	-1.819578e-09	1.488869e+01	-1.080283e+02
9.700000e-07	2.299489e-06	-1.301591e-09	1.593235e+01	-7.786748e+01
9.800000e-07	2.449341e-06	-7.635145e-10	1.697062e+01	-4.599235e+01
9.900000e-07	2.598363e-06	-2.026066e-10	1.800315e+01	-1.249992e+01
1.000000e-06	2.746409e-06	3.897386e-10	1.902891e+01	2.243086e+01
1.010000e-06	2.893473e-06	1.007621e-09	2.004786e+01	5.854789e+01
1.020000e-06	3.039552e-06	1.634474e-09	2.105999e+01	9.553791e+01
1.030000e-06	3.184541e-06	2.262735e-09	2.206456e+01	1.330404e+02
1.040000e-06	3.328355e-06	2.897425e-09	2.306101e+01	1.706631e+02
1.050000e-06	3.470974e-06	3.532429e-09	2.404916e+01	2.080009e+02
1.060000e-06	3.612263e-06	4.151065e-09	2.502810e+01	2.446571e+02
1.070000e-06	3.752083e-06	4.745794e-09	2.599687e+01	2.802675e+02
1.080000e-06	3.890509e-06	5.320591e-09	2.695597e+01	3.145249e+02
1.090000e-06	4.027505e-06	5.875699e-09	2.790517e+01	3.471976e+02
1.100000e-06	4.162955e-06	6.399948e-09	2.884365e+01	3.781409e+02
1.110000e-06	4.296901e-06	6.886261e-09	2.977172e+01	4.072963e+02
1.120000e-06	4.429287e-06	7.342037e-09	3.068898e+01	4.346783e+02
1.130000e-06	4.560064e-06	7.777109e-09	3.159509e+01	4.603529e+02
1.140000e-06	4.689263e-06	8.185181e-09	3.249026e+01	4.844120e+02
1.150000e-06	4.816817e-06	8.561045e-09	3.337403e+01	5.069497e+02
1.160000e-06	4.942763e-06	8.911802e-09	3.424668e+01	5.280470e+02
1.170000e-06	5.066962e-06	9.244976e-09	3.510720e+01	5.477667e+02
1.180000e-06	5.189315e-06	9.557495e-09	3.595494e+01	5.661577e+02
1.190000e-06	5.309813e-06	9.842774e-09	3.678983e+01	5.832667e+02
1.200000e-06	5.428364e-06	1.010527e-08	3.761123e+01	5.991493e+02
1.210000e-06	5.544877e-06	1.035400e-08	3.841851e+01	6.138780e+02
1.220000e-06	5.659262e-06	1.058874e-08	3.921104e+01	6.275426e+02
1.230000e-06	5.771428e-06	1.080077e-08	3.998820e+01	6.402427e+02
1.240000e-06	5.881477e-06	1.099477e-08	4.075070e+01	6.520760e+02
1.250000e-06	5.989485e-06	1.118041e-08	4.149904e+01	6.631259e+02
1.260000e-06	6.095350e-06	1.135732e-08	4.223255e+01	6.734537e+02
1.270000e-06	6.199038e-06	1.151978e-08	4.295096e+01	6.830972e+02
1.280000e-06	6.300534e-06	1.166826e-08	4.365419e+01	6.920774e+02
1.290000e-06	6.399825e-06	1.180740e-08	4.434214e+01	7.004096e+02
1.300000e-06	6.496688e-06	1.193701e-08	4.501327e+01	7.081153e+02
1.310000e-06	6.591160e-06	1.205333e-08	4.566784e+01	7.152308e+02
1.320000e-06	6.683436e-06	1.215761e-08	4.630718e+01	7.218093e+02
1.330000e-06	6.773374e-06	1.225925e-08	4.693033e+01	7.279152e+02
1.340000e-06	6.860875e-06	1.236014e-08	4.753660e+01	7.336147e+02
1.350000e-06	6.946039e-06	1.245268e-08	4.812667e+01	7.389637e+02
1.360000e-06	7.028837e-06	1.253487e-08	4.870035e+01	7.440001e+02
1.370000e-06	7.109111e-06	1.261332e-08	4.925654e+01	7.487408e+02
1.380000e-06	7.186759e-06	1.269032e-08	4.979453e+01	7.531858e+02
1.390000e-06	7.261686e-06	1.275941e-08	5.031368e+01	7.573278e+02
1.400000e-06	7.333920e-06	1.281856e-08	5.081416e+01	7.611632e+02
1.410000e-06	7.403612e-06	1.287433e-08	5.129703e+01	7.647001e+02
1.420000e-06	7.470725e-06	1.293145e-08	5.176204e+01	7.679620e+02
1.430000e-06	7.535088e-06	1.298664e-08	5.220798e+01	7.709849e+02
1.440000e-06	7.596830e-06	1.303426e-08	5.263577e+01	7.738087e+02
1.450000e-06	7.656005e-06	1.307657e-08	5.304577e+01	7.764677e+02
1.460000e-06	7.712435e-06	1.311956e-08	5.343676e+01	7.789824e+02
1.470000e-06	7.765966e-06	1.316091e-08	5.380766e+01	7.813560e+02
1.480000e-06	7.816291e-06	1.319687e-08	5.415634e+01	7.835778e+02
1.490000e-06	7.863512e-06	1.322699e-08	5.448352e+01	7.856303e+02
1.500000e-06	7.907991e-06	1.325577e-08	5.479170e+01	7.874996e+02
1.510000e-06	7.949656e-06	1.328616e-08	5.508038e+01	7.891832e+02
1.520000e-06	7.988439e-06	1.331405e-08	5.534910e+01	7.906935e+02
1.530000e-06	8.024563e-06	1.333785e-08	5.559939e+01	7.920554e+02
1.540000e-06	8.057877e-06	1.335951e-08	5.583020e+01	7.932983e+02
1.550000e-06	8.088265e-06	1.337854e-08	5.604076e+01	7.944464e+02
1.560000e-06	8.115865e-06	1.339331e-08	5.623199e+01	7.955103e+02
1.570000e-06	8.140554e-06	1.340399e-08	5.640305e+01	7.964834e+02
1.580000e-06	8.162406e-06	1.341525e-08	5.655445e+01	7.973450e+02
1.590000e-06	8.181547e-06	1.342822e-08	5.668707e+01	7.980685e+02
1.600000e-06	8.197739e-06	1.343887e-08	5.679926e+01	7.986327e+02
1.610000e-06	8.210788e-06	1.344477e-08	5.688967e+01	7.990312e+02
1.620000e-06	8.220672e-06	1.344839e-08	5.695816e+01	7.992769e+02
1.630000e-06	8.227549e-06	1.345242e-08	5.700580e+01	7.993997e+02
1.640000e-06	8.231581e-06	1.345323e-08	5.703374e+01	7.994374e+02
1.650000e-06	8.232701e-06	1.344665e-08	5.704150e+01	7.994237e+02
1.660000e-06	8.231078e-06	1.344699e-08	5.703025e+01	7.993762e+02
1.670000e-06	8.226795e-06	1.344595e-08	5.700058e+01	7.992907e+02
1.680000e-06	8.219758e-06	1.344169e-08	5.695182e+01	7.991421e+02
1.690000e-06	8.210031e-06	1.343775e-08	5.688443e+01	7.988930e+02
1.700000e-06	8.197408e-06	1.342974e-08	5.679697e+01	7.985075e+02
1.710000e-06	8.181885e-06	1.341287e-08	5.668941e+01	7.979639e+02
1.720000e-06	8.163901e-06	1.337517e-08	5.656481e+01	7.972633e+02
1.730000e-06	8.143501e-06	1.342467e-08	5.642346e+01	7.964303e+02
1.740000e-06	8.120000e-06	1.345532e-08	5.626063e+01	7.955055e+02
1.750000e-06	8.092678e-06	1.339110e-08	5.607133e+01	7.945317e+02
1.760000e-06	8.061711e-06	1.334768e-08	5.585677e+01	7.935401e+02
1.770000e-06	8.027895e-06	1.333460e-08	5.562247e+01	7.925395e+02
1.780000e-06	7.991704e-06	1.325905e-08	5.537172e+01	7.915142e+02
1.790000e-06	7.953272e-06	1.326392e-08	5.510543e+01	7.904299e+02
1.800000e-06	7.912739e-06	1.333301e-08	5.482460e+01	7.892460e+02
1.810000e-06	7.869705e-06	1.319351e-08	5.452643e+01	7.879305e+02
1.820000e-06	7.823974e-06	1.326196e-08	5.420957e+01	7.864702e+02
1.830000e-06	7.775446e-06	1.324434e-08	5.387334e+01	7.848751e+02
1.840000e-06	7.723629e-06	1.316359e-08	5.351431e+01	7.831726e+02
1.850000e-06	7.668833e-06	1.318437e-08	5.313466e+01	7.813962e+02
1.860000e-06	7.611253e-06	1.303365e-08	5.273570e+01	7.795716e+02
1.870000e-06	7.550990e-06	1.311510e-08	5.231816e+01	7.777054e+02
1.880000e-06	7.488094e-06	1.306515e-08	5.188238e+01	7.757821e+02
1.890000e-06	7.422362e-06	1.301753e-08	5.142694e+01	7.737688e+02
1.900000e-06	7.353953e-06	1.303183e-08	5.095296e+01	7.716274e+02
1.910000e-06	7.282624e-06	1.292490e-08	5.045875e+01	7.693289e+02
1.920000e-06	7.208473e-06	1.293781e-08	4.994499e+01	7.668648e+02
1.930000e-06	7.131574e-06	1.283103e-08	4.941218e+01	7.642506e+02
1.940000e-06	7.051909e-06	1.281209e-08	4.886021e+01	7.615206e+02
1.950000e-06	6.969805e-06	1.276446e-08	4.829134e+01	7.587160e+02
1.960000e-06	6.885212e-06	1.272231e-08	4.770522e+01	7.558690e+02
1.970000e-06	6.798107e-06	1.272960e-08	4.710170e+01	7.529916e+02
1.980000e-06	6.708536e-06	1.261169e-08	4.648109e+01	7.500702e+02
1.990000e-06	6.616660e-06	1.258286e-08	4.584452e+01	7.470710e+02
2.000000e-06	6.522429e-06	1.250004e-08	4.519162e+01	7.439514e+02
2.010000e-06	6.425841e-06	1.246565e-08	4.452240e+01	7.406753e+02
2.020000e-06	6.327035e-06	1.239024e-08	4.383780e+01	7.372252e+02
2.030000e-06	6.225970e-06	1.233512e-08	4.313756e+01	7.336076e+02
2.040000e-06	6.122634e-06	1.230479e-08	4.242159e+01	7.298483e+02
2.050000e-06	6.017087e-06	1.223028e-08	4.169029e+01	7.259815e+02
2.060000e-06	5.909495e-06	1.216648e-08	4.094482e+01	7.220350e+02
2.070000e-06	5.799769e-06	1.206353e-08	4.018457e+01	7.180191e+02
2.080000e-06	5.687872e-06	1.200961e-08	3.940927e+01	7.139220e+02
2.090000e-06	5.573787e-06	1.193214e-08	3.861882e+01	7.097145e+02
2.100000e-06	5.457502e-06	1.186985e-08	3.781312e+01	7.053609e+02
2.110000e-06	5.339109e-06	1.178601e-08	3.699281e+01	7.008337e+02
2.120000e-06	5.218694e-06	1.172091e-08	3.615850e+01	6.961239e+02
2.130000e-06	5.096445e-06	1.164568e-08	3.531148e+01	6.912447e+02
2.140000e-06	4.972370e-06	1.155535e-08	3.445181e+01	6.862260e+02
2.150000e-06	4.846482e-06	1.145525e-08	3.357958e+01	6.811022e+02
2.160000e-06	4.718819e-06	1.136349e-08	3.269504e+01	6.758976e+02
2.170000e-06	4.589533e-06	1.128811e-08	3.179926e+01	6.706157e+02
2.180000e-06	4.458689e-06	1.119501e-08	3.089269e+01	6.652355e+02
2.190000e-06	4.326191e-06	1.110269e-08	2.997466e+01	6.597179e+02
2.200000e-06	4.192121e-06	1.100188e-08	2.904574e+01	6.540181e+02
2.210000e-06	4.056527e-06	1.091462e-08	2.810625e+01	6.481002e+02
2.220000e-06	3.919450e-06	1.080713e-08	2.715650e+01	6.419485e+02
2.230000e-06	3.780897e-06	1.069555e-08	2.619651e+01	6.355712e+02
2.240000e-06	3.640889e-06	1.057775e-08	2.522644e+01	6.289947e+02
2.250000e-06	3.499536e-06	1.047020e-08	2.424706e+01	6.222511e+02
2.260000e-06	3.356945e-06	1.035784e-08	2.325910e+01	6.153645e+02
2.270000e-06	3.213083e-06	1.023425e-08	2.226232e+01	6.083400e+02
2.280000e-06	3.068026e-06	1.011005e-08	2.125728e+01	6.011605e+02
2.290000e-06	2.921928e-06	9.990124e-09	2.024502e+01	5.937919e+02
2.300000e-06	2.774836e-06	9.869751e-09	1.922587e+01	5.861945e+02
2.310000e-06	2.626791e-06	9.734395e-09	1.820011e+01	5.783359e+02
2.320000e-06	2.477768e-06	9.594287e-09	1.716759e+01	5.701997e+02
2.330000e-06	2.327826e-06	9.452918e-09	1.612869e+01	5.617872e+02
2.340000e-06	2.177148e-06	9.307577e-09	1.508470e+01	5.531120e+02
2.350000e-06	2.025712e-06	9.150672e-09	1.403545e+01	5.441883e+02
2.360000e-06	1.873459e-06	8.989659e-09	1.298054e+01	5.350197e+02
2.370000e-06	1.720524e-06	8.834707e-09	1.192091e+01	5.255924e+02
2.380000e-06	1.567029e-06	8.681119e-09	1.085739e+01	5.158753e+02
2.390000e-06	1.413053e-06	8.513628e-09	9.790548e+00	5.058282e+02
2.400000e-06	1.258541e-06	8.335321e-09	8.719987e+00	4.954132e+02
2.410000e-06	1.103520e-06	8.150480e-09	7.645901e+00	4.846052e+02
2.420000e-06	9.481107e-07	7.960911e-09	6.569126e+00	4.733961e+02
2.430000e-06	7.923463e-07	7.758878e-09	5.489890e+00	4.617907e+02
2.440000e-06	6.363390e-07	7.550626e-09	4.408970e+00	4.497942e+02
2.450000e-06	4.801418e-07	7.346562e-09	3.326734e+00	4.373970e+02
2.460000e-06	3.236854e-07	7.142340e-09	2.242703e+00	4.245614e+02
2.470000e-06	1.670955e-07	6.924101e-09	1.157746e+00	4.112166e+02
2.480000e-06	1.049024e-08	6.684472e-09	7.268322e-02	3.972654e+02
2.490000e-06	-1.461295e-07	6.433989e-09	-1.012480e+00	3.825993e+02
2.500000e-06	-3.026872e-07	6.172771e-09	-2.097214e+00	3.671201e+02
2.510000e-06	-4.591621e-07	5.897492e-09	-3.181373e+00	3.507583e+02
2.520000e-06	-6.154139e-07	5.604484e-09	-4.263987e+00	3.334827e+02
2.530000e-06	-7.713300e-07	5.299156e-09	-5.344275e+00	3.152975e+02
2.540000e-06	-9.269639e-07	4.983818e-09	-6.422608e+00	2.962258e+02
2.550000e-06	-1.082271e-06	4.651892e-09	-7.498675e+00	2.762860e+02
2.560000e-06	-1.237112e-06	4.300074e-09	-8.571518e+00	2.554660e+02
2.570000e-06	-1.391450e-06	3.930606e-09	-9.640868e+00	2.337064e+02
2.580000e-06	-1.545291e-06	3.548307e-09	-1.070678e+01	2.108946e+02
2.590000e-06	-1.698611e-06	3.147042e-09	-1.176908e+01	1.868757e+02
2.600000e-06	-1.851380e-06	2.718762e-09	-1.282756e+01	1.614749e+02
2.610000e-06	-2.003425e-06	2.265580e-09	-1.388103e+01	1.345278e+02
2.620000e-06	-2.154627e-06	1.789643e-09	-1.492865e+01	1.059103e+02
2.630000e-06	-2.305045e-06	1.286849e-09	-1.597085e+01	7.556368e+01
2.640000e-06	-2.454713e-06	7.497879e-10	-1.700784e+01	4.350907e+01
2.650000e-06	-2.603537e-06	1.816244e-10	-1.803900e+01	9.852532e+00
2.660000e-06	-2.751407e-06	-4.067802e-10	-1.906354e+01	-2.521865e+01
2.670000e-06	-2.898298e-06	-1.012190e-09	-2.008129e+01	-6.144522e+01
2.680000e-06	-3.044198e-06	-1.634016e-09	-2.109218e+01	-9.850815e+01
2.690000e-06	-3.189036e-06	-2.266896e-09	-2.209572e+01	-1.360427e+02
2.700000e-06	-3.332670e-06	-2.898399e-09	-2.309090e+01	-1.736544e+02
2.710000e-06	-3.475027e-06	-3.522016e-09	-2.407724e+01	-2.109378e+02
2.720000e-06	-3.616100e-06	-4.135460e-09	-2.505469e+01	-2.474986e+02
2.730000e-06	-3.755789e-06	-4.734035e-09	-2.602255e+01	-2.829777e+02
2.740000e-06	-3.894037e-06	-5.308529e-09	-2.698042e+01	-3.170749e+02
2.750000e-06	-4.030867e-06	-5.854069e-09	-2.792846e+01	-3.495677e+02
2.760000e-06	-4.166228e-06	-6.371523e-09	-2.886633e+01	-3.803209e+02
2.770000e-06	-4.300151e-06	-6.861979e-09	-2.979424e+01	-4.092845e+02
2.780000e-06	-4.432530e-06	-7.322818e-09	-3.071144e+01	-4.364798e+02
2.790000e-06	-4.563224e-06	-7.750685e-09	-3.161698e+01	-4.619768e+02
2.800000e-06	-4.692366e-06	-8.151390e-09	-3.251176e+01	-4.858686e+02
2.810000e-06	-4.819890e-06	-8.531489e-09	-3.339532e+01	-5.082485e+02
2.820000e-06	-4.945721e-06	-8.888082e-09	-3.426717e+01	-5.291955e+02
2.830000e-06	-5.069828e-06	-9.218879e-09	-3.512706e+01	-5.487707e+02
2.840000e-06	-5.192089e-06	-9.526588e-09	-3.597417e+01	-5.670221e+02
2.850000e-06	-5.312479e-06	-9.813580e-09	-3.680831e+01	-5.839969e+02
2.860000e-06	-5.430905e-06	-1.008016e-08	-3.762884e+01	-5.997521e+02
2.870000e-06	-5.547177e-06	-1.032541e-08	-3.843445e+01	-6.143623e+02
2.880000e-06	-5.661173e-06	-1.055275e-08	-3.922428e+01	-6.279188e+02
2.890000e-06	-5.772864e-06	-1.076633e-08	-3.999815e+01	-6.405216e+02
2.900000e-06	-5.882387e-06	-1.096692e-08	-4.075700e+01	-6.522673e+02
2.910000e-06	-5.989917e-06	-1.115252e-08	-4.150204e+01	-6.632374e+02
2.920000e-06	-6.095447e-06	-1.132500e-08	-4.223321e+01	-6.734905e+02
2.930000e-06	-6.198837e-06	-1.148674e-08	-4.294957e+01	-6.830622e+02
2.940000e-06	-6.299896e-06	-1.163880e-08	-4.364977e+01	-6.919723e+02
2.950000e-06	-6.398678e-06	-1.177858e-08	-4.433420e+01	-7.002362e+02
2.960000e-06	-6.495344e-06	-1.190549e-08	-4.500396e+01	-7.078767e+02
2.970000e-06	-6.589817e-06	-1.202479e-08	-4.565853e+01	-7.149319e+02
2.980000e-06	-6.681885e-06	-1.213729e-08	-4.629644e+01	-7.214566e+02
2.990000e-06	-6.771552e-06	-1.224174e-08	-4.691771e+01	-7.275160e+02
3.000000e-06	-6.858860e-06	-1.233705e-08	-4.752263e+01	-7.331755e+02
3.010000e-06	-6.943691e-06	-1.242711e-08	-4.811040e+01	-7.384897e+02
3.020000e-06	-7.026064e-06	-1.251282e-08	-4.868113e+01	-7.434941e+02
3.030000e-06	-7.106008e-06	-1.259200e-08	-4.923504e+01	-7.482033e+02
3.040000e-06	-7.183267e-06	-1.266411e-08	-4.977034e+01	-7.526162e+02
3.050000e-06	-7.257756e-06	-1.273239e-08	-5.028645e+01	-7.567256e+02
3.060000e-06	-7.329630e-06	-1.279771e-08	-5.078443e+01	-7.605283e+02
3.070000e-06	-7.398840e-06	-1.285824e-08	-5.126397e+01	-7.640344e+02
3.080000e-06	-7.465422e-06	-1.291433e-08	-5.172529e+01	-7.672689e+02
3.090000e-06	-7.529428e-06	-1.296533e-08	-5.216877e+01	-7.702686e+02
3.100000e-06	-7.590763e-06	-1.301360e-08	-5.259373e+01	-7.730734e+02
3.110000e-06	-7.649389e-06	-1.305664e-08	-5.299994e+01	-7.757163e+02
3.120000e-06	-7.705230e-06	-1.309767e-08	-5.338684e+01	-7.782161e+02
3.130000e-06	-7.758092e-06	-1.313733e-08	-5.375310e+01	-7.805743e+02
3.140000e-06	-7.807807e-06	-1.317571e-08	-5.409756e+01	-7.827788e+02
3.150000e-06	-7.854468e-06	-1.321193e-08	-5.442085e+01	-7.848123e+02
3.160000e-06	-7.898516e-06	-1.324298e-08	-5.472605e+01	-7.866616e+02
3.170000e-06	-7.940110e-06	-1.326874e-08	-5.501424e+01	-7.883258e+02
3.180000e-06	-7.978928e-06	-1.329408e-08	-5.528320e+01	-7.898189e+02
3.190000e-06	-8.014918e-06	-1.331910e-08	-5.553256e+01	-7.911668e+02
3.200000e-06	-8.048204e-06	-1.334107e-08	-5.576318e+01	-7.923986e+02
3.210000e-06	-8.078582e-06	-1.336108e-08	-5.597367e+01	-7.935375e+02
3.220000e-06	-8.105992e-06	-1.337985e-08	-5.616358e+01	-7.945923e+02
3.230000e-06	-8.130601e-06	-1.339819e-08	-5.633408e+01	-7.955547e+02
3.240000e-06	-8.152267e-06	-1.341166e-08	-5.648420e+01	-7.964028e+02
3.250000e-06	-8.171063e-06	-1.342277e-08	-5.661443e+01	-7.971102e+02
3.260000e-06	-8.187022e-06	-1.343501e-08	-5.672501e+01	-7.976567e+02
3.270000e-06	-8.199829e-06	-1.344716e-08	-5.681374e+01	-7.980379e+02
3.280000e-06	-8.209586e-06	-1.345361e-08	-5.688135e+01	-7.982688e+02
3.290000e-06	-8.216375e-06	-1.345569e-08	-5.692838e+01	-7.983807e+02
3.300000e-06	-8.220227e-06	-1.345644e-08	-5.695507e+01	-7.984116e+02
3.310000e-06	-8.221331e-06	-1.345632e-08	-5.696272e+01	-7.983938e+02
