# Temperatura_=_32.68
# Concentracion g/m^3_=_11780.0
# C_Vs_to_Am_M_A/Vsm_=_59384043850.047264
# pendiente_HvsI_1/m_=_3716.3
# ordenada_HvsI_A/m_=_1297.0
# frecuencia_Hz_=_301379.91350208374

Tiempo_(s)	Campo_(V.s)	Magnetizacion_(V.s)	Campo_(kA/m)	Magnetizacion_(A/m)
0.000000e+00	-8.251383e-06	-1.345691e-08	-5.695633e+01	-7.983128e+02
1.000000e-08	-8.247895e-06	-1.344993e-08	-5.693225e+01	-7.982074e+02
2.000000e-08	-8.241740e-06	-1.344412e-08	-5.688977e+01	-7.980526e+02
3.000000e-08	-8.232879e-06	-1.343885e-08	-5.682861e+01	-7.978304e+02
4.000000e-08	-8.221118e-06	-1.343675e-08	-5.674742e+01	-7.975073e+02
5.000000e-08	-8.206318e-06	-1.343274e-08	-5.664526e+01	-7.970468e+02
6.000000e-08	-8.188672e-06	-1.343200e-08	-5.652346e+01	-7.964245e+02
7.000000e-08	-8.168582e-06	-1.343455e-08	-5.638478e+01	-7.956398e+02
8.000000e-08	-8.145731e-06	-1.335877e-08	-5.622705e+01	-7.947193e+02
9.000000e-08	-8.119533e-06	-1.328899e-08	-5.604622e+01	-7.937095e+02
1.000000e-07	-8.090042e-06	-1.331980e-08	-5.584265e+01	-7.926604e+02
1.100000e-07	-8.057629e-06	-1.335428e-08	-5.561891e+01	-7.916078e+02
1.200000e-07	-8.022468e-06	-1.333132e-08	-5.537621e+01	-7.905590e+02
1.300000e-07	-7.984874e-06	-1.331000e-08	-5.511672e+01	-7.894898e+02
1.400000e-07	-7.945092e-06	-1.335028e-08	-5.484212e+01	-7.883527e+02
1.500000e-07	-7.902689e-06	-1.326066e-08	-5.454942e+01	-7.870955e+02
1.600000e-07	-7.857371e-06	-1.324125e-08	-5.423660e+01	-7.856803e+02
1.700000e-07	-7.809276e-06	-1.322420e-08	-5.390462e+01	-7.840987e+02
1.800000e-07	-7.758097e-06	-1.308936e-08	-5.355135e+01	-7.823741e+02
1.900000e-07	-7.703835e-06	-1.314944e-08	-5.317680e+01	-7.805520e+02
2.000000e-07	-7.646774e-06	-1.314466e-08	-5.278293e+01	-7.786810e+02
2.100000e-07	-7.586974e-06	-1.311413e-08	-5.237015e+01	-7.767929e+02
2.200000e-07	-7.524574e-06	-1.306962e-08	-5.193943e+01	-7.748882e+02
2.300000e-07	-7.459372e-06	-1.299656e-08	-5.148936e+01	-7.729359e+02
2.400000e-07	-7.391318e-06	-1.301149e-08	-5.101961e+01	-7.708843e+02
2.500000e-07	-7.320574e-06	-1.293307e-08	-5.053129e+01	-7.686818e+02
2.600000e-07	-7.247030e-06	-1.286633e-08	-5.002364e+01	-7.662968e+02
2.700000e-07	-7.170657e-06	-1.283955e-08	-4.949646e+01	-7.637308e+02
2.800000e-07	-7.091472e-06	-1.285194e-08	-4.894988e+01	-7.610175e+02
2.900000e-07	-7.009673e-06	-1.280970e-08	-4.838525e+01	-7.582098e+02
3.000000e-07	-6.925548e-06	-1.270379e-08	-4.780457e+01	-7.553586e+02
3.100000e-07	-6.839087e-06	-1.267733e-08	-4.720776e+01	-7.524927e+02
3.200000e-07	-6.750188e-06	-1.262288e-08	-4.659412e+01	-7.496077e+02
3.300000e-07	-6.658831e-06	-1.258212e-08	-4.596352e+01	-7.466676e+02
3.400000e-07	-6.565173e-06	-1.252123e-08	-4.531703e+01	-7.436197e+02
3.500000e-07	-6.469231e-06	-1.245830e-08	-4.465477e+01	-7.404151e+02
3.600000e-07	-6.370836e-06	-1.242727e-08	-4.397559e+01	-7.370278e+02
3.700000e-07	-6.270087e-06	-1.237961e-08	-4.328016e+01	-7.334631e+02
3.800000e-07	-6.167119e-06	-1.230454e-08	-4.256941e+01	-7.297541e+02
3.900000e-07	-6.061885e-06	-1.220314e-08	-4.184301e+01	-7.259458e+02
4.000000e-07	-5.954445e-06	-1.216017e-08	-4.110139e+01	-7.220745e+02
4.100000e-07	-5.844950e-06	-1.211143e-08	-4.034559e+01	-7.181516e+02
4.200000e-07	-5.733365e-06	-1.203888e-08	-3.957535e+01	-7.141577e+02
4.300000e-07	-5.619569e-06	-1.195050e-08	-3.878986e+01	-7.100492e+02
4.400000e-07	-5.503596e-06	-1.188771e-08	-3.798935e+01	-7.057768e+02
4.500000e-07	-5.385497e-06	-1.183383e-08	-3.717415e+01	-7.013047e+02
4.600000e-07	-5.265407e-06	-1.174411e-08	-3.634521e+01	-6.966259e+02
4.700000e-07	-5.143478e-06	-1.164164e-08	-3.550358e+01	-6.917652e+02
4.800000e-07	-5.019697e-06	-1.155544e-08	-3.464916e+01	-6.867683e+02
4.900000e-07	-4.894100e-06	-1.149690e-08	-3.378221e+01	-6.816833e+02
5.000000e-07	-4.766775e-06	-1.141107e-08	-3.290333e+01	-6.765395e+02
5.100000e-07	-4.637763e-06	-1.130701e-08	-3.201281e+01	-6.713344e+02
5.200000e-07	-4.507028e-06	-1.121140e-08	-3.111039e+01	-6.660329e+02
5.300000e-07	-4.374588e-06	-1.113829e-08	-3.019621e+01	-6.605797e+02
5.400000e-07	-4.240598e-06	-1.104755e-08	-2.927132e+01	-6.549192e+02
5.500000e-07	-4.105117e-06	-1.092987e-08	-2.833615e+01	-6.490158e+02
5.600000e-07	-3.968132e-06	-1.082081e-08	-2.739059e+01	-6.428656e+02
5.700000e-07	-3.829627e-06	-1.073121e-08	-2.643454e+01	-6.364956e+02
5.800000e-07	-3.689489e-06	-1.063089e-08	-2.546721e+01	-6.299496e+02
5.900000e-07	-3.547869e-06	-1.050094e-08	-2.448966e+01	-6.232686e+02
6.000000e-07	-3.404944e-06	-1.037858e-08	-2.350310e+01	-6.164720e+02
6.100000e-07	-3.260698e-06	-1.027382e-08	-2.250742e+01	-6.095482e+02
6.200000e-07	-3.115191e-06	-1.016552e-08	-2.150304e+01	-6.024580e+02
6.300000e-07	-2.968589e-06	-1.003391e-08	-2.049110e+01	-5.951486e+02
6.400000e-07	-2.821071e-06	-9.898450e-09	-1.947284e+01	-5.875737e+02
6.500000e-07	-2.672656e-06	-9.774708e-09	-1.844838e+01	-5.797086e+02
6.600000e-07	-2.523329e-06	-9.647657e-09	-1.741764e+01	-5.715575e+02
6.700000e-07	-2.373140e-06	-9.499218e-09	-1.638093e+01	-5.631464e+02
6.800000e-07	-2.222104e-06	-9.342595e-09	-1.533839e+01	-5.545077e+02
6.900000e-07	-2.070231e-06	-9.200480e-09	-1.429006e+01	-5.456613e+02
7.000000e-07	-1.917597e-06	-9.059526e-09	-1.323649e+01	-5.366011e+02
7.100000e-07	-1.764303e-06	-8.901757e-09	-1.217835e+01	-5.272922e+02
7.200000e-07	-1.610429e-06	-8.728300e-09	-1.111622e+01	-5.176802e+02
7.300000e-07	-1.455968e-06	-8.558661e-09	-1.005002e+01	-5.077090e+02
7.400000e-07	-1.300962e-06	-8.391371e-09	-8.980070e+00	-4.973392e+02
7.500000e-07	-1.145439e-06	-8.209242e-09	-7.906556e+00	-4.865590e+02
7.600000e-07	-9.894777e-07	-8.015823e-09	-6.830009e+00	-4.753836e+02
7.700000e-07	-8.331976e-07	-7.824004e-09	-5.751264e+00	-4.638411e+02
7.800000e-07	-6.765653e-07	-7.635160e-09	-4.670087e+00	-4.519517e+02
7.900000e-07	-5.196798e-07	-7.433411e-09	-3.587163e+00	-4.397069e+02
8.000000e-07	-3.626875e-07	-7.212388e-09	-2.503502e+00	-4.270579e+02
8.100000e-07	-2.055574e-07	-6.983141e-09	-1.418889e+00	-4.139169e+02
8.200000e-07	-4.830014e-08	-6.752457e-09	-3.333985e-01	-4.001721e+02
8.300000e-07	1.089289e-07	-6.510727e-09	7.518967e-01	-3.857111e+02
8.400000e-07	2.660792e-07	-6.248392e-09	1.836649e+00	-3.704438e+02
8.500000e-07	4.231999e-07	-5.973820e-09	2.921197e+00	-3.543173e+02
8.600000e-07	5.801977e-07	-5.695334e-09	4.004896e+00	-3.373171e+02
8.700000e-07	7.369240e-07	-5.402890e-09	5.086721e+00	-3.194558e+02
8.800000e-07	8.933777e-07	-5.083907e-09	6.166665e+00	-3.007524e+02
8.900000e-07	1.049565e-06	-4.747393e-09	7.244772e+00	-2.812093e+02
9.000000e-07	1.205331e-06	-4.404336e-09	8.319969e+00	-2.607958e+02
9.100000e-07	1.360614e-06	-4.048656e-09	9.391827e+00	-2.394403e+02
9.200000e-07	1.515374e-06	-3.667943e-09	1.046008e+01	-2.170349e+02
9.300000e-07	1.669524e-06	-3.262632e-09	1.152412e+01	-1.934471e+02
9.400000e-07	1.823081e-06	-2.841305e-09	1.258407e+01	-1.685368e+02
9.500000e-07	1.976016e-06	-2.401456e-09	1.363973e+01	-1.421727e+02
9.600000e-07	2.128191e-06	-1.928849e-09	1.469014e+01	-1.142477e+02
9.700000e-07	2.279554e-06	-1.421422e-09	1.573494e+01	-8.469072e+01
9.800000e-07	2.430134e-06	-8.913859e-10	1.677434e+01	-5.347959e+01
9.900000e-07	2.579880e-06	-3.392926e-10	1.780798e+01	-2.065340e+01
1.000000e-06	2.728663e-06	2.408744e-10	1.883498e+01	1.367462e+01
1.010000e-06	2.876480e-06	8.512000e-10	1.985531e+01	4.930710e+01
1.020000e-06	3.023250e-06	1.475547e-09	2.086841e+01	8.595952e+01
1.030000e-06	3.168896e-06	2.102988e-09	2.187375e+01	1.232687e+02
1.040000e-06	3.313414e-06	2.735030e-09	2.287131e+01	1.608142e+02
1.050000e-06	3.456764e-06	3.369179e-09	2.386080e+01	1.981519e+02
1.060000e-06	3.598905e-06	3.993569e-09	2.484194e+01	2.348530e+02
1.070000e-06	3.739683e-06	4.592329e-09	2.581368e+01	2.705412e+02
1.080000e-06	3.878979e-06	5.168054e-09	2.677520e+01	3.049200e+02
1.090000e-06	4.016788e-06	5.724094e-09	2.772644e+01	3.377843e+02
1.100000e-06	4.153102e-06	6.254119e-09	2.866737e+01	3.690162e+02
1.110000e-06	4.287882e-06	6.748025e-09	2.959771e+01	3.985677e+02
1.120000e-06	4.421116e-06	7.210549e-09	3.051737e+01	4.264376e+02
1.130000e-06	4.552740e-06	7.652116e-09	3.142592e+01	4.526503e+02
1.140000e-06	4.682727e-06	8.069116e-09	3.232318e+01	4.772418e+02
1.150000e-06	4.811035e-06	8.456312e-09	3.320885e+01	5.002542e+02
1.160000e-06	4.937642e-06	8.814990e-09	3.408277e+01	5.217385e+02
1.170000e-06	5.062602e-06	9.152210e-09	3.494532e+01	5.417593e+02
1.180000e-06	5.185759e-06	9.468119e-09	3.579543e+01	5.603973e+02
1.190000e-06	5.307009e-06	9.758244e-09	3.663237e+01	5.777469e+02
1.200000e-06	5.426358e-06	1.002423e-08	3.745620e+01	5.939087e+02
1.210000e-06	5.543650e-06	1.027597e-08	3.826582e+01	6.089787e+02
1.220000e-06	5.658809e-06	1.051666e-08	3.906073e+01	6.230392e+02
1.230000e-06	5.771829e-06	1.073900e-08	3.984086e+01	6.361550e+02
1.240000e-06	5.882687e-06	1.094160e-08	4.060608e+01	6.483754e+02
1.250000e-06	5.991496e-06	1.113213e-08	4.135714e+01	6.597419e+02
1.260000e-06	6.098262e-06	1.131272e-08	4.209411e+01	6.702967e+02
1.270000e-06	6.202805e-06	1.147750e-08	4.281573e+01	6.800902e+02
1.280000e-06	6.305123e-06	1.162559e-08	4.352200e+01	6.891813e+02
1.290000e-06	6.405133e-06	1.176482e-08	4.421233e+01	6.976339e+02
1.300000e-06	6.502750e-06	1.189963e-08	4.488614e+01	7.055085e+02
1.310000e-06	6.598063e-06	1.202334e-08	4.554406e+01	7.128554e+02
1.320000e-06	6.691072e-06	1.213341e-08	4.618607e+01	7.197104e+02
1.330000e-06	6.781708e-06	1.223816e-08	4.681169e+01	7.260971e+02
1.340000e-06	6.869953e-06	1.234064e-08	4.742081e+01	7.320334e+02
1.350000e-06	6.955826e-06	1.243362e-08	4.801357e+01	7.375396e+02
1.360000e-06	7.039324e-06	1.251627e-08	4.858992e+01	7.426452e+02
1.370000e-06	7.120337e-06	1.259443e-08	4.914913e+01	7.473899e+02
1.380000e-06	7.198787e-06	1.267190e-08	4.969063e+01	7.518190e+02
1.390000e-06	7.274556e-06	1.274379e-08	5.021365e+01	7.559755e+02
1.400000e-06	7.347565e-06	1.280660e-08	5.071760e+01	7.598911e+02
1.410000e-06	7.417961e-06	1.286696e-08	5.120352e+01	7.635814e+02
1.420000e-06	7.485729e-06	1.292786e-08	5.167130e+01	7.670467e+02
1.430000e-06	7.550767e-06	1.298461e-08	5.212023e+01	7.702787e+02
1.440000e-06	7.613195e-06	1.303268e-08	5.255115e+01	7.732698e+02
1.450000e-06	7.673077e-06	1.307555e-08	5.296449e+01	7.760225e+02
1.460000e-06	7.730251e-06	1.311893e-08	5.335914e+01	7.785523e+02
1.470000e-06	7.784594e-06	1.316056e-08	5.373425e+01	7.808864e+02
1.480000e-06	7.835871e-06	1.319655e-08	5.408820e+01	7.830554e+02
1.490000e-06	7.883932e-06	1.322852e-08	5.441995e+01	7.850848e+02
1.500000e-06	7.929091e-06	1.325969e-08	5.473166e+01	7.869869e+02
1.510000e-06	7.971475e-06	1.328962e-08	5.502422e+01	7.887597e+02
1.520000e-06	8.010988e-06	1.331678e-08	5.529697e+01	7.903909e+02
1.530000e-06	8.047726e-06	1.334189e-08	5.555056e+01	7.918662e+02
1.540000e-06	8.081639e-06	1.336408e-08	5.578465e+01	7.931777e+02
1.550000e-06	8.112701e-06	1.338330e-08	5.599906e+01	7.943296e+02
1.560000e-06	8.141016e-06	1.339878e-08	5.619451e+01	7.953373e+02
1.570000e-06	8.166445e-06	1.341020e-08	5.637003e+01	7.962217e+02
1.580000e-06	8.188934e-06	1.342143e-08	5.652527e+01	7.970007e+02
1.590000e-06	8.208662e-06	1.343241e-08	5.666145e+01	7.976824e+02
1.600000e-06	8.225520e-06	1.344097e-08	5.677781e+01	7.982630e+02
1.610000e-06	8.239335e-06	1.344604e-08	5.687317e+01	7.987310e+02
1.620000e-06	8.249952e-06	1.345023e-08	5.694645e+01	7.990750e+02
1.630000e-06	8.257399e-06	1.345490e-08	5.699786e+01	7.992923e+02
1.640000e-06	8.261997e-06	1.345657e-08	5.702959e+01	7.993938e+02
1.650000e-06	8.263722e-06	1.345216e-08	5.704150e+01	7.994017e+02
1.660000e-06	8.262608e-06	1.345061e-08	5.703381e+01	7.993417e+02
1.670000e-06	8.258822e-06	1.345369e-08	5.700768e+01	7.992312e+02
1.680000e-06	8.252241e-06	1.345111e-08	5.696225e+01	7.990703e+02
1.690000e-06	8.242939e-06	1.344424e-08	5.689804e+01	7.988390e+02
1.700000e-06	8.230920e-06	1.343605e-08	5.681508e+01	7.985027e+02
1.710000e-06	8.216028e-06	1.342106e-08	5.671229e+01	7.980256e+02
1.720000e-06	8.198510e-06	1.338469e-08	5.659137e+01	7.973854e+02
1.730000e-06	8.178597e-06	1.339989e-08	5.645392e+01	7.965843e+02
1.740000e-06	8.155665e-06	1.347746e-08	5.629562e+01	7.956518e+02
1.750000e-06	8.128972e-06	1.343703e-08	5.611137e+01	7.946354e+02
1.760000e-06	8.098545e-06	1.335628e-08	5.590134e+01	7.935846e+02
1.770000e-06	8.065120e-06	1.333957e-08	5.567063e+01	7.925325e+02
1.780000e-06	8.029359e-06	1.328906e-08	5.542378e+01	7.914831e+02
1.790000e-06	7.991350e-06	1.322605e-08	5.516141e+01	7.904090e+02
1.800000e-06	7.951152e-06	1.332928e-08	5.488394e+01	7.892615e+02
1.810000e-06	7.908450e-06	1.323597e-08	5.458919e+01	7.879886e+02
1.820000e-06	7.863028e-06	1.319714e-08	5.427566e+01	7.865553e+02
1.830000e-06	7.814847e-06	1.329805e-08	5.394308e+01	7.849567e+02
1.840000e-06	7.763411e-06	1.316135e-08	5.358803e+01	7.832191e+02
1.850000e-06	7.708925e-06	1.319092e-08	5.321193e+01	7.813895e+02
1.860000e-06	7.651656e-06	1.306094e-08	5.281663e+01	7.795156e+02
1.870000e-06	7.591677e-06	1.304452e-08	5.240261e+01	7.776261e+02
1.880000e-06	7.529122e-06	1.310687e-08	5.197082e+01	7.757183e+02
1.890000e-06	7.463752e-06	1.299508e-08	5.151960e+01	7.737579e+02
1.900000e-06	7.395627e-06	1.303976e-08	5.104936e+01	7.716924e+02
1.910000e-06	7.324569e-06	1.295057e-08	5.055887e+01	7.694712e+02
1.920000e-06	7.250613e-06	1.293298e-08	5.004837e+01	7.670660e+02
1.930000e-06	7.173937e-06	1.285953e-08	4.951911e+01	7.644820e+02
1.940000e-06	7.094511e-06	1.277652e-08	4.897086e+01	7.617559e+02
1.950000e-06	7.012615e-06	1.278877e-08	4.840556e+01	7.589412e+02
1.960000e-06	6.928207e-06	1.270873e-08	4.782292e+01	7.560875e+02
1.970000e-06	6.841209e-06	1.273560e-08	4.722240e+01	7.532203e+02
1.980000e-06	6.751749e-06	1.263463e-08	4.660489e+01	7.503315e+02
1.990000e-06	6.659968e-06	1.257360e-08	4.597136e+01	7.473824e+02
2.000000e-06	6.565836e-06	1.252256e-08	4.532160e+01	7.443197e+02
2.010000e-06	6.469321e-06	1.245535e-08	4.465540e+01	7.410962e+02
2.020000e-06	6.370597e-06	1.240949e-08	4.397394e+01	7.376889e+02
2.030000e-06	6.269540e-06	1.232682e-08	4.327638e+01	7.341068e+02
2.040000e-06	6.166150e-06	1.231713e-08	4.256271e+01	7.303849e+02
2.050000e-06	6.060585e-06	1.224208e-08	4.183404e+01	7.265683e+02
2.060000e-06	5.952969e-06	1.218031e-08	4.109120e+01	7.226914e+02
2.070000e-06	5.843240e-06	1.207829e-08	4.033378e+01	7.187624e+02
2.080000e-06	5.731288e-06	1.201738e-08	3.956102e+01	7.147584e+02
2.090000e-06	5.617158e-06	1.195376e-08	3.877322e+01	7.106346e+02
2.100000e-06	5.500874e-06	1.187801e-08	3.797055e+01	7.063419e+02
2.110000e-06	5.382444e-06	1.180433e-08	3.715308e+01	7.018474e+02
2.120000e-06	5.261926e-06	1.173071e-08	3.632118e+01	6.971474e+02
2.130000e-06	5.139582e-06	1.166845e-08	3.547668e+01	6.922695e+02
2.140000e-06	5.015417e-06	1.156985e-08	3.461962e+01	6.872610e+02
2.150000e-06	4.889424e-06	1.147962e-08	3.374993e+01	6.821687e+02
2.160000e-06	4.761646e-06	1.138183e-08	3.286793e+01	6.770189e+02
2.170000e-06	4.632182e-06	1.130961e-08	3.197429e+01	6.718056e+02
2.180000e-06	4.501134e-06	1.121390e-08	3.106971e+01	6.664907e+02
2.190000e-06	4.368493e-06	1.111891e-08	3.015414e+01	6.610177e+02
2.200000e-06	4.234263e-06	1.102061e-08	2.922759e+01	6.553322e+02
2.210000e-06	4.098443e-06	1.093196e-08	2.829008e+01	6.494019e+02
2.220000e-06	3.961098e-06	1.082968e-08	2.734204e+01	6.432264e+02
2.230000e-06	3.822276e-06	1.071434e-08	2.638380e+01	6.368352e+02
2.240000e-06	3.682061e-06	1.060352e-08	2.541594e+01	6.302729e+02
2.250000e-06	3.540454e-06	1.049388e-08	2.443848e+01	6.235790e+02
2.260000e-06	3.397499e-06	1.038173e-08	2.345171e+01	6.167698e+02
2.270000e-06	3.253282e-06	1.025154e-08	2.245624e+01	6.098304e+02
2.280000e-06	3.107888e-06	1.012879e-08	2.145263e+01	6.027192e+02
2.290000e-06	2.961375e-06	1.000852e-08	2.044131e+01	5.953832e+02
2.300000e-06	2.813885e-06	9.890107e-09	1.942324e+01	5.877778e+02
2.310000e-06	2.665524e-06	9.753954e-09	1.839915e+01	5.798813e+02
2.320000e-06	2.516217e-06	9.613548e-09	1.736854e+01	5.717007e+02
2.330000e-06	2.365967e-06	9.474666e-09	1.633142e+01	5.632637e+02
2.340000e-06	2.214825e-06	9.331152e-09	1.528814e+01	5.546021e+02
2.350000e-06	2.062877e-06	9.174533e-09	1.423930e+01	5.457335e+02
2.360000e-06	1.910234e-06	9.012007e-09	1.318566e+01	5.366487e+02
2.370000e-06	1.756933e-06	8.856515e-09	1.212748e+01	5.273100e+02
2.380000e-06	1.603000e-06	8.703471e-09	1.106493e+01	5.176620e+02
2.390000e-06	1.448484e-06	8.537235e-09	9.998366e+00	5.076495e+02
2.400000e-06	1.293449e-06	8.359898e-09	8.928212e+00	4.972357e+02
2.410000e-06	1.137922e-06	8.178508e-09	7.854663e+00	4.864120e+02
2.420000e-06	9.819846e-07	7.990009e-09	6.778286e+00	4.751957e+02
2.430000e-06	8.256845e-07	7.788426e-09	5.699403e+00	4.636153e+02
2.440000e-06	6.690502e-07	7.577479e-09	4.618213e+00	4.516888e+02
2.450000e-06	5.121767e-07	7.372996e-09	3.535372e+00	4.394038e+02
2.460000e-06	3.551410e-07	7.168107e-09	2.451411e+00	4.267068e+02
2.470000e-06	1.980007e-07	6.952105e-09	1.366728e+00	4.135065e+02
2.480000e-06	4.081692e-08	6.716498e-09	2.817445e-01	3.996901e+02
2.490000e-06	-1.163664e-07	6.470737e-09	-8.032355e-01	3.851464e+02
2.500000e-06	-2.735153e-07	6.214549e-09	-1.887978e+00	3.697888e+02
2.510000e-06	-4.305296e-07	5.940844e-09	-2.971791e+00	3.535686e+02
2.520000e-06	-5.873968e-07	5.648717e-09	-4.054589e+00	3.364751e+02
2.530000e-06	-7.440477e-07	5.344627e-09	-5.135894e+00	3.185228e+02
2.540000e-06	-9.004257e-07	5.033431e-09	-6.215315e+00	2.997297e+02
2.550000e-06	-1.056447e-06	4.706626e-09	-7.292275e+00	2.800954e+02
2.560000e-06	-1.212031e-06	4.359831e-09	-8.366214e+00	2.595850e+02
2.570000e-06	-1.367144e-06	3.995868e-09	-9.436901e+00	2.381227e+02
2.580000e-06	-1.521720e-06	3.618110e-09	-1.050389e+01	2.155971e+02
2.590000e-06	-1.675796e-06	3.222024e-09	-1.156742e+01	1.918742e+02
2.600000e-06	-1.829258e-06	2.800100e-09	-1.262671e+01	1.668140e+02
2.610000e-06	-1.982021e-06	2.353039e-09	-1.368118e+01	1.402873e+02
2.620000e-06	-2.134084e-06	1.885557e-09	-1.473081e+01	1.121899e+02
2.630000e-06	-2.285325e-06	1.391791e-09	-1.577478e+01	8.245571e+01
2.640000e-06	-2.435705e-06	8.660692e-10	-1.681280e+01	5.106838e+01
2.650000e-06	-2.585260e-06	3.113083e-10	-1.784512e+01	1.807437e+01
2.660000e-06	-2.733919e-06	-2.652472e-10	-1.887126e+01	-1.640449e+01
2.670000e-06	-2.881592e-06	-8.620311e-10	-1.989059e+01	-5.216144e+01
2.680000e-06	-3.028250e-06	-1.478914e-09	-2.090292e+01	-8.890292e+01
2.690000e-06	-3.173856e-06	-2.108302e-09	-2.190798e+01	-1.262583e+02
2.700000e-06	-3.318337e-06	-2.737429e-09	-2.290529e+01	-1.638030e+02
2.710000e-06	-3.461525e-06	-3.360262e-09	-2.389366e+01	-2.010924e+02
2.720000e-06	-3.603334e-06	-3.975293e-09	-2.487252e+01	-2.377019e+02
2.730000e-06	-3.743765e-06	-4.575053e-09	-2.584187e+01	-2.732625e+02
2.740000e-06	-3.882770e-06	-5.150271e-09	-2.680137e+01	-3.074872e+02
2.750000e-06	-4.020357e-06	-5.697845e-09	-2.775108e+01	-3.401810e+02
2.760000e-06	-4.156489e-06	-6.220755e-09	-2.869075e+01	-3.712342e+02
2.770000e-06	-4.291106e-06	-6.718603e-09	-2.961996e+01	-4.006050e+02
2.780000e-06	-4.424200e-06	-7.187497e-09	-3.053866e+01	-4.282960e+02
2.790000e-06	-4.555718e-06	-7.624768e-09	-3.144648e+01	-4.543332e+02
2.800000e-06	-4.685637e-06	-8.036261e-09	-3.234327e+01	-4.787534e+02
2.810000e-06	-4.813938e-06	-8.425696e-09	-3.322888e+01	-5.015996e+02
2.820000e-06	-4.940507e-06	-8.787928e-09	-3.410255e+01	-5.229238e+02
2.830000e-06	-5.065350e-06	-9.121701e-09	-3.496429e+01	-5.427924e+02
2.840000e-06	-5.188423e-06	-9.432249e-09	-3.581382e+01	-5.612877e+02
2.850000e-06	-5.309616e-06	-9.724053e-09	-3.665037e+01	-5.785053e+02
2.860000e-06	-5.428863e-06	-9.994666e-09	-3.747349e+01	-5.945458e+02
2.870000e-06	-5.545990e-06	-1.024523e-08	-3.828198e+01	-6.095041e+02
2.880000e-06	-5.660776e-06	-1.048117e-08	-3.907430e+01	-6.234607e+02
2.890000e-06	-5.773269e-06	-1.070429e-08	-3.985080e+01	-6.364785e+02
2.900000e-06	-5.883637e-06	-1.091185e-08	-4.061263e+01	-6.486056e+02
2.910000e-06	-5.991901e-06	-1.110038e-08	-4.135994e+01	-6.598830e+02
2.920000e-06	-6.098132e-06	-1.127306e-08	-4.209321e+01	-6.703538e+02
2.930000e-06	-6.202252e-06	-1.143698e-08	-4.281192e+01	-6.800692e+02
2.940000e-06	-6.304137e-06	-1.159287e-08	-4.351519e+01	-6.890889e+02
2.950000e-06	-6.403758e-06	-1.173663e-08	-4.420284e+01	-6.974768e+02
2.960000e-06	-6.501157e-06	-1.186836e-08	-4.487515e+01	-7.052928e+02
2.970000e-06	-6.596332e-06	-1.199164e-08	-4.553211e+01	-7.125856e+02
2.980000e-06	-6.689152e-06	-1.210787e-08	-4.617281e+01	-7.193896e+02
2.990000e-06	-6.779596e-06	-1.221441e-08	-4.679711e+01	-7.257273e+02
3.000000e-06	-6.867664e-06	-1.231177e-08	-4.740502e+01	-7.316165e+02
3.010000e-06	-6.953300e-06	-1.240421e-08	-4.799613e+01	-7.370782e+02
3.020000e-06	-7.036498e-06	-1.249416e-08	-4.857041e+01	-7.421432e+02
3.030000e-06	-7.117248e-06	-1.257688e-08	-4.912780e+01	-7.468519e+02
3.040000e-06	-7.195326e-06	-1.265009e-08	-4.966675e+01	-7.512500e+02
3.050000e-06	-7.270626e-06	-1.271699e-08	-5.018652e+01	-7.553795e+02
3.060000e-06	-7.343284e-06	-1.278045e-08	-5.068805e+01	-7.592706e+02
3.070000e-06	-7.413338e-06	-1.284034e-08	-5.117160e+01	-7.629371e+02
3.080000e-06	-7.480695e-06	-1.289655e-08	-5.163655e+01	-7.663780e+02
3.090000e-06	-7.545417e-06	-1.295127e-08	-5.208330e+01	-7.695844e+02
3.100000e-06	-7.607517e-06	-1.300497e-08	-5.251195e+01	-7.725498e+02
3.110000e-06	-7.666901e-06	-1.305320e-08	-5.292186e+01	-7.752776e+02
3.120000e-06	-7.723522e-06	-1.309342e-08	-5.331269e+01	-7.777851e+02
3.130000e-06	-7.777229e-06	-1.313118e-08	-5.368341e+01	-7.801002e+02
3.140000e-06	-7.827830e-06	-1.316997e-08	-5.403270e+01	-7.822533e+02
3.150000e-06	-7.875307e-06	-1.320604e-08	-5.436041e+01	-7.842688e+02
3.160000e-06	-7.920002e-06	-1.323609e-08	-5.466893e+01	-7.861574e+02
3.170000e-06	-7.962204e-06	-1.326224e-08	-5.496023e+01	-7.879159e+02
3.180000e-06	-8.001761e-06	-1.329023e-08	-5.523328e+01	-7.895311e+02
3.190000e-06	-8.038482e-06	-1.331923e-08	-5.548675e+01	-7.909891e+02
3.200000e-06	-8.072423e-06	-1.334132e-08	-5.572104e+01	-7.922831e+02
3.210000e-06	-8.103471e-06	-1.335866e-08	-5.593535e+01	-7.934188e+02
3.220000e-06	-8.131530e-06	-1.337589e-08	-5.612903e+01	-7.944124e+02
3.230000e-06	-8.156763e-06	-1.339418e-08	-5.630320e+01	-7.952848e+02
3.240000e-06	-8.179102e-06	-1.340935e-08	-5.645740e+01	-7.960533e+02
3.250000e-06	-8.198524e-06	-1.341980e-08	-5.659146e+01	-7.967246e+02
3.260000e-06	-8.215042e-06	-1.343047e-08	-5.670548e+01	-7.972939e+02
3.270000e-06	-8.228439e-06	-1.344267e-08	-5.679796e+01	-7.977491e+02
3.280000e-06	-8.238773e-06	-1.345080e-08	-5.686929e+01	-7.980795e+02
3.290000e-06	-8.246164e-06	-1.345299e-08	-5.692030e+01	-7.982837e+02
3.300000e-06	-8.250604e-06	-1.345251e-08	-5.695096e+01	-7.983741e+02
3.310000e-06	-8.252265e-06	-1.345637e-08	-5.696242e+01	-7.983736e+02
