# Temperatura_=_43.39
# Concentracion g/m^3_=_11780.0
# C_Vs_to_Am_M_A/Vsm_=_59384043850.047264
# pendiente_HvsI_1/m_=_3716.3
# ordenada_HvsI_A/m_=_1297.0
# frecuencia_Hz_=_301386.998308445

Tiempo_(s)	Campo_(V.s)	Magnetizacion_(V.s)	Campo_(kA/m)	Magnetizacion_(A/m)
0.000000e+00	-8.232679e-06	-1.354222e-08	-5.695010e+01	-8.030027e+02
1.000000e-08	-8.228880e-06	-1.353915e-08	-5.692382e+01	-8.028862e+02
2.000000e-08	-8.222498e-06	-1.353689e-08	-5.687967e+01	-8.026605e+02
3.000000e-08	-8.213332e-06	-1.353023e-08	-5.681627e+01	-8.023176e+02
4.000000e-08	-8.201235e-06	-1.352344e-08	-5.673258e+01	-8.018556e+02
5.000000e-08	-8.186093e-06	-1.351590e-08	-5.662784e+01	-8.012784e+02
6.000000e-08	-8.168097e-06	-1.351454e-08	-5.650335e+01	-8.005957e+02
7.000000e-08	-8.147690e-06	-1.350709e-08	-5.636218e+01	-7.998207e+02
8.000000e-08	-8.124508e-06	-1.343388e-08	-5.620182e+01	-7.989677e+02
9.000000e-08	-8.097996e-06	-1.339768e-08	-5.601842e+01	-7.980493e+02
1.000000e-07	-8.068278e-06	-1.342877e-08	-5.581284e+01	-7.970728e+02
1.100000e-07	-8.035640e-06	-1.343995e-08	-5.558707e+01	-7.960390e+02
1.200000e-07	-8.000184e-06	-1.341597e-08	-5.534180e+01	-7.949419e+02
1.300000e-07	-7.962390e-06	-1.340196e-08	-5.508035e+01	-7.937705e+02
1.400000e-07	-7.922505e-06	-1.341198e-08	-5.480445e+01	-7.925127e+02
1.500000e-07	-7.879971e-06	-1.332874e-08	-5.451022e+01	-7.911601e+02
1.600000e-07	-7.834442e-06	-1.333678e-08	-5.419527e+01	-7.897111e+02
1.700000e-07	-7.786128e-06	-1.327497e-08	-5.386105e+01	-7.881718e+02
1.800000e-07	-7.734719e-06	-1.320343e-08	-5.350543e+01	-7.865538e+02
1.900000e-07	-7.680295e-06	-1.325946e-08	-5.312894e+01	-7.848688e+02
2.000000e-07	-7.623128e-06	-1.321226e-08	-5.273349e+01	-7.831227e+02
2.100000e-07	-7.563197e-06	-1.319566e-08	-5.231891e+01	-7.813104e+02
2.200000e-07	-7.500675e-06	-1.313022e-08	-5.188641e+01	-7.794156e+02
2.300000e-07	-7.435344e-06	-1.309375e-08	-5.143448e+01	-7.774140e+02
2.400000e-07	-7.367198e-06	-1.308015e-08	-5.096308e+01	-7.752809e+02
2.500000e-07	-7.296418e-06	-1.300002e-08	-5.047346e+01	-7.729997e+02
2.600000e-07	-7.222825e-06	-1.295982e-08	-4.996437e+01	-7.705691e+02
2.700000e-07	-7.146335e-06	-1.293198e-08	-4.943525e+01	-7.680039e+02
2.800000e-07	-7.066984e-06	-1.292769e-08	-4.888633e+01	-7.653313e+02
2.900000e-07	-6.985012e-06	-1.286310e-08	-4.831928e+01	-7.625813e+02
3.000000e-07	-6.900748e-06	-1.279085e-08	-4.773638e+01	-7.597756e+02
3.100000e-07	-6.814243e-06	-1.275310e-08	-4.713797e+01	-7.569193e+02
3.200000e-07	-6.725356e-06	-1.269540e-08	-4.652309e+01	-7.539982e+02
3.300000e-07	-6.634007e-06	-1.265792e-08	-4.589118e+01	-7.509834e+02
3.400000e-07	-6.540343e-06	-1.259184e-08	-4.524325e+01	-7.478417e+02
3.500000e-07	-6.444320e-06	-1.254126e-08	-4.457901e+01	-7.445477e+02
3.600000e-07	-6.345841e-06	-1.250123e-08	-4.389777e+01	-7.410930e+02
3.700000e-07	-6.245061e-06	-1.244165e-08	-4.320062e+01	-7.374889e+02
3.800000e-07	-6.142071e-06	-1.236003e-08	-4.248818e+01	-7.337610e+02
3.900000e-07	-6.036822e-06	-1.227440e-08	-4.176011e+01	-7.299384e+02
4.000000e-07	-5.929369e-06	-1.222808e-08	-4.101680e+01	-7.260407e+02
4.100000e-07	-5.819874e-06	-1.217424e-08	-4.025936e+01	-7.220687e+02
4.200000e-07	-5.708301e-06	-1.210467e-08	-3.948755e+01	-7.180030e+02
4.300000e-07	-5.594580e-06	-1.202449e-08	-3.870088e+01	-7.138105e+02
4.400000e-07	-5.478652e-06	-1.196070e-08	-3.789894e+01	-7.094569e+02
4.500000e-07	-5.360555e-06	-1.188894e-08	-3.708199e+01	-7.049202e+02
4.600000e-07	-5.240462e-06	-1.179450e-08	-3.625124e+01	-7.001998e+02
4.700000e-07	-5.118559e-06	-1.170135e-08	-3.540797e+01	-6.953166e+02
4.800000e-07	-4.994863e-06	-1.162450e-08	-3.455229e+01	-6.903046e+02
4.900000e-07	-4.869335e-06	-1.155640e-08	-3.368395e+01	-6.851965e+02
5.000000e-07	-4.742063e-06	-1.146971e-08	-3.280353e+01	-6.800092e+02
5.100000e-07	-4.613095e-06	-1.137071e-08	-3.191139e+01	-6.747349e+02
5.200000e-07	-4.482466e-06	-1.127700e-08	-3.100776e+01	-6.693416e+02
5.300000e-07	-4.350117e-06	-1.119195e-08	-3.009222e+01	-6.637835e+02
5.400000e-07	-4.216209e-06	-1.109150e-08	-2.916591e+01	-6.580165e+02
5.500000e-07	-4.080888e-06	-1.097744e-08	-2.822981e+01	-6.520138e+02
5.600000e-07	-3.944093e-06	-1.087326e-08	-2.728353e+01	-6.457747e+02
5.700000e-07	-3.805817e-06	-1.077927e-08	-2.632699e+01	-6.393231e+02
5.800000e-07	-3.665967e-06	-1.067350e-08	-2.535957e+01	-6.326968e+02
5.900000e-07	-3.524556e-06	-1.055033e-08	-2.438135e+01	-6.259299e+02
6.000000e-07	-3.381751e-06	-1.043119e-08	-2.339349e+01	-6.190382e+02
6.100000e-07	-3.237653e-06	-1.031963e-08	-2.239668e+01	-6.120106e+02
6.200000e-07	-3.092275e-06	-1.020001e-08	-2.139102e+01	-6.048113e+02
6.300000e-07	-2.945818e-06	-1.006798e-08	-2.037789e+01	-5.973922e+02
6.400000e-07	-2.798494e-06	-9.935025e-09	-1.935876e+01	-5.897091e+02
6.500000e-07	-2.650264e-06	-9.808625e-09	-1.833338e+01	-5.817367e+02
6.600000e-07	-2.501151e-06	-9.674439e-09	-1.730188e+01	-5.734749e+02
6.700000e-07	-2.351199e-06	-9.526659e-09	-1.626457e+01	-5.649448e+02
6.800000e-07	-2.200433e-06	-9.372728e-09	-1.522164e+01	-5.561750e+02
6.900000e-07	-2.048943e-06	-9.224487e-09	-1.417370e+01	-5.471855e+02
7.000000e-07	-1.896680e-06	-9.074452e-09	-1.312041e+01	-5.379737e+02
7.100000e-07	-1.743660e-06	-8.911652e-09	-1.206188e+01	-5.285109e+02
7.200000e-07	-1.590056e-06	-8.740546e-09	-1.099932e+01	-5.187492e+02
7.300000e-07	-1.435936e-06	-8.570097e-09	-9.933183e+00	-5.086364e+02
7.400000e-07	-1.281300e-06	-8.399030e-09	-8.863476e+00	-4.981333e+02
7.500000e-07	-1.126144e-06	-8.214918e-09	-7.790176e+00	-4.872253e+02
7.600000e-07	-9.705015e-07	-8.022785e-09	-6.713508e+00	-4.759223e+02
7.700000e-07	-8.144291e-07	-7.827922e-09	-5.633867e+00	-4.642468e+02
7.800000e-07	-6.580480e-07	-7.630469e-09	-4.552090e+00	-4.522141e+02
7.900000e-07	-5.014865e-07	-7.422435e-09	-3.469066e+00	-4.398111e+02
8.000000e-07	-3.447979e-07	-7.200543e-09	-2.385162e+00	-4.269830e+02
8.100000e-07	-1.879350e-07	-6.969992e-09	-1.300052e+00	-4.136341e+02
8.200000e-07	-3.092779e-08	-6.733465e-09	-2.139450e-01	-3.996426e+02
8.300000e-07	1.260088e-07	-6.487289e-09	8.716738e-01	-3.848852e+02
8.400000e-07	2.828338e-07	-6.222485e-09	1.956521e+00	-3.692637e+02
8.500000e-07	4.396315e-07	-5.942946e-09	3.041180e+00	-3.527230e+02
8.600000e-07	5.962519e-07	-5.653415e-09	4.124612e+00	-3.352551e+02
8.700000e-07	7.525803e-07	-5.346761e-09	5.206024e+00	-3.168856e+02
8.800000e-07	9.086650e-07	-5.016653e-09	6.285750e+00	-2.976486e+02
8.900000e-07	1.064452e-06	-4.673136e-09	7.363414e+00	-2.775566e+02
9.000000e-07	1.219779e-06	-4.322074e-09	8.437902e+00	-2.565764e+02
9.100000e-07	1.374579e-06	-3.956011e-09	9.508741e+00	-2.346173e+02
9.200000e-07	1.528858e-06	-3.565166e-09	1.057598e+01	-2.115360e+02
9.300000e-07	1.682636e-06	-3.148506e-09	1.163975e+01	-1.871564e+02
9.400000e-07	1.835836e-06	-2.711279e-09	1.269952e+01	-1.612974e+02
9.500000e-07	1.988297e-06	-2.248843e-09	1.375418e+01	-1.338027e+02
9.600000e-07	2.140001e-06	-1.751162e-09	1.480360e+01	-1.045649e+02
9.700000e-07	2.290945e-06	-1.218926e-09	1.584776e+01	-7.354294e+01
9.800000e-07	2.441069e-06	-6.633417e-10	1.688626e+01	-4.076966e+01
9.900000e-07	2.590360e-06	-8.679473e-11	1.791899e+01	-6.355051e+00
1.000000e-06	2.738707e-06	5.172324e-10	1.894519e+01	2.951405e+01
1.010000e-06	2.886066e-06	1.149892e-09	1.996455e+01	6.657582e+01
1.020000e-06	3.032468e-06	1.795729e-09	2.097730e+01	1.044979e+02
1.030000e-06	3.177812e-06	2.442176e-09	2.198273e+01	1.428872e+02
1.040000e-06	3.321965e-06	3.088137e-09	2.297991e+01	1.813078e+02
1.050000e-06	3.464900e-06	3.732338e-09	2.396868e+01	2.193084e+02
1.060000e-06	3.606554e-06	4.362706e-09	2.494857e+01	2.564565e+02
1.070000e-06	3.746822e-06	4.965630e-09	2.591889e+01	2.923738e+02
1.080000e-06	3.885624e-06	5.540123e-09	2.687906e+01	3.267662e+02
1.090000e-06	4.022913e-06	6.090920e-09	2.782876e+01	3.594398e+02
1.100000e-06	4.158713e-06	6.612672e-09	2.876817e+01	3.903009e+02
1.110000e-06	4.293003e-06	7.097934e-09	2.969713e+01	4.193391e+02
1.120000e-06	4.425747e-06	7.550895e-09	3.061539e+01	4.466001e+02
1.130000e-06	4.556875e-06	7.981408e-09	3.152248e+01	4.721555e+02
1.140000e-06	4.686368e-06	8.388404e-09	3.241826e+01	4.960790e+02
1.150000e-06	4.814245e-06	8.764901e-09	3.330286e+01	5.184338e+02
1.160000e-06	4.940440e-06	9.111279e-09	3.417582e+01	5.392729e+02
1.170000e-06	5.064886e-06	9.433798e-09	3.503668e+01	5.586485e+02
1.180000e-06	5.187568e-06	9.735721e-09	3.588534e+01	5.766249e+02
1.190000e-06	5.308426e-06	1.001122e-08	3.672138e+01	5.932863e+02
1.200000e-06	5.427333e-06	1.026469e-08	3.754393e+01	6.087375e+02
1.210000e-06	5.544158e-06	1.050612e-08	3.835208e+01	6.230942e+02
1.220000e-06	5.658817e-06	1.073754e-08	3.914524e+01	6.364686e+02
1.230000e-06	5.771345e-06	1.095093e-08	3.992366e+01	6.489545e+02
1.240000e-06	5.881815e-06	1.114478e-08	4.068784e+01	6.606187e+02
1.250000e-06	5.990247e-06	1.132549e-08	4.143793e+01	6.715010e+02
1.260000e-06	6.096540e-06	1.149485e-08	4.217322e+01	6.816237e+02
1.270000e-06	6.200570e-06	1.165064e-08	4.289285e+01	6.910060e+02
1.280000e-06	6.302385e-06	1.179383e-08	4.359716e+01	6.996773e+02
1.290000e-06	6.401936e-06	1.192926e-08	4.428582e+01	7.076856e+02
1.300000e-06	6.499095e-06	1.205755e-08	4.495792e+01	7.150962e+02
1.310000e-06	6.593906e-06	1.217476e-08	4.561378e+01	7.219832e+02
1.320000e-06	6.686445e-06	1.227856e-08	4.625393e+01	7.284167e+02
1.330000e-06	6.776705e-06	1.237704e-08	4.687830e+01	7.344505e+02
1.340000e-06	6.864549e-06	1.247337e-08	4.748597e+01	7.401168e+02
1.350000e-06	6.950011e-06	1.256259e-08	4.807716e+01	7.454277e+02
1.360000e-06	7.033126e-06	1.264345e-08	4.865211e+01	7.503838e+02
1.370000e-06	7.113715e-06	1.271953e-08	4.920959e+01	7.549861e+02
1.380000e-06	7.191666e-06	1.279448e-08	4.974882e+01	7.592459e+02
1.390000e-06	7.266925e-06	1.286429e-08	5.026943e+01	7.631893e+02
1.400000e-06	7.339479e-06	1.292521e-08	5.077133e+01	7.668542e+02
1.410000e-06	7.409435e-06	1.297988e-08	5.125525e+01	7.702825e+02
1.420000e-06	7.476810e-06	1.303249e-08	5.172133e+01	7.735096e+02
1.430000e-06	7.541464e-06	1.308325e-08	5.216857e+01	7.765564e+02
1.440000e-06	7.603474e-06	1.313111e-08	5.259753e+01	7.794270e+02
1.450000e-06	7.662879e-06	1.317561e-08	5.300847e+01	7.821123e+02
1.460000e-06	7.719582e-06	1.321853e-08	5.340072e+01	7.845986e+02
1.470000e-06	7.773515e-06	1.325921e-08	5.377380e+01	7.868769e+02
1.480000e-06	7.824342e-06	1.329324e-08	5.412540e+01	7.889503e+02
1.490000e-06	7.871967e-06	1.332041e-08	5.445485e+01	7.908351e+02
1.500000e-06	7.916736e-06	1.334635e-08	5.476455e+01	7.925577e+02
1.510000e-06	7.958693e-06	1.337478e-08	5.505478e+01	7.941464e+02
1.520000e-06	7.997771e-06	1.340137e-08	5.532511e+01	7.956233e+02
1.530000e-06	8.034154e-06	1.342409e-08	5.557679e+01	7.969982e+02
1.540000e-06	8.067745e-06	1.344456e-08	5.580916e+01	7.982675e+02
1.550000e-06	8.098442e-06	1.346345e-08	5.602151e+01	7.994180e+02
1.560000e-06	8.126351e-06	1.347903e-08	5.621457e+01	8.004333e+02
1.570000e-06	8.151364e-06	1.348983e-08	5.638760e+01	8.013015e+02
1.580000e-06	8.173486e-06	1.350055e-08	5.654062e+01	8.020203e+02
1.590000e-06	8.192895e-06	1.351137e-08	5.667489e+01	8.025987e+02
1.600000e-06	8.209426e-06	1.351868e-08	5.678924e+01	8.030541e+02
1.610000e-06	8.222850e-06	1.352128e-08	5.688211e+01	8.034077e+02
1.620000e-06	8.233095e-06	1.352345e-08	5.695298e+01	8.036782e+02
1.630000e-06	8.240237e-06	1.352770e-08	5.700238e+01	8.038773e+02
1.640000e-06	8.244509e-06	1.353062e-08	5.703193e+01	8.040078e+02
1.650000e-06	8.245892e-06	1.352708e-08	5.704150e+01	8.040643e+02
1.660000e-06	8.244459e-06	1.352682e-08	5.703159e+01	8.040353e+02
1.670000e-06	8.240347e-06	1.352392e-08	5.700314e+01	8.039076e+02
1.680000e-06	8.233464e-06	1.351801e-08	5.695553e+01	8.036695e+02
1.690000e-06	8.223894e-06	1.351113e-08	5.688933e+01	8.033138e+02
1.700000e-06	8.211485e-06	1.349948e-08	5.680349e+01	8.028391e+02
1.710000e-06	8.196208e-06	1.348258e-08	5.669781e+01	8.022500e+02
1.720000e-06	8.178464e-06	1.345021e-08	5.657507e+01	8.015567e+02
1.730000e-06	8.158341e-06	1.349375e-08	5.643586e+01	8.007726e+02
1.740000e-06	8.135123e-06	1.352681e-08	5.627525e+01	7.999121e+02
1.750000e-06	8.108065e-06	1.346926e-08	5.608807e+01	7.989871e+02
1.760000e-06	8.077282e-06	1.342281e-08	5.587513e+01	7.980046e+02
1.770000e-06	8.043608e-06	1.340592e-08	5.564219e+01	7.969644e+02
1.780000e-06	8.007608e-06	1.334530e-08	5.539316e+01	7.958599e+02
1.790000e-06	7.969313e-06	1.333649e-08	5.512825e+01	7.946797e+02
1.800000e-06	7.928912e-06	1.339181e-08	5.484877e+01	7.934121e+02
1.810000e-06	7.886060e-06	1.327785e-08	5.455234e+01	7.920490e+02
1.820000e-06	7.840507e-06	1.332449e-08	5.423723e+01	7.905899e+02
1.830000e-06	7.792151e-06	1.330937e-08	5.390272e+01	7.890415e+02
1.840000e-06	7.740516e-06	1.322444e-08	5.354553e+01	7.874158e+02
1.850000e-06	7.685846e-06	1.325875e-08	5.316734e+01	7.857241e+02
1.860000e-06	7.628373e-06	1.312412e-08	5.276977e+01	7.839713e+02
1.870000e-06	7.568197e-06	1.318514e-08	5.235350e+01	7.821511e+02
1.880000e-06	7.505350e-06	1.315552e-08	5.191876e+01	7.802461e+02
1.890000e-06	7.439664e-06	1.309168e-08	5.146437e+01	7.782315e+02
1.900000e-06	7.371270e-06	1.310785e-08	5.099125e+01	7.760830e+02
1.910000e-06	7.299990e-06	1.300474e-08	5.049816e+01	7.737856e+02
1.920000e-06	7.225960e-06	1.301477e-08	4.998605e+01	7.713395e+02
1.930000e-06	7.149173e-06	1.291809e-08	4.945488e+01	7.687613e+02
1.940000e-06	7.069617e-06	1.289214e-08	4.890454e+01	7.660791e+02
1.950000e-06	6.987643e-06	1.285980e-08	4.833748e+01	7.633223e+02
1.960000e-06	6.903170e-06	1.280211e-08	4.775313e+01	7.605112e+02
1.970000e-06	6.816173e-06	1.280831e-08	4.715133e+01	7.576489e+02
1.980000e-06	6.726655e-06	1.269501e-08	4.653208e+01	7.547193e+02
1.990000e-06	6.634756e-06	1.266194e-08	4.589636e+01	7.516924e+02
2.000000e-06	6.540548e-06	1.258272e-08	4.524467e+01	7.485353e+02
2.010000e-06	6.444041e-06	1.254010e-08	4.457708e+01	7.452241e+02
2.020000e-06	6.345330e-06	1.248015e-08	4.389424e+01	7.417525e+02
2.030000e-06	6.244303e-06	1.242071e-08	4.319538e+01	7.381337e+02
2.040000e-06	6.140956e-06	1.239221e-08	4.248047e+01	7.343943e+02
2.050000e-06	6.035389e-06	1.231720e-08	4.175020e+01	7.305630e+02
2.060000e-06	5.927737e-06	1.224919e-08	4.100551e+01	7.266576e+02
2.070000e-06	5.817987e-06	1.214618e-08	4.024631e+01	7.226768e+02
2.080000e-06	5.706076e-06	1.208470e-08	3.947215e+01	7.185992e+02
2.090000e-06	5.591963e-06	1.201170e-08	3.868277e+01	7.143909e+02
2.100000e-06	5.475649e-06	1.195390e-08	3.787816e+01	7.100184e+02
2.110000e-06	5.357285e-06	1.187488e-08	3.705937e+01	7.054616e+02
2.120000e-06	5.236863e-06	1.180642e-08	3.622635e+01	7.007224e+02
2.130000e-06	5.114528e-06	1.172622e-08	3.538008e+01	6.958236e+02
2.140000e-06	4.990395e-06	1.163243e-08	3.452138e+01	6.907999e+02
2.150000e-06	4.864479e-06	1.153120e-08	3.365036e+01	6.856828e+02
2.160000e-06	4.736794e-06	1.143638e-08	3.276708e+01	6.804870e+02
2.170000e-06	4.607425e-06	1.136327e-08	3.187216e+01	6.752018e+02
2.180000e-06	4.476462e-06	1.127260e-08	3.096622e+01	6.697932e+02
2.190000e-06	4.343891e-06	1.118373e-08	3.004915e+01	6.642146e+02
2.200000e-06	4.209757e-06	1.108051e-08	2.912127e+01	6.584231e+02
2.210000e-06	4.074049e-06	1.098708e-08	2.818250e+01	6.523946e+02
2.220000e-06	3.936792e-06	1.087778e-08	2.723301e+01	6.461312e+02
2.230000e-06	3.798126e-06	1.076365e-08	2.627378e+01	6.396590e+02
2.240000e-06	3.658073e-06	1.064734e-08	2.530496e+01	6.330161e+02
2.250000e-06	3.516674e-06	1.053796e-08	2.432683e+01	6.262355e+02
2.260000e-06	3.373990e-06	1.042662e-08	2.333980e+01	6.193302e+02
2.270000e-06	3.229928e-06	1.030199e-08	2.234324e+01	6.122862e+02
2.280000e-06	3.084619e-06	1.017548e-08	2.133805e+01	6.050658e+02
2.290000e-06	2.938291e-06	1.005212e-08	2.032582e+01	5.976202e+02
2.300000e-06	2.791050e-06	9.928259e-09	1.930727e+01	5.899069e+02
2.310000e-06	2.642806e-06	9.793583e-09	1.828179e+01	5.819030e+02
2.320000e-06	2.493619e-06	9.649301e-09	1.724977e+01	5.736111e+02
2.330000e-06	2.343637e-06	9.504921e-09	1.621226e+01	5.650539e+02
2.340000e-06	2.192850e-06	9.359511e-09	1.516919e+01	5.562600e+02
2.350000e-06	2.041245e-06	9.204620e-09	1.412045e+01	5.472472e+02
2.360000e-06	1.888787e-06	9.045274e-09	1.306581e+01	5.380103e+02
2.370000e-06	1.735573e-06	8.886109e-09	1.200594e+01	5.285180e+02
2.380000e-06	1.581802e-06	8.729024e-09	1.094222e+01	5.187210e+02
2.390000e-06	1.427559e-06	8.559141e-09	9.875230e+00	5.085678e+02
2.400000e-06	1.272858e-06	8.379317e-09	8.805079e+00	4.980216e+02
2.410000e-06	1.117707e-06	8.191019e-09	7.731810e+00	4.870704e+02
2.420000e-06	9.621268e-07	7.998107e-09	6.655576e+00	4.757263e+02
2.430000e-06	8.062169e-07	7.797588e-09	5.577058e+00	4.640121e+02
2.440000e-06	6.499345e-07	7.589635e-09	4.495964e+00	4.519410e+02
2.450000e-06	4.933621e-07	7.384283e-09	3.412865e+00	4.394957e+02
2.460000e-06	3.366529e-07	7.176576e-09	2.328819e+00	4.266170e+02
2.470000e-06	1.798004e-07	6.957055e-09	1.243781e+00	4.132054e+02
2.480000e-06	2.290632e-08	6.716480e-09	1.584560e-01	3.991374e+02
2.490000e-06	-1.339718e-07	6.461455e-09	-9.267589e-01	3.842915e+02
2.500000e-06	-2.907874e-07	6.196568e-09	-2.011541e+00	3.685732e+02
2.510000e-06	-4.474467e-07	5.917953e-09	-3.095242e+00	3.519328e+02
2.520000e-06	-6.039065e-07	5.621614e-09	-4.177563e+00	3.343666e+02
2.530000e-06	-7.601006e-07	5.309430e-09	-5.258046e+00	3.159026e+02
2.540000e-06	-9.159491e-07	4.987344e-09	-6.336138e+00	2.965740e+02
2.550000e-06	-1.071425e-06	4.651935e-09	-7.411655e+00	2.763894e+02
2.560000e-06	-1.226519e-06	4.296808e-09	-8.484527e+00	2.553096e+02
2.570000e-06	-1.381231e-06	3.922392e-09	-9.554758e+00	2.332379e+02
2.580000e-06	-1.535477e-06	3.532555e-09	-1.062176e+01	2.100262e+02
2.590000e-06	-1.689155e-06	3.123806e-09	-1.168484e+01	1.854965e+02
2.600000e-06	-1.842264e-06	2.687881e-09	-1.274398e+01	1.594691e+02
2.610000e-06	-1.994618e-06	2.222249e-09	-1.379790e+01	1.317916e+02
2.620000e-06	-2.146135e-06	1.729556e-09	-1.484603e+01	1.023634e+02
2.630000e-06	-2.296862e-06	1.209633e-09	-1.588869e+01	7.115077e+01
2.640000e-06	-2.446789e-06	6.584394e-10	-1.692582e+01	3.819497e+01
2.650000e-06	-2.595924e-06	7.875179e-11	-1.795747e+01	3.614209e+00
2.660000e-06	-2.744124e-06	-5.232471e-10	-1.898266e+01	-3.239653e+01
2.670000e-06	-2.891336e-06	-1.143714e-09	-2.000101e+01	-6.956759e+01
2.680000e-06	-3.037549e-06	-1.779971e-09	-2.101244e+01	-1.075595e+02
2.690000e-06	-3.182664e-06	-2.427367e-09	-2.201629e+01	-1.459735e+02
2.700000e-06	-3.326582e-06	-3.074159e-09	-2.301185e+01	-1.843707e+02
2.710000e-06	-3.469237e-06	-3.711694e-09	-2.399867e+01	-2.223001e+02
2.720000e-06	-3.610565e-06	-4.335286e-09	-2.497632e+01	-2.593331e+02
2.730000e-06	-3.750488e-06	-4.937287e-09	-2.594425e+01	-2.950995e+02
2.740000e-06	-3.889047e-06	-5.511377e-09	-2.690274e+01	-3.293152e+02
2.750000e-06	-4.026236e-06	-6.054440e-09	-2.785176e+01	-3.617975e+02
2.760000e-06	-4.161938e-06	-6.570184e-09	-2.879048e+01	-3.924626e+02
2.770000e-06	-4.296147e-06	-7.060199e-09	-2.971888e+01	-4.213075e+02
2.780000e-06	-4.428819e-06	-7.520441e-09	-3.063664e+01	-4.483822e+02
2.790000e-06	-4.559922e-06	-7.948327e-09	-3.154356e+01	-4.737593e+02
2.800000e-06	-4.689491e-06	-8.350072e-09	-3.243986e+01	-4.975120e+02
2.810000e-06	-4.817385e-06	-8.729476e-09	-3.332458e+01	-5.197020e+02
2.820000e-06	-4.943511e-06	-9.080642e-09	-3.419706e+01	-5.403817e+02
2.830000e-06	-5.067873e-06	-9.403523e-09	-3.505734e+01	-5.596041e+02
2.840000e-06	-5.190460e-06	-9.703301e-09	-3.590535e+01	-5.774352e+02
2.850000e-06	-5.311178e-06	-9.984722e-09	-3.674042e+01	-5.939617e+02
2.860000e-06	-5.429881e-06	-1.024553e-08	-3.756156e+01	-6.092900e+02
2.870000e-06	-5.546469e-06	-1.048496e-08	-3.836806e+01	-6.235363e+02
2.880000e-06	-5.660754e-06	-1.071013e-08	-3.915864e+01	-6.368115e+02
2.890000e-06	-5.772723e-06	-1.092333e-08	-3.993319e+01	-6.492067e+02
2.900000e-06	-5.882592e-06	-1.111984e-08	-4.069322e+01	-6.607857e+02
2.910000e-06	-5.990451e-06	-1.129926e-08	-4.143934e+01	-6.715857e+02
2.920000e-06	-6.096328e-06	-1.146693e-08	-4.217175e+01	-6.816282e+02
2.930000e-06	-6.200070e-06	-1.162495e-08	-4.288939e+01	-6.909326e+02
2.940000e-06	-6.301497e-06	-1.177088e-08	-4.359102e+01	-6.995303e+02
2.950000e-06	-6.400644e-06	-1.190458e-08	-4.427688e+01	-7.074712e+02
2.960000e-06	-6.497582e-06	-1.202780e-08	-4.494745e+01	-7.148221e+02
2.970000e-06	-6.592258e-06	-1.214428e-08	-4.560238e+01	-7.216575e+02
2.980000e-06	-6.684593e-06	-1.225418e-08	-4.624111e+01	-7.280459e+02
2.990000e-06	-6.774590e-06	-1.235622e-08	-4.686367e+01	-7.340393e+02
3.000000e-06	-6.862238e-06	-1.245211e-08	-4.746998e+01	-7.396673e+02
3.010000e-06	-6.947451e-06	-1.254254e-08	-4.805945e+01	-7.449402e+02
3.020000e-06	-7.030175e-06	-1.262664e-08	-4.863170e+01	-7.498583e+02
3.030000e-06	-7.110402e-06	-1.270203e-08	-4.918667e+01	-7.544231e+02
3.040000e-06	-7.187996e-06	-1.277172e-08	-4.972344e+01	-7.586476e+02
3.050000e-06	-7.262856e-06	-1.283880e-08	-5.024129e+01	-7.625592e+02
3.060000e-06	-7.335014e-06	-1.290189e-08	-5.074044e+01	-7.661968e+02
3.070000e-06	-7.404503e-06	-1.295833e-08	-5.122114e+01	-7.696021e+02
3.080000e-06	-7.471371e-06	-1.301058e-08	-5.168370e+01	-7.728092e+02
3.090000e-06	-7.535669e-06	-1.306193e-08	-5.212849e+01	-7.758372e+02
3.100000e-06	-7.597294e-06	-1.311143e-08	-5.255478e+01	-7.786886e+02
3.110000e-06	-7.656191e-06	-1.315610e-08	-5.296220e+01	-7.813533e+02
3.120000e-06	-7.712353e-06	-1.319713e-08	-5.335071e+01	-7.838176e+02
3.130000e-06	-7.765614e-06	-1.323771e-08	-5.371915e+01	-7.860736e+02
3.140000e-06	-7.815748e-06	-1.327662e-08	-5.406595e+01	-7.881258e+02
3.150000e-06	-7.862767e-06	-1.330978e-08	-5.439121e+01	-7.899919e+02
3.160000e-06	-7.907111e-06	-1.333613e-08	-5.469796e+01	-7.916989e+02
3.170000e-06	-7.948979e-06	-1.335932e-08	-5.498758e+01	-7.932748e+02
3.180000e-06	-7.988068e-06	-1.338425e-08	-5.525799e+01	-7.947406e+02
3.190000e-06	-8.024303e-06	-1.340976e-08	-5.550864e+01	-7.961046e+02
3.200000e-06	-8.057858e-06	-1.343283e-08	-5.574076e+01	-7.973620e+02
3.210000e-06	-8.088524e-06	-1.345402e-08	-5.595290e+01	-7.984987e+02
3.220000e-06	-8.116199e-06	-1.347389e-08	-5.614434e+01	-7.994987e+02
3.230000e-06	-8.141063e-06	-1.349149e-08	-5.631634e+01	-8.003508e+02
3.240000e-06	-8.163010e-06	-1.350329e-08	-5.646816e+01	-8.010541e+02
3.250000e-06	-8.182071e-06	-1.351203e-08	-5.660002e+01	-8.016184e+02
3.260000e-06	-8.198303e-06	-1.351966e-08	-5.671230e+01	-8.020619e+02
3.270000e-06	-8.211375e-06	-1.352704e-08	-5.680273e+01	-8.024058e+02
3.280000e-06	-8.221328e-06	-1.353367e-08	-5.687158e+01	-8.026682e+02
3.290000e-06	-8.228359e-06	-1.353877e-08	-5.692021e+01	-8.028601e+02
3.300000e-06	-8.232494e-06	-1.354268e-08	-5.694882e+01	-8.029831e+02
3.310000e-06	-8.233882e-06	-1.354677e-08	-5.695842e+01	-8.030310e+02
