# Temperatura_=_67.31
# Concentracion g/m^3_=_11780.0
# C_Vs_to_Am_M_A/Vsm_=_59384043850.047264
# pendiente_HvsI_1/m_=_3716.3
# ordenada_HvsI_A/m_=_1297.0
# frecuencia_Hz_=_301400.82508453424

Tiempo_(s)	Campo_(V.s)	Magnetizacion_(V.s)	Campo_(kA/m)	Magnetizacion_(A/m)
0.000000e+00	-8.219436e-06	-1.405189e-08	-5.694748e+01	-8.337623e+02
1.000000e-08	-8.216256e-06	-1.404273e-08	-5.692546e+01	-8.335775e+02
2.000000e-08	-8.210344e-06	-1.404086e-08	-5.688449e+01	-8.333118e+02
3.000000e-08	-8.201723e-06	-1.403597e-08	-5.682477e+01	-8.329623e+02
4.000000e-08	-8.190253e-06	-1.402531e-08	-5.674530e+01	-8.325177e+02
5.000000e-08	-8.175866e-06	-1.401471e-08	-5.664562e+01	-8.319610e+02
6.000000e-08	-8.158557e-06	-1.401594e-08	-5.652570e+01	-8.312756e+02
7.000000e-08	-8.138714e-06	-1.402559e-08	-5.638821e+01	-8.304536e+02
8.000000e-08	-8.116327e-06	-1.396172e-08	-5.623311e+01	-8.295000e+02
9.000000e-08	-8.090717e-06	-1.387924e-08	-5.605567e+01	-8.284343e+02
1.000000e-07	-8.061766e-06	-1.389070e-08	-5.585508e+01	-8.272850e+02
1.100000e-07	-8.029808e-06	-1.392842e-08	-5.563367e+01	-8.260806e+02
1.200000e-07	-7.995027e-06	-1.390729e-08	-5.539269e+01	-8.248395e+02
1.300000e-07	-7.957800e-06	-1.386684e-08	-5.513477e+01	-8.235628e+02
1.400000e-07	-7.918410e-06	-1.390714e-08	-5.486186e+01	-8.222337e+02
1.500000e-07	-7.876498e-06	-1.384565e-08	-5.457148e+01	-8.208224e+02
1.600000e-07	-7.831672e-06	-1.380486e-08	-5.426091e+01	-8.192975e+02
1.700000e-07	-7.784115e-06	-1.380000e-08	-5.393141e+01	-8.176374e+02
1.800000e-07	-7.733580e-06	-1.366824e-08	-5.358129e+01	-8.158377e+02
1.900000e-07	-7.679875e-06	-1.370430e-08	-5.320920e+01	-8.139130e+02
2.000000e-07	-7.623373e-06	-1.369724e-08	-5.281773e+01	-8.118900e+02
2.100000e-07	-7.564123e-06	-1.364449e-08	-5.240722e+01	-8.097961e+02
2.200000e-07	-7.502176e-06	-1.361522e-08	-5.197803e+01	-8.076476e+02
2.300000e-07	-7.437495e-06	-1.354157e-08	-5.152989e+01	-8.054419e+02
2.400000e-07	-7.370020e-06	-1.355008e-08	-5.106240e+01	-8.031571e+02
2.500000e-07	-7.299890e-06	-1.347405e-08	-5.057651e+01	-8.007601e+02
2.600000e-07	-7.227059e-06	-1.339876e-08	-5.007191e+01	-7.982187e+02
2.700000e-07	-7.151374e-06	-1.337108e-08	-4.954754e+01	-7.955146e+02
2.800000e-07	-7.072806e-06	-1.337521e-08	-4.900318e+01	-7.926502e+02
2.900000e-07	-6.991534e-06	-1.333223e-08	-4.844010e+01	-7.896485e+02
3.000000e-07	-6.907868e-06	-1.321525e-08	-4.786043e+01	-7.865435e+02
3.100000e-07	-6.821940e-06	-1.318725e-08	-4.726508e+01	-7.833676e+02
3.200000e-07	-6.733668e-06	-1.313798e-08	-4.665350e+01	-7.801379e+02
3.300000e-07	-6.643002e-06	-1.307989e-08	-4.602533e+01	-7.768496e+02
3.400000e-07	-6.549997e-06	-1.301407e-08	-4.538096e+01	-7.734772e+02
3.500000e-07	-6.454625e-06	-1.295315e-08	-4.472018e+01	-7.699841e+02
3.600000e-07	-6.356804e-06	-1.292291e-08	-4.404244e+01	-7.663359e+02
3.700000e-07	-6.256667e-06	-1.286003e-08	-4.334865e+01	-7.625133e+02
3.800000e-07	-6.154332e-06	-1.277383e-08	-4.263963e+01	-7.585180e+02
3.900000e-07	-6.049782e-06	-1.267151e-08	-4.191527e+01	-7.543704e+02
4.000000e-07	-5.943020e-06	-1.262093e-08	-4.117558e+01	-7.501000e+02
4.100000e-07	-5.834152e-06	-1.256625e-08	-4.042130e+01	-7.457320e+02
4.200000e-07	-5.723208e-06	-1.248678e-08	-3.965264e+01	-7.412762e+02
4.300000e-07	-5.610142e-06	-1.240004e-08	-3.886927e+01	-7.367224e+02
4.400000e-07	-5.494909e-06	-1.233390e-08	-3.807089e+01	-7.320446e+02
4.500000e-07	-5.377475e-06	-1.226795e-08	-3.725726e+01	-7.272110e+02
4.600000e-07	-5.257997e-06	-1.216347e-08	-3.642947e+01	-7.221977e+02
4.700000e-07	-5.136655e-06	-1.205641e-08	-3.558877e+01	-7.169975e+02
4.800000e-07	-5.013478e-06	-1.197063e-08	-3.473535e+01	-7.116230e+02
4.900000e-07	-4.888523e-06	-1.190476e-08	-3.386961e+01	-7.061000e+02
5.000000e-07	-4.761799e-06	-1.180939e-08	-3.299161e+01	-7.004559e+02
5.100000e-07	-4.633367e-06	-1.170076e-08	-3.210179e+01	-6.947067e+02
5.200000e-07	-4.503298e-06	-1.159929e-08	-3.120062e+01	-6.888485e+02
5.300000e-07	-4.371536e-06	-1.151131e-08	-3.028772e+01	-6.828566e+02
5.400000e-07	-4.238180e-06	-1.140392e-08	-2.936378e+01	-6.766935e+02
5.500000e-07	-4.103351e-06	-1.127728e-08	-2.842963e+01	-6.703216e+02
5.600000e-07	-3.967087e-06	-1.116717e-08	-2.748554e+01	-6.637161e+02
5.700000e-07	-3.829341e-06	-1.107217e-08	-2.653118e+01	-6.568730e+02
5.800000e-07	-3.690013e-06	-1.096261e-08	-2.556586e+01	-6.498080e+02
5.900000e-07	-3.549201e-06	-1.082580e-08	-2.459026e+01	-6.425488e+02
6.000000e-07	-3.407011e-06	-1.069806e-08	-2.360511e+01	-6.351211e+02
6.100000e-07	-3.263465e-06	-1.058031e-08	-2.261057e+01	-6.275370e+02
6.200000e-07	-3.118626e-06	-1.045143e-08	-2.160707e+01	-6.197883e+02
6.300000e-07	-2.972650e-06	-1.030398e-08	-2.059569e+01	-6.118485e+02
6.400000e-07	-2.825729e-06	-1.016234e-08	-1.957776e+01	-6.036818e+02
6.500000e-07	-2.677861e-06	-1.003277e-08	-1.855328e+01	-5.952551e+02
6.600000e-07	-2.529117e-06	-9.894646e-09	-1.752272e+01	-5.865484e+02
6.700000e-07	-2.379584e-06	-9.738777e-09	-1.648669e+01	-5.775591e+02
6.800000e-07	-2.229218e-06	-9.577859e-09	-1.544490e+01	-5.682970e+02
6.900000e-07	-2.078059e-06	-9.425501e-09	-1.439761e+01	-5.587755e+02
7.000000e-07	-1.926127e-06	-9.266732e-09	-1.334497e+01	-5.489991e+02
7.100000e-07	-1.773457e-06	-9.090727e-09	-1.228721e+01	-5.389560e+02
7.200000e-07	-1.620156e-06	-8.905514e-09	-1.122508e+01	-5.286171e+02
7.300000e-07	-1.466334e-06	-8.727670e-09	-1.015934e+01	-5.179431e+02
7.400000e-07	-1.311966e-06	-8.549449e-09	-9.089818e+00	-5.068959e+02
7.500000e-07	-1.157022e-06	-8.356405e-09	-8.016306e+00	-4.954496e+02
7.600000e-07	-1.001597e-06	-8.154737e-09	-6.939458e+00	-4.835954e+02
7.700000e-07	-8.458106e-07	-7.954255e-09	-5.860109e+00	-4.713374e+02
7.800000e-07	-6.897757e-07	-7.749695e-09	-4.779037e+00	-4.586801e+02
7.900000e-07	-5.334887e-07	-7.528068e-09	-3.696220e+00	-4.456121e+02
8.000000e-07	-3.770195e-07	-7.292149e-09	-2.612140e+00	-4.320917e+02
8.100000e-07	-2.204572e-07	-7.051007e-09	-1.527414e+00	-4.180421e+02
8.200000e-07	-6.380246e-08	-6.805725e-09	-4.420485e-01	-4.033575e+02
8.300000e-07	9.288689e-08	-6.545006e-09	6.435569e-01	-3.879197e+02
8.400000e-07	2.495048e-07	-6.266092e-09	1.728668e+00	-3.716211e+02
8.500000e-07	4.060463e-07	-5.977462e-09	2.813248e+00	-3.543835e+02
8.600000e-07	5.624355e-07	-5.679530e-09	3.896775e+00	-3.361682e+02
8.700000e-07	7.185870e-07	-5.359406e-09	4.978653e+00	-3.169717e+02
8.800000e-07	8.744968e-07	-5.011464e-09	6.058858e+00	-2.968076e+02
8.900000e-07	1.030098e-06	-4.651221e-09	7.136926e+00	-2.756803e+02
9.000000e-07	1.185271e-06	-4.284099e-09	8.212023e+00	-2.535586e+02
9.100000e-07	1.339980e-06	-3.897369e-09	9.283912e+00	-2.303575e+02
9.200000e-07	1.494230e-06	-3.479642e-09	1.035261e+01	-2.059348e+02
9.300000e-07	1.647911e-06	-3.037673e-09	1.141738e+01	-1.801040e+02
9.400000e-07	1.800980e-06	-2.576888e-09	1.247790e+01	-1.526617e+02
9.500000e-07	1.953468e-06	-2.087536e-09	1.353439e+01	-1.234219e+02
9.600000e-07	2.105248e-06	-1.556660e-09	1.458599e+01	-9.225237e+01
9.700000e-07	2.256130e-06	-9.876164e-10	1.563135e+01	-5.910311e+01
9.800000e-07	2.406165e-06	-3.950455e-10	1.667086e+01	-2.402578e+01
9.900000e-07	2.555399e-06	2.224770e-10	1.770481e+01	1.281954e+01
1.000000e-06	2.703707e-06	8.707847e-10	1.873234e+01	5.116848e+01
1.010000e-06	2.851061e-06	1.546392e-09	1.975327e+01	9.066556e+01
1.020000e-06	2.997455e-06	2.229352e-09	2.076755e+01	1.308843e+02
1.030000e-06	3.142825e-06	2.908472e-09	2.177473e+01	1.713523e+02
1.040000e-06	3.287104e-06	3.584986e-09	2.277435e+01	2.115805e+02
1.050000e-06	3.430168e-06	4.253530e-09	2.376555e+01	2.510939e+02
1.060000e-06	3.571918e-06	4.901844e-09	2.474765e+01	2.894627e+02
1.070000e-06	3.712213e-06	5.519537e-09	2.571967e+01	3.263292e+02
1.080000e-06	3.851024e-06	6.109303e-09	2.668141e+01	3.614269e+02
1.090000e-06	3.988453e-06	6.671777e-09	2.763357e+01	3.945890e+02
1.100000e-06	4.124394e-06	7.200475e-09	2.857542e+01	4.257441e+02
1.110000e-06	4.258768e-06	7.687875e-09	2.950642e+01	4.549007e+02
1.120000e-06	4.391604e-06	8.140476e-09	3.042676e+01	4.821233e+02
1.130000e-06	4.522819e-06	8.566857e-09	3.133587e+01	5.075079e+02
1.140000e-06	4.652486e-06	8.963943e-09	3.223425e+01	5.311596e+02
1.150000e-06	4.780515e-06	9.329961e-09	3.312129e+01	5.531788e+02
1.160000e-06	4.906828e-06	9.672800e-09	3.399644e+01	5.736565e+02
1.170000e-06	5.031527e-06	9.997294e-09	3.486040e+01	5.926766e+02
1.180000e-06	5.154490e-06	1.029781e-08	3.571234e+01	6.103220e+02
1.190000e-06	5.275595e-06	1.057098e-08	3.655140e+01	6.266807e+02
1.200000e-06	5.394730e-06	1.082088e-08	3.737681e+01	6.418476e+02
1.210000e-06	5.511824e-06	1.105579e-08	3.818809e+01	6.559216e+02
1.220000e-06	5.626795e-06	1.127592e-08	3.898465e+01	6.689990e+02
1.230000e-06	5.739548e-06	1.147884e-08	3.976585e+01	6.811665e+02
1.240000e-06	5.850190e-06	1.166801e-08	4.053242e+01	6.924962e+02
1.250000e-06	5.958854e-06	1.184866e-08	4.128528e+01	7.030453e+02
1.260000e-06	6.065483e-06	1.201711e-08	4.202405e+01	7.128600e+02
1.270000e-06	6.169908e-06	1.216906e-08	4.274755e+01	7.219818e+02
1.280000e-06	6.272110e-06	1.230771e-08	4.345565e+01	7.304539e+02
1.290000e-06	6.372026e-06	1.243912e-08	4.414791e+01	7.383249e+02
1.300000e-06	6.469533e-06	1.256208e-08	4.482347e+01	7.456479e+02
1.310000e-06	6.564679e-06	1.267237e-08	4.548268e+01	7.524766e+02
1.320000e-06	6.657562e-06	1.277481e-08	4.612621e+01	7.588599e+02
1.330000e-06	6.748186e-06	1.287716e-08	4.675409e+01	7.648369e+02
1.340000e-06	6.836420e-06	1.297640e-08	4.736541e+01	7.704362e+02
1.350000e-06	6.922255e-06	1.306392e-08	4.796010e+01	7.756774e+02
1.360000e-06	7.005726e-06	1.314237e-08	4.853843e+01	7.805761e+02
1.370000e-06	7.086709e-06	1.321885e-08	4.909951e+01	7.851491e+02
1.380000e-06	7.165133e-06	1.329400e-08	4.964286e+01	7.894173e+02
1.390000e-06	7.240912e-06	1.336050e-08	5.016789e+01	7.934061e+02
1.400000e-06	7.313928e-06	1.341908e-08	5.067377e+01	7.971421e+02
1.410000e-06	7.384296e-06	1.347772e-08	5.116131e+01	8.006488e+02
1.420000e-06	7.452098e-06	1.353653e-08	5.163106e+01	8.039426e+02
1.430000e-06	7.517210e-06	1.358919e-08	5.208219e+01	8.070314e+02
1.440000e-06	7.579703e-06	1.363610e-08	5.251517e+01	8.099167e+02
1.450000e-06	7.639617e-06	1.368146e-08	5.293027e+01	8.125978e+02
1.460000e-06	7.696795e-06	1.372533e-08	5.332643e+01	8.150766e+02
1.470000e-06	7.751141e-06	1.376357e-08	5.370295e+01	8.173613e+02
1.480000e-06	7.802450e-06	1.379598e-08	5.405844e+01	8.194667e+02
1.490000e-06	7.850621e-06	1.382710e-08	5.439219e+01	8.214114e+02
1.500000e-06	7.895903e-06	1.385756e-08	5.470592e+01	8.232128e+02
1.510000e-06	7.938380e-06	1.388506e-08	5.500022e+01	8.248833e+02
1.520000e-06	7.977983e-06	1.391118e-08	5.527461e+01	8.264273e+02
1.530000e-06	8.014816e-06	1.393730e-08	5.552980e+01	8.278421e+02
1.540000e-06	8.048852e-06	1.396082e-08	5.576561e+01	8.291214e+02
1.550000e-06	8.080038e-06	1.397900e-08	5.598168e+01	8.302598e+02
1.560000e-06	8.108418e-06	1.399142e-08	5.617831e+01	8.312566e+02
1.570000e-06	8.133884e-06	1.400371e-08	5.635475e+01	8.321169e+02
1.580000e-06	8.156458e-06	1.401780e-08	5.651115e+01	8.328504e+02
1.590000e-06	8.176378e-06	1.402936e-08	5.664917e+01	8.334676e+02
1.600000e-06	8.193503e-06	1.403655e-08	5.676782e+01	8.339767e+02
1.610000e-06	8.207547e-06	1.404075e-08	5.686512e+01	8.343811e+02
1.620000e-06	8.218380e-06	1.404494e-08	5.694017e+01	8.346804e+02
1.630000e-06	8.226083e-06	1.404856e-08	5.699354e+01	8.348730e+02
1.640000e-06	8.230970e-06	1.404858e-08	5.702740e+01	8.349594e+02
1.650000e-06	8.233005e-06	1.404528e-08	5.704150e+01	8.349441e+02
1.660000e-06	8.232163e-06	1.404640e-08	5.703566e+01	8.348353e+02
1.670000e-06	8.228618e-06	1.404897e-08	5.701110e+01	8.346415e+02
1.680000e-06	8.222320e-06	1.404294e-08	5.696747e+01	8.343670e+02
1.690000e-06	8.213315e-06	1.403313e-08	5.690508e+01	8.340079e+02
1.700000e-06	8.201518e-06	1.402355e-08	5.682335e+01	8.335520e+02
1.710000e-06	8.186820e-06	1.400700e-08	5.672151e+01	8.329820e+02
1.720000e-06	8.169567e-06	1.396854e-08	5.660197e+01	8.322821e+02
1.730000e-06	8.149986e-06	1.397124e-08	5.646631e+01	8.314453e+02
1.740000e-06	8.127498e-06	1.404938e-08	5.631050e+01	8.304784e+02
1.750000e-06	8.101322e-06	1.402609e-08	5.612915e+01	8.294022e+02
1.760000e-06	8.071377e-06	1.394567e-08	5.592168e+01	8.282456e+02
1.770000e-06	8.038319e-06	1.392052e-08	5.569263e+01	8.270364e+02
1.780000e-06	8.002816e-06	1.388203e-08	5.544666e+01	8.257916e+02
1.790000e-06	7.965003e-06	1.380747e-08	5.518467e+01	8.245103e+02
1.800000e-06	7.925092e-06	1.388705e-08	5.490815e+01	8.231738e+02
1.810000e-06	7.882827e-06	1.381279e-08	5.461533e+01	8.217516e+02
1.820000e-06	7.837835e-06	1.374849e-08	5.430360e+01	8.202129e+02
1.830000e-06	7.790165e-06	1.385045e-08	5.397333e+01	8.185375e+02
1.840000e-06	7.739326e-06	1.372277e-08	5.362109e+01	8.167233e+02
1.850000e-06	7.685336e-06	1.375213e-08	5.324703e+01	8.147866e+02
1.860000e-06	7.628517e-06	1.364840e-08	5.285337e+01	8.127546e+02
1.870000e-06	7.568946e-06	1.360071e-08	5.244063e+01	8.106542e+02
1.880000e-06	7.506770e-06	1.366774e-08	5.200986e+01	8.084999e+02
1.890000e-06	7.441806e-06	1.354009e-08	5.155976e+01	8.062869e+02
1.900000e-06	7.374088e-06	1.357624e-08	5.109059e+01	8.039917e+02
1.910000e-06	7.303539e-06	1.350729e-08	5.060179e+01	8.015804e+02
1.920000e-06	7.230169e-06	1.346992e-08	5.009346e+01	7.990220e+02
1.930000e-06	7.154067e-06	1.341097e-08	4.956619e+01	7.963001e+02
1.940000e-06	7.075128e-06	1.331588e-08	4.901927e+01	7.934195e+02
1.950000e-06	6.993677e-06	1.333015e-08	4.845495e+01	7.904048e+02
1.960000e-06	6.909771e-06	1.324001e-08	4.787361e+01	7.872907e+02
1.970000e-06	6.823386e-06	1.324942e-08	4.727510e+01	7.841084e+02
1.980000e-06	6.734576e-06	1.316543e-08	4.665980e+01	7.808729e+02
1.990000e-06	6.643393e-06	1.308966e-08	4.602804e+01	7.775770e+02
2.000000e-06	6.549912e-06	1.304048e-08	4.538036e+01	7.741934e+02
2.010000e-06	6.454024e-06	1.295285e-08	4.471602e+01	7.706850e+02
2.020000e-06	6.355848e-06	1.291305e-08	4.403582e+01	7.670185e+02
2.030000e-06	6.255347e-06	1.283126e-08	4.333951e+01	7.631768e+02
2.040000e-06	6.152575e-06	1.281242e-08	4.262746e+01	7.591638e+02
2.050000e-06	6.047654e-06	1.273768e-08	4.190053e+01	7.550014e+02
2.060000e-06	5.940648e-06	1.266236e-08	4.115915e+01	7.507194e+02
2.070000e-06	5.831561e-06	1.256277e-08	4.040335e+01	7.463418e+02
2.080000e-06	5.720286e-06	1.248179e-08	3.963240e+01	7.418762e+02
2.090000e-06	5.606806e-06	1.240987e-08	3.884616e+01	7.373104e+02
2.100000e-06	5.491116e-06	1.232743e-08	3.804461e+01	7.326172e+02
2.110000e-06	5.373321e-06	1.225607e-08	3.722848e+01	7.277651e+02
2.120000e-06	5.253508e-06	1.217675e-08	3.639837e+01	7.227316e+02
2.130000e-06	5.131804e-06	1.210371e-08	3.555516e+01	7.175118e+02
2.140000e-06	5.008286e-06	1.199684e-08	3.469938e+01	7.121198e+02
2.150000e-06	4.882971e-06	1.189795e-08	3.383114e+01	7.065825e+02
2.160000e-06	4.755862e-06	1.179264e-08	3.295048e+01	7.009265e+02
2.170000e-06	4.627040e-06	1.171032e-08	3.205795e+01	6.951661e+02
2.180000e-06	4.496573e-06	1.160805e-08	3.115403e+01	6.892949e+02
2.190000e-06	4.364536e-06	1.150931e-08	3.023922e+01	6.832865e+02
2.200000e-06	4.230957e-06	1.140779e-08	2.931374e+01	6.771025e+02
2.210000e-06	4.095800e-06	1.130379e-08	2.837731e+01	6.707063e+02
2.220000e-06	3.959145e-06	1.119053e-08	2.743052e+01	6.640750e+02
2.230000e-06	3.820967e-06	1.106341e-08	2.647316e+01	6.572069e+02
2.240000e-06	3.681314e-06	1.094581e-08	2.550559e+01	6.501196e+02
2.250000e-06	3.540334e-06	1.082290e-08	2.452883e+01	6.428411e+02
2.260000e-06	3.398064e-06	1.070192e-08	2.354313e+01	6.353962e+02
2.270000e-06	3.254531e-06	1.056816e-08	2.254867e+01	6.277951e+02
2.280000e-06	3.109824e-06	1.043832e-08	2.154609e+01	6.200273e+02
2.290000e-06	2.964000e-06	1.030597e-08	2.053576e+01	6.120648e+02
2.300000e-06	2.817118e-06	1.017054e-08	1.951810e+01	6.038715e+02
2.310000e-06	2.669287e-06	1.002490e-08	1.849387e+01	5.954153e+02
2.320000e-06	2.520578e-06	9.875508e-09	1.746356e+01	5.866781e+02
2.330000e-06	2.370990e-06	9.724165e-09	1.642715e+01	5.776587e+02
2.340000e-06	2.220462e-06	9.565449e-09	1.538423e+01	5.683682e+02
2.350000e-06	2.069098e-06	9.399751e-09	1.433553e+01	5.588193e+02
2.360000e-06	1.917043e-06	9.233396e-09	1.328203e+01	5.490151e+02
2.370000e-06	1.764386e-06	9.067389e-09	1.222436e+01	5.389418e+02
2.380000e-06	1.611151e-06	8.896683e-09	1.116269e+01	5.285688e+02
2.390000e-06	1.457305e-06	8.716165e-09	1.009678e+01	5.178563e+02
2.400000e-06	1.302891e-06	8.527065e-09	9.026941e+00	5.067672e+02
2.410000e-06	1.148011e-06	8.333512e-09	7.953873e+00	4.952772e+02
2.420000e-06	9.927092e-07	8.128132e-09	6.877880e+00	4.833792e+02
2.430000e-06	8.370639e-07	7.916213e-09	5.799508e+00	4.710782e+02
2.440000e-06	6.811453e-07	7.697506e-09	4.719243e+00	4.583778e+02
2.450000e-06	5.249062e-07	7.481736e-09	3.636757e+00	4.452637e+02
2.460000e-06	3.684087e-07	7.261003e-09	2.552481e+00	4.316908e+02
2.470000e-06	2.117950e-07	7.025752e-09	1.467399e+00	4.175785e+02
2.480000e-06	5.516480e-08	6.774728e-09	3.822034e-01	4.028186e+02
2.490000e-06	-1.014804e-07	6.511355e-09	-7.030959e-01	3.872933e+02
2.500000e-06	-2.580775e-07	6.236071e-09	-1.788062e+00	3.708970e+02
2.510000e-06	-4.145132e-07	5.940583e-09	-2.871910e+00	3.535557e+02
2.520000e-06	-5.707685e-07	5.629989e-09	-3.954509e+00	3.352348e+02
2.530000e-06	-7.267971e-07	5.306415e-09	-5.035536e+00	3.159337e+02
2.540000e-06	-8.825576e-07	4.968304e-09	-6.114706e+00	2.956665e+02
2.550000e-06	-1.037952e-06	4.612000e-09	-7.191340e+00	2.744348e+02
2.560000e-06	-1.192854e-06	4.237715e-09	-8.264563e+00	2.522024e+02
2.570000e-06	-1.347282e-06	3.845222e-09	-9.334498e+00	2.288781e+02
2.580000e-06	-1.501245e-06	3.431618e-09	-1.040122e+01	2.043138e+02
2.590000e-06	-1.654705e-06	2.992866e-09	-1.146444e+01	1.783200e+02
2.600000e-06	-1.807627e-06	2.526833e-09	-1.252395e+01	1.506931e+02
2.610000e-06	-1.959907e-06	2.034326e-09	-1.357900e+01	1.212516e+02
2.620000e-06	-2.111425e-06	1.512640e-09	-1.462878e+01	8.987047e+01
2.630000e-06	-2.262115e-06	9.569626e-10	-1.567282e+01	5.651012e+01
2.640000e-06	-2.412002e-06	3.674143e-10	-1.671130e+01	2.123365e+01
2.650000e-06	-2.561158e-06	-2.521343e-10	-1.774471e+01	-1.578730e+01
2.660000e-06	-2.709477e-06	-8.962854e-10	-1.877232e+01	-5.427784e+01
2.670000e-06	-2.856711e-06	-1.561819e-09	-1.979241e+01	-9.387381e+01
2.680000e-06	-3.002808e-06	-2.240046e-09	-2.080463e+01	-1.341425e+02
2.690000e-06	-3.147876e-06	-2.919817e-09	-2.180973e+01	-1.746084e+02
2.700000e-06	-3.291796e-06	-3.592684e-09	-2.280686e+01	-2.147823e+02
2.710000e-06	-3.434446e-06	-4.253457e-09	-2.379519e+01	-2.541927e+02
2.720000e-06	-3.575881e-06	-4.897525e-09	-2.477511e+01	-2.924164e+02
2.730000e-06	-3.715985e-06	-5.513183e-09	-2.574581e+01	-3.291045e+02
2.740000e-06	-3.854609e-06	-6.098481e-09	-2.670625e+01	-3.640011e+02
2.750000e-06	-3.991816e-06	-6.653587e-09	-2.765688e+01	-3.969502e+02
2.760000e-06	-4.127595e-06	-7.176702e-09	-2.859760e+01	-4.278898e+02
2.770000e-06	-4.261870e-06	-7.666085e-09	-2.952791e+01	-4.568354e+02
2.780000e-06	-4.394681e-06	-8.121025e-09	-3.044808e+01	-4.838563e+02
2.790000e-06	-4.525845e-06	-8.546391e-09	-3.135684e+01	-5.090503e+02
2.800000e-06	-4.655402e-06	-8.944399e-09	-3.225446e+01	-5.325226e+02
2.810000e-06	-4.783408e-06	-9.315976e-09	-3.314133e+01	-5.543726e+02
2.820000e-06	-4.909694e-06	-9.659010e-09	-3.401629e+01	-5.746904e+02
2.830000e-06	-5.034235e-06	-9.975772e-09	-3.487916e+01	-5.935593e+02
2.840000e-06	-5.156983e-06	-1.027192e-08	-3.572960e+01	-6.110626e+02
2.850000e-06	-5.277911e-06	-1.054685e-08	-3.656744e+01	-6.272891e+02
2.860000e-06	-5.396914e-06	-1.080007e-08	-3.739194e+01	-6.423344e+02
2.870000e-06	-5.513784e-06	-1.103580e-08	-3.820166e+01	-6.562972e+02
2.880000e-06	-5.628324e-06	-1.125696e-08	-3.899524e+01	-6.692733e+02
2.890000e-06	-5.740553e-06	-1.146321e-08	-3.977281e+01	-6.813480e+02
2.900000e-06	-5.850657e-06	-1.165310e-08	-4.053565e+01	-6.925917e+02
2.910000e-06	-5.958762e-06	-1.182666e-08	-4.128465e+01	-7.030603e+02
2.920000e-06	-6.064897e-06	-1.198953e-08	-4.201999e+01	-7.127989e+02
2.930000e-06	-6.168869e-06	-1.214439e-08	-4.274035e+01	-7.218490e+02
2.940000e-06	-6.270536e-06	-1.228781e-08	-4.344474e+01	-7.302545e+02
2.950000e-06	-6.369935e-06	-1.242037e-08	-4.413341e+01	-7.380643e+02
2.960000e-06	-6.467144e-06	-1.254468e-08	-4.480692e+01	-7.453319e+02
2.970000e-06	-6.562142e-06	-1.266047e-08	-4.546510e+01	-7.521109e+02
2.980000e-06	-6.654782e-06	-1.276730e-08	-4.610695e+01	-7.584491e+02
2.990000e-06	-6.745126e-06	-1.286644e-08	-4.673289e+01	-7.643846e+02
3.000000e-06	-6.833182e-06	-1.296121e-08	-4.734297e+01	-7.699449e+02
3.010000e-06	-6.918774e-06	-1.305077e-08	-4.793599e+01	-7.751488e+02
3.020000e-06	-7.001910e-06	-1.313323e-08	-4.851199e+01	-7.800119e+02
3.030000e-06	-7.082626e-06	-1.320958e-08	-4.907122e+01	-7.845513e+02
3.040000e-06	-7.160677e-06	-1.328279e-08	-4.961199e+01	-7.887884e+02
3.050000e-06	-7.235880e-06	-1.335160e-08	-5.013303e+01	-7.927490e+02
3.060000e-06	-7.308422e-06	-1.341333e-08	-5.063562e+01	-7.964596e+02
3.070000e-06	-7.378365e-06	-1.346871e-08	-5.112022e+01	-7.999430e+02
3.080000e-06	-7.445684e-06	-1.352202e-08	-5.158663e+01	-8.032147e+02
3.090000e-06	-7.510480e-06	-1.357491e-08	-5.203556e+01	-8.062819e+02
3.100000e-06	-7.572628e-06	-1.362474e-08	-5.246615e+01	-8.091455e+02
3.110000e-06	-7.632021e-06	-1.366873e-08	-5.287765e+01	-8.118048e+02
3.120000e-06	-7.688692e-06	-1.370894e-08	-5.327029e+01	-8.142624e+02
3.130000e-06	-7.742469e-06	-1.374919e-08	-5.364287e+01	-8.165273e+02
3.140000e-06	-7.793162e-06	-1.378874e-08	-5.399409e+01	-8.186147e+02
3.150000e-06	-7.840664e-06	-1.382306e-08	-5.432321e+01	-8.205434e+02
3.160000e-06	-7.885367e-06	-1.385147e-08	-5.463292e+01	-8.223305e+02
3.170000e-06	-7.927616e-06	-1.387801e-08	-5.492565e+01	-8.239875e+02
3.180000e-06	-7.967146e-06	-1.390304e-08	-5.519952e+01	-8.255180e+02
3.190000e-06	-8.003865e-06	-1.392673e-08	-5.545393e+01	-8.269188e+02
3.200000e-06	-8.037874e-06	-1.394805e-08	-5.568955e+01	-8.281833e+02
3.210000e-06	-8.069012e-06	-1.396900e-08	-5.590529e+01	-8.293066e+02
3.220000e-06	-8.097177e-06	-1.398866e-08	-5.610043e+01	-8.302885e+02
3.230000e-06	-8.122533e-06	-1.400489e-08	-5.627611e+01	-8.311349e+02
3.240000e-06	-8.145020e-06	-1.401597e-08	-5.643190e+01	-8.318556e+02
3.250000e-06	-8.164599e-06	-1.402570e-08	-5.656756e+01	-8.324611e+02
3.260000e-06	-8.181394e-06	-1.403634e-08	-5.668392e+01	-8.329590e+02
3.270000e-06	-8.195156e-06	-1.404382e-08	-5.677926e+01	-8.333523e+02
3.280000e-06	-8.205772e-06	-1.404756e-08	-5.685282e+01	-8.336405e+02
3.290000e-06	-8.213422e-06	-1.405157e-08	-5.690582e+01	-8.338217e+02
3.300000e-06	-8.218135e-06	-1.405619e-08	-5.693847e+01	-8.338970e+02
3.310000e-06	-8.220029e-06	-1.405804e-08	-5.695160e+01	-8.338714e+02
