# Configuracion:
# Concentracion g/m^3_=_11780.0
# C_Vs_to_Am_M_A/Vsm_=_59384043850.047264
# pendiente_HvsI_1/m_=_3716.3
# ordenada_HvsI_A/m_=_1297.0
# frecuencia_ref_Hz_=_301531.03184063884
# 
Resultados:
# tau_ns_=_(1.38+/-0.05)e+02
# dphi_rad_=_6.54+/-0.01
# SAR_W/g_=_1384.79+/-18.51
# Hc_kA/m_=_19.02+/-0.41
# Mr_A/m_=_413.08+/-3.28
# Magnetizacion_max_=_848.33+/-15.05
# Suceptibilidad_a_M=0_=_(3.406+/-0.117)e-02

Nombre_archivo	Time_m_(s)	Temperatura_(ºC)	Mr_(A/m)	Hc_(kA/m)	Campo_max_(A/m)	Mag_max_(A/m)	f0	mag0	dphi0	SAR_(W/g)	Tau_(ns)	N	xi_M_0
300kHz_150dA_100Mss_bobN1M17EG-0012.txt	12.74	26.84	405.61	19.70	57041.50	829.79	3.015292e+05	6.860517e+01	6.551726e+00	1416.65	145.245016	4643	3.182e-02
300kHz_150dA_100Mss_bobN1M17EG-0013.txt	13.19	28.54	407.88	19.59	57041.50	831.28	3.015292e+05	6.880338e+01	6.550132e+00	1412.51	144.340065	4643	3.203e-02
300kHz_150dA_100Mss_bobN1M17EG-0014.txt	13.65	30.34	409.45	19.50	57041.50	834.95	3.015292e+05	6.918808e+01	6.548410e+00	1411.46	143.363217	4643	3.253e-02
300kHz_150dA_100Mss_bobN1M17EG-0015.txt	14.1	32.08	409.26	19.52	57041.50	833.86	3.015292e+05	6.910603e+01	6.548681e+00	1411.19	143.517600	4643	3.234e-02
300kHz_150dA_100Mss_bobN1M17EG-0016.txt	14.56	33.83	409.33	19.55	57041.50	830.07	3.015292e+05	6.881453e+01	6.549376e+00	1408.83	143.911297	4643	3.235e-02
300kHz_150dA_100Mss_bobN1M17EG-0017.txt	15.01	35.54	410.10	19.45	57041.50	833.25	3.015292e+05	6.911056e+01	6.547551e+00	1405.42	142.877411	4643	3.279e-02
300kHz_150dA_100Mss_bobN1M17EG-0018.txt	15.48	37.32	410.46	19.41	57041.50	834.71	3.015292e+05	6.922509e+01	6.547021e+00	1404.99	142.577348	4643	3.274e-02
300kHz_150dA_100Mss_bobN1M17EG-0019.txt	16.41	40.74	410.71	19.26	57041.50	840.59	3.015292e+05	6.974019e+01	6.543426e+00	1396.60	140.542879	4643	3.332e-02
300kHz_150dA_100Mss_bobN1M17EG-0020.txt	16.86	42.31	411.44	19.27	57041.50	832.75	3.015292e+05	6.923205e+01	6.544412e+00	1391.56	141.100508	4643	3.390e-02
300kHz_150dA_100Mss_bobN1M17EG-0021.txt	17.3	43.85	411.47	19.23	57041.50	837.03	3.015292e+05	6.952104e+01	6.543219e+00	1391.13	140.426464	4643	3.352e-02
300kHz_150dA_100Mss_bobN1M17EG-0022.txt	17.75	45.42	411.24	19.23	57041.50	837.28	3.015292e+05	6.954630e+01	6.542883e+00	1389.87	140.236600	4643	3.367e-02
300kHz_150dA_100Mss_bobN1M17EG-0023.txt	18.23	47.08	412.18	19.15	57041.50	841.55	3.015292e+05	6.992393e+01	6.541603e+00	1390.69	139.512516	4643	3.392e-02
300kHz_150dA_100Mss_bobN1M17EG-0024.txt	18.68	48.61	412.20	19.10	57041.50	843.61	3.015292e+05	7.004399e+01	6.540419e+00	1386.84	138.844758	4643	3.424e-02
300kHz_150dA_100Mss_bobN1M17EG-0025.txt	19.14	50.15	412.05	19.19	57041.50	838.67	3.015292e+05	6.968767e+01	6.542171e+00	1388.97	139.834409	4643	3.403e-02
300kHz_150dA_100Mss_bobN1M17EG-0026.txt	19.59	51.59	412.62	19.12	57041.50	841.81	3.015292e+05	6.994234e+01	6.540998e+00	1387.87	139.172476	4643	3.424e-02
300kHz_150dA_100Mss_bobN1M17EG-0027.txt	20.05	53.06	413.40	19.06	57041.50	842.74	3.015292e+05	7.005562e+01	6.539848e+00	1384.06	138.523077	4643	3.434e-02
300kHz_150dA_100Mss_bobN1M17EG-0028.txt	20.51	54.48	413.74	18.87	57041.50	850.02	3.015292e+05	7.066853e+01	6.535940e+00	1375.37	136.320206	4643	3.499e-02
300kHz_150dA_100Mss_bobN1M17EG-0029.txt	20.96	55.88	414.43	18.96	57041.50	850.36	3.015292e+05	7.064219e+01	6.537552e+00	1383.43	137.228825	4643	3.501e-02
300kHz_150dA_100Mss_bobN1M17EG-0030.txt	21.42	57.22	414.08	18.79	57041.50	855.72	3.015292e+05	7.109955e+01	6.533917e+00	1372.91	135.181811	4643	3.405e-02
300kHz_150dA_100Mss_bobN1M17EG-0031.txt	21.88	58.55	415.58	18.62	57041.50	856.27	3.015292e+05	7.125437e+01	6.531650e+00	1363.72	133.906186	4643	3.476e-02
300kHz_150dA_100Mss_bobN1M17EG-0032.txt	22.33	59.86	414.69	18.82	57041.50	855.90	3.015292e+05	7.112902e+01	6.534087e+00	1374.39	135.277931	4643	3.534e-02
300kHz_150dA_100Mss_bobN1M17EG-0033.txt	22.79	61.19	415.82	18.84	57041.50	857.03	3.015292e+05	7.123775e+01	6.534873e+00	1380.71	135.720347	4643	3.480e-02
300kHz_150dA_100Mss_bobN1M17EG-0034.txt	23.28	62.58	415.92	18.63	57041.50	861.88	3.015292e+05	7.165679e+01	6.531108e+00	1368.49	133.602624	4643	3.445e-02
300kHz_150dA_100Mss_bobN1M17EG-0035.txt	23.75	63.90	416.24	18.69	57041.50	861.50	3.015292e+05	7.161890e+01	6.531944e+00	1372.28	134.072697	4643	3.428e-02
300kHz_150dA_100Mss_bobN1M17EG-0036.txt	24.21	65.17	416.76	18.62	57041.50	864.10	3.015292e+05	7.186118e+01	6.530389e+00	1368.49	133.199245	4643	3.478e-02
300kHz_150dA_100Mss_bobN1M17EG-0037.txt	24.67	66.41	417.46	18.35	57041.50	871.28	3.015292e+05	7.248367e+01	6.525506e+00	1353.63	130.460467	4643	3.587e-02
300kHz_150dA_100Mss_bobN1M17EG-0038.txt	25.59	68.77	417.97	18.36	57041.50	874.90	3.015292e+05	7.274052e+01	6.525072e+00	1356.04	130.218096	4643	3.553e-02
300kHz_150dA_100Mss_bobN1M17EG-0039.txt	26.05	69.93	418.07	18.30	57041.50	878.87	3.015292e+05	7.304329e+01	6.523900e+00	1355.21	129.561780	4643	3.596e-02
300kHz_150dA_100Mss_bobN1M17EG-0040.txt	26.52	71.15	419.03	18.30	57041.50	879.66	3.015292e+05	7.315341e+01	6.523606e+00	1355.63	129.397308	4643	3.603e-02
