# Temperatura_=_50.42724137931036
# Concentracion g/m^3_=_11780.0
# C_Vs_to_Am_M_A/Vsm_=_59384043850.047264
# pendiente_HvsI_1/m_=_3716.3
# ordenada_HvsI_A/m_=_1297.0
# frecuencia_Hz_=_301531.03184063884
# Promedio de 29 ciclos

Tiempo_(s)	Campo_(V.s)	Magnetizacion_(V.s)	Campo_(kA/m)	Magnetizacion_(A/m)
0.000000e+00	-8.094293e-09	-1.426963e-08	-5.691578e+01	-8.464146e+02
1.000000e-08	-8.091176e-09	-1.426318e-08	-5.689386e+01	-8.462581e+02
2.000000e-08	-8.085395e-09	-1.425620e-08	-5.685322e+01	-8.460144e+02
3.000000e-08	-8.076963e-09	-1.424856e-08	-5.679392e+01	-8.456803e+02
4.000000e-08	-8.065674e-09	-1.424115e-08	-5.671455e+01	-8.452480e+02
5.000000e-08	-8.051451e-09	-1.423281e-08	-5.661454e+01	-8.447089e+02
6.000000e-08	-8.034359e-09	-1.422869e-08	-5.649436e+01	-8.440564e+02
7.000000e-08	-8.014738e-09	-1.422191e-08	-5.635639e+01	-8.432898e+02
8.000000e-08	-7.992548e-09	-1.416611e-08	-5.620037e+01	-8.424148e+02
9.000000e-08	-7.967143e-09	-1.412905e-08	-5.602172e+01	-8.414431e+02
1.000000e-07	-7.938419e-09	-1.414636e-08	-5.581976e+01	-8.403887e+02
1.100000e-07	-7.906840e-09	-1.415472e-08	-5.559771e+01	-8.392638e+02
1.200000e-07	-7.872567e-09	-1.412784e-08	-5.535671e+01	-8.380751e+02
1.300000e-07	-7.835794e-09	-1.409388e-08	-5.509815e+01	-8.368209e+02
1.400000e-07	-7.796917e-09	-1.411194e-08	-5.482478e+01	-8.354922e+02
1.500000e-07	-7.755729e-09	-1.407122e-08	-5.453516e+01	-8.340751e+02
1.600000e-07	-7.711687e-09	-1.404105e-08	-5.422548e+01	-8.325549e+02
1.700000e-07	-7.664868e-09	-1.399375e-08	-5.389627e+01	-8.309200e+02
1.800000e-07	-7.615172e-09	-1.391824e-08	-5.354683e+01	-8.291654e+02
1.900000e-07	-7.562301e-09	-1.394680e-08	-5.317507e+01	-8.272924e+02
2.000000e-07	-7.506591e-09	-1.391303e-08	-5.278333e+01	-8.253075e+02
2.100000e-07	-7.448184e-09	-1.386679e-08	-5.237265e+01	-8.232193e+02
2.200000e-07	-7.387128e-09	-1.382768e-08	-5.194333e+01	-8.210347e+02
2.300000e-07	-7.323456e-09	-1.378725e-08	-5.149561e+01	-8.187567e+02
2.400000e-07	-7.256995e-09	-1.377863e-08	-5.102828e+01	-8.163833e+02
2.500000e-07	-7.187845e-09	-1.370088e-08	-5.054206e+01	-8.139090e+02
2.600000e-07	-7.116064e-09	-1.363641e-08	-5.003732e+01	-8.113264e+02
2.700000e-07	-7.041531e-09	-1.360755e-08	-4.951324e+01	-8.086287e+02
2.800000e-07	-6.964217e-09	-1.359773e-08	-4.896960e+01	-8.058117e+02
2.900000e-07	-6.884188e-09	-1.353693e-08	-4.840687e+01	-8.028742e+02
3.000000e-07	-6.801669e-09	-1.344543e-08	-4.782663e+01	-7.998173e+02
3.100000e-07	-6.716886e-09	-1.342200e-08	-4.723047e+01	-7.966435e+02
3.200000e-07	-6.629827e-09	-1.337286e-08	-4.661831e+01	-7.933548e+02
3.300000e-07	-6.540411e-09	-1.330919e-08	-4.598957e+01	-7.899521e+02
3.400000e-07	-6.448671e-09	-1.323416e-08	-4.534449e+01	-7.864347e+02
3.500000e-07	-6.354647e-09	-1.317610e-08	-4.468336e+01	-7.828011e+02
3.600000e-07	-6.258288e-09	-1.313300e-08	-4.400580e+01	-7.790491e+02
3.700000e-07	-6.159585e-09	-1.306251e-08	-4.331177e+01	-7.751768e+02
3.800000e-07	-6.058664e-09	-1.298193e-08	-4.260213e+01	-7.711823e+02
3.900000e-07	-5.955599e-09	-1.290244e-08	-4.187742e+01	-7.670631e+02
4.000000e-07	-5.850353e-09	-1.285677e-08	-4.113738e+01	-7.628159e+02
4.100000e-07	-5.742972e-09	-1.278741e-08	-4.038232e+01	-7.584363e+02
4.200000e-07	-5.633594e-09	-1.269841e-08	-3.961322e+01	-7.539189e+02
4.300000e-07	-5.522235e-09	-1.261227e-08	-3.883019e+01	-7.492585e+02
4.400000e-07	-5.408752e-09	-1.254302e-08	-3.803222e+01	-7.444512e+02
4.500000e-07	-5.293075e-09	-1.246866e-08	-3.721883e+01	-7.394955e+02
4.600000e-07	-5.175343e-09	-1.236954e-08	-3.639099e+01	-7.343923e+02
4.700000e-07	-5.055737e-09	-1.227551e-08	-3.554997e+01	-7.291446e+02
4.800000e-07	-4.934308e-09	-1.219379e-08	-3.469613e+01	-7.237556e+02
4.900000e-07	-4.811052e-09	-1.211368e-08	-3.382945e+01	-7.182273e+02
5.000000e-07	-4.686050e-09	-1.200661e-08	-3.295049e+01	-7.125587e+02
5.100000e-07	-4.559437e-09	-1.189940e-08	-3.206019e+01	-7.067458e+02
5.200000e-07	-4.431236e-09	-1.180382e-08	-3.115874e+01	-7.007817e+02
5.300000e-07	-4.301393e-09	-1.170827e-08	-3.024573e+01	-6.946583e+02
5.400000e-07	-4.169938e-09	-1.159577e-08	-2.932140e+01	-6.883678e+02
5.500000e-07	-4.036993e-09	-1.147795e-08	-2.838659e+01	-6.819038e+02
5.600000e-07	-3.902603e-09	-1.137289e-08	-2.744161e+01	-6.752617e+02
5.700000e-07	-3.766765e-09	-1.126711e-08	-2.648646e+01	-6.684381e+02
5.800000e-07	-3.629547e-09	-1.114743e-08	-2.552159e+01	-6.614297e+02
5.900000e-07	-3.490972e-09	-1.101633e-08	-2.454720e+01	-6.542319e+02
6.000000e-07	-3.350984e-09	-1.089545e-08	-2.356286e+01	-6.468384e+02
6.100000e-07	-3.209593e-09	-1.077506e-08	-2.256866e+01	-6.392414e+02
6.200000e-07	-3.066931e-09	-1.064194e-08	-2.156552e+01	-6.314332e+02
6.300000e-07	-2.923134e-09	-1.049854e-08	-2.055440e+01	-6.234071e+02
6.400000e-07	-2.778276e-09	-1.035901e-08	-1.953581e+01	-6.151587e+02
6.500000e-07	-2.632410e-09	-1.022236e-08	-1.851015e+01	-6.066855e+02
6.600000e-07	-2.485631e-09	-1.007574e-08	-1.747805e+01	-5.979857e+02
6.700000e-07	-2.338026e-09	-9.921812e-09	-1.644015e+01	-5.890559e+02
6.800000e-07	-2.189643e-09	-9.768253e-09	-1.539678e+01	-5.798891e+02
6.900000e-07	-2.040504e-09	-9.616423e-09	-1.434810e+01	-5.704738e+02
7.000000e-07	-1.890669e-09	-9.453403e-09	-1.329452e+01	-5.607937e+02
7.100000e-07	-1.740199e-09	-9.279649e-09	-1.223648e+01	-5.508302e+02
7.200000e-07	-1.589120e-09	-9.102671e-09	-1.117415e+01	-5.405654e+02
7.300000e-07	-1.437464e-09	-8.928219e-09	-1.010777e+01	-5.299847e+02
7.400000e-07	-1.285269e-09	-8.747748e-09	-9.037597e+00	-5.190782e+02
7.500000e-07	-1.132587e-09	-8.556123e-09	-7.964001e+00	-5.078399e+02
7.600000e-07	-9.794819e-10	-8.359944e-09	-6.887428e+00	-4.962641e+02
7.700000e-07	-8.260138e-10	-8.160917e-09	-5.808305e+00	-4.843407e+02
7.800000e-07	-6.722362e-10	-7.955679e-09	-4.727004e+00	-4.720491e+02
7.900000e-07	-5.182262e-10	-7.738996e-09	-3.644069e+00	-4.593549e+02
8.000000e-07	-3.640595e-10	-7.515945e-09	-2.560032e+00	-4.462079e+02
8.100000e-07	-2.097534e-10	-7.288122e-09	-1.475015e+00	-4.325453e+02
8.200000e-07	-5.534642e-11	-7.051400e-09	-3.892883e-01	-4.182968e+02
8.300000e-07	9.907332e-11	-6.799933e-09	6.965280e-01	-4.033925e+02
8.400000e-07	2.534477e-10	-6.533068e-09	1.782026e+00	-3.877711e+02
8.500000e-07	4.077367e-10	-6.254671e-09	2.866923e+00	-3.713863e+02
8.600000e-07	5.618662e-10	-5.964152e-09	3.950698e+00	-3.542090e+02
8.700000e-07	7.157705e-10	-5.659188e-09	5.032890e+00	-3.362264e+02
8.800000e-07	8.694199e-10	-5.341378e-09	6.113289e+00	-3.174353e+02
8.900000e-07	1.022748e-09	-5.013793e-09	7.191428e+00	-2.978332e+02
9.000000e-07	1.175667e-09	-4.674290e-09	8.266691e+00	-2.774067e+02
9.100000e-07	1.328145e-09	-4.317850e-09	9.338852e+00	-2.561210e+02
9.200000e-07	1.480136e-09	-3.940631e-09	1.040760e+01	-2.339116e+02
9.300000e-07	1.631558e-09	-3.545255e-09	1.147233e+01	-2.106809e+02
9.400000e-07	1.782378e-09	-3.131825e-09	1.253284e+01	-1.863012e+02
9.500000e-07	1.932587e-09	-2.697553e-09	1.358904e+01	-1.606243e+02
9.600000e-07	2.082109e-09	-2.240629e-09	1.464042e+01	-1.334973e+02
9.700000e-07	2.230872e-09	-1.758394e-09	1.568646e+01	-1.047831e+02
9.800000e-07	2.378838e-09	-1.248012e-09	1.672690e+01	-7.438397e+01
9.900000e-07	2.525951e-09	-7.057432e-10	1.776134e+01	-4.226293e+01
1.000000e-06	2.672169e-09	-1.323541e-10	1.878949e+01	-8.461536e+00
1.010000e-06	2.817454e-09	4.674829e-10	1.981108e+01	2.689026e+01
1.020000e-06	2.961718e-09	1.088198e-09	2.082549e+01	6.357348e+01
1.030000e-06	3.104891e-09	1.724832e-09	2.183222e+01	1.012895e+02
1.040000e-06	3.246898e-09	2.373009e-09	2.283076e+01	1.396780e+02
1.050000e-06	3.387651e-09	3.026255e-09	2.382047e+01	1.783412e+02
1.060000e-06	3.527104e-09	3.676903e-09	2.480105e+01	2.168706e+02
1.070000e-06	3.665228e-09	4.317004e-09	2.577228e+01	2.548730e+02
1.080000e-06	3.801961e-09	4.940694e-09	2.673373e+01	2.919921e+02
1.090000e-06	3.937275e-09	5.544888e-09	2.768521e+01	3.279251e+02
1.100000e-06	4.071176e-09	6.125801e-09	2.862675e+01	3.624313e+02
1.110000e-06	4.203629e-09	6.680499e-09	2.955811e+01	3.953358e+02
1.120000e-06	4.334570e-09	7.208160e-09	3.047883e+01	4.265268e+02
1.130000e-06	4.463950e-09	7.707313e-09	3.138858e+01	4.559501e+02
1.140000e-06	4.591737e-09	8.174705e-09	3.228713e+01	4.836003e+02
1.150000e-06	4.717919e-09	8.609458e-09	3.317439e+01	5.095111e+02
1.160000e-06	4.842472e-09	9.012739e-09	3.405020e+01	5.337451e+02
1.170000e-06	4.965313e-09	9.389594e-09	3.491397e+01	5.563834e+02
1.180000e-06	5.086368e-09	9.741441e-09	3.576518e+01	5.775165e+02
1.190000e-06	5.205575e-09	1.007023e-08	3.660339e+01	5.972360e+02
1.200000e-06	5.322837e-09	1.037987e-08	3.742794e+01	6.156300e+02
1.210000e-06	5.438048e-09	1.067065e-08	3.823805e+01	6.327796e+02
1.220000e-06	5.551150e-09	1.094259e-08	3.903334e+01	6.487590e+02
1.230000e-06	5.662199e-09	1.119435e-08	3.981419e+01	6.636374e+02
1.240000e-06	5.771278e-09	1.142524e-08	4.058119e+01	6.774811e+02
1.250000e-06	5.878353e-09	1.163739e-08	4.133410e+01	6.903564e+02
1.260000e-06	5.983294e-09	1.183603e-08	4.207201e+01	7.023299e+02
1.270000e-06	6.086055e-09	1.202244e-08	4.279458e+01	7.134680e+02
1.280000e-06	6.186630e-09	1.219586e-08	4.350179e+01	7.238346e+02
1.290000e-06	6.284915e-09	1.235820e-08	4.419288e+01	7.334881e+02
1.300000e-06	6.380869e-09	1.251125e-08	4.486760e+01	7.424795e+02
1.310000e-06	6.474605e-09	1.265307e-08	4.552671e+01	7.508514e+02
1.320000e-06	6.566126e-09	1.278206e-08	4.617026e+01	7.586402e+02
1.330000e-06	6.655304e-09	1.290060e-08	4.679732e+01	7.658784e+02
1.340000e-06	6.742121e-09	1.301213e-08	4.740779e+01	7.725983e+02
1.350000e-06	6.826648e-09	1.311642e-08	4.800215e+01	7.788351e+02
1.360000e-06	6.908801e-09	1.321228e-08	4.857981e+01	7.846278e+02
1.370000e-06	6.988444e-09	1.330086e-08	4.913983e+01	7.900180e+02
1.380000e-06	7.065527e-09	1.338550e-08	4.968185e+01	7.950472e+02
1.390000e-06	7.139937e-09	1.346690e-08	5.020507e+01	7.997529e+02
1.400000e-06	7.211677e-09	1.354054e-08	5.070952e+01	8.041658e+02
1.410000e-06	7.280896e-09	1.360734e-08	5.119625e+01	8.083076e+02
1.420000e-06	7.347534e-09	1.367262e-08	5.166482e+01	8.121919e+02
1.430000e-06	7.411519e-09	1.373551e-08	5.211473e+01	8.158265e+02
1.440000e-06	7.472978e-09	1.379265e-08	5.254689e+01	8.192163e+02
1.450000e-06	7.531872e-09	1.384298e-08	5.296102e+01	8.223666e+02
1.460000e-06	7.588060e-09	1.389038e-08	5.335611e+01	8.252850e+02
1.470000e-06	7.641381e-09	1.393723e-08	5.373104e+01	8.279816e+02
1.480000e-06	7.691566e-09	1.398001e-08	5.408392e+01	8.304684e+02
1.490000e-06	7.738709e-09	1.401861e-08	5.441542e+01	8.327572e+02
1.500000e-06	7.783127e-09	1.405390e-08	5.472775e+01	8.348585e+02
1.510000e-06	7.824759e-09	1.408590e-08	5.502049e+01	8.367810e+02
1.520000e-06	7.863570e-09	1.411351e-08	5.529339e+01	8.385315e+02
1.530000e-06	7.899718e-09	1.413681e-08	5.554757e+01	8.401163e+02
1.540000e-06	7.933092e-09	1.415860e-08	5.578225e+01	8.415418e+02
1.550000e-06	7.963661e-09	1.418084e-08	5.599720e+01	8.428155e+02
1.560000e-06	7.991516e-09	1.420142e-08	5.619307e+01	8.439449e+02
1.570000e-06	8.016486e-09	1.421819e-08	5.636865e+01	8.449372e+02
1.580000e-06	8.038610e-09	1.423188e-08	5.652422e+01	8.457977e+02
1.590000e-06	8.058041e-09	1.424299e-08	5.666085e+01	8.465293e+02
1.600000e-06	8.074602e-09	1.425057e-08	5.677730e+01	8.471329e+02
1.610000e-06	8.088132e-09	1.425522e-08	5.687244e+01	8.476090e+02
1.620000e-06	8.098522e-09	1.425932e-08	5.694550e+01	8.479593e+02
1.630000e-06	8.105878e-09	1.426413e-08	5.699723e+01	8.481883e+02
1.640000e-06	8.110452e-09	1.426794e-08	5.702940e+01	8.483036e+02
1.650000e-06	8.112173e-09	1.426634e-08	5.704150e+01	8.483148e+02
1.660000e-06	8.111102e-09	1.426693e-08	5.703397e+01	8.482312e+02
1.670000e-06	8.107436e-09	1.426564e-08	5.700819e+01	8.480590e+02
1.680000e-06	8.101072e-09	1.426118e-08	5.696345e+01	8.477993e+02
1.690000e-06	8.092015e-09	1.425322e-08	5.689976e+01	8.474481e+02
1.700000e-06	8.080223e-09	1.424170e-08	5.681685e+01	8.469972e+02
1.710000e-06	8.065588e-09	1.422836e-08	5.671394e+01	8.464380e+02
1.720000e-06	8.048393e-09	1.420732e-08	5.659304e+01	8.457649e+02
1.730000e-06	8.028904e-09	1.423158e-08	5.645600e+01	8.449780e+02
1.740000e-06	8.006665e-09	1.425847e-08	5.629963e+01	8.440846e+02
1.750000e-06	7.980925e-09	1.421283e-08	5.611864e+01	8.430969e+02
1.760000e-06	7.951504e-09	1.416241e-08	5.591176e+01	8.420290e+02
1.770000e-06	7.918947e-09	1.414573e-08	5.568284e+01	8.408923e+02
1.780000e-06	7.883878e-09	1.411193e-08	5.543625e+01	8.396920e+02
1.790000e-06	7.846404e-09	1.406633e-08	5.517275e+01	8.384252e+02
1.800000e-06	7.806752e-09	1.409510e-08	5.489393e+01	8.370817e+02
1.810000e-06	7.764861e-09	1.402963e-08	5.459938e+01	8.356470e+02
1.820000e-06	7.720341e-09	1.402908e-08	5.428633e+01	8.341068e+02
1.830000e-06	7.673160e-09	1.405544e-08	5.395457e+01	8.324505e+02
1.840000e-06	7.623005e-09	1.396718e-08	5.360191e+01	8.306743e+02
1.850000e-06	7.569805e-09	1.397081e-08	5.322783e+01	8.287805e+02
1.860000e-06	7.513766e-09	1.388119e-08	5.283379e+01	8.267764e+02
1.870000e-06	7.455006e-09	1.387156e-08	5.242061e+01	8.246704e+02
1.880000e-06	7.393682e-09	1.385146e-08	5.198941e+01	8.224689e+02
1.890000e-06	7.329590e-09	1.377530e-08	5.153874e+01	8.201739e+02
1.900000e-06	7.262780e-09	1.379159e-08	5.106897e+01	8.177828e+02
1.910000e-06	7.193216e-09	1.372829e-08	5.057983e+01	8.152896e+02
1.920000e-06	7.120839e-09	1.370105e-08	5.007090e+01	8.126867e+02
1.930000e-06	7.045827e-09	1.361213e-08	4.954345e+01	8.099677e+02
1.940000e-06	6.968055e-09	1.356508e-08	4.899659e+01	8.071290e+02
1.950000e-06	6.887683e-09	1.354526e-08	4.843145e+01	8.041698e+02
1.960000e-06	6.804882e-09	1.346667e-08	4.784923e+01	8.010917e+02
1.970000e-06	6.719645e-09	1.344921e-08	4.724988e+01	7.978971e+02
1.980000e-06	6.631949e-09	1.336899e-08	4.663323e+01	7.945878e+02
1.990000e-06	6.541867e-09	1.333007e-08	4.599982e+01	7.911645e+02
2.000000e-06	6.449561e-09	1.325636e-08	4.535076e+01	7.876263e+02
2.010000e-06	6.354929e-09	1.318643e-08	4.468535e+01	7.839715e+02
2.020000e-06	6.258036e-09	1.313081e-08	4.400404e+01	7.801980e+02
2.030000e-06	6.158944e-09	1.306168e-08	4.330726e+01	7.763039e+02
2.040000e-06	6.057624e-09	1.301501e-08	4.259483e+01	7.722871e+02
2.050000e-06	5.954062e-09	1.292478e-08	4.186662e+01	7.681452e+02
2.060000e-06	5.848368e-09	1.286096e-08	4.112343e+01	7.638746e+02
2.070000e-06	5.740662e-09	1.277526e-08	4.036608e+01	7.594706e+02
2.080000e-06	5.630887e-09	1.271003e-08	3.959419e+01	7.549278e+02
2.090000e-06	5.519021e-09	1.262602e-08	3.880760e+01	7.502412e+02
2.100000e-06	5.405029e-09	1.254324e-08	3.800606e+01	7.454072e+02
2.110000e-06	5.288972e-09	1.246329e-08	3.718999e+01	7.404249e+02
2.120000e-06	5.170841e-09	1.237546e-08	3.635935e+01	7.352955e+02
2.130000e-06	5.050731e-09	1.228526e-08	3.551478e+01	7.300221e+02
2.140000e-06	4.928799e-09	1.218546e-08	3.465740e+01	7.246080e+02
2.150000e-06	4.805108e-09	1.210281e-08	3.378766e+01	7.190546e+02
2.160000e-06	4.679682e-09	1.200708e-08	3.290572e+01	7.133604e+02
2.170000e-06	4.552559e-09	1.191546e-08	3.201184e+01	7.075209e+02
2.180000e-06	4.423830e-09	1.180681e-08	3.110668e+01	7.015288e+02
2.190000e-06	4.293551e-09	1.170734e-08	3.019061e+01	6.953759e+02
2.200000e-06	4.161771e-09	1.159930e-08	2.926398e+01	6.890547e+02
2.210000e-06	4.028493e-09	1.148809e-08	2.832683e+01	6.825590e+02
2.220000e-06	3.893761e-09	1.137210e-08	2.737945e+01	6.758845e+02
2.230000e-06	3.757571e-09	1.125756e-08	2.642181e+01	6.690280e+02
2.240000e-06	3.619974e-09	1.114582e-08	2.545429e+01	6.619860e+02
2.250000e-06	3.481040e-09	1.102174e-08	2.447737e+01	6.547536e+02
2.260000e-06	3.340804e-09	1.089712e-08	2.349129e+01	6.473241e+02
2.270000e-06	3.199299e-09	1.076545e-08	2.249628e+01	6.396898e+02
2.280000e-06	3.056586e-09	1.063729e-08	2.149279e+01	6.318429e+02
2.290000e-06	2.912739e-09	1.049971e-08	2.048131e+01	6.237772e+02
2.300000e-06	2.767838e-09	1.035936e-08	1.946243e+01	6.154887e+02
2.310000e-06	2.621989e-09	1.021469e-08	1.843688e+01	6.069749e+02
2.320000e-06	2.475241e-09	1.006928e-08	1.740500e+01	5.982342e+02
2.330000e-06	2.327634e-09	9.919303e-09	1.636709e+01	5.892625e+02
2.340000e-06	2.179178e-09	9.762438e-09	1.532321e+01	5.800522e+02
2.350000e-06	2.029947e-09	9.602508e-09	1.427388e+01	5.705907e+02
2.360000e-06	1.880029e-09	9.438358e-09	1.321972e+01	5.608612e+02
2.370000e-06	1.729460e-09	9.271342e-09	1.216098e+01	5.508450e+02
2.380000e-06	1.578276e-09	9.096530e-09	1.109792e+01	5.405245e+02
2.390000e-06	1.426529e-09	8.916700e-09	1.003089e+01	5.298860e+02
2.400000e-06	1.274265e-09	8.732497e-09	8.960235e+00	5.189205e+02
2.410000e-06	1.121529e-09	8.542765e-09	7.886255e+00	5.076222e+02
2.420000e-06	9.683827e-10	8.345585e-09	6.809393e+00	4.959851e+02
2.430000e-06	8.148937e-10	8.144844e-09	5.730121e+00	4.839976e+02
2.440000e-06	6.611336e-10	7.938970e-09	4.648942e+00	4.716369e+02
2.450000e-06	5.071542e-10	7.725046e-09	3.566221e+00	4.588658e+02
2.460000e-06	3.529933e-10	7.499690e-09	2.482224e+00	4.456315e+02
2.470000e-06	1.987122e-10	7.266133e-09	1.397380e+00	4.318693e+02
2.480000e-06	4.437842e-11	7.023846e-09	3.121677e-01	4.175085e+02
2.490000e-06	-1.099623e-10	6.771066e-09	-7.730942e-01	4.024801e+02
2.500000e-06	-2.642534e-10	6.507140e-09	-1.858007e+00	3.867252e+02
2.510000e-06	-4.184229e-10	6.231705e-09	-2.942065e+00	3.702002e+02
2.520000e-06	-5.724291e-10	5.945123e-09	-4.024974e+00	3.528795e+02
2.530000e-06	-7.262329e-10	5.640757e-09	-5.106461e+00	3.347524e+02
2.540000e-06	-8.797658e-10	5.319021e-09	-6.186043e+00	3.158166e+02
2.550000e-06	-1.032955e-09	4.982705e-09	-7.263207e+00	2.960686e+02
2.560000e-06	-1.185744e-09	4.635559e-09	-8.337558e+00	2.754919e+02
2.570000e-06	-1.338078e-09	4.275226e-09	-9.408708e+00	2.540467e+02
2.580000e-06	-1.489895e-09	3.900175e-09	-1.047623e+01	2.316628e+02
2.590000e-06	-1.641157e-09	3.508845e-09	-1.153984e+01	2.082369e+02
2.600000e-06	-1.791813e-09	3.097626e-09	-1.259919e+01	1.836366e+02
2.610000e-06	-1.941825e-09	2.662635e-09	-1.365402e+01	1.577117e+02
2.620000e-06	-2.091163e-09	2.200266e-09	-1.470410e+01	1.303102e+02
2.630000e-06	-2.239749e-09	1.710756e-09	-1.574890e+01	1.013007e+02
2.640000e-06	-2.387506e-09	1.195193e-09	-1.678787e+01	7.059453e+01
2.650000e-06	-2.534415e-09	6.517244e-10	-1.782087e+01	3.816773e+01
2.660000e-06	-2.680449e-09	8.079350e-11	-1.884772e+01	4.077153e+00
2.670000e-06	-2.825531e-09	-5.144293e-10	-1.986788e+01	-3.153111e+01
2.680000e-06	-2.969569e-09	-1.131427e-09	-2.088070e+01	-6.842290e+01
2.690000e-06	-3.112478e-09	-1.765852e-09	-2.188558e+01	-1.062870e+02
2.700000e-06	-3.254200e-09	-2.412100e-09	-2.288211e+01	-1.447546e+02
2.710000e-06	-3.394672e-09	-3.061352e-09	-2.386985e+01	-1.834240e+02
2.720000e-06	-3.533840e-09	-3.707557e-09	-2.484842e+01	-2.218875e+02
2.730000e-06	-3.671689e-09	-4.344904e-09	-2.581772e+01	-2.597570e+02
2.740000e-06	-3.808191e-09	-4.968665e-09	-2.677755e+01	-2.966851e+02
2.750000e-06	-3.943289e-09	-5.570491e-09	-2.772751e+01	-3.323792e+02
2.760000e-06	-4.076961e-09	-6.144967e-09	-2.866743e+01	-3.666105e+02
2.770000e-06	-4.209184e-09	-6.691529e-09	-2.959717e+01	-3.992157e+02
2.780000e-06	-4.339926e-09	-7.209570e-09	-3.051650e+01	-4.300937e+02
2.790000e-06	-4.469170e-09	-7.699774e-09	-3.142529e+01	-4.591996e+02
2.800000e-06	-4.596848e-09	-8.160282e-09	-3.232308e+01	-4.865360e+02
2.810000e-06	-4.722877e-09	-8.591840e-09	-3.320926e+01	-5.121423e+02
2.820000e-06	-4.847223e-09	-8.997308e-09	-3.408361e+01	-5.360852e+02
2.830000e-06	-4.969849e-09	-9.377748e-09	-3.494587e+01	-5.584481e+02
2.840000e-06	-5.090690e-09	-9.732577e-09	-3.579557e+01	-5.793222e+02
2.850000e-06	-5.209623e-09	-1.006345e-08	-3.663187e+01	-5.987990e+02
2.860000e-06	-5.326490e-09	-1.037087e-08	-3.745363e+01	-6.169652e+02
2.870000e-06	-5.441189e-09	-1.065636e-08	-3.826014e+01	-6.339008e+02
2.880000e-06	-5.553701e-09	-1.092071e-08	-3.905128e+01	-6.496788e+02
2.890000e-06	-5.664083e-09	-1.116633e-08	-3.982744e+01	-6.643677e+02
2.900000e-06	-5.772470e-09	-1.139779e-08	-4.058958e+01	-6.780338e+02
2.910000e-06	-5.878945e-09	-1.161481e-08	-4.133827e+01	-6.907434e+02
2.920000e-06	-5.983392e-09	-1.181531e-08	-4.207270e+01	-7.025630e+02
2.930000e-06	-6.085622e-09	-1.200106e-08	-4.279154e+01	-7.135590e+02
2.940000e-06	-6.185609e-09	-1.217470e-08	-4.349462e+01	-7.237944e+02
2.950000e-06	-6.283455e-09	-1.233640e-08	-4.418263e+01	-7.333263e+02
2.960000e-06	-6.379145e-09	-1.248619e-08	-4.485549e+01	-7.422043e+02
2.970000e-06	-6.472544e-09	-1.262562e-08	-4.551223e+01	-7.504698e+02
2.980000e-06	-6.563649e-09	-1.275657e-08	-4.615285e+01	-7.581581e+02
2.990000e-06	-6.652514e-09	-1.287920e-08	-4.677771e+01	-7.653015e+02
3.000000e-06	-6.739006e-09	-1.299326e-08	-4.738589e+01	-7.719326e+02
3.010000e-06	-6.823038e-09	-1.309748e-08	-4.797677e+01	-7.780874e+02
3.020000e-06	-6.904703e-09	-1.319403e-08	-4.855101e+01	-7.838053e+02
3.030000e-06	-6.983912e-09	-1.328468e-08	-4.910797e+01	-7.891282e+02
3.040000e-06	-7.060410e-09	-1.336930e-08	-4.964587e+01	-7.940972e+02
3.050000e-06	-7.134222e-09	-1.344788e-08	-5.016489e+01	-7.987489e+02
3.060000e-06	-7.205456e-09	-1.352180e-08	-5.066578e+01	-8.031122e+02
3.070000e-06	-7.274078e-09	-1.359208e-08	-5.114831e+01	-8.072074e+02
3.080000e-06	-7.340146e-09	-1.365780e-08	-5.161287e+01	-8.110469e+02
3.090000e-06	-7.403673e-09	-1.371734e-08	-5.205957e+01	-8.146376e+02
3.100000e-06	-7.464545e-09	-1.377281e-08	-5.248760e+01	-8.179844e+02
3.110000e-06	-7.522742e-09	-1.382567e-08	-5.289682e+01	-8.210928e+02
3.120000e-06	-7.578206e-09	-1.387409e-08	-5.328682e+01	-8.239710e+02
3.130000e-06	-7.630761e-09	-1.391846e-08	-5.365637e+01	-8.266294e+02
3.140000e-06	-7.680241e-09	-1.396080e-08	-5.400429e+01	-8.290801e+02
3.150000e-06	-7.726724e-09	-1.400115e-08	-5.433115e+01	-8.313349e+02
3.160000e-06	-7.770620e-09	-1.403713e-08	-5.463981e+01	-8.334039e+02
3.170000e-06	-7.812058e-09	-1.406787e-08	-5.493119e+01	-8.352954e+02
3.180000e-06	-7.850769e-09	-1.409538e-08	-5.520339e+01	-8.370160e+02
3.190000e-06	-7.886677e-09	-1.412215e-08	-5.545588e+01	-8.385721e+02
3.200000e-06	-7.919864e-09	-1.414792e-08	-5.568924e+01	-8.399701e+02
3.210000e-06	-7.950182e-09	-1.417166e-08	-5.590242e+01	-8.412176e+02
3.220000e-06	-7.977598e-09	-1.419271e-08	-5.609520e+01	-8.423223e+02
3.230000e-06	-8.002265e-09	-1.421113e-08	-5.626866e+01	-8.432909e+02
3.240000e-06	-8.024083e-09	-1.422609e-08	-5.642207e+01	-8.441284e+02
3.250000e-06	-8.043047e-09	-1.423593e-08	-5.655542e+01	-8.448373e+02
3.260000e-06	-8.059193e-09	-1.424355e-08	-5.666896e+01	-8.454183e+02
3.270000e-06	-8.072247e-09	-1.425217e-08	-5.676075e+01	-8.458719e+02
3.280000e-06	-8.082250e-09	-1.426077e-08	-5.683109e+01	-8.462003e+02
3.290000e-06	-8.089370e-09	-1.426672e-08	-5.688115e+01	-8.464086e+02
3.300000e-06	-8.093604e-09	-1.427175e-08	-5.691093e+01	-8.465047e+02
3.310000e-06	-8.095081e-09	-1.427535e-08	-5.692132e+01	-8.464986e+02
