# Temperatura_=_59.71
# Concentracion g/m^3_=_11780.0
# C_Vs_to_Am_M_A/Vsm_=_59384043850.047264
# pendiente_HvsI_1/m_=_3716.3
# ordenada_HvsI_A/m_=_1297.0
# frecuencia_Hz_=_301501.81078909483

Tiempo_(s)	Campo_(V.s)	Magnetizacion_(V.s)	Campo_(kA/m)	Magnetizacion_(A/m)
0.000000e+00	-8.158242e-06	-1.473140e-08	-5.692422e+01	-8.752056e+02
1.000000e-08	-8.154129e-06	-1.472737e-08	-5.689553e+01	-8.750551e+02
2.000000e-08	-8.147397e-06	-1.472375e-08	-5.684856e+01	-8.748120e+02
3.000000e-08	-8.137829e-06	-1.471729e-08	-5.678179e+01	-8.744539e+02
4.000000e-08	-8.125306e-06	-1.470898e-08	-5.669442e+01	-8.739605e+02
5.000000e-08	-8.109823e-06	-1.470426e-08	-5.658638e+01	-8.733186e+02
6.000000e-08	-8.091570e-06	-1.470858e-08	-5.645902e+01	-8.725254e+02
7.000000e-08	-8.070894e-06	-1.467773e-08	-5.631475e+01	-8.715894e+02
8.000000e-08	-8.047362e-06	-1.458663e-08	-5.615056e+01	-8.705279e+02
9.000000e-08	-8.020421e-06	-1.458710e-08	-5.596258e+01	-8.693628e+02
1.000000e-07	-7.990356e-06	-1.463790e-08	-5.575280e+01	-8.681157e+02
1.100000e-07	-7.957462e-06	-1.461510e-08	-5.552328e+01	-8.668029e+02
1.200000e-07	-7.921866e-06	-1.456048e-08	-5.527491e+01	-8.654317e+02
1.300000e-07	-7.884050e-06	-1.456564e-08	-5.501105e+01	-8.639993e+02
1.400000e-07	-7.844147e-06	-1.455158e-08	-5.473262e+01	-8.624944e+02
1.500000e-07	-7.801562e-06	-1.447365e-08	-5.443549e+01	-8.608997e+02
1.600000e-07	-7.756037e-06	-1.450631e-08	-5.411784e+01	-8.591970e+02
1.700000e-07	-7.707778e-06	-1.439126e-08	-5.378111e+01	-8.573706e+02
1.800000e-07	-7.656319e-06	-1.436296e-08	-5.342205e+01	-8.554106e+02
1.900000e-07	-7.601788e-06	-1.440039e-08	-5.304157e+01	-8.533139e+02
2.000000e-07	-7.544539e-06	-1.431108e-08	-5.264211e+01	-8.510832e+02
2.100000e-07	-7.484600e-06	-1.429331e-08	-5.222388e+01	-8.487250e+02
2.200000e-07	-7.422149e-06	-1.421095e-08	-5.178813e+01	-8.462469e+02
2.300000e-07	-7.356869e-06	-1.421610e-08	-5.133264e+01	-8.436549e+02
2.400000e-07	-7.288786e-06	-1.416975e-08	-5.085759e+01	-8.409524e+02
2.500000e-07	-7.218127e-06	-1.407963e-08	-5.036457e+01	-8.381402e+02
2.600000e-07	-7.144681e-06	-1.404273e-08	-4.985210e+01	-8.352168e+02
2.700000e-07	-7.068411e-06	-1.400516e-08	-4.931992e+01	-8.321799e+02
2.800000e-07	-6.989360e-06	-1.398421e-08	-4.876834e+01	-8.290271e+02
2.900000e-07	-6.907685e-06	-1.387679e-08	-4.819845e+01	-8.257563e+02
3.000000e-07	-6.823686e-06	-1.382968e-08	-4.761235e+01	-8.223658e+02
3.100000e-07	-6.737417e-06	-1.378707e-08	-4.701040e+01	-8.188532e+02
3.200000e-07	-6.648788e-06	-1.371980e-08	-4.639199e+01	-8.152158e+02
3.300000e-07	-6.557748e-06	-1.366134e-08	-4.575676e+01	-8.114506e+02
3.400000e-07	-6.464420e-06	-1.357432e-08	-4.510557e+01	-8.075551e+02
3.500000e-07	-6.368745e-06	-1.352409e-08	-4.443799e+01	-8.035280e+02
3.600000e-07	-6.270628e-06	-1.346072e-08	-4.375338e+01	-7.993697e+02
3.700000e-07	-6.170236e-06	-1.338755e-08	-4.305290e+01	-7.950821e+02
3.800000e-07	-6.067684e-06	-1.329253e-08	-4.233734e+01	-7.906669e+02
3.900000e-07	-5.962966e-06	-1.322346e-08	-4.160666e+01	-7.861244e+02
4.000000e-07	-5.856075e-06	-1.316453e-08	-4.086083e+01	-7.814520e+02
4.100000e-07	-5.747145e-06	-1.307714e-08	-4.010077e+01	-7.766434e+02
4.200000e-07	-5.636178e-06	-1.298798e-08	-3.932650e+01	-7.716905e+02
4.300000e-07	-5.523074e-06	-1.290165e-08	-3.853731e+01	-7.665849e+02
4.400000e-07	-5.407787e-06	-1.282656e-08	-3.773289e+01	-7.613215e+02
4.500000e-07	-5.290424e-06	-1.273081e-08	-3.691399e+01	-7.559002e+02
4.600000e-07	-5.171074e-06	-1.262834e-08	-3.608123e+01	-7.503268e+02
4.700000e-07	-5.049834e-06	-1.252937e-08	-3.523527e+01	-7.446111e+02
4.800000e-07	-4.926789e-06	-1.244500e-08	-3.437673e+01	-7.387635e+02
4.900000e-07	-4.801969e-06	-1.234999e-08	-3.350579e+01	-7.327907e+02
5.000000e-07	-4.675470e-06	-1.223985e-08	-3.262314e+01	-7.266925e+02
5.100000e-07	-4.547278e-06	-1.213221e-08	-3.172868e+01	-7.204602e+02
5.200000e-07	-4.417483e-06	-1.203317e-08	-3.082304e+01	-7.140783e+02
5.300000e-07	-4.286052e-06	-1.192513e-08	-2.990598e+01	-7.075281e+02
5.400000e-07	-4.153050e-06	-1.180173e-08	-2.897795e+01	-7.007923e+02
5.500000e-07	-4.018513e-06	-1.168074e-08	-2.803922e+01	-6.938592e+02
5.600000e-07	-3.882375e-06	-1.156832e-08	-2.708931e+01	-6.867242e+02
5.700000e-07	-3.744890e-06	-1.145156e-08	-2.613001e+01	-6.793883e+02
5.800000e-07	-3.606102e-06	-1.131961e-08	-2.516162e+01	-6.718551e+02
5.900000e-07	-3.465799e-06	-1.118863e-08	-2.418266e+01	-6.641260e+02
6.000000e-07	-3.324023e-06	-1.106164e-08	-2.319341e+01	-6.561973e+02
6.100000e-07	-3.180975e-06	-1.093038e-08	-2.219529e+01	-6.480591e+02
6.200000e-07	-3.036806e-06	-1.078484e-08	-2.118935e+01	-6.396979e+02
6.300000e-07	-2.891540e-06	-1.063626e-08	-2.017575e+01	-6.311003e+02
6.400000e-07	-2.745219e-06	-1.049062e-08	-1.915480e+01	-6.222577e+02
6.500000e-07	-2.597953e-06	-1.034467e-08	-1.812725e+01	-6.131682e+02
6.600000e-07	-2.449803e-06	-1.018789e-08	-1.709353e+01	-6.038363e+02
6.700000e-07	-2.300870e-06	-1.002209e-08	-1.605435e+01	-5.942682e+02
6.800000e-07	-2.151161e-06	-9.857533e-09	-1.500975e+01	-5.844662e+02
6.900000e-07	-2.000657e-06	-9.694424e-09	-1.395961e+01	-5.744233e+02
7.000000e-07	-1.849428e-06	-9.524286e-09	-1.290440e+01	-5.641202e+02
7.100000e-07	-1.697494e-06	-9.342114e-09	-1.184428e+01	-5.535281e+02
7.200000e-07	-1.544930e-06	-9.156794e-09	-1.077977e+01	-5.426138e+02
7.300000e-07	-1.391845e-06	-8.969705e-09	-9.711612e+00	-5.313480e+02
7.400000e-07	-1.238330e-06	-8.777252e-09	-8.640463e+00	-5.197124e+02
7.500000e-07	-1.084411e-06	-8.573560e-09	-7.566491e+00	-5.077016e+02
7.600000e-07	-9.300450e-07	-8.365345e-09	-6.489400e+00	-4.953206e+02
7.700000e-07	-7.753546e-07	-8.152925e-09	-5.410045e+00	-4.825757e+02
7.800000e-07	-6.204273e-07	-7.933194e-09	-4.329038e+00	-4.694634e+02
7.900000e-07	-4.652910e-07	-7.705455e-09	-3.246574e+00	-4.559596e+02
8.000000e-07	-3.099650e-07	-7.467522e-09	-2.162784e+00	-4.420151e+02
8.100000e-07	-1.544832e-07	-7.223416e-09	-1.077908e+00	-4.275571e+02
8.200000e-07	1.026796e-09	-6.970540e-09	7.164480e-03	-4.124988e+02
8.300000e-07	1.565000e-07	-6.706538e-09	1.091980e+00	-3.967541e+02
8.400000e-07	3.118763e-07	-6.428143e-09	2.176120e+00	-3.802514e+02
8.500000e-07	4.671055e-07	-6.139653e-09	3.259234e+00	-3.629440e+02
8.600000e-07	6.221738e-07	-5.836612e-09	4.341225e+00	-3.448115e+02
8.700000e-07	7.770207e-07	-5.514896e-09	5.421671e+00	-3.258532e+02
8.800000e-07	9.316432e-07	-5.177282e-09	6.500551e+00	-3.060729e+02
8.900000e-07	1.085924e-06	-4.828171e-09	7.577050e+00	-2.854620e+02
9.000000e-07	1.239797e-06	-4.470753e-09	8.650696e+00	-2.639829e+02
9.100000e-07	1.393267e-06	-4.095089e-09	9.721535e+00	-2.415596e+02
9.200000e-07	1.546247e-06	-3.696826e-09	1.078895e+01	-2.180761e+02
9.300000e-07	1.698697e-06	-3.275835e-09	1.185268e+01	-1.933841e+02
9.400000e-07	1.850536e-06	-2.834873e-09	1.291214e+01	-1.673178e+02
9.500000e-07	2.001709e-06	-2.367658e-09	1.396695e+01	-1.397120e+02
9.600000e-07	2.152221e-06	-1.869730e-09	1.501715e+01	-1.104228e+02
9.700000e-07	2.301934e-06	-1.341343e-09	1.606177e+01	-7.934571e+01
9.800000e-07	2.450684e-06	-7.845604e-10	1.709968e+01	-4.643323e+01
9.900000e-07	2.598498e-06	-1.997319e-10	1.813105e+01	-1.170844e+01
1.000000e-06	2.745401e-06	4.188892e-10	1.915607e+01	2.472398e+01
1.010000e-06	2.891364e-06	1.063999e-09	2.017452e+01	6.267128e+01
1.020000e-06	3.036308e-06	1.726487e-09	2.118588e+01	1.018522e+02
1.030000e-06	3.180140e-06	2.401569e-09	2.218947e+01	1.419048e+02
1.040000e-06	3.322783e-06	3.087113e-09	2.318476e+01	1.824036e+02
1.050000e-06	3.464103e-06	3.774728e-09	2.417082e+01	2.228861e+02
1.060000e-06	3.604123e-06	4.450383e-09	2.514781e+01	2.628858e+02
1.070000e-06	3.742874e-06	5.107800e-09	2.611594e+01	3.019674e+02
1.080000e-06	3.880228e-06	5.744046e-09	2.707434e+01	3.397577e+02
1.090000e-06	4.016115e-06	6.355319e-09	2.802249e+01	3.759678e+02
1.100000e-06	4.150530e-06	6.934618e-09	2.896037e+01	4.104022e+02
1.110000e-06	4.283383e-06	7.481904e-09	2.988736e+01	4.429540e+02
1.120000e-06	4.414678e-06	7.998414e-09	3.080346e+01	4.735901e+02
1.130000e-06	4.544504e-06	8.483815e-09	3.170933e+01	5.023299e+02
1.140000e-06	4.672734e-06	8.937912e-09	3.260405e+01	5.292245e+02
1.150000e-06	4.799306e-06	9.359322e-09	3.348721e+01	5.543403e+02
1.160000e-06	4.924155e-06	9.750837e-09	3.435835e+01	5.777501e+02
1.170000e-06	5.047241e-06	1.011608e-08	3.521718e+01	5.995310e+02
1.180000e-06	5.168578e-06	1.045629e-08	3.606381e+01	6.197669e+02
1.190000e-06	5.288009e-06	1.076963e-08	3.689715e+01	6.385510e+02
1.200000e-06	5.405390e-06	1.106017e-08	3.771617e+01	6.559861e+02
1.210000e-06	5.520751e-06	1.133217e-08	3.852110e+01	6.721808e+02
1.220000e-06	5.634084e-06	1.158809e-08	3.931188e+01	6.872422e+02
1.230000e-06	5.745344e-06	1.182396e-08	4.008820e+01	7.012678e+02
1.240000e-06	5.854527e-06	1.204090e-08	4.085003e+01	7.143393e+02
1.250000e-06	5.961587e-06	1.224337e-08	4.159704e+01	7.265205e+02
1.260000e-06	6.066515e-06	1.243542e-08	4.232918e+01	7.378612e+02
1.270000e-06	6.169307e-06	1.261628e-08	4.304641e+01	7.484032e+02
1.280000e-06	6.269856e-06	1.278220e-08	4.374799e+01	7.581890e+02
1.290000e-06	6.368089e-06	1.293481e-08	4.443341e+01	7.672671e+02
1.300000e-06	6.464023e-06	1.307394e-08	4.510279e+01	7.756937e+02
1.310000e-06	6.557661e-06	1.320314e-08	4.575616e+01	7.835298e+02
1.320000e-06	6.649042e-06	1.332249e-08	4.639377e+01	7.908346e+02
1.330000e-06	6.738105e-06	1.343443e-08	4.701521e+01	7.976595e+02
1.340000e-06	6.824785e-06	1.354156e-08	4.762001e+01	8.040430e+02
1.350000e-06	6.909061e-06	1.364360e-08	4.820805e+01	8.100113e+02
1.360000e-06	6.990909e-06	1.373768e-08	4.877915e+01	8.155818e+02
1.370000e-06	7.070232e-06	1.382389e-08	4.933263e+01	8.207703e+02
1.380000e-06	7.146922e-06	1.390557e-08	4.986773e+01	8.255974e+02
1.390000e-06	7.220995e-06	1.398199e-08	5.038458e+01	8.300925e+02
1.400000e-06	7.292430e-06	1.405047e-08	5.088301e+01	8.342926e+02
1.410000e-06	7.361244e-06	1.411589e-08	5.136316e+01	8.382378e+02
1.420000e-06	7.427471e-06	1.418153e-08	5.182526e+01	8.419635e+02
1.430000e-06	7.491042e-06	1.424177e-08	5.226883e+01	8.454931e+02
1.440000e-06	7.552008e-06	1.429690e-08	5.269423e+01	8.488342e+02
1.450000e-06	7.610429e-06	1.435010e-08	5.310186e+01	8.519795e+02
1.460000e-06	7.666091e-06	1.440078e-08	5.349024e+01	8.549121e+02
1.470000e-06	7.718760e-06	1.444638e-08	5.385774e+01	8.576148e+02
1.480000e-06	7.768328e-06	1.448672e-08	5.420360e+01	8.600778e+02
1.490000e-06	7.814924e-06	1.452465e-08	5.452872e+01	8.623054e+02
1.500000e-06	7.858695e-06	1.455937e-08	5.483413e+01	8.643164e+02
1.510000e-06	7.899597e-06	1.458824e-08	5.511953e+01	8.661401e+02
1.520000e-06	7.937733e-06	1.461287e-08	5.538562e+01	8.678091e+02
1.530000e-06	7.973174e-06	1.463854e-08	5.563291e+01	8.693500e+02
1.540000e-06	8.005804e-06	1.466402e-08	5.586059e+01	8.707774e+02
1.550000e-06	8.035633e-06	1.468653e-08	5.606872e+01	8.720909e+02
1.560000e-06	8.062642e-06	1.470754e-08	5.625718e+01	8.732776e+02
1.570000e-06	8.086729e-06	1.472596e-08	5.642524e+01	8.743177e+02
1.580000e-06	8.108047e-06	1.473966e-08	5.657399e+01	8.751925e+02
1.590000e-06	8.126607e-06	1.474917e-08	5.670349e+01	8.758917e+02
1.600000e-06	8.142209e-06	1.475620e-08	5.681236e+01	8.764177e+02
1.610000e-06	8.154808e-06	1.476154e-08	5.690027e+01	8.767856e+02
1.620000e-06	8.164296e-06	1.476659e-08	5.696647e+01	8.770201e+02
1.630000e-06	8.170757e-06	1.476873e-08	5.701155e+01	8.771487e+02
1.640000e-06	8.174340e-06	1.476829e-08	5.703655e+01	8.771951e+02
1.650000e-06	8.175049e-06	1.476860e-08	5.704150e+01	8.771734e+02
1.660000e-06	8.173082e-06	1.477571e-08	5.702777e+01	8.770850e+02
1.670000e-06	8.168456e-06	1.477251e-08	5.699550e+01	8.769194e+02
1.680000e-06	8.161060e-06	1.476183e-08	5.694389e+01	8.766572e+02
1.690000e-06	8.151002e-06	1.475325e-08	5.687371e+01	8.762761e+02
1.700000e-06	8.138118e-06	1.474034e-08	5.678381e+01	8.757567e+02
1.710000e-06	8.122390e-06	1.471062e-08	5.667407e+01	8.750874e+02
1.720000e-06	8.104245e-06	1.467888e-08	5.654746e+01	8.742677e+02
1.730000e-06	8.083697e-06	1.476851e-08	5.640409e+01	8.733076e+02
1.740000e-06	8.060059e-06	1.476224e-08	5.623916e+01	8.722257e+02
1.750000e-06	8.032702e-06	1.466701e-08	5.604827e+01	8.710443e+02
1.760000e-06	8.001785e-06	1.464167e-08	5.583255e+01	8.697844e+02
1.770000e-06	7.967977e-06	1.462881e-08	5.559665e+01	8.684607e+02
1.780000e-06	7.931803e-06	1.454319e-08	5.534425e+01	8.670788e+02
1.790000e-06	7.893344e-06	1.458691e-08	5.507590e+01	8.656344e+02
1.800000e-06	7.852645e-06	1.457436e-08	5.479192e+01	8.641145e+02
1.810000e-06	7.809508e-06	1.444468e-08	5.449093e+01	8.625017e+02
1.820000e-06	7.763721e-06	1.457453e-08	5.417146e+01	8.607778e+02
1.830000e-06	7.715112e-06	1.446215e-08	5.383228e+01	8.589279e+02
1.840000e-06	7.663430e-06	1.444134e-08	5.347167e+01	8.569433e+02
1.850000e-06	7.608791e-06	1.441146e-08	5.309043e+01	8.548221e+02
1.860000e-06	7.551291e-06	1.429750e-08	5.268922e+01	8.525679e+02
1.870000e-06	7.491154e-06	1.439214e-08	5.226961e+01	8.501876e+02
1.880000e-06	7.428326e-06	1.423982e-08	5.183123e+01	8.476885e+02
1.890000e-06	7.362699e-06	1.424914e-08	5.137332e+01	8.450765e+02
1.900000e-06	7.294357e-06	1.420872e-08	5.089646e+01	8.423543e+02
1.910000e-06	7.223137e-06	1.413138e-08	5.039952e+01	8.395222e+02
1.920000e-06	7.149233e-06	1.413659e-08	4.988386e+01	8.365785e+02
1.930000e-06	7.072593e-06	1.399304e-08	4.934910e+01	8.335209e+02
1.940000e-06	6.993193e-06	1.402127e-08	4.879508e+01	8.303469e+02
1.950000e-06	6.911377e-06	1.391472e-08	4.822421e+01	8.270548e+02
1.960000e-06	6.827081e-06	1.388782e-08	4.763604e+01	8.236424e+02
1.970000e-06	6.740227e-06	1.383063e-08	4.703001e+01	8.201076e+02
1.980000e-06	6.650945e-06	1.372591e-08	4.640705e+01	8.164474e+02
1.990000e-06	6.559412e-06	1.372183e-08	4.576837e+01	8.126589e+02
2.000000e-06	6.465558e-06	1.360485e-08	4.511350e+01	8.087398e+02
2.010000e-06	6.369357e-06	1.357645e-08	4.444226e+01	8.046890e+02
2.020000e-06	6.271004e-06	1.346227e-08	4.375601e+01	8.005072e+02
2.030000e-06	6.170443e-06	1.342613e-08	4.305434e+01	7.961965e+02
2.040000e-06	6.067524e-06	1.334248e-08	4.233622e+01	7.917585e+02
2.050000e-06	5.962350e-06	1.325666e-08	4.160236e+01	7.871929e+02
2.060000e-06	5.855123e-06	1.318109e-08	4.085419e+01	7.824965e+02
2.070000e-06	5.745878e-06	1.308362e-08	4.009193e+01	7.776626e+02
2.080000e-06	5.634501e-06	1.302572e-08	3.931480e+01	7.726828e+02
2.090000e-06	5.520904e-06	1.291290e-08	3.852217e+01	7.675491e+02
2.100000e-06	5.405175e-06	1.283997e-08	3.771467e+01	7.622571e+02
2.110000e-06	5.287408e-06	1.273396e-08	3.689295e+01	7.568079e+02
2.120000e-06	5.167607e-06	1.266132e-08	3.605704e+01	7.512081e+02
2.130000e-06	5.045941e-06	1.254548e-08	3.520811e+01	7.454680e+02
2.140000e-06	4.922432e-06	1.244688e-08	3.434633e+01	7.395975e+02
2.150000e-06	4.797128e-06	1.234313e-08	3.347202e+01	7.336024e+02
2.160000e-06	4.670120e-06	1.224625e-08	3.258582e+01	7.274809e+02
2.170000e-06	4.541454e-06	1.214143e-08	3.168805e+01	7.212230e+02
2.180000e-06	4.411221e-06	1.202565e-08	3.077934e+01	7.148123e+02
2.190000e-06	4.279373e-06	1.192360e-08	2.985938e+01	7.082299e+02
2.200000e-06	4.146024e-06	1.180456e-08	2.892893e+01	7.014593e+02
2.210000e-06	4.011273e-06	1.169354e-08	2.798870e+01	6.944902e+02
2.220000e-06	3.874979e-06	1.156084e-08	2.703771e+01	6.873189e+02
2.230000e-06	3.737166e-06	1.144507e-08	2.607612e+01	6.799473e+02
2.240000e-06	3.597941e-06	1.131651e-08	2.510467e+01	6.723790e+02
2.250000e-06	3.457382e-06	1.118944e-08	2.412392e+01	6.646145e+02
2.260000e-06	3.315613e-06	1.105023e-08	2.313473e+01	6.566491e+02
2.270000e-06	3.172613e-06	1.091203e-08	2.213695e+01	6.484719e+02
2.280000e-06	3.028395e-06	1.077142e-08	2.113066e+01	6.400692e+02
2.290000e-06	2.883105e-06	1.062311e-08	2.011690e+01	6.314281e+02
2.300000e-06	2.736825e-06	1.047078e-08	1.909623e+01	6.225411e+02
2.310000e-06	2.589527e-06	1.031598e-08	1.806845e+01	6.134077e+02
2.320000e-06	2.441302e-06	1.016216e-08	1.703422e+01	6.040330e+02
2.330000e-06	2.292269e-06	9.997660e-09	1.599433e+01	5.944230e+02
2.340000e-06	2.142462e-06	9.828210e-09	1.494905e+01	5.845787e+02
2.350000e-06	1.991931e-06	9.656595e-09	1.389872e+01	5.744908e+02
2.360000e-06	1.840738e-06	9.484394e-09	1.284377e+01	5.641384e+02
2.370000e-06	1.688851e-06	9.306761e-09	1.178398e+01	5.534909e+02
2.380000e-06	1.536342e-06	9.120277e-09	1.071984e+01	5.425155e+02
2.390000e-06	1.383291e-06	8.926618e-09	9.651926e+00	5.311845e+02
2.400000e-06	1.229728e-06	8.730621e-09	8.580440e+00	5.194817e+02
2.410000e-06	1.075677e-06	8.525416e-09	7.505549e+00	5.074041e+02
2.420000e-06	9.212229e-07	8.314364e-09	6.427843e+00	4.949576e+02
2.430000e-06	7.664074e-07	8.095718e-09	5.347617e+00	4.821477e+02
2.440000e-06	6.112796e-07	7.876163e-09	4.265211e+00	4.689677e+02
2.450000e-06	4.559630e-07	7.650473e-09	3.181487e+00	4.553894e+02
2.460000e-06	3.004918e-07	7.413139e-09	2.096685e+00	4.413589e+02
2.470000e-06	1.449464e-07	7.166444e-09	1.011365e+00	4.268001e+02
2.480000e-06	-1.063677e-08	6.910644e-09	-7.421819e-02	4.116251e+02
2.490000e-06	-1.662132e-07	6.644695e-09	-1.159755e+00	3.957495e+02
2.500000e-06	-3.217228e-07	6.363476e-09	-2.244825e+00	3.791055e+02
2.510000e-06	-4.770796e-07	6.070773e-09	-3.328829e+00	3.616514e+02
2.520000e-06	-6.322181e-07	5.763395e-09	-4.411309e+00	3.433710e+02
2.530000e-06	-7.871822e-07	5.440010e-09	-5.492573e+00	3.242655e+02
2.540000e-06	-9.418950e-07	5.101437e-09	-6.572083e+00	3.043380e+02
2.550000e-06	-1.096200e-06	4.750022e-09	-7.648746e+00	2.835757e+02
2.560000e-06	-1.250037e-06	4.387478e-09	-8.722148e+00	2.619345e+02
2.570000e-06	-1.403371e-06	4.009558e-09	-9.792038e+00	2.393313e+02
2.580000e-06	-1.556134e-06	3.613125e-09	-1.085794e+01	2.156434e+02
2.590000e-06	-1.708269e-06	3.196467e-09	-1.191947e+01	1.907182e+02
2.600000e-06	-1.859717e-06	2.756122e-09	-1.297620e+01	1.643886e+02
2.610000e-06	-2.010532e-06	2.287410e-09	-1.402851e+01	1.364917e+02
2.620000e-06	-2.160695e-06	1.789512e-09	-1.507627e+01	1.068892e+02
2.630000e-06	-2.310102e-06	1.262157e-09	-1.611876e+01	7.548582e+01
2.640000e-06	-2.458696e-06	7.058489e-10	-1.715558e+01	4.224560e+01
2.650000e-06	-2.606467e-06	1.201724e-10	-1.818665e+01	7.205533e+00
2.660000e-06	-2.753356e-06	-4.955672e-10	-1.921158e+01	-2.951431e+01
2.670000e-06	-2.899211e-06	-1.136302e-09	-2.022928e+01	-6.770518e+01
2.680000e-06	-3.043886e-06	-1.796469e-09	-2.123875e+01	-1.070706e+02
2.690000e-06	-3.187389e-06	-2.471300e-09	-2.224004e+01	-1.472357e+02
2.700000e-06	-3.329807e-06	-3.151892e-09	-2.323377e+01	-1.877663e+02
2.710000e-06	-3.471016e-06	-3.831074e-09	-2.421905e+01	-2.281966e+02
2.720000e-06	-3.610907e-06	-4.500898e-09	-2.519514e+01	-2.680630e+02
2.730000e-06	-3.749425e-06	-5.154560e-09	-2.616166e+01	-3.069393e+02
2.740000e-06	-3.886416e-06	-5.785589e-09	-2.711751e+01	-3.444662e+02
2.750000e-06	-4.021946e-06	-6.389236e-09	-2.806318e+01	-3.803710e+02
2.760000e-06	-4.156146e-06	-6.964128e-09	-2.899956e+01	-4.144749e+02
2.770000e-06	-4.288941e-06	-7.507512e-09	-2.992613e+01	-4.466854e+02
2.780000e-06	-4.420265e-06	-8.017367e-09	-3.084245e+01	-4.769805e+02
2.790000e-06	-4.549981e-06	-8.495432e-09	-3.174754e+01	-5.053867e+02
2.800000e-06	-4.677974e-06	-8.943751e-09	-3.264062e+01	-5.319587e+02
2.810000e-06	-4.804327e-06	-9.362740e-09	-3.352225e+01	-5.567646e+02
2.820000e-06	-4.929041e-06	-9.753447e-09	-3.439244e+01	-5.798778e+02
2.830000e-06	-5.052006e-06	-1.011689e-08	-3.525043e+01	-6.013767e+02
2.840000e-06	-5.173020e-06	-1.045441e-08	-3.609481e+01	-6.213464e+02
2.850000e-06	-5.292080e-06	-1.076715e-08	-3.692555e+01	-6.398820e+02
2.860000e-06	-5.409274e-06	-1.105622e-08	-3.774327e+01	-6.570877e+02
2.870000e-06	-5.524306e-06	-1.132557e-08	-3.854591e+01	-6.730725e+02
2.880000e-06	-5.637071e-06	-1.157830e-08	-3.933273e+01	-6.879424e+02
2.890000e-06	-5.747703e-06	-1.181347e-08	-4.010467e+01	-7.017924e+02
2.900000e-06	-5.856275e-06	-1.203125e-08	-4.086222e+01	-7.147008e+02
2.910000e-06	-5.962810e-06	-1.223257e-08	-4.160558e+01	-7.267289e+02
2.920000e-06	-6.067222e-06	-1.241922e-08	-4.233411e+01	-7.379241e+02
2.930000e-06	-6.169461e-06	-1.259287e-08	-4.304748e+01	-7.483280e+02
2.940000e-06	-6.269512e-06	-1.275379e-08	-4.374559e+01	-7.579838e+02
2.950000e-06	-6.367333e-06	-1.290438e-08	-4.442814e+01	-7.669415e+02
2.960000e-06	-6.462878e-06	-1.304806e-08	-4.509481e+01	-7.752583e+02
2.970000e-06	-6.556192e-06	-1.318274e-08	-4.574591e+01	-7.829955e+02
2.980000e-06	-6.647245e-06	-1.330567e-08	-4.638123e+01	-7.902114e+02
2.990000e-06	-6.735906e-06	-1.341991e-08	-4.699986e+01	-7.969552e+02
3.000000e-06	-6.822221e-06	-1.352594e-08	-4.760213e+01	-8.032631e+02
3.010000e-06	-6.906175e-06	-1.362387e-08	-4.818791e+01	-8.091594e+02
3.020000e-06	-6.987639e-06	-1.371378e-08	-4.875633e+01	-8.146607e+02
3.030000e-06	-7.066525e-06	-1.379846e-08	-4.930676e+01	-8.197831e+02
3.040000e-06	-7.142742e-06	-1.387991e-08	-4.983856e+01	-8.245487e+02
3.050000e-06	-7.216255e-06	-1.395711e-08	-5.035150e+01	-8.289884e+02
3.060000e-06	-7.287124e-06	-1.402791e-08	-5.084600e+01	-8.331402e+02
3.070000e-06	-7.355401e-06	-1.409210e-08	-5.132240e+01	-8.370441e+02
3.080000e-06	-7.421121e-06	-1.415224e-08	-5.178096e+01	-8.407337e+02
3.090000e-06	-7.484255e-06	-1.420987e-08	-5.222148e+01	-8.442297e+02
3.100000e-06	-7.544697e-06	-1.426403e-08	-5.264321e+01	-8.475370e+02
3.110000e-06	-7.602412e-06	-1.431482e-08	-5.304591e+01	-8.506458e+02
3.120000e-06	-7.657337e-06	-1.436457e-08	-5.342916e+01	-8.535388e+02
3.130000e-06	-7.709274e-06	-1.441235e-08	-5.379155e+01	-8.561991e+02
3.140000e-06	-7.758111e-06	-1.445532e-08	-5.413231e+01	-8.586196e+02
3.150000e-06	-7.804045e-06	-1.449252e-08	-5.445281e+01	-8.608069e+02
3.160000e-06	-7.847367e-06	-1.452436e-08	-5.475509e+01	-8.627823e+02
3.170000e-06	-7.888109e-06	-1.455219e-08	-5.503937e+01	-8.645763e+02
3.180000e-06	-7.926146e-06	-1.457721e-08	-5.530478e+01	-8.662208e+02
3.190000e-06	-7.961414e-06	-1.460201e-08	-5.555086e+01	-8.677410e+02
3.200000e-06	-7.993911e-06	-1.462781e-08	-5.577761e+01	-8.691487e+02
3.210000e-06	-8.023535e-06	-1.465294e-08	-5.598431e+01	-8.704411e+02
3.220000e-06	-8.050277e-06	-1.467629e-08	-5.617090e+01	-8.716033e+02
3.230000e-06	-8.074219e-06	-1.469554e-08	-5.633795e+01	-8.726152e+02
3.240000e-06	-8.095272e-06	-1.471053e-08	-5.648485e+01	-8.734593e+02
3.250000e-06	-8.113479e-06	-1.471930e-08	-5.661189e+01	-8.741272e+02
3.260000e-06	-8.128709e-06	-1.472404e-08	-5.671816e+01	-8.746237e+02
3.270000e-06	-8.140788e-06	-1.472885e-08	-5.680244e+01	-8.749660e+02
3.280000e-06	-8.149877e-06	-1.473444e-08	-5.686586e+01	-8.751797e+02
3.290000e-06	-8.156067e-06	-1.473993e-08	-5.690905e+01	-8.752923e+02
3.300000e-06	-8.159410e-06	-1.474680e-08	-5.693238e+01	-8.753261e+02
3.310000e-06	-8.160004e-06	-1.474519e-08	-5.693652e+01	-8.752929e+02
