# Temperatura_=_63.72
# Concentracion g/m^3_=_11780.0
# C_Vs_to_Am_M_A/Vsm_=_59384043850.047264
# pendiente_HvsI_1/m_=_3716.3
# ordenada_HvsI_A/m_=_1297.0
# frecuencia_Hz_=_301503.5144436781

Tiempo_(s)	Campo_(V.s)	Magnetizacion_(V.s)	Campo_(kA/m)	Magnetizacion_(A/m)
0.000000e+00	-8.178980e-06	-1.491330e-08	-5.692473e+01	-8.850967e+02
1.000000e-08	-8.175271e-06	-1.490548e-08	-5.689892e+01	-8.848386e+02
2.000000e-08	-8.168984e-06	-1.489915e-08	-5.685516e+01	-8.844812e+02
3.000000e-08	-8.159959e-06	-1.489371e-08	-5.679234e+01	-8.840216e+02
4.000000e-08	-8.147987e-06	-1.488560e-08	-5.670903e+01	-8.834534e+02
5.000000e-08	-8.133033e-06	-1.487327e-08	-5.660495e+01	-8.827690e+02
6.000000e-08	-8.115261e-06	-1.486208e-08	-5.648125e+01	-8.819629e+02
7.000000e-08	-8.095042e-06	-1.484638e-08	-5.634053e+01	-8.810347e+02
8.000000e-08	-8.072005e-06	-1.480379e-08	-5.618019e+01	-8.799912e+02
9.000000e-08	-8.045534e-06	-1.477941e-08	-5.599597e+01	-8.788449e+02
1.000000e-07	-8.015877e-06	-1.478069e-08	-5.578955e+01	-8.776119e+02
1.100000e-07	-7.983467e-06	-1.476766e-08	-5.556399e+01	-8.763067e+02
1.200000e-07	-7.948338e-06	-1.473560e-08	-5.531949e+01	-8.749375e+02
1.300000e-07	-7.910812e-06	-1.471177e-08	-5.505831e+01	-8.735031e+02
1.400000e-07	-7.871176e-06	-1.471077e-08	-5.478245e+01	-8.719923e+02
1.500000e-07	-7.828983e-06	-1.467175e-08	-5.448880e+01	-8.703867e+02
1.600000e-07	-7.783887e-06	-1.464574e-08	-5.417493e+01	-8.686657e+02
1.700000e-07	-7.736054e-06	-1.460221e-08	-5.384202e+01	-8.668122e+02
1.800000e-07	-7.685113e-06	-1.454236e-08	-5.348747e+01	-8.648175e+02
1.900000e-07	-7.631010e-06	-1.452306e-08	-5.311093e+01	-8.626826e+02
2.000000e-07	-7.574148e-06	-1.448700e-08	-5.271517e+01	-8.604171e+02
2.100000e-07	-7.514560e-06	-1.444453e-08	-5.230045e+01	-8.580350e+02
2.200000e-07	-7.452381e-06	-1.439607e-08	-5.186769e+01	-8.555491e+02
2.300000e-07	-7.387386e-06	-1.437670e-08	-5.141533e+01	-8.529663e+02
2.400000e-07	-7.319605e-06	-1.434327e-08	-5.094358e+01	-8.502857e+02
2.500000e-07	-7.249273e-06	-1.426489e-08	-5.045408e+01	-8.474988e+02
2.600000e-07	-7.176099e-06	-1.420713e-08	-4.994480e+01	-8.445931e+02
2.700000e-07	-7.100132e-06	-1.415798e-08	-4.941608e+01	-8.415565e+02
2.800000e-07	-7.021443e-06	-1.411756e-08	-4.886841e+01	-8.383814e+02
2.900000e-07	-6.940031e-06	-1.406237e-08	-4.830179e+01	-8.350665e+02
3.000000e-07	-6.856266e-06	-1.400009e-08	-4.771880e+01	-8.316166e+02
3.100000e-07	-6.770256e-06	-1.394438e-08	-4.712018e+01	-8.280396e+02
3.200000e-07	-6.681851e-06	-1.388754e-08	-4.650489e+01	-8.243433e+02
3.300000e-07	-6.591028e-06	-1.382414e-08	-4.587277e+01	-8.205320e+02
3.400000e-07	-6.497885e-06	-1.373750e-08	-4.522451e+01	-8.166051e+02
3.500000e-07	-6.402433e-06	-1.366868e-08	-4.456018e+01	-8.125577e+02
3.600000e-07	-6.304558e-06	-1.360956e-08	-4.387897e+01	-8.083825e+02
3.700000e-07	-6.204301e-06	-1.354241e-08	-4.318120e+01	-8.040722e+02
3.800000e-07	-6.101877e-06	-1.346298e-08	-4.246834e+01	-7.996211e+02
3.900000e-07	-5.997291e-06	-1.338334e-08	-4.174043e+01	-7.950261e+02
4.000000e-07	-5.890530e-06	-1.331371e-08	-4.099739e+01	-7.902852e+02
4.100000e-07	-5.781688e-06	-1.323423e-08	-4.023986e+01	-7.853968e+02
4.200000e-07	-5.670790e-06	-1.314356e-08	-3.946802e+01	-7.803577e+02
4.300000e-07	-5.557743e-06	-1.304884e-08	-3.868123e+01	-7.751635e+02
4.400000e-07	-5.442458e-06	-1.296457e-08	-3.787886e+01	-7.698097e+02
4.500000e-07	-5.325066e-06	-1.287752e-08	-3.706183e+01	-7.642934e+02
4.600000e-07	-5.205763e-06	-1.278081e-08	-3.623149e+01	-7.586157e+02
4.700000e-07	-5.084578e-06	-1.267819e-08	-3.538806e+01	-7.527816e+02
4.800000e-07	-4.961493e-06	-1.257822e-08	-3.453140e+01	-7.467992e+02
4.900000e-07	-4.836644e-06	-1.248105e-08	-3.366247e+01	-7.406767e+02
5.000000e-07	-4.710083e-06	-1.237360e-08	-3.278162e+01	-7.344185e+02
5.100000e-07	-4.581878e-06	-1.225949e-08	-3.188933e+01	-7.280230e+02
5.200000e-07	-4.451991e-06	-1.215140e-08	-3.098533e+01	-7.214808e+02
5.300000e-07	-4.320412e-06	-1.204868e-08	-3.006955e+01	-7.147761e+02
5.400000e-07	-4.187294e-06	-1.193386e-08	-2.914307e+01	-7.078908e+02
5.500000e-07	-4.052718e-06	-1.180743e-08	-2.820643e+01	-7.008081e+02
5.600000e-07	-3.916728e-06	-1.168174e-08	-2.725996e+01	-6.935166e+02
5.700000e-07	-3.779215e-06	-1.155902e-08	-2.630289e+01	-6.860117e+02
5.800000e-07	-3.640196e-06	-1.143043e-08	-2.533533e+01	-6.782951e+02
5.900000e-07	-3.499771e-06	-1.129536e-08	-2.435799e+01	-6.703716e+02
6.000000e-07	-3.357983e-06	-1.116041e-08	-2.337116e+01	-6.622454e+02
6.100000e-07	-3.214776e-06	-1.102443e-08	-2.237446e+01	-6.539168e+02
6.200000e-07	-3.070275e-06	-1.088018e-08	-2.136875e+01	-6.453812e+02
6.300000e-07	-2.924766e-06	-1.072686e-08	-2.035602e+01	-6.366298e+02
6.400000e-07	-2.778251e-06	-1.057151e-08	-1.933630e+01	-6.276523e+02
6.500000e-07	-2.630798e-06	-1.042077e-08	-1.831004e+01	-6.184394e+02
6.600000e-07	-2.482588e-06	-1.026806e-08	-1.727852e+01	-6.089846e+02
6.700000e-07	-2.333584e-06	-1.010631e-08	-1.624147e+01	-5.992838e+02
6.800000e-07	-2.183679e-06	-9.935558e-09	-1.519815e+01	-5.893332e+02
6.900000e-07	-2.032894e-06	-9.761385e-09	-1.414870e+01	-5.791257e+02
7.000000e-07	-1.881406e-06	-9.585972e-09	-1.309436e+01	-5.686491e+02
7.100000e-07	-1.729325e-06	-9.402150e-09	-1.203589e+01	-5.578854e+02
7.200000e-07	-1.576567e-06	-9.212587e-09	-1.097272e+01	-5.468129e+02
7.300000e-07	-1.423174e-06	-9.022498e-09	-9.905121e+00	-5.354101e+02
7.400000e-07	-1.269214e-06	-8.831503e-09	-8.833582e+00	-5.236602e+02
7.500000e-07	-1.114747e-06	-8.630981e-09	-7.758508e+00	-5.115529e+02
7.600000e-07	-9.598798e-07	-8.417968e-09	-6.680650e+00	-4.990837e+02
7.700000e-07	-8.046910e-07	-8.197218e-09	-5.600554e+00	-4.862487e+02
7.800000e-07	-6.492591e-07	-7.974377e-09	-4.518766e+00	-4.730372e+02
7.900000e-07	-4.936539e-07	-7.747439e-09	-3.435772e+00	-4.594239e+02
8.000000e-07	-3.379425e-07	-7.510851e-09	-2.352040e+00	-4.453636e+02
8.100000e-07	-1.821239e-07	-7.263972e-09	-1.267561e+00	-4.307914e+02
8.200000e-07	-2.620511e-08	-7.010656e-09	-1.823845e-01	-4.156280e+02
8.300000e-07	1.297173e-07	-6.748408e-09	9.028170e-01	-3.997903e+02
8.400000e-07	2.855673e-07	-6.466795e-09	1.987514e+00	-3.832033e+02
8.500000e-07	4.413094e-07	-6.169709e-09	3.071461e+00	-3.658098e+02
8.600000e-07	5.969312e-07	-5.863635e-09	4.154570e+00	-3.475758e+02
8.700000e-07	7.523690e-07	-5.544144e-09	5.236399e+00	-3.284872e+02
8.800000e-07	9.075066e-07	-5.205177e-09	6.316138e+00	-3.085407e+02
8.900000e-07	1.062340e-06	-4.850341e-09	7.393764e+00	-2.877281e+02
9.000000e-07	1.216822e-06	-4.486309e-09	8.468935e+00	-2.660209e+02
9.100000e-07	1.370868e-06	-4.108181e-09	9.541079e+00	-2.433566e+02
9.200000e-07	1.524393e-06	-3.707269e-09	1.060960e+01	-2.196325e+02
9.300000e-07	1.677263e-06	-3.282564e-09	1.167355e+01	-1.947071e+02
9.400000e-07	1.829488e-06	-2.837857e-09	1.273302e+01	-1.684113e+02
9.500000e-07	1.981125e-06	-2.369657e-09	1.378839e+01	-1.405663e+02
9.600000e-07	2.132051e-06	-1.870114e-09	1.483882e+01	-1.110068e+02
9.700000e-07	2.282128e-06	-1.335551e-09	1.588334e+01	-7.960634e+01
9.800000e-07	2.431344e-06	-7.697150e-10	1.692187e+01	-4.630017e+01
9.900000e-07	2.579614e-06	-1.769166e-10	1.795380e+01	-1.110508e+01
1.000000e-06	2.727006e-06	4.472536e-10	1.897964e+01	2.586778e+01
1.010000e-06	2.873569e-06	1.101089e-09	1.999970e+01	6.440804e+01
1.020000e-06	3.019130e-06	1.773774e-09	2.101279e+01	1.042106e+02
1.030000e-06	3.163585e-06	2.458156e-09	2.201818e+01	1.448893e+02
1.040000e-06	3.306882e-06	3.152734e-09	2.301551e+01	1.860000e+02
1.050000e-06	3.448916e-06	3.850729e-09	2.400405e+01	2.270695e+02
1.060000e-06	3.589600e-06	4.537659e-09	2.498319e+01	2.676283e+02
1.070000e-06	3.728915e-06	5.204182e-09	2.595281e+01	3.072423e+02
1.080000e-06	3.866808e-06	5.847130e-09	2.691252e+01	3.455399e+02
1.090000e-06	4.003231e-06	6.465028e-09	2.786201e+01	3.822301e+02
1.100000e-06	4.138144e-06	7.051355e-09	2.880099e+01	4.171101e+02
1.110000e-06	4.271589e-06	7.602894e-09	2.972975e+01	4.500621e+02
1.120000e-06	4.403511e-06	8.121263e-09	3.064791e+01	4.810424e+02
1.130000e-06	4.533845e-06	8.610060e-09	3.155502e+01	5.100645e+02
1.140000e-06	4.662599e-06	9.071593e-09	3.245113e+01	5.371813e+02
1.150000e-06	4.789680e-06	9.499495e-09	3.333561e+01	5.624699e+02
1.160000e-06	4.915106e-06	9.894033e-09	3.420855e+01	5.860199e+02
1.170000e-06	5.038861e-06	1.026060e-08	3.506988e+01	6.079266e+02
1.180000e-06	5.160834e-06	1.060102e-08	3.591879e+01	6.282882e+02
1.190000e-06	5.280932e-06	1.091466e-08	3.675466e+01	6.472044e+02
1.200000e-06	5.399031e-06	1.120438e-08	3.757662e+01	6.647756e+02
1.210000e-06	5.515046e-06	1.147595e-08	3.838406e+01	6.811011e+02
1.220000e-06	5.628942e-06	1.173508e-08	3.917677e+01	6.962765e+02
1.230000e-06	5.740710e-06	1.197583e-08	3.995466e+01	7.103907e+02
1.240000e-06	5.850442e-06	1.219508e-08	4.071838e+01	7.235239e+02
1.250000e-06	5.958166e-06	1.239792e-08	4.146813e+01	7.357464e+02
1.260000e-06	6.063793e-06	1.258916e-08	4.220328e+01	7.471203e+02
1.270000e-06	6.167225e-06	1.276825e-08	4.292316e+01	7.577010e+02
1.280000e-06	6.268354e-06	1.293178e-08	4.362700e+01	7.675406e+02
1.290000e-06	6.367184e-06	1.308285e-08	4.431484e+01	7.766897e+02
1.300000e-06	6.463707e-06	1.322331e-08	4.498663e+01	7.851986e+02
1.310000e-06	6.557909e-06	1.335484e-08	4.564227e+01	7.931165e+02
1.320000e-06	6.649881e-06	1.347714e-08	4.628238e+01	8.004903e+02
1.330000e-06	6.739550e-06	1.359108e-08	4.690647e+01	8.073632e+02
1.340000e-06	6.826820e-06	1.369852e-08	4.751386e+01	8.137740e+02
1.350000e-06	6.911756e-06	1.379955e-08	4.810500e+01	8.197572e+02
1.360000e-06	6.994316e-06	1.389145e-08	4.867961e+01	8.253439e+02
1.370000e-06	7.074314e-06	1.397728e-08	4.923639e+01	8.305635e+02
1.380000e-06	7.151694e-06	1.406052e-08	4.977494e+01	8.354441e+02
1.390000e-06	7.226437e-06	1.413905e-08	5.029514e+01	8.400126e+02
1.400000e-06	7.298486e-06	1.421106e-08	5.079660e+01	8.442941e+02
1.410000e-06	7.367958e-06	1.427926e-08	5.128012e+01	8.483101e+02
1.420000e-06	7.434836e-06	1.434455e-08	5.174558e+01	8.520774e+02
1.430000e-06	7.499027e-06	1.440378e-08	5.219234e+01	8.556078e+02
1.440000e-06	7.560628e-06	1.445745e-08	5.262108e+01	8.589086e+02
1.450000e-06	7.619660e-06	1.450839e-08	5.303193e+01	8.619844e+02
1.460000e-06	7.675954e-06	1.455810e-08	5.342373e+01	8.648398e+02
1.470000e-06	7.729341e-06	1.460286e-08	5.379530e+01	8.674806e+02
1.480000e-06	7.779551e-06	1.464403e-08	5.414475e+01	8.699153e+02
1.490000e-06	7.826616e-06	1.468356e-08	5.447232e+01	8.721549e+02
1.500000e-06	7.870964e-06	1.471863e-08	5.478097e+01	8.742116e+02
1.510000e-06	7.912539e-06	1.474741e-08	5.507034e+01	8.760974e+02
1.520000e-06	7.951236e-06	1.477290e-08	5.533966e+01	8.778225e+02
1.530000e-06	7.987271e-06	1.479894e-08	5.559046e+01	8.793941e+02
1.540000e-06	8.020497e-06	1.482446e-08	5.582171e+01	8.808171e+02
1.550000e-06	8.050855e-06	1.484698e-08	5.603300e+01	8.820939e+02
1.560000e-06	8.078507e-06	1.486481e-08	5.622545e+01	8.832258e+02
1.570000e-06	8.103238e-06	1.487965e-08	5.639757e+01	8.842136e+02
1.580000e-06	8.125058e-06	1.489249e-08	5.654944e+01	8.850582e+02
1.590000e-06	8.144143e-06	1.490238e-08	5.668227e+01	8.857606e+02
1.600000e-06	8.160383e-06	1.491015e-08	5.679530e+01	8.863227e+02
1.610000e-06	8.173573e-06	1.491753e-08	5.688710e+01	8.867471e+02
1.620000e-06	8.183537e-06	1.492497e-08	5.695644e+01	8.870377e+02
1.630000e-06	8.190427e-06	1.492874e-08	5.700440e+01	8.872003e+02
1.640000e-06	8.194532e-06	1.492695e-08	5.703297e+01	8.872423e+02
1.650000e-06	8.195757e-06	1.492238e-08	5.704150e+01	8.871716e+02
1.660000e-06	8.194176e-06	1.492098e-08	5.703050e+01	8.869957e+02
1.670000e-06	8.190044e-06	1.491785e-08	5.700174e+01	8.867195e+02
1.680000e-06	8.183202e-06	1.491135e-08	5.695411e+01	8.863438e+02
1.690000e-06	8.173633e-06	1.490267e-08	5.688752e+01	8.858650e+02
1.700000e-06	8.161269e-06	1.489252e-08	5.680146e+01	8.852762e+02
1.710000e-06	8.146026e-06	1.487654e-08	5.669538e+01	8.845700e+02
1.720000e-06	8.128249e-06	1.485295e-08	5.657165e+01	8.837415e+02
1.730000e-06	8.108099e-06	1.486679e-08	5.643141e+01	8.827917e+02
1.740000e-06	8.084969e-06	1.486583e-08	5.627042e+01	8.817283e+02
1.750000e-06	8.058165e-06	1.482507e-08	5.608387e+01	8.805650e+02
1.760000e-06	8.027711e-06	1.479116e-08	5.587192e+01	8.793178e+02
1.770000e-06	7.994267e-06	1.477227e-08	5.563915e+01	8.780004e+02
1.780000e-06	7.958408e-06	1.473543e-08	5.538957e+01	8.766196e+02
1.790000e-06	7.920171e-06	1.470042e-08	5.512345e+01	8.751722e+02
1.800000e-06	7.879771e-06	1.469747e-08	5.484227e+01	8.736456e+02
1.810000e-06	7.837026e-06	1.464350e-08	5.454477e+01	8.720205e+02
1.820000e-06	7.791544e-06	1.464293e-08	5.422822e+01	8.702765e+02
1.830000e-06	7.743288e-06	1.463293e-08	5.389236e+01	8.683978e+02
1.840000e-06	7.691958e-06	1.458768e-08	5.353511e+01	8.663773e+02
1.850000e-06	7.637613e-06	1.455971e-08	5.315688e+01	8.642178e+02
1.860000e-06	7.580437e-06	1.449538e-08	5.275894e+01	8.619301e+02
1.870000e-06	7.520644e-06	1.448242e-08	5.234279e+01	8.595283e+02
1.880000e-06	7.458245e-06	1.442014e-08	5.190850e+01	8.570244e+02
1.890000e-06	7.392975e-06	1.437369e-08	5.145423e+01	8.544241e+02
1.900000e-06	7.324930e-06	1.435612e-08	5.098064e+01	8.517249e+02
1.910000e-06	7.253992e-06	1.429732e-08	5.048692e+01	8.489173e+02
1.920000e-06	7.180318e-06	1.426036e-08	4.997416e+01	8.459886e+02
1.930000e-06	7.103925e-06	1.418462e-08	4.944248e+01	8.429273e+02
1.940000e-06	7.024759e-06	1.413902e-08	4.889149e+01	8.397268e+02
1.950000e-06	6.943125e-06	1.407854e-08	4.832333e+01	8.363870e+02
1.960000e-06	6.858994e-06	1.401983e-08	4.773779e+01	8.329134e+02
1.970000e-06	6.772333e-06	1.397161e-08	4.713464e+01	8.293142e+02
1.980000e-06	6.683222e-06	1.390057e-08	4.651443e+01	8.255967e+02
1.990000e-06	6.591901e-06	1.385611e-08	4.587885e+01	8.217646e+02
2.000000e-06	6.498252e-06	1.377438e-08	4.522706e+01	8.178162e+02
2.010000e-06	6.402156e-06	1.370989e-08	4.455824e+01	8.137462e+02
2.020000e-06	6.303879e-06	1.363193e-08	4.387425e+01	8.095471e+02
2.030000e-06	6.203258e-06	1.356414e-08	4.317394e+01	8.052115e+02
2.040000e-06	6.100307e-06	1.348809e-08	4.245742e+01	8.007346e+02
2.050000e-06	5.995263e-06	1.340405e-08	4.172632e+01	7.961132e+02
2.060000e-06	5.888251e-06	1.332925e-08	4.098153e+01	7.913458e+02
2.070000e-06	5.779118e-06	1.324331e-08	4.022197e+01	7.864304e+02
2.080000e-06	5.667745e-06	1.316496e-08	3.944683e+01	7.813636e+02
2.090000e-06	5.554226e-06	1.306740e-08	3.865676e+01	7.761408e+02
2.100000e-06	5.438567e-06	1.298055e-08	3.785178e+01	7.707577e+02
2.110000e-06	5.320746e-06	1.288166e-08	3.703176e+01	7.652120e+02
2.120000e-06	5.200876e-06	1.278971e-08	3.619748e+01	7.595055e+02
2.130000e-06	5.079230e-06	1.268536e-08	3.535084e+01	7.536439e+02
2.140000e-06	4.955838e-06	1.258628e-08	3.449204e+01	7.476356e+02
2.150000e-06	4.830577e-06	1.248740e-08	3.362024e+01	7.414882e+02
2.160000e-06	4.703454e-06	1.238501e-08	3.273548e+01	7.352056e+02
2.170000e-06	4.574739e-06	1.227479e-08	3.183964e+01	7.287844e+02
2.180000e-06	4.444549e-06	1.215639e-08	3.093353e+01	7.222140e+02
2.190000e-06	4.312823e-06	1.204549e-08	3.001674e+01	7.154781e+02
2.200000e-06	4.179456e-06	1.192775e-08	2.908852e+01	7.085582e+02
2.210000e-06	4.044484e-06	1.181122e-08	2.814913e+01	7.014385e+02
2.220000e-06	3.908106e-06	1.168566e-08	2.719995e+01	6.941086e+02
2.230000e-06	3.770278e-06	1.156513e-08	2.624069e+01	6.865653e+02
2.240000e-06	3.630998e-06	1.143479e-08	2.527131e+01	6.788110e+02
2.250000e-06	3.490390e-06	1.129817e-08	2.429270e+01	6.708507e+02
2.260000e-06	3.348459e-06	1.115641e-08	2.330488e+01	6.626881e+02
2.270000e-06	3.205233e-06	1.101831e-08	2.230804e+01	6.543226e+02
2.280000e-06	3.060841e-06	1.087811e-08	2.130309e+01	6.457488e+02
2.290000e-06	2.915386e-06	1.073106e-08	2.029074e+01	6.369574e+02
2.300000e-06	2.768915e-06	1.057594e-08	1.927132e+01	6.279381e+02
2.310000e-06	2.621455e-06	1.041752e-08	1.824502e+01	6.186820e+02
2.320000e-06	2.473142e-06	1.025654e-08	1.721277e+01	6.091832e+02
2.330000e-06	2.323934e-06	1.008808e-08	1.617431e+01	5.994378e+02
2.340000e-06	2.173789e-06	9.919058e-09	1.512931e+01	5.894415e+02
2.350000e-06	2.022876e-06	9.749729e-09	1.407898e+01	5.791867e+02
2.360000e-06	1.871277e-06	9.579931e-09	1.302387e+01	5.686599e+02
2.370000e-06	1.719102e-06	9.400422e-09	1.196474e+01	5.578423e+02
2.380000e-06	1.566381e-06	9.210834e-09	1.090182e+01	5.467120e+02
2.390000e-06	1.413095e-06	9.011156e-09	9.834973e+00	5.352479e+02
2.400000e-06	1.259242e-06	8.807755e-09	8.764177e+00	5.234343e+02
2.410000e-06	1.104833e-06	8.599285e-09	7.689503e+00	5.112622e+02
2.420000e-06	9.499941e-07	8.389728e-09	6.611846e+00	4.987277e+02
2.430000e-06	7.948552e-07	8.175649e-09	5.532098e+00	4.858262e+02
2.440000e-06	6.394649e-07	7.955831e-09	4.450600e+00	4.725450e+02
2.450000e-06	4.838988e-07	7.728836e-09	3.367879e+00	4.588554e+02
2.460000e-06	3.282163e-07	7.489257e-09	2.284347e+00	4.447085e+02
2.470000e-06	1.724328e-07	7.236713e-09	1.200112e+00	4.300364e+02
2.480000e-06	1.660583e-08	6.973978e-09	1.155746e-01	4.147583e+02
2.490000e-06	-1.392722e-07	6.701603e-09	-9.693179e-01	3.987915e+02
2.500000e-06	-2.950852e-07	6.419693e-09	-2.053758e+00	3.820636e+02
2.510000e-06	-4.507316e-07	6.130763e-09	-3.137038e+00	3.645215e+02
2.520000e-06	-6.062192e-07	5.827647e-09	-4.219214e+00	3.461351e+02
2.530000e-06	-7.615080e-07	5.505132e-09	-5.300005e+00	3.268931e+02
2.540000e-06	-9.165931e-07	5.163260e-09	-6.379379e+00	3.067925e+02
2.550000e-06	-1.071386e-06	4.808520e-09	-7.456721e+00	2.858227e+02
2.560000e-06	-1.225689e-06	4.440326e-09	-8.530653e+00	2.639499e+02
2.570000e-06	-1.379410e-06	4.054928e-09	-9.600529e+00	2.411047e+02
2.580000e-06	-1.532591e-06	3.651115e-09	-1.066665e+01	2.171771e+02
2.590000e-06	-1.685189e-06	3.230922e-09	-1.172872e+01	1.920196e+02
2.600000e-06	-1.837137e-06	2.788956e-09	-1.278626e+01	1.654598e+02
2.610000e-06	-1.988509e-06	2.318387e-09	-1.383979e+01	1.373196e+02
2.620000e-06	-2.139262e-06	1.817249e-09	-1.488901e+01	1.074388e+02
2.630000e-06	-2.289192e-06	1.286110e-09	-1.593250e+01	7.570023e+01
2.640000e-06	-2.438275e-06	7.228354e-10	-1.697010e+01	4.205255e+01
2.650000e-06	-2.586484e-06	1.255352e-10	-1.800162e+01	6.528618e+00
2.660000e-06	-2.733793e-06	-5.025303e-10	-1.902688e+01	-3.074279e+01
2.670000e-06	-2.880158e-06	-1.153869e-09	-2.004556e+01	-6.953378e+01
2.680000e-06	-3.025432e-06	-1.823331e-09	-2.105665e+01	-1.095235e+02
2.690000e-06	-3.169593e-06	-2.508035e-09	-2.205999e+01	-1.503136e+02
2.700000e-06	-3.312640e-06	-3.197287e-09	-2.305558e+01	-1.914524e+02
2.710000e-06	-3.454448e-06	-3.884245e-09	-2.404255e+01	-2.324648e+02
2.720000e-06	-3.594935e-06	-4.561530e-09	-2.502032e+01	-2.728856e+02
2.730000e-06	-3.734061e-06	-5.224253e-09	-2.598862e+01	-3.122900e+02
2.740000e-06	-3.871712e-06	-5.867326e-09	-2.694665e+01	-3.503198e+02
2.750000e-06	-4.007858e-06	-6.482437e-09	-2.789422e+01	-3.866995e+02
2.760000e-06	-4.142583e-06	-7.065517e-09	-2.883188e+01	-4.212419e+02
2.770000e-06	-4.275859e-06	-7.616219e-09	-2.975947e+01	-4.538435e+02
2.780000e-06	-4.407647e-06	-8.133268e-09	-3.067670e+01	-4.844721e+02
2.790000e-06	-4.537940e-06	-8.616059e-09	-3.158353e+01	-5.131496e+02
2.800000e-06	-4.666683e-06	-9.064993e-09	-3.247956e+01	-5.399342e+02
2.810000e-06	-4.793784e-06	-9.484914e-09	-3.336417e+01	-5.649059e+02
2.820000e-06	-4.919150e-06	-9.878472e-09	-3.423670e+01	-5.881557e+02
2.830000e-06	-5.042767e-06	-1.024614e-08	-3.509706e+01	-6.097797e+02
2.840000e-06	-5.164562e-06	-1.058936e-08	-3.594474e+01	-6.298762e+02
2.850000e-06	-5.284407e-06	-1.090652e-08	-3.677885e+01	-6.485453e+02
2.860000e-06	-5.402242e-06	-1.119828e-08	-3.759896e+01	-6.658872e+02
2.870000e-06	-5.517941e-06	-1.146881e-08	-3.840421e+01	-6.820008e+02
2.880000e-06	-5.631387e-06	-1.172232e-08	-3.919378e+01	-6.969808e+02
2.890000e-06	-5.742591e-06	-1.195900e-08	-3.996775e+01	-7.109146e+02
2.900000e-06	-5.851701e-06	-1.217831e-08	-4.072715e+01	-7.238806e+02
2.910000e-06	-5.958870e-06	-1.238039e-08	-4.147303e+01	-7.359477e+02
2.920000e-06	-6.064020e-06	-1.256977e-08	-4.220486e+01	-7.471764e+02
2.930000e-06	-6.166969e-06	-1.274705e-08	-4.292137e+01	-7.576213e+02
2.940000e-06	-6.267636e-06	-1.291085e-08	-4.362200e+01	-7.673343e+02
2.950000e-06	-6.366103e-06	-1.306310e-08	-4.430732e+01	-7.763659e+02
2.960000e-06	-6.462376e-06	-1.320823e-08	-4.497737e+01	-7.847661e+02
2.970000e-06	-6.556369e-06	-1.334437e-08	-4.563155e+01	-7.925838e+02
2.980000e-06	-6.648023e-06	-1.346748e-08	-4.626945e+01	-7.998655e+02
2.990000e-06	-6.737338e-06	-1.358053e-08	-4.689108e+01	-8.066535e+02
3.000000e-06	-6.824309e-06	-1.368833e-08	-4.749638e+01	-8.129859e+02
3.010000e-06	-6.908825e-06	-1.379027e-08	-4.808460e+01	-8.188965e+02
3.020000e-06	-6.990877e-06	-1.388417e-08	-4.865568e+01	-8.244160e+02
3.030000e-06	-7.070419e-06	-1.397256e-08	-4.920928e+01	-8.295733e+02
3.040000e-06	-7.147295e-06	-1.405573e-08	-4.974433e+01	-8.343966e+02
3.050000e-06	-7.221466e-06	-1.413223e-08	-5.026055e+01	-8.389125e+02
3.060000e-06	-7.292991e-06	-1.420048e-08	-5.075835e+01	-8.431455e+02
3.070000e-06	-7.361922e-06	-1.426393e-08	-5.123810e+01	-8.471164e+02
3.080000e-06	-7.428293e-06	-1.432407e-08	-5.170004e+01	-8.508411e+02
3.090000e-06	-7.492056e-06	-1.438420e-08	-5.214382e+01	-8.543304e+02
3.100000e-06	-7.553081e-06	-1.444336e-08	-5.256855e+01	-8.575911e+02
3.110000e-06	-7.611407e-06	-1.449716e-08	-5.297449e+01	-8.606276e+02
3.120000e-06	-7.666951e-06	-1.454577e-08	-5.336107e+01	-8.634446e+02
3.130000e-06	-7.719512e-06	-1.458922e-08	-5.372689e+01	-8.660482e+02
3.140000e-06	-7.769030e-06	-1.462828e-08	-5.407153e+01	-8.684476e+02
3.150000e-06	-7.815527e-06	-1.466290e-08	-5.439514e+01	-8.706540e+02
3.160000e-06	-7.859398e-06	-1.469502e-08	-5.470048e+01	-8.726798e+02
3.170000e-06	-7.900808e-06	-1.472623e-08	-5.498869e+01	-8.745366e+02
3.180000e-06	-7.939462e-06	-1.475716e-08	-5.525771e+01	-8.762341e+02
3.190000e-06	-7.975277e-06	-1.478631e-08	-5.550698e+01	-8.777793e+02
3.200000e-06	-8.008322e-06	-1.481282e-08	-5.573697e+01	-8.791764e+02
3.210000e-06	-8.038521e-06	-1.483572e-08	-5.594715e+01	-8.804277e+02
3.220000e-06	-8.065819e-06	-1.485374e-08	-5.613714e+01	-8.815342e+02
3.230000e-06	-8.090267e-06	-1.486874e-08	-5.630730e+01	-8.824967e+02
3.240000e-06	-8.111821e-06	-1.488273e-08	-5.645732e+01	-8.833162e+02
3.250000e-06	-8.130524e-06	-1.489481e-08	-5.658749e+01	-8.839938e+02
3.260000e-06	-8.146360e-06	-1.490437e-08	-5.669770e+01	-8.845314e+02
3.270000e-06	-8.159057e-06	-1.491305e-08	-5.678607e+01	-8.849319e+02
3.280000e-06	-8.168681e-06	-1.491925e-08	-5.685305e+01	-8.851996e+02
3.290000e-06	-8.175417e-06	-1.492272e-08	-5.689994e+01	-8.853405e+02
3.300000e-06	-8.179276e-06	-1.492338e-08	-5.692679e+01	-8.853621e+02
3.310000e-06	-8.180330e-06	-1.492068e-08	-5.693413e+01	-8.852726e+02
