# Temperatura_=_27.3
# Concentracion g/m^3_=_11780.0
# C_Vs_to_Am_M_A/Vsm_=_59384043850.047264
# pendiente_HvsI_1/m_=_3716.3
# ordenada_HvsI_A/m_=_1297.0
# frecuencia_Hz_=_301495.0263077808

Tiempo_(s)	Campo_(V.s)	Magnetizacion_(V.s)	Campo_(kA/m)	Magnetizacion_(A/m)
0.000000e+00	-8.130904e-06	-1.427112e-08	-5.692951e+01	-8.482722e+02
1.000000e-08	-8.126766e-06	-1.426922e-08	-5.690054e+01	-8.481229e+02
2.000000e-08	-8.119997e-06	-1.427008e-08	-5.685314e+01	-8.478987e+02
3.000000e-08	-8.110414e-06	-1.426633e-08	-5.678604e+01	-8.475748e+02
4.000000e-08	-8.097945e-06	-1.425592e-08	-5.669874e+01	-8.471212e+02
5.000000e-08	-8.082565e-06	-1.424598e-08	-5.659106e+01	-8.465136e+02
6.000000e-08	-8.064418e-06	-1.425105e-08	-5.646400e+01	-8.457429e+02
7.000000e-08	-8.043770e-06	-1.422809e-08	-5.631943e+01	-8.448193e+02
8.000000e-08	-8.020221e-06	-1.413799e-08	-5.615455e+01	-8.437708e+02
9.000000e-08	-7.993292e-06	-1.413739e-08	-5.596600e+01	-8.426347e+02
1.000000e-07	-7.963222e-06	-1.419135e-08	-5.575546e+01	-8.414467e+02
1.100000e-07	-7.930440e-06	-1.417243e-08	-5.552593e+01	-8.402305e+02
1.200000e-07	-7.895068e-06	-1.411600e-08	-5.527828e+01	-8.389916e+02
1.300000e-07	-7.857385e-06	-1.412174e-08	-5.501443e+01	-8.377169e+02
1.400000e-07	-7.817606e-06	-1.411404e-08	-5.473592e+01	-8.363803e+02
1.500000e-07	-7.775194e-06	-1.401993e-08	-5.443896e+01	-8.349516e+02
1.600000e-07	-7.729856e-06	-1.407122e-08	-5.412152e+01	-8.334053e+02
1.700000e-07	-7.681827e-06	-1.395532e-08	-5.378524e+01	-8.317263e+02
1.800000e-07	-7.630612e-06	-1.391876e-08	-5.342665e+01	-8.299109e+02
1.900000e-07	-7.576280e-06	-1.396937e-08	-5.304624e+01	-8.279638e+02
2.000000e-07	-7.519262e-06	-1.386639e-08	-5.264702e+01	-8.258920e+02
2.100000e-07	-7.459518e-06	-1.387117e-08	-5.222872e+01	-8.236995e+02
2.200000e-07	-7.397184e-06	-1.379451e-08	-5.179228e+01	-8.213846e+02
2.300000e-07	-7.332062e-06	-1.379511e-08	-5.133632e+01	-8.189408e+02
2.400000e-07	-7.264182e-06	-1.375565e-08	-5.086105e+01	-8.163611e+02
2.500000e-07	-7.193731e-06	-1.366590e-08	-5.036778e+01	-8.136424e+02
2.600000e-07	-7.120515e-06	-1.363167e-08	-4.985515e+01	-8.107894e+02
2.700000e-07	-7.044530e-06	-1.359390e-08	-4.932313e+01	-8.078148e+02
2.800000e-07	-6.965792e-06	-1.357535e-08	-4.877183e+01	-8.047354e+02
2.900000e-07	-6.884334e-06	-1.346890e-08	-4.820150e+01	-8.015663e+02
3.000000e-07	-6.800530e-06	-1.343102e-08	-4.761473e+01	-7.983151e+02
3.100000e-07	-6.714549e-06	-1.339867e-08	-4.701273e+01	-7.949786e+02
3.200000e-07	-6.626204e-06	-1.332644e-08	-4.639417e+01	-7.915428e+02
3.300000e-07	-6.535425e-06	-1.327096e-08	-4.575857e+01	-7.879881e+02
3.400000e-07	-6.442377e-06	-1.319283e-08	-4.510708e+01	-7.842955e+02
3.500000e-07	-6.347064e-06	-1.314036e-08	-4.443973e+01	-7.804529e+02
3.600000e-07	-6.249372e-06	-1.307552e-08	-4.375574e+01	-7.764592e+02
3.700000e-07	-6.149408e-06	-1.300608e-08	-4.305582e+01	-7.723224e+02
3.800000e-07	-6.047273e-06	-1.292234e-08	-4.234071e+01	-7.680560e+02
3.900000e-07	-5.942928e-06	-1.285951e-08	-4.161013e+01	-7.636713e+02
4.000000e-07	-5.836379e-06	-1.280292e-08	-4.086412e+01	-7.591726e+02
4.100000e-07	-5.727800e-06	-1.271540e-08	-4.010388e+01	-7.545537e+02
4.200000e-07	-5.617287e-06	-1.262769e-08	-3.933011e+01	-7.498004e+02
4.300000e-07	-5.504651e-06	-1.254219e-08	-3.854148e+01	-7.448959e+02
4.400000e-07	-5.389718e-06	-1.246730e-08	-3.773676e+01	-7.398275e+02
4.500000e-07	-5.272692e-06	-1.237705e-08	-3.691739e+01	-7.345929e+02
4.600000e-07	-5.153781e-06	-1.228205e-08	-3.608482e+01	-7.292010e+02
4.700000e-07	-5.032979e-06	-1.219237e-08	-3.523901e+01	-7.236699e+02
4.800000e-07	-4.910281e-06	-1.210989e-08	-3.437993e+01	-7.180191e+02
4.900000e-07	-4.785831e-06	-1.201396e-08	-3.350857e+01	-7.122625e+02
5.000000e-07	-4.659768e-06	-1.190419e-08	-3.262593e+01	-7.064015e+02
5.100000e-07	-4.532092e-06	-1.180100e-08	-3.173199e+01	-7.004233e+02
5.200000e-07	-4.402684e-06	-1.170508e-08	-3.082593e+01	-6.943040e+02
5.300000e-07	-4.271586e-06	-1.160076e-08	-2.990802e+01	-6.880154e+02
5.400000e-07	-4.138971e-06	-1.148422e-08	-2.897950e+01	-6.815339e+02
5.500000e-07	-4.004889e-06	-1.137043e-08	-2.804072e+01	-6.748462e+02
5.600000e-07	-3.869402e-06	-1.126302e-08	-2.709208e+01	-6.679527e+02
5.700000e-07	-3.732506e-06	-1.114734e-08	-2.613359e+01	-6.608636e+02
5.800000e-07	-3.594151e-06	-1.101888e-08	-2.516488e+01	-6.535936e+02
5.900000e-07	-3.454385e-06	-1.089326e-08	-2.418630e+01	-6.461531e+02
6.000000e-07	-3.313195e-06	-1.077157e-08	-2.319773e+01	-6.385430e+02
6.100000e-07	-3.170606e-06	-1.064384e-08	-2.219938e+01	-6.307526e+02
6.200000e-07	-3.026756e-06	-1.050337e-08	-2.119220e+01	-6.227623e+02
6.300000e-07	-2.881791e-06	-1.036386e-08	-2.017721e+01	-6.145501e+02
6.400000e-07	-2.735863e-06	-1.022652e-08	-1.915547e+01	-6.060984e+02
6.500000e-07	-2.589023e-06	-1.008551e-08	-1.812736e+01	-5.973994e+02
6.600000e-07	-2.441382e-06	-9.934133e-09	-1.709363e+01	-5.884558e+02
6.700000e-07	-2.292976e-06	-9.777587e-09	-1.605455e+01	-5.792771e+02
6.800000e-07	-2.143787e-06	-9.620946e-09	-1.500999e+01	-5.698730e+02
6.900000e-07	-1.993856e-06	-9.461355e-09	-1.396022e+01	-5.602460e+02
7.000000e-07	-1.843229e-06	-9.296306e-09	-1.290559e+01	-5.503864e+02
7.100000e-07	-1.691937e-06	-9.123579e-09	-1.184630e+01	-5.402723e+02
7.200000e-07	-1.540047e-06	-8.948508e-09	-1.078283e+01	-5.298738e+02
7.300000e-07	-1.387622e-06	-8.769439e-09	-9.715600e+00	-5.191597e+02
7.400000e-07	-1.234643e-06	-8.585013e-09	-8.644502e+00	-5.081058e+02
7.500000e-07	-1.081069e-06	-8.391241e-09	-7.569235e+00	-4.966990e+02
7.600000e-07	-9.269565e-07	-8.194510e-09	-6.490198e+00	-4.849374e+02
7.700000e-07	-7.725094e-07	-7.992245e-09	-5.408818e+00	-4.728247e+02
7.800000e-07	-6.178555e-07	-7.781544e-09	-4.325990e+00	-4.603613e+02
7.900000e-07	-4.630328e-07	-7.564478e-09	-3.241980e+00	-4.475347e+02
8.000000e-07	-3.080989e-07	-7.342399e-09	-2.157192e+00	-4.343128e+02
8.100000e-07	-1.530782e-07	-7.115098e-09	-1.071795e+00	-4.206425e+02
8.200000e-07	1.971197e-09	-6.875658e-09	1.380158e-02	-4.064546e+02
8.300000e-07	1.570082e-07	-6.625626e-09	1.099312e+00	-3.916737e+02
8.400000e-07	3.120005e-07	-6.363409e-09	2.184509e+00	-3.762299e+02
8.500000e-07	4.669092e-07	-6.092508e-09	3.269121e+00	-3.600694e+02
8.600000e-07	6.216737e-07	-5.807815e-09	4.352724e+00	-3.431608e+02
8.700000e-07	7.762300e-07	-5.506213e-09	5.434868e+00	-3.254938e+02
8.800000e-07	9.305176e-07	-5.191864e-09	6.515132e+00	-3.070728e+02
8.900000e-07	1.084482e-06	-4.868875e-09	7.593129e+00	-2.879047e+02
9.000000e-07	1.238011e-06	-4.537886e-09	8.668086e+00	-2.679859e+02
9.100000e-07	1.390960e-06	-4.190506e-09	9.738975e+00	-2.472906e+02
9.200000e-07	1.543407e-06	-3.824911e-09	1.080635e+01	-2.257634e+02
9.300000e-07	1.695331e-06	-3.443356e-09	1.187007e+01	-2.033187e+02
9.400000e-07	1.846579e-06	-3.047765e-09	1.292905e+01	-1.798456e+02
9.500000e-07	1.997123e-06	-2.630055e-09	1.398310e+01	-1.552187e+02
9.600000e-07	2.146856e-06	-2.187972e-09	1.503147e+01	-1.293126e+02
9.700000e-07	2.295833e-06	-1.724563e-09	1.607455e+01	-1.020175e+02
9.800000e-07	2.444099e-06	-1.240858e-09	1.711266e+01	-7.325471e+01
9.900000e-07	2.591485e-06	-7.323126e-10	1.814459e+01	-4.299055e+01
1.000000e-06	2.737973e-06	-1.931843e-10	1.917025e+01	-1.124666e+01
1.010000e-06	2.883536e-06	3.703488e-10	2.018943e+01	2.189293e+01
1.020000e-06	3.028091e-06	9.509592e-10	2.120154e+01	5.627932e+01
1.030000e-06	3.171526e-06	1.547501e-09	2.220582e+01	9.170088e+01
1.040000e-06	3.313704e-06	2.162264e-09	2.320130e+01	1.278904e+02
1.050000e-06	3.454588e-06	2.786481e-09	2.418772e+01	1.645368e+02
1.060000e-06	3.594189e-06	3.409772e-09	2.516515e+01	2.013018e+02
1.070000e-06	3.732428e-06	4.027468e-09	2.613305e+01	2.378382e+02
1.080000e-06	3.869230e-06	4.634727e-09	2.709088e+01	2.738108e+02
1.090000e-06	4.004569e-06	5.226651e-09	2.803847e+01	3.089151e+02
1.100000e-06	4.138410e-06	5.795624e-09	2.897558e+01	3.428933e+02
1.110000e-06	4.270841e-06	6.344566e-09	2.990281e+01	3.755443e+02
1.120000e-06	4.401836e-06	6.872373e-09	3.081999e+01	4.067284e+02
1.130000e-06	4.531234e-06	7.374697e-09	3.172599e+01	4.363638e+02
1.140000e-06	4.658991e-06	7.850358e-09	3.262049e+01	4.644194e+02
1.150000e-06	4.785039e-06	8.297708e-09	3.350303e+01	4.909026e+02
1.160000e-06	4.909432e-06	8.717471e-09	3.437398e+01	5.158466e+02
1.170000e-06	5.032147e-06	9.109567e-09	3.523319e+01	5.392992e+02
1.180000e-06	5.152999e-06	9.475638e-09	3.607934e+01	5.613145e+02
1.190000e-06	5.271869e-06	9.817446e-09	3.691163e+01	5.819483e+02
1.200000e-06	5.388773e-06	1.014049e-08	3.773015e+01	6.012577e+02
1.210000e-06	5.503692e-06	1.044576e-08	3.853477e+01	6.193024e+02
1.220000e-06	5.616532e-06	1.073274e-08	3.932483e+01	6.361469e+02
1.230000e-06	5.727336e-06	1.099708e-08	4.010064e+01	6.518615e+02
1.240000e-06	5.836156e-06	1.124209e-08	4.086256e+01	6.665214e+02
1.250000e-06	5.942944e-06	1.147257e-08	4.161024e+01	6.802030e+02
1.260000e-06	6.047586e-06	1.168853e-08	4.234291e+01	6.929795e+02
1.270000e-06	6.150000e-06	1.188973e-08	4.305997e+01	7.049167e+02
1.280000e-06	6.250155e-06	1.207661e-08	4.376122e+01	7.160697e+02
1.290000e-06	6.347969e-06	1.225214e-08	4.444607e+01	7.264834e+02
1.300000e-06	6.443445e-06	1.241371e-08	4.511456e+01	7.361947e+02
1.310000e-06	6.536719e-06	1.256372e-08	4.576763e+01	7.452370e+02
1.320000e-06	6.627752e-06	1.270444e-08	4.640501e+01	7.536444e+02
1.330000e-06	6.716389e-06	1.283667e-08	4.702561e+01	7.614556e+02
1.340000e-06	6.802693e-06	1.295916e-08	4.762988e+01	7.687138e+02
1.350000e-06	6.886708e-06	1.307113e-08	4.821812e+01	7.754651e+02
1.360000e-06	6.968280e-06	1.317437e-08	4.878925e+01	7.817550e+02
1.370000e-06	7.047306e-06	1.327112e-08	4.934257e+01	7.876245e+02
1.380000e-06	7.123751e-06	1.336293e-08	4.987781e+01	7.931072e+02
1.390000e-06	7.197517e-06	1.344765e-08	5.039429e+01	7.982296e+02
1.400000e-06	7.268640e-06	1.352624e-08	5.089227e+01	8.030126e+02
1.410000e-06	7.337216e-06	1.360300e-08	5.137241e+01	8.074749e+02
1.420000e-06	7.403141e-06	1.367634e-08	5.183399e+01	8.116359e+02
1.430000e-06	7.466423e-06	1.374004e-08	5.227706e+01	8.155171e+02
1.440000e-06	7.527160e-06	1.379842e-08	5.270232e+01	8.191407e+02
1.450000e-06	7.585295e-06	1.385856e-08	5.310936e+01	8.225272e+02
1.460000e-06	7.640694e-06	1.391510e-08	5.349724e+01	8.256913e+02
1.470000e-06	7.693111e-06	1.396450e-08	5.386425e+01	8.286396e+02
1.480000e-06	7.742347e-06	1.400856e-08	5.420898e+01	8.313707e+02
1.490000e-06	7.788652e-06	1.404957e-08	5.453319e+01	8.338784e+02
1.500000e-06	7.832245e-06	1.408665e-08	5.483841e+01	8.361573e+02
1.510000e-06	7.872991e-06	1.411819e-08	5.512370e+01	8.382079e+02
1.520000e-06	7.910971e-06	1.414807e-08	5.538962e+01	8.400408e+02
1.530000e-06	7.946219e-06	1.417954e-08	5.563642e+01	8.416768e+02
1.540000e-06	7.978622e-06	1.420999e-08	5.586329e+01	8.431429e+02
1.550000e-06	8.008314e-06	1.423350e-08	5.607118e+01	8.444655e+02
1.560000e-06	8.035201e-06	1.425087e-08	5.625943e+01	8.456633e+02
1.570000e-06	8.059181e-06	1.426451e-08	5.642733e+01	8.467427e+02
1.580000e-06	8.080473e-06	1.427630e-08	5.657641e+01	8.476968e+02
1.590000e-06	8.099015e-06	1.428712e-08	5.670623e+01	8.485098e+02
1.600000e-06	8.114594e-06	1.429750e-08	5.681531e+01	8.491650e+02
1.610000e-06	8.127082e-06	1.430822e-08	5.690275e+01	8.496530e+02
1.620000e-06	8.136368e-06	1.431843e-08	5.696777e+01	8.499776e+02
1.630000e-06	8.142688e-06	1.432248e-08	5.701202e+01	8.501569e+02
1.640000e-06	8.146238e-06	1.432057e-08	5.703687e+01	8.502186e+02
1.650000e-06	8.146899e-06	1.431725e-08	5.704150e+01	8.501912e+02
1.660000e-06	8.144812e-06	1.432282e-08	5.702688e+01	8.500947e+02
1.670000e-06	8.140114e-06	1.431989e-08	5.699399e+01	8.499331e+02
1.680000e-06	8.132735e-06	1.430946e-08	5.694233e+01	8.496929e+02
1.690000e-06	8.122711e-06	1.430129e-08	5.687214e+01	8.493478e+02
1.700000e-06	8.109839e-06	1.429037e-08	5.678202e+01	8.488680e+02
1.710000e-06	8.094176e-06	1.426357e-08	5.667236e+01	8.482312e+02
1.720000e-06	8.076128e-06	1.422707e-08	5.654599e+01	8.474316e+02
1.730000e-06	8.055643e-06	1.430961e-08	5.640256e+01	8.464831e+02
1.740000e-06	8.032060e-06	1.430363e-08	5.623744e+01	8.454159e+02
1.750000e-06	8.004758e-06	1.421167e-08	5.604628e+01	8.442679e+02
1.760000e-06	7.973928e-06	1.418600e-08	5.583042e+01	8.430734e+02
1.770000e-06	7.940306e-06	1.417503e-08	5.559501e+01	8.418532e+02
1.780000e-06	7.904281e-06	1.408964e-08	5.534278e+01	8.406091e+02
1.790000e-06	7.865907e-06	1.414640e-08	5.507410e+01	8.393252e+02
1.800000e-06	7.825378e-06	1.414656e-08	5.479033e+01	8.379742e+02
1.810000e-06	7.782384e-06	1.399546e-08	5.448931e+01	8.365259e+02
1.820000e-06	7.736750e-06	1.414245e-08	5.416979e+01	8.349565e+02
1.830000e-06	7.688303e-06	1.403039e-08	5.383059e+01	8.332528e+02
1.840000e-06	7.636742e-06	1.400929e-08	5.346957e+01	8.314132e+02
1.850000e-06	7.582236e-06	1.399087e-08	5.308794e+01	8.294432e+02
1.860000e-06	7.524911e-06	1.385058e-08	5.268658e+01	8.273495e+02
1.870000e-06	7.465047e-06	1.396802e-08	5.226743e+01	8.251352e+02
1.880000e-06	7.402480e-06	1.382507e-08	5.182936e+01	8.227976e+02
1.890000e-06	7.337058e-06	1.382706e-08	5.137130e+01	8.203298e+02
1.900000e-06	7.269020e-06	1.379332e-08	5.089492e+01	8.177251e+02
1.910000e-06	7.198113e-06	1.370937e-08	5.039846e+01	8.149816e+02
1.920000e-06	7.124401e-06	1.371531e-08	4.988236e+01	8.121056e+02
1.930000e-06	7.047948e-06	1.357388e-08	4.934706e+01	8.091108e+02
1.940000e-06	6.968747e-06	1.360245e-08	4.879253e+01	8.060142e+02
1.950000e-06	6.887092e-06	1.349513e-08	4.822081e+01	8.028299e+02
1.960000e-06	6.803025e-06	1.347145e-08	4.763220e+01	7.995639e+02
1.970000e-06	6.716483e-06	1.342950e-08	4.702627e+01	7.962107e+02
1.980000e-06	6.627432e-06	1.331799e-08	4.640277e+01	7.927550e+02
1.990000e-06	6.536163e-06	1.331404e-08	4.576374e+01	7.891767e+02
2.000000e-06	6.442644e-06	1.320568e-08	4.510895e+01	7.854577e+02
2.010000e-06	6.346726e-06	1.317945e-08	4.443737e+01	7.815877e+02
2.020000e-06	6.248590e-06	1.306614e-08	4.375026e+01	7.775674e+02
2.030000e-06	6.148287e-06	1.302631e-08	4.304798e+01	7.734063e+02
2.040000e-06	6.045716e-06	1.295002e-08	4.232981e+01	7.691178e+02
2.050000e-06	5.940861e-06	1.286804e-08	4.159565e+01	7.647126e+02
2.060000e-06	5.834021e-06	1.279646e-08	4.084760e+01	7.601929e+02
2.070000e-06	5.725176e-06	1.270003e-08	4.008551e+01	7.555510e+02
2.080000e-06	5.614219e-06	1.264990e-08	3.930864e+01	7.507717e+02
2.090000e-06	5.501103e-06	1.254117e-08	3.851664e+01	7.458384e+02
2.100000e-06	5.385849e-06	1.246946e-08	3.770968e+01	7.407400e+02
2.110000e-06	5.268467e-06	1.236327e-08	3.688781e+01	7.354761e+02
2.120000e-06	5.149004e-06	1.229166e-08	3.605137e+01	7.300577e+02
2.130000e-06	5.027697e-06	1.218460e-08	3.520203e+01	7.245035e+02
2.140000e-06	4.904622e-06	1.208967e-08	3.434031e+01	7.188330e+02
2.150000e-06	4.779720e-06	1.198883e-08	3.346579e+01	7.130578e+02
2.160000e-06	4.652997e-06	1.189527e-08	3.257852e+01	7.071770e+02
2.170000e-06	4.524683e-06	1.179925e-08	3.168011e+01	7.011754e+02
2.180000e-06	4.394838e-06	1.168530e-08	3.077099e+01	6.950277e+02
2.190000e-06	4.263528e-06	1.158430e-08	2.985161e+01	6.887060e+02
2.200000e-06	4.130639e-06	1.146949e-08	2.892117e+01	6.821880e+02
2.210000e-06	3.996206e-06	1.136593e-08	2.797992e+01	6.754630e+02
2.220000e-06	3.860342e-06	1.123939e-08	2.702865e+01	6.685333e+02
2.230000e-06	3.723058e-06	1.112519e-08	2.606744e+01	6.614107e+02
2.240000e-06	3.584453e-06	1.100034e-08	2.509698e+01	6.541094e+02
2.250000e-06	3.444439e-06	1.087908e-08	2.411665e+01	6.466387e+02
2.260000e-06	3.303052e-06	1.074483e-08	2.312672e+01	6.389974e+02
2.270000e-06	3.160400e-06	1.061087e-08	2.212792e+01	6.311727e+02
2.280000e-06	3.016611e-06	1.047734e-08	2.112117e+01	6.231441e+02
2.290000e-06	2.871741e-06	1.033769e-08	2.010684e+01	6.148899e+02
2.300000e-06	2.725866e-06	1.019230e-08	1.908548e+01	6.063941e+02
2.310000e-06	2.579076e-06	1.004059e-08	1.805772e+01	5.976508e+02
2.320000e-06	2.431454e-06	9.894794e-09	1.702412e+01	5.886642e+02
2.330000e-06	2.282981e-06	9.739025e-09	1.598457e+01	5.794445e+02
2.340000e-06	2.133570e-06	9.578746e-09	1.493845e+01	5.700005e+02
2.350000e-06	1.983356e-06	9.413674e-09	1.388671e+01	5.603328e+02
2.360000e-06	1.832514e-06	9.249144e-09	1.283057e+01	5.504294e+02
2.370000e-06	1.681086e-06	9.080747e-09	1.177033e+01	5.402667e+02
2.380000e-06	1.529094e-06	8.902726e-09	1.070614e+01	5.298138e+02
2.390000e-06	1.376557e-06	8.717938e-09	9.638130e+00	5.190403e+02
2.400000e-06	1.223504e-06	8.531142e-09	8.566513e+00	5.079238e+02
2.410000e-06	1.070040e-06	8.340156e-09	7.492011e+00	4.964533e+02
2.420000e-06	9.161762e-07	8.142076e-09	6.414719e+00	4.846285e+02
2.430000e-06	7.620069e-07	7.933808e-09	5.335283e+00	4.724532e+02
2.440000e-06	6.076492e-07	7.723306e-09	4.254530e+00	4.599261e+02
2.450000e-06	4.530214e-07	7.509532e-09	3.171884e+00	4.470317e+02
2.460000e-06	2.982031e-07	7.286240e-09	2.087905e+00	4.337340e+02
2.470000e-06	1.433025e-07	7.052391e-09	1.003350e+00	4.199765e+02
2.480000e-06	-1.163849e-08	6.808543e-09	-8.148831e-02	4.056880e+02
2.490000e-06	-1.665771e-07	6.558363e-09	-1.166310e+00	3.907933e+02
2.500000e-06	-3.214497e-07	6.297590e-09	-2.250669e+00	3.752246e+02
2.510000e-06	-4.761571e-07	6.026429e-09	-3.333871e+00	3.589320e+02
2.520000e-06	-6.306245e-07	5.742256e-09	-4.415394e+00	3.418880e+02
2.530000e-06	-7.848575e-07	5.443452e-09	-5.495275e+00	3.240856e+02
2.540000e-06	-9.388039e-07	5.129506e-09	-6.573149e+00	3.055306e+02
2.550000e-06	-1.092337e-06	4.800960e-09	-7.648131e+00	2.862290e+02
2.560000e-06	-1.245476e-06	4.462532e-09	-8.720354e+00	2.661740e+02
2.570000e-06	-1.398180e-06	4.115038e-09	-9.789527e+00	2.453348e+02
2.580000e-06	-1.550409e-06	3.754730e-09	-1.085538e+01	2.236507e+02
2.590000e-06	-1.702122e-06	3.376606e-09	-1.191762e+01	2.010309e+02
2.600000e-06	-1.853169e-06	2.980062e-09	-1.297519e+01	1.773609e+02
2.610000e-06	-2.003543e-06	2.563324e-09	-1.402805e+01	1.525144e+02
2.620000e-06	-2.153266e-06	2.123779e-09	-1.507635e+01	1.263674e+02
2.630000e-06	-2.302173e-06	1.659413e-09	-1.611894e+01	9.881459e+01
2.640000e-06	-2.450294e-06	1.171109e-09	-1.715603e+01	6.978451e+01
2.650000e-06	-2.597568e-06	6.608366e-10	-1.818718e+01	3.925259e+01
2.660000e-06	-2.743767e-06	1.258046e-10	-1.921081e+01	7.251237e+00
2.670000e-06	-2.888979e-06	-4.336581e-10	-2.022753e+01	-2.612399e+01
2.680000e-06	-3.033218e-06	-1.014433e-09	-2.123745e+01	-6.071269e+01
2.690000e-06	-3.176349e-06	-1.611471e-09	-2.223959e+01	-9.629263e+01
2.700000e-06	-3.318319e-06	-2.218786e-09	-2.323361e+01	-1.325878e+02
2.710000e-06	-3.459035e-06	-2.835221e-09	-2.421885e+01	-1.692809e+02
2.720000e-06	-3.598405e-06	-3.453565e-09	-2.519466e+01	-2.060306e+02
2.730000e-06	-3.736393e-06	-4.065372e-09	-2.616081e+01	-2.424905e+02
2.740000e-06	-3.873016e-06	-4.666921e-09	-2.711739e+01	-2.783295e+02
2.750000e-06	-4.008249e-06	-5.253725e-09	-2.806424e+01	-3.132503e+02
2.760000e-06	-4.142030e-06	-5.821845e-09	-2.900092e+01	-3.470046e+02
2.770000e-06	-4.274339e-06	-6.366409e-09	-2.992730e+01	-3.794025e+02
2.780000e-06	-4.405103e-06	-6.884396e-09	-3.084286e+01	-4.103146e+02
2.790000e-06	-4.534321e-06	-7.377246e-09	-3.174760e+01	-4.396691e+02
2.800000e-06	-4.661978e-06	-7.845541e-09	-3.264140e+01	-4.674427e+02
2.810000e-06	-4.787974e-06	-8.288408e-09	-3.352358e+01	-4.936482e+02
2.820000e-06	-4.912263e-06	-8.705005e-09	-3.439380e+01	-5.183223e+02
2.830000e-06	-5.034768e-06	-9.097119e-09	-3.525153e+01	-5.415144e+02
2.840000e-06	-5.155454e-06	-9.467758e-09	-3.609654e+01	-5.632791e+02
2.850000e-06	-5.274257e-06	-9.814104e-09	-3.692835e+01	-5.836724e+02
2.860000e-06	-5.391018e-06	-1.013432e-08	-3.774586e+01	-6.027517e+02
2.870000e-06	-5.505547e-06	-1.043251e-08	-3.854775e+01	-6.205774e+02
2.880000e-06	-5.617838e-06	-1.071255e-08	-3.933397e+01	-6.372150e+02
2.890000e-06	-5.728022e-06	-1.097565e-08	-4.010544e+01	-6.527359e+02
2.900000e-06	-5.836206e-06	-1.122074e-08	-4.086290e+01	-6.672157e+02
2.910000e-06	-5.942428e-06	-1.144716e-08	-4.160663e+01	-6.807306e+02
2.920000e-06	-6.046597e-06	-1.165946e-08	-4.233598e+01	-6.933530e+02
2.930000e-06	-6.148543e-06	-1.185884e-08	-4.304977e+01	-7.051466e+02
2.940000e-06	-6.248201e-06	-1.204343e-08	-4.374754e+01	-7.161648e+02
2.950000e-06	-6.345708e-06	-1.221483e-08	-4.443024e+01	-7.264507e+02
2.960000e-06	-6.441056e-06	-1.237707e-08	-4.509784e+01	-7.360404e+02
2.970000e-06	-6.534073e-06	-1.253085e-08	-4.574910e+01	-7.449668e+02
2.980000e-06	-6.624758e-06	-1.267205e-08	-4.638405e+01	-7.532651e+02
2.990000e-06	-6.713197e-06	-1.280127e-08	-4.700326e+01	-7.609745e+02
3.000000e-06	-6.799264e-06	-1.292165e-08	-4.760587e+01	-7.681389e+02
3.010000e-06	-6.882854e-06	-1.303532e-08	-4.819113e+01	-7.748048e+02
3.020000e-06	-6.964058e-06	-1.314093e-08	-4.875969e+01	-7.810170e+02
3.030000e-06	-7.042765e-06	-1.323955e-08	-4.931077e+01	-7.868153e+02
3.040000e-06	-7.118727e-06	-1.333175e-08	-4.984263e+01	-7.922322e+02
3.050000e-06	-7.191986e-06	-1.341844e-08	-5.035556e+01	-7.972928e+02
3.060000e-06	-7.262643e-06	-1.349781e-08	-5.085027e+01	-8.020174e+02
3.070000e-06	-7.330704e-06	-1.357075e-08	-5.132681e+01	-8.064246e+02
3.080000e-06	-7.396198e-06	-1.363872e-08	-5.178538e+01	-8.105342e+02
3.090000e-06	-7.459091e-06	-1.370324e-08	-5.222573e+01	-8.143680e+02
3.100000e-06	-7.519338e-06	-1.376316e-08	-5.264755e+01	-8.179481e+02
3.110000e-06	-7.576871e-06	-1.381735e-08	-5.305038e+01	-8.212942e+02
3.120000e-06	-7.631581e-06	-1.386934e-08	-5.343344e+01	-8.244198e+02
3.130000e-06	-7.683336e-06	-1.392159e-08	-5.379581e+01	-8.273297e+02
3.140000e-06	-7.731980e-06	-1.396893e-08	-5.413639e+01	-8.300217e+02
3.150000e-06	-7.777722e-06	-1.400963e-08	-5.445666e+01	-8.324891e+02
3.160000e-06	-7.820980e-06	-1.404674e-08	-5.475954e+01	-8.347271e+02
3.170000e-06	-7.861711e-06	-1.407879e-08	-5.504472e+01	-8.367379e+02
3.180000e-06	-7.899627e-06	-1.410782e-08	-5.531019e+01	-8.385341e+02
3.190000e-06	-7.934775e-06	-1.413298e-08	-5.555629e+01	-8.401379e+02
3.200000e-06	-7.967162e-06	-1.415716e-08	-5.578305e+01	-8.415767e+02
3.210000e-06	-7.996608e-06	-1.418185e-08	-5.598922e+01	-8.428762e+02
3.220000e-06	-8.023242e-06	-1.420584e-08	-5.617570e+01	-8.440531e+02
3.230000e-06	-8.047101e-06	-1.422654e-08	-5.634275e+01	-8.451111e+02
3.240000e-06	-8.068045e-06	-1.424344e-08	-5.648939e+01	-8.460415e+02
3.250000e-06	-8.086182e-06	-1.425562e-08	-5.661638e+01	-8.468277e+02
3.260000e-06	-8.101445e-06	-1.426478e-08	-5.672325e+01	-8.474536e+02
3.270000e-06	-8.113540e-06	-1.427149e-08	-5.680793e+01	-8.479119e+02
3.280000e-06	-8.122601e-06	-1.427597e-08	-5.687138e+01	-8.482091e+02
3.290000e-06	-8.128748e-06	-1.427901e-08	-5.691441e+01	-8.483654e+02
3.300000e-06	-8.132064e-06	-1.428553e-08	-5.693763e+01	-8.484094e+02
3.310000e-06	-8.132685e-06	-1.428559e-08	-5.694198e+01	-8.483689e+02
