# Temperatura_=_68.87
# Concentracion g/m^3_=_11780.0
# C_Vs_to_Am_M_A/Vsm_=_59384043850.047264
# pendiente_HvsI_1/m_=_3716.3
# ordenada_HvsI_A/m_=_1297.0
# frecuencia_Hz_=_301502.09111151285

Tiempo_(s)	Campo_(V.s)	Magnetizacion_(V.s)	Campo_(kA/m)	Magnetizacion_(A/m)
0.000000e+00	-8.133944e-06	-1.497685e-08	-5.692947e+01	-8.889264e+02
1.000000e-08	-8.130363e-06	-1.496885e-08	-5.690440e+01	-8.886698e+02
2.000000e-08	-8.124121e-06	-1.496314e-08	-5.686072e+01	-8.883306e+02
3.000000e-08	-8.115204e-06	-1.495886e-08	-5.679830e+01	-8.879103e+02
4.000000e-08	-8.103425e-06	-1.495225e-08	-5.671587e+01	-8.873998e+02
5.000000e-08	-8.088648e-06	-1.494001e-08	-5.661244e+01	-8.867809e+02
6.000000e-08	-8.071020e-06	-1.493138e-08	-5.648906e+01	-8.860325e+02
7.000000e-08	-8.050937e-06	-1.492680e-08	-5.634850e+01	-8.851379e+02
8.000000e-08	-8.028139e-06	-1.487800e-08	-5.618894e+01	-8.840921e+02
9.000000e-08	-8.002033e-06	-1.483445e-08	-5.600622e+01	-8.829048e+02
1.000000e-07	-7.972701e-06	-1.483446e-08	-5.580093e+01	-8.816000e+02
1.100000e-07	-7.940565e-06	-1.483288e-08	-5.557601e+01	-8.802088e+02
1.200000e-07	-7.905733e-06	-1.480304e-08	-5.533222e+01	-8.787608e+02
1.300000e-07	-7.868482e-06	-1.477366e-08	-5.507150e+01	-8.772736e+02
1.400000e-07	-7.829183e-06	-1.478807e-08	-5.479645e+01	-8.757472e+02
1.500000e-07	-7.787374e-06	-1.471920e-08	-5.450383e+01	-8.741628e+02
1.600000e-07	-7.742619e-06	-1.470540e-08	-5.419059e+01	-8.724885e+02
1.700000e-07	-7.695134e-06	-1.467625e-08	-5.385824e+01	-8.706889e+02
1.800000e-07	-7.644630e-06	-1.459203e-08	-5.350476e+01	-8.687360e+02
1.900000e-07	-7.590973e-06	-1.460174e-08	-5.312922e+01	-8.666176e+02
2.000000e-07	-7.534568e-06	-1.454755e-08	-5.273444e+01	-8.643397e+02
2.100000e-07	-7.475390e-06	-1.450876e-08	-5.232025e+01	-8.619227e+02
2.200000e-07	-7.413557e-06	-1.446421e-08	-5.188748e+01	-8.593924e+02
2.300000e-07	-7.349080e-06	-1.441871e-08	-5.143620e+01	-8.567698e+02
2.400000e-07	-7.281818e-06	-1.439909e-08	-5.096544e+01	-8.540625e+02
2.500000e-07	-7.211886e-06	-1.432930e-08	-5.047598e+01	-8.512625e+02
2.600000e-07	-7.139260e-06	-1.427413e-08	-4.996768e+01	-8.483489e+02
2.700000e-07	-7.063827e-06	-1.422903e-08	-4.943972e+01	-8.452970e+02
2.800000e-07	-6.985587e-06	-1.419403e-08	-4.889212e+01	-8.420877e+02
2.900000e-07	-6.904645e-06	-1.412763e-08	-4.832560e+01	-8.387151e+02
3.000000e-07	-6.821283e-06	-1.404358e-08	-4.774215e+01	-8.351883e+02
3.100000e-07	-6.735759e-06	-1.400176e-08	-4.714357e+01	-8.315277e+02
3.200000e-07	-6.647973e-06	-1.394107e-08	-4.652916e+01	-8.277564e+02
3.300000e-07	-6.557753e-06	-1.387826e-08	-4.589771e+01	-8.238904e+02
3.400000e-07	-6.465179e-06	-1.380839e-08	-4.524978e+01	-8.199320e+02
3.500000e-07	-6.370327e-06	-1.373925e-08	-4.458592e+01	-8.158683e+02
3.600000e-07	-6.273125e-06	-1.367635e-08	-4.390560e+01	-8.116762e+02
3.700000e-07	-6.173574e-06	-1.359515e-08	-4.320884e+01	-8.073309e+02
3.800000e-07	-6.071809e-06	-1.350940e-08	-4.249659e+01	-8.028155e+02
3.900000e-07	-5.967865e-06	-1.342086e-08	-4.176908e+01	-7.981269e+02
4.000000e-07	-5.861727e-06	-1.335612e-08	-4.102622e+01	-7.932765e+02
4.100000e-07	-5.753480e-06	-1.328253e-08	-4.026860e+01	-7.882844e+02
4.200000e-07	-5.643263e-06	-1.319803e-08	-3.949720e+01	-7.831707e+02
4.300000e-07	-5.531026e-06	-1.310794e-08	-3.871165e+01	-7.779460e+02
4.400000e-07	-5.416613e-06	-1.301894e-08	-3.791087e+01	-7.726070e+02
4.500000e-07	-5.299988e-06	-1.292607e-08	-3.709461e+01	-7.671363e+02
4.600000e-07	-5.181330e-06	-1.282080e-08	-3.626412e+01	-7.615094e+02
4.700000e-07	-5.060870e-06	-1.271987e-08	-3.542102e+01	-7.557042e+02
4.800000e-07	-4.938577e-06	-1.262352e-08	-3.456509e+01	-7.497090e+02
4.900000e-07	-4.814422e-06	-1.253336e-08	-3.369613e+01	-7.435272e+02
5.000000e-07	-4.688586e-06	-1.242995e-08	-3.281541e+01	-7.371751e+02
5.100000e-07	-4.561114e-06	-1.231875e-08	-3.192323e+01	-7.306747e+02
5.200000e-07	-4.432008e-06	-1.220590e-08	-3.101962e+01	-7.240431e+02
5.300000e-07	-4.301327e-06	-1.209187e-08	-3.010498e+01	-7.172842e+02
5.400000e-07	-4.169000e-06	-1.196959e-08	-2.917883e+01	-7.103853e+02
5.500000e-07	-4.035209e-06	-1.184152e-08	-2.824242e+01	-7.033196e+02
5.600000e-07	-3.899979e-06	-1.172417e-08	-2.729595e+01	-6.960547e+02
5.700000e-07	-3.763298e-06	-1.160857e-08	-2.633932e+01	-6.885633e+02
5.800000e-07	-3.625247e-06	-1.148299e-08	-2.537310e+01	-6.808315e+02
5.900000e-07	-3.485794e-06	-1.134621e-08	-2.439707e+01	-6.728622e+02
6.000000e-07	-3.344841e-06	-1.120814e-08	-2.341054e+01	-6.646717e+02
6.100000e-07	-3.202496e-06	-1.106695e-08	-2.241427e+01	-6.562816e+02
6.200000e-07	-3.058998e-06	-1.091949e-08	-2.140993e+01	-6.477081e+02
6.300000e-07	-2.914390e-06	-1.077057e-08	-2.039781e+01	-6.389538e+02
6.400000e-07	-2.768702e-06	-1.062298e-08	-1.937814e+01	-6.300052e+02
6.500000e-07	-2.622012e-06	-1.047650e-08	-1.835146e+01	-6.208360e+02
6.600000e-07	-2.474484e-06	-1.032031e-08	-1.731891e+01	-6.114149e+02
6.700000e-07	-2.326102e-06	-1.015456e-08	-1.628038e+01	-6.017152e+02
6.800000e-07	-2.176871e-06	-9.980572e-09	-1.523592e+01	-5.917216e+02
6.900000e-07	-2.026993e-06	-9.805726e-09	-1.418692e+01	-5.814317e+02
7.000000e-07	-1.876490e-06	-9.632116e-09	-1.313355e+01	-5.708522e+02
7.100000e-07	-1.725184e-06	-9.450465e-09	-1.207456e+01	-5.599914e+02
7.200000e-07	-1.573155e-06	-9.261738e-09	-1.101051e+01	-5.488511e+02
7.300000e-07	-1.420663e-06	-9.069294e-09	-9.943223e+00	-5.374214e+02
7.400000e-07	-1.267781e-06	-8.875186e-09	-8.873201e+00	-5.256804e+02
7.500000e-07	-1.114429e-06	-8.671979e-09	-7.799891e+00	-5.135989e+02
7.600000e-07	-9.606135e-07	-8.457847e-09	-6.723333e+00	-5.011464e+02
7.700000e-07	-8.064779e-07	-8.238509e-09	-5.644538e+00	-4.882965e+02
7.800000e-07	-6.520868e-07	-8.019218e-09	-4.563955e+00	-4.750281e+02
7.900000e-07	-4.974718e-07	-7.793760e-09	-3.481805e+00	-4.613214e+02
8.000000e-07	-3.426813e-07	-7.554426e-09	-2.398426e+00	-4.471502e+02
8.100000e-07	-1.877070e-07	-7.302480e-09	-1.313761e+00	-4.324742e+02
8.200000e-07	-3.267156e-08	-7.044767e-09	-2.286682e-01	-4.172345e+02
8.300000e-07	1.223810e-07	-6.779074e-09	8.565446e-01	-4.013555e+02
8.400000e-07	2.773664e-07	-6.496644e-09	1.941287e+00	-3.847542e+02
8.500000e-07	4.321798e-07	-6.202633e-09	3.024826e+00	-3.673533e+02
8.600000e-07	5.868188e-07	-5.898587e-09	4.107145e+00	-3.490935e+02
8.700000e-07	7.412229e-07	-5.578850e-09	5.187818e+00	-3.299417e+02
8.800000e-07	8.953955e-07	-5.238041e-09	6.266872e+00	-3.098874e+02
8.900000e-07	1.049265e-06	-4.880139e-09	7.343806e+00	-2.889311e+02
9.000000e-07	1.202764e-06	-4.511771e-09	8.418142e+00	-2.670642e+02
9.100000e-07	1.355826e-06	-4.130462e-09	9.489424e+00	-2.442472e+02
9.200000e-07	1.508355e-06	-3.728534e-09	1.055698e+01	-2.203942e+02
9.300000e-07	1.660331e-06	-3.302235e-09	1.162065e+01	-1.953674e+02
9.400000e-07	1.811796e-06	-2.854255e-09	1.268076e+01	-1.689860e+02
9.500000e-07	1.962647e-06	-2.382020e-09	1.373656e+01	-1.410489e+02
9.600000e-07	2.112728e-06	-1.878212e-09	1.478698e+01	-1.113658e+02
9.700000e-07	2.262069e-06	-1.340020e-09	1.583222e+01	-7.979082e+01
9.800000e-07	2.410600e-06	-7.703749e-10	1.687179e+01	-4.625290e+01
9.900000e-07	2.558225e-06	-1.738735e-10	1.790502e+01	-1.077652e+01
1.000000e-06	2.704919e-06	4.518923e-10	1.893173e+01	2.650890e+01
1.010000e-06	2.850652e-06	1.111204e-09	1.995171e+01	6.537125e+01
1.020000e-06	2.995386e-06	1.793174e-09	2.096470e+01	1.054877e+02
1.030000e-06	3.139079e-06	2.486530e-09	2.197041e+01	1.464635e+02
1.040000e-06	3.281594e-06	3.188035e-09	2.296788e+01	1.878554e+02
1.050000e-06	3.422864e-06	3.890278e-09	2.395662e+01	2.291968e+02
1.060000e-06	3.562844e-06	4.580233e-09	2.493635e+01	2.700245e+02
1.070000e-06	3.701419e-06	5.248118e-09	2.590623e+01	3.099050e+02
1.080000e-06	3.838632e-06	5.893631e-09	2.686659e+01	3.484585e+02
1.090000e-06	3.974437e-06	6.514183e-09	2.781708e+01	3.853789e+02
1.100000e-06	4.108739e-06	7.106083e-09	2.875706e+01	4.204465e+02
1.110000e-06	4.241605e-06	7.665153e-09	2.968699e+01	4.535320e+02
1.120000e-06	4.372912e-06	8.188293e-09	3.060601e+01	4.845901e+02
1.130000e-06	4.502598e-06	8.676830e-09	3.151368e+01	5.136448e+02
1.140000e-06	4.630699e-06	9.133141e-09	3.241026e+01	5.407682e+02
1.150000e-06	4.757156e-06	9.557522e-09	3.329533e+01	5.660585e+02
1.160000e-06	4.882056e-06	9.950925e-09	3.416951e+01	5.896215e+02
1.170000e-06	5.005224e-06	1.031810e-08	3.503156e+01	6.115577e+02
1.180000e-06	5.126573e-06	1.066110e-08	3.588088e+01	6.319584e+02
1.190000e-06	5.246101e-06	1.098049e-08	3.671746e+01	6.509073e+02
1.200000e-06	5.363639e-06	1.127533e-08	3.754011e+01	6.684867e+02
1.210000e-06	5.479093e-06	1.154743e-08	3.834817e+01	6.847832e+02
1.220000e-06	5.592421e-06	1.180228e-08	3.914135e+01	6.998907e+02
1.230000e-06	5.703630e-06	1.203814e-08	3.991970e+01	7.139089e+02
1.240000e-06	5.812845e-06	1.225368e-08	4.068410e+01	7.269376e+02
1.250000e-06	5.920089e-06	1.245424e-08	4.143470e+01	7.390696e+02
1.260000e-06	6.025216e-06	1.264542e-08	4.217048e+01	7.503845e+02
1.270000e-06	6.128165e-06	1.282744e-08	4.289102e+01	7.609449e+02
1.280000e-06	6.228871e-06	1.299565e-08	4.359587e+01	7.707983e+02
1.290000e-06	6.327266e-06	1.315013e-08	4.428453e+01	7.799809e+02
1.300000e-06	6.423335e-06	1.329172e-08	4.495692e+01	7.885251e+02
1.310000e-06	6.517178e-06	1.342256e-08	4.561373e+01	7.964649e+02
1.320000e-06	6.608757e-06	1.354328e-08	4.625469e+01	8.038394e+02
1.330000e-06	6.697975e-06	1.365540e-08	4.687912e+01	8.106938e+02
1.340000e-06	6.784862e-06	1.376183e-08	4.748724e+01	8.170758e+02
1.350000e-06	6.869445e-06	1.386312e-08	4.807924e+01	8.230320e+02
1.360000e-06	6.951647e-06	1.395777e-08	4.865457e+01	8.286037e+02
1.370000e-06	7.031303e-06	1.404501e-08	4.921209e+01	8.338243e+02
1.380000e-06	7.108373e-06	1.412909e-08	4.975150e+01	8.387193e+02
1.390000e-06	7.182783e-06	1.420766e-08	5.027229e+01	8.433084e+02
1.400000e-06	7.254491e-06	1.427822e-08	5.077418e+01	8.476077e+02
1.410000e-06	7.323715e-06	1.434517e-08	5.125868e+01	8.516331e+02
1.420000e-06	7.390400e-06	1.440953e-08	5.172540e+01	8.554011e+02
1.430000e-06	7.454343e-06	1.446725e-08	5.217294e+01	8.589288e+02
1.440000e-06	7.515728e-06	1.452053e-08	5.260258e+01	8.622327e+02
1.450000e-06	7.574582e-06	1.457340e-08	5.301450e+01	8.653266e+02
1.460000e-06	7.630711e-06	1.462570e-08	5.340734e+01	8.682204e+02
1.470000e-06	7.683922e-06	1.467366e-08	5.377976e+01	8.709192e+02
1.480000e-06	7.733939e-06	1.471693e-08	5.412983e+01	8.734244e+02
1.490000e-06	7.780902e-06	1.475722e-08	5.445853e+01	8.757355e+02
1.500000e-06	7.825146e-06	1.479172e-08	5.476819e+01	8.778521e+02
1.510000e-06	7.866592e-06	1.482067e-08	5.505827e+01	8.797764e+02
1.520000e-06	7.905206e-06	1.484771e-08	5.532853e+01	8.815144e+02
1.530000e-06	7.941114e-06	1.487461e-08	5.557985e+01	8.830760e+02
1.540000e-06	7.974225e-06	1.489988e-08	5.581159e+01	8.844742e+02
1.550000e-06	8.004528e-06	1.492279e-08	5.602369e+01	8.857234e+02
1.560000e-06	8.032136e-06	1.494219e-08	5.621692e+01	8.868366e+02
1.570000e-06	8.056841e-06	1.495753e-08	5.638982e+01	8.878233e+02
1.580000e-06	8.078660e-06	1.496986e-08	5.654253e+01	8.886880e+02
1.590000e-06	8.097836e-06	1.498029e-08	5.667675e+01	8.894291e+02
1.600000e-06	8.114160e-06	1.498993e-08	5.679100e+01	8.900410e+02
1.610000e-06	8.127410e-06	1.499732e-08	5.688374e+01	8.905160e+02
1.620000e-06	8.137460e-06	1.500254e-08	5.695408e+01	8.908483e+02
1.630000e-06	8.144432e-06	1.500646e-08	5.700287e+01	8.910370e+02
1.640000e-06	8.148618e-06	1.500741e-08	5.703217e+01	8.910883e+02
1.650000e-06	8.149951e-06	1.500382e-08	5.704150e+01	8.910151e+02
1.660000e-06	8.148469e-06	1.500283e-08	5.703113e+01	8.908343e+02
1.670000e-06	8.144411e-06	1.499904e-08	5.700273e+01	8.905620e+02
1.680000e-06	8.137632e-06	1.499139e-08	5.695528e+01	8.902081e+02
1.690000e-06	8.128120e-06	1.498059e-08	5.688871e+01	8.897723e+02
1.700000e-06	8.115869e-06	1.496806e-08	5.680296e+01	8.892435e+02
1.710000e-06	8.100769e-06	1.495475e-08	5.669728e+01	8.886027e+02
1.720000e-06	8.083195e-06	1.492742e-08	5.657427e+01	8.878287e+02
1.730000e-06	8.063351e-06	1.493953e-08	5.643539e+01	8.869067e+02
1.740000e-06	8.040614e-06	1.495924e-08	5.627625e+01	8.858340e+02
1.750000e-06	8.014238e-06	1.492420e-08	5.609165e+01	8.846233e+02
1.760000e-06	7.984149e-06	1.487848e-08	5.588106e+01	8.833003e+02
1.770000e-06	7.951007e-06	1.485566e-08	5.564909e+01	8.818967e+02
1.780000e-06	7.915452e-06	1.480448e-08	5.540025e+01	8.804404e+02
1.790000e-06	7.877599e-06	1.476453e-08	5.513531e+01	8.789463e+02
1.800000e-06	7.837587e-06	1.480740e-08	5.485527e+01	8.774110e+02
1.810000e-06	7.795145e-06	1.471680e-08	5.455821e+01	8.758128e+02
1.820000e-06	7.750127e-06	1.470466e-08	5.424313e+01	8.741183e+02
1.830000e-06	7.702469e-06	1.471928e-08	5.390958e+01	8.722925e+02
1.840000e-06	7.651673e-06	1.464079e-08	5.355406e+01	8.703101e+02
1.850000e-06	7.597796e-06	1.464766e-08	5.317697e+01	8.681618e+02
1.860000e-06	7.541055e-06	1.455378e-08	5.277984e+01	8.658569e+02
1.870000e-06	7.481685e-06	1.454335e-08	5.236431e+01	8.634174e+02
1.880000e-06	7.419707e-06	1.451259e-08	5.193052e+01	8.608690e+02
1.890000e-06	7.354842e-06	1.443666e-08	5.147653e+01	8.582308e+02
1.900000e-06	7.287262e-06	1.442983e-08	5.100354e+01	8.555076e+02
1.910000e-06	7.216905e-06	1.434679e-08	5.051111e+01	8.526886e+02
1.920000e-06	7.143762e-06	1.432135e-08	4.999918e+01	8.497518e+02
1.930000e-06	7.067975e-06	1.425501e-08	4.946875e+01	8.466725e+02
1.940000e-06	6.989474e-06	1.419817e-08	4.891932e+01	8.434336e+02
1.950000e-06	6.908394e-06	1.415830e-08	4.835184e+01	8.400320e+02
1.960000e-06	6.824789e-06	1.407554e-08	4.776669e+01	8.364792e+02
1.970000e-06	6.738785e-06	1.404456e-08	4.716475e+01	8.327968e+02
1.980000e-06	6.650326e-06	1.395223e-08	4.654563e+01	8.290074e+02
1.990000e-06	6.559468e-06	1.389356e-08	4.590971e+01	8.251248e+02
2.000000e-06	6.466413e-06	1.382308e-08	4.525842e+01	8.211485e+02
2.010000e-06	6.371029e-06	1.375574e-08	4.459083e+01	8.170634e+02
2.020000e-06	6.273341e-06	1.369416e-08	4.390711e+01	8.128452e+02
2.030000e-06	6.173380e-06	1.361257e-08	4.320749e+01	8.084700e+02
2.040000e-06	6.071228e-06	1.355222e-08	4.249252e+01	8.039231e+02
2.050000e-06	5.966865e-06	1.346067e-08	4.176208e+01	7.992040e+02
2.060000e-06	5.860433e-06	1.338064e-08	4.101716e+01	7.943263e+02
2.070000e-06	5.752027e-06	1.328031e-08	4.025843e+01	7.893108e+02
2.080000e-06	5.641515e-06	1.319626e-08	3.948496e+01	7.841764e+02
2.090000e-06	5.528853e-06	1.311206e-08	3.869644e+01	7.789317e+02
2.100000e-06	5.414053e-06	1.302294e-08	3.789295e+01	7.735703e+02
2.110000e-06	5.297174e-06	1.293323e-08	3.707491e+01	7.680732e+02
2.120000e-06	5.178164e-06	1.283928e-08	3.624197e+01	7.624155e+02
2.130000e-06	5.057153e-06	1.274261e-08	3.539501e+01	7.565764e+02
2.140000e-06	4.934350e-06	1.263106e-08	3.453551e+01	7.505468e+02
2.150000e-06	4.809830e-06	1.252143e-08	3.366400e+01	7.443327e+02
2.160000e-06	4.683626e-06	1.241361e-08	3.278070e+01	7.379522e+02
2.170000e-06	4.555772e-06	1.230952e-08	3.188585e+01	7.314270e+02
2.180000e-06	4.426282e-06	1.219694e-08	3.097954e+01	7.247724e+02
2.190000e-06	4.295231e-06	1.208379e-08	3.006232e+01	7.179895e+02
2.200000e-06	4.162643e-06	1.196881e-08	2.913434e+01	7.110627e+02
2.210000e-06	4.028568e-06	1.184869e-08	2.819595e+01	7.039634e+02
2.220000e-06	3.892987e-06	1.172468e-08	2.724702e+01	6.966594e+02
2.230000e-06	3.755917e-06	1.159608e-08	2.628766e+01	6.891252e+02
2.240000e-06	3.617492e-06	1.146694e-08	2.531882e+01	6.813499e+02
2.250000e-06	3.477738e-06	1.133305e-08	2.434069e+01	6.733392e+02
2.260000e-06	3.336693e-06	1.119572e-08	2.335351e+01	6.651111e+02
2.270000e-06	3.194415e-06	1.105317e-08	2.235771e+01	6.566870e+02
2.280000e-06	3.050862e-06	1.090631e-08	2.135298e+01	6.480811e+02
2.290000e-06	2.906076e-06	1.075674e-08	2.033962e+01	6.392931e+02
2.300000e-06	2.760320e-06	1.060119e-08	1.931948e+01	6.303069e+02
2.310000e-06	2.613696e-06	1.044490e-08	1.829326e+01	6.210946e+02
2.320000e-06	2.466128e-06	1.028569e-08	1.726043e+01	6.116251e+02
2.330000e-06	2.317660e-06	1.012580e-08	1.622130e+01	6.018733e+02
2.340000e-06	2.168380e-06	9.957447e-09	1.517649e+01	5.918262e+02
2.350000e-06	2.018388e-06	9.782970e-09	1.412670e+01	5.814835e+02
2.360000e-06	1.867855e-06	9.601635e-09	1.307312e+01	5.708529e+02
2.370000e-06	1.716705e-06	9.415154e-09	1.201522e+01	5.599420e+02
2.380000e-06	1.564740e-06	9.225321e-09	1.095161e+01	5.487507e+02
2.390000e-06	1.412055e-06	9.029524e-09	9.882968e+00	5.372668e+02
2.400000e-06	1.258883e-06	8.832509e-09	8.810919e+00	5.254670e+02
2.410000e-06	1.105365e-06	8.630806e-09	7.736447e+00	5.133210e+02
2.420000e-06	9.515212e-07	8.423018e-09	6.659696e+00	5.007989e+02
2.430000e-06	7.973833e-07	8.202938e-09	5.580885e+00	4.878753e+02
2.440000e-06	6.429806e-07	7.973850e-09	4.500221e+00	4.745297e+02
2.450000e-06	4.883559e-07	7.741865e-09	3.418003e+00	4.607419e+02
2.460000e-06	3.335151e-07	7.503406e-09	2.334272e+00	4.464837e+02
2.470000e-06	1.784384e-07	7.254527e-09	1.248890e+00	4.317115e+02
2.480000e-06	2.326514e-08	6.994937e-09	1.628327e-01	4.163631e+02
2.490000e-06	-1.318865e-07	6.726029e-09	-9.230738e-01	4.003609e+02
2.500000e-06	-2.869501e-07	6.446886e-09	-2.008363e+00	3.836217e+02
2.510000e-06	-4.418573e-07	6.151332e-09	-3.092559e+00	3.660706e+02
2.520000e-06	-5.965735e-07	5.839488e-09	-4.175418e+00	3.476529e+02
2.530000e-06	-7.510134e-07	5.513170e-09	-5.256342e+00	3.283397e+02
2.540000e-06	-9.051752e-07	5.173359e-09	-6.335321e+00	3.081239e+02
2.550000e-06	-1.059008e-06	4.817259e-09	-7.411994e+00	2.870059e+02
2.560000e-06	-1.212459e-06	4.444442e-09	-8.485999e+00	2.649730e+02
2.570000e-06	-1.365544e-06	4.057678e-09	-9.557443e+00	2.419784e+02
2.580000e-06	-1.518181e-06	3.656736e-09	-1.062575e+01	2.179270e+02
2.590000e-06	-1.670124e-06	3.237099e-09	-1.168920e+01	1.926720e+02
2.600000e-06	-1.821244e-06	2.790985e-09	-1.274689e+01	1.660273e+02
2.610000e-06	-1.971663e-06	2.317167e-09	-1.379967e+01	1.377912e+02
2.620000e-06	-2.121449e-06	1.814219e-09	-1.484802e+01	1.077787e+02
2.630000e-06	-2.270548e-06	1.280114e-09	-1.589156e+01	7.585552e+01
2.640000e-06	-2.418887e-06	7.111824e-10	-1.692979e+01	4.196628e+01
2.650000e-06	-2.566370e-06	1.100272e-10	-1.796202e+01	6.153921e+00
2.660000e-06	-2.712886e-06	-5.188616e-10	-1.898749e+01	-3.143333e+01
2.670000e-06	-2.858466e-06	-1.171846e-09	-2.000640e+01	-7.054605e+01
2.680000e-06	-3.003043e-06	-1.847981e-09	-2.101829e+01	-1.108470e+02
2.690000e-06	-3.146423e-06	-2.539171e-09	-2.202182e+01	-1.519311e+02
2.700000e-06	-3.288568e-06	-3.232417e-09	-2.301669e+01	-1.933488e+02
2.710000e-06	-3.429444e-06	-3.923685e-09	-2.400268e+01	-2.346323e+02
2.720000e-06	-3.569099e-06	-4.608480e-09	-2.498012e+01	-2.753218e+02
2.730000e-06	-3.707479e-06	-5.277993e-09	-2.594864e+01	-3.149917e+02
2.740000e-06	-3.844503e-06	-5.922215e-09	-2.690767e+01	-3.532741e+02
2.750000e-06	-3.980033e-06	-6.536769e-09	-2.785625e+01	-3.898775e+02
2.760000e-06	-4.114108e-06	-7.121593e-09	-2.879464e+01	-4.245984e+02
2.770000e-06	-4.246862e-06	-7.676495e-09	-2.972378e+01	-4.573234e+02
2.780000e-06	-4.378088e-06	-8.195083e-09	-3.064223e+01	-4.880207e+02
2.790000e-06	-4.507714e-06	-8.677584e-09	-3.154949e+01	-5.167246e+02
2.800000e-06	-4.635752e-06	-9.128946e-09	-3.244562e+01	-5.435134e+02
2.810000e-06	-4.762109e-06	-9.552636e-09	-3.333000e+01	-5.684880e+02
2.820000e-06	-4.886793e-06	-9.946772e-09	-3.420266e+01	-5.917537e+02
2.830000e-06	-5.009805e-06	-1.031100e-08	-3.506362e+01	-6.134097e+02
2.840000e-06	-5.130986e-06	-1.065213e-08	-3.591176e+01	-6.335455e+02
2.850000e-06	-5.250225e-06	-1.097065e-08	-3.674632e+01	-6.522442e+02
2.860000e-06	-5.367438e-06	-1.126405e-08	-3.756670e+01	-6.695883e+02
2.870000e-06	-5.482481e-06	-1.153392e-08	-3.837188e+01	-6.856658e+02
2.880000e-06	-5.595228e-06	-1.178541e-08	-3.916100e+01	-7.005718e+02
2.890000e-06	-5.705807e-06	-1.202221e-08	-3.993494e+01	-7.144064e+02
2.900000e-06	-5.814401e-06	-1.224187e-08	-4.069499e+01	-7.272689e+02
2.910000e-06	-5.921072e-06	-1.244086e-08	-4.144158e+01	-7.392501e+02
2.920000e-06	-6.025719e-06	-1.262594e-08	-4.217401e+01	-7.504265e+02
2.930000e-06	-6.128151e-06	-1.280225e-08	-4.289092e+01	-7.608580e+02
2.940000e-06	-6.228303e-06	-1.296692e-08	-4.359189e+01	-7.705895e+02
2.950000e-06	-6.326321e-06	-1.311862e-08	-4.427791e+01	-7.796562e+02
2.960000e-06	-6.422203e-06	-1.326200e-08	-4.494900e+01	-7.880902e+02
2.970000e-06	-6.515773e-06	-1.339926e-08	-4.560389e+01	-7.959264e+02
2.980000e-06	-6.607001e-06	-1.352556e-08	-4.624239e+01	-8.032050e+02
2.990000e-06	-6.695986e-06	-1.363841e-08	-4.686520e+01	-8.099719e+02
3.000000e-06	-6.782627e-06	-1.374218e-08	-4.747160e+01	-8.162749e+02
3.010000e-06	-6.866746e-06	-1.384290e-08	-4.806035e+01	-8.221601e+02
3.020000e-06	-6.948492e-06	-1.393755e-08	-4.863249e+01	-8.276672e+02
3.030000e-06	-7.027844e-06	-1.402434e-08	-4.918788e+01	-8.328284e+02
3.040000e-06	-7.104466e-06	-1.410512e-08	-4.972415e+01	-8.376679e+02
3.050000e-06	-7.178327e-06	-1.418320e-08	-5.024110e+01	-8.422045e+02
3.060000e-06	-7.249575e-06	-1.425696e-08	-5.073977e+01	-8.464541e+02
3.070000e-06	-7.318201e-06	-1.432306e-08	-5.122009e+01	-8.504327e+02
3.080000e-06	-7.384300e-06	-1.438175e-08	-5.168271e+01	-8.541569e+02
3.090000e-06	-7.447887e-06	-1.443888e-08	-5.212775e+01	-8.576439e+02
3.100000e-06	-7.508724e-06	-1.449688e-08	-5.255356e+01	-8.609098e+02
3.110000e-06	-7.566827e-06	-1.454904e-08	-5.296021e+01	-8.639678e+02
3.120000e-06	-7.622249e-06	-1.459550e-08	-5.334812e+01	-8.668269e+02
3.130000e-06	-7.674779e-06	-1.464017e-08	-5.371577e+01	-8.694915e+02
3.140000e-06	-7.724142e-06	-1.468427e-08	-5.406127e+01	-8.719625e+02
3.150000e-06	-7.770469e-06	-1.472278e-08	-5.438551e+01	-8.742392e+02
3.160000e-06	-7.814256e-06	-1.475413e-08	-5.469197e+01	-8.763216e+02
3.170000e-06	-7.855544e-06	-1.478199e-08	-5.498095e+01	-8.782125e+02
3.180000e-06	-7.894036e-06	-1.481124e-08	-5.525035e+01	-8.799185e+02
3.190000e-06	-7.929714e-06	-1.483922e-08	-5.550007e+01	-8.814503e+02
3.200000e-06	-7.962697e-06	-1.486416e-08	-5.573091e+01	-8.828213e+02
3.210000e-06	-7.992813e-06	-1.488628e-08	-5.594169e+01	-8.840457e+02
3.220000e-06	-8.020060e-06	-1.490677e-08	-5.613239e+01	-8.851361e+02
3.230000e-06	-8.044578e-06	-1.492567e-08	-5.630400e+01	-8.861013e+02
3.240000e-06	-8.066109e-06	-1.493906e-08	-5.645469e+01	-8.869445e+02
3.250000e-06	-8.084732e-06	-1.494831e-08	-5.658503e+01	-8.876635e+02
3.260000e-06	-8.100599e-06	-1.495693e-08	-5.669609e+01	-8.882519e+02
3.270000e-06	-8.113386e-06	-1.496767e-08	-5.678559e+01	-8.887022e+02
3.280000e-06	-8.123161e-06	-1.497591e-08	-5.685400e+01	-8.890091e+02
3.290000e-06	-8.130008e-06	-1.497874e-08	-5.690192e+01	-8.891730e+02
3.300000e-06	-8.133926e-06	-1.498163e-08	-5.692934e+01	-8.892013e+02
3.310000e-06	-8.135118e-06	-1.498420e-08	-5.693768e+01	-8.891080e+02
