# Temperatura_=_64.98
# Concentracion g/m^3_=_11780.0
# C_Vs_to_Am_M_A/Vsm_=_59384043850.047264
# pendiente_HvsI_1/m_=_3716.3
# ordenada_HvsI_A/m_=_1297.0
# frecuencia_Hz_=_301501.2358645721

Tiempo_(s)	Campo_(V.s)	Magnetizacion_(V.s)	Campo_(kA/m)	Magnetizacion_(A/m)
0.000000e+00	-8.161397e-06	-1.491243e-08	-5.692935e+01	-8.855265e+02
1.000000e-08	-8.157504e-06	-1.490444e-08	-5.690219e+01	-8.852459e+02
2.000000e-08	-8.151026e-06	-1.489943e-08	-5.685700e+01	-8.848868e+02
3.000000e-08	-8.141783e-06	-1.489553e-08	-5.679253e+01	-8.844500e+02
4.000000e-08	-8.129616e-06	-1.489087e-08	-5.670766e+01	-8.839250e+02
5.000000e-08	-8.114487e-06	-1.488135e-08	-5.660213e+01	-8.832931e+02
6.000000e-08	-8.096560e-06	-1.487624e-08	-5.647708e+01	-8.825340e+02
7.000000e-08	-8.076128e-06	-1.485848e-08	-5.633456e+01	-8.816334e+02
8.000000e-08	-8.052898e-06	-1.478625e-08	-5.617252e+01	-8.805894e+02
9.000000e-08	-8.026347e-06	-1.476636e-08	-5.598731e+01	-8.794137e+02
1.000000e-07	-7.996553e-06	-1.479051e-08	-5.577949e+01	-8.781291e+02
1.100000e-07	-7.963973e-06	-1.477509e-08	-5.555222e+01	-8.767620e+02
1.200000e-07	-7.928698e-06	-1.473305e-08	-5.530617e+01	-8.753334e+02
1.300000e-07	-7.891038e-06	-1.472610e-08	-5.504347e+01	-8.738515e+02
1.400000e-07	-7.851316e-06	-1.474166e-08	-5.476639e+01	-8.723090e+02
1.500000e-07	-7.809056e-06	-1.464385e-08	-5.447161e+01	-8.706846e+02
1.600000e-07	-7.763909e-06	-1.465711e-08	-5.415669e+01	-8.689509e+02
1.700000e-07	-7.716001e-06	-1.458524e-08	-5.382251e+01	-8.670831e+02
1.800000e-07	-7.664944e-06	-1.451166e-08	-5.346637e+01	-8.650672e+02
1.900000e-07	-7.610738e-06	-1.454833e-08	-5.308826e+01	-8.629039e+02
2.000000e-07	-7.553816e-06	-1.447271e-08	-5.269120e+01	-8.606074e+02
2.100000e-07	-7.494172e-06	-1.445632e-08	-5.227516e+01	-8.581988e+02
2.200000e-07	-7.431912e-06	-1.439423e-08	-5.184087e+01	-8.556970e+02
2.300000e-07	-7.366957e-06	-1.437757e-08	-5.138778e+01	-8.531114e+02
2.400000e-07	-7.299202e-06	-1.433941e-08	-5.091515e+01	-8.504376e+02
2.500000e-07	-7.228750e-06	-1.424327e-08	-5.042372e+01	-8.476589e+02
2.600000e-07	-7.155557e-06	-1.420023e-08	-4.991317e+01	-8.447525e+02
2.700000e-07	-7.079572e-06	-1.415957e-08	-4.938314e+01	-8.416981e+02
2.800000e-07	-7.000836e-06	-1.413550e-08	-4.883392e+01	-8.384857e+02
2.900000e-07	-6.919451e-06	-1.405570e-08	-4.826622e+01	-8.351191e+02
3.000000e-07	-6.835636e-06	-1.399479e-08	-4.768158e+01	-8.316147e+02
3.100000e-07	-6.749562e-06	-1.394978e-08	-4.708118e+01	-8.279948e+02
3.200000e-07	-6.661137e-06	-1.387721e-08	-4.646437e+01	-8.242791e+02
3.300000e-07	-6.570323e-06	-1.381117e-08	-4.583090e+01	-8.204768e+02
3.400000e-07	-6.477261e-06	-1.372759e-08	-4.518176e+01	-8.165826e+02
3.500000e-07	-6.381864e-06	-1.366911e-08	-4.451632e+01	-8.125777e+02
3.600000e-07	-6.284069e-06	-1.361319e-08	-4.383416e+01	-8.084366e+02
3.700000e-07	-6.183994e-06	-1.354091e-08	-4.313609e+01	-8.041347e+02
3.800000e-07	-6.081723e-06	-1.345586e-08	-4.242270e+01	-7.996569e+02
3.900000e-07	-5.977236e-06	-1.337811e-08	-4.169386e+01	-7.950016e+02
4.000000e-07	-5.870536e-06	-1.331456e-08	-4.094958e+01	-7.901803e+02
4.100000e-07	-5.761748e-06	-1.322459e-08	-4.019074e+01	-7.852122e+02
4.200000e-07	-5.650927e-06	-1.312825e-08	-3.941771e+01	-7.801162e+02
4.300000e-07	-5.538004e-06	-1.303688e-08	-3.863002e+01	-7.749042e+02
4.400000e-07	-5.422865e-06	-1.295722e-08	-3.782688e+01	-7.695764e+02
4.500000e-07	-5.305590e-06	-1.287115e-08	-3.700883e+01	-7.641217e+02
4.600000e-07	-5.186328e-06	-1.277467e-08	-3.617693e+01	-7.585220e+02
4.700000e-07	-5.065185e-06	-1.267829e-08	-3.533190e+01	-7.527593e+02
4.800000e-07	-4.942196e-06	-1.258378e-08	-3.447400e+01	-7.468213e+02
4.900000e-07	-4.817441e-06	-1.248337e-08	-3.360378e+01	-7.407054e+02
5.000000e-07	-4.691049e-06	-1.236739e-08	-3.272214e+01	-7.344180e+02
5.100000e-07	-4.563086e-06	-1.225264e-08	-3.182954e+01	-7.279703e+02
5.200000e-07	-4.433464e-06	-1.214844e-08	-3.092537e+01	-7.213727e+02
5.300000e-07	-4.302115e-06	-1.204385e-08	-3.000915e+01	-7.146283e+02
5.400000e-07	-4.169228e-06	-1.192636e-08	-2.908221e+01	-7.077307e+02
5.500000e-07	-4.034860e-06	-1.180276e-08	-2.814493e+01	-7.006643e+02
5.600000e-07	-3.899020e-06	-1.168416e-08	-2.719739e+01	-6.934081e+02
5.700000e-07	-3.761762e-06	-1.156145e-08	-2.623995e+01	-6.859416e+02
5.800000e-07	-3.622991e-06	-1.142830e-08	-2.527196e+01	-6.782500e+02
5.900000e-07	-3.482767e-06	-1.129178e-08	-2.429384e+01	-6.703275e+02
6.000000e-07	-3.341148e-06	-1.115865e-08	-2.330598e+01	-6.621771e+02
6.100000e-07	-3.198155e-06	-1.102381e-08	-2.230855e+01	-6.538074e+02
6.200000e-07	-3.053935e-06	-1.087613e-08	-2.130255e+01	-6.452277e+02
6.300000e-07	-2.908675e-06	-1.072362e-08	-2.028929e+01	-6.364433e+02
6.400000e-07	-2.762441e-06	-1.057334e-08	-1.926925e+01	-6.274523e+02
6.500000e-07	-2.615215e-06	-1.042703e-08	-1.824228e+01	-6.182449e+02
6.600000e-07	-2.467130e-06	-1.027147e-08	-1.720932e+01	-6.088052e+02
6.700000e-07	-2.318301e-06	-1.010587e-08	-1.617117e+01	-5.991143e+02
6.800000e-07	-2.168633e-06	-9.935709e-09	-1.512717e+01	-5.891541e+02
6.900000e-07	-2.018132e-06	-9.765111e-09	-1.407736e+01	-5.789099e+02
7.000000e-07	-1.866951e-06	-9.590120e-09	-1.302281e+01	-5.683709e+02
7.100000e-07	-1.715140e-06	-9.402824e-09	-1.196386e+01	-5.575297e+02
7.200000e-07	-1.562692e-06	-9.213669e-09	-1.090047e+01	-5.463809e+02
7.300000e-07	-1.409679e-06	-9.025028e-09	-9.833134e+00	-5.349184e+02
7.400000e-07	-1.256152e-06	-8.833118e-09	-8.762212e+00	-5.231339e+02
7.500000e-07	-1.102065e-06	-8.628223e-09	-7.687390e+00	-5.110156e+02
7.600000e-07	-9.475156e-07	-8.414754e-09	-6.609339e+00	-4.985468e+02
7.700000e-07	-7.926078e-07	-8.196770e-09	-5.528789e+00	-4.857050e+02
7.800000e-07	-6.374100e-07	-7.975190e-09	-4.446216e+00	-4.724605e+02
7.900000e-07	-4.820358e-07	-7.745132e-09	-3.362413e+00	-4.587756e+02
8.000000e-07	-3.265824e-07	-7.503935e-09	-2.278056e+00	-4.446034e+02
8.100000e-07	-1.710269e-07	-7.256377e-09	-1.192988e+00	-4.298890e+02
8.200000e-07	-1.532844e-08	-7.001761e-09	-1.069226e-01	-4.145713e+02
8.300000e-07	1.404066e-07	-6.736025e-09	9.793978e-01	-3.985880e+02
8.400000e-07	2.960680e-07	-6.451657e-09	2.065205e+00	-3.818801e+02
8.500000e-07	4.516082e-07	-6.155141e-09	3.150166e+00	-3.643976e+02
8.600000e-07	6.069858e-07	-5.847151e-09	4.233993e+00	-3.461021e+02
8.700000e-07	7.621813e-07	-5.524387e-09	5.316551e+00	-3.269665e+02
8.800000e-07	9.171202e-07	-5.183661e-09	6.397318e+00	-3.069699e+02
8.900000e-07	1.071640e-06	-4.829000e-09	7.475165e+00	-2.860887e+02
9.000000e-07	1.225702e-06	-4.464932e-09	8.549810e+00	-2.642852e+02
9.100000e-07	1.379330e-06	-4.085198e-09	9.621433e+00	-2.414966e+02
9.200000e-07	1.532404e-06	-3.681488e-09	1.068919e+01	-2.176270e+02
9.300000e-07	1.684863e-06	-3.251329e-09	1.175266e+01	-1.925456e+02
9.400000e-07	1.836733e-06	-2.801852e-09	1.281202e+01	-1.660930e+02
9.500000e-07	1.987975e-06	-2.329196e-09	1.386700e+01	-1.380957e+02
9.600000e-07	2.138466e-06	-1.825871e-09	1.491674e+01	-1.083882e+02
9.700000e-07	2.288129e-06	-1.289096e-09	1.596071e+01	-7.683924e+01
9.800000e-07	2.436964e-06	-7.221146e-10	1.699890e+01	-4.337907e+01
9.900000e-07	2.584981e-06	-1.275322e-10	1.803139e+01	-8.022615e+00
1.000000e-06	2.732093e-06	5.004281e-10	1.905756e+01	2.911474e+01
1.010000e-06	2.878226e-06	1.158801e-09	2.007690e+01	6.781190e+01
1.020000e-06	3.023312e-06	1.836194e-09	2.108894e+01	1.077487e+02
1.030000e-06	3.167269e-06	2.523578e-09	2.209310e+01	1.485241e+02
1.040000e-06	3.310110e-06	3.218839e-09	2.308948e+01	1.896828e+02
1.050000e-06	3.451727e-06	3.916026e-09	2.407732e+01	2.307479e+02
1.060000e-06	3.592040e-06	4.601408e-09	2.505606e+01	2.712542e+02
1.070000e-06	3.731043e-06	5.265365e-09	2.602567e+01	3.107783e+02
1.080000e-06	3.868545e-06	5.906048e-09	2.698481e+01	3.489615e+02
1.090000e-06	4.004478e-06	6.522331e-09	2.793300e+01	3.855245e+02
1.100000e-06	4.138996e-06	7.107814e-09	2.887133e+01	4.202716e+02
1.110000e-06	4.272079e-06	7.658166e-09	2.979964e+01	4.530876e+02
1.120000e-06	4.403687e-06	8.174430e-09	3.071766e+01	4.839274e+02
1.130000e-06	4.533752e-06	8.661575e-09	3.162492e+01	5.128024e+02
1.140000e-06	4.662090e-06	9.118315e-09	3.252013e+01	5.397655e+02
1.150000e-06	4.788765e-06	9.541304e-09	3.340375e+01	5.648973e+02
1.160000e-06	4.913818e-06	9.931743e-09	3.427605e+01	5.882942e+02
1.170000e-06	5.037186e-06	1.029562e-08	3.513659e+01	6.100600e+02
1.180000e-06	5.158751e-06	1.063577e-08	3.598457e+01	6.302991e+02
1.190000e-06	5.278417e-06	1.094931e-08	3.681929e+01	6.491131e+02
1.200000e-06	5.396129e-06	1.123868e-08	3.764038e+01	6.665986e+02
1.210000e-06	5.511779e-06	1.150937e-08	3.844709e+01	6.828468e+02
1.220000e-06	5.625291e-06	1.176658e-08	3.923889e+01	6.979435e+02
1.230000e-06	5.736650e-06	1.200485e-08	4.001566e+01	7.119699e+02
1.240000e-06	5.845999e-06	1.222212e-08	4.077843e+01	7.250039e+02
1.250000e-06	5.953403e-06	1.242369e-08	4.152761e+01	7.371200e+02
1.260000e-06	6.058644e-06	1.261494e-08	4.226172e+01	7.483894e+02
1.270000e-06	6.161614e-06	1.279428e-08	4.297998e+01	7.588787e+02
1.280000e-06	6.262382e-06	1.295729e-08	4.368288e+01	7.686490e+02
1.290000e-06	6.360825e-06	1.310799e-08	4.436956e+01	7.777539e+02
1.300000e-06	6.456897e-06	1.324785e-08	4.503971e+01	7.862393e+02
1.310000e-06	6.550783e-06	1.337655e-08	4.569461e+01	7.941439e+02
1.320000e-06	6.642458e-06	1.349594e-08	4.633408e+01	8.015015e+02
1.330000e-06	6.731686e-06	1.360932e-08	4.695648e+01	8.083438e+02
1.340000e-06	6.818508e-06	1.371842e-08	4.756210e+01	8.147035e+02
1.350000e-06	6.903082e-06	1.382048e-08	4.815205e+01	8.206168e+02
1.360000e-06	6.985271e-06	1.391100e-08	4.872535e+01	8.261239e+02
1.370000e-06	7.064900e-06	1.399443e-08	4.928080e+01	8.312669e+02
1.380000e-06	7.141933e-06	1.407484e-08	4.981814e+01	8.360870e+02
1.390000e-06	7.216256e-06	1.415127e-08	5.033657e+01	8.406204e+02
1.400000e-06	7.287875e-06	1.422158e-08	5.083615e+01	8.448944e+02
1.410000e-06	7.356965e-06	1.428961e-08	5.131808e+01	8.489269e+02
1.420000e-06	7.423432e-06	1.435763e-08	5.178172e+01	8.527260e+02
1.430000e-06	7.487203e-06	1.441942e-08	5.222654e+01	8.562937e+02
1.440000e-06	7.548481e-06	1.447398e-08	5.265398e+01	8.596296e+02
1.450000e-06	7.607141e-06	1.452532e-08	5.306317e+01	8.627343e+02
1.460000e-06	7.663008e-06	1.457458e-08	5.345286e+01	8.656122e+02
1.470000e-06	7.716001e-06	1.461983e-08	5.382251e+01	8.682711e+02
1.480000e-06	7.765848e-06	1.466143e-08	5.417022e+01	8.707217e+02
1.490000e-06	7.812652e-06	1.469960e-08	5.449670e+01	8.729747e+02
1.500000e-06	7.856751e-06	1.473392e-08	5.480431e+01	8.750392e+02
1.510000e-06	7.898013e-06	1.476485e-08	5.509212e+01	8.769216e+02
1.520000e-06	7.936414e-06	1.479230e-08	5.535999e+01	8.786272e+02
1.530000e-06	7.972126e-06	1.481750e-08	5.560910e+01	8.801610e+02
1.540000e-06	8.005019e-06	1.484125e-08	5.583854e+01	8.815304e+02
1.550000e-06	8.035120e-06	1.486334e-08	5.604851e+01	8.827451e+02
1.560000e-06	8.062509e-06	1.488177e-08	5.623956e+01	8.838170e+02
1.570000e-06	8.086994e-06	1.489606e-08	5.641035e+01	8.847573e+02
1.580000e-06	8.108642e-06	1.490833e-08	5.656136e+01	8.855735e+02
1.590000e-06	8.127543e-06	1.491997e-08	5.669320e+01	8.862678e+02
1.600000e-06	8.143451e-06	1.492974e-08	5.680416e+01	8.868364e+02
1.610000e-06	8.156256e-06	1.493660e-08	5.689349e+01	8.872719e+02
1.620000e-06	8.165897e-06	1.494265e-08	5.696074e+01	8.875676e+02
1.630000e-06	8.172565e-06	1.494648e-08	5.700725e+01	8.877217e+02
1.640000e-06	8.176476e-06	1.494583e-08	5.703453e+01	8.877399e+02
1.650000e-06	8.177475e-06	1.494068e-08	5.704150e+01	8.876358e+02
1.660000e-06	8.175684e-06	1.494240e-08	5.702900e+01	8.874275e+02
1.670000e-06	8.171268e-06	1.493874e-08	5.699820e+01	8.871318e+02
1.680000e-06	8.164117e-06	1.493000e-08	5.694832e+01	8.867586e+02
1.690000e-06	8.154326e-06	1.492079e-08	5.688002e+01	8.863067e+02
1.700000e-06	8.141734e-06	1.490845e-08	5.679219e+01	8.857637e+02
1.710000e-06	8.126293e-06	1.488909e-08	5.668448e+01	8.851100e+02
1.720000e-06	8.108413e-06	1.485880e-08	5.655976e+01	8.843259e+02
1.730000e-06	8.088180e-06	1.490975e-08	5.641862e+01	8.833990e+02
1.740000e-06	8.064900e-06	1.491003e-08	5.625624e+01	8.823298e+02
1.750000e-06	8.037869e-06	1.484314e-08	5.606768e+01	8.811323e+02
1.760000e-06	8.007210e-06	1.481278e-08	5.585383e+01	8.798307e+02
1.770000e-06	7.973650e-06	1.479975e-08	5.561973e+01	8.784509e+02
1.780000e-06	7.937710e-06	1.472078e-08	5.536903e+01	8.770121e+02
1.790000e-06	7.899450e-06	1.471612e-08	5.510215e+01	8.755200e+02
1.800000e-06	7.859022e-06	1.475193e-08	5.482015e+01	8.739642e+02
1.810000e-06	7.816110e-06	1.462484e-08	5.452081e+01	8.723219e+02
1.820000e-06	7.770526e-06	1.469121e-08	5.420285e+01	8.705655e+02
1.830000e-06	7.722242e-06	1.463876e-08	5.386605e+01	8.686713e+02
1.840000e-06	7.670840e-06	1.458489e-08	5.350750e+01	8.666281e+02
1.850000e-06	7.616502e-06	1.458643e-08	5.312847e+01	8.644393e+02
1.860000e-06	7.559326e-06	1.445718e-08	5.272964e+01	8.621207e+02
1.870000e-06	7.499445e-06	1.450589e-08	5.231194e+01	8.596938e+02
1.880000e-06	7.436945e-06	1.440466e-08	5.187597e+01	8.571762e+02
1.890000e-06	7.371581e-06	1.438159e-08	5.142003e+01	8.545752e+02
1.900000e-06	7.303507e-06	1.437719e-08	5.094518e+01	8.518837e+02
1.910000e-06	7.232570e-06	1.428695e-08	5.045036e+01	8.490834e+02
1.920000e-06	7.158853e-06	1.427390e-08	4.993616e+01	8.461514e+02
1.930000e-06	7.082475e-06	1.416113e-08	4.940339e+01	8.430688e+02
1.940000e-06	7.003335e-06	1.414630e-08	4.885135e+01	8.398277e+02
1.950000e-06	6.921686e-06	1.406675e-08	4.828182e+01	8.364346e+02
1.960000e-06	6.837583e-06	1.401699e-08	4.769516e+01	8.329074e+02
1.970000e-06	6.751040e-06	1.399111e-08	4.709148e+01	8.292687e+02
1.980000e-06	6.662090e-06	1.389320e-08	4.647102e+01	8.255368e+02
1.990000e-06	6.570829e-06	1.385920e-08	4.583443e+01	8.217185e+02
2.000000e-06	6.477286e-06	1.375569e-08	4.518193e+01	8.178057e+02
2.010000e-06	6.381346e-06	1.370668e-08	4.451271e+01	8.137780e+02
2.020000e-06	6.283107e-06	1.361982e-08	4.382744e+01	8.096093e+02
2.030000e-06	6.182605e-06	1.355965e-08	4.312640e+01	8.052763e+02
2.040000e-06	6.079886e-06	1.348937e-08	4.240989e+01	8.007661e+02
2.050000e-06	5.974988e-06	1.340440e-08	4.167818e+01	7.960796e+02
2.060000e-06	5.867950e-06	1.333287e-08	4.093154e+01	7.912301e+02
2.070000e-06	5.758807e-06	1.323124e-08	4.017022e+01	7.862373e+02
2.080000e-06	5.647600e-06	1.315688e-08	3.939450e+01	7.811196e+02
2.090000e-06	5.534218e-06	1.305374e-08	3.860361e+01	7.758868e+02
2.100000e-06	5.418629e-06	1.297219e-08	3.779733e+01	7.705370e+02
2.110000e-06	5.301011e-06	1.287020e-08	3.697689e+01	7.650574e+02
2.120000e-06	5.181371e-06	1.278500e-08	3.614235e+01	7.594294e+02
2.130000e-06	5.059840e-06	1.268143e-08	3.529461e+01	7.536356e+02
2.140000e-06	4.936543e-06	1.258558e-08	3.443456e+01	7.476653e+02
2.150000e-06	4.811488e-06	1.248393e-08	3.356225e+01	7.415176e+02
2.160000e-06	4.684648e-06	1.237828e-08	3.267749e+01	7.352002e+02
2.170000e-06	4.556148e-06	1.226777e-08	3.178114e+01	7.287247e+02
2.180000e-06	4.426023e-06	1.214896e-08	3.087346e+01	7.221004e+02
2.190000e-06	4.294343e-06	1.203799e-08	2.995494e+01	7.153290e+02
2.200000e-06	4.161207e-06	1.191643e-08	2.902626e+01	7.084022e+02
2.210000e-06	4.026532e-06	1.180377e-08	2.808684e+01	7.013030e+02
2.220000e-06	3.890307e-06	1.167967e-08	2.713661e+01	6.940102e+02
2.230000e-06	3.752609e-06	1.156035e-08	2.617610e+01	6.865039e+02
2.240000e-06	3.613557e-06	1.142884e-08	2.520615e+01	6.787708e+02
2.250000e-06	3.473133e-06	1.129586e-08	2.422663e+01	6.708067e+02
2.260000e-06	3.331415e-06	1.115478e-08	2.323809e+01	6.626160e+02
2.270000e-06	3.188458e-06	1.101228e-08	2.224090e+01	6.542077e+02
2.280000e-06	3.044326e-06	1.086528e-08	2.123552e+01	6.455907e+02
2.290000e-06	2.899046e-06	1.071606e-08	2.022213e+01	6.367694e+02
2.300000e-06	2.752726e-06	1.056349e-08	1.920148e+01	6.277403e+02
2.310000e-06	2.605506e-06	1.040598e-08	1.817455e+01	6.184922e+02
2.320000e-06	2.457386e-06	1.024583e-08	1.714135e+01	6.090085e+02
2.330000e-06	2.308417e-06	1.008075e-08	1.610223e+01	5.992704e+02
2.340000e-06	2.158605e-06	9.913682e-09	1.505722e+01	5.892600e+02
2.350000e-06	2.007986e-06	9.741852e-09	1.400659e+01	5.789634e+02
2.360000e-06	1.856655e-06	9.564397e-09	1.295099e+01	5.683704e+02
2.370000e-06	1.704769e-06	9.378293e-09	1.189152e+01	5.574742e+02
2.380000e-06	1.552335e-06	9.187180e-09	1.082822e+01	5.462694e+02
2.390000e-06	1.399299e-06	8.989287e-09	9.760730e+00	5.347496e+02
2.400000e-06	1.245719e-06	8.789695e-09	8.689437e+00	5.229061e+02
2.410000e-06	1.091683e-06	8.584825e-09	7.614974e+00	5.107261e+02
2.420000e-06	9.372517e-07	8.377232e-09	6.537744e+00	4.981921e+02
2.430000e-06	7.824784e-07	8.160664e-09	5.458132e+00	4.852803e+02
2.440000e-06	6.274547e-07	7.935471e-09	4.376774e+00	4.719598e+02
2.450000e-06	4.722556e-07	7.702201e-09	3.294191e+00	4.581911e+02
2.460000e-06	3.168727e-07	7.459463e-09	2.210327e+00	4.439259e+02
2.470000e-06	1.613760e-07	7.208370e-09	1.125669e+00	4.291078e+02
2.480000e-06	5.877486e-09	6.946764e-09	4.099806e-02	4.136754e+02
2.490000e-06	-1.496077e-07	6.675681e-09	-1.043580e+00	3.975663e+02
2.500000e-06	-3.050475e-07	6.394066e-09	-2.127841e+00	3.807230e+02
2.510000e-06	-4.603950e-07	6.101779e-09	-3.211459e+00	3.630974e+02
2.520000e-06	-6.155433e-07	5.792446e-09	-4.293686e+00	3.446532e+02
2.530000e-06	-7.704315e-07	5.464756e-09	-5.374100e+00	3.253648e+02
2.540000e-06	-9.251081e-07	5.122800e-09	-6.453037e+00	3.052118e+02
2.550000e-06	-1.079458e-06	4.768427e-09	-7.529693e+00	2.841688e+02
2.560000e-06	-1.233338e-06	4.399664e-09	-8.603075e+00	2.621944e+02
2.570000e-06	-1.386702e-06	4.013462e-09	-9.672862e+00	2.392204e+02
2.580000e-06	-1.539506e-06	3.609911e-09	-1.073873e+01	2.151445e+02
2.590000e-06	-1.691748e-06	3.188837e-09	-1.180069e+01	1.898301e+02
2.600000e-06	-1.843426e-06	2.742586e-09	-1.285871e+01	1.631140e+02
2.610000e-06	-1.994512e-06	2.266458e-09	-1.391260e+01	1.348224e+02
2.620000e-06	-2.144944e-06	1.761229e-09	-1.496193e+01	1.047938e+02
2.630000e-06	-2.294563e-06	1.228261e-09	-1.600559e+01	7.290603e+01
2.640000e-06	-2.443265e-06	6.647341e-10	-1.704285e+01	3.910295e+01
2.650000e-06	-2.591043e-06	6.673176e-11	-1.807367e+01	3.416511e+00
2.660000e-06	-2.737963e-06	-5.634793e-10	-1.909850e+01	-3.401906e+01
2.670000e-06	-2.883977e-06	-1.215956e-09	-2.011701e+01	-7.296415e+01
2.680000e-06	-3.028888e-06	-1.887800e-09	-2.112783e+01	-1.130826e+02
2.690000e-06	-3.172658e-06	-2.575597e-09	-2.213069e+01	-1.539613e+02
2.700000e-06	-3.315288e-06	-3.266483e-09	-2.312560e+01	-1.951388e+02
2.710000e-06	-3.456691e-06	-3.952082e-09	-2.411195e+01	-2.361379e+02
2.720000e-06	-3.596751e-06	-4.627255e-09	-2.508893e+01	-2.764987e+02
2.730000e-06	-3.735428e-06	-5.290377e-09	-2.605626e+01	-3.158079e+02
2.740000e-06	-3.872689e-06	-5.931744e-09	-2.701372e+01	-3.537203e+02
2.750000e-06	-4.008504e-06	-6.541554e-09	-2.796108e+01	-3.899714e+02
2.760000e-06	-4.142961e-06	-7.119996e-09	-2.889898e+01	-4.243804e+02
2.770000e-06	-4.275898e-06	-7.668156e-09	-2.982628e+01	-4.568455e+02
2.780000e-06	-4.407286e-06	-8.181309e-09	-3.074276e+01	-4.873327e+02
2.790000e-06	-4.537189e-06	-8.659596e-09	-3.164890e+01	-5.158619e+02
2.800000e-06	-4.665461e-06	-9.107107e-09	-3.254365e+01	-5.424919e+02
2.810000e-06	-4.792121e-06	-9.528853e-09	-3.342716e+01	-5.673069e+02
2.820000e-06	-4.917050e-06	-9.923719e-09	-3.429859e+01	-5.904053e+02
2.830000e-06	-5.040212e-06	-1.028779e-08	-3.515770e+01	-6.118913e+02
2.840000e-06	-5.161642e-06	-1.062424e-08	-3.600473e+01	-6.318690e+02
2.850000e-06	-5.281161e-06	-1.093853e-08	-3.683843e+01	-6.504394e+02
2.860000e-06	-5.398586e-06	-1.123113e-08	-3.765752e+01	-6.676979e+02
2.870000e-06	-5.513810e-06	-1.150008e-08	-3.846125e+01	-6.837347e+02
2.880000e-06	-5.626784e-06	-1.175058e-08	-3.924930e+01	-6.986349e+02
2.890000e-06	-5.737516e-06	-1.198608e-08	-4.002171e+01	-7.124790e+02
2.900000e-06	-5.846181e-06	-1.220638e-08	-4.077969e+01	-7.253442e+02
2.910000e-06	-5.952968e-06	-1.240892e-08	-4.152458e+01	-7.373044e+02
2.920000e-06	-6.057772e-06	-1.259385e-08	-4.225563e+01	-7.484302e+02
2.930000e-06	-6.160350e-06	-1.276602e-08	-4.297116e+01	-7.587873e+02
2.940000e-06	-6.260649e-06	-1.292790e-08	-4.367079e+01	-7.684355e+02
2.950000e-06	-6.358780e-06	-1.307982e-08	-4.435530e+01	-7.774270e+02
2.960000e-06	-6.454750e-06	-1.322288e-08	-4.502473e+01	-7.858065e+02
2.970000e-06	-6.548424e-06	-1.335761e-08	-4.567815e+01	-7.936116e+02
2.980000e-06	-6.639771e-06	-1.348428e-08	-4.631533e+01	-8.008753e+02
2.990000e-06	-6.728808e-06	-1.360126e-08	-4.693641e+01	-8.076294e+02
3.000000e-06	-6.815433e-06	-1.370682e-08	-4.754065e+01	-8.139070e+02
3.010000e-06	-6.899545e-06	-1.380386e-08	-4.812737e+01	-8.197452e+02
3.020000e-06	-6.981258e-06	-1.389509e-08	-4.869735e+01	-8.251846e+02
3.030000e-06	-7.060469e-06	-1.398118e-08	-4.924989e+01	-8.302675e+02
3.040000e-06	-7.136919e-06	-1.406139e-08	-4.978316e+01	-8.350344e+02
3.050000e-06	-7.210670e-06	-1.413564e-08	-5.029761e+01	-8.395202e+02
3.060000e-06	-7.281826e-06	-1.420689e-08	-5.079395e+01	-8.437506e+02
3.070000e-06	-7.350376e-06	-1.427695e-08	-5.127212e+01	-8.477414e+02
3.080000e-06	-7.416360e-06	-1.434087e-08	-5.173239e+01	-8.514996e+02
3.090000e-06	-7.479765e-06	-1.439823e-08	-5.217466e+01	-8.550265e+02
3.100000e-06	-7.540501e-06	-1.445377e-08	-5.259832e+01	-8.583214e+02
3.110000e-06	-7.598529e-06	-1.450585e-08	-5.300309e+01	-8.613856e+02
3.120000e-06	-7.653793e-06	-1.455417e-08	-5.338859e+01	-8.642241e+02
3.130000e-06	-7.706167e-06	-1.459762e-08	-5.375392e+01	-8.668455e+02
3.140000e-06	-7.755375e-06	-1.463732e-08	-5.409716e+01	-8.692606e+02
3.150000e-06	-7.801550e-06	-1.467520e-08	-5.441926e+01	-8.714798e+02
3.160000e-06	-7.845221e-06	-1.470983e-08	-5.472388e+01	-8.735117e+02
3.170000e-06	-7.886389e-06	-1.473851e-08	-5.501104e+01	-8.753627e+02
3.180000e-06	-7.924751e-06	-1.476651e-08	-5.527863e+01	-8.770376e+02
3.190000e-06	-7.960325e-06	-1.479646e-08	-5.552678e+01	-8.785419e+02
3.200000e-06	-7.993201e-06	-1.482359e-08	-5.575611e+01	-8.798833e+02
3.210000e-06	-8.023155e-06	-1.484434e-08	-5.596505e+01	-8.810721e+02
3.220000e-06	-8.050174e-06	-1.486038e-08	-5.615352e+01	-8.821202e+02
3.230000e-06	-8.074420e-06	-1.487554e-08	-5.632264e+01	-8.830384e+02
3.240000e-06	-8.095797e-06	-1.488884e-08	-5.647175e+01	-8.838333e+02
3.250000e-06	-8.114344e-06	-1.489850e-08	-5.660113e+01	-8.845060e+02
3.260000e-06	-8.129966e-06	-1.490660e-08	-5.671010e+01	-8.850519e+02
3.270000e-06	-8.142400e-06	-1.491659e-08	-5.679684e+01	-8.854633e+02
3.280000e-06	-8.151860e-06	-1.492481e-08	-5.686282e+01	-8.857341e+02
3.290000e-06	-8.158411e-06	-1.492739e-08	-5.690852e+01	-8.858637e+02
3.300000e-06	-8.162059e-06	-1.492791e-08	-5.693397e+01	-8.858593e+02
3.310000e-06	-8.162943e-06	-1.492572e-08	-5.694013e+01	-8.857357e+02
