# Temperatura_=_42.5
# Concentracion g/m^3_=_11780.0
# C_Vs_to_Am_M_A/Vsm_=_59384043850.047264
# pendiente_HvsI_1/m_=_3716.3
# ordenada_HvsI_A/m_=_1297.0
# frecuencia_Hz_=_301495.71959294315

Tiempo_(s)	Campo_(V.s)	Magnetizacion_(V.s)	Campo_(kA/m)	Magnetizacion_(A/m)
0.000000e+00	-8.172597e-06	-1.445717e-08	-5.693080e+01	-8.582656e+02
1.000000e-08	-8.168498e-06	-1.445030e-08	-5.690224e+01	-8.580564e+02
2.000000e-08	-8.161720e-06	-1.444693e-08	-5.685503e+01	-8.577733e+02
3.000000e-08	-8.152154e-06	-1.444204e-08	-5.678839e+01	-8.574010e+02
4.000000e-08	-8.139699e-06	-1.443214e-08	-5.670163e+01	-8.569163e+02
5.000000e-08	-8.124272e-06	-1.442353e-08	-5.659416e+01	-8.562959e+02
6.000000e-08	-8.106062e-06	-1.442763e-08	-5.646731e+01	-8.555254e+02
7.000000e-08	-8.085439e-06	-1.440344e-08	-5.632365e+01	-8.546054e+02
8.000000e-08	-8.061941e-06	-1.432494e-08	-5.615996e+01	-8.535521e+02
9.000000e-08	-8.035004e-06	-1.431537e-08	-5.597232e+01	-8.523935e+02
1.000000e-07	-8.004905e-06	-1.434858e-08	-5.576264e+01	-8.511606e+02
1.100000e-07	-7.972019e-06	-1.433114e-08	-5.553356e+01	-8.498787e+02
1.200000e-07	-7.936481e-06	-1.428525e-08	-5.528600e+01	-8.485597e+02
1.300000e-07	-7.898628e-06	-1.428722e-08	-5.502231e+01	-8.471997e+02
1.400000e-07	-7.858650e-06	-1.428634e-08	-5.474383e+01	-8.457813e+02
1.500000e-07	-7.816031e-06	-1.420517e-08	-5.444693e+01	-8.442801e+02
1.600000e-07	-7.770497e-06	-1.422386e-08	-5.412974e+01	-8.426728e+02
1.700000e-07	-7.722183e-06	-1.412506e-08	-5.379318e+01	-8.409440e+02
1.800000e-07	-7.670746e-06	-1.409053e-08	-5.343487e+01	-8.390891e+02
1.900000e-07	-7.616255e-06	-1.413402e-08	-5.305528e+01	-8.371136e+02
2.000000e-07	-7.558991e-06	-1.404422e-08	-5.265638e+01	-8.350278e+02
2.100000e-07	-7.498997e-06	-1.402767e-08	-5.223846e+01	-8.328411e+02
2.200000e-07	-7.436420e-06	-1.396858e-08	-5.180254e+01	-8.305569e+02
2.300000e-07	-7.371075e-06	-1.395748e-08	-5.134735e+01	-8.281705e+02
2.400000e-07	-7.302940e-06	-1.390483e-08	-5.087272e+01	-8.256713e+02
2.500000e-07	-7.232165e-06	-1.382755e-08	-5.037969e+01	-8.230465e+02
2.600000e-07	-7.158581e-06	-1.380072e-08	-4.986710e+01	-8.202868e+02
2.700000e-07	-7.082199e-06	-1.376524e-08	-4.933502e+01	-8.173900e+02
2.800000e-07	-7.003078e-06	-1.373921e-08	-4.878386e+01	-8.143616e+02
2.900000e-07	-6.921319e-06	-1.364446e-08	-4.821432e+01	-8.112127e+02
3.000000e-07	-6.837212e-06	-1.359192e-08	-4.762843e+01	-8.079553e+02
3.100000e-07	-6.750829e-06	-1.354684e-08	-4.702668e+01	-8.045969e+02
3.200000e-07	-6.662076e-06	-1.348255e-08	-4.640842e+01	-8.011379e+02
3.300000e-07	-6.570961e-06	-1.342650e-08	-4.577371e+01	-7.975701e+02
3.400000e-07	-6.477570e-06	-1.335881e-08	-4.512314e+01	-7.938806e+02
3.500000e-07	-6.381808e-06	-1.331361e-08	-4.445606e+01	-7.900554e+02
3.600000e-07	-6.283597e-06	-1.324676e-08	-4.377191e+01	-7.860844e+02
3.700000e-07	-6.183136e-06	-1.316563e-08	-4.307209e+01	-7.819646e+02
3.800000e-07	-6.080524e-06	-1.307648e-08	-4.235730e+01	-7.776997e+02
3.900000e-07	-5.975712e-06	-1.300645e-08	-4.162717e+01	-7.732979e+02
4.000000e-07	-5.868736e-06	-1.294479e-08	-4.088196e+01	-7.687672e+02
4.100000e-07	-5.759711e-06	-1.286985e-08	-4.012249e+01	-7.641114e+02
4.200000e-07	-5.648711e-06	-1.279095e-08	-3.934926e+01	-7.593282e+02
4.300000e-07	-5.535547e-06	-1.271029e-08	-3.856095e+01	-7.544091e+02
4.400000e-07	-5.420072e-06	-1.262975e-08	-3.775655e+01	-7.493429e+02
4.500000e-07	-5.302458e-06	-1.253045e-08	-3.693724e+01	-7.441198e+02
4.600000e-07	-5.182954e-06	-1.242903e-08	-3.610476e+01	-7.387351e+02
4.700000e-07	-5.061544e-06	-1.233731e-08	-3.525902e+01	-7.331914e+02
4.800000e-07	-4.938234e-06	-1.225462e-08	-3.440003e+01	-7.274969e+02
4.900000e-07	-4.813209e-06	-1.216185e-08	-3.352910e+01	-7.216621e+02
5.000000e-07	-4.686511e-06	-1.206141e-08	-3.264651e+01	-7.156954e+02
5.100000e-07	-4.558182e-06	-1.195751e-08	-3.175257e+01	-7.095984e+02
5.200000e-07	-4.428142e-06	-1.185312e-08	-3.084670e+01	-7.033646e+02
5.300000e-07	-4.296411e-06	-1.174218e-08	-2.992906e+01	-6.969798e+02
5.400000e-07	-4.163198e-06	-1.162516e-08	-2.900108e+01	-6.904256e+02
5.500000e-07	-4.028564e-06	-1.151064e-08	-2.806322e+01	-6.836842e+02
5.600000e-07	-3.892476e-06	-1.140099e-08	-2.711522e+01	-6.767427e+02
5.700000e-07	-3.754865e-06	-1.128690e-08	-2.615661e+01	-6.695949e+02
5.800000e-07	-3.615727e-06	-1.116215e-08	-2.518737e+01	-6.622415e+02
5.900000e-07	-3.475212e-06	-1.103434e-08	-2.420854e+01	-6.546871e+02
6.000000e-07	-3.333321e-06	-1.090612e-08	-2.322011e+01	-6.469365e+02
6.100000e-07	-3.190034e-06	-1.077400e-08	-2.222196e+01	-6.389910e+02
6.200000e-07	-3.045496e-06	-1.063125e-08	-2.121510e+01	-6.308467e+02
6.300000e-07	-2.899880e-06	-1.048922e-08	-2.020074e+01	-6.224944e+02
6.400000e-07	-2.753343e-06	-1.034873e-08	-1.917995e+01	-6.139220e+02
6.500000e-07	-2.605918e-06	-1.020755e-08	-1.815298e+01	-6.051172e+02
6.600000e-07	-2.457609e-06	-1.005513e-08	-1.711985e+01	-5.960702e+02
6.700000e-07	-2.308505e-06	-9.895854e-09	-1.608118e+01	-5.867751e+02
6.800000e-07	-2.158624e-06	-9.734172e-09	-1.503710e+01	-5.772282e+02
6.900000e-07	-2.007981e-06	-9.568909e-09	-1.398771e+01	-5.674265e+02
7.000000e-07	-1.856663e-06	-9.399594e-09	-1.293363e+01	-5.573644e+02
7.100000e-07	-1.704647e-06	-9.223978e-09	-1.187467e+01	-5.470315e+02
7.200000e-07	-1.551903e-06	-9.046575e-09	-1.081065e+01	-5.364127e+02
7.300000e-07	-1.398574e-06	-8.864707e-09	-9.742550e+00	-5.254888e+02
7.400000e-07	-1.244781e-06	-8.678016e-09	-8.671216e+00	-5.142399e+02
7.500000e-07	-1.090434e-06	-8.481300e-09	-7.596027e+00	-5.026475e+02
7.600000e-07	-9.356028e-07	-8.278932e-09	-6.517465e+00	-4.906960e+02
7.700000e-07	-7.804688e-07	-8.070597e-09	-5.436792e+00	-4.783721e+02
7.800000e-07	-6.250856e-07	-7.856946e-09	-4.354384e+00	-4.656610e+02
7.900000e-07	-4.695040e-07	-7.639195e-09	-3.270593e+00	-4.525423e+02
8.000000e-07	-3.137758e-07	-7.412242e-09	-2.185781e+00	-4.389850e+02
8.100000e-07	-1.579527e-07	-7.174444e-09	-1.100308e+00	-4.249451e+02
8.200000e-07	-2.088491e-09	-6.925725e-09	-1.454855e-02	-4.103660e+02
8.300000e-07	1.537476e-07	-6.668686e-09	1.071015e+00	-3.951830e+02
8.400000e-07	3.095205e-07	-6.400175e-09	2.156138e+00	-3.793303e+02
8.500000e-07	4.652526e-07	-6.122317e-09	3.240977e+00	-3.627493e+02
8.600000e-07	6.208240e-07	-5.831863e-09	4.324697e+00	-3.453954e+02
8.700000e-07	7.761515e-07	-5.525782e-09	5.406718e+00	-3.272402e+02
8.800000e-07	9.312429e-07	-5.205256e-09	6.487093e+00	-3.082693e+02
8.900000e-07	1.085961e-06	-4.869595e-09	7.564867e+00	-2.884739e+02
9.000000e-07	1.240245e-06	-4.521216e-09	8.639620e+00	-2.678388e+02
9.100000e-07	1.394079e-06	-4.159245e-09	9.711240e+00	-2.463295e+02
9.200000e-07	1.547332e-06	-3.781379e-09	1.077881e+01	-2.238814e+02
9.300000e-07	1.699954e-06	-3.382974e-09	1.184198e+01	-2.003956e+02
9.400000e-07	1.851934e-06	-2.964973e-09	1.290068e+01	-1.757418e+02
9.500000e-07	2.003259e-06	-2.525788e-09	1.395482e+01	-1.497699e+02
9.600000e-07	2.153835e-06	-2.061603e-09	1.500375e+01	-1.223292e+02
9.700000e-07	2.303587e-06	-1.570211e-09	1.604693e+01	-9.329138e+01
9.800000e-07	2.452546e-06	-1.049660e-09	1.708458e+01	-6.257371e+01
9.900000e-07	2.600635e-06	-5.032600e-10	1.811618e+01	-3.015928e+01
1.000000e-06	2.747839e-06	7.215543e-11	1.914161e+01	3.889577e+00
1.010000e-06	2.894166e-06	6.742790e-10	2.016093e+01	3.942619e+01
1.020000e-06	3.039422e-06	1.296984e-09	2.117279e+01	7.622307e+01
1.030000e-06	3.183527e-06	1.933667e-09	2.217664e+01	1.139831e+02
1.040000e-06	3.326490e-06	2.580907e-09	2.317253e+01	1.523566e+02
1.050000e-06	3.468186e-06	3.234477e-09	2.415959e+01	1.909618e+02
1.060000e-06	3.608586e-06	3.884779e-09	2.513762e+01	2.294067e+02
1.070000e-06	3.747635e-06	4.524995e-09	2.610625e+01	2.673106e+02
1.080000e-06	3.885193e-06	5.148526e-09	2.706449e+01	3.043237e+02
1.090000e-06	4.021250e-06	5.752238e-09	2.801227e+01	3.401432e+02
1.100000e-06	4.155854e-06	6.330730e-09	2.894992e+01	3.745258e+02
1.110000e-06	4.288982e-06	6.882469e-09	2.987730e+01	4.072948e+02
1.120000e-06	4.420615e-06	7.405229e-09	3.079427e+01	4.383414e+02
1.130000e-06	4.550670e-06	7.899238e-09	3.170024e+01	4.676202e+02
1.140000e-06	4.679036e-06	8.365472e-09	3.259444e+01	4.951391e+02
1.150000e-06	4.805757e-06	8.800597e-09	3.347719e+01	5.209462e+02
1.160000e-06	4.930825e-06	9.204414e-09	3.434842e+01	5.451139e+02
1.170000e-06	5.054226e-06	9.581773e-09	3.520804e+01	5.677250e+02
1.180000e-06	5.175866e-06	9.935983e-09	3.605539e+01	5.888621e+02
1.190000e-06	5.295574e-06	1.026509e-08	3.688928e+01	6.086019e+02
1.200000e-06	5.413245e-06	1.057128e-08	3.770899e+01	6.270143e+02
1.210000e-06	5.528835e-06	1.085774e-08	3.851419e+01	6.441658e+02
1.220000e-06	5.642302e-06	1.112845e-08	3.930461e+01	6.601244e+02
1.230000e-06	5.753629e-06	1.137919e-08	4.008012e+01	6.749634e+02
1.240000e-06	5.862939e-06	1.160800e-08	4.084158e+01	6.887628e+02
1.250000e-06	5.970254e-06	1.182139e-08	4.158914e+01	7.016065e+02
1.260000e-06	6.075415e-06	1.202460e-08	4.232170e+01	7.135773e+02
1.270000e-06	6.178353e-06	1.221493e-08	4.303877e+01	7.247498e+02
1.280000e-06	6.279098e-06	1.238938e-08	4.374057e+01	7.351856e+02
1.290000e-06	6.377565e-06	1.255171e-08	4.442649e+01	7.449308e+02
1.300000e-06	6.473667e-06	1.270297e-08	4.509595e+01	7.540184e+02
1.310000e-06	6.567457e-06	1.284369e-08	4.574929e+01	7.624737e+02
1.320000e-06	6.658987e-06	1.297329e-08	4.638690e+01	7.703214e+02
1.330000e-06	6.748185e-06	1.309378e-08	4.700826e+01	7.775921e+02
1.340000e-06	6.835001e-06	1.320757e-08	4.761302e+01	7.843261e+02
1.350000e-06	6.919464e-06	1.331401e-08	4.820140e+01	7.905723e+02
1.360000e-06	7.001511e-06	1.341006e-08	4.877294e+01	7.963844e+02
1.370000e-06	7.081050e-06	1.349780e-08	4.932701e+01	8.018142e+02
1.380000e-06	7.157945e-06	1.358347e-08	4.986267e+01	8.069053e+02
1.390000e-06	7.232090e-06	1.366648e-08	5.037917e+01	8.116896e+02
1.400000e-06	7.303577e-06	1.374197e-08	5.087715e+01	8.161864e+02
1.410000e-06	7.372544e-06	1.381186e-08	5.135758e+01	8.204060e+02
1.420000e-06	7.438889e-06	1.388090e-08	5.181975e+01	8.243541e+02
1.430000e-06	7.502552e-06	1.394426e-08	5.226323e+01	8.280369e+02
1.440000e-06	7.563727e-06	1.399973e-08	5.268937e+01	8.314643e+02
1.450000e-06	7.622277e-06	1.405165e-08	5.309723e+01	8.346498e+02
1.460000e-06	7.678053e-06	1.410256e-08	5.348578e+01	8.376085e+02
1.470000e-06	7.730865e-06	1.415125e-08	5.385367e+01	8.403534e+02
1.480000e-06	7.780460e-06	1.419540e-08	5.419915e+01	8.428929e+02
1.490000e-06	7.827057e-06	1.423405e-08	5.452374e+01	8.452299e+02
1.500000e-06	7.870945e-06	1.426798e-08	5.482947e+01	8.473641e+02
1.510000e-06	7.912035e-06	1.429970e-08	5.511571e+01	8.492953e+02
1.520000e-06	7.950296e-06	1.432773e-08	5.538224e+01	8.510278e+02
1.530000e-06	7.985843e-06	1.435262e-08	5.562986e+01	8.525728e+02
1.540000e-06	8.018554e-06	1.437723e-08	5.585772e+01	8.539477e+02
1.550000e-06	8.048502e-06	1.440048e-08	5.606635e+01	8.551730e+02
1.560000e-06	8.075658e-06	1.441894e-08	5.625551e+01	8.562670e+02
1.570000e-06	8.099849e-06	1.443255e-08	5.642403e+01	8.572407e+02
1.580000e-06	8.121250e-06	1.444283e-08	5.657311e+01	8.580955e+02
1.590000e-06	8.139904e-06	1.445303e-08	5.670305e+01	8.588240e+02
1.600000e-06	8.155615e-06	1.446253e-08	5.681250e+01	8.594144e+02
1.610000e-06	8.168222e-06	1.447025e-08	5.690032e+01	8.598569e+02
1.620000e-06	8.177619e-06	1.447858e-08	5.696578e+01	8.601497e+02
1.630000e-06	8.184032e-06	1.448385e-08	5.701046e+01	8.603015e+02
1.640000e-06	8.187671e-06	1.448104e-08	5.703580e+01	8.603308e+02
1.650000e-06	8.188489e-06	1.447485e-08	5.704150e+01	8.602602e+02
1.660000e-06	8.186581e-06	1.447764e-08	5.702821e+01	8.601091e+02
1.670000e-06	8.181986e-06	1.447431e-08	5.699620e+01	8.598869e+02
1.680000e-06	8.174616e-06	1.446552e-08	5.694486e+01	8.595890e+02
1.690000e-06	8.164541e-06	1.445667e-08	5.687468e+01	8.591982e+02
1.700000e-06	8.151651e-06	1.444574e-08	5.678489e+01	8.586905e+02
1.710000e-06	8.135975e-06	1.442454e-08	5.667569e+01	8.580436e+02
1.720000e-06	8.117904e-06	1.439763e-08	5.654980e+01	8.572456e+02
1.730000e-06	8.097392e-06	1.446060e-08	5.640692e+01	8.562998e+02
1.740000e-06	8.073740e-06	1.444946e-08	5.624215e+01	8.552252e+02
1.750000e-06	8.046340e-06	1.437376e-08	5.605128e+01	8.540507e+02
1.760000e-06	8.015399e-06	1.434970e-08	5.583575e+01	8.528072e+02
1.770000e-06	7.981616e-06	1.433270e-08	5.560042e+01	8.515179e+02
1.780000e-06	7.945343e-06	1.425255e-08	5.534774e+01	8.501920e+02
1.790000e-06	7.906762e-06	1.428617e-08	5.507898e+01	8.488228e+02
1.800000e-06	7.866074e-06	1.429147e-08	5.479554e+01	8.473912e+02
1.810000e-06	7.822933e-06	1.417238e-08	5.449502e+01	8.458723e+02
1.820000e-06	7.777096e-06	1.427087e-08	5.417572e+01	8.442438e+02
1.830000e-06	7.728447e-06	1.417133e-08	5.383682e+01	8.424921e+02
1.840000e-06	7.676655e-06	1.414746e-08	5.347604e+01	8.406148e+02
1.850000e-06	7.621868e-06	1.413808e-08	5.309438e+01	8.386184e+02
1.860000e-06	7.564303e-06	1.402066e-08	5.269339e+01	8.365137e+02
1.870000e-06	7.504145e-06	1.409346e-08	5.227432e+01	8.343092e+02
1.880000e-06	7.441286e-06	1.398302e-08	5.183644e+01	8.320070e+02
1.890000e-06	7.375632e-06	1.398392e-08	5.137909e+01	8.296011e+02
1.900000e-06	7.307323e-06	1.395424e-08	5.090324e+01	8.270800e+02
1.910000e-06	7.236100e-06	1.386933e-08	5.040710e+01	8.244313e+02
1.920000e-06	7.162126e-06	1.385846e-08	4.989180e+01	8.216467e+02
1.930000e-06	7.085440e-06	1.374714e-08	4.935760e+01	8.187254e+02
1.940000e-06	7.006023e-06	1.375520e-08	4.880437e+01	8.156743e+02
1.950000e-06	6.924130e-06	1.366853e-08	4.823390e+01	8.125049e+02
1.960000e-06	6.839692e-06	1.363826e-08	4.764570e+01	8.092287e+02
1.970000e-06	6.752775e-06	1.359736e-08	4.704024e+01	8.058523e+02
1.980000e-06	6.663418e-06	1.350138e-08	4.641777e+01	8.023743e+02
1.990000e-06	6.571779e-06	1.347000e-08	4.577940e+01	7.987856e+02
2.000000e-06	6.477805e-06	1.336781e-08	4.512478e+01	7.950724e+02
2.010000e-06	6.381460e-06	1.332987e-08	4.445363e+01	7.912214e+02
2.020000e-06	6.282968e-06	1.324231e-08	4.376753e+01	7.872236e+02
2.030000e-06	6.182238e-06	1.319750e-08	4.306584e+01	7.830770e+02
2.040000e-06	6.079224e-06	1.312416e-08	4.234824e+01	7.787867e+02
2.050000e-06	5.973942e-06	1.305070e-08	4.161484e+01	7.743610e+02
2.060000e-06	5.866635e-06	1.297228e-08	4.086733e+01	7.698075e+02
2.070000e-06	5.757272e-06	1.287669e-08	4.010550e+01	7.651291e+02
2.080000e-06	5.645730e-06	1.280232e-08	3.932849e+01	7.603220e+02
2.090000e-06	5.532009e-06	1.270857e-08	3.853631e+01	7.553771e+02
2.100000e-06	5.416143e-06	1.264105e-08	3.772918e+01	7.502832e+02
2.110000e-06	5.298194e-06	1.254471e-08	3.690753e+01	7.450311e+02
2.120000e-06	5.178181e-06	1.246633e-08	3.607151e+01	7.396173e+02
2.130000e-06	5.056298e-06	1.235956e-08	3.522247e+01	7.340456e+02
2.140000e-06	4.932645e-06	1.226625e-08	3.436110e+01	7.283249e+02
2.150000e-06	4.807215e-06	1.215852e-08	3.348735e+01	7.224658e+02
2.160000e-06	4.679992e-06	1.206265e-08	3.260110e+01	7.164756e+02
2.170000e-06	4.551109e-06	1.196263e-08	3.170329e+01	7.103546e+02
2.180000e-06	4.420692e-06	1.185769e-08	3.079481e+01	7.040947e+02
2.190000e-06	4.288790e-06	1.175388e-08	2.987597e+01	6.976807e+02
2.200000e-06	4.155260e-06	1.163519e-08	2.894579e+01	6.910939e+02
2.210000e-06	4.020094e-06	1.152195e-08	2.800422e+01	6.843173e+02
2.220000e-06	3.883457e-06	1.140150e-08	2.705239e+01	6.773388e+02
2.230000e-06	3.745454e-06	1.128756e-08	2.609106e+01	6.701538e+02
2.240000e-06	3.606094e-06	1.116259e-08	2.512027e+01	6.627638e+02
2.250000e-06	3.465307e-06	1.103808e-08	2.413953e+01	6.551737e+02
2.260000e-06	3.323165e-06	1.090561e-08	2.314937e+01	6.473880e+02
2.270000e-06	3.179825e-06	1.076929e-08	2.215085e+01	6.394072e+02
2.280000e-06	3.035386e-06	1.062509e-08	2.114468e+01	6.312262e+02
2.290000e-06	2.889819e-06	1.048395e-08	2.013065e+01	6.228352e+02
2.300000e-06	2.743319e-06	1.033880e-08	1.911012e+01	6.142218e+02
2.310000e-06	2.595958e-06	1.019236e-08	1.808360e+01	6.053740e+02
2.320000e-06	2.447632e-06	1.003984e-08	1.705035e+01	5.962828e+02
2.330000e-06	2.298414e-06	9.883497e-09	1.601089e+01	5.869426e+02
2.340000e-06	2.148299e-06	9.721595e-09	1.496518e+01	5.773501e+02
2.350000e-06	1.997370e-06	9.553786e-09	1.391380e+01	5.675021e+02
2.360000e-06	1.845829e-06	9.381996e-09	1.285815e+01	5.573922e+02
2.370000e-06	1.693681e-06	9.205054e-09	1.179828e+01	5.470092e+02
2.380000e-06	1.540895e-06	9.025951e-09	1.073396e+01	5.363370e+02
2.390000e-06	1.387542e-06	8.840472e-09	9.665698e+00	5.253563e+02
2.400000e-06	1.233713e-06	8.653294e-09	8.594116e+00	5.140469e+02
2.410000e-06	1.079476e-06	8.456932e-09	7.519692e+00	5.023911e+02
2.420000e-06	9.248693e-07	8.254498e-09	6.442694e+00	4.903738e+02
2.430000e-06	7.699724e-07	8.041654e-09	5.363673e+00	4.779816e+02
2.440000e-06	6.148184e-07	7.822948e-09	4.282862e+00	4.651991e+02
2.450000e-06	4.594783e-07	7.599872e-09	3.200753e+00	4.520044e+02
2.460000e-06	3.039763e-07	7.370862e-09	2.117517e+00	4.383642e+02
2.470000e-06	1.483094e-07	7.134999e-09	1.033132e+00	4.242322e+02
2.480000e-06	-7.361490e-09	6.889259e-09	-5.128058e-02	4.095498e+02
2.490000e-06	-1.629945e-07	6.631877e-09	-1.135429e+00	3.942516e+02
2.500000e-06	-3.185777e-07	6.362193e-09	-2.219231e+00	3.782724e+02
2.510000e-06	-4.739943e-07	6.080800e-09	-3.301872e+00	3.615559e+02
2.520000e-06	-6.291863e-07	5.785444e-09	-4.382949e+00	3.440602e+02
2.530000e-06	-7.841774e-07	5.476053e-09	-5.462626e+00	3.257598e+02
2.540000e-06	-9.389533e-07	5.153176e-09	-6.540805e+00	3.066420e+02
2.550000e-06	-1.093449e-06	4.817516e-09	-7.617029e+00	2.866978e+02
2.560000e-06	-1.247560e-06	4.469280e-09	-8.690577e+00	2.659096e+02
2.570000e-06	-1.401201e-06	4.105652e-09	-9.760852e+00	2.442380e+02
2.580000e-06	-1.554277e-06	3.724589e-09	-1.082719e+01	2.216126e+02
2.590000e-06	-1.706731e-06	3.327352e-09	-1.188919e+01	1.979282e+02
2.600000e-06	-1.858562e-06	2.912307e-09	-1.294686e+01	1.730499e+02
2.610000e-06	-2.009751e-06	2.473848e-09	-1.400005e+01	1.468262e+02
2.620000e-06	-2.160287e-06	2.008033e-09	-1.504869e+01	1.191084e+02
2.630000e-06	-2.310033e-06	1.515246e-09	-1.609183e+01	8.977463e+01
2.640000e-06	-2.458892e-06	9.936961e-10	-1.712879e+01	5.875274e+01
2.650000e-06	-2.606809e-06	4.427106e-10	-1.815919e+01	2.603913e+01
2.660000e-06	-2.753806e-06	-1.356554e-10	-1.918318e+01	-8.288906e+00
2.670000e-06	-2.899903e-06	-7.333579e-10	-2.020089e+01	-4.406977e+01
2.680000e-06	-3.044944e-06	-1.349728e-09	-2.121126e+01	-8.106252e+01
2.690000e-06	-3.188818e-06	-1.983922e-09	-2.221350e+01	-1.189593e+02
2.700000e-06	-3.331555e-06	-2.628579e-09	-2.320781e+01	-1.574031e+02
2.710000e-06	-3.473058e-06	-3.278642e-09	-2.419353e+01	-1.960086e+02
2.720000e-06	-3.613159e-06	-3.926173e-09	-2.516948e+01	-2.343845e+02
2.730000e-06	-3.751920e-06	-4.564837e-09	-2.613610e+01	-2.721542e+02
2.740000e-06	-3.889277e-06	-5.186871e-09	-2.709293e+01	-3.089751e+02
2.750000e-06	-4.025160e-06	-5.782424e-09	-2.803950e+01	-3.445543e+02
2.760000e-06	-4.159626e-06	-6.351003e-09	-2.897620e+01	-3.786601e+02
2.770000e-06	-4.292584e-06	-6.894513e-09	-2.990239e+01	-4.111280e+02
2.780000e-06	-4.424006e-06	-7.411427e-09	-3.081789e+01	-4.418608e+02
2.790000e-06	-4.553864e-06	-7.900498e-09	-3.172248e+01	-4.708237e+02
2.800000e-06	-4.682131e-06	-8.361479e-09	-3.261600e+01	-4.980329e+02
2.810000e-06	-4.808803e-06	-8.796437e-09	-3.349841e+01	-5.235418e+02
2.820000e-06	-4.933743e-06	-9.203689e-09	-3.436875e+01	-5.474256e+02
2.830000e-06	-5.056898e-06	-9.581734e-09	-3.522665e+01	-5.697679e+02
2.840000e-06	-5.178251e-06	-9.931823e-09	-3.607200e+01	-5.906504e+02
2.850000e-06	-5.297736e-06	-1.025850e-08	-3.690434e+01	-6.101485e+02
2.860000e-06	-5.415196e-06	-1.056317e-08	-3.772258e+01	-6.283312e+02
2.870000e-06	-5.530455e-06	-1.084815e-08	-3.852548e+01	-6.452650e+02
2.880000e-06	-5.643462e-06	-1.111666e-08	-3.931269e+01	-6.610184e+02
2.890000e-06	-5.754208e-06	-1.136801e-08	-4.008415e+01	-6.756660e+02
2.900000e-06	-5.862886e-06	-1.160233e-08	-4.084122e+01	-6.892889e+02
2.910000e-06	-5.969700e-06	-1.181739e-08	-4.158529e+01	-7.019712e+02
2.920000e-06	-6.074505e-06	-1.201457e-08	-4.231536e+01	-7.137946e+02
2.930000e-06	-6.177048e-06	-1.219683e-08	-4.302968e+01	-7.248318e+02
2.940000e-06	-6.277271e-06	-1.236819e-08	-4.372784e+01	-7.351416e+02
2.950000e-06	-6.375288e-06	-1.253111e-08	-4.441064e+01	-7.447676e+02
2.960000e-06	-6.471148e-06	-1.268517e-08	-4.507840e+01	-7.537409e+02
2.970000e-06	-6.564716e-06	-1.282820e-08	-4.573020e+01	-7.620861e+02
2.980000e-06	-6.655983e-06	-1.296201e-08	-4.636598e+01	-7.698286e+02
2.990000e-06	-6.745004e-06	-1.308570e-08	-4.698610e+01	-7.770006e+02
3.000000e-06	-6.831586e-06	-1.319751e-08	-4.758924e+01	-7.836440e+02
3.010000e-06	-6.915631e-06	-1.330009e-08	-4.817469e+01	-7.898090e+02
3.020000e-06	-6.997276e-06	-1.339605e-08	-4.874344e+01	-7.955496e+02
3.030000e-06	-7.076428e-06	-1.348842e-08	-4.929482e+01	-8.009163e+02
3.040000e-06	-7.152812e-06	-1.357499e-08	-4.982692e+01	-8.059510e+02
3.050000e-06	-7.226470e-06	-1.365438e-08	-5.034002e+01	-8.106832e+02
3.060000e-06	-7.297528e-06	-1.372862e-08	-5.083501e+01	-8.151303e+02
3.070000e-06	-7.365941e-06	-1.379973e-08	-5.131158e+01	-8.193013e+02
3.080000e-06	-7.431809e-06	-1.386430e-08	-5.177042e+01	-8.232018e+02
3.090000e-06	-7.495153e-06	-1.392444e-08	-5.221168e+01	-8.268385e+02
3.100000e-06	-7.555831e-06	-1.398180e-08	-5.263437e+01	-8.302220e+02
3.110000e-06	-7.613758e-06	-1.403519e-08	-5.303789e+01	-8.333662e+02
3.120000e-06	-7.668871e-06	-1.408454e-08	-5.342181e+01	-8.362862e+02
3.130000e-06	-7.721029e-06	-1.413091e-08	-5.378515e+01	-8.389943e+02
3.140000e-06	-7.770078e-06	-1.417404e-08	-5.412682e+01	-8.414979e+02
3.150000e-06	-7.816150e-06	-1.421399e-08	-5.444776e+01	-8.437991e+02
3.160000e-06	-7.859620e-06	-1.424955e-08	-5.475058e+01	-8.458973e+02
3.170000e-06	-7.900635e-06	-1.427904e-08	-5.503629e+01	-8.477928e+02
3.180000e-06	-7.938894e-06	-1.430541e-08	-5.530281e+01	-8.494912e+02
3.190000e-06	-7.974341e-06	-1.433034e-08	-5.554973e+01	-8.510047e+02
3.200000e-06	-8.007017e-06	-1.435470e-08	-5.577736e+01	-8.523517e+02
3.210000e-06	-8.036712e-06	-1.437761e-08	-5.598421e+01	-8.535527e+02
3.220000e-06	-8.063544e-06	-1.439852e-08	-5.617113e+01	-8.546250e+02
3.230000e-06	-8.087585e-06	-1.441809e-08	-5.633860e+01	-8.555780e+02
3.240000e-06	-8.108711e-06	-1.443443e-08	-5.648576e+01	-8.564113e+02
3.250000e-06	-8.127020e-06	-1.444401e-08	-5.661331e+01	-8.571163e+02
3.260000e-06	-8.142433e-06	-1.445021e-08	-5.672067e+01	-8.576812e+02
3.270000e-06	-8.154699e-06	-1.445523e-08	-5.680612e+01	-8.580972e+02
3.280000e-06	-8.163954e-06	-1.445933e-08	-5.687059e+01	-8.583641e+02
3.290000e-06	-8.170282e-06	-1.446312e-08	-5.691467e+01	-8.584929e+02
3.300000e-06	-8.173679e-06	-1.447001e-08	-5.693833e+01	-8.585030e+02
3.310000e-06	-8.174324e-06	-1.447090e-08	-5.694282e+01	-8.584171e+02
