# Temperatura_=_39.73
# Concentracion g/m^3_=_11780.0
# C_Vs_to_Am_M_A/Vsm_=_59384043850.047264
# pendiente_HvsI_1/m_=_3716.3
# ordenada_HvsI_A/m_=_1297.0
# frecuencia_Hz_=_301494.8433420723

Tiempo_(s)	Campo_(V.s)	Magnetizacion_(V.s)	Campo_(kA/m)	Magnetizacion_(A/m)
0.000000e+00	-8.144071e-06	-1.434747e-08	-5.692763e+01	-8.524382e+02
1.000000e-08	-8.140154e-06	-1.434149e-08	-5.690024e+01	-8.522280e+02
2.000000e-08	-8.133587e-06	-1.433601e-08	-5.685434e+01	-8.519147e+02
3.000000e-08	-8.124244e-06	-1.433050e-08	-5.678903e+01	-8.515073e+02
4.000000e-08	-8.112030e-06	-1.432235e-08	-5.670365e+01	-8.510109e+02
5.000000e-08	-8.096899e-06	-1.431400e-08	-5.659789e+01	-8.504236e+02
6.000000e-08	-8.078952e-06	-1.430941e-08	-5.647244e+01	-8.497356e+02
7.000000e-08	-8.058513e-06	-1.429297e-08	-5.632957e+01	-8.489330e+02
8.000000e-08	-8.035281e-06	-1.425704e-08	-5.616718e+01	-8.480030e+02
9.000000e-08	-8.008702e-06	-1.423688e-08	-5.598139e+01	-8.469404e+02
1.000000e-07	-7.978972e-06	-1.423154e-08	-5.577357e+01	-8.457510e+02
1.100000e-07	-7.946477e-06	-1.421692e-08	-5.554643e+01	-8.444523e+02
1.200000e-07	-7.911276e-06	-1.419251e-08	-5.530037e+01	-8.430677e+02
1.300000e-07	-7.873711e-06	-1.417745e-08	-5.503779e+01	-8.416195e+02
1.400000e-07	-7.834074e-06	-1.415648e-08	-5.476072e+01	-8.401208e+02
1.500000e-07	-7.791845e-06	-1.412486e-08	-5.446554e+01	-8.385700e+02
1.600000e-07	-7.746682e-06	-1.410300e-08	-5.414985e+01	-8.369516e+02
1.700000e-07	-7.698747e-06	-1.404263e-08	-5.381478e+01	-8.352403e+02
1.800000e-07	-7.647717e-06	-1.401226e-08	-5.345808e+01	-8.334102e+02
1.900000e-07	-7.593613e-06	-1.398973e-08	-5.307988e+01	-8.314431e+02
2.000000e-07	-7.536793e-06	-1.394986e-08	-5.268271e+01	-8.293340e+02
2.100000e-07	-7.477240e-06	-1.392941e-08	-5.226643e+01	-8.270919e+02
2.200000e-07	-7.415065e-06	-1.388320e-08	-5.183182e+01	-8.247346e+02
2.300000e-07	-7.350198e-06	-1.385124e-08	-5.137839e+01	-8.222812e+02
2.400000e-07	-7.282547e-06	-1.380362e-08	-5.090551e+01	-8.197436e+02
2.500000e-07	-7.212226e-06	-1.374339e-08	-5.041396e+01	-8.171217e+02
2.600000e-07	-7.139187e-06	-1.369224e-08	-4.990342e+01	-8.144035e+02
2.700000e-07	-7.063331e-06	-1.365166e-08	-4.937318e+01	-8.115699e+02
2.800000e-07	-6.984679e-06	-1.361941e-08	-4.882339e+01	-8.086025e+02
2.900000e-07	-6.903395e-06	-1.356762e-08	-4.825521e+01	-8.054913e+02
3.000000e-07	-6.819719e-06	-1.351698e-08	-4.767031e+01	-8.022381e+02
3.100000e-07	-6.733807e-06	-1.344726e-08	-4.706978e+01	-7.988559e+02
3.200000e-07	-6.645586e-06	-1.338179e-08	-4.645311e+01	-7.953636e+02
3.300000e-07	-6.554956e-06	-1.332603e-08	-4.581960e+01	-7.917776e+02
3.400000e-07	-6.462007e-06	-1.326015e-08	-4.516988e+01	-7.881053e+02
3.500000e-07	-6.366774e-06	-1.319868e-08	-4.450420e+01	-7.843412e+02
3.600000e-07	-6.269130e-06	-1.313909e-08	-4.382166e+01	-7.804688e+02
3.700000e-07	-6.169135e-06	-1.307961e-08	-4.312269e+01	-7.764661e+02
3.800000e-07	-6.067054e-06	-1.300633e-08	-4.240913e+01	-7.723132e+02
3.900000e-07	-5.962855e-06	-1.292794e-08	-4.168077e+01	-7.679990e+02
4.000000e-07	-5.856378e-06	-1.285163e-08	-4.093649e+01	-7.635241e+02
4.100000e-07	-5.747745e-06	-1.278127e-08	-4.017714e+01	-7.588994e+02
4.200000e-07	-5.637104e-06	-1.269996e-08	-3.940375e+01	-7.541403e+02
4.300000e-07	-5.524455e-06	-1.260996e-08	-3.861632e+01	-7.492603e+02
4.400000e-07	-5.409610e-06	-1.252672e-08	-3.781355e+01	-7.442656e+02
4.500000e-07	-5.292519e-06	-1.244502e-08	-3.699507e+01	-7.391524e+02
4.600000e-07	-5.173463e-06	-1.236201e-08	-3.616287e+01	-7.339093e+02
4.700000e-07	-5.052651e-06	-1.227304e-08	-3.531838e+01	-7.285223e+02
4.800000e-07	-4.930025e-06	-1.218134e-08	-3.446122e+01	-7.229802e+02
4.900000e-07	-4.805544e-06	-1.208567e-08	-3.359109e+01	-7.172785e+02
5.000000e-07	-4.679373e-06	-1.198783e-08	-3.270915e+01	-7.114206e+02
5.100000e-07	-4.551635e-06	-1.188117e-08	-3.181625e+01	-7.054144e+02
5.200000e-07	-4.422243e-06	-1.177308e-08	-3.091179e+01	-6.992676e+02
5.300000e-07	-4.291169e-06	-1.167121e-08	-2.999557e+01	-6.929824e+02
5.400000e-07	-4.158514e-06	-1.156847e-08	-2.906830e+01	-6.865523e+02
5.500000e-07	-4.024346e-06	-1.145842e-08	-2.813046e+01	-6.799627e+02
5.600000e-07	-3.888784e-06	-1.134369e-08	-2.718287e+01	-6.731937e+02
5.700000e-07	-3.751849e-06	-1.122774e-08	-2.622569e+01	-6.662260e+02
5.800000e-07	-3.613488e-06	-1.110827e-08	-2.525853e+01	-6.590453e+02
5.900000e-07	-3.473642e-06	-1.098373e-08	-2.428100e+01	-6.516452e+02
6.000000e-07	-3.332276e-06	-1.085299e-08	-2.329284e+01	-6.440270e+02
6.100000e-07	-3.189556e-06	-1.072196e-08	-2.229522e+01	-6.361965e+02
6.200000e-07	-3.045722e-06	-1.059021e-08	-2.128981e+01	-6.281601e+02
6.300000e-07	-2.900803e-06	-1.045391e-08	-2.027681e+01	-6.199207e+02
6.400000e-07	-2.754705e-06	-1.031084e-08	-1.925558e+01	-6.114758e+02
6.500000e-07	-2.607586e-06	-1.016622e-08	-1.822721e+01	-6.028177e+02
6.600000e-07	-2.459697e-06	-1.002101e-08	-1.719345e+01	-5.939352e+02
6.700000e-07	-2.311066e-06	-9.869737e-09	-1.615451e+01	-5.848168e+02
6.800000e-07	-2.161632e-06	-9.708556e-09	-1.510995e+01	-5.754515e+02
6.900000e-07	-2.011430e-06	-9.544025e-09	-1.406003e+01	-5.658298e+02
7.000000e-07	-1.860544e-06	-9.382936e-09	-1.300533e+01	-5.559421e+02
7.100000e-07	-1.709065e-06	-9.214389e-09	-1.194648e+01	-5.457775e+02
7.200000e-07	-1.556995e-06	-9.035740e-09	-1.088351e+01	-5.353224e+02
7.300000e-07	-1.404319e-06	-8.853784e-09	-9.816291e+00	-5.245610e+02
7.400000e-07	-1.251071e-06	-8.671818e-09	-8.745073e+00	-5.134765e+02
7.500000e-07	-1.097349e-06	-8.483176e-09	-7.670546e+00	-5.020533e+02
7.600000e-07	-9.432494e-07	-8.282416e-09	-6.593379e+00	-4.902777e+02
7.700000e-07	-7.888029e-07	-8.073272e-09	-5.513787e+00	-4.781370e+02
7.800000e-07	-6.341083e-07	-7.863161e-09	-4.432461e+00	-4.656162e+02
7.900000e-07	-4.792376e-07	-7.650821e-09	-3.349904e+00	-4.526931e+02
8.000000e-07	-3.241898e-07	-7.426624e-09	-2.266109e+00	-4.393344e+02
8.100000e-07	-1.689395e-07	-7.191262e-09	-1.180899e+00	-4.254930e+02
8.200000e-07	-1.362230e-08	-6.950946e-09	-9.522086e-02	-4.111101e+02
8.300000e-07	1.416339e-07	-6.702580e-09	9.900310e-01	-3.961210e+02
8.400000e-07	2.968447e-07	-6.436933e-09	2.074965e+00	-3.804629e+02
8.500000e-07	4.519416e-07	-6.156321e-09	3.159103e+00	-3.640837e+02
8.600000e-07	6.068403e-07	-5.866971e-09	4.241856e+00	-3.469478e+02
8.700000e-07	7.614874e-07	-5.567844e-09	5.322850e+00	-3.290362e+02
8.800000e-07	9.158530e-07	-5.253099e-09	6.401876e+00	-3.103418e+02
8.900000e-07	1.069917e-06	-4.922642e-09	7.478796e+00	-2.908592e+02
9.000000e-07	1.223599e-06	-4.582627e-09	8.553045e+00	-2.705724e+02
9.100000e-07	1.376797e-06	-4.231521e-09	9.623906e+00	-2.494435e+02
9.200000e-07	1.529509e-06	-3.860085e-09	1.069137e+01	-2.274050e+02
9.300000e-07	1.681657e-06	-3.464586e-09	1.175490e+01	-2.043586e+02
9.400000e-07	1.833166e-06	-3.052033e-09	1.281396e+01	-1.801806e+02
9.500000e-07	1.984109e-06	-2.622450e-09	1.386906e+01	-1.547329e+02
9.600000e-07	2.134392e-06	-2.169238e-09	1.491955e+01	-1.278783e+02
9.700000e-07	2.283889e-06	-1.687459e-09	1.596454e+01	-9.949811e+01
9.800000e-07	2.432502e-06	-1.178143e-09	1.700336e+01	-6.950964e+01
9.900000e-07	2.580170e-06	-6.452673e-10	1.803557e+01	-3.788245e+01
1.000000e-06	2.726923e-06	-8.277132e-11	1.906138e+01	-4.651779e+00
1.010000e-06	2.872728e-06	5.089569e-10	2.008057e+01	3.007221e+01
1.020000e-06	3.017441e-06	1.121149e-09	2.109212e+01	6.610084e+01
1.030000e-06	3.161029e-06	1.745687e-09	2.209582e+01	1.031702e+02
1.040000e-06	3.303524e-06	2.382367e-09	2.309186e+01	1.409521e+02
1.050000e-06	3.444807e-06	3.029481e-09	2.407944e+01	1.790729e+02
1.060000e-06	3.584775e-06	3.674910e-09	2.505782e+01	2.171375e+02
1.070000e-06	3.723339e-06	4.309347e-09	2.602640e+01	2.547567e+02
1.080000e-06	3.860489e-06	4.930447e-09	2.698509e+01	2.915729e+02
1.090000e-06	3.996199e-06	5.534529e-09	2.793371e+01	3.272807e+02
1.100000e-06	4.130508e-06	6.112783e-09	2.887254e+01	3.616394e+02
1.110000e-06	4.263408e-06	6.664007e-09	2.980152e+01	3.944766e+02
1.120000e-06	4.394691e-06	7.189044e-09	3.071920e+01	4.256831e+02
1.130000e-06	4.524347e-06	7.687588e-09	3.162550e+01	4.552034e+02
1.140000e-06	4.652379e-06	8.159188e-09	3.252045e+01	4.830232e+02
1.150000e-06	4.778782e-06	8.600828e-09	3.340402e+01	5.091588e+02
1.160000e-06	4.903594e-06	9.011103e-09	3.427647e+01	5.336496e+02
1.170000e-06	5.026654e-06	9.394518e-09	3.513666e+01	5.565524e+02
1.180000e-06	5.147916e-06	9.753515e-09	3.598429e+01	5.779389e+02
1.190000e-06	5.267354e-06	1.008782e-08	3.681917e+01	5.978922e+02
1.200000e-06	5.384764e-06	1.039821e-08	3.763988e+01	6.165027e+02
1.210000e-06	5.500113e-06	1.068804e-08	3.844617e+01	6.338625e+02
1.220000e-06	5.613370e-06	1.096134e-08	3.923785e+01	6.500592e+02
1.230000e-06	5.724539e-06	1.121566e-08	4.001493e+01	6.651709e+02
1.240000e-06	5.833723e-06	1.145034e-08	4.077813e+01	6.792646e+02
1.250000e-06	5.940832e-06	1.166947e-08	4.152683e+01	6.923975e+02
1.260000e-06	6.045779e-06	1.187750e-08	4.226041e+01	7.046219e+02
1.270000e-06	6.148603e-06	1.207195e-08	4.297916e+01	7.159899e+02
1.280000e-06	6.249143e-06	1.225085e-08	4.368195e+01	7.265583e+02
1.290000e-06	6.347331e-06	1.241399e-08	4.436829e+01	7.363884e+02
1.300000e-06	6.443256e-06	1.256367e-08	4.503881e+01	7.455440e+02
1.310000e-06	6.536930e-06	1.270248e-08	4.569360e+01	7.540848e+02
1.320000e-06	6.628357e-06	1.283365e-08	4.633267e+01	7.620614e+02
1.330000e-06	6.717468e-06	1.295861e-08	4.695557e+01	7.695113e+02
1.340000e-06	6.804232e-06	1.307779e-08	4.756205e+01	7.764597e+02
1.350000e-06	6.888649e-06	1.318981e-08	4.815214e+01	7.829239e+02
1.360000e-06	6.970613e-06	1.329056e-08	4.872507e+01	7.889213e+02
1.370000e-06	7.050030e-06	1.338069e-08	4.928020e+01	7.944763e+02
1.380000e-06	7.126851e-06	1.346352e-08	4.981718e+01	7.996242e+02
1.390000e-06	7.201019e-06	1.354078e-08	5.033562e+01	8.044105e+02
1.400000e-06	7.272562e-06	1.361213e-08	5.083572e+01	8.088852e+02
1.410000e-06	7.341532e-06	1.368256e-08	5.131782e+01	8.130935e+02
1.420000e-06	7.407879e-06	1.375385e-08	5.178159e+01	8.170679e+02
1.430000e-06	7.471567e-06	1.382328e-08	5.222677e+01	8.208235e+02
1.440000e-06	7.532712e-06	1.388513e-08	5.265418e+01	8.243582e+02
1.450000e-06	7.591245e-06	1.394099e-08	5.306333e+01	8.276589e+02
1.460000e-06	7.647027e-06	1.399203e-08	5.345325e+01	8.307112e+02
1.470000e-06	7.699901e-06	1.403631e-08	5.382284e+01	8.335079e+02
1.480000e-06	7.749635e-06	1.407558e-08	5.417049e+01	8.360554e+02
1.490000e-06	7.796373e-06	1.411440e-08	5.449719e+01	8.383735e+02
1.500000e-06	7.840367e-06	1.415302e-08	5.480471e+01	8.404912e+02
1.510000e-06	7.881541e-06	1.418896e-08	5.509252e+01	8.424384e+02
1.520000e-06	7.919880e-06	1.422211e-08	5.536052e+01	8.442379e+02
1.530000e-06	7.955538e-06	1.425197e-08	5.560976e+01	8.459004e+02
1.540000e-06	7.988444e-06	1.427852e-08	5.583978e+01	8.474243e+02
1.550000e-06	8.018523e-06	1.429996e-08	5.605004e+01	8.487996e+02
1.560000e-06	8.045782e-06	1.431681e-08	5.624058e+01	8.500147e+02
1.570000e-06	8.070135e-06	1.433085e-08	5.641081e+01	8.510625e+02
1.580000e-06	8.091730e-06	1.434549e-08	5.656175e+01	8.519446e+02
1.590000e-06	8.110601e-06	1.435970e-08	5.669367e+01	8.526706e+02
1.600000e-06	8.126480e-06	1.437150e-08	5.680466e+01	8.532551e+02
1.610000e-06	8.139267e-06	1.438120e-08	5.689404e+01	8.537124e+02
1.620000e-06	8.148921e-06	1.438899e-08	5.696153e+01	8.540522e+02
1.630000e-06	8.155577e-06	1.439373e-08	5.700805e+01	8.542783e+02
1.640000e-06	8.159414e-06	1.439317e-08	5.703487e+01	8.543901e+02
1.650000e-06	8.160362e-06	1.439073e-08	5.704150e+01	8.543858e+02
1.660000e-06	8.158575e-06	1.438972e-08	5.702900e+01	8.542661e+02
1.670000e-06	8.154168e-06	1.438822e-08	5.699820e+01	8.540365e+02
1.680000e-06	8.147037e-06	1.438433e-08	5.694836e+01	8.537056e+02
1.690000e-06	8.137223e-06	1.437640e-08	5.687975e+01	8.532818e+02
1.700000e-06	8.124576e-06	1.436682e-08	5.679135e+01	8.527693e+02
1.710000e-06	8.109136e-06	1.435299e-08	5.668343e+01	8.521646e+02
1.720000e-06	8.091231e-06	1.433654e-08	5.655827e+01	8.514570e+02
1.730000e-06	8.070953e-06	1.434890e-08	5.641652e+01	8.506322e+02
1.740000e-06	8.047694e-06	1.433740e-08	5.625394e+01	8.496784e+02
1.750000e-06	8.020701e-06	1.430345e-08	5.606526e+01	8.485920e+02
1.760000e-06	7.990090e-06	1.427749e-08	5.585129e+01	8.473814e+02
1.770000e-06	7.956599e-06	1.424748e-08	5.561718e+01	8.460652e+02
1.780000e-06	7.920741e-06	1.420850e-08	5.536653e+01	8.446676e+02
1.790000e-06	7.882528e-06	1.420792e-08	5.509942e+01	8.432095e+02
1.800000e-06	7.842135e-06	1.417232e-08	5.481707e+01	8.417018e+02
1.810000e-06	7.799357e-06	1.412865e-08	5.451805e+01	8.401402e+02
1.820000e-06	7.753873e-06	1.414293e-08	5.420011e+01	8.385069e+02
1.830000e-06	7.705607e-06	1.408484e-08	5.386273e+01	8.367759e+02
1.840000e-06	7.654322e-06	1.408024e-08	5.350424e+01	8.349221e+02
1.850000e-06	7.600073e-06	1.403676e-08	5.312504e+01	8.329293e+02
1.860000e-06	7.542950e-06	1.396720e-08	5.272575e+01	8.307953e+02
1.870000e-06	7.483206e-06	1.396368e-08	5.230813e+01	8.285308e+02
1.880000e-06	7.420840e-06	1.390236e-08	5.187219e+01	8.261548e+02
1.890000e-06	7.355606e-06	1.387726e-08	5.141620e+01	8.236856e+02
1.900000e-06	7.287636e-06	1.384333e-08	5.094108e+01	8.211330e+02
1.910000e-06	7.216818e-06	1.380041e-08	5.044606e+01	8.184948e+02
1.920000e-06	7.143257e-06	1.375339e-08	4.993186e+01	8.157572e+02
1.930000e-06	7.067033e-06	1.368061e-08	4.939905e+01	8.129007e+02
1.940000e-06	6.988021e-06	1.363501e-08	4.884675e+01	8.099078e+02
1.950000e-06	6.906505e-06	1.356335e-08	4.827695e+01	8.067705e+02
1.960000e-06	6.822608e-06	1.353525e-08	4.769050e+01	8.034928e+02
1.970000e-06	6.736235e-06	1.349004e-08	4.708675e+01	8.000893e+02
1.980000e-06	6.647334e-06	1.342276e-08	4.646533e+01	7.965789e+02
1.990000e-06	6.556158e-06	1.336684e-08	4.582800e+01	7.929771e+02
2.000000e-06	6.462746e-06	1.329176e-08	4.517505e+01	7.892889e+02
2.010000e-06	6.366957e-06	1.322966e-08	4.450547e+01	7.855067e+02
2.020000e-06	6.268954e-06	1.315031e-08	4.382042e+01	7.816124e+02
2.030000e-06	6.168715e-06	1.308989e-08	4.311975e+01	7.775839e+02
2.040000e-06	6.066169e-06	1.302256e-08	4.240294e+01	7.734024e+02
2.050000e-06	5.961350e-06	1.295579e-08	4.167025e+01	7.690588e+02
2.060000e-06	5.854489e-06	1.287311e-08	4.092328e+01	7.645559e+02
2.070000e-06	5.745606e-06	1.279190e-08	4.016219e+01	7.599058e+02
2.080000e-06	5.634586e-06	1.271488e-08	3.938615e+01	7.551240e+02
2.090000e-06	5.521441e-06	1.263068e-08	3.859526e+01	7.502232e+02
2.100000e-06	5.406195e-06	1.255007e-08	3.778968e+01	7.452075e+02
2.110000e-06	5.288844e-06	1.245364e-08	3.696939e+01	7.400718e+02
2.120000e-06	5.169419e-06	1.236629e-08	3.613460e+01	7.348038e+02
2.130000e-06	5.048164e-06	1.226960e-08	3.528702e+01	7.293896e+02
2.140000e-06	4.925167e-06	1.217996e-08	3.442726e+01	7.238187e+02
2.150000e-06	4.800379e-06	1.208252e-08	3.355498e+01	7.180885e+02
2.160000e-06	4.673773e-06	1.198921e-08	3.267000e+01	7.122032e+02
2.170000e-06	4.545442e-06	1.189103e-08	3.177296e+01	7.061712e+02
2.180000e-06	4.415560e-06	1.178246e-08	3.086507e+01	6.999995e+02
2.190000e-06	4.284173e-06	1.167275e-08	2.994666e+01	6.936889e+02
2.200000e-06	4.151279e-06	1.155759e-08	2.901773e+01	6.872313e+02
2.210000e-06	4.016846e-06	1.144953e-08	2.807804e+01	6.806109e+02
2.220000e-06	3.880835e-06	1.133740e-08	2.712731e+01	6.738075e+02
2.230000e-06	3.743383e-06	1.122518e-08	2.616651e+01	6.668024e+02
2.240000e-06	3.604648e-06	1.110539e-08	2.519674e+01	6.595825e+02
2.250000e-06	3.464604e-06	1.098021e-08	2.421782e+01	6.521429e+02
2.260000e-06	3.323259e-06	1.084748e-08	2.322981e+01	6.444860e+02
2.270000e-06	3.180606e-06	1.070943e-08	2.223266e+01	6.366181e+02
2.280000e-06	3.036676e-06	1.057033e-08	2.122658e+01	6.285451e+02
2.290000e-06	2.891599e-06	1.043322e-08	2.021248e+01	6.202691e+02
2.300000e-06	2.745564e-06	1.029317e-08	1.919168e+01	6.117865e+02
2.310000e-06	2.598659e-06	1.014699e-08	1.816481e+01	6.030889e+02
2.320000e-06	2.450832e-06	9.995191e-09	1.713149e+01	5.941650e+02
2.330000e-06	2.302182e-06	9.838885e-09	1.609241e+01	5.850029e+02
2.340000e-06	2.152782e-06	9.679734e-09	1.504809e+01	5.755923e+02
2.350000e-06	2.002632e-06	9.514695e-09	1.399854e+01	5.659235e+02
2.360000e-06	1.851733e-06	9.346965e-09	1.294374e+01	5.559870e+02
2.370000e-06	1.700062e-06	9.173745e-09	1.188355e+01	5.457713e+02
2.380000e-06	1.547709e-06	8.996848e-09	1.081859e+01	5.352625e+02
2.390000e-06	1.394815e-06	8.813714e-09	9.749855e+00	5.244443e+02
2.400000e-06	1.241478e-06	8.625688e-09	8.678017e+00	5.133002e+02
2.410000e-06	1.087723e-06	8.433627e-09	7.603258e+00	5.018148e+02
2.420000e-06	9.336096e-07	8.236245e-09	6.525996e+00	4.899747e+02
2.430000e-06	7.792554e-07	8.030187e-09	5.447050e+00	4.777671e+02
2.440000e-06	6.246677e-07	7.813763e-09	4.366471e+00	4.651760e+02
2.450000e-06	4.698456e-07	7.592746e-09	3.284253e+00	4.521778e+02
2.460000e-06	3.148126e-07	7.365551e-09	2.200562e+00	4.387364e+02
2.470000e-06	1.596191e-07	7.130498e-09	1.115749e+00	4.248026e+02
2.480000e-06	4.420150e-09	6.887180e-09	3.089715e-02	4.103160e+02
2.490000e-06	-1.507263e-07	6.633839e-09	-1.053588e+00	3.952116e+02
2.500000e-06	-3.058543e-07	6.370178e-09	-2.137943e+00	3.794279e+02
2.510000e-06	-4.608420e-07	6.095151e-09	-3.221318e+00	3.629154e+02
2.520000e-06	-6.155943e-07	5.803038e-09	-4.303047e+00	3.456417e+02
2.530000e-06	-7.701633e-07	5.494589e-09	-5.383495e+00	3.275903e+02
2.540000e-06	-9.245141e-07	5.173558e-09	-6.462418e+00	3.087554e+02
2.550000e-06	-1.078546e-06	4.842756e-09	-7.539110e+00	2.891307e+02
2.560000e-06	-1.232195e-06	4.501081e-09	-8.613129e+00	2.686969e+02
2.570000e-06	-1.385395e-06	4.145519e-09	-9.684008e+00	2.474111e+02
2.580000e-06	-1.538066e-06	3.774129e-09	-1.075119e+01	2.252004e+02
2.590000e-06	-1.690099e-06	3.385087e-09	-1.181391e+01	2.019613e+02
2.600000e-06	-1.841452e-06	2.975655e-09	-1.287187e+01	1.775666e+02
2.610000e-06	-1.992099e-06	2.543548e-09	-1.392491e+01	1.518772e+02
2.620000e-06	-2.141983e-06	2.088310e-09	-1.497261e+01	1.247578e+02
2.630000e-06	-2.291146e-06	1.608933e-09	-1.601527e+01	9.609496e+01
2.640000e-06	-2.439510e-06	1.103490e-09	-1.705235e+01	6.581410e+01
2.650000e-06	-2.586970e-06	5.692524e-10	-1.808310e+01	3.389567e+01
2.660000e-06	-2.733595e-06	6.578644e-12	-1.910802e+01	3.877427e-01
2.670000e-06	-2.879333e-06	-5.786963e-10	-2.012674e+01	-3.458557e+01
2.680000e-06	-3.024050e-06	-1.185112e-09	-2.113832e+01	-7.082169e+01
2.690000e-06	-3.167565e-06	-1.809952e-09	-2.214150e+01	-1.080442e+02
2.700000e-06	-3.309808e-06	-2.444721e-09	-2.313579e+01	-1.459153e+02
2.710000e-06	-3.450832e-06	-3.084383e-09	-2.412155e+01	-1.840555e+02
2.720000e-06	-3.590536e-06	-3.722554e-09	-2.509810e+01	-2.220688e+02
2.730000e-06	-3.728931e-06	-4.352785e-09	-2.606548e+01	-2.595698e+02
2.740000e-06	-3.865986e-06	-4.968296e-09	-2.702351e+01	-2.962089e+02
2.750000e-06	-4.001478e-06	-5.564858e-09	-2.797061e+01	-3.316917e+02
2.760000e-06	-4.135483e-06	-6.139244e-09	-2.890731e+01	-3.657897e+02
2.770000e-06	-4.268108e-06	-6.687778e-09	-2.983438e+01	-3.983423e+02
2.780000e-06	-4.399232e-06	-7.206987e-09	-3.075094e+01	-4.292507e+02
2.790000e-06	-4.528826e-06	-7.697514e-09	-3.165681e+01	-4.584676e+02
2.800000e-06	-4.656844e-06	-8.160424e-09	-3.255166e+01	-4.859850e+02
2.810000e-06	-4.783176e-06	-8.596690e-09	-3.343473e+01	-5.118237e+02
2.820000e-06	-4.907816e-06	-9.006048e-09	-3.430597e+01	-5.360266e+02
2.830000e-06	-5.030765e-06	-9.388599e-09	-3.516540e+01	-5.586532e+02
2.840000e-06	-5.151880e-06	-9.747168e-09	-3.601200e+01	-5.797776e+02
2.850000e-06	-5.271002e-06	-1.008015e-08	-3.684467e+01	-5.994846e+02
2.860000e-06	-5.388091e-06	-1.038872e-08	-3.766313e+01	-6.178654e+02
2.870000e-06	-5.503032e-06	-1.067753e-08	-3.846658e+01	-6.350116e+02
2.880000e-06	-5.615718e-06	-1.094798e-08	-3.925426e+01	-6.510094e+02
2.890000e-06	-5.726280e-06	-1.120070e-08	-4.002709e+01	-6.659350e+02
2.900000e-06	-5.834839e-06	-1.143665e-08	-4.078593e+01	-6.798534e+02
2.910000e-06	-5.941422e-06	-1.165578e-08	-4.153095e+01	-6.928205e+02
2.920000e-06	-6.045900e-06	-1.185903e-08	-4.226126e+01	-7.048883e+02
2.930000e-06	-6.148175e-06	-1.204641e-08	-4.297617e+01	-7.161095e+02
2.940000e-06	-6.248254e-06	-1.221893e-08	-4.367573e+01	-7.265417e+02
2.950000e-06	-6.346152e-06	-1.238158e-08	-4.436005e+01	-7.362470e+02
2.960000e-06	-6.441804e-06	-1.253700e-08	-4.502866e+01	-7.452888e+02
2.970000e-06	-6.535191e-06	-1.268247e-08	-4.568144e+01	-7.537258e+02
2.980000e-06	-6.626338e-06	-1.281700e-08	-4.631856e+01	-7.616062e+02
2.990000e-06	-6.715152e-06	-1.294229e-08	-4.693938e+01	-7.689653e+02
3.000000e-06	-6.801572e-06	-1.305876e-08	-4.754346e+01	-7.758263e+02
3.010000e-06	-6.885573e-06	-1.316621e-08	-4.813063e+01	-7.822060e+02
3.020000e-06	-6.967153e-06	-1.326450e-08	-4.870089e+01	-7.881226e+02
3.030000e-06	-7.046203e-06	-1.335669e-08	-4.925345e+01	-7.936022e+02
3.040000e-06	-7.122529e-06	-1.344333e-08	-4.978697e+01	-7.986822e+02
3.050000e-06	-7.196187e-06	-1.352445e-08	-5.030185e+01	-8.034096e+02
3.060000e-06	-7.267266e-06	-1.360094e-08	-5.079869e+01	-8.078338e+02
3.070000e-06	-7.335745e-06	-1.367308e-08	-5.127737e+01	-8.119987e+02
3.080000e-06	-7.401655e-06	-1.373925e-08	-5.173809e+01	-8.159338e+02
3.090000e-06	-7.464922e-06	-1.379898e-08	-5.218032e+01	-8.196508e+02
3.100000e-06	-7.525493e-06	-1.385568e-08	-5.260372e+01	-8.231450e+02
3.110000e-06	-7.583362e-06	-1.390790e-08	-5.300823e+01	-8.264026e+02
3.120000e-06	-7.638456e-06	-1.395654e-08	-5.339334e+01	-8.294097e+02
3.130000e-06	-7.690593e-06	-1.400420e-08	-5.375778e+01	-8.321613e+02
3.140000e-06	-7.739642e-06	-1.404931e-08	-5.410064e+01	-8.346662e+02
3.150000e-06	-7.785771e-06	-1.408968e-08	-5.442308e+01	-8.369466e+02
3.160000e-06	-7.829339e-06	-1.412360e-08	-5.472763e+01	-8.390320e+02
3.170000e-06	-7.870379e-06	-1.415191e-08	-5.501449e+01	-8.409517e+02
3.180000e-06	-7.908641e-06	-1.417805e-08	-5.528195e+01	-8.427266e+02
3.190000e-06	-7.944132e-06	-1.420495e-08	-5.553004e+01	-8.443651e+02
3.200000e-06	-7.976876e-06	-1.423294e-08	-5.575892e+01	-8.458636e+02
3.210000e-06	-8.006643e-06	-1.425932e-08	-5.596699e+01	-8.472113e+02
3.220000e-06	-8.033526e-06	-1.428220e-08	-5.615491e+01	-8.483971e+02
3.230000e-06	-8.057704e-06	-1.430134e-08	-5.632391e+01	-8.494152e+02
3.240000e-06	-8.079009e-06	-1.431541e-08	-5.647284e+01	-8.502687e+02
3.250000e-06	-8.097422e-06	-1.432388e-08	-5.660154e+01	-8.509686e+02
3.260000e-06	-8.112948e-06	-1.433082e-08	-5.671007e+01	-8.515297e+02
3.270000e-06	-8.125345e-06	-1.433869e-08	-5.679673e+01	-8.519657e+02
3.280000e-06	-8.134708e-06	-1.434540e-08	-5.686218e+01	-8.522854e+02
3.290000e-06	-8.141183e-06	-1.435070e-08	-5.690744e+01	-8.524915e+02
3.300000e-06	-8.144788e-06	-1.435555e-08	-5.693264e+01	-8.525829e+02
3.310000e-06	-8.145631e-06	-1.435464e-08	-5.693853e+01	-8.525580e+02
