# Temperatura_=_52.54
# Concentracion g/m^3_=_11780.0
# C_Vs_to_Am_M_A/Vsm_=_59384043850.047264
# pendiente_HvsI_1/m_=_3716.3
# ordenada_HvsI_A/m_=_1297.0
# frecuencia_Hz_=_301498.315056756

Tiempo_(s)	Campo_(V.s)	Magnetizacion_(V.s)	Campo_(kA/m)	Magnetizacion_(A/m)
0.000000e+00	-8.128580e-06	-1.462600e-08	-5.692631e+01	-8.692022e+02
1.000000e-08	-8.124660e-06	-1.462024e-08	-5.689886e+01	-8.689826e+02
2.000000e-08	-8.118169e-06	-1.461568e-08	-5.685340e+01	-8.686673e+02
3.000000e-08	-8.108919e-06	-1.461009e-08	-5.678862e+01	-8.682444e+02
4.000000e-08	-8.096742e-06	-1.460204e-08	-5.670334e+01	-8.677022e+02
5.000000e-08	-8.081530e-06	-1.459118e-08	-5.659680e+01	-8.670322e+02
6.000000e-08	-8.063494e-06	-1.458999e-08	-5.647050e+01	-8.662310e+02
7.000000e-08	-8.043080e-06	-1.457443e-08	-5.632754e+01	-8.653021e+02
8.000000e-08	-8.019884e-06	-1.450242e-08	-5.616509e+01	-8.642549e+02
9.000000e-08	-7.993271e-06	-1.447951e-08	-5.597871e+01	-8.631032e+02
1.000000e-07	-7.963450e-06	-1.450347e-08	-5.576987e+01	-8.618623e+02
1.100000e-07	-7.930883e-06	-1.449142e-08	-5.554179e+01	-8.605453e+02
1.200000e-07	-7.895666e-06	-1.445229e-08	-5.529516e+01	-8.591597e+02
1.300000e-07	-7.858090e-06	-1.444971e-08	-5.503201e+01	-8.577060e+02
1.400000e-07	-7.818419e-06	-1.445172e-08	-5.475418e+01	-8.561772e+02
1.500000e-07	-7.776170e-06	-1.436214e-08	-5.445830e+01	-8.545609e+02
1.600000e-07	-7.731016e-06	-1.438803e-08	-5.414208e+01	-8.528437e+02
1.700000e-07	-7.683121e-06	-1.430336e-08	-5.380666e+01	-8.510145e+02
1.800000e-07	-7.632123e-06	-1.424022e-08	-5.344951e+01	-8.490679e+02
1.900000e-07	-7.578019e-06	-1.427849e-08	-5.307061e+01	-8.470052e+02
2.000000e-07	-7.521198e-06	-1.419950e-08	-5.267268e+01	-8.448323e+02
2.100000e-07	-7.461660e-06	-1.418650e-08	-5.225572e+01	-8.425565e+02
2.200000e-07	-7.399544e-06	-1.412353e-08	-5.182070e+01	-8.401822e+02
2.300000e-07	-7.334762e-06	-1.411064e-08	-5.136702e+01	-8.377078e+02
2.400000e-07	-7.267177e-06	-1.407270e-08	-5.089370e+01	-8.351253e+02
2.500000e-07	-7.196930e-06	-1.398517e-08	-5.040175e+01	-8.324227e+02
2.600000e-07	-7.123997e-06	-1.394658e-08	-4.989098e+01	-8.295880e+02
2.700000e-07	-7.048259e-06	-1.390813e-08	-4.936057e+01	-8.266141e+02
2.800000e-07	-6.969741e-06	-1.388231e-08	-4.881070e+01	-8.235019e+02
2.900000e-07	-6.888505e-06	-1.379681e-08	-4.824178e+01	-8.202599e+02
3.000000e-07	-6.804881e-06	-1.374214e-08	-4.765614e+01	-8.169015e+02
3.100000e-07	-6.719138e-06	-1.369922e-08	-4.705566e+01	-8.134394e+02
3.200000e-07	-6.630974e-06	-1.362947e-08	-4.643823e+01	-8.098804e+02
3.300000e-07	-6.540443e-06	-1.357050e-08	-4.580422e+01	-8.062219e+02
3.400000e-07	-6.447695e-06	-1.349419e-08	-4.515469e+01	-8.024520e+02
3.500000e-07	-6.352578e-06	-1.343756e-08	-4.448856e+01	-7.985535e+02
3.600000e-07	-6.255117e-06	-1.337986e-08	-4.380601e+01	-7.945099e+02
3.700000e-07	-6.155309e-06	-1.330688e-08	-4.310704e+01	-7.903107e+02
3.800000e-07	-6.053306e-06	-1.322126e-08	-4.239269e+01	-7.859551e+02
3.900000e-07	-5.949165e-06	-1.314692e-08	-4.166336e+01	-7.814514e+02
4.000000e-07	-5.842795e-06	-1.308795e-08	-4.091843e+01	-7.768124e+02
4.100000e-07	-5.734367e-06	-1.300747e-08	-4.015909e+01	-7.720498e+02
4.200000e-07	-5.623964e-06	-1.291931e-08	-3.938591e+01	-7.671682e+02
4.300000e-07	-5.511433e-06	-1.283388e-08	-3.859783e+01	-7.621625e+02
4.400000e-07	-5.396706e-06	-1.275574e-08	-3.779437e+01	-7.570193e+02
4.500000e-07	-5.279885e-06	-1.266480e-08	-3.697625e+01	-7.517220e+02
4.600000e-07	-5.161104e-06	-1.256489e-08	-3.614439e+01	-7.462574e+02
4.700000e-07	-5.040435e-06	-1.247114e-08	-3.529932e+01	-7.406210e+02
4.800000e-07	-4.917943e-06	-1.238349e-08	-3.444148e+01	-7.348184e+02
4.900000e-07	-4.793663e-06	-1.228948e-08	-3.357112e+01	-7.288629e+02
5.000000e-07	-4.667656e-06	-1.218208e-08	-3.268866e+01	-7.227693e+02
5.100000e-07	-4.540012e-06	-1.207390e-08	-3.179474e+01	-7.165461e+02
5.200000e-07	-4.410756e-06	-1.197272e-08	-3.088954e+01	-7.101909e+02
5.300000e-07	-4.279876e-06	-1.186558e-08	-2.997295e+01	-7.036888e+02
5.400000e-07	-4.147436e-06	-1.174668e-08	-2.904544e+01	-6.970162e+02
5.500000e-07	-4.013514e-06	-1.162738e-08	-2.810756e+01	-6.901483e+02
5.600000e-07	-3.878138e-06	-1.151543e-08	-2.715949e+01	-6.830667e+02
5.700000e-07	-3.741333e-06	-1.139907e-08	-2.620141e+01	-6.757648e+02
5.800000e-07	-3.603085e-06	-1.127073e-08	-2.523323e+01	-6.682484e+02
5.900000e-07	-3.463365e-06	-1.113882e-08	-2.425474e+01	-6.605311e+02
6.000000e-07	-3.322157e-06	-1.100979e-08	-2.326583e+01	-6.526272e+02
6.100000e-07	-3.179653e-06	-1.087897e-08	-2.226784e+01	-6.445434e+02
6.200000e-07	-3.036034e-06	-1.073583e-08	-2.126204e+01	-6.362742e+02
6.300000e-07	-2.891310e-06	-1.059001e-08	-2.024850e+01	-6.278023e+02
6.400000e-07	-2.745519e-06	-1.044689e-08	-1.922750e+01	-6.191035e+02
6.500000e-07	-2.598740e-06	-1.030380e-08	-1.819957e+01	-6.101543e+02
6.600000e-07	-2.451126e-06	-1.014870e-08	-1.716580e+01	-6.009394e+02
6.700000e-07	-2.302786e-06	-9.985283e-09	-1.612694e+01	-5.914544e+02
6.800000e-07	-2.153690e-06	-9.819140e-09	-1.508279e+01	-5.817048e+02
6.900000e-07	-2.003813e-06	-9.653223e-09	-1.403316e+01	-5.716994e+02
7.000000e-07	-1.853203e-06	-9.483148e-09	-1.297840e+01	-5.614420e+02
7.100000e-07	-1.701929e-06	-9.303324e-09	-1.191900e+01	-5.509250e+02
7.200000e-07	-1.550056e-06	-9.121940e-09	-1.085540e+01	-5.401279e+02
7.300000e-07	-1.397655e-06	-8.939070e-09	-9.788095e+00	-5.290201e+02
7.400000e-07	-1.244721e-06	-8.750457e-09	-8.717068e+00	-5.175694e+02
7.500000e-07	-1.091286e-06	-8.548269e-09	-7.642524e+00	-5.057496e+02
7.600000e-07	-9.374486e-07	-8.339623e-09	-6.565167e+00	-4.935460e+02
7.700000e-07	-7.832900e-07	-8.127357e-09	-5.485560e+00	-4.809548e+02
7.800000e-07	-6.288651e-07	-7.910982e-09	-4.404086e+00	-4.679756e+02
7.900000e-07	-4.742419e-07	-7.686644e-09	-3.321225e+00	-4.546005e+02
8.000000e-07	-3.194783e-07	-7.452169e-09	-2.237380e+00	-4.408033e+02
8.100000e-07	-1.645526e-07	-7.212361e-09	-1.152399e+00	-4.265334e+02
8.200000e-07	-9.541515e-09	-6.964956e-09	-6.682141e-02	-4.117180e+02
8.300000e-07	1.454864e-07	-6.705077e-09	1.018875e+00	-3.962717e+02
8.400000e-07	3.004694e-07	-6.428661e-09	2.104256e+00	-3.801123e+02
8.500000e-07	4.553195e-07	-6.144169e-09	3.188707e+00	-3.631756e+02
8.600000e-07	6.099737e-07	-5.848414e-09	4.271786e+00	-3.454249e+02
8.700000e-07	7.643728e-07	-5.533104e-09	5.353078e+00	-3.268510e+02
8.800000e-07	9.185003e-07	-5.200507e-09	6.432468e+00	-3.074616e+02
8.900000e-07	1.072282e-06	-4.858604e-09	7.509434e+00	-2.872633e+02
9.000000e-07	1.225635e-06	-4.509087e-09	8.583405e+00	-2.662416e+02
9.100000e-07	1.378513e-06	-4.142993e-09	9.654043e+00	-2.443450e+02
9.200000e-07	1.530843e-06	-3.754967e-09	1.072084e+01	-2.214775e+02
9.300000e-07	1.682626e-06	-3.346209e-09	1.178381e+01	-1.975034e+02
9.400000e-07	1.833855e-06	-2.920588e-09	1.284291e+01	-1.722617e+02
9.500000e-07	1.984444e-06	-2.469605e-09	1.389752e+01	-1.455866e+02
9.600000e-07	2.134363e-06	-1.987577e-09	1.494743e+01	-1.173311e+02
9.700000e-07	2.283555e-06	-1.477377e-09	1.599226e+01	-8.738634e+01
9.800000e-07	2.431890e-06	-9.435032e-10	1.703108e+01	-5.569811e+01
9.900000e-07	2.579289e-06	-3.830953e-10	1.806335e+01	-2.227664e+01
1.000000e-06	2.725807e-06	2.119554e-10	1.908945e+01	1.279689e+01
1.010000e-06	2.871378e-06	8.350169e-10	2.010892e+01	4.936697e+01
1.020000e-06	3.015930e-06	1.474150e-09	2.112125e+01	8.720299e+01
1.030000e-06	3.159381e-06	2.127703e-09	2.212587e+01	1.260019e+02
1.040000e-06	3.301594e-06	2.796922e-09	2.312182e+01	1.653970e+02
1.050000e-06	3.442540e-06	3.470706e-09	2.410889e+01	2.049738e+02
1.060000e-06	3.582145e-06	4.133660e-09	2.508658e+01	2.442948e+02
1.070000e-06	3.720369e-06	4.781087e-09	2.605460e+01	2.829306e+02
1.080000e-06	3.857190e-06	5.414848e-09	2.701278e+01	3.204917e+02
1.090000e-06	3.992579e-06	6.027955e-09	2.796095e+01	3.566580e+02
1.100000e-06	4.126527e-06	6.608693e-09	2.889901e+01	3.911965e+02
1.110000e-06	4.258988e-06	7.157412e-09	2.982667e+01	4.239665e+02
1.120000e-06	4.389959e-06	7.678032e-09	3.074389e+01	4.549103e+02
1.130000e-06	4.519369e-06	8.171220e-09	3.165018e+01	4.840340e+02
1.140000e-06	4.647157e-06	8.633146e-09	3.254510e+01	5.113829e+02
1.150000e-06	4.773314e-06	9.062367e-09	3.342861e+01	5.370200e+02
1.160000e-06	4.897838e-06	9.464122e-09	3.430068e+01	5.610103e+02
1.170000e-06	5.020660e-06	9.841847e-09	3.516083e+01	5.834161e+02
1.180000e-06	5.141657e-06	1.019238e-08	3.600820e+01	6.042992e+02
1.190000e-06	5.260749e-06	1.051551e-08	3.684223e+01	6.237273e+02
1.200000e-06	5.377874e-06	1.081766e-08	3.766248e+01	6.417808e+02
1.210000e-06	5.492954e-06	1.110201e-08	3.846842e+01	6.585536e+02
1.220000e-06	5.605927e-06	1.136705e-08	3.925959e+01	6.741493e+02
1.230000e-06	5.716848e-06	1.160753e-08	4.003640e+01	6.886719e+02
1.240000e-06	5.825790e-06	1.183151e-08	4.079934e+01	7.022156e+02
1.250000e-06	5.932727e-06	1.204499e-08	4.154825e+01	7.148573e+02
1.260000e-06	6.037443e-06	1.224586e-08	4.228159e+01	7.266546e+02
1.270000e-06	6.139958e-06	1.243147e-08	4.299953e+01	7.376494e+02
1.280000e-06	6.240303e-06	1.260351e-08	4.370228e+01	7.478767e+02
1.290000e-06	6.338315e-06	1.276574e-08	4.438867e+01	7.573735e+02
1.300000e-06	6.434019e-06	1.291151e-08	4.505891e+01	7.661849e+02
1.310000e-06	6.527508e-06	1.304251e-08	4.571364e+01	7.743660e+02
1.320000e-06	6.618773e-06	1.316644e-08	4.635278e+01	7.819775e+02
1.330000e-06	6.707667e-06	1.328721e-08	4.697533e+01	7.890788e+02
1.340000e-06	6.794150e-06	1.340259e-08	4.758099e+01	7.957203e+02
1.350000e-06	6.878300e-06	1.350696e-08	4.817031e+01	8.019391e+02
1.360000e-06	6.960058e-06	1.360277e-08	4.874288e+01	8.077593e+02
1.370000e-06	7.039270e-06	1.369534e-08	4.929762e+01	8.131960e+02
1.380000e-06	7.115862e-06	1.378284e-08	4.983401e+01	8.182633e+02
1.390000e-06	7.189797e-06	1.386083e-08	5.035179e+01	8.229800e+02
1.400000e-06	7.261124e-06	1.393146e-08	5.085132e+01	8.273730e+02
1.410000e-06	7.329911e-06	1.400191e-08	5.133305e+01	8.314758e+02
1.420000e-06	7.396012e-06	1.407117e-08	5.179597e+01	8.353235e+02
1.430000e-06	7.459415e-06	1.413238e-08	5.223999e+01	8.389455e+02
1.440000e-06	7.520341e-06	1.418697e-08	5.266667e+01	8.423598e+02
1.450000e-06	7.578692e-06	1.424273e-08	5.307532e+01	8.455712e+02
1.460000e-06	7.634298e-06	1.429790e-08	5.346474e+01	8.485730e+02
1.470000e-06	7.687021e-06	1.434447e-08	5.383397e+01	8.513538e+02
1.480000e-06	7.736592e-06	1.438402e-08	5.418113e+01	8.539046e+02
1.490000e-06	7.783139e-06	1.442337e-08	5.450711e+01	8.562251e+02
1.500000e-06	7.826930e-06	1.446200e-08	5.481379e+01	8.583262e+02
1.510000e-06	7.867906e-06	1.449438e-08	5.510075e+01	8.602285e+02
1.520000e-06	7.906100e-06	1.452015e-08	5.536823e+01	8.619568e+02
1.530000e-06	7.941600e-06	1.454631e-08	5.561685e+01	8.635338e+02
1.540000e-06	7.974263e-06	1.457594e-08	5.584559e+01	8.649737e+02
1.550000e-06	8.004172e-06	1.460109e-08	5.605505e+01	8.662804e+02
1.560000e-06	8.031328e-06	1.461877e-08	5.624523e+01	8.674479e+02
1.570000e-06	8.055554e-06	1.463474e-08	5.641489e+01	8.684646e+02
1.580000e-06	8.076993e-06	1.464962e-08	5.656504e+01	8.693195e+02
1.590000e-06	8.095717e-06	1.466164e-08	5.669616e+01	8.700070e+02
1.600000e-06	8.111537e-06	1.466758e-08	5.680695e+01	8.705301e+02
1.610000e-06	8.124264e-06	1.466968e-08	5.689608e+01	8.709007e+02
1.620000e-06	8.133811e-06	1.467413e-08	5.696294e+01	8.711366e+02
1.630000e-06	8.140398e-06	1.467854e-08	5.700907e+01	8.712575e+02
1.640000e-06	8.144174e-06	1.467928e-08	5.703552e+01	8.712803e+02
1.650000e-06	8.145028e-06	1.467702e-08	5.704150e+01	8.712160e+02
1.660000e-06	8.143175e-06	1.468085e-08	5.702852e+01	8.710679e+02
1.670000e-06	8.138745e-06	1.467662e-08	5.699749e+01	8.708316e+02
1.680000e-06	8.131564e-06	1.466567e-08	5.694720e+01	8.704978e+02
1.690000e-06	8.121708e-06	1.465423e-08	5.687818e+01	8.700541e+02
1.700000e-06	8.109075e-06	1.464066e-08	5.678971e+01	8.694892e+02
1.710000e-06	8.093611e-06	1.462018e-08	5.668141e+01	8.687955e+02
1.720000e-06	8.075690e-06	1.459034e-08	5.655591e+01	8.679707e+02
1.730000e-06	8.055411e-06	1.464520e-08	5.641389e+01	8.670195e+02
1.740000e-06	8.032074e-06	1.464861e-08	5.625045e+01	8.659523e+02
1.750000e-06	8.005023e-06	1.458341e-08	5.606101e+01	8.647832e+02
1.760000e-06	7.974417e-06	1.455168e-08	5.584667e+01	8.635276e+02
1.770000e-06	7.940926e-06	1.453129e-08	5.561213e+01	8.621976e+02
1.780000e-06	7.905030e-06	1.444801e-08	5.536074e+01	8.607998e+02
1.790000e-06	7.866809e-06	1.446815e-08	5.509307e+01	8.593331e+02
1.800000e-06	7.826410e-06	1.448849e-08	5.481014e+01	8.577893e+02
1.810000e-06	7.783566e-06	1.435361e-08	5.451009e+01	8.561557e+02
1.820000e-06	7.738171e-06	1.443751e-08	5.419219e+01	8.544188e+02
1.830000e-06	7.690036e-06	1.437182e-08	5.385508e+01	8.525685e+02
1.840000e-06	7.638731e-06	1.432895e-08	5.349578e+01	8.506006e+02
1.850000e-06	7.584460e-06	1.431964e-08	5.311571e+01	8.485174e+02
1.860000e-06	7.527354e-06	1.419779e-08	5.271578e+01	8.463253e+02
1.870000e-06	7.467581e-06	1.426055e-08	5.229718e+01	8.440314e+02
1.880000e-06	7.405124e-06	1.415440e-08	5.185978e+01	8.416392e+02
1.890000e-06	7.339890e-06	1.413996e-08	5.140293e+01	8.391459e+02
1.900000e-06	7.272065e-06	1.412069e-08	5.092794e+01	8.365426e+02
1.910000e-06	7.201371e-06	1.402983e-08	5.043285e+01	8.338169e+02
1.920000e-06	7.127924e-06	1.403040e-08	4.991848e+01	8.309574e+02
1.930000e-06	7.051797e-06	1.392036e-08	4.938535e+01	8.279582e+02
1.940000e-06	6.972858e-06	1.390585e-08	4.883252e+01	8.248216e+02
1.950000e-06	6.891428e-06	1.382375e-08	4.826225e+01	8.215574e+02
1.960000e-06	6.807531e-06	1.378070e-08	4.767470e+01	8.181794e+02
1.970000e-06	6.721215e-06	1.374665e-08	4.707021e+01	8.146995e+02
1.980000e-06	6.632485e-06	1.364344e-08	4.644882e+01	8.111229e+02
1.990000e-06	6.541425e-06	1.362111e-08	4.581110e+01	8.074452e+02
2.000000e-06	6.448086e-06	1.353058e-08	4.515742e+01	8.036533e+02
2.010000e-06	6.352397e-06	1.348600e-08	4.448729e+01	7.997298e+02
2.020000e-06	6.254479e-06	1.339380e-08	4.380155e+01	7.956586e+02
2.030000e-06	6.154294e-06	1.333107e-08	4.309993e+01	7.914309e+02
2.040000e-06	6.051901e-06	1.325997e-08	4.238285e+01	7.870477e+02
2.050000e-06	5.947320e-06	1.317448e-08	4.165044e+01	7.825185e+02
2.060000e-06	5.840636e-06	1.310296e-08	4.090331e+01	7.778564e+02
2.070000e-06	5.731942e-06	1.301043e-08	4.014210e+01	7.730722e+02
2.080000e-06	5.621204e-06	1.294477e-08	3.936658e+01	7.681688e+02
2.090000e-06	5.508332e-06	1.284974e-08	3.857611e+01	7.631394e+02
2.100000e-06	5.393241e-06	1.276728e-08	3.777010e+01	7.579695e+02
2.110000e-06	5.276075e-06	1.266450e-08	3.694956e+01	7.526428e+02
2.120000e-06	5.156925e-06	1.258049e-08	3.611513e+01	7.471473e+02
2.130000e-06	5.035890e-06	1.247861e-08	3.526749e+01	7.414802e+02
2.140000e-06	4.912991e-06	1.238254e-08	3.440680e+01	7.356488e+02
2.150000e-06	4.788327e-06	1.228121e-08	3.353375e+01	7.296674e+02
2.160000e-06	4.661989e-06	1.218370e-08	3.264898e+01	7.235499e+02
2.170000e-06	4.533953e-06	1.208059e-08	3.175231e+01	7.173034e+02
2.180000e-06	4.404219e-06	1.196550e-08	3.084376e+01	7.109231e+02
2.190000e-06	4.272892e-06	1.185529e-08	2.992404e+01	7.043920e+02
2.200000e-06	4.140113e-06	1.173797e-08	2.899416e+01	6.976860e+02
2.210000e-06	4.005922e-06	1.162787e-08	2.805439e+01	6.907807e+02
2.220000e-06	3.870205e-06	1.150434e-08	2.710393e+01	6.836596e+02
2.230000e-06	3.733000e-06	1.138321e-08	2.614306e+01	6.763183e+02
2.240000e-06	3.594495e-06	1.125490e-08	2.517307e+01	6.687646e+02
2.250000e-06	3.454693e-06	1.112678e-08	2.419400e+01	6.610127e+02
2.260000e-06	3.313631e-06	1.098929e-08	2.320611e+01	6.530762e+02
2.270000e-06	3.171296e-06	1.084798e-08	2.220931e+01	6.449597e+02
2.280000e-06	3.027738e-06	1.070718e-08	2.120394e+01	6.366556e+02
2.290000e-06	2.883016e-06	1.056719e-08	2.019042e+01	6.281447e+02
2.300000e-06	2.737242e-06	1.041967e-08	1.916953e+01	6.194024e+02
2.310000e-06	2.590546e-06	1.026526e-08	1.814219e+01	6.104063e+02
2.320000e-06	2.442971e-06	1.010858e-08	1.710869e+01	6.011428e+02
2.330000e-06	2.294543e-06	9.949782e-09	1.606921e+01	5.916097e+02
2.340000e-06	2.145264e-06	9.784649e-09	1.502377e+01	5.818135e+02
2.350000e-06	1.995236e-06	9.613309e-09	1.397309e+01	5.717627e+02
2.360000e-06	1.844514e-06	9.440211e-09	1.291755e+01	5.614596e+02
2.370000e-06	1.693140e-06	9.263265e-09	1.185745e+01	5.508942e+02
2.380000e-06	1.541227e-06	9.080294e-09	1.079357e+01	5.400436e+02
2.390000e-06	1.388753e-06	8.887318e-09	9.725757e+00	5.288766e+02
2.400000e-06	1.235759e-06	8.692574e-09	8.654306e+00	5.173613e+02
2.410000e-06	1.082288e-06	8.493762e-09	7.579509e+00	5.054733e+02
2.420000e-06	9.283745e-07	8.289460e-09	6.501620e+00	4.932003e+02
2.430000e-06	7.741326e-07	8.073729e-09	5.421428e+00	4.805396e+02
2.440000e-06	6.195930e-07	7.852086e-09	4.339152e+00	4.674903e+02
2.450000e-06	4.648922e-07	7.627709e-09	3.255747e+00	4.540421e+02
2.460000e-06	3.100791e-07	7.394835e-09	2.171555e+00	4.401646e+02
2.470000e-06	1.551402e-07	7.151192e-09	1.086482e+00	4.258029e+02
2.480000e-06	1.738817e-10	6.897341e-09	1.217734e-03	4.108808e+02
2.490000e-06	-1.547708e-07	6.635324e-09	-1.083895e+00	3.953126e+02
2.500000e-06	-3.096666e-07	6.363123e-09	-2.168666e+00	3.790181e+02
2.510000e-06	-4.644071e-07	6.078002e-09	-3.252349e+00	3.619376e+02
2.520000e-06	-6.189590e-07	5.776545e-09	-4.334712e+00	3.440396e+02
2.530000e-06	-7.733483e-07	5.459542e-09	-5.415935e+00	3.253189e+02
2.540000e-06	-9.274923e-07	5.129395e-09	-6.495441e+00	3.057846e+02
2.550000e-06	-1.081282e-06	4.785077e-09	-7.572469e+00	2.854409e+02
2.560000e-06	-1.234578e-06	4.426546e-09	-8.646033e+00	2.642677e+02
2.570000e-06	-1.387343e-06	4.055194e-09	-9.715882e+00	2.422056e+02
2.580000e-06	-1.539603e-06	3.669910e-09	-1.078219e+01	2.191512e+02
2.590000e-06	-1.691328e-06	3.268704e-09	-1.184476e+01	1.949627e+02
2.600000e-06	-1.842427e-06	2.844579e-09	-1.290294e+01	1.694766e+02
2.610000e-06	-1.992851e-06	2.392148e-09	-1.395639e+01	1.425289e+02
2.620000e-06	-2.142540e-06	1.910596e-09	-1.500470e+01	1.139780e+02
2.630000e-06	-2.291375e-06	1.400587e-09	-1.604703e+01	8.372382e+01
2.640000e-06	-2.439411e-06	8.623399e-10	-1.708375e+01	5.172303e+01
2.650000e-06	-2.586700e-06	2.963925e-10	-1.811526e+01	1.799817e+01
2.660000e-06	-2.733128e-06	-2.954657e-10	-1.914072e+01	-1.735649e+01
2.670000e-06	-2.878545e-06	-9.093079e-10	-2.015911e+01	-5.417201e+01
2.680000e-06	-3.022859e-06	-1.544897e-09	-2.116977e+01	-9.220451e+01
2.690000e-06	-3.166019e-06	-2.198309e-09	-2.217236e+01	-1.311388e+02
2.700000e-06	-3.307976e-06	-2.859941e-09	-2.316652e+01	-1.705980e+02
2.710000e-06	-3.448666e-06	-3.523395e-09	-2.415180e+01	-2.101617e+02
2.720000e-06	-3.588089e-06	-4.183548e-09	-2.512821e+01	-2.493915e+02
2.730000e-06	-3.726166e-06	-4.832609e-09	-2.609519e+01	-2.878625e+02
2.740000e-06	-3.862837e-06	-5.461556e-09	-2.705233e+01	-3.251961e+02
2.750000e-06	-3.998113e-06	-6.064521e-09	-2.799970e+01	-3.610864e+02
2.760000e-06	-4.131909e-06	-6.639285e-09	-2.893670e+01	-3.953172e+02
2.770000e-06	-4.264185e-06	-7.185643e-09	-2.986306e+01	-4.277634e+02
2.780000e-06	-4.394981e-06	-7.699605e-09	-3.077906e+01	-4.583806e+02
2.790000e-06	-4.524277e-06	-8.183899e-09	-3.168455e+01	-4.871836e+02
2.800000e-06	-4.651998e-06	-8.640678e-09	-3.257901e+01	-5.142224e+02
2.810000e-06	-4.778017e-06	-9.070925e-09	-3.346155e+01	-5.395610e+02
2.820000e-06	-4.902336e-06	-9.473973e-09	-3.433218e+01	-5.632642e+02
2.830000e-06	-5.025001e-06	-9.848413e-09	-3.519123e+01	-5.853938e+02
2.840000e-06	-5.145856e-06	-1.019704e-08	-3.603761e+01	-6.060121e+02
2.850000e-06	-5.264719e-06	-1.051936e-08	-3.687003e+01	-6.251888e+02
2.860000e-06	-5.381463e-06	-1.081594e-08	-3.768762e+01	-6.430066e+02
2.870000e-06	-5.496017e-06	-1.109153e-08	-3.848987e+01	-6.595618e+02
2.880000e-06	-5.608364e-06	-1.135163e-08	-3.927666e+01	-6.749587e+02
2.890000e-06	-5.718620e-06	-1.159691e-08	-4.004881e+01	-6.893004e+02
2.900000e-06	-5.826885e-06	-1.182599e-08	-4.080701e+01	-7.026783e+02
2.910000e-06	-5.933210e-06	-1.203709e-08	-4.155163e+01	-7.151658e+02
2.920000e-06	-6.037507e-06	-1.223189e-08	-4.228205e+01	-7.268173e+02
2.930000e-06	-6.139521e-06	-1.241299e-08	-4.299648e+01	-7.376729e+02
2.940000e-06	-6.239241e-06	-1.258013e-08	-4.369483e+01	-7.477672e+02
2.950000e-06	-6.336823e-06	-1.273568e-08	-4.437823e+01	-7.571383e+02
2.960000e-06	-6.432260e-06	-1.288463e-08	-4.504659e+01	-7.658332e+02
2.970000e-06	-6.525388e-06	-1.302611e-08	-4.569879e+01	-7.739083e+02
2.980000e-06	-6.616233e-06	-1.315573e-08	-4.633500e+01	-7.814248e+02
2.990000e-06	-6.704874e-06	-1.327422e-08	-4.695577e+01	-7.884410e+02
3.000000e-06	-6.791107e-06	-1.338475e-08	-4.755968e+01	-7.950050e+02
3.010000e-06	-6.874872e-06	-1.348832e-08	-4.814631e+01	-8.011516e+02
3.020000e-06	-6.956276e-06	-1.358346e-08	-4.871640e+01	-8.069026e+02
3.030000e-06	-7.035124e-06	-1.367211e-08	-4.926859e+01	-8.122726e+02
3.040000e-06	-7.111226e-06	-1.375618e-08	-4.980154e+01	-8.172760e+02
3.050000e-06	-7.184686e-06	-1.383608e-08	-5.031600e+01	-8.219330e+02
3.060000e-06	-7.255516e-06	-1.390962e-08	-5.081204e+01	-8.262719e+02
3.070000e-06	-7.323719e-06	-1.397739e-08	-5.128968e+01	-8.303270e+02
3.080000e-06	-7.389396e-06	-1.404024e-08	-5.174963e+01	-8.341328e+02
3.090000e-06	-7.452483e-06	-1.410070e-08	-5.219145e+01	-8.377171e+02
3.100000e-06	-7.512856e-06	-1.415729e-08	-5.261425e+01	-8.410955e+02
3.110000e-06	-7.570515e-06	-1.420831e-08	-5.301805e+01	-8.442705e+02
3.120000e-06	-7.625435e-06	-1.425755e-08	-5.340267e+01	-8.472340e+02
3.130000e-06	-7.677431e-06	-1.430642e-08	-5.376681e+01	-8.499745e+02
3.140000e-06	-7.726239e-06	-1.435059e-08	-5.410862e+01	-8.524842e+02
3.150000e-06	-7.772103e-06	-1.438741e-08	-5.442982e+01	-8.547647e+02
3.160000e-06	-7.815528e-06	-1.442050e-08	-5.473394e+01	-8.568289e+02
3.170000e-06	-7.856423e-06	-1.445011e-08	-5.502033e+01	-8.586986e+02
3.180000e-06	-7.894544e-06	-1.447795e-08	-5.528730e+01	-8.603988e+02
3.190000e-06	-7.929906e-06	-1.450381e-08	-5.553495e+01	-8.619508e+02
3.200000e-06	-7.962500e-06	-1.452896e-08	-5.576321e+01	-8.633673e+02
3.210000e-06	-7.992159e-06	-1.455322e-08	-5.597092e+01	-8.646501e+02
3.220000e-06	-8.018969e-06	-1.457392e-08	-5.615868e+01	-8.657919e+02
3.230000e-06	-8.043054e-06	-1.459049e-08	-5.632735e+01	-8.667808e+02
3.240000e-06	-8.064243e-06	-1.460308e-08	-5.647574e+01	-8.676063e+02
3.250000e-06	-8.082554e-06	-1.461248e-08	-5.660398e+01	-8.682642e+02
3.260000e-06	-8.097925e-06	-1.462061e-08	-5.671163e+01	-8.687594e+02
3.270000e-06	-8.110163e-06	-1.462796e-08	-5.679733e+01	-8.691048e+02
3.280000e-06	-8.119443e-06	-1.463427e-08	-5.686232e+01	-8.693190e+02
3.290000e-06	-8.125826e-06	-1.463738e-08	-5.690702e+01	-8.694216e+02
3.300000e-06	-8.129364e-06	-1.464046e-08	-5.693180e+01	-8.694286e+02
3.310000e-06	-8.130175e-06	-1.463919e-08	-5.693748e+01	-8.693497e+02
