# Temperatura_=_51.13
# Concentracion g/m^3_=_11780.0
# C_Vs_to_Am_M_A/Vsm_=_59384043850.047264
# pendiente_HvsI_1/m_=_3716.3
# ordenada_HvsI_A/m_=_1297.0
# frecuencia_Hz_=_301499.47980281914

Tiempo_(s)	Campo_(V.s)	Magnetizacion_(V.s)	Campo_(kA/m)	Magnetizacion_(A/m)
0.000000e+00	-8.164921e-06	-1.459153e-08	-5.692918e+01	-8.665323e+02
1.000000e-08	-8.161280e-06	-1.458543e-08	-5.690379e+01	-8.663140e+02
2.000000e-08	-8.154946e-06	-1.458132e-08	-5.685963e+01	-8.659714e+02
3.000000e-08	-8.145887e-06	-1.457486e-08	-5.679646e+01	-8.655119e+02
4.000000e-08	-8.133951e-06	-1.456665e-08	-5.671324e+01	-8.649436e+02
5.000000e-08	-8.118950e-06	-1.455656e-08	-5.660865e+01	-8.642710e+02
6.000000e-08	-8.101086e-06	-1.454997e-08	-5.648409e+01	-8.634941e+02
7.000000e-08	-8.080853e-06	-1.454092e-08	-5.634302e+01	-8.626086e+02
8.000000e-08	-8.057935e-06	-1.447780e-08	-5.618322e+01	-8.616102e+02
9.000000e-08	-8.031613e-06	-1.444432e-08	-5.599970e+01	-8.604983e+02
1.000000e-07	-8.002018e-06	-1.446167e-08	-5.579335e+01	-8.592798e+02
1.100000e-07	-7.969649e-06	-1.445852e-08	-5.556766e+01	-8.579689e+02
1.200000e-07	-7.934578e-06	-1.442390e-08	-5.532313e+01	-8.565836e+02
1.300000e-07	-7.897077e-06	-1.439546e-08	-5.506166e+01	-8.551394e+02
1.400000e-07	-7.857530e-06	-1.441587e-08	-5.478592e+01	-8.536427e+02
1.500000e-07	-7.815457e-06	-1.434758e-08	-5.449257e+01	-8.520873e+02
1.600000e-07	-7.770419e-06	-1.433839e-08	-5.417855e+01	-8.504543e+02
1.700000e-07	-7.722662e-06	-1.429064e-08	-5.384556e+01	-8.487176e+02
1.800000e-07	-7.671807e-06	-1.421500e-08	-5.349099e+01	-8.468526e+02
1.900000e-07	-7.617816e-06	-1.424638e-08	-5.311453e+01	-8.448436e+02
2.000000e-07	-7.561106e-06	-1.418421e-08	-5.271913e+01	-8.426896e+02
2.100000e-07	-7.501623e-06	-1.414647e-08	-5.230439e+01	-8.404031e+02
2.200000e-07	-7.439480e-06	-1.409614e-08	-5.187111e+01	-8.380047e+02
2.300000e-07	-7.374621e-06	-1.406300e-08	-5.141888e+01	-8.355137e+02
2.400000e-07	-7.306976e-06	-1.404825e-08	-5.094723e+01	-8.329395e+02
2.500000e-07	-7.236699e-06	-1.396890e-08	-5.045723e+01	-8.302771e+02
2.600000e-07	-7.163698e-06	-1.392163e-08	-4.994824e+01	-8.275081e+02
2.700000e-07	-7.087884e-06	-1.388155e-08	-4.941963e+01	-8.246076e+02
2.800000e-07	-7.009278e-06	-1.385542e-08	-4.887156e+01	-8.215542e+02
2.900000e-07	-6.927999e-06	-1.378307e-08	-4.830485e+01	-8.183387e+02
3.000000e-07	-6.844348e-06	-1.370091e-08	-4.772160e+01	-8.149685e+02
3.100000e-07	-6.758510e-06	-1.366465e-08	-4.712310e+01	-8.114649e+02
3.200000e-07	-6.670311e-06	-1.360309e-08	-4.650814e+01	-8.078555e+02
3.300000e-07	-6.579661e-06	-1.354696e-08	-4.587609e+01	-8.041635e+02
3.400000e-07	-6.486697e-06	-1.347331e-08	-4.522791e+01	-8.003979e+02
3.500000e-07	-6.391440e-06	-1.341261e-08	-4.456374e+01	-7.965502e+02
3.600000e-07	-6.293834e-06	-1.335648e-08	-4.388319e+01	-7.925968e+02
3.700000e-07	-6.193850e-06	-1.327823e-08	-4.318606e+01	-7.885077e+02
3.800000e-07	-6.091597e-06	-1.319478e-08	-4.247311e+01	-7.842571e+02
3.900000e-07	-5.987174e-06	-1.311251e-08	-4.174503e+01	-7.798325e+02
4.000000e-07	-5.880555e-06	-1.305753e-08	-4.100164e+01	-7.752380e+02
4.100000e-07	-5.771842e-06	-1.298314e-08	-4.024365e+01	-7.704912e+02
4.200000e-07	-5.661091e-06	-1.289796e-08	-3.947145e+01	-7.656146e+02
4.300000e-07	-5.548272e-06	-1.281085e-08	-3.868482e+01	-7.606253e+02
4.400000e-07	-5.433297e-06	-1.273142e-08	-3.788317e+01	-7.555282e+02
4.500000e-07	-5.316147e-06	-1.264227e-08	-3.706636e+01	-7.503131e+02
4.600000e-07	-5.196970e-06	-1.253972e-08	-3.623540e+01	-7.449599e+02
4.700000e-07	-5.075923e-06	-1.244659e-08	-3.539141e+01	-7.394466e+02
4.800000e-07	-4.953090e-06	-1.235933e-08	-3.453497e+01	-7.337588e+02
4.900000e-07	-4.828426e-06	-1.227176e-08	-3.366577e+01	-7.278951e+02
5.000000e-07	-4.702057e-06	-1.216490e-08	-3.278467e+01	-7.218668e+02
5.100000e-07	-4.574065e-06	-1.205710e-08	-3.189226e+01	-7.156917e+02
5.200000e-07	-4.444426e-06	-1.195439e-08	-3.098836e+01	-7.093850e+02
5.300000e-07	-4.313074e-06	-1.185001e-08	-3.007252e+01	-7.029498e+02
5.400000e-07	-4.180149e-06	-1.173209e-08	-2.914572e+01	-6.963737e+02
5.500000e-07	-4.045841e-06	-1.161112e-08	-2.820926e+01	-6.896307e+02
5.600000e-07	-3.910022e-06	-1.149987e-08	-2.726228e+01	-6.826893e+02
5.700000e-07	-3.772748e-06	-1.138530e-08	-2.630515e+01	-6.755232e+02
5.800000e-07	-3.634092e-06	-1.126057e-08	-2.533838e+01	-6.681200e+02
5.900000e-07	-3.493949e-06	-1.112852e-08	-2.436124e+01	-6.604844e+02
6.000000e-07	-3.352289e-06	-1.100177e-08	-2.337353e+01	-6.526346e+02
6.100000e-07	-3.209323e-06	-1.087037e-08	-2.237672e+01	-6.445928e+02
6.200000e-07	-3.065259e-06	-1.072757e-08	-2.137224e+01	-6.363749e+02
6.300000e-07	-2.920119e-06	-1.058121e-08	-2.036027e+01	-6.279815e+02
6.400000e-07	-2.773887e-06	-1.043911e-08	-1.934067e+01	-6.193958e+02
6.500000e-07	-2.626651e-06	-1.029676e-08	-1.831409e+01	-6.105879e+02
6.600000e-07	-2.478545e-06	-1.014270e-08	-1.728143e+01	-6.015247e+02
6.700000e-07	-2.329612e-06	-9.983164e-09	-1.624301e+01	-5.921800e+02
6.800000e-07	-2.179922e-06	-9.820484e-09	-1.519931e+01	-5.825421e+02
6.900000e-07	-2.029465e-06	-9.657316e-09	-1.415026e+01	-5.726143e+02
7.000000e-07	-1.878211e-06	-9.487040e-09	-1.309566e+01	-5.624091e+02
7.100000e-07	-1.726288e-06	-9.308088e-09	-1.203639e+01	-5.519389e+02
7.200000e-07	-1.573728e-06	-9.126805e-09	-1.097268e+01	-5.412055e+02
7.300000e-07	-1.420626e-06	-8.944665e-09	-9.905185e+00	-5.301948e+02
7.400000e-07	-1.267087e-06	-8.757713e-09	-8.834651e+00	-5.188778e+02
7.500000e-07	-1.113088e-06	-8.559303e-09	-7.760904e+00	-5.072169e+02
7.600000e-07	-9.586319e-07	-8.355343e-09	-6.683974e+00	-4.951758e+02
7.700000e-07	-8.038636e-07	-8.146104e-09	-5.604867e+00	-4.827273e+02
7.800000e-07	-6.488931e-07	-7.930834e-09	-4.524348e+00	-4.698556e+02
7.900000e-07	-4.936554e-07	-7.706364e-09	-3.441968e+00	-4.565514e+02
8.000000e-07	-3.382397e-07	-7.473146e-09	-2.358346e+00	-4.428025e+02
8.100000e-07	-1.827074e-07	-7.232883e-09	-1.273911e+00	-4.285820e+02
8.200000e-07	-2.711088e-08	-6.984183e-09	-1.890282e-01	-4.138414e+02
8.300000e-07	1.284314e-07	-6.726518e-09	8.954761e-01	-3.985108e+02
8.400000e-07	2.839030e-07	-6.457057e-09	1.979488e+00	-3.825075e+02
8.500000e-07	4.392839e-07	-6.177371e-09	3.062868e+00	-3.657512e+02
8.600000e-07	5.945478e-07	-5.883359e-09	4.145431e+00	-3.481786e+02
8.700000e-07	7.496491e-07	-5.570343e-09	5.226861e+00	-3.297539e+02
8.800000e-07	9.045165e-07	-5.238951e-09	6.306660e+00	-3.104680e+02
8.900000e-07	1.059044e-06	-4.895386e-09	7.384087e+00	-2.903269e+02
9.000000e-07	1.213134e-06	-4.542606e-09	8.458467e+00	-2.693322e+02
9.100000e-07	1.366784e-06	-4.176765e-09	9.529778e+00	-2.474591e+02
9.200000e-07	1.519964e-06	-3.792243e-09	1.059781e+01	-2.246390e+02
9.300000e-07	1.672615e-06	-3.387647e-09	1.166216e+01	-2.007540e+02
9.400000e-07	1.824698e-06	-2.963750e-09	1.272254e+01	-1.756445e+02
9.500000e-07	1.976139e-06	-2.515259e-09	1.377845e+01	-1.491298e+02
9.600000e-07	2.126865e-06	-2.038245e-09	1.482938e+01	-1.210363e+02
9.700000e-07	2.276827e-06	-1.531619e-09	1.587497e+01	-9.122696e+01
9.800000e-07	2.425902e-06	-9.958554e-10	1.691438e+01	-5.962719e+01
9.900000e-07	2.574024e-06	-4.318310e-10	1.794715e+01	-2.624117e+01
1.000000e-06	2.721235e-06	1.621285e-10	1.897357e+01	8.840908e+00
1.010000e-06	2.867499e-06	7.842718e-10	1.999338e+01	4.544428e+01
1.020000e-06	3.012764e-06	1.425023e-09	2.100622e+01	8.331719e+01
1.030000e-06	3.156953e-06	2.079708e-09	2.201157e+01	1.221421e+02
1.040000e-06	3.299987e-06	2.746280e-09	2.300886e+01	1.615500e+02
1.050000e-06	3.441809e-06	3.418960e-09	2.399771e+01	2.011363e+02
1.060000e-06	3.582315e-06	4.084981e-09	2.497737e+01	2.404815e+02
1.070000e-06	3.721391e-06	4.736104e-09	2.594706e+01	2.791736e+02
1.080000e-06	3.859066e-06	5.369754e-09	2.690699e+01	3.168332e+02
1.090000e-06	3.995332e-06	5.981355e-09	2.785709e+01	3.531374e+02
1.100000e-06	4.130058e-06	6.564266e-09	2.879646e+01	3.878383e+02
1.110000e-06	4.263304e-06	7.117210e-09	2.972550e+01	4.207725e+02
1.120000e-06	4.395027e-06	7.640760e-09	3.064393e+01	4.518596e+02
1.130000e-06	4.525161e-06	8.134489e-09	3.155128e+01	4.810897e+02
1.140000e-06	4.653763e-06	8.597675e-09	3.244794e+01	5.085040e+02
1.150000e-06	4.780693e-06	9.029369e-09	3.333295e+01	5.341730e+02
1.160000e-06	4.905903e-06	9.432452e-09	3.420597e+01	5.581773e+02
1.170000e-06	5.029381e-06	9.808877e-09	3.506691e+01	5.805961e+02
1.180000e-06	5.151082e-06	1.015979e-08	3.591546e+01	6.015028e+02
1.190000e-06	5.270946e-06	1.048461e-08	3.675120e+01	6.209683e+02
1.200000e-06	5.388818e-06	1.078670e-08	3.757305e+01	6.390661e+02
1.210000e-06	5.504672e-06	1.106754e-08	3.838083e+01	6.558777e+02
1.220000e-06	5.618478e-06	1.133156e-08	3.917433e+01	6.714932e+02
1.230000e-06	5.730165e-06	1.157488e-08	3.995306e+01	6.860082e+02
1.240000e-06	5.839746e-06	1.180010e-08	4.071710e+01	6.995164e+02
1.250000e-06	5.947272e-06	1.201202e-08	4.146682e+01	7.121026e+02
1.260000e-06	6.052669e-06	1.221093e-08	4.220169e+01	7.238378e+02
1.270000e-06	6.155814e-06	1.239690e-08	4.292086e+01	7.347784e+02
1.280000e-06	6.256707e-06	1.256758e-08	4.362433e+01	7.449696e+02
1.290000e-06	6.355359e-06	1.272499e-08	4.431217e+01	7.544511e+02
1.300000e-06	6.451737e-06	1.286981e-08	4.498416e+01	7.632637e+02
1.310000e-06	6.545867e-06	1.300437e-08	4.564047e+01	7.714521e+02
1.320000e-06	6.637688e-06	1.312949e-08	4.628068e+01	7.790652e+02
1.330000e-06	6.727133e-06	1.324718e-08	4.690433e+01	7.861529e+02
1.340000e-06	6.814213e-06	1.335905e-08	4.751149e+01	7.927621e+02
1.350000e-06	6.898946e-06	1.346455e-08	4.810228e+01	7.989326e+02
1.360000e-06	6.981302e-06	1.356040e-08	4.867650e+01	8.046966e+02
1.370000e-06	7.061189e-06	1.364920e-08	4.923351e+01	8.100799e+02
1.380000e-06	7.138529e-06	1.373348e-08	4.977275e+01	8.151057e+02
1.390000e-06	7.213201e-06	1.381289e-08	5.029339e+01	8.197979e+02
1.400000e-06	7.285142e-06	1.388529e-08	5.079499e+01	8.241830e+02
1.410000e-06	7.354472e-06	1.395444e-08	5.127840e+01	8.282889e+02
1.420000e-06	7.421216e-06	1.402262e-08	5.174376e+01	8.321418e+02
1.430000e-06	7.485271e-06	1.408392e-08	5.219038e+01	8.357623e+02
1.440000e-06	7.546716e-06	1.413916e-08	5.261880e+01	8.391626e+02
1.450000e-06	7.605562e-06	1.419198e-08	5.302909e+01	8.423463e+02
1.460000e-06	7.661687e-06	1.424381e-08	5.342042e+01	8.453112e+02
1.470000e-06	7.714991e-06	1.429053e-08	5.379208e+01	8.480535e+02
1.480000e-06	7.765159e-06	1.433199e-08	5.414187e+01	8.505736e+02
1.490000e-06	7.812201e-06	1.437195e-08	5.446987e+01	8.528779e+02
1.500000e-06	7.856469e-06	1.440923e-08	5.477852e+01	8.549800e+02
1.510000e-06	7.897974e-06	1.443971e-08	5.506791e+01	8.568971e+02
1.520000e-06	7.936698e-06	1.446478e-08	5.533791e+01	8.586463e+02
1.530000e-06	7.972715e-06	1.448988e-08	5.558904e+01	8.602400e+02
1.540000e-06	8.005893e-06	1.451680e-08	5.582037e+01	8.616845e+02
1.550000e-06	8.036233e-06	1.454108e-08	5.603191e+01	8.629806e+02
1.560000e-06	8.063823e-06	1.455977e-08	5.622428e+01	8.641267e+02
1.570000e-06	8.088515e-06	1.457526e-08	5.639644e+01	8.651224e+02
1.580000e-06	8.110383e-06	1.458830e-08	5.654892e+01	8.659720e+02
1.590000e-06	8.129526e-06	1.459869e-08	5.668239e+01	8.666842e+02
1.600000e-06	8.145753e-06	1.460611e-08	5.679553e+01	8.672703e+02
1.610000e-06	8.158865e-06	1.461402e-08	5.688695e+01	8.677407e+02
1.620000e-06	8.168779e-06	1.462365e-08	5.695608e+01	8.681014e+02
1.630000e-06	8.175680e-06	1.463052e-08	5.700419e+01	8.683523e+02
1.640000e-06	8.179791e-06	1.463127e-08	5.703285e+01	8.684884e+02
1.650000e-06	8.181031e-06	1.462679e-08	5.704150e+01	8.685025e+02
1.660000e-06	8.179491e-06	1.462899e-08	5.703076e+01	8.683892e+02
1.670000e-06	8.175411e-06	1.462661e-08	5.700232e+01	8.681480e+02
1.680000e-06	8.168591e-06	1.461895e-08	5.695477e+01	8.677837e+02
1.690000e-06	8.159009e-06	1.460969e-08	5.688795e+01	8.673040e+02
1.700000e-06	8.146625e-06	1.459923e-08	5.680161e+01	8.667166e+02
1.710000e-06	8.131378e-06	1.458444e-08	5.669530e+01	8.660253e+02
1.720000e-06	8.113618e-06	1.455249e-08	5.657147e+01	8.652291e+02
1.730000e-06	8.093550e-06	1.457675e-08	5.643155e+01	8.643235e+02
1.740000e-06	8.070566e-06	1.459050e-08	5.627129e+01	8.633044e+02
1.750000e-06	8.043899e-06	1.454120e-08	5.608536e+01	8.621725e+02
1.760000e-06	8.013561e-06	1.449921e-08	5.587383e+01	8.609360e+02
1.770000e-06	7.980225e-06	1.448134e-08	5.564140e+01	8.596103e+02
1.780000e-06	7.944467e-06	1.443592e-08	5.539208e+01	8.582133e+02
1.790000e-06	7.906287e-06	1.440714e-08	5.512587e+01	8.567593e+02
1.800000e-06	7.865963e-06	1.444200e-08	5.484472e+01	8.552528e+02
1.810000e-06	7.823343e-06	1.433580e-08	5.454755e+01	8.536849e+02
1.820000e-06	7.778082e-06	1.434308e-08	5.423197e+01	8.520352e+02
1.830000e-06	7.730045e-06	1.433410e-08	5.389704e+01	8.502770e+02
1.840000e-06	7.678867e-06	1.425872e-08	5.354021e+01	8.483868e+02
1.850000e-06	7.624694e-06	1.427845e-08	5.316249e+01	8.463513e+02
1.860000e-06	7.567650e-06	1.416886e-08	5.276476e+01	8.441722e+02
1.870000e-06	7.507867e-06	1.419565e-08	5.234793e+01	8.418638e+02
1.880000e-06	7.445388e-06	1.413811e-08	5.191230e+01	8.394474e+02
1.890000e-06	7.380099e-06	1.406227e-08	5.145708e+01	8.369409e+02
1.900000e-06	7.312198e-06	1.406936e-08	5.098364e+01	8.343516e+02
1.910000e-06	7.241374e-06	1.397766e-08	5.048983e+01	8.316715e+02
1.920000e-06	7.167788e-06	1.397294e-08	4.997675e+01	8.288807e+02
1.930000e-06	7.091608e-06	1.388418e-08	4.944560e+01	8.259540e+02
1.940000e-06	7.012590e-06	1.384963e-08	4.889466e+01	8.228716e+02
1.950000e-06	6.931105e-06	1.380402e-08	4.832650e+01	8.196272e+02
1.960000e-06	6.847180e-06	1.372543e-08	4.774134e+01	8.162310e+02
1.970000e-06	6.760784e-06	1.370091e-08	4.713896e+01	8.127063e+02
1.980000e-06	6.671913e-06	1.359653e-08	4.651931e+01	8.090806e+02
1.990000e-06	6.580680e-06	1.356663e-08	4.588320e+01	8.053749e+02
2.000000e-06	6.487175e-06	1.348513e-08	4.523124e+01	8.015956e+02
2.010000e-06	6.391279e-06	1.342557e-08	4.456262e+01	7.977308e+02
2.020000e-06	6.293162e-06	1.335895e-08	4.387850e+01	7.937552e+02
2.030000e-06	6.192723e-06	1.328888e-08	4.317820e+01	7.896386e+02
2.040000e-06	6.090041e-06	1.323271e-08	4.246226e+01	7.853571e+02
2.050000e-06	5.985205e-06	1.313636e-08	4.173130e+01	7.809012e+02
2.060000e-06	5.878243e-06	1.306498e-08	4.098552e+01	7.762777e+02
2.070000e-06	5.769241e-06	1.297199e-08	4.022552e+01	7.715058e+02
2.080000e-06	5.658205e-06	1.290266e-08	3.945133e+01	7.666079e+02
2.090000e-06	5.545088e-06	1.280860e-08	3.866263e+01	7.615992e+02
2.100000e-06	5.429751e-06	1.272711e-08	3.785845e+01	7.564818e+02
2.110000e-06	5.312294e-06	1.263781e-08	3.703949e+01	7.512435e+02
2.120000e-06	5.192725e-06	1.255329e-08	3.620580e+01	7.458630e+02
2.130000e-06	5.071216e-06	1.245347e-08	3.535860e+01	7.403191e+02
2.140000e-06	4.947958e-06	1.234822e-08	3.449919e+01	7.345993e+02
2.150000e-06	4.822978e-06	1.225130e-08	3.362778e+01	7.287048e+02
2.160000e-06	4.696243e-06	1.215104e-08	3.274413e+01	7.226487e+02
2.170000e-06	4.567788e-06	1.205352e-08	3.184849e+01	7.164490e+02
2.180000e-06	4.437776e-06	1.193817e-08	3.094200e+01	7.101193e+02
2.190000e-06	4.306207e-06	1.183591e-08	3.002464e+01	7.036601e+02
2.200000e-06	4.173066e-06	1.172238e-08	2.909633e+01	6.970561e+02
2.210000e-06	4.038465e-06	1.161064e-08	2.815783e+01	6.902797e+02
2.220000e-06	3.902428e-06	1.148786e-08	2.720933e+01	6.832995e+02
2.230000e-06	3.764843e-06	1.136919e-08	2.625003e+01	6.760913e+02
2.240000e-06	3.625781e-06	1.124939e-08	2.528043e+01	6.686456e+02
2.250000e-06	3.485391e-06	1.111937e-08	2.430158e+01	6.609699e+02
2.260000e-06	3.343733e-06	1.098535e-08	2.331388e+01	6.530839e+02
2.270000e-06	3.200823e-06	1.084572e-08	2.231745e+01	6.450097e+02
2.280000e-06	3.056746e-06	1.070843e-08	2.131288e+01	6.367607e+02
2.290000e-06	2.911541e-06	1.056555e-08	2.030046e+01	6.283344e+02
2.300000e-06	2.765330e-06	1.041895e-08	1.928102e+01	6.197112e+02
2.310000e-06	2.618162e-06	1.026987e-08	1.825490e+01	6.108598e+02
2.320000e-06	2.470015e-06	1.011850e-08	1.722196e+01	6.017476e+02
2.330000e-06	2.320992e-06	9.961193e-09	1.618291e+01	5.923508e+02
2.340000e-06	2.171157e-06	9.796120e-09	1.513820e+01	5.826602e+02
2.350000e-06	2.020578e-06	9.628264e-09	1.408830e+01	5.726816e+02
2.360000e-06	1.869322e-06	9.457597e-09	1.303368e+01	5.624282e+02
2.370000e-06	1.717467e-06	9.279555e-09	1.197489e+01	5.519110e+02
2.380000e-06	1.564997e-06	9.094370e-09	1.091180e+01	5.411293e+02
2.390000e-06	1.411907e-06	8.903149e-09	9.844393e+00	5.300662e+02
2.400000e-06	1.258256e-06	8.712235e-09	8.773075e+00	5.186903e+02
2.410000e-06	1.104164e-06	8.517568e-09	7.698688e+00	5.069637e+02
2.420000e-06	9.497540e-07	8.315051e-09	6.622074e+00	4.948514e+02
2.430000e-06	7.949905e-07	8.104227e-09	5.542999e+00	4.823279e+02
2.440000e-06	6.399050e-07	7.887557e-09	4.461680e+00	4.693793e+02
2.450000e-06	4.845739e-07	7.664127e-09	3.378648e+00	4.559967e+02
2.460000e-06	3.290120e-07	7.427797e-09	2.294006e+00	4.421658e+02
2.470000e-06	1.733157e-07	7.182994e-09	1.208428e+00	4.278564e+02
2.480000e-06	1.756191e-08	6.930994e-09	1.224489e-01	4.130159e+02
2.490000e-06	-1.382143e-07	6.670400e-09	-9.636867e-01	3.975712e+02
2.500000e-06	-2.938758e-07	6.399562e-09	-2.049023e+00	3.814388e+02
2.510000e-06	-4.493513e-07	6.118157e-09	-3.133061e+00	3.645403e+02
2.520000e-06	-6.046288e-07	5.824122e-09	-4.215720e+00	3.468172e+02
2.530000e-06	-7.596730e-07	5.511430e-09	-5.296752e+00	3.282384e+02
2.540000e-06	-9.144322e-07	5.179616e-09	-6.375796e+00	3.087989e+02
2.550000e-06	-1.068833e-06	4.834807e-09	-7.452342e+00	2.885055e+02
2.560000e-06	-1.222819e-06	4.479987e-09	-8.525993e+00	2.673567e+02
2.570000e-06	-1.376332e-06	4.111179e-09	-9.596354e+00	2.453207e+02
2.580000e-06	-1.529304e-06	3.724720e-09	-1.066293e+01	2.223202e+02
2.590000e-06	-1.681648e-06	3.320835e-09	-1.172514e+01	1.982289e+02
2.600000e-06	-1.833379e-06	2.899163e-09	-1.278307e+01	1.728817e+02
2.610000e-06	-1.984480e-06	2.452561e-09	-1.383661e+01	1.460969e+02
2.620000e-06	-2.134863e-06	1.974609e-09	-1.488514e+01	1.177053e+02
2.630000e-06	-2.284497e-06	1.466171e-09	-1.592845e+01	8.757935e+01
2.640000e-06	-2.433395e-06	9.312288e-10	-1.696663e+01	5.565762e+01
2.650000e-06	-2.581507e-06	3.682971e-10	-1.799933e+01	2.195938e+01
2.660000e-06	-2.728609e-06	-2.255102e-10	-1.902498e+01	-1.340976e+01
2.670000e-06	-2.874649e-06	-8.446055e-10	-2.004323e+01	-5.026061e+01
2.680000e-06	-3.019684e-06	-1.482076e-09	-2.105448e+01	-8.832873e+01
2.690000e-06	-3.163580e-06	-2.133330e-09	-2.205778e+01	-1.272863e+02
2.700000e-06	-3.306295e-06	-2.793694e-09	-2.305284e+01	-1.667567e+02
2.710000e-06	-3.447826e-06	-3.457469e-09	-2.403966e+01	-2.063311e+02
2.720000e-06	-3.588099e-06	-4.116222e-09	-2.501769e+01	-2.455895e+02
2.730000e-06	-3.727013e-06	-4.764975e-09	-2.598626e+01	-2.841239e+02
2.740000e-06	-3.864449e-06	-5.397978e-09	-2.694452e+01	-3.215635e+02
2.750000e-06	-4.000407e-06	-6.006807e-09	-2.789248e+01	-3.575974e+02
2.760000e-06	-4.134929e-06	-6.585837e-09	-2.883042e+01	-3.919926e+02
2.770000e-06	-4.268020e-06	-7.134085e-09	-2.975838e+01	-4.246009e+02
2.780000e-06	-4.399605e-06	-7.650426e-09	-3.067585e+01	-4.553555e+02
2.790000e-06	-4.529631e-06	-8.136031e-09	-3.158244e+01	-4.842575e+02
2.800000e-06	-4.658061e-06	-8.591474e-09	-3.247791e+01	-5.113547e+02
2.810000e-06	-4.784822e-06	-9.020350e-09	-3.336174e+01	-5.367207e+02
2.820000e-06	-4.909923e-06	-9.423762e-09	-3.423399e+01	-5.604365e+02
2.830000e-06	-5.033296e-06	-9.799555e-09	-3.509420e+01	-5.825802e+02
2.840000e-06	-5.154846e-06	-1.014944e-08	-3.594170e+01	-6.032246e+02
2.850000e-06	-5.274458e-06	-1.047254e-08	-3.677569e+01	-6.224405e+02
2.860000e-06	-5.392037e-06	-1.077104e-08	-3.759549e+01	-6.403027e+02
2.870000e-06	-5.507440e-06	-1.105062e-08	-3.840013e+01	-6.568941e+02
2.880000e-06	-5.620553e-06	-1.131333e-08	-3.918880e+01	-6.723063e+02
2.890000e-06	-5.731512e-06	-1.155586e-08	-3.996245e+01	-6.866350e+02
2.900000e-06	-5.840414e-06	-1.178031e-08	-4.072176e+01	-6.999729e+02
2.910000e-06	-5.947369e-06	-1.198980e-08	-4.146750e+01	-7.124027e+02
2.920000e-06	-6.052362e-06	-1.218548e-08	-4.219955e+01	-7.239925e+02
2.930000e-06	-6.155184e-06	-1.236628e-08	-4.291646e+01	-7.347964e+02
2.940000e-06	-6.255755e-06	-1.253195e-08	-4.361769e+01	-7.448582e+02
2.950000e-06	-6.354107e-06	-1.268868e-08	-4.430344e+01	-7.542175e+02
2.960000e-06	-6.450270e-06	-1.283975e-08	-4.497393e+01	-7.629155e+02
2.970000e-06	-6.544116e-06	-1.298036e-08	-4.562826e+01	-7.709977e+02
2.980000e-06	-6.635584e-06	-1.310828e-08	-4.626601e+01	-7.785136e+02
2.990000e-06	-6.724754e-06	-1.322729e-08	-4.688774e+01	-7.855128e+02
3.000000e-06	-6.811603e-06	-1.333775e-08	-4.749329e+01	-7.920412e+02
3.010000e-06	-6.896051e-06	-1.343976e-08	-4.808209e+01	-7.981372e+02
3.020000e-06	-6.978106e-06	-1.353368e-08	-4.865422e+01	-8.038317e+02
3.030000e-06	-7.057689e-06	-1.362211e-08	-4.920910e+01	-8.091497e+02
3.040000e-06	-7.134496e-06	-1.370601e-08	-4.974463e+01	-8.141144e+02
3.050000e-06	-7.208530e-06	-1.378455e-08	-5.026083e+01	-8.187500e+02
3.060000e-06	-7.279945e-06	-1.385866e-08	-5.075876e+01	-8.230834e+02
3.070000e-06	-7.348723e-06	-1.392903e-08	-5.123831e+01	-8.271426e+02
3.080000e-06	-7.414943e-06	-1.399316e-08	-5.170002e+01	-8.309529e+02
3.090000e-06	-7.478601e-06	-1.405187e-08	-5.214387e+01	-8.345337e+02
3.100000e-06	-7.539543e-06	-1.410777e-08	-5.256879e+01	-8.378955e+02
3.110000e-06	-7.597780e-06	-1.415932e-08	-5.297484e+01	-8.410407e+02
3.120000e-06	-7.653233e-06	-1.420738e-08	-5.336148e+01	-8.439663e+02
3.130000e-06	-7.705719e-06	-1.425348e-08	-5.372744e+01	-8.466690e+02
3.140000e-06	-7.755130e-06	-1.429729e-08	-5.407195e+01	-8.491500e+02
3.150000e-06	-7.801562e-06	-1.433618e-08	-5.439569e+01	-8.514174e+02
3.160000e-06	-7.845408e-06	-1.437015e-08	-5.470140e+01	-8.534853e+02
3.170000e-06	-7.886774e-06	-1.440079e-08	-5.498982e+01	-8.553715e+02
3.180000e-06	-7.925361e-06	-1.442929e-08	-5.525887e+01	-8.570924e+02
3.190000e-06	-7.961140e-06	-1.445469e-08	-5.550833e+01	-8.586595e+02
3.200000e-06	-7.994207e-06	-1.448009e-08	-5.573889e+01	-8.600778e+02
3.210000e-06	-8.024327e-06	-1.450496e-08	-5.594890e+01	-8.613475e+02
3.220000e-06	-8.051520e-06	-1.452564e-08	-5.613850e+01	-8.624669e+02
3.230000e-06	-8.075978e-06	-1.454254e-08	-5.630903e+01	-8.634363e+02
3.240000e-06	-8.097579e-06	-1.455717e-08	-5.645964e+01	-8.642609e+02
3.250000e-06	-8.116304e-06	-1.456850e-08	-5.659020e+01	-8.649499e+02
3.260000e-06	-8.132149e-06	-1.457761e-08	-5.670068e+01	-8.655149e+02
3.270000e-06	-8.144835e-06	-1.458509e-08	-5.678913e+01	-8.659657e+02
3.280000e-06	-8.154469e-06	-1.459090e-08	-5.685630e+01	-8.663072e+02
3.290000e-06	-8.161215e-06	-1.459662e-08	-5.690334e+01	-8.665384e+02
3.300000e-06	-8.165073e-06	-1.460081e-08	-5.693024e+01	-8.666535e+02
3.310000e-06	-8.166175e-06	-1.460133e-08	-5.693792e+01	-8.666453e+02
