# Temperatura_=_55.52
# Concentracion g/m^3_=_11780.0
# C_Vs_to_Am_M_A/Vsm_=_59384043850.047264
# pendiente_HvsI_1/m_=_3716.3
# ordenada_HvsI_A/m_=_1297.0
# frecuencia_Hz_=_301499.7632834418

Tiempo_(s)	Campo_(V.s)	Magnetizacion_(V.s)	Campo_(kA/m)	Magnetizacion_(A/m)
0.000000e+00	-8.145933e-06	-1.466289e-08	-5.692676e+01	-8.710693e+02
1.000000e-08	-8.142045e-06	-1.465693e-08	-5.689959e+01	-8.708790e+02
2.000000e-08	-8.135489e-06	-1.465380e-08	-5.685377e+01	-8.706261e+02
3.000000e-08	-8.126177e-06	-1.465099e-08	-5.678870e+01	-8.702815e+02
4.000000e-08	-8.114000e-06	-1.464597e-08	-5.670360e+01	-8.698103e+02
5.000000e-08	-8.098849e-06	-1.463786e-08	-5.659772e+01	-8.691838e+02
6.000000e-08	-8.080907e-06	-1.463413e-08	-5.647234e+01	-8.683901e+02
7.000000e-08	-8.060485e-06	-1.461368e-08	-5.632962e+01	-8.674383e+02
8.000000e-08	-8.037186e-06	-1.454927e-08	-5.616679e+01	-8.663554e+02
9.000000e-08	-8.010544e-06	-1.453068e-08	-5.598061e+01	-8.651769e+02
1.000000e-07	-7.980779e-06	-1.454752e-08	-5.577260e+01	-8.639354e+02
1.100000e-07	-7.948191e-06	-1.452841e-08	-5.554487e+01	-8.626497e+02
1.200000e-07	-7.912901e-06	-1.448795e-08	-5.529825e+01	-8.613206e+02
1.300000e-07	-7.875306e-06	-1.448791e-08	-5.503552e+01	-8.599314e+02
1.400000e-07	-7.835604e-06	-1.449225e-08	-5.475807e+01	-8.584554e+02
1.500000e-07	-7.793344e-06	-1.441129e-08	-5.446274e+01	-8.568657e+02
1.600000e-07	-7.748215e-06	-1.442294e-08	-5.414736e+01	-8.551439e+02
1.700000e-07	-7.700305e-06	-1.435227e-08	-5.381255e+01	-8.532850e+02
1.800000e-07	-7.649224e-06	-1.429034e-08	-5.345558e+01	-8.512964e+02
1.900000e-07	-7.595034e-06	-1.430489e-08	-5.307688e+01	-8.491934e+02
2.000000e-07	-7.538112e-06	-1.423350e-08	-5.267909e+01	-8.469913e+02
2.100000e-07	-7.478456e-06	-1.421984e-08	-5.226218e+01	-8.446987e+02
2.200000e-07	-7.416208e-06	-1.417058e-08	-5.182718e+01	-8.423149e+02
2.300000e-07	-7.351278e-06	-1.415216e-08	-5.137342e+01	-8.398297e+02
2.400000e-07	-7.283626e-06	-1.410846e-08	-5.090064e+01	-8.372287e+02
2.500000e-07	-7.213317e-06	-1.402836e-08	-5.040930e+01	-8.344980e+02
2.600000e-07	-7.140269e-06	-1.398008e-08	-4.989881e+01	-8.316296e+02
2.700000e-07	-7.064413e-06	-1.393170e-08	-4.936870e+01	-8.286234e+02
2.800000e-07	-6.985726e-06	-1.390240e-08	-4.881881e+01	-8.254855e+02
2.900000e-07	-6.904393e-06	-1.382902e-08	-4.825042e+01	-8.222252e+02
3.000000e-07	-6.820709e-06	-1.377857e-08	-4.766561e+01	-8.188506e+02
3.100000e-07	-6.734788e-06	-1.373483e-08	-4.706516e+01	-8.153655e+02
3.200000e-07	-6.646521e-06	-1.366647e-08	-4.644832e+01	-8.117684e+02
3.300000e-07	-6.555848e-06	-1.360113e-08	-4.581466e+01	-8.080541e+02
3.400000e-07	-6.462877e-06	-1.352237e-08	-4.516495e+01	-8.042163e+02
3.500000e-07	-6.367581e-06	-1.345962e-08	-4.449899e+01	-8.002503e+02
3.600000e-07	-6.269872e-06	-1.339733e-08	-4.381616e+01	-7.961544e+02
3.700000e-07	-6.169868e-06	-1.332918e-08	-4.311729e+01	-7.919294e+02
3.800000e-07	-6.067670e-06	-1.324909e-08	-4.240309e+01	-7.875769e+02
3.900000e-07	-5.963291e-06	-1.317538e-08	-4.167366e+01	-7.830967e+02
4.000000e-07	-5.856788e-06	-1.310948e-08	-4.092938e+01	-7.784855e+02
4.100000e-07	-5.748234e-06	-1.302605e-08	-4.017077e+01	-7.737371e+02
4.200000e-07	-5.637620e-06	-1.293689e-08	-3.939775e+01	-7.688441e+02
4.300000e-07	-5.524863e-06	-1.284988e-08	-3.860976e+01	-7.638004e+02
4.400000e-07	-5.409928e-06	-1.277016e-08	-3.780655e+01	-7.586036e+02
4.500000e-07	-5.292858e-06	-1.268321e-08	-3.698843e+01	-7.532557e+02
4.600000e-07	-5.173795e-06	-1.258798e-08	-3.615637e+01	-7.477619e+02
4.700000e-07	-5.052890e-06	-1.249094e-08	-3.531144e+01	-7.421281e+02
4.800000e-07	-4.930161e-06	-1.239814e-08	-3.445377e+01	-7.363577e+02
4.900000e-07	-4.805625e-06	-1.230258e-08	-3.358346e+01	-7.304498e+02
5.000000e-07	-4.679397e-06	-1.219789e-08	-3.270133e+01	-7.243980e+02
5.100000e-07	-4.551566e-06	-1.209006e-08	-3.180800e+01	-7.181922e+02
5.200000e-07	-4.422105e-06	-1.198744e-08	-3.090329e+01	-7.118212e+02
5.300000e-07	-4.290887e-06	-1.188113e-08	-2.998629e+01	-7.052755e+02
5.400000e-07	-4.158056e-06	-1.176326e-08	-2.905802e+01	-6.985487e+02
5.500000e-07	-4.023824e-06	-1.164076e-08	-2.811995e+01	-6.916382e+02
5.600000e-07	-3.888144e-06	-1.152344e-08	-2.717177e+01	-6.845430e+02
5.700000e-07	-3.751035e-06	-1.140658e-08	-2.621360e+01	-6.772619e+02
5.800000e-07	-3.612512e-06	-1.128174e-08	-2.524555e+01	-6.697910e+02
5.900000e-07	-3.472539e-06	-1.115179e-08	-2.426738e+01	-6.621235e+02
6.000000e-07	-3.331125e-06	-1.102089e-08	-2.327912e+01	-6.542503e+02
6.100000e-07	-3.188378e-06	-1.088816e-08	-2.228155e+01	-6.461623e+02
6.200000e-07	-3.044459e-06	-1.074540e-08	-2.127579e+01	-6.378529e+02
6.300000e-07	-2.899424e-06	-1.059838e-08	-2.026223e+01	-6.293193e+02
6.400000e-07	-2.753389e-06	-1.045242e-08	-1.924169e+01	-6.205624e+02
6.500000e-07	-2.606402e-06	-1.030985e-08	-1.821449e+01	-6.115840e+02
6.600000e-07	-2.458509e-06	-1.015925e-08	-1.718096e+01	-6.023842e+02
6.700000e-07	-2.309838e-06	-9.997587e-09	-1.614199e+01	-5.929576e+02
6.800000e-07	-2.160377e-06	-9.829398e-09	-1.509751e+01	-5.832922e+02
6.900000e-07	-2.010115e-06	-9.661673e-09	-1.404742e+01	-5.733692e+02
7.000000e-07	-1.859191e-06	-9.494247e-09	-1.299271e+01	-5.631667e+02
7.100000e-07	-1.707633e-06	-9.316773e-09	-1.193356e+01	-5.526625e+02
7.200000e-07	-1.555353e-06	-9.133615e-09	-1.086937e+01	-5.418383e+02
7.300000e-07	-1.402492e-06	-8.948798e-09	-9.801130e+00	-5.306817e+02
7.400000e-07	-1.249184e-06	-8.761766e-09	-8.729758e+00	-5.191855e+02
7.500000e-07	-1.095440e-06	-8.562986e-09	-7.655332e+00	-5.073451e+02
7.600000e-07	-9.412915e-07	-8.353539e-09	-6.578089e+00	-4.951536e+02
7.700000e-07	-7.867987e-07	-8.138705e-09	-5.498437e+00	-4.825977e+02
7.800000e-07	-6.320044e-07	-7.922958e-09	-4.416678e+00	-4.696536e+02
7.900000e-07	-4.770062e-07	-7.701933e-09	-3.333493e+00	-4.562854e+02
8.000000e-07	-3.218547e-07	-7.467477e-09	-2.249239e+00	-4.424461e+02
8.100000e-07	-1.665656e-07	-7.223699e-09	-1.164021e+00	-4.280803e+02
8.200000e-07	-1.120242e-08	-6.974434e-09	-7.828658e-02	-4.131287e+02
8.300000e-07	1.441636e-07	-6.715308e-09	1.007468e+00	-3.975322e+02
8.400000e-07	2.994772e-07	-6.438233e-09	2.092856e+00	-3.812366e+02
8.500000e-07	4.546723e-07	-6.149248e-09	3.177416e+00	-3.641959e+02
8.600000e-07	6.096447e-07	-5.851321e-09	4.260420e+00	-3.463731e+02
8.700000e-07	7.643765e-07	-5.538887e-09	5.341743e+00	-3.277401e+02
8.800000e-07	9.188219e-07	-5.207374e-09	6.421063e+00	-3.082739e+02
8.900000e-07	1.072919e-06	-4.862128e-09	7.497952e+00	-2.879508e+02
9.000000e-07	1.226671e-06	-4.507592e-09	8.572427e+00	-2.667377e+02
9.100000e-07	1.380003e-06	-4.137210e-09	9.643966e+00	-2.445831e+02
9.200000e-07	1.532800e-06	-3.744605e-09	1.071177e+01	-2.214087e+02
9.300000e-07	1.685019e-06	-3.329278e-09	1.177553e+01	-1.971055e+02
9.400000e-07	1.836667e-06	-2.897178e-09	1.283530e+01	-1.715355e+02
9.500000e-07	1.987595e-06	-2.442807e-09	1.389004e+01	-1.445420e+02
9.600000e-07	2.137694e-06	-1.958207e-09	1.493899e+01	-1.159673e+02
9.700000e-07	2.286999e-06	-1.443183e-09	1.598238e+01	-8.567737e+01
9.800000e-07	2.435534e-06	-9.007970e-10	1.702040e+01	-5.358804e+01
9.900000e-07	2.583253e-06	-3.314124e-10	1.805272e+01	-1.968980e+01
1.000000e-06	2.730033e-06	2.717075e-10	1.907847e+01	1.593497e+01
1.010000e-06	2.875847e-06	9.041470e-10	2.009747e+01	5.310490e+01
1.020000e-06	3.020698e-06	1.553361e-09	2.110974e+01	9.154438e+01
1.030000e-06	3.164470e-06	2.214786e-09	2.211447e+01	1.308993e+02
1.040000e-06	3.307001e-06	2.889235e-09	2.311053e+01	1.707609e+02
1.050000e-06	3.448300e-06	3.569000e-09	2.409798e+01	2.106944e+02
1.060000e-06	3.588289e-06	4.238660e-09	2.507628e+01	2.502667e+02
1.070000e-06	3.726901e-06	4.890014e-09	2.604495e+01	2.890730e+02
1.080000e-06	3.864150e-06	5.523939e-09	2.700409e+01	3.267563e+02
1.090000e-06	3.999868e-06	6.137129e-09	2.795254e+01	3.630222e+02
1.100000e-06	4.134081e-06	6.719366e-09	2.889047e+01	3.976471e+02
1.110000e-06	4.266871e-06	7.268615e-09	2.981846e+01	4.304806e+02
1.120000e-06	4.398189e-06	7.788167e-09	3.073615e+01	4.614423e+02
1.130000e-06	4.527943e-06	8.280697e-09	3.164292e+01	4.905146e+02
1.140000e-06	4.655990e-06	8.742375e-09	3.253776e+01	5.177302e+02
1.150000e-06	4.782387e-06	9.168563e-09	3.342107e+01	5.431586e+02
1.160000e-06	4.907200e-06	9.563602e-09	3.429331e+01	5.668899e+02
1.170000e-06	5.030312e-06	9.935066e-09	3.515366e+01	5.890219e+02
1.180000e-06	5.151659e-06	1.028262e-08	3.600167e+01	6.096501e+02
1.190000e-06	5.271115e-06	1.060214e-08	3.683648e+01	6.288622e+02
1.200000e-06	5.388596e-06	1.089806e-08	3.765748e+01	6.467387e+02
1.210000e-06	5.504031e-06	1.117722e-08	3.846418e+01	6.633561e+02
1.220000e-06	5.617262e-06	1.144081e-08	3.925548e+01	6.787923e+02
1.230000e-06	5.728367e-06	1.168133e-08	4.003192e+01	6.931297e+02
1.240000e-06	5.837499e-06	1.190128e-08	4.079458e+01	7.064556e+02
1.250000e-06	5.944663e-06	1.210840e-08	4.154348e+01	7.188585e+02
1.260000e-06	6.049656e-06	1.230609e-08	4.227721e+01	7.304215e+02
1.270000e-06	6.152408e-06	1.249086e-08	4.299528e+01	7.412162e+02
1.280000e-06	6.252962e-06	1.265865e-08	4.369799e+01	7.512979e+02
1.290000e-06	6.351210e-06	1.281546e-08	4.438458e+01	7.607060e+02
1.300000e-06	6.447077e-06	1.296126e-08	4.505453e+01	7.694686e+02
1.310000e-06	6.540705e-06	1.309353e-08	4.570884e+01	7.776097e+02
1.320000e-06	6.632135e-06	1.321490e-08	4.634779e+01	7.851577e+02
1.330000e-06	6.721196e-06	1.333123e-08	4.697018e+01	7.921505e+02
1.340000e-06	6.807878e-06	1.344427e-08	4.757594e+01	7.986369e+02
1.350000e-06	6.892254e-06	1.354921e-08	4.816559e+01	8.046718e+02
1.360000e-06	6.974194e-06	1.364169e-08	4.873822e+01	8.103097e+02
1.370000e-06	7.053588e-06	1.372721e-08	4.929305e+01	8.155970e+02
1.380000e-06	7.130388e-06	1.381035e-08	4.982976e+01	8.205664e+02
1.390000e-06	7.204454e-06	1.388878e-08	5.034736e+01	8.252367e+02
1.400000e-06	7.275864e-06	1.395966e-08	5.084640e+01	8.296162e+02
1.410000e-06	7.344801e-06	1.402748e-08	5.132816e+01	8.337100e+02
1.420000e-06	7.411124e-06	1.409608e-08	5.179165e+01	8.375261e+02
1.430000e-06	7.474753e-06	1.415796e-08	5.223631e+01	8.410798e+02
1.440000e-06	7.535858e-06	1.421237e-08	5.266333e+01	8.443932e+02
1.450000e-06	7.594346e-06	1.426416e-08	5.307207e+01	8.474909e+02
1.460000e-06	7.650128e-06	1.431499e-08	5.346189e+01	8.503934e+02
1.470000e-06	7.702947e-06	1.436064e-08	5.383101e+01	8.531120e+02
1.480000e-06	7.752549e-06	1.440169e-08	5.417765e+01	8.556465e+02
1.490000e-06	7.799174e-06	1.444033e-08	5.450348e+01	8.579883e+02
1.500000e-06	7.843082e-06	1.447691e-08	5.481033e+01	8.601267e+02
1.510000e-06	7.884227e-06	1.451037e-08	5.509786e+01	8.620564e+02
1.520000e-06	7.922551e-06	1.453796e-08	5.536569e+01	8.637837e+02
1.530000e-06	7.958158e-06	1.456356e-08	5.561452e+01	8.653268e+02
1.540000e-06	7.990961e-06	1.458996e-08	5.584376e+01	8.667127e+02
1.550000e-06	8.020978e-06	1.461428e-08	5.605353e+01	8.679679e+02
1.560000e-06	8.048232e-06	1.463253e-08	5.624399e+01	8.691105e+02
1.570000e-06	8.072539e-06	1.464658e-08	5.641385e+01	8.701436e+02
1.580000e-06	8.094022e-06	1.465962e-08	5.656399e+01	8.710548e+02
1.590000e-06	8.112788e-06	1.467279e-08	5.669513e+01	8.718223e+02
1.600000e-06	8.128624e-06	1.468263e-08	5.680580e+01	8.724237e+02
1.610000e-06	8.141389e-06	1.468896e-08	5.689501e+01	8.728472e+02
1.620000e-06	8.150997e-06	1.469610e-08	5.696215e+01	8.730980e+02
1.630000e-06	8.157602e-06	1.470218e-08	5.700830e+01	8.731991e+02
1.640000e-06	8.161415e-06	1.470127e-08	5.703495e+01	8.731852e+02
1.650000e-06	8.162352e-06	1.469439e-08	5.704150e+01	8.730915e+02
1.660000e-06	8.160543e-06	1.469467e-08	5.702886e+01	8.729420e+02
1.670000e-06	8.156107e-06	1.469196e-08	5.699786e+01	8.727416e+02
1.680000e-06	8.148922e-06	1.468530e-08	5.694765e+01	8.724745e+02
1.690000e-06	8.139073e-06	1.467784e-08	5.687882e+01	8.721095e+02
1.700000e-06	8.126428e-06	1.466761e-08	5.679045e+01	8.716120e+02
1.710000e-06	8.110932e-06	1.464943e-08	5.668216e+01	8.709556e+02
1.720000e-06	8.092998e-06	1.462209e-08	5.655683e+01	8.701321e+02
1.730000e-06	8.072746e-06	1.466156e-08	5.641530e+01	8.691542e+02
1.740000e-06	8.049451e-06	1.465503e-08	5.625251e+01	8.680512e+02
1.750000e-06	8.022397e-06	1.459566e-08	5.606345e+01	8.668590e+02
1.760000e-06	7.991758e-06	1.457168e-08	5.584933e+01	8.656084e+02
1.770000e-06	7.958213e-06	1.455939e-08	5.561490e+01	8.643152e+02
1.780000e-06	7.922232e-06	1.448589e-08	5.536345e+01	8.629766e+02
1.790000e-06	7.883934e-06	1.449287e-08	5.509581e+01	8.615737e+02
1.800000e-06	7.843502e-06	1.451057e-08	5.481326e+01	8.600789e+02
1.810000e-06	7.800629e-06	1.439508e-08	5.451365e+01	8.584663e+02
1.820000e-06	7.755075e-06	1.445010e-08	5.419530e+01	8.567197e+02
1.830000e-06	7.706802e-06	1.439572e-08	5.385795e+01	8.548364e+02
1.840000e-06	7.655454e-06	1.436132e-08	5.349911e+01	8.528259e+02
1.850000e-06	7.601114e-06	1.435149e-08	5.311937e+01	8.507039e+02
1.860000e-06	7.543938e-06	1.424259e-08	5.271980e+01	8.484848e+02
1.870000e-06	7.484124e-06	1.427439e-08	5.230180e+01	8.461760e+02
1.880000e-06	7.421634e-06	1.418361e-08	5.186509e+01	8.437747e+02
1.890000e-06	7.356347e-06	1.416397e-08	5.140884e+01	8.412696e+02
1.900000e-06	7.288381e-06	1.414019e-08	5.093387e+01	8.386460e+02
1.910000e-06	7.217528e-06	1.406805e-08	5.043872e+01	8.358908e+02
1.920000e-06	7.143945e-06	1.405502e-08	4.992450e+01	8.329973e+02
1.930000e-06	7.067675e-06	1.395673e-08	4.939150e+01	8.299666e+02
1.940000e-06	6.988624e-06	1.393254e-08	4.883906e+01	8.268058e+02
1.950000e-06	6.907043e-06	1.384946e-08	4.826894e+01	8.235243e+02
1.960000e-06	6.822981e-06	1.380434e-08	4.768148e+01	8.201296e+02
1.970000e-06	6.736473e-06	1.376782e-08	4.707693e+01	8.166244e+02
1.980000e-06	6.647555e-06	1.368007e-08	4.645554e+01	8.130065e+02
1.990000e-06	6.556331e-06	1.364338e-08	4.581804e+01	8.092703e+02
2.000000e-06	6.462824e-06	1.355539e-08	4.516458e+01	8.054095e+02
2.010000e-06	6.367001e-06	1.350542e-08	4.449493e+01	8.014200e+02
2.020000e-06	6.268935e-06	1.341694e-08	4.380961e+01	7.973006e+02
2.030000e-06	6.168604e-06	1.335323e-08	4.310846e+01	7.930524e+02
2.040000e-06	6.066028e-06	1.328067e-08	4.239162e+01	7.886769e+02
2.050000e-06	5.961226e-06	1.320468e-08	4.165923e+01	7.841733e+02
2.060000e-06	5.854328e-06	1.313165e-08	4.091218e+01	7.795378e+02
2.070000e-06	5.745394e-06	1.304155e-08	4.015092e+01	7.747638e+02
2.080000e-06	5.634387e-06	1.296866e-08	3.937515e+01	7.698439e+02
2.090000e-06	5.521218e-06	1.287519e-08	3.858429e+01	7.647726e+02
2.100000e-06	5.405875e-06	1.278991e-08	3.777823e+01	7.595483e+02
2.110000e-06	5.288474e-06	1.268684e-08	3.695779e+01	7.541736e+02
2.120000e-06	5.169025e-06	1.260266e-08	3.612304e+01	7.486540e+02
2.130000e-06	5.047686e-06	1.250615e-08	3.527508e+01	7.429953e+02
2.140000e-06	4.924531e-06	1.241453e-08	3.441443e+01	7.372003e+02
2.150000e-06	4.799594e-06	1.231059e-08	3.354132e+01	7.312670e+02
2.160000e-06	4.672911e-06	1.220981e-08	3.265601e+01	7.251881e+02
2.170000e-06	4.544556e-06	1.210427e-08	3.175902e+01	7.189534e+02
2.180000e-06	4.414606e-06	1.199214e-08	3.085088e+01	7.125515e+02
2.190000e-06	4.283069e-06	1.187953e-08	2.993165e+01	7.059734e+02
2.200000e-06	4.150057e-06	1.176365e-08	2.900212e+01	6.992137e+02
2.210000e-06	4.015581e-06	1.165579e-08	2.806235e+01	6.922699e+02
2.220000e-06	3.879604e-06	1.153725e-08	2.711209e+01	6.851413e+02
2.230000e-06	3.742145e-06	1.141669e-08	2.615148e+01	6.778263e+02
2.240000e-06	3.603282e-06	1.128790e-08	2.518105e+01	6.703206e+02
2.250000e-06	3.463080e-06	1.116001e-08	2.420127e+01	6.626168e+02
2.260000e-06	3.321652e-06	1.102410e-08	2.321292e+01	6.547055e+02
2.270000e-06	3.178946e-06	1.088488e-08	2.221564e+01	6.465780e+02
2.280000e-06	3.035053e-06	1.073966e-08	2.121006e+01	6.382283e+02
2.290000e-06	2.890108e-06	1.059583e-08	2.019713e+01	6.296544e+02
2.300000e-06	2.744082e-06	1.044747e-08	1.917665e+01	6.208575e+02
2.310000e-06	2.597099e-06	1.029503e-08	1.814948e+01	6.118394e+02
2.320000e-06	2.449220e-06	1.013934e-08	1.711605e+01	6.025993e+02
2.330000e-06	2.300416e-06	9.982709e-09	1.607615e+01	5.931309e+02
2.340000e-06	2.150832e-06	9.822009e-09	1.503080e+01	5.834206e+02
2.350000e-06	2.000539e-06	9.652042e-09	1.398050e+01	5.734491e+02
2.360000e-06	1.849452e-06	9.474883e-09	1.292465e+01	5.631939e+02
2.370000e-06	1.697747e-06	9.294351e-09	1.186448e+01	5.526335e+02
2.380000e-06	1.545529e-06	9.110743e-09	1.080072e+01	5.417503e+02
2.390000e-06	1.392755e-06	8.918344e-09	9.733083e+00	5.305332e+02
2.400000e-06	1.239460e-06	8.723332e-09	8.661802e+00	5.189755e+02
2.410000e-06	1.085656e-06	8.526181e-09	7.586963e+00	5.070727e+02
2.420000e-06	9.314054e-07	8.326115e-09	6.509002e+00	4.948171e+02
2.430000e-06	7.768659e-07	8.111658e-09	5.429023e+00	4.821936e+02
2.440000e-06	6.221015e-07	7.887154e-09	4.347473e+00	4.691764e+02
2.450000e-06	4.671795e-07	7.658680e-09	3.264821e+00	4.557275e+02
2.460000e-06	3.121142e-07	7.424799e-09	2.181168e+00	4.417981e+02
2.470000e-06	1.568890e-07	7.180593e-09	1.096398e+00	4.273318e+02
2.480000e-06	1.623570e-09	6.924388e-09	1.134610e-02	4.122689e+02
2.490000e-06	-1.536081e-07	6.660325e-09	-1.073470e+00	3.965510e+02
2.500000e-06	-3.087624e-07	6.387795e-09	-2.157745e+00	3.801252e+02
2.510000e-06	-4.638234e-07	6.102777e-09	-3.241367e+00	3.629469e+02
2.520000e-06	-6.187334e-07	5.799664e-09	-4.323935e+00	3.449810e+02
2.530000e-06	-7.733960e-07	5.479666e-09	-5.404774e+00	3.262005e+02
2.540000e-06	-9.277329e-07	5.146854e-09	-6.483337e+00	3.065829e+02
2.550000e-06	-1.081712e-06	4.802224e-09	-7.559398e+00	2.861034e+02
2.560000e-06	-1.235286e-06	4.441019e-09	-8.632632e+00	2.647263e+02
2.570000e-06	-1.388384e-06	4.063819e-09	-9.702535e+00	2.423958e+02
2.580000e-06	-1.540943e-06	3.673076e-09	-1.076868e+01	2.190284e+02
2.590000e-06	-1.692935e-06	3.266663e-09	-1.183085e+01	1.945095e+02
2.600000e-06	-1.844360e-06	2.836013e-09	-1.288906e+01	1.686969e+02
2.610000e-06	-1.995151e-06	2.377390e-09	-1.394285e+01	1.414319e+02
2.620000e-06	-2.145185e-06	1.893222e-09	-1.499134e+01	1.125593e+02
2.630000e-06	-2.294435e-06	1.381204e-09	-1.603435e+01	8.195202e+01
2.640000e-06	-2.442898e-06	8.354340e-10	-1.707187e+01	4.953758e+01
2.650000e-06	-2.590475e-06	2.570342e-10	-1.810319e+01	1.532185e+01
2.660000e-06	-2.737133e-06	-3.468521e-10	-1.912808e+01	-2.059532e+01
2.670000e-06	-2.882770e-06	-9.724226e-10	-2.014585e+01	-5.801502e+01
2.680000e-06	-3.027345e-06	-1.619224e-09	-2.115620e+01	-9.664618e+01
2.690000e-06	-3.170861e-06	-2.282020e-09	-2.215914e+01	-1.361230e+02
2.700000e-06	-3.313209e-06	-2.948577e-09	-2.315391e+01	-1.760300e+02
2.710000e-06	-3.454244e-06	-3.614759e-09	-2.413952e+01	-2.159305e+02
2.720000e-06	-3.593942e-06	-4.278040e-09	-2.511578e+01	-2.553950e+02
2.730000e-06	-3.732322e-06	-4.932429e-09	-2.608283e+01	-2.940256e+02
2.740000e-06	-3.869316e-06	-5.566298e-09	-2.704019e+01	-3.314757e+02
2.750000e-06	-4.004899e-06	-6.171273e-09	-2.798770e+01	-3.674632e+02
2.760000e-06	-4.139002e-06	-6.748078e-09	-2.892486e+01	-4.017775e+02
2.770000e-06	-4.271589e-06	-7.295787e-09	-2.985142e+01	-4.342810e+02
2.780000e-06	-4.402661e-06	-7.810696e-09	-3.076741e+01	-4.649053e+02
2.790000e-06	-4.532213e-06	-8.290607e-09	-3.167276e+01	-4.936427e+02
2.800000e-06	-4.660207e-06	-8.742718e-09	-3.256723e+01	-5.205336e+02
2.810000e-06	-4.786565e-06	-9.172875e-09	-3.345027e+01	-5.456522e+02
2.820000e-06	-4.911191e-06	-9.573969e-09	-3.432120e+01	-5.690911e+02
2.830000e-06	-5.034031e-06	-9.942682e-09	-3.517965e+01	-5.909481e+02
2.840000e-06	-5.155111e-06	-1.028410e-08	-3.602580e+01	-6.113175e+02
2.850000e-06	-5.274223e-06	-1.060391e-08	-3.685820e+01	-6.302858e+02
2.860000e-06	-5.391247e-06	-1.090183e-08	-3.767601e+01	-6.479321e+02
2.870000e-06	-5.506109e-06	-1.117571e-08	-3.847870e+01	-6.643331e+02
2.880000e-06	-5.618710e-06	-1.143183e-08	-3.926560e+01	-6.795672e+02
2.890000e-06	-5.729110e-06	-1.167494e-08	-4.003712e+01	-6.937178e+02
2.900000e-06	-5.837513e-06	-1.190138e-08	-4.079468e+01	-7.068728e+02
2.910000e-06	-5.944110e-06	-1.210587e-08	-4.153962e+01	-7.191201e+02
2.920000e-06	-6.048692e-06	-1.229372e-08	-4.227047e+01	-7.305415e+02
2.930000e-06	-6.151020e-06	-1.247232e-08	-4.298558e+01	-7.412056e+02
2.940000e-06	-6.251035e-06	-1.264054e-08	-4.368452e+01	-7.511648e+02
2.950000e-06	-6.348834e-06	-1.279669e-08	-4.436798e+01	-7.604562e+02
2.960000e-06	-6.444439e-06	-1.294294e-08	-4.503610e+01	-7.691063e+02
2.970000e-06	-6.537776e-06	-1.308325e-08	-4.568837e+01	-7.771395e+02
2.980000e-06	-6.628880e-06	-1.321483e-08	-4.632504e+01	-7.845856e+02
2.990000e-06	-6.717751e-06	-1.333274e-08	-4.694610e+01	-7.914845e+02
3.000000e-06	-6.804223e-06	-1.343748e-08	-4.755040e+01	-7.978864e+02
3.010000e-06	-6.888225e-06	-1.353549e-08	-4.813743e+01	-8.038469e+02
3.020000e-06	-6.969841e-06	-1.362921e-08	-4.870780e+01	-8.094195e+02
3.030000e-06	-7.048895e-06	-1.371810e-08	-4.926026e+01	-8.146484e+02
3.040000e-06	-7.125140e-06	-1.380118e-08	-4.979308e+01	-8.195637e+02
3.050000e-06	-7.198722e-06	-1.387972e-08	-5.030730e+01	-8.241819e+02
3.060000e-06	-7.269738e-06	-1.395554e-08	-5.080359e+01	-8.285104e+02
3.070000e-06	-7.338104e-06	-1.402420e-08	-5.128135e+01	-8.325541e+02
3.080000e-06	-7.403907e-06	-1.408302e-08	-5.174121e+01	-8.363223e+02
3.090000e-06	-7.467104e-06	-1.413892e-08	-5.218285e+01	-8.398317e+02
3.100000e-06	-7.527630e-06	-1.419509e-08	-5.260583e+01	-8.431051e+02
3.110000e-06	-7.585512e-06	-1.424643e-08	-5.301034e+01	-8.461670e+02
3.120000e-06	-7.640624e-06	-1.429268e-08	-5.339548e+01	-8.490365e+02
3.130000e-06	-7.692758e-06	-1.433835e-08	-5.375981e+01	-8.517228e+02
3.140000e-06	-7.741746e-06	-1.438326e-08	-5.410216e+01	-8.542241e+02
3.150000e-06	-7.787811e-06	-1.442305e-08	-5.442407e+01	-8.565306e+02
3.160000e-06	-7.831364e-06	-1.445501e-08	-5.472844e+01	-8.586322e+02
3.170000e-06	-7.872422e-06	-1.448203e-08	-5.501537e+01	-8.605252e+02
3.180000e-06	-7.910710e-06	-1.450963e-08	-5.528294e+01	-8.622182e+02
3.190000e-06	-7.946200e-06	-1.453629e-08	-5.553095e+01	-8.637316e+02
3.200000e-06	-7.978934e-06	-1.456118e-08	-5.575971e+01	-8.650926e+02
3.210000e-06	-8.008664e-06	-1.458477e-08	-5.596747e+01	-8.663271e+02
3.220000e-06	-8.035503e-06	-1.460591e-08	-5.615503e+01	-8.674507e+02
3.230000e-06	-8.059682e-06	-1.462445e-08	-5.632401e+01	-8.684636e+02
3.240000e-06	-8.080941e-06	-1.463794e-08	-5.647257e+01	-8.693513e+02
3.250000e-06	-8.099289e-06	-1.464570e-08	-5.660080e+01	-8.700908e+02
3.260000e-06	-8.114789e-06	-1.465353e-08	-5.670911e+01	-8.706612e+02
3.270000e-06	-8.127152e-06	-1.466275e-08	-5.679551e+01	-8.710533e+02
3.280000e-06	-8.136479e-06	-1.466967e-08	-5.686069e+01	-8.712756e+02
3.290000e-06	-8.142960e-06	-1.467211e-08	-5.690598e+01	-8.713538e+02
3.300000e-06	-8.146613e-06	-1.467401e-08	-5.693151e+01	-8.713235e+02
3.310000e-06	-8.147470e-06	-1.467347e-08	-5.693750e+01	-8.712189e+02
