# Temperatura_=_42.5
# Concentracion g/m^3_=_11780.0
# C_Vs_to_Am_M_A/Vsm_=_59384043850.047264
# pendiente_HvsI_1/m_=_3716.3
# ordenada_HvsI_A/m_=_1297.0
# frecuencia_Hz_=_301494.9382919426

Tiempo_(s)	Campo_(V.s)	Magnetizacion_(V.s)	Campo_(kA/m)	Magnetizacion_(A/m)
0.000000e+00	-8.120249e-06	-1.440179e-08	-5.693292e+01	-8.555833e+02
1.000000e-08	-8.116357e-06	-1.439585e-08	-5.690563e+01	-8.554053e+02
2.000000e-08	-8.109874e-06	-1.439319e-08	-5.686018e+01	-8.551572e+02
3.000000e-08	-8.100695e-06	-1.438951e-08	-5.679582e+01	-8.548176e+02
4.000000e-08	-8.088655e-06	-1.438284e-08	-5.671141e+01	-8.543587e+02
5.000000e-08	-8.073580e-06	-1.437250e-08	-5.660571e+01	-8.537558e+02
6.000000e-08	-8.055652e-06	-1.437114e-08	-5.648001e+01	-8.529971e+02
7.000000e-08	-8.035329e-06	-1.436618e-08	-5.633753e+01	-8.520886e+02
8.000000e-08	-8.012225e-06	-1.429246e-08	-5.617554e+01	-8.510535e+02
9.000000e-08	-7.985726e-06	-1.425707e-08	-5.598975e+01	-8.499251e+02
1.000000e-07	-7.956045e-06	-1.428157e-08	-5.578165e+01	-8.487368e+02
1.100000e-07	-7.923634e-06	-1.427798e-08	-5.555441e+01	-8.475109e+02
1.200000e-07	-7.888543e-06	-1.423991e-08	-5.530838e+01	-8.462520e+02
1.300000e-07	-7.851052e-06	-1.422717e-08	-5.504552e+01	-8.449456e+02
1.400000e-07	-7.811541e-06	-1.425629e-08	-5.476850e+01	-8.435641e+02
1.500000e-07	-7.769494e-06	-1.415853e-08	-5.447370e+01	-8.420755e+02
1.600000e-07	-7.724485e-06	-1.417261e-08	-5.415813e+01	-8.404551e+02
1.700000e-07	-7.676834e-06	-1.411440e-08	-5.382404e+01	-8.386924e+02
1.800000e-07	-7.626092e-06	-1.402708e-08	-5.346827e+01	-8.367940e+02
1.900000e-07	-7.572149e-06	-1.407626e-08	-5.309007e+01	-8.347792e+02
2.000000e-07	-7.515520e-06	-1.400120e-08	-5.269302e+01	-8.326715e+02
2.100000e-07	-7.456165e-06	-1.399151e-08	-5.227688e+01	-8.304883e+02
2.200000e-07	-7.394202e-06	-1.394153e-08	-5.184244e+01	-8.282336e+02
2.300000e-07	-7.329551e-06	-1.390416e-08	-5.138916e+01	-8.258956e+02
2.400000e-07	-7.262092e-06	-1.388267e-08	-5.091619e+01	-8.234501e+02
2.500000e-07	-7.192041e-06	-1.379295e-08	-5.042504e+01	-8.208693e+02
2.600000e-07	-7.119312e-06	-1.375355e-08	-4.991512e+01	-8.181315e+02
2.700000e-07	-7.043782e-06	-1.371963e-08	-4.938557e+01	-8.152290e+02
2.800000e-07	-6.965407e-06	-1.369663e-08	-4.883606e+01	-8.121709e+02
2.900000e-07	-6.884334e-06	-1.362317e-08	-4.826764e+01	-8.089792e+02
3.000000e-07	-6.800923e-06	-1.355543e-08	-4.768283e+01	-8.056815e+02
3.100000e-07	-6.715292e-06	-1.351519e-08	-4.708244e+01	-8.023001e+02
3.200000e-07	-6.627343e-06	-1.343710e-08	-4.646582e+01	-7.988446e+02
3.300000e-07	-6.537024e-06	-1.338871e-08	-4.583257e+01	-7.953083e+02
3.400000e-07	-6.444419e-06	-1.332527e-08	-4.518330e+01	-7.916710e+02
3.500000e-07	-6.349450e-06	-1.326618e-08	-4.451744e+01	-7.879060e+02
3.600000e-07	-6.252097e-06	-1.321044e-08	-4.383488e+01	-7.839901e+02
3.700000e-07	-6.152508e-06	-1.313542e-08	-4.313664e+01	-7.799107e+02
3.800000e-07	-6.050744e-06	-1.305672e-08	-4.242315e+01	-7.756697e+02
3.900000e-07	-5.946762e-06	-1.297096e-08	-4.169411e+01	-7.712808e+02
4.000000e-07	-5.840591e-06	-1.291056e-08	-4.094972e+01	-7.667632e+02
4.100000e-07	-5.732436e-06	-1.283851e-08	-4.019142e+01	-7.621327e+02
4.200000e-07	-5.622366e-06	-1.276098e-08	-3.941969e+01	-7.573950e+02
4.300000e-07	-5.510177e-06	-1.267575e-08	-3.863311e+01	-7.525428e+02
4.400000e-07	-5.395751e-06	-1.259609e-08	-3.783084e+01	-7.475584e+02
4.500000e-07	-5.279173e-06	-1.250851e-08	-3.701349e+01	-7.424201e+02
4.600000e-07	-5.160622e-06	-1.240966e-08	-3.618230e+01	-7.371108e+02
4.700000e-07	-5.040149e-06	-1.231955e-08	-3.533763e+01	-7.316239e+02
4.800000e-07	-4.917826e-06	-1.222927e-08	-3.448000e+01	-7.259654e+02
4.900000e-07	-4.793728e-06	-1.213963e-08	-3.360992e+01	-7.201516e+02
5.000000e-07	-4.667911e-06	-1.203908e-08	-3.272779e+01	-7.142012e+02
5.100000e-07	-4.540539e-06	-1.193497e-08	-3.183476e+01	-7.081277e+02
5.200000e-07	-4.411493e-06	-1.182800e-08	-3.092999e+01	-7.019329e+02
5.300000e-07	-4.280758e-06	-1.172322e-08	-3.001337e+01	-6.956047e+02
5.400000e-07	-4.148480e-06	-1.161187e-08	-2.908594e+01	-6.891206e+02
5.500000e-07	-4.014787e-06	-1.149638e-08	-2.814859e+01	-6.824544e+02
5.600000e-07	-3.879638e-06	-1.138447e-08	-2.720103e+01	-6.755842e+02
5.700000e-07	-3.742993e-06	-1.126917e-08	-2.624298e+01	-6.684988e+02
5.800000e-07	-3.605023e-06	-1.114792e-08	-2.527564e+01	-6.611995e+02
5.900000e-07	-3.465707e-06	-1.102059e-08	-2.429887e+01	-6.536971e+02
6.000000e-07	-3.324895e-06	-1.089487e-08	-2.331160e+01	-6.460055e+02
6.100000e-07	-3.182607e-06	-1.076557e-08	-2.231399e+01	-6.381338e+02
6.200000e-07	-3.039080e-06	-1.062733e-08	-2.130768e+01	-6.300814e+02
6.300000e-07	-2.894517e-06	-1.048662e-08	-2.029412e+01	-6.218361e+02
6.400000e-07	-2.748959e-06	-1.034570e-08	-1.927358e+01	-6.133773e+02
6.500000e-07	-2.602380e-06	-1.020437e-08	-1.824588e+01	-6.046824e+02
6.600000e-07	-2.454948e-06	-1.005477e-08	-1.721220e+01	-5.957332e+02
6.700000e-07	-2.306808e-06	-9.899119e-09	-1.617356e+01	-5.865208e+02
6.800000e-07	-2.157844e-06	-9.736692e-09	-1.512913e+01	-5.770452e+02
6.900000e-07	-2.008085e-06	-9.571937e-09	-1.407914e+01	-5.673121e+02
7.000000e-07	-1.857688e-06	-9.406302e-09	-1.302468e+01	-5.573255e+02
7.100000e-07	-1.706652e-06	-9.234187e-09	-1.196573e+01	-5.470819e+02
7.200000e-07	-1.554948e-06	-9.057063e-09	-1.090210e+01	-5.365669e+02
7.300000e-07	-1.402635e-06	-8.875449e-09	-9.834197e+00	-5.257555e+02
7.400000e-07	-1.249839e-06	-8.691437e-09	-8.762906e+00	-5.146176e+02
7.500000e-07	-1.096641e-06	-8.497946e-09	-7.688797e+00	-5.031252e+02
7.600000e-07	-9.430161e-07	-8.295626e-09	-6.611701e+00	-4.912576e+02
7.700000e-07	-7.889768e-07	-8.085431e-09	-5.531697e+00	-4.790041e+02
7.800000e-07	-6.346317e-07	-7.873113e-09	-4.449548e+00	-4.663601e+02
7.900000e-07	-4.801195e-07	-7.657978e-09	-3.366228e+00	-4.533198e+02
8.000000e-07	-3.254811e-07	-7.432850e-09	-2.282023e+00	-4.398656e+02
8.100000e-07	-1.707387e-07	-7.195496e-09	-1.197088e+00	-4.259611e+02
8.200000e-07	-1.590274e-08	-6.949886e-09	-1.114977e-01	-4.115481e+02
8.300000e-07	1.390066e-07	-6.698725e-09	9.746071e-01	-3.965515e+02
8.400000e-07	2.938012e-07	-6.433929e-09	2.059907e+00	-3.808903e+02
8.500000e-07	4.484083e-07	-6.157583e-09	3.143893e+00	-3.644908e+02
8.600000e-07	6.028835e-07	-5.869672e-09	4.226954e+00	-3.473000e+02
8.700000e-07	7.571327e-07	-5.567128e-09	5.308430e+00	-3.292907e+02
8.800000e-07	9.110675e-07	-5.246578e-09	6.387703e+00	-3.104598e+02
8.900000e-07	1.064692e-06	-4.910697e-09	7.464799e+00	-2.908158e+02
9.000000e-07	1.217940e-06	-4.565137e-09	8.539256e+00	-2.703617e+02
9.100000e-07	1.370760e-06	-4.208879e-09	9.610715e+00	-2.490764e+02
9.200000e-07	1.523076e-06	-3.835869e-09	1.067863e+01	-2.269003e+02
9.300000e-07	1.674782e-06	-3.442498e-09	1.174228e+01	-2.037304e+02
9.400000e-07	1.825854e-06	-3.030780e-09	1.280148e+01	-1.794260e+02
9.500000e-07	1.976274e-06	-2.597132e-09	1.385611e+01	-1.538257e+02
9.600000e-07	2.126028e-06	-2.138827e-09	1.490607e+01	-1.267694e+02
9.700000e-07	2.275002e-06	-1.651402e-09	1.595056e+01	-9.812453e+01
9.800000e-07	2.423100e-06	-1.136259e-09	1.698891e+01	-6.780843e+01
9.900000e-07	2.570327e-06	-5.956819e-10	1.802115e+01	-3.580492e+01
1.000000e-06	2.716658e-06	-2.751945e-11	1.904711e+01	-2.173588e+00
1.010000e-06	2.862059e-06	5.686026e-10	2.006655e+01	3.294865e+01
1.020000e-06	3.006448e-06	1.186254e-09	2.107889e+01	6.935185e+01
1.030000e-06	3.149743e-06	1.817399e-09	2.208357e+01	1.067618e+02
1.040000e-06	3.291891e-06	2.460426e-09	2.308020e+01	1.448518e+02
1.050000e-06	3.432755e-06	3.111039e-09	2.406783e+01	1.832574e+02
1.060000e-06	3.572200e-06	3.760748e-09	2.504551e+01	2.215933e+02
1.070000e-06	3.710319e-06	4.400008e-09	2.601389e+01	2.594737e+02
1.080000e-06	3.847118e-06	5.023978e-09	2.697303e+01	2.965336e+02
1.090000e-06	3.982437e-06	5.629183e-09	2.792178e+01	3.324500e+02
1.100000e-06	4.116330e-06	6.210214e-09	2.886053e+01	3.669608e+02
1.110000e-06	4.248752e-06	6.764789e-09	2.978897e+01	3.998765e+02
1.120000e-06	4.379620e-06	7.289852e-09	3.070651e+01	4.310840e+02
1.130000e-06	4.508953e-06	7.784863e-09	3.161330e+01	4.605404e+02
1.140000e-06	4.636661e-06	8.251863e-09	3.250869e+01	4.882594e+02
1.150000e-06	4.762796e-06	8.691658e-09	3.339305e+01	5.142925e+02
1.160000e-06	4.887349e-06	9.102574e-09	3.426632e+01	5.387101e+02
1.170000e-06	5.010136e-06	9.486388e-09	3.512721e+01	5.615856e+02
1.180000e-06	5.131086e-06	9.846225e-09	3.597522e+01	5.829870e+02
1.190000e-06	5.250144e-06	1.018065e-08	3.680996e+01	6.029754e+02
1.200000e-06	5.367252e-06	1.049203e-08	3.763103e+01	6.216087e+02
1.210000e-06	5.482270e-06	1.078208e-08	3.843745e+01	6.389488e+02
1.220000e-06	5.595139e-06	1.105504e-08	3.922880e+01	6.550673e+02
1.230000e-06	5.705966e-06	1.130686e-08	4.000583e+01	6.700471e+02
1.240000e-06	5.814851e-06	1.153849e-08	4.076925e+01	6.839798e+02
1.250000e-06	5.921724e-06	1.175484e-08	4.151856e+01	6.969585e+02
1.260000e-06	6.026430e-06	1.196030e-08	4.225268e+01	7.090691e+02
1.270000e-06	6.128953e-06	1.215513e-08	4.297149e+01	7.203830e+02
1.280000e-06	6.229277e-06	1.233373e-08	4.367488e+01	7.309539e+02
1.290000e-06	6.327298e-06	1.249690e-08	4.436213e+01	7.408193e+02
1.300000e-06	6.422947e-06	1.264761e-08	4.503275e+01	7.500066e+02
1.310000e-06	6.516340e-06	1.278734e-08	4.568755e+01	7.585410e+02
1.320000e-06	6.607499e-06	1.291848e-08	4.632669e+01	7.664529e+02
1.330000e-06	6.696285e-06	1.304198e-08	4.694919e+01	7.737820e+02
1.340000e-06	6.782714e-06	1.315701e-08	4.755516e+01	7.805773e+02
1.350000e-06	6.866880e-06	1.326614e-08	4.814526e+01	7.868930e+02
1.360000e-06	6.948638e-06	1.336608e-08	4.871849e+01	7.927816e+02
1.370000e-06	7.027835e-06	1.345614e-08	4.927376e+01	7.982887e+02
1.380000e-06	7.104468e-06	1.354063e-08	4.981105e+01	8.034484e+02
1.390000e-06	7.178412e-06	1.362175e-08	5.032949e+01	8.082838e+02
1.400000e-06	7.249703e-06	1.369836e-08	5.082932e+01	8.128099e+02
1.410000e-06	7.318510e-06	1.377151e-08	5.131174e+01	8.170387e+02
1.420000e-06	7.384707e-06	1.384000e-08	5.177587e+01	8.209836e+02
1.430000e-06	7.448206e-06	1.390153e-08	5.222108e+01	8.246617e+02
1.440000e-06	7.509195e-06	1.395812e-08	5.264868e+01	8.280935e+02
1.450000e-06	7.567588e-06	1.401294e-08	5.305809e+01	8.312995e+02
1.460000e-06	7.623235e-06	1.406375e-08	5.344824e+01	8.342959e+02
1.470000e-06	7.676034e-06	1.411047e-08	5.381843e+01	8.370915e+02
1.480000e-06	7.725676e-06	1.415666e-08	5.416648e+01	8.396868e+02
1.490000e-06	7.772278e-06	1.419963e-08	5.449322e+01	8.420770e+02
1.500000e-06	7.816116e-06	1.423510e-08	5.480058e+01	8.442561e+02
1.510000e-06	7.857100e-06	1.426489e-08	5.508792e+01	8.462232e+02
1.520000e-06	7.895312e-06	1.429308e-08	5.535584e+01	8.479857e+02
1.530000e-06	7.930889e-06	1.432046e-08	5.560527e+01	8.495602e+02
1.540000e-06	7.963678e-06	1.434439e-08	5.583516e+01	8.509698e+02
1.550000e-06	7.993717e-06	1.436557e-08	5.604578e+01	8.522376e+02
1.560000e-06	8.021007e-06	1.438636e-08	5.623711e+01	8.533807e+02
1.570000e-06	8.045354e-06	1.440457e-08	5.640781e+01	8.544053e+02
1.580000e-06	8.066902e-06	1.441742e-08	5.655889e+01	8.553062e+02
1.590000e-06	8.085739e-06	1.442788e-08	5.669096e+01	8.560699e+02
1.600000e-06	8.101634e-06	1.443865e-08	5.680241e+01	8.566813e+02
1.610000e-06	8.114430e-06	1.444784e-08	5.689212e+01	8.571317e+02
1.620000e-06	8.124033e-06	1.445363e-08	5.695945e+01	8.574237e+02
1.630000e-06	8.130683e-06	1.445432e-08	5.700607e+01	8.575733e+02
1.640000e-06	8.134639e-06	1.445286e-08	5.703381e+01	8.576058e+02
1.650000e-06	8.135736e-06	1.445054e-08	5.704150e+01	8.575484e+02
1.660000e-06	8.134038e-06	1.445583e-08	5.702960e+01	8.574217e+02
1.670000e-06	8.129719e-06	1.445378e-08	5.699932e+01	8.572319e+02
1.680000e-06	8.122665e-06	1.444594e-08	5.694986e+01	8.569690e+02
1.690000e-06	8.112902e-06	1.443737e-08	5.688141e+01	8.566099e+02
1.700000e-06	8.100375e-06	1.442568e-08	5.679358e+01	8.561266e+02
1.710000e-06	8.085057e-06	1.440583e-08	5.668618e+01	8.554960e+02
1.720000e-06	8.067268e-06	1.436767e-08	5.656146e+01	8.547092e+02
1.730000e-06	8.047158e-06	1.440879e-08	5.642046e+01	8.537758e+02
1.740000e-06	8.024032e-06	1.442839e-08	5.625832e+01	8.527211e+02
1.750000e-06	7.997213e-06	1.436893e-08	5.607029e+01	8.515796e+02
1.760000e-06	7.966772e-06	1.432803e-08	5.585686e+01	8.503831e+02
1.770000e-06	7.933388e-06	1.431347e-08	5.562279e+01	8.491512e+02
1.780000e-06	7.897667e-06	1.424598e-08	5.537235e+01	8.478851e+02
1.790000e-06	7.859592e-06	1.423529e-08	5.510539e+01	8.465673e+02
1.800000e-06	7.819347e-06	1.428875e-08	5.482323e+01	8.451687e+02
1.810000e-06	7.776738e-06	1.415049e-08	5.452449e+01	8.436578e+02
1.820000e-06	7.731443e-06	1.420170e-08	5.420691e+01	8.420119e+02
1.830000e-06	7.683431e-06	1.417576e-08	5.387029e+01	8.402238e+02
1.840000e-06	7.632313e-06	1.409716e-08	5.351189e+01	8.383027e+02
1.850000e-06	7.578172e-06	1.413022e-08	5.313230e+01	8.362694e+02
1.860000e-06	7.521209e-06	1.397278e-08	5.273291e+01	8.341469e+02
1.870000e-06	7.461632e-06	1.402552e-08	5.231520e+01	8.319508e+02
1.880000e-06	7.399447e-06	1.396736e-08	5.187922e+01	8.296823e+02
1.890000e-06	7.334388e-06	1.390670e-08	5.142307e+01	8.273268e+02
1.900000e-06	7.266680e-06	1.393196e-08	5.094835e+01	8.248588e+02
1.910000e-06	7.196184e-06	1.382437e-08	5.045409e+01	8.222510e+02
1.920000e-06	7.122961e-06	1.382012e-08	4.994071e+01	8.194836e+02
1.930000e-06	7.047022e-06	1.372252e-08	4.940828e+01	8.165520e+02
1.940000e-06	6.968271e-06	1.368663e-08	4.885614e+01	8.134678e+02
1.950000e-06	6.887051e-06	1.363043e-08	4.828669e+01	8.102549e+02
1.960000e-06	6.803378e-06	1.356938e-08	4.770004e+01	8.069406e+02
1.970000e-06	6.717281e-06	1.356906e-08	4.709639e+01	8.035455e+02
1.980000e-06	6.628712e-06	1.345447e-08	4.647541e+01	8.000762e+02
1.990000e-06	6.537850e-06	1.341859e-08	4.583836e+01	7.965234e+02
2.000000e-06	6.444745e-06	1.333129e-08	4.518558e+01	7.928650e+02
2.010000e-06	6.349218e-06	1.327522e-08	4.451582e+01	7.890743e+02
2.020000e-06	6.251531e-06	1.320602e-08	4.383091e+01	7.851294e+02
2.030000e-06	6.151588e-06	1.313874e-08	4.313019e+01	7.810204e+02
2.040000e-06	6.049397e-06	1.309008e-08	4.241370e+01	7.767514e+02
2.050000e-06	5.944991e-06	1.300161e-08	4.168169e+01	7.723378e+02
2.060000e-06	5.838523e-06	1.292847e-08	4.093522e+01	7.677988e+02
2.070000e-06	5.730054e-06	1.282580e-08	4.017472e+01	7.631488e+02
2.080000e-06	5.619445e-06	1.275593e-08	3.939921e+01	7.583913e+02
2.090000e-06	5.506754e-06	1.266842e-08	3.860911e+01	7.535167e+02
2.100000e-06	5.391925e-06	1.259956e-08	3.780402e+01	7.485061e+02
2.110000e-06	5.275013e-06	1.250801e-08	3.698432e+01	7.433381e+02
2.120000e-06	5.156042e-06	1.242218e-08	3.615019e+01	7.379969e+02
2.130000e-06	5.035145e-06	1.232271e-08	3.530255e+01	7.324782e+02
2.140000e-06	4.912488e-06	1.222139e-08	3.444257e+01	7.267905e+02
2.150000e-06	4.788044e-06	1.211780e-08	3.357007e+01	7.209506e+02
2.160000e-06	4.661788e-06	1.201751e-08	3.268486e+01	7.149773e+02
2.170000e-06	4.533882e-06	1.192630e-08	3.178808e+01	7.088821e+02
2.180000e-06	4.404453e-06	1.181725e-08	3.088062e+01	7.026644e+02
2.190000e-06	4.273550e-06	1.171572e-08	2.996284e+01	6.963100e+02
2.200000e-06	4.141059e-06	1.159721e-08	2.903391e+01	6.897950e+02
2.210000e-06	4.007036e-06	1.148668e-08	2.809425e+01	6.830935e+02
2.220000e-06	3.871584e-06	1.136644e-08	2.714456e+01	6.761850e+02
2.230000e-06	3.734686e-06	1.125010e-08	2.618474e+01	6.690607e+02
2.240000e-06	3.596400e-06	1.112605e-08	2.521518e+01	6.617239e+02
2.250000e-06	3.456710e-06	1.100088e-08	2.423578e+01	6.541865e+02
2.260000e-06	3.315719e-06	1.087146e-08	2.324726e+01	6.464619e+02
2.270000e-06	3.173527e-06	1.073590e-08	2.225033e+01	6.385581e+02
2.280000e-06	3.030149e-06	1.059592e-08	2.124507e+01	6.304722e+02
2.290000e-06	2.885636e-06	1.045491e-08	2.023185e+01	6.221902e+02
2.300000e-06	2.740144e-06	1.031046e-08	1.921178e+01	6.136905e+02
2.310000e-06	2.593719e-06	1.016204e-08	1.818516e+01	6.049510e+02
2.320000e-06	2.446376e-06	1.001086e-08	1.715210e+01	5.959549e+02
2.330000e-06	2.298147e-06	9.855618e-09	1.611284e+01	5.866950e+02
2.340000e-06	2.149011e-06	9.697583e-09	1.506721e+01	5.771727e+02
2.350000e-06	1.999130e-06	9.530689e-09	1.401635e+01	5.673939e+02
2.360000e-06	1.848639e-06	9.362293e-09	1.296123e+01	5.573617e+02
2.370000e-06	1.697532e-06	9.185377e-09	1.190179e+01	5.470708e+02
2.380000e-06	1.545815e-06	9.006670e-09	1.083806e+01	5.365046e+02
2.390000e-06	1.393479e-06	8.820397e-09	9.769998e+00	5.256369e+02
2.400000e-06	1.240602e-06	8.632836e-09	8.698145e+00	5.144373e+02
2.410000e-06	1.087287e-06	8.439653e-09	7.623217e+00	5.028788e+02
2.420000e-06	9.336056e-07	8.241386e-09	6.545722e+00	4.909426e+02
2.430000e-06	7.796483e-07	8.033969e-09	5.466292e+00	4.786193e+02
2.440000e-06	6.254501e-07	7.816415e-09	4.385173e+00	4.659050e+02
2.450000e-06	4.710569e-07	7.595766e-09	3.302687e+00	4.527922e+02
2.460000e-06	3.165071e-07	7.367276e-09	2.219103e+00	4.392606e+02
2.470000e-06	1.618421e-07	7.133002e-09	1.134712e+00	4.252699e+02
2.480000e-06	7.132421e-09	6.888534e-09	5.000703e-02	4.107583e+02
2.490000e-06	-1.475488e-07	6.634406e-09	-1.034498e+00	3.956487e+02
2.500000e-06	-3.021598e-07	6.369963e-09	-2.118512e+00	3.798602e+02
2.510000e-06	-4.566385e-07	6.093887e-09	-3.201597e+00	3.633224e+02
2.520000e-06	-6.109594e-07	5.802236e-09	-4.283576e+00	3.459863e+02
2.530000e-06	-7.651065e-07	5.493894e-09	-5.364336e+00	3.278298e+02
2.540000e-06	-9.190182e-07	5.171967e-09	-6.443446e+00	3.088526e+02
2.550000e-06	-1.072610e-06	4.839353e-09	-7.520312e+00	2.890639e+02
2.560000e-06	-1.225810e-06	4.494787e-09	-8.594436e+00	2.684637e+02
2.570000e-06	-1.378505e-06	4.136408e-09	-9.665013e+00	2.470247e+02
2.580000e-06	-1.530608e-06	3.761987e-09	-1.073144e+01	2.246796e+02
2.590000e-06	-1.682116e-06	3.370957e-09	-1.179370e+01	2.013180e+02
2.600000e-06	-1.832955e-06	2.961129e-09	-1.285127e+01	1.767941e+02
2.610000e-06	-1.983165e-06	2.527879e-09	-1.390442e+01	1.509447e+02
2.620000e-06	-2.132745e-06	2.068767e-09	-1.495317e+01	1.236130e+02
2.630000e-06	-2.281567e-06	1.583924e-09	-1.599659e+01	9.467381e+01
2.640000e-06	-2.429552e-06	1.071126e-09	-1.703415e+01	6.405518e+01
2.650000e-06	-2.576681e-06	5.289320e-10	-1.806570e+01	3.175410e+01
2.660000e-06	-2.722930e-06	-4.060697e-11	-1.909109e+01	-2.155972e+00
2.670000e-06	-2.868218e-06	-6.322470e-10	-2.010973e+01	-3.752461e+01
2.680000e-06	-3.012439e-06	-1.243877e-09	-2.112090e+01	-7.412966e+01
2.690000e-06	-3.155488e-06	-1.873722e-09	-2.212384e+01	-1.116866e+02
2.700000e-06	-3.297335e-06	-2.513597e-09	-2.311837e+01	-1.498608e+02
2.710000e-06	-3.437961e-06	-3.159142e-09	-2.410433e+01	-1.882827e+02
2.720000e-06	-3.577259e-06	-3.803632e-09	-2.508098e+01	-2.265656e+02
2.730000e-06	-3.715253e-06	-4.440034e-09	-2.604848e+01	-2.643256e+02
2.740000e-06	-3.851932e-06	-5.061397e-09	-2.700677e+01	-3.012036e+02
2.750000e-06	-3.987094e-06	-5.660080e-09	-2.795443e+01	-3.368866e+02
2.760000e-06	-4.120828e-06	-6.232903e-09	-2.889207e+01	-3.711245e+02
2.770000e-06	-4.253157e-06	-6.781043e-09	-2.981985e+01	-4.037417e+02
2.780000e-06	-4.383919e-06	-7.302736e-09	-3.073666e+01	-4.346380e+02
2.790000e-06	-4.513132e-06	-7.795044e-09	-3.164260e+01	-4.637820e+02
2.800000e-06	-4.640717e-06	-8.257196e-09	-3.253713e+01	-4.911957e+02
2.810000e-06	-4.766655e-06	-8.691161e-09	-3.342011e+01	-5.169352e+02
2.820000e-06	-4.890975e-06	-9.098624e-09	-3.429174e+01	-5.410724e+02
2.830000e-06	-5.013586e-06	-9.479891e-09	-3.515139e+01	-5.636802e+02
2.840000e-06	-5.134414e-06	-9.836511e-09	-3.599855e+01	-5.848252e+02
2.850000e-06	-5.253303e-06	-1.016942e-08	-3.683211e+01	-6.045676e+02
2.860000e-06	-5.370061e-06	-1.047964e-08	-3.765073e+01	-6.229655e+02
2.870000e-06	-5.484631e-06	-1.076825e-08	-3.845400e+01	-6.400822e+02
2.880000e-06	-5.596976e-06	-1.103650e-08	-3.924168e+01	-6.559912e+02
2.890000e-06	-5.707151e-06	-1.128670e-08	-4.001414e+01	-6.707774e+02
2.900000e-06	-5.815351e-06	-1.152088e-08	-4.077275e+01	-6.845334e+02
2.910000e-06	-5.921643e-06	-1.173771e-08	-4.151799e+01	-6.973513e+02
2.920000e-06	-6.025870e-06	-1.193823e-08	-4.224875e+01	-7.093152e+02
2.930000e-06	-6.127844e-06	-1.212503e-08	-4.296372e+01	-7.204932e+02
2.940000e-06	-6.227600e-06	-1.229963e-08	-4.366313e+01	-7.309361e+02
2.950000e-06	-6.325265e-06	-1.246254e-08	-4.434788e+01	-7.406788e+02
2.960000e-06	-6.420746e-06	-1.261564e-08	-4.501731e+01	-7.497479e+02
2.970000e-06	-6.513917e-06	-1.275938e-08	-4.567056e+01	-7.581690e+02
2.980000e-06	-6.604824e-06	-1.289383e-08	-4.630793e+01	-7.659738e+02
2.990000e-06	-6.693453e-06	-1.301871e-08	-4.692933e+01	-7.732041e+02
3.000000e-06	-6.779654e-06	-1.313225e-08	-4.753370e+01	-7.799100e+02
3.010000e-06	-6.863411e-06	-1.323559e-08	-4.812094e+01	-7.861460e+02
3.020000e-06	-6.944876e-06	-1.333106e-08	-4.869211e+01	-7.919637e+02
3.030000e-06	-7.023864e-06	-1.342208e-08	-4.924592e+01	-7.974068e+02
3.040000e-06	-7.100046e-06	-1.350729e-08	-4.978004e+01	-8.025075e+02
3.050000e-06	-7.173547e-06	-1.358709e-08	-5.029538e+01	-8.072870e+02
3.060000e-06	-7.244481e-06	-1.366262e-08	-5.079271e+01	-8.117594e+02
3.070000e-06	-7.312787e-06	-1.373460e-08	-5.127162e+01	-8.159367e+02
3.080000e-06	-7.378517e-06	-1.380033e-08	-5.173247e+01	-8.198329e+02
3.090000e-06	-7.441695e-06	-1.386042e-08	-5.217542e+01	-8.234657e+02
3.100000e-06	-7.502188e-06	-1.391768e-08	-5.259956e+01	-8.268561e+02
3.110000e-06	-7.559972e-06	-1.397051e-08	-5.300469e+01	-8.300239e+02
3.120000e-06	-7.615012e-06	-1.401960e-08	-5.339059e+01	-8.329843e+02
3.130000e-06	-7.667096e-06	-1.406569e-08	-5.375576e+01	-8.357446e+02
3.140000e-06	-7.716045e-06	-1.410833e-08	-5.409895e+01	-8.383040e+02
3.150000e-06	-7.762031e-06	-1.414892e-08	-5.442137e+01	-8.406571e+02
3.160000e-06	-7.805512e-06	-1.418677e-08	-5.472623e+01	-8.427986e+02
3.170000e-06	-7.846508e-06	-1.421800e-08	-5.501366e+01	-8.447285e+02
3.180000e-06	-7.884732e-06	-1.424602e-08	-5.528166e+01	-8.464562e+02
3.190000e-06	-7.920200e-06	-1.427292e-08	-5.553033e+01	-8.479999e+02
3.200000e-06	-7.952930e-06	-1.429750e-08	-5.575981e+01	-8.493828e+02
3.210000e-06	-7.982696e-06	-1.431856e-08	-5.596850e+01	-8.506276e+02
3.220000e-06	-8.009552e-06	-1.433766e-08	-5.615680e+01	-8.517497e+02
3.230000e-06	-8.033688e-06	-1.435630e-08	-5.632602e+01	-8.527532e+02
3.240000e-06	-8.054945e-06	-1.437251e-08	-5.647506e+01	-8.536310e+02
3.250000e-06	-8.073327e-06	-1.438387e-08	-5.660394e+01	-8.543688e+02
3.260000e-06	-8.088877e-06	-1.439155e-08	-5.671297e+01	-8.549521e+02
3.270000e-06	-8.101301e-06	-1.439757e-08	-5.680008e+01	-8.553738e+02
3.280000e-06	-8.110718e-06	-1.440368e-08	-5.686609e+01	-8.556392e+02
3.290000e-06	-8.117225e-06	-1.440897e-08	-5.691172e+01	-8.557661e+02
3.300000e-06	-8.120845e-06	-1.441296e-08	-5.693710e+01	-8.557809e+02
3.310000e-06	-8.121755e-06	-1.441336e-08	-5.694348e+01	-8.557103e+02
