# Temperatura_=_38.0
# Concentracion g/m^3_=_11780.0
# C_Vs_to_Am_M_A/Vsm_=_59384043850.047264
# pendiente_HvsI_1/m_=_3716.3
# ordenada_HvsI_A/m_=_1297.0
# frecuencia_Hz_=_301494.5557596203

Tiempo_(s)	Campo_(V.s)	Magnetizacion_(V.s)	Campo_(kA/m)	Magnetizacion_(A/m)
0.000000e+00	-8.119169e-06	-1.435021e-08	-5.692984e+01	-8.528865e+02
1.000000e-08	-8.115034e-06	-1.434468e-08	-5.690085e+01	-8.526615e+02
2.000000e-08	-8.108300e-06	-1.434164e-08	-5.685363e+01	-8.523710e+02
3.000000e-08	-8.098789e-06	-1.433685e-08	-5.678694e+01	-8.520098e+02
4.000000e-08	-8.086394e-06	-1.432990e-08	-5.670002e+01	-8.515591e+02
5.000000e-08	-8.071046e-06	-1.432352e-08	-5.659241e+01	-8.509936e+02
6.000000e-08	-8.052927e-06	-1.432858e-08	-5.646536e+01	-8.502909e+02
7.000000e-08	-8.032361e-06	-1.430890e-08	-5.632116e+01	-8.494410e+02
8.000000e-08	-8.008909e-06	-1.422270e-08	-5.615672e+01	-8.484509e+02
9.000000e-08	-7.982005e-06	-1.421178e-08	-5.596808e+01	-8.473433e+02
1.000000e-07	-7.952004e-06	-1.425369e-08	-5.575771e+01	-8.461500e+02
1.100000e-07	-7.919351e-06	-1.423758e-08	-5.552876e+01	-8.449008e+02
1.200000e-07	-7.884046e-06	-1.418913e-08	-5.528121e+01	-8.436139e+02
1.300000e-07	-7.846402e-06	-1.419693e-08	-5.501726e+01	-8.422889e+02
1.400000e-07	-7.806632e-06	-1.419930e-08	-5.473840e+01	-8.409071e+02
1.500000e-07	-7.764262e-06	-1.409465e-08	-5.444131e+01	-8.394378e+02
1.600000e-07	-7.719007e-06	-1.413926e-08	-5.412399e+01	-8.378482e+02
1.700000e-07	-7.671053e-06	-1.404243e-08	-5.378775e+01	-8.361140e+02
1.800000e-07	-7.619976e-06	-1.399019e-08	-5.342960e+01	-8.342262e+02
1.900000e-07	-7.565819e-06	-1.404540e-08	-5.304987e+01	-8.321930e+02
2.000000e-07	-7.508959e-06	-1.395127e-08	-5.265118e+01	-8.300345e+02
2.100000e-07	-7.449337e-06	-1.395041e-08	-5.223312e+01	-8.277741e+02
2.200000e-07	-7.387131e-06	-1.388038e-08	-5.179695e+01	-8.254292e+02
2.300000e-07	-7.322220e-06	-1.386996e-08	-5.134181e+01	-8.230044e+02
2.400000e-07	-7.254544e-06	-1.382555e-08	-5.086727e+01	-8.204909e+02
2.500000e-07	-7.184252e-06	-1.373520e-08	-5.037441e+01	-8.178697e+02
2.600000e-07	-7.111202e-06	-1.371203e-08	-4.986220e+01	-8.151205e+02
2.700000e-07	-7.035324e-06	-1.367746e-08	-4.933015e+01	-8.122291e+02
2.800000e-07	-6.956745e-06	-1.365363e-08	-4.877917e+01	-8.091935e+02
2.900000e-07	-6.875521e-06	-1.355953e-08	-4.820965e+01	-8.060244e+02
3.000000e-07	-6.791860e-06	-1.351270e-08	-4.762304e+01	-8.027406e+02
3.100000e-07	-6.705993e-06	-1.346890e-08	-4.702096e+01	-7.993618e+02
3.200000e-07	-6.617825e-06	-1.339255e-08	-4.640274e+01	-7.959006e+02
3.300000e-07	-6.527251e-06	-1.334054e-08	-4.576766e+01	-7.923570e+02
3.400000e-07	-6.434397e-06	-1.327054e-08	-4.511659e+01	-7.887180e+02
3.500000e-07	-6.339260e-06	-1.322266e-08	-4.444951e+01	-7.849615e+02
3.600000e-07	-6.241717e-06	-1.316272e-08	-4.376555e+01	-7.810635e+02
3.700000e-07	-6.141844e-06	-1.308893e-08	-4.306527e+01	-7.770056e+02
3.800000e-07	-6.039789e-06	-1.300532e-08	-4.234968e+01	-7.727796e+02
3.900000e-07	-5.935636e-06	-1.293467e-08	-4.161938e+01	-7.683895e+02
4.000000e-07	-5.829322e-06	-1.287499e-08	-4.087393e+01	-7.638475e+02
4.100000e-07	-5.720847e-06	-1.279299e-08	-4.011333e+01	-7.591685e+02
4.200000e-07	-5.610386e-06	-1.271076e-08	-3.933880e+01	-7.543645e+02
4.300000e-07	-5.497933e-06	-1.263082e-08	-3.855031e+01	-7.494396e+02
4.400000e-07	-5.383301e-06	-1.255386e-08	-3.774653e+01	-7.443897e+02
4.500000e-07	-5.266476e-06	-1.245990e-08	-3.692738e+01	-7.392049e+02
4.600000e-07	-5.147667e-06	-1.236216e-08	-3.609431e+01	-7.338737e+02
4.700000e-07	-5.027047e-06	-1.227282e-08	-3.524856e+01	-7.283880e+02
4.800000e-07	-4.904589e-06	-1.218705e-08	-3.438991e+01	-7.227455e+02
4.900000e-07	-4.780283e-06	-1.209360e-08	-3.351830e+01	-7.169497e+02
5.000000e-07	-4.654275e-06	-1.199086e-08	-3.263476e+01	-7.110074e+02
5.100000e-07	-4.526699e-06	-1.188809e-08	-3.174022e+01	-7.049247e+02
5.200000e-07	-4.397552e-06	-1.178622e-08	-3.083467e+01	-6.987033e+02
5.300000e-07	-4.266710e-06	-1.167590e-08	-2.991724e+01	-6.923387e+02
5.400000e-07	-4.134288e-06	-1.155780e-08	-2.898872e+01	-6.858204e+02
5.500000e-07	-4.000395e-06	-1.144193e-08	-2.804989e+01	-6.791347e+02
5.600000e-07	-3.865091e-06	-1.133133e-08	-2.710117e+01	-6.722682e+02
5.700000e-07	-3.728507e-06	-1.121638e-08	-2.614348e+01	-6.652104e+02
5.800000e-07	-3.590474e-06	-1.109428e-08	-2.517562e+01	-6.579554e+02
5.900000e-07	-3.450884e-06	-1.097091e-08	-2.419685e+01	-6.505014e+02
6.000000e-07	-3.309889e-06	-1.084504e-08	-2.320822e+01	-6.428486e+02
6.100000e-07	-3.167624e-06	-1.071273e-08	-2.221069e+01	-6.349971e+02
6.200000e-07	-3.024171e-06	-1.057189e-08	-2.120482e+01	-6.269448e+02
6.300000e-07	-2.879558e-06	-1.043177e-08	-2.019083e+01	-6.186870e+02
6.400000e-07	-2.733834e-06	-1.029049e-08	-1.916905e+01	-6.102168e+02
6.500000e-07	-2.587145e-06	-1.014854e-08	-1.814050e+01	-6.015266e+02
6.600000e-07	-2.439629e-06	-9.999950e-09	-1.710615e+01	-5.926091e+02
6.700000e-07	-2.291365e-06	-9.847337e-09	-1.606655e+01	-5.834577e+02
6.800000e-07	-2.142333e-06	-9.689317e-09	-1.502157e+01	-5.740652e+02
6.900000e-07	-1.992550e-06	-9.526305e-09	-1.397132e+01	-5.644232e+02
7.000000e-07	-1.842091e-06	-9.359794e-09	-1.291634e+01	-5.545201e+02
7.100000e-07	-1.690985e-06	-9.185939e-09	-1.185682e+01	-5.443416e+02
7.200000e-07	-1.539302e-06	-9.010152e-09	-1.079325e+01	-5.338711e+02
7.300000e-07	-1.387140e-06	-8.830663e-09	-9.726320e+00	-5.230919e+02
7.400000e-07	-1.234480e-06	-8.648783e-09	-8.655904e+00	-5.119897e+02
7.500000e-07	-1.081304e-06	-8.457216e-09	-7.581870e+00	-5.005534e+02
7.600000e-07	-9.276935e-07	-8.257989e-09	-6.504784e+00	-4.887740e+02
7.700000e-07	-7.737218e-07	-8.051607e-09	-5.425168e+00	-4.766421e+02
7.800000e-07	-6.194009e-07	-7.840593e-09	-4.343103e+00	-4.641426e+02
7.900000e-07	-4.648528e-07	-7.625246e-09	-3.259447e+00	-4.512505e+02
8.000000e-07	-3.101823e-07	-7.400423e-09	-2.174930e+00	-4.379274e+02
8.100000e-07	-1.553709e-07	-7.167534e-09	-1.089427e+00	-4.241214e+02
8.200000e-07	-5.086608e-10	-6.926407e-09	-3.566619e-03	-4.097709e+02
8.300000e-07	1.543473e-07	-6.677126e-09	1.082249e+00	-3.948106e+02
8.400000e-07	3.091712e-07	-6.413062e-09	2.167841e+00	-3.791797e+02
8.500000e-07	4.638604e-07	-6.137007e-09	3.252488e+00	-3.628289e+02
8.600000e-07	6.183359e-07	-5.849515e-09	4.335636e+00	-3.457247e+02
8.700000e-07	7.725489e-07	-5.548498e-09	5.416944e+00	-3.278490e+02
8.800000e-07	9.263972e-07	-5.231326e-09	6.495695e+00	-3.091941e+02
8.900000e-07	1.079847e-06	-4.899966e-09	7.571653e+00	-2.897540e+02
9.000000e-07	1.232877e-06	-4.559883e-09	8.644666e+00	-2.695134e+02
9.100000e-07	1.385455e-06	-4.208326e-09	9.714510e+00	-2.484375e+02
9.200000e-07	1.537519e-06	-3.838649e-09	1.078075e+01	-2.264643e+02
9.300000e-07	1.689046e-06	-3.446364e-09	1.184322e+01	-2.035025e+02
9.400000e-07	1.840044e-06	-3.037759e-09	1.290199e+01	-1.794341e+02
9.500000e-07	1.990440e-06	-2.611155e-09	1.395653e+01	-1.541243e+02
9.600000e-07	2.140141e-06	-2.160235e-09	1.500620e+01	-1.274354e+02
9.700000e-07	2.289088e-06	-1.681119e-09	1.605058e+01	-9.924478e+01
9.800000e-07	2.437239e-06	-1.175021e-09	1.708939e+01	-6.946433e+01
9.900000e-07	2.584515e-06	-6.451163e-10	1.812205e+01	-3.805845e+01
1.000000e-06	2.730869e-06	-8.691963e-11	1.914826e+01	-5.059006e+00
1.010000e-06	2.876161e-06	4.980109e-10	2.016701e+01	2.942537e+01
1.020000e-06	3.020384e-06	1.103522e-09	2.117827e+01	6.520701e+01
1.030000e-06	3.163544e-06	1.724872e-09	2.218208e+01	1.020246e+02
1.040000e-06	3.305534e-06	2.360336e-09	2.317768e+01	1.395562e+02
1.050000e-06	3.446304e-06	3.003521e-09	2.416473e+01	1.774380e+02
1.060000e-06	3.585658e-06	3.643974e-09	2.514185e+01	2.152873e+02
1.070000e-06	3.723543e-06	4.274409e-09	2.610867e+01	2.527264e+02
1.080000e-06	3.860082e-06	4.892897e-09	2.706605e+01	2.894052e+02
1.090000e-06	3.995251e-06	5.495180e-09	2.801382e+01	3.250192e+02
1.100000e-06	4.128992e-06	6.071502e-09	2.895159e+01	3.593221e+02
1.110000e-06	4.261305e-06	6.623026e-09	2.987934e+01	3.921318e+02
1.120000e-06	4.392081e-06	7.149178e-09	3.079631e+01	4.233299e+02
1.130000e-06	4.521187e-06	7.648208e-09	3.170158e+01	4.528559e+02
1.140000e-06	4.648698e-06	8.119328e-09	3.259566e+01	4.806980e+02
1.150000e-06	4.774642e-06	8.559628e-09	3.347874e+01	5.068813e+02
1.160000e-06	4.898926e-06	8.970485e-09	3.435020e+01	5.314562e+02
1.170000e-06	5.021447e-06	9.356746e-09	3.520929e+01	5.544878e+02
1.180000e-06	5.142153e-06	9.720183e-09	3.605566e+01	5.760477e+02
1.190000e-06	5.261006e-06	1.005794e-08	3.688903e+01	5.962088e+02
1.200000e-06	5.377904e-06	1.037222e-08	3.770869e+01	6.150426e+02
1.210000e-06	5.492711e-06	1.066704e-08	3.851369e+01	6.326189e+02
1.220000e-06	5.605388e-06	1.094566e-08	3.930375e+01	6.490068e+02
1.230000e-06	5.716057e-06	1.120340e-08	4.007974e+01	6.642766e+02
1.240000e-06	5.824778e-06	1.144088e-08	4.084207e+01	6.784996e+02
1.250000e-06	5.931449e-06	1.166290e-08	4.159003e+01	6.917483e+02
1.260000e-06	6.035922e-06	1.187326e-08	4.232257e+01	7.040935e+02
1.270000e-06	6.138187e-06	1.206938e-08	4.303963e+01	7.156020e+02
1.280000e-06	6.238217e-06	1.224878e-08	4.374102e+01	7.263335e+02
1.290000e-06	6.335882e-06	1.241532e-08	4.442582e+01	7.363390e+02
1.300000e-06	6.431226e-06	1.256983e-08	4.509435e+01	7.456613e+02
1.310000e-06	6.524420e-06	1.271383e-08	4.574781e+01	7.543373e+02
1.320000e-06	6.615411e-06	1.284740e-08	4.638582e+01	7.624013e+02
1.330000e-06	6.703996e-06	1.297353e-08	4.700695e+01	7.698888e+02
1.340000e-06	6.790220e-06	1.309387e-08	4.761154e+01	7.768391e+02
1.350000e-06	6.874191e-06	1.320510e-08	4.820033e+01	7.832957e+02
1.360000e-06	6.955762e-06	1.330485e-08	4.877228e+01	7.893044e+02
1.370000e-06	7.034768e-06	1.339643e-08	4.932625e+01	7.949092e+02
1.380000e-06	7.111153e-06	1.348376e-08	4.986185e+01	8.001488e+02
1.390000e-06	7.184859e-06	1.356451e-08	5.037866e+01	8.050536e+02
1.400000e-06	7.255949e-06	1.363963e-08	5.087713e+01	8.096448e+02
1.410000e-06	7.324501e-06	1.371401e-08	5.135780e+01	8.139366e+02
1.420000e-06	7.390397e-06	1.378691e-08	5.181985e+01	8.179397e+02
1.430000e-06	7.453639e-06	1.385237e-08	5.226329e+01	8.216655e+02
1.440000e-06	7.514377e-06	1.390899e-08	5.268917e+01	8.251283e+02
1.450000e-06	7.572501e-06	1.396239e-08	5.309672e+01	8.283463e+02
1.460000e-06	7.627891e-06	1.401372e-08	5.348511e+01	8.313392e+02
1.470000e-06	7.680315e-06	1.405988e-08	5.385269e+01	8.341244e+02
1.480000e-06	7.729563e-06	1.410178e-08	5.419800e+01	8.367139e+02
1.490000e-06	7.775899e-06	1.414313e-08	5.452290e+01	8.391124e+02
1.500000e-06	7.819508e-06	1.418232e-08	5.482868e+01	8.413180e+02
1.510000e-06	7.860273e-06	1.421705e-08	5.511452e+01	8.433261e+02
1.520000e-06	7.898297e-06	1.424522e-08	5.538113e+01	8.451345e+02
1.530000e-06	7.933671e-06	1.427041e-08	5.562916e+01	8.467474e+02
1.540000e-06	7.966210e-06	1.429462e-08	5.585732e+01	8.481778e+02
1.550000e-06	7.995940e-06	1.431521e-08	5.606579e+01	8.494451e+02
1.560000e-06	8.022877e-06	1.433194e-08	5.625466e+01	8.505712e+02
1.570000e-06	8.046900e-06	1.434711e-08	5.642310e+01	8.515740e+02
1.580000e-06	8.068181e-06	1.436265e-08	5.657232e+01	8.524619e+02
1.590000e-06	8.086762e-06	1.437710e-08	5.670261e+01	8.532324e+02
1.600000e-06	8.102362e-06	1.438807e-08	5.681199e+01	8.538740e+02
1.610000e-06	8.114857e-06	1.439527e-08	5.689960e+01	8.543720e+02
1.620000e-06	8.124219e-06	1.440173e-08	5.696525e+01	8.547159e+02
1.630000e-06	8.130637e-06	1.440460e-08	5.701025e+01	8.549056e+02
1.640000e-06	8.134293e-06	1.440128e-08	5.703588e+01	8.549536e+02
1.650000e-06	8.135094e-06	1.439591e-08	5.704150e+01	8.548826e+02
1.660000e-06	8.133129e-06	1.440105e-08	5.702773e+01	8.547183e+02
1.670000e-06	8.128510e-06	1.439989e-08	5.699533e+01	8.544809e+02
1.680000e-06	8.121154e-06	1.439248e-08	5.694376e+01	8.541782e+02
1.690000e-06	8.111152e-06	1.438381e-08	5.687363e+01	8.538023e+02
1.700000e-06	8.098389e-06	1.437089e-08	5.678413e+01	8.533327e+02
1.710000e-06	8.082834e-06	1.434678e-08	5.667507e+01	8.527437e+02
1.720000e-06	8.064824e-06	1.431357e-08	5.654879e+01	8.520147e+02
1.730000e-06	8.044398e-06	1.438580e-08	5.640556e+01	8.511384e+02
1.740000e-06	8.020919e-06	1.438430e-08	5.624093e+01	8.501248e+02
1.750000e-06	7.993722e-06	1.430439e-08	5.605023e+01	8.489991e+02
1.760000e-06	7.962963e-06	1.427910e-08	5.583456e+01	8.477935e+02
1.770000e-06	7.929374e-06	1.426438e-08	5.559903e+01	8.465364e+02
1.780000e-06	7.893413e-06	1.417176e-08	5.534689e+01	8.452429e+02
1.790000e-06	7.855167e-06	1.421571e-08	5.507871e+01	8.439092e+02
1.800000e-06	7.814756e-06	1.423666e-08	5.479536e+01	8.425140e+02
1.810000e-06	7.771863e-06	1.408070e-08	5.449461e+01	8.410251e+02
1.820000e-06	7.726407e-06	1.420439e-08	5.417588e+01	8.394107e+02
1.830000e-06	7.678178e-06	1.411153e-08	5.383771e+01	8.376488e+02
1.840000e-06	7.626788e-06	1.407617e-08	5.347737e+01	8.357337e+02
1.850000e-06	7.572476e-06	1.407033e-08	5.309655e+01	8.336761e+02
1.860000e-06	7.515295e-06	1.391943e-08	5.269561e+01	8.314974e+02
1.870000e-06	7.455464e-06	1.401685e-08	5.227608e+01	8.292205e+02
1.880000e-06	7.392992e-06	1.389203e-08	5.183804e+01	8.268610e+02
1.890000e-06	7.327728e-06	1.389098e-08	5.138042e+01	8.244211e+02
1.900000e-06	7.259795e-06	1.387536e-08	5.090410e+01	8.218895e+02
1.910000e-06	7.189010e-06	1.377617e-08	5.040777e+01	8.192466e+02
1.920000e-06	7.115514e-06	1.378717e-08	4.989243e+01	8.164723e+02
1.930000e-06	7.039309e-06	1.365521e-08	4.935810e+01	8.135546e+02
1.940000e-06	6.960316e-06	1.365841e-08	4.880422e+01	8.104937e+02
1.950000e-06	6.878843e-06	1.356880e-08	4.823294e+01	8.073022e+02
1.960000e-06	6.794972e-06	1.354072e-08	4.764486e+01	8.039997e+02
1.970000e-06	6.708630e-06	1.351675e-08	4.703945e+01	8.006053e+02
1.980000e-06	6.619755e-06	1.340403e-08	4.641628e+01	7.971294e+02
1.990000e-06	6.528627e-06	1.338815e-08	4.577730e+01	7.935697e+02
2.000000e-06	6.435271e-06	1.328298e-08	4.512272e+01	7.899111e+02
2.010000e-06	6.339566e-06	1.324698e-08	4.445165e+01	7.861307e+02
2.020000e-06	6.241613e-06	1.315123e-08	4.376482e+01	7.822049e+02
2.030000e-06	6.141474e-06	1.309992e-08	4.306267e+01	7.781168e+02
2.040000e-06	6.039136e-06	1.303502e-08	4.234510e+01	7.738606e+02
2.050000e-06	5.934551e-06	1.295558e-08	4.161177e+01	7.694419e+02
2.060000e-06	5.827899e-06	1.288438e-08	4.086395e+01	7.648740e+02
2.070000e-06	5.719248e-06	1.278481e-08	4.010212e+01	7.601717e+02
2.080000e-06	5.608486e-06	1.271942e-08	3.932548e+01	7.553456e+02
2.090000e-06	5.495549e-06	1.262022e-08	3.853359e+01	7.503986e+02
2.100000e-06	5.380555e-06	1.254633e-08	3.772728e+01	7.453250e+02
2.110000e-06	5.263504e-06	1.244483e-08	3.690654e+01	7.401145e+02
2.120000e-06	5.144339e-06	1.236855e-08	3.607098e+01	7.347559e+02
2.130000e-06	5.023250e-06	1.226757e-08	3.522193e+01	7.292418e+02
2.140000e-06	4.900389e-06	1.217487e-08	3.436045e+01	7.235712e+02
2.150000e-06	4.775800e-06	1.207114e-08	3.348687e+01	7.177483e+02
2.160000e-06	4.649468e-06	1.197395e-08	3.260105e+01	7.117802e+02
2.170000e-06	4.521423e-06	1.187387e-08	3.170323e+01	7.056724e+02
2.180000e-06	4.391703e-06	1.176330e-08	3.079366e+01	6.994256e+02
2.190000e-06	4.260443e-06	1.165976e-08	2.987330e+01	6.930341e+02
2.200000e-06	4.127768e-06	1.154411e-08	2.894301e+01	6.864866e+02
2.210000e-06	3.993638e-06	1.144080e-08	2.800252e+01	6.797692e+02
2.220000e-06	3.857998e-06	1.132170e-08	2.705144e+01	6.728688e+02
2.230000e-06	3.720887e-06	1.120678e-08	2.609005e+01	6.657758e+02
2.240000e-06	3.582431e-06	1.107950e-08	2.511923e+01	6.584849e+02
2.250000e-06	3.442745e-06	1.095420e-08	2.413978e+01	6.509950e+02
2.260000e-06	3.301838e-06	1.082181e-08	2.315176e+01	6.433064e+02
2.270000e-06	3.159578e-06	1.068789e-08	2.215427e+01	6.354189e+02
2.280000e-06	3.016047e-06	1.055109e-08	2.114786e+01	6.273299e+02
2.290000e-06	2.871372e-06	1.041269e-08	2.013343e+01	6.190343e+02
2.300000e-06	2.725671e-06	1.026926e-08	1.911181e+01	6.105251e+02
2.310000e-06	2.579062e-06	1.011971e-08	1.808382e+01	6.017945e+02
2.320000e-06	2.431586e-06	9.967192e-09	1.704975e+01	5.928354e+02
2.330000e-06	2.283358e-06	9.812669e-09	1.601040e+01	5.836410e+02
2.340000e-06	2.134344e-06	9.654429e-09	1.496556e+01	5.742043e+02
2.350000e-06	1.984502e-06	9.489952e-09	1.391490e+01	5.645162e+02
2.360000e-06	1.833918e-06	9.323024e-09	1.285903e+01	5.545648e+02
2.370000e-06	1.682689e-06	9.149772e-09	1.179865e+01	5.443350e+02
2.380000e-06	1.530851e-06	8.971154e-09	1.073400e+01	5.338102e+02
2.390000e-06	1.378439e-06	8.783976e-09	9.665312e+00	5.229740e+02
2.400000e-06	1.225537e-06	8.596597e-09	8.593199e+00	5.118125e+02
2.410000e-06	1.072199e-06	8.406013e-09	7.518022e+00	5.003151e+02
2.420000e-06	9.184648e-07	8.211154e-09	6.440074e+00	4.884733e+02
2.430000e-06	7.643941e-07	8.004551e-09	5.359765e+00	4.762767e+02
2.440000e-06	6.100599e-07	7.789673e-09	4.277606e+00	4.637089e+02
2.450000e-06	4.555267e-07	7.570782e-09	3.194054e+00	4.507427e+02
2.460000e-06	3.008618e-07	7.344423e-09	2.109577e+00	4.373371e+02
2.470000e-06	1.461335e-07	7.109437e-09	1.024656e+00	4.234383e+02
2.480000e-06	-8.606337e-09	6.863777e-09	-6.034575e-02	4.089833e+02
2.490000e-06	-1.633556e-07	6.610835e-09	-1.145414e+00	3.939071e+02
2.500000e-06	-3.181022e-07	6.348776e-09	-2.230463e+00	3.781504e+02
2.510000e-06	-4.727187e-07	6.074235e-09	-3.314600e+00	3.616667e+02
2.520000e-06	-6.271220e-07	5.783099e-09	-4.397242e+00	3.444253e+02
2.530000e-06	-7.812715e-07	5.475941e-09	-5.478105e+00	3.264105e+02
2.540000e-06	-9.351110e-07	5.156400e-09	-6.556794e+00	3.076156e+02
2.550000e-06	-1.088612e-06	4.826526e-09	-7.633108e+00	2.880338e+02
2.560000e-06	-1.241635e-06	4.486211e-09	-8.706075e+00	2.676469e+02
2.570000e-06	-1.394141e-06	4.133004e-09	-9.775414e+00	2.464158e+02
2.580000e-06	-1.546209e-06	3.765570e-09	-1.084168e+01	2.242733e+02
2.590000e-06	-1.697768e-06	3.380104e-09	-1.190438e+01	2.011227e+02
2.600000e-06	-1.848678e-06	2.971765e-09	-1.296253e+01	1.768425e+02
2.610000e-06	-1.998872e-06	2.539844e-09	-1.401565e+01	1.512960e+02
2.620000e-06	-2.148292e-06	2.083205e-09	-1.506335e+01	1.243468e+02
2.630000e-06	-2.296917e-06	1.604679e-09	-1.610548e+01	9.587712e+01
2.640000e-06	-2.444793e-06	1.102333e-09	-1.714235e+01	6.580689e+01
2.650000e-06	-2.591841e-06	5.733017e-10	-1.817343e+01	3.411162e+01
2.660000e-06	-2.737994e-06	1.799301e-11	-1.919822e+01	8.363856e-01
2.670000e-06	-2.883173e-06	-5.620768e-10	-2.021618e+01	-3.389601e+01
2.680000e-06	-3.027273e-06	-1.166070e-09	-2.122658e+01	-6.988412e+01
2.690000e-06	-3.170238e-06	-1.789599e-09	-2.222901e+01	-1.068547e+02
2.700000e-06	-3.311911e-06	-2.422433e-09	-2.322240e+01	-1.444767e+02
2.710000e-06	-3.452291e-06	-3.059248e-09	-2.420671e+01	-1.823813e+02
2.720000e-06	-3.591401e-06	-3.693423e-09	-2.518212e+01	-2.201849e+02
2.730000e-06	-3.729170e-06	-4.319176e-09	-2.614812e+01	-2.575132e+02
2.740000e-06	-3.865621e-06	-4.930888e-09	-2.710489e+01	-2.940230e+02
2.750000e-06	-4.000648e-06	-5.525103e-09	-2.805167e+01	-3.294194e+02
2.760000e-06	-4.134161e-06	-6.099250e-09	-2.898783e+01	-3.634676e+02
2.770000e-06	-4.266269e-06	-6.648883e-09	-2.991415e+01	-3.959967e+02
2.780000e-06	-4.396942e-06	-7.170472e-09	-3.083040e+01	-4.268995e+02
2.790000e-06	-4.526028e-06	-7.662765e-09	-3.173552e+01	-4.561248e+02
2.800000e-06	-4.653506e-06	-8.125854e-09	-3.262937e+01	-4.836684e+02
2.810000e-06	-4.779333e-06	-8.564275e-09	-3.351164e+01	-5.095606e+02
2.820000e-06	-4.903496e-06	-8.976641e-09	-3.438225e+01	-5.338551e+02
2.830000e-06	-5.025958e-06	-9.360993e-09	-3.524092e+01	-5.566189e+02
2.840000e-06	-5.146561e-06	-9.720777e-09	-3.608656e+01	-5.779241e+02
2.850000e-06	-5.265192e-06	-1.005604e-08	-3.691837e+01	-5.978434e+02
2.860000e-06	-5.381729e-06	-1.036839e-08	-3.773551e+01	-6.164479e+02
2.870000e-06	-5.496082e-06	-1.066000e-08	-3.853733e+01	-6.338072e+02
2.880000e-06	-5.608148e-06	-1.093253e-08	-3.932311e+01	-6.499907e+02
2.890000e-06	-5.718107e-06	-1.118685e-08	-4.009412e+01	-6.650686e+02
2.900000e-06	-5.826174e-06	-1.142550e-08	-4.085186e+01	-6.791127e+02
2.910000e-06	-5.932282e-06	-1.164737e-08	-4.159587e+01	-6.921953e+02
2.920000e-06	-6.036304e-06	-1.185258e-08	-4.232524e+01	-7.043868e+02
2.930000e-06	-6.138068e-06	-1.204343e-08	-4.303879e+01	-7.157527e+02
2.940000e-06	-6.237579e-06	-1.222059e-08	-4.373654e+01	-7.263514e+02
2.950000e-06	-6.334945e-06	-1.238542e-08	-4.441925e+01	-7.362323e+02
2.960000e-06	-6.430133e-06	-1.254042e-08	-4.508669e+01	-7.454371e+02
2.970000e-06	-6.523037e-06	-1.268671e-08	-4.573811e+01	-7.540016e+02
2.980000e-06	-6.613638e-06	-1.282303e-08	-4.637338e+01	-7.619603e+02
2.990000e-06	-6.702010e-06	-1.294931e-08	-4.699303e+01	-7.693492e+02
3.000000e-06	-6.787992e-06	-1.306551e-08	-4.759591e+01	-7.762084e+02
3.010000e-06	-6.871492e-06	-1.317314e-08	-4.818140e+01	-7.825821e+02
3.020000e-06	-6.952651e-06	-1.327183e-08	-4.875047e+01	-7.885159e+02
3.030000e-06	-7.031275e-06	-1.336431e-08	-4.930176e+01	-7.940532e+02
3.040000e-06	-7.107088e-06	-1.345052e-08	-4.983334e+01	-7.992314e+02
3.050000e-06	-7.180237e-06	-1.353174e-08	-5.034625e+01	-8.040792e+02
3.060000e-06	-7.250844e-06	-1.361012e-08	-5.084134e+01	-8.086164e+02
3.070000e-06	-7.318824e-06	-1.368406e-08	-5.131799e+01	-8.128563e+02
3.080000e-06	-7.384253e-06	-1.374854e-08	-5.177677e+01	-8.168094e+02
3.090000e-06	-7.447129e-06	-1.380712e-08	-5.221764e+01	-8.204874e+02
3.100000e-06	-7.507349e-06	-1.386488e-08	-5.263989e+01	-8.239055e+02
3.110000e-06	-7.564871e-06	-1.391809e-08	-5.304322e+01	-8.270822e+02
3.120000e-06	-7.619594e-06	-1.396654e-08	-5.342692e+01	-8.300371e+02
3.130000e-06	-7.671398e-06	-1.401266e-08	-5.379017e+01	-8.327871e+02
3.140000e-06	-7.720054e-06	-1.405697e-08	-5.413133e+01	-8.353428e+02
3.150000e-06	-7.765766e-06	-1.409707e-08	-5.445185e+01	-8.377074e+02
3.160000e-06	-7.809031e-06	-1.413211e-08	-5.475522e+01	-8.398785e+02
3.170000e-06	-7.849770e-06	-1.416282e-08	-5.504087e+01	-8.418513e+02
3.180000e-06	-7.887684e-06	-1.419307e-08	-5.530672e+01	-8.436246e+02
3.190000e-06	-7.922822e-06	-1.422190e-08	-5.555310e+01	-8.452041e+02
3.200000e-06	-7.955217e-06	-1.424689e-08	-5.578024e+01	-8.466041e+02
3.210000e-06	-7.984684e-06	-1.426892e-08	-5.598686e+01	-8.478450e+02
3.220000e-06	-8.011303e-06	-1.428898e-08	-5.617351e+01	-8.489484e+02
3.230000e-06	-8.035165e-06	-1.430686e-08	-5.634082e+01	-8.499307e+02
3.240000e-06	-8.056129e-06	-1.432192e-08	-5.648781e+01	-8.507985e+02
3.250000e-06	-8.074245e-06	-1.433195e-08	-5.661484e+01	-8.515474e+02
3.260000e-06	-8.089491e-06	-1.434041e-08	-5.672175e+01	-8.521647e+02
3.270000e-06	-8.101595e-06	-1.435018e-08	-5.680662e+01	-8.526361e+02
3.280000e-06	-8.110727e-06	-1.435748e-08	-5.687065e+01	-8.529525e+02
3.290000e-06	-8.116974e-06	-1.436005e-08	-5.691445e+01	-8.531160e+02
3.300000e-06	-8.120303e-06	-1.436416e-08	-5.693779e+01	-8.531413e+02
3.310000e-06	-8.120930e-06	-1.436397e-08	-5.694218e+01	-8.530521e+02
