# Temperatura_=_54.03
# Concentracion g/m^3_=_11780.0
# C_Vs_to_Am_M_A/Vsm_=_59384043850.047264
# pendiente_HvsI_1/m_=_3716.3
# ordenada_HvsI_A/m_=_1297.0
# frecuencia_Hz_=_301498.95187112654

Tiempo_(s)	Campo_(V.s)	Magnetizacion_(V.s)	Campo_(kA/m)	Magnetizacion_(A/m)
0.000000e+00	-8.118167e-06	-1.459983e-08	-5.692726e+01	-8.670909e+02
1.000000e-08	-8.114226e-06	-1.459271e-08	-5.689963e+01	-8.667736e+02
2.000000e-08	-8.107650e-06	-1.458612e-08	-5.685352e+01	-8.663421e+02
3.000000e-08	-8.098377e-06	-1.458077e-08	-5.678849e+01	-8.658263e+02
4.000000e-08	-8.086191e-06	-1.457271e-08	-5.670304e+01	-8.652455e+02
5.000000e-08	-8.070974e-06	-1.456274e-08	-5.659633e+01	-8.645999e+02
6.000000e-08	-8.052975e-06	-1.455837e-08	-5.647011e+01	-8.638701e+02
7.000000e-08	-8.032535e-06	-1.453593e-08	-5.632678e+01	-8.630252e+02
8.000000e-08	-8.009240e-06	-1.447754e-08	-5.616343e+01	-8.620373e+02
9.000000e-08	-7.982580e-06	-1.446177e-08	-5.597649e+01	-8.608956e+02
1.000000e-07	-7.952828e-06	-1.447614e-08	-5.576785e+01	-8.596141e+02
1.100000e-07	-7.920320e-06	-1.445851e-08	-5.553989e+01	-8.582300e+02
1.200000e-07	-7.885126e-06	-1.442258e-08	-5.529311e+01	-8.567920e+02
1.300000e-07	-7.847594e-06	-1.441877e-08	-5.502991e+01	-8.553419e+02
1.400000e-07	-7.807906e-06	-1.439631e-08	-5.475161e+01	-8.538985e+02
1.500000e-07	-7.765647e-06	-1.433464e-08	-5.445528e+01	-8.524479e+02
1.600000e-07	-7.720568e-06	-1.435300e-08	-5.413917e+01	-8.509462e+02
1.700000e-07	-7.672749e-06	-1.427403e-08	-5.380385e+01	-8.493329e+02
1.800000e-07	-7.621806e-06	-1.424058e-08	-5.344661e+01	-8.475509e+02
1.900000e-07	-7.567790e-06	-1.425007e-08	-5.306784e+01	-8.455653e+02
2.000000e-07	-7.511091e-06	-1.418003e-08	-5.267025e+01	-8.433740e+02
2.100000e-07	-7.451676e-06	-1.415564e-08	-5.225361e+01	-8.410068e+02
2.200000e-07	-7.389643e-06	-1.408870e-08	-5.181861e+01	-8.385122e+02
2.300000e-07	-7.324898e-06	-1.406892e-08	-5.136460e+01	-8.359382e+02
2.400000e-07	-7.257379e-06	-1.402575e-08	-5.089113e+01	-8.333144e+02
2.500000e-07	-7.187213e-06	-1.396745e-08	-5.039911e+01	-8.306414e+02
2.600000e-07	-7.114369e-06	-1.393073e-08	-4.988830e+01	-8.278924e+02
2.700000e-07	-7.038735e-06	-1.388652e-08	-4.935793e+01	-8.250253e+02
2.800000e-07	-6.960259e-06	-1.385058e-08	-4.880763e+01	-8.220001e+02
2.900000e-07	-6.879128e-06	-1.376470e-08	-4.823872e+01	-8.187954e+02
3.000000e-07	-6.795629e-06	-1.371131e-08	-4.765319e+01	-8.154161e+02
3.100000e-07	-6.709889e-06	-1.365724e-08	-4.705195e+01	-8.118901e+02
3.200000e-07	-6.621848e-06	-1.359658e-08	-4.643458e+01	-8.082561e+02
3.300000e-07	-6.531450e-06	-1.354586e-08	-4.580068e+01	-8.045464e+02
3.400000e-07	-6.438742e-06	-1.347876e-08	-4.515058e+01	-8.007729e+02
3.500000e-07	-6.343694e-06	-1.342009e-08	-4.448407e+01	-7.969216e+02
3.600000e-07	-6.246316e-06	-1.335067e-08	-4.380123e+01	-7.929580e+02
3.700000e-07	-6.146637e-06	-1.327811e-08	-4.310225e+01	-7.888402e+02
3.800000e-07	-6.044711e-06	-1.319144e-08	-4.238751e+01	-7.845356e+02
3.900000e-07	-5.940617e-06	-1.311728e-08	-4.165756e+01	-7.800336e+02
4.000000e-07	-5.834455e-06	-1.305170e-08	-4.091312e+01	-7.753491e+02
4.100000e-07	-5.726217e-06	-1.297862e-08	-4.015412e+01	-7.705157e+02
4.200000e-07	-5.615893e-06	-1.289781e-08	-3.938050e+01	-7.655715e+02
4.300000e-07	-5.503536e-06	-1.281104e-08	-3.859261e+01	-7.605434e+02
4.400000e-07	-5.389091e-06	-1.272692e-08	-3.779008e+01	-7.554361e+02
4.500000e-07	-5.272468e-06	-1.263473e-08	-3.697228e+01	-7.502298e+02
4.600000e-07	-5.153774e-06	-1.253870e-08	-3.613996e+01	-7.448882e+02
4.700000e-07	-5.033269e-06	-1.244385e-08	-3.529494e+01	-7.393727e+02
4.800000e-07	-4.910931e-06	-1.235890e-08	-3.443707e+01	-7.336574e+02
4.900000e-07	-4.786731e-06	-1.226784e-08	-3.356613e+01	-7.277374e+02
5.000000e-07	-4.660887e-06	-1.216455e-08	-3.268368e+01	-7.216299e+02
5.100000e-07	-4.533442e-06	-1.205292e-08	-3.178999e+01	-7.153646e+02
5.200000e-07	-4.404353e-06	-1.194538e-08	-3.088478e+01	-7.089697e+02
5.300000e-07	-4.273644e-06	-1.183534e-08	-2.996820e+01	-7.024587e+02
5.400000e-07	-4.141313e-06	-1.171979e-08	-2.904025e+01	-6.958230e+02
5.500000e-07	-4.007522e-06	-1.160334e-08	-2.810206e+01	-6.890335e+02
5.600000e-07	-3.872296e-06	-1.149138e-08	-2.715381e+01	-6.820509e+02
5.700000e-07	-3.735572e-06	-1.137855e-08	-2.619506e+01	-6.748394e+02
5.800000e-07	-3.597480e-06	-1.125255e-08	-2.522671e+01	-6.673794e+02
5.900000e-07	-3.458070e-06	-1.111975e-08	-2.424913e+01	-6.596729e+02
6.000000e-07	-3.317237e-06	-1.098738e-08	-2.326156e+01	-6.517411e+02
6.100000e-07	-3.175041e-06	-1.085435e-08	-2.226443e+01	-6.436135e+02
6.200000e-07	-3.031614e-06	-1.071233e-08	-2.125868e+01	-6.353148e+02
6.300000e-07	-2.887081e-06	-1.056829e-08	-2.024516e+01	-6.268535e+02
6.400000e-07	-2.741527e-06	-1.042462e-08	-1.922449e+01	-6.182172e+02
6.500000e-07	-2.595022e-06	-1.028035e-08	-1.819715e+01	-6.093764e+02
6.600000e-07	-2.447637e-06	-1.012715e-08	-1.716363e+01	-6.002935e+02
6.700000e-07	-2.299380e-06	-9.965001e-09	-1.612401e+01	-5.909351e+02
6.800000e-07	-2.150265e-06	-9.800248e-09	-1.507837e+01	-5.812810e+02
6.900000e-07	-2.000379e-06	-9.636669e-09	-1.402732e+01	-5.713274e+02
7.000000e-07	-1.849859e-06	-9.470511e-09	-1.297182e+01	-5.610827e+02
7.100000e-07	-1.698754e-06	-9.292596e-09	-1.191223e+01	-5.505587e+02
7.200000e-07	-1.547067e-06	-9.107225e-09	-1.084855e+01	-5.397614e+02
7.300000e-07	-1.394815e-06	-8.919681e-09	-9.780900e+00	-5.286839e+02
7.400000e-07	-1.242078e-06	-8.730970e-09	-8.709858e+00	-5.173055e+02
7.500000e-07	-1.088848e-06	-8.533369e-09	-7.635362e+00	-5.055959e+02
7.600000e-07	-9.351632e-07	-8.328021e-09	-6.557673e+00	-4.935221e+02
7.700000e-07	-7.812024e-07	-8.119383e-09	-5.478049e+00	-4.810547e+02
7.800000e-07	-6.270153e-07	-7.907318e-09	-4.396838e+00	-4.681701e+02
7.900000e-07	-4.725885e-07	-7.685254e-09	-3.313947e+00	-4.548478e+02
8.000000e-07	-3.180343e-07	-7.448493e-09	-2.230162e+00	-4.410636e+02
8.100000e-07	-1.634225e-07	-7.203925e-09	-1.145973e+00	-4.267824e+02
8.200000e-07	-8.761582e-09	-6.954674e-09	-6.143910e-02	-4.119541e+02
8.300000e-07	1.459314e-07	-6.697047e-09	1.023319e+00	-3.965151e+02
8.400000e-07	3.005879e-07	-6.422984e-09	2.107821e+00	-3.803954e+02
8.500000e-07	4.551302e-07	-6.139225e-09	3.191523e+00	-3.635300e+02
8.600000e-07	6.094708e-07	-5.846731e-09	4.273810e+00	-3.458687e+02
8.700000e-07	7.636200e-07	-5.537271e-09	5.354755e+00	-3.273813e+02
8.800000e-07	9.175575e-07	-5.207514e-09	6.434215e+00	-3.080552e+02
8.900000e-07	1.071126e-06	-4.862455e-09	7.511090e+00	-2.878845e+02
9.000000e-07	1.224266e-06	-4.510896e-09	8.584956e+00	-2.668547e+02
9.100000e-07	1.376948e-06	-4.145723e-09	9.655611e+00	-2.449263e+02
9.200000e-07	1.529086e-06	-3.758162e-09	1.072245e+01	-2.220231e+02
9.300000e-07	1.680688e-06	-3.347846e-09	1.178554e+01	-1.980293e+02
9.400000e-07	1.831811e-06	-2.920832e-09	1.284526e+01	-1.727962e+02
9.500000e-07	1.982348e-06	-2.474176e-09	1.390088e+01	-1.461580e+02
9.600000e-07	2.132173e-06	-1.997223e-09	1.495150e+01	-1.179545e+02
9.700000e-07	2.281150e-06	-1.488184e-09	1.599618e+01	-8.805469e+01
9.800000e-07	2.429247e-06	-9.517744e-10	1.703468e+01	-5.638025e+01
9.900000e-07	2.576495e-06	-3.881865e-10	1.806723e+01	-2.292397e+01
1.000000e-06	2.722796e-06	2.085464e-10	1.909314e+01	1.223746e+01
1.010000e-06	2.868058e-06	8.360514e-10	2.011177e+01	4.893772e+01
1.020000e-06	3.012335e-06	1.480524e-09	2.112349e+01	8.692250e+01
1.030000e-06	3.155582e-06	2.133448e-09	2.212798e+01	1.258591e+02
1.040000e-06	3.297676e-06	2.797585e-09	2.312439e+01	1.653534e+02
1.050000e-06	3.438500e-06	3.469158e-09	2.411190e+01	2.049747e+02
1.060000e-06	3.577955e-06	4.133454e-09	2.508980e+01	2.442840e+02
1.070000e-06	3.716052e-06	4.782262e-09	2.605818e+01	2.828651e+02
1.080000e-06	3.852763e-06	5.415541e-09	2.701684e+01	3.203521e+02
1.090000e-06	3.988068e-06	6.029538e-09	2.796565e+01	3.564497e+02
1.100000e-06	4.121934e-06	6.611349e-09	2.890436e+01	3.909431e+02
1.110000e-06	4.254240e-06	7.158232e-09	2.983213e+01	4.236973e+02
1.120000e-06	4.385026e-06	7.674794e-09	3.074925e+01	4.546464e+02
1.130000e-06	4.514257e-06	8.165157e-09	3.165546e+01	4.837776e+02
1.140000e-06	4.641851e-06	8.627022e-09	3.255019e+01	5.111146e+02
1.150000e-06	4.767894e-06	9.055869e-09	3.343405e+01	5.367036e+02
1.160000e-06	4.892289e-06	9.456306e-09	3.430634e+01	5.606045e+02
1.170000e-06	5.014927e-06	9.832105e-09	3.516632e+01	5.828882e+02
1.180000e-06	5.135807e-06	1.018259e-08	3.601397e+01	6.036354e+02
1.190000e-06	5.254829e-06	1.050338e-08	3.684860e+01	6.229372e+02
1.200000e-06	5.371782e-06	1.079999e-08	3.766871e+01	6.408923e+02
1.210000e-06	5.486630e-06	1.107925e-08	3.847406e+01	6.576019e+02
1.220000e-06	5.599439e-06	1.134334e-08	3.926511e+01	6.731636e+02
1.230000e-06	5.710226e-06	1.158758e-08	4.004198e+01	6.876644e+02
1.240000e-06	5.819008e-06	1.181255e-08	4.080480e+01	7.011780e+02
1.250000e-06	5.925725e-06	1.202457e-08	4.155314e+01	7.137656e+02
1.260000e-06	6.030273e-06	1.222421e-08	4.228626e+01	7.254806e+02
1.270000e-06	6.132666e-06	1.240792e-08	4.300427e+01	7.363748e+02
1.280000e-06	6.232781e-06	1.257559e-08	4.370631e+01	7.465028e+02
1.290000e-06	6.330552e-06	1.273236e-08	4.439192e+01	7.559240e+02
1.300000e-06	6.426068e-06	1.287740e-08	4.506171e+01	7.646991e+02
1.310000e-06	6.519374e-06	1.301218e-08	4.571600e+01	7.728848e+02
1.320000e-06	6.610462e-06	1.313844e-08	4.635474e+01	7.805274e+02
1.330000e-06	6.699207e-06	1.325800e-08	4.697705e+01	7.876604e+02
1.340000e-06	6.785594e-06	1.337193e-08	4.758282e+01	7.943059e+02
1.350000e-06	6.869653e-06	1.347743e-08	4.817227e+01	8.004808e+02
1.360000e-06	6.951301e-06	1.357246e-08	4.874482e+01	8.062052e+02
1.370000e-06	7.030412e-06	1.365945e-08	4.929957e+01	8.115094e+02
1.380000e-06	7.106835e-06	1.374079e-08	4.983547e+01	8.164362e+02
1.390000e-06	7.180557e-06	1.381619e-08	5.035243e+01	8.210370e+02
1.400000e-06	7.251725e-06	1.388635e-08	5.085149e+01	8.253633e+02
1.410000e-06	7.320361e-06	1.395724e-08	5.133278e+01	8.294561e+02
1.420000e-06	7.386386e-06	1.402796e-08	5.179577e+01	8.333375e+02
1.430000e-06	7.449779e-06	1.409128e-08	5.224031e+01	8.370089e+02
1.440000e-06	7.510638e-06	1.414706e-08	5.266707e+01	8.404559e+02
1.450000e-06	7.568872e-06	1.420043e-08	5.307542e+01	8.436582e+02
1.460000e-06	7.624369e-06	1.425187e-08	5.346459e+01	8.466022e+02
1.470000e-06	7.676938e-06	1.429753e-08	5.383322e+01	8.492894e+02
1.480000e-06	7.726308e-06	1.433639e-08	5.417942e+01	8.517388e+02
1.490000e-06	7.772737e-06	1.437279e-08	5.450500e+01	8.539821e+02
1.500000e-06	7.816459e-06	1.440969e-08	5.481159e+01	8.560532e+02
1.510000e-06	7.857360e-06	1.444329e-08	5.509840e+01	8.579769e+02
1.520000e-06	7.895517e-06	1.447183e-08	5.536597e+01	8.597617e+02
1.530000e-06	7.930973e-06	1.449860e-08	5.561459e+01	8.613990e+02
1.540000e-06	7.963631e-06	1.452580e-08	5.584361e+01	8.628697e+02
1.550000e-06	7.993528e-06	1.454926e-08	5.605325e+01	8.641552e+02
1.560000e-06	8.020686e-06	1.456639e-08	5.624370e+01	8.652480e+02
1.570000e-06	8.045006e-06	1.457872e-08	5.641423e+01	8.661577e+02
1.580000e-06	8.066489e-06	1.459094e-08	5.656488e+01	8.669092e+02
1.590000e-06	8.085163e-06	1.460379e-08	5.669582e+01	8.675348e+02
1.600000e-06	8.100912e-06	1.461336e-08	5.680627e+01	8.680619e+02
1.610000e-06	8.113592e-06	1.461971e-08	5.689518e+01	8.685037e+02
1.620000e-06	8.123128e-06	1.462665e-08	5.696205e+01	8.688549e+02
1.630000e-06	8.129728e-06	1.463182e-08	5.700833e+01	8.690953e+02
1.640000e-06	8.133534e-06	1.463155e-08	5.703502e+01	8.691999e+02
1.650000e-06	8.134458e-06	1.462694e-08	5.704150e+01	8.691513e+02
1.660000e-06	8.132633e-06	1.462668e-08	5.702871e+01	8.689482e+02
1.670000e-06	8.128181e-06	1.462375e-08	5.699749e+01	8.686078e+02
1.680000e-06	8.120987e-06	1.461414e-08	5.694704e+01	8.681588e+02
1.690000e-06	8.111131e-06	1.460175e-08	5.687793e+01	8.676300e+02
1.700000e-06	8.098501e-06	1.458696e-08	5.678936e+01	8.670378e+02
1.710000e-06	8.083019e-06	1.456561e-08	5.668080e+01	8.663786e+02
1.720000e-06	8.065084e-06	1.454220e-08	5.655503e+01	8.656302e+02
1.730000e-06	8.044803e-06	1.458798e-08	5.641281e+01	8.647610e+02
1.740000e-06	8.021468e-06	1.458254e-08	5.624918e+01	8.637454e+02
1.750000e-06	7.994432e-06	1.452486e-08	5.605959e+01	8.625765e+02
1.760000e-06	7.963878e-06	1.449825e-08	5.584534e+01	8.612729e+02
1.770000e-06	7.930417e-06	1.447303e-08	5.561070e+01	8.598752e+02
1.780000e-06	7.894529e-06	1.440300e-08	5.535904e+01	8.584320e+02
1.790000e-06	7.856402e-06	1.443231e-08	5.509168e+01	8.569821e+02
1.800000e-06	7.816084e-06	1.442113e-08	5.480896e+01	8.555389e+02
1.810000e-06	7.773294e-06	1.432309e-08	5.450890e+01	8.540827e+02
1.820000e-06	7.727924e-06	1.439506e-08	5.419075e+01	8.525652e+02
1.830000e-06	7.679803e-06	1.432211e-08	5.385331e+01	8.509252e+02
1.840000e-06	7.628631e-06	1.430729e-08	5.349448e+01	8.491081e+02
1.850000e-06	7.574519e-06	1.427937e-08	5.311503e+01	8.470844e+02
1.860000e-06	7.517543e-06	1.419875e-08	5.271549e+01	8.448584e+02
1.870000e-06	7.457888e-06	1.424092e-08	5.229717e+01	8.424642e+02
1.880000e-06	7.395511e-06	1.414078e-08	5.185976e+01	8.399517e+02
1.890000e-06	7.330361e-06	1.412604e-08	5.140291e+01	8.373670e+02
1.900000e-06	7.262625e-06	1.406768e-08	5.092792e+01	8.347348e+02
1.910000e-06	7.192031e-06	1.399973e-08	5.043289e+01	8.320504e+02
1.920000e-06	7.118704e-06	1.399037e-08	4.991870e+01	8.292831e+02
1.930000e-06	7.042677e-06	1.390391e-08	4.938557e+01	8.263899e+02
1.940000e-06	6.963842e-06	1.389925e-08	4.883276e+01	8.233331e+02
1.950000e-06	6.882502e-06	1.381638e-08	4.826237e+01	8.200956e+02
1.960000e-06	6.798694e-06	1.377612e-08	4.767468e+01	8.166871e+02
1.970000e-06	6.712467e-06	1.371174e-08	4.707003e+01	8.131385e+02
1.980000e-06	6.623798e-06	1.361640e-08	4.644826e+01	8.094886e+02
1.990000e-06	6.532795e-06	1.357818e-08	4.581011e+01	8.057669e+02
2.000000e-06	6.439530e-06	1.349752e-08	4.515611e+01	8.019808e+02
2.010000e-06	6.343924e-06	1.346171e-08	4.448568e+01	7.981121e+02
2.020000e-06	6.246081e-06	1.337530e-08	4.379958e+01	7.941235e+02
2.030000e-06	6.146040e-06	1.332158e-08	4.309806e+01	7.899737e+02
2.040000e-06	6.043809e-06	1.324434e-08	4.238118e+01	7.856335e+02
2.050000e-06	5.939334e-06	1.316397e-08	4.164857e+01	7.810967e+02
2.060000e-06	5.832773e-06	1.307682e-08	4.090133e+01	7.763823e+02
2.070000e-06	5.724224e-06	1.298100e-08	4.014014e+01	7.715260e+02
2.080000e-06	5.613600e-06	1.291037e-08	3.936441e+01	7.665649e+02
2.090000e-06	5.500817e-06	1.282113e-08	3.857354e+01	7.615227e+02
2.100000e-06	5.385860e-06	1.274340e-08	3.776742e+01	7.563993e+02
2.110000e-06	5.268865e-06	1.264901e-08	3.694702e+01	7.511713e+02
2.120000e-06	5.149787e-06	1.257101e-08	3.611200e+01	7.458009e+02
2.130000e-06	5.028768e-06	1.246849e-08	3.526338e+01	7.402507e+02
2.140000e-06	4.905967e-06	1.236587e-08	3.440226e+01	7.344980e+02
2.150000e-06	4.781416e-06	1.225605e-08	3.352886e+01	7.285424e+02
2.160000e-06	4.655205e-06	1.215858e-08	3.264383e+01	7.224039e+02
2.170000e-06	4.527337e-06	1.205844e-08	3.174718e+01	7.161132e+02
2.180000e-06	4.397796e-06	1.195092e-08	3.083879e+01	7.096967e+02
2.190000e-06	4.266669e-06	1.184260e-08	2.991929e+01	7.031643e+02
2.200000e-06	4.134038e-06	1.172976e-08	2.898924e+01	6.965033e+02
2.210000e-06	4.000053e-06	1.161879e-08	2.804969e+01	6.896818e+02
2.220000e-06	3.864599e-06	1.149344e-08	2.709984e+01	6.826602e+02
2.230000e-06	3.727577e-06	1.137009e-08	2.613900e+01	6.754048e+02
2.240000e-06	3.589181e-06	1.124435e-08	2.516852e+01	6.678995e+02
2.250000e-06	3.449489e-06	1.111985e-08	2.418895e+01	6.601504e+02
2.260000e-06	3.308536e-06	1.098439e-08	2.320055e+01	6.521809e+02
2.270000e-06	3.166331e-06	1.084387e-08	2.220335e+01	6.440209e+02
2.280000e-06	3.023013e-06	1.070143e-08	2.119836e+01	6.356926e+02
2.290000e-06	2.878562e-06	1.056022e-08	2.018542e+01	6.272011e+02
2.300000e-06	2.732972e-06	1.041241e-08	1.916450e+01	6.185305e+02
2.310000e-06	2.586402e-06	1.025993e-08	1.813671e+01	6.096487e+02
2.320000e-06	2.438957e-06	1.010724e-08	1.710277e+01	6.005183e+02
2.330000e-06	2.290671e-06	9.952189e-09	1.606294e+01	5.911077e+02
2.340000e-06	2.141531e-06	9.788707e-09	1.501712e+01	5.813996e+02
2.350000e-06	1.991713e-06	9.617074e-09	1.396655e+01	5.713927e+02
2.360000e-06	1.841319e-06	9.442309e-09	1.291194e+01	5.610968e+02
2.370000e-06	1.690283e-06	9.266206e-09	1.185282e+01	5.505235e+02
2.380000e-06	1.538638e-06	9.083787e-09	1.078944e+01	5.396766e+02
2.390000e-06	1.386437e-06	8.892123e-09	9.722156e+00	5.285468e+02
2.400000e-06	1.233614e-06	8.697413e-09	8.650510e+00	5.171112e+02
2.410000e-06	1.080216e-06	8.499817e-09	7.574827e+00	5.053385e+02
2.420000e-06	9.263745e-07	8.297528e-09	6.496044e+00	4.931960e+02
2.430000e-06	7.722554e-07	8.082499e-09	5.415310e+00	4.806552e+02
2.440000e-06	6.179284e-07	7.863005e-09	4.333118e+00	4.676936e+02
2.450000e-06	4.633284e-07	7.642075e-09	3.249011e+00	4.542904e+02
2.460000e-06	3.086064e-07	7.412116e-09	2.164050e+00	4.404199e+02
2.470000e-06	1.538336e-07	7.167907e-09	1.078732e+00	4.260447e+02
2.480000e-06	-9.550319e-10	6.911609e-09	-6.696998e-03	4.111119e+02
2.490000e-06	-1.556912e-07	6.646902e-09	-1.091758e+00	3.955560e+02
2.500000e-06	-3.103807e-07	6.372389e-09	-2.176492e+00	3.793071e+02
2.510000e-06	-4.649290e-07	6.087224e-09	-3.260236e+00	3.623023e+02
2.520000e-06	-6.193167e-07	5.787930e-09	-4.342853e+00	3.444947e+02
2.530000e-06	-7.735518e-07	5.474517e-09	-5.424400e+00	3.258577e+02
2.540000e-06	-9.275216e-07	5.147543e-09	-6.504087e+00	3.063807e+02
2.550000e-06	-1.081119e-06	4.803682e-09	-7.581164e+00	2.860578e+02
2.560000e-06	-1.234267e-06	4.443223e-09	-8.655086e+00	2.648709e+02
2.570000e-06	-1.386871e-06	4.070084e-09	-9.725195e+00	2.427748e+02
2.580000e-06	-1.538907e-06	3.684733e-09	-1.079132e+01	2.196860e+02
2.590000e-06	-1.690327e-06	3.281747e-09	-1.185313e+01	1.954821e+02
2.600000e-06	-1.841102e-06	2.853795e-09	-1.291042e+01	1.700099e+02
2.610000e-06	-1.991246e-06	2.401603e-09	-1.396327e+01	1.431030e+02
2.620000e-06	-2.140687e-06	1.925149e-09	-1.501120e+01	1.146045e+02
2.630000e-06	-2.289337e-06	1.419701e-09	-1.605359e+01	8.439124e+01
2.640000e-06	-2.437185e-06	8.822871e-10	-1.709035e+01	5.239641e+01
2.650000e-06	-2.584260e-06	3.144968e-10	-1.812168e+01	1.862702e+01
2.660000e-06	-2.730467e-06	-2.783951e-10	-1.914694e+01	-1.682444e+01
2.670000e-06	-2.875630e-06	-8.945579e-10	-2.016487e+01	-5.377560e+01
2.680000e-06	-3.019663e-06	-1.535925e-09	-2.117487e+01	-9.195723e+01
2.690000e-06	-3.162551e-06	-2.194353e-09	-2.217685e+01	-1.310241e+02
2.700000e-06	-3.304209e-06	-2.857159e-09	-2.317021e+01	-1.705739e+02
2.710000e-06	-3.444635e-06	-3.519790e-09	-2.415492e+01	-2.101718e+02
2.720000e-06	-3.583867e-06	-4.179328e-09	-2.513126e+01	-2.493809e+02
2.730000e-06	-3.721819e-06	-4.827999e-09	-2.609862e+01	-2.877921e+02
2.740000e-06	-3.858327e-06	-5.453697e-09	-2.705586e+01	-3.250509e+02
2.750000e-06	-3.993337e-06	-6.053252e-09	-2.800260e+01	-3.608758e+02
2.760000e-06	-4.126914e-06	-6.629962e-09	-2.893928e+01	-3.950668e+02
2.770000e-06	-4.259067e-06	-7.180886e-09	-2.986598e+01	-4.275022e+02
2.780000e-06	-4.389771e-06	-7.696483e-09	-3.078252e+01	-4.581267e+02
2.790000e-06	-4.518894e-06	-8.177958e-09	-3.168797e+01	-4.869355e+02
2.800000e-06	-4.646374e-06	-8.632708e-09	-3.258191e+01	-5.139569e+02
2.810000e-06	-4.772248e-06	-9.063467e-09	-3.346457e+01	-5.392402e+02
2.820000e-06	-4.896444e-06	-9.465650e-09	-3.433548e+01	-5.628473e+02
2.830000e-06	-5.018891e-06	-9.836007e-09	-3.519412e+01	-5.848508e+02
2.840000e-06	-5.139464e-06	-1.018182e-08	-3.603962e+01	-6.053334e+02
2.850000e-06	-5.258072e-06	-1.050594e-08	-3.687133e+01	-6.243878e+02
2.860000e-06	-5.374697e-06	-1.080416e-08	-3.768915e+01	-6.421134e+02
2.870000e-06	-5.489169e-06	-1.107787e-08	-3.849186e+01	-6.586116e+02
2.880000e-06	-5.601364e-06	-1.133568e-08	-3.927861e+01	-6.739783e+02
2.890000e-06	-5.711490e-06	-1.158219e-08	-4.005085e+01	-6.882982e+02
2.900000e-06	-5.819663e-06	-1.181207e-08	-4.080940e+01	-7.016427e+02
2.910000e-06	-5.925813e-06	-1.201886e-08	-4.155376e+01	-7.140712e+02
2.920000e-06	-6.029883e-06	-1.221010e-08	-4.228353e+01	-7.256362e+02
2.930000e-06	-6.131773e-06	-1.239263e-08	-4.299802e+01	-7.363898e+02
2.940000e-06	-6.231431e-06	-1.256216e-08	-4.369685e+01	-7.463876e+02
2.950000e-06	-6.328908e-06	-1.271524e-08	-4.438039e+01	-7.556895e+02
2.960000e-06	-6.424184e-06	-1.285994e-08	-4.504849e+01	-7.643559e+02
2.970000e-06	-6.517189e-06	-1.300366e-08	-4.570068e+01	-7.724419e+02
2.980000e-06	-6.607965e-06	-1.313903e-08	-4.633723e+01	-7.799919e+02
2.990000e-06	-6.696454e-06	-1.325809e-08	-4.695774e+01	-7.870370e+02
3.000000e-06	-6.782546e-06	-1.336383e-08	-4.756145e+01	-7.935977e+02
3.010000e-06	-6.866231e-06	-1.346515e-08	-4.814827e+01	-7.996909e+02
3.020000e-06	-6.947516e-06	-1.356142e-08	-4.871827e+01	-8.053381e+02
3.030000e-06	-7.026202e-06	-1.364823e-08	-4.927004e+01	-8.105719e+02
3.040000e-06	-7.102161e-06	-1.372722e-08	-4.980270e+01	-8.154370e+02
3.050000e-06	-7.175470e-06	-1.380504e-08	-5.031676e+01	-8.199856e+02
3.060000e-06	-7.246199e-06	-1.388215e-08	-5.081274e+01	-8.242681e+02
3.070000e-06	-7.314360e-06	-1.395332e-08	-5.129070e+01	-8.283225e+02
3.080000e-06	-7.379913e-06	-1.401521e-08	-5.175038e+01	-8.321673e+02
3.090000e-06	-7.442846e-06	-1.407434e-08	-5.219169e+01	-8.358005e+02
3.100000e-06	-7.503128e-06	-1.413282e-08	-5.261441e+01	-8.392057e+02
3.110000e-06	-7.560760e-06	-1.418281e-08	-5.301854e+01	-8.423630e+02
3.120000e-06	-7.615628e-06	-1.422759e-08	-5.340329e+01	-8.452610e+02
3.130000e-06	-7.667535e-06	-1.427305e-08	-5.376729e+01	-8.479043e+02
3.140000e-06	-7.716335e-06	-1.431830e-08	-5.410948e+01	-8.503148e+02
3.150000e-06	-7.762226e-06	-1.435818e-08	-5.443129e+01	-8.525254e+02
3.160000e-06	-7.805613e-06	-1.438992e-08	-5.473553e+01	-8.545692e+02
3.170000e-06	-7.846440e-06	-1.441945e-08	-5.502182e+01	-8.564685e+02
3.180000e-06	-7.884495e-06	-1.444854e-08	-5.528868e+01	-8.582284e+02
3.190000e-06	-7.919786e-06	-1.447415e-08	-5.553615e+01	-8.598379e+02
3.200000e-06	-7.952318e-06	-1.449737e-08	-5.576428e+01	-8.612772e+02
3.210000e-06	-7.981954e-06	-1.452094e-08	-5.597210e+01	-8.625288e+02
3.220000e-06	-8.008714e-06	-1.454419e-08	-5.615974e+01	-8.635882e+02
3.230000e-06	-8.032703e-06	-1.456188e-08	-5.632796e+01	-8.644679e+02
3.240000e-06	-8.053822e-06	-1.457208e-08	-5.647606e+01	-8.651950e+02
3.250000e-06	-8.072125e-06	-1.457672e-08	-5.660440e+01	-8.658016e+02
3.260000e-06	-8.087533e-06	-1.458262e-08	-5.671245e+01	-8.663135e+02
3.270000e-06	-8.099783e-06	-1.459148e-08	-5.679835e+01	-8.667406e+02
3.280000e-06	-8.109044e-06	-1.459898e-08	-5.686329e+01	-8.670742e+02
3.290000e-06	-8.115438e-06	-1.460428e-08	-5.690813e+01	-8.672925e+02
3.300000e-06	-8.118961e-06	-1.461063e-08	-5.693283e+01	-8.673711e+02
3.310000e-06	-8.119743e-06	-1.461039e-08	-5.693831e+01	-8.672949e+02
