# Temperatura_=_30.83
# Concentracion g/m^3_=_11780.0
# C_Vs_to_Am_M_A/Vsm_=_59384043850.047264
# pendiente_HvsI_1/m_=_3716.3
# ordenada_HvsI_A/m_=_1297.0
# frecuencia_Hz_=_301491.7277000668

Tiempo_(s)	Campo_(V.s)	Magnetizacion_(V.s)	Campo_(kA/m)	Magnetizacion_(A/m)
0.000000e+00	-8.059916e-06	-1.423045e-08	-5.692770e+01	-8.454572e+02
1.000000e-08	-8.055818e-06	-1.422404e-08	-5.689875e+01	-8.452042e+02
2.000000e-08	-8.049129e-06	-1.421885e-08	-5.685151e+01	-8.448588e+02
3.000000e-08	-8.039697e-06	-1.421378e-08	-5.678489e+01	-8.444272e+02
4.000000e-08	-8.027401e-06	-1.420689e-08	-5.669804e+01	-8.439088e+02
5.000000e-08	-8.012241e-06	-1.419903e-08	-5.659097e+01	-8.432969e+02
6.000000e-08	-7.994311e-06	-1.419801e-08	-5.646432e+01	-8.425812e+02
7.000000e-08	-7.973860e-06	-1.418144e-08	-5.631988e+01	-8.417527e+02
8.000000e-08	-7.950610e-06	-1.413032e-08	-5.615566e+01	-8.408081e+02
9.000000e-08	-7.924062e-06	-1.410725e-08	-5.596815e+01	-8.397522e+02
1.000000e-07	-7.894376e-06	-1.411196e-08	-5.575848e+01	-8.385980e+02
1.100000e-07	-7.861940e-06	-1.410092e-08	-5.552938e+01	-8.373637e+02
1.200000e-07	-7.826859e-06	-1.407772e-08	-5.528160e+01	-8.360670e+02
1.300000e-07	-7.789481e-06	-1.407626e-08	-5.501759e+01	-8.347190e+02
1.400000e-07	-7.750089e-06	-1.404478e-08	-5.473937e+01	-8.333206e+02
1.500000e-07	-7.708120e-06	-1.398878e-08	-5.444294e+01	-8.318607e+02
1.600000e-07	-7.663242e-06	-1.400238e-08	-5.412597e+01	-8.303192e+02
1.700000e-07	-7.615664e-06	-1.392895e-08	-5.378991e+01	-8.286721e+02
1.800000e-07	-7.564984e-06	-1.389827e-08	-5.343196e+01	-8.268986e+02
1.900000e-07	-7.511234e-06	-1.389651e-08	-5.305232e+01	-8.249858e+02
2.000000e-07	-7.454805e-06	-1.384217e-08	-5.265376e+01	-8.229319e+02
2.100000e-07	-7.395606e-06	-1.383575e-08	-5.223563e+01	-8.207447e+02
2.200000e-07	-7.333764e-06	-1.377308e-08	-5.179884e+01	-8.184374e+02
2.300000e-07	-7.269289e-06	-1.373557e-08	-5.134345e+01	-8.160231e+02
2.400000e-07	-7.202101e-06	-1.369299e-08	-5.086889e+01	-8.135094e+02
2.500000e-07	-7.132327e-06	-1.364080e-08	-5.037608e+01	-8.108961e+02
2.600000e-07	-7.059895e-06	-1.359986e-08	-4.986449e+01	-8.081754e+02
2.700000e-07	-6.984638e-06	-1.355791e-08	-4.933294e+01	-8.053359e+02
2.800000e-07	-6.906654e-06	-1.352257e-08	-4.878214e+01	-8.023672e+02
2.900000e-07	-6.825989e-06	-1.345391e-08	-4.821240e+01	-7.992638e+02
3.000000e-07	-6.742836e-06	-1.340807e-08	-4.762508e+01	-7.960277e+02
3.100000e-07	-6.657520e-06	-1.334471e-08	-4.702249e+01	-7.926672e+02
3.200000e-07	-6.569989e-06	-1.327231e-08	-4.640425e+01	-7.891934e+02
3.300000e-07	-6.480068e-06	-1.322655e-08	-4.576913e+01	-7.856157e+02
3.400000e-07	-6.387785e-06	-1.317056e-08	-4.511733e+01	-7.819378e+02
3.500000e-07	-6.293230e-06	-1.310731e-08	-4.444949e+01	-7.781559e+02
3.600000e-07	-6.196385e-06	-1.303772e-08	-4.376546e+01	-7.742601e+02
3.700000e-07	-6.097243e-06	-1.297469e-08	-4.306522e+01	-7.702372e+02
3.800000e-07	-5.995920e-06	-1.290223e-08	-4.234956e+01	-7.660754e+02
3.900000e-07	-5.892545e-06	-1.282619e-08	-4.161942e+01	-7.617678e+02
4.000000e-07	-5.787015e-06	-1.275192e-08	-4.087406e+01	-7.573138e+02
4.100000e-07	-5.679336e-06	-1.268021e-08	-4.011351e+01	-7.527183e+02
4.200000e-07	-5.569701e-06	-1.260906e-08	-3.933915e+01	-7.479887e+02
4.300000e-07	-5.458123e-06	-1.252547e-08	-3.855107e+01	-7.431313e+02
4.400000e-07	-5.344449e-06	-1.243818e-08	-3.774819e+01	-7.381483e+02
4.500000e-07	-5.228566e-06	-1.235079e-08	-3.692970e+01	-7.330367e+02
4.600000e-07	-5.110611e-06	-1.226720e-08	-3.609657e+01	-7.277892e+02
4.700000e-07	-4.990891e-06	-1.217945e-08	-3.525098e+01	-7.223971e+02
4.800000e-07	-4.869375e-06	-1.208643e-08	-3.439270e+01	-7.168530e+02
4.900000e-07	-4.746009e-06	-1.199197e-08	-3.352136e+01	-7.111530e+02
5.000000e-07	-4.620946e-06	-1.189843e-08	-3.263804e+01	-7.052974e+02
5.100000e-07	-4.494312e-06	-1.179539e-08	-3.174361e+01	-6.992885e+02
5.200000e-07	-4.366111e-06	-1.168382e-08	-3.083812e+01	-6.931289e+02
5.300000e-07	-4.236205e-06	-1.157305e-08	-2.992059e+01	-6.868183e+02
5.400000e-07	-4.104691e-06	-1.146743e-08	-2.899170e+01	-6.803523e+02
5.500000e-07	-3.971735e-06	-1.135792e-08	-2.805262e+01	-6.737224e+02
5.600000e-07	-3.837390e-06	-1.124179e-08	-2.710373e+01	-6.669177e+02
5.700000e-07	-3.701722e-06	-1.112535e-08	-2.614550e+01	-6.599277e+02
5.800000e-07	-3.564742e-06	-1.100805e-08	-2.517800e+01	-6.527446e+02
5.900000e-07	-3.426307e-06	-1.088588e-08	-2.420022e+01	-6.453643e+02
6.000000e-07	-3.286442e-06	-1.075429e-08	-2.321235e+01	-6.377862e+02
6.100000e-07	-3.145291e-06	-1.061992e-08	-2.221539e+01	-6.300113e+02
6.200000e-07	-3.002935e-06	-1.048797e-08	-2.120992e+01	-6.220400e+02
6.300000e-07	-2.859405e-06	-1.035525e-08	-2.019616e+01	-6.138702e+02
6.400000e-07	-2.714744e-06	-1.021207e-08	-1.917441e+01	-6.054963e+02
6.500000e-07	-2.569051e-06	-1.006551e-08	-1.814537e+01	-5.969098e+02
6.600000e-07	-2.422428e-06	-9.920047e-09	-1.710976e+01	-5.881007e+02
6.700000e-07	-2.275065e-06	-9.770376e-09	-1.606893e+01	-5.790588e+02
6.800000e-07	-2.126998e-06	-9.610259e-09	-1.502312e+01	-5.697746e+02
6.900000e-07	-1.978221e-06	-9.446284e-09	-1.397230e+01	-5.602392e+02
7.000000e-07	-1.828792e-06	-9.285865e-09	-1.291688e+01	-5.504434e+02
7.100000e-07	-1.678757e-06	-9.119732e-09	-1.185717e+01	-5.403765e+02
7.200000e-07	-1.528185e-06	-8.942274e-09	-1.079367e+01	-5.300254e+02
7.300000e-07	-1.377079e-06	-8.758581e-09	-9.726399e+00	-5.193749e+02
7.400000e-07	-1.225455e-06	-8.577388e-09	-8.655467e+00	-5.084093e+02
7.500000e-07	-1.073413e-06	-8.391319e-09	-7.581581e+00	-4.971137e+02
7.600000e-07	-9.210123e-07	-8.193625e-09	-6.505169e+00	-4.854754e+02
7.700000e-07	-7.681823e-07	-7.987737e-09	-5.425720e+00	-4.734826e+02
7.800000e-07	-6.149643e-07	-7.781468e-09	-4.343532e+00	-4.611228e+02
7.900000e-07	-4.615640e-07	-7.572497e-09	-3.260056e+00	-4.483781e+02
8.000000e-07	-3.080382e-07	-7.349809e-09	-2.175693e+00	-4.352213e+02
8.100000e-07	-1.543757e-07	-7.114964e-09	-1.090365e+00	-4.216132e+02
8.200000e-07	-6.666238e-10	-6.877008e-09	-4.708406e-03	-4.075024e+02
8.300000e-07	1.530526e-07	-6.635760e-09	1.081020e+00	-3.928294e+02
8.400000e-07	3.067133e-07	-6.378724e-09	2.166336e+00	-3.775327e+02
8.500000e-07	4.602372e-07	-6.105364e-09	3.250685e+00	-3.615574e+02
8.600000e-07	6.135972e-07	-5.822317e-09	4.333876e+00	-3.448612e+02
8.700000e-07	7.666799e-07	-5.531162e-09	5.415109e+00	-3.274182e+02
8.800000e-07	9.194571e-07	-5.225533e-09	6.494184e+00	-3.092167e+02
8.900000e-07	1.071892e-06	-4.902562e-09	7.570839e+00	-2.902525e+02
9.000000e-07	1.223860e-06	-4.570325e-09	8.644198e+00	-2.705183e+02
9.100000e-07	1.375356e-06	-4.229819e-09	9.714226e+00	-2.499913e+02
9.200000e-07	1.526380e-06	-3.872017e-09	1.078092e+01	-2.286242e+02
9.300000e-07	1.676887e-06	-3.489752e-09	1.184396e+01	-2.063397e+02
9.400000e-07	1.826843e-06	-3.090083e-09	1.290311e+01	-1.830327e+02
9.500000e-07	1.976184e-06	-2.677920e-09	1.395792e+01	-1.585779e+02
9.600000e-07	2.124824e-06	-2.245693e-09	1.500776e+01	-1.328445e+02
9.700000e-07	2.272711e-06	-1.785936e-09	1.605230e+01	-1.057134e+02
9.800000e-07	2.419800e-06	-1.300635e-09	1.709120e+01	-7.709498e+01
9.900000e-07	2.566055e-06	-7.947741e-10	1.812421e+01	-4.694598e+01
1.000000e-06	2.711337e-06	-2.628050e-10	1.915035e+01	-1.528170e+01
1.010000e-06	2.855560e-06	3.006527e-10	2.016900e+01	1.781617e+01
1.020000e-06	2.998817e-06	8.883913e-10	2.118083e+01	5.219740e+01
1.030000e-06	3.141018e-06	1.489451e-09	2.218521e+01	8.764644e+01
1.040000e-06	3.281986e-06	2.100479e-09	2.318088e+01	1.238909e+02
1.050000e-06	3.421633e-06	2.722484e-09	2.416721e+01	1.606147e+02
1.060000e-06	3.559974e-06	3.347970e-09	2.514432e+01	1.974746e+02
1.070000e-06	3.696982e-06	3.965878e-09	2.611202e+01	2.341196e+02
1.080000e-06	3.832543e-06	4.571551e-09	2.706950e+01	2.702108e+02
1.090000e-06	3.966700e-06	5.165431e-09	2.801706e+01	3.054404e+02
1.100000e-06	4.099477e-06	5.743041e-09	2.895486e+01	3.395468e+02
1.110000e-06	4.230732e-06	6.295816e-09	2.988193e+01	3.723252e+02
1.120000e-06	4.360541e-06	6.821324e-09	3.079878e+01	4.036316e+02
1.130000e-06	4.488830e-06	7.321838e-09	3.170489e+01	4.333808e+02
1.140000e-06	4.615478e-06	7.799775e-09	3.259941e+01	4.615389e+02
1.150000e-06	4.740587e-06	8.249090e-09	3.348307e+01	4.881123e+02
1.160000e-06	4.864022e-06	8.665969e-09	3.435489e+01	5.131355e+02
1.170000e-06	4.985684e-06	9.059614e-09	3.521420e+01	5.366594e+02
1.180000e-06	5.105550e-06	9.433320e-09	3.606082e+01	5.587425e+02
1.190000e-06	5.223572e-06	9.781301e-09	3.689442e+01	5.794451e+02
1.200000e-06	5.339602e-06	1.010357e-08	3.771395e+01	5.988271e+02
1.210000e-06	5.453500e-06	1.040589e-08	3.851841e+01	6.169478e+02
1.220000e-06	5.565314e-06	1.069290e-08	3.930817e+01	6.338680e+02
1.230000e-06	5.675147e-06	1.095972e-08	4.008393e+01	6.496510e+02
1.240000e-06	5.783019e-06	1.120432e-08	4.084583e+01	6.643640e+02
1.250000e-06	5.888874e-06	1.143358e-08	4.159349e+01	6.780771e+02
1.260000e-06	5.992632e-06	1.165241e-08	4.232634e+01	6.908615e+02
1.270000e-06	6.094209e-06	1.185798e-08	4.304378e+01	7.027867e+02
1.280000e-06	6.193510e-06	1.204466e-08	4.374515e+01	7.139172e+02
1.290000e-06	6.290503e-06	1.221511e-08	4.443022e+01	7.243104e+02
1.300000e-06	6.385276e-06	1.237449e-08	4.509961e+01	7.340147e+02
1.310000e-06	6.477837e-06	1.252526e-08	4.575338e+01	7.430704e+02
1.320000e-06	6.568107e-06	1.266494e-08	4.639096e+01	7.515113e+02
1.330000e-06	6.655999e-06	1.279610e-08	4.701174e+01	7.593671e+02
1.340000e-06	6.741602e-06	1.292202e-08	4.761636e+01	7.666676e+02
1.350000e-06	6.824954e-06	1.303866e-08	4.820508e+01	7.734443e+02
1.360000e-06	6.905903e-06	1.314201e-08	4.877683e+01	7.797329e+02
1.370000e-06	6.984329e-06	1.323472e-08	4.933076e+01	7.855725e+02
1.380000e-06	7.060121e-06	1.332454e-08	4.986608e+01	7.910045e+02
1.390000e-06	7.133205e-06	1.341101e-08	5.038228e+01	7.960693e+02
1.400000e-06	7.203722e-06	1.348986e-08	5.088035e+01	8.008033e+02
1.410000e-06	7.271749e-06	1.356490e-08	5.136082e+01	8.052365e+02
1.420000e-06	7.337152e-06	1.363824e-08	5.182277e+01	8.093907e+02
1.430000e-06	7.399953e-06	1.370738e-08	5.226634e+01	8.132803e+02
1.440000e-06	7.460256e-06	1.376796e-08	5.269226e+01	8.169136e+02
1.450000e-06	7.517932e-06	1.382264e-08	5.309963e+01	8.202956e+02
1.460000e-06	7.572848e-06	1.387407e-08	5.348751e+01	8.234303e+02
1.470000e-06	7.624827e-06	1.392271e-08	5.385463e+01	8.263234e+02
1.480000e-06	7.673683e-06	1.396859e-08	5.419971e+01	8.289826e+02
1.490000e-06	7.719661e-06	1.400989e-08	5.452446e+01	8.314177e+02
1.500000e-06	7.762919e-06	1.404881e-08	5.482999e+01	8.336401e+02
1.510000e-06	7.803326e-06	1.408464e-08	5.511539e+01	8.356612e+02
1.520000e-06	7.840994e-06	1.411617e-08	5.538144e+01	8.374920e+02
1.530000e-06	7.876009e-06	1.414179e-08	5.562875e+01	8.391429e+02
1.540000e-06	7.908249e-06	1.416377e-08	5.585646e+01	8.406236e+02
1.550000e-06	7.937773e-06	1.418479e-08	5.606500e+01	8.419434e+02
1.560000e-06	7.964534e-06	1.420477e-08	5.625401e+01	8.431114e+02
1.570000e-06	7.988391e-06	1.422066e-08	5.642251e+01	8.441356e+02
1.580000e-06	8.009503e-06	1.423404e-08	5.657163e+01	8.450220e+02
1.590000e-06	8.027952e-06	1.424737e-08	5.670193e+01	8.457739e+02
1.600000e-06	8.043531e-06	1.425983e-08	5.681197e+01	8.463917e+02
1.610000e-06	8.056019e-06	1.426783e-08	5.690017e+01	8.468737e+02
1.620000e-06	8.065324e-06	1.427041e-08	5.696589e+01	8.472177e+02
1.630000e-06	8.071657e-06	1.427151e-08	5.701063e+01	8.474235e+02
1.640000e-06	8.075255e-06	1.427151e-08	5.703604e+01	8.474948e+02
1.650000e-06	8.076028e-06	1.427082e-08	5.704150e+01	8.474399e+02
1.660000e-06	8.074069e-06	1.427030e-08	5.702766e+01	8.472707e+02
1.670000e-06	8.069551e-06	1.426753e-08	5.699575e+01	8.470001e+02
1.680000e-06	8.062354e-06	1.426223e-08	5.694492e+01	8.466387e+02
1.690000e-06	8.052458e-06	1.425400e-08	5.687502e+01	8.461915e+02
1.700000e-06	8.039727e-06	1.424000e-08	5.678510e+01	8.456567e+02
1.710000e-06	8.024206e-06	1.421630e-08	5.667548e+01	8.450266e+02
1.720000e-06	8.006344e-06	1.419180e-08	5.654931e+01	8.442910e+02
1.730000e-06	7.986112e-06	1.421994e-08	5.640642e+01	8.434415e+02
1.740000e-06	7.962767e-06	1.421877e-08	5.624153e+01	8.424760e+02
1.750000e-06	7.935745e-06	1.418079e-08	5.605067e+01	8.414010e+02
1.760000e-06	7.905217e-06	1.415508e-08	5.583505e+01	8.402307e+02
1.770000e-06	7.871822e-06	1.411967e-08	5.559918e+01	8.389838e+02
1.780000e-06	7.836112e-06	1.406066e-08	5.534695e+01	8.376769e+02
1.790000e-06	7.798143e-06	1.409293e-08	5.507878e+01	8.363199e+02
1.800000e-06	7.757961e-06	1.406956e-08	5.479497e+01	8.349113e+02
1.810000e-06	7.715371e-06	1.398600e-08	5.449416e+01	8.334381e+02
1.820000e-06	7.670222e-06	1.403794e-08	5.417527e+01	8.318791e+02
1.830000e-06	7.622291e-06	1.396539e-08	5.383672e+01	8.302104e+02
1.840000e-06	7.571305e-06	1.395852e-08	5.347660e+01	8.284123e+02
1.850000e-06	7.517420e-06	1.391883e-08	5.309602e+01	8.264738e+02
1.860000e-06	7.460641e-06	1.382787e-08	5.269498e+01	8.243949e+02
1.870000e-06	7.401227e-06	1.385888e-08	5.227533e+01	8.221848e+02
1.880000e-06	7.339224e-06	1.378923e-08	5.183740e+01	8.198572e+02
1.890000e-06	7.274431e-06	1.377359e-08	5.137977e+01	8.174244e+02
1.900000e-06	7.206988e-06	1.371961e-08	5.090341e+01	8.148928e+02
1.910000e-06	7.136717e-06	1.366037e-08	5.040709e+01	8.122607e+02
1.920000e-06	7.063693e-06	1.363772e-08	4.989131e+01	8.095193e+02
1.930000e-06	6.988036e-06	1.355860e-08	4.935694e+01	8.066571e+02
1.940000e-06	6.909660e-06	1.353392e-08	4.880337e+01	8.036641e+02
1.950000e-06	6.828750e-06	1.345625e-08	4.823189e+01	8.005363e+02
1.960000e-06	6.745462e-06	1.343045e-08	4.764362e+01	7.972769e+02
1.970000e-06	6.659762e-06	1.338654e-08	4.703832e+01	7.938949e+02
1.980000e-06	6.571540e-06	1.329336e-08	4.641521e+01	7.904017e+02
1.990000e-06	6.480993e-06	1.324070e-08	4.577567e+01	7.868056e+02
2.000000e-06	6.388202e-06	1.316720e-08	4.512028e+01	7.831093e+02
2.010000e-06	6.293104e-06	1.312421e-08	4.444859e+01	7.793076e+02
2.020000e-06	6.195820e-06	1.304011e-08	4.376147e+01	7.753897e+02
2.030000e-06	6.096443e-06	1.297885e-08	4.305956e+01	7.713424e+02
2.040000e-06	5.994862e-06	1.291360e-08	4.234209e+01	7.671545e+02
2.050000e-06	5.890985e-06	1.284068e-08	4.160840e+01	7.628202e+02
2.060000e-06	5.785040e-06	1.275863e-08	4.086010e+01	7.583401e+02
2.070000e-06	5.677193e-06	1.266693e-08	4.009838e+01	7.537197e+02
2.080000e-06	5.567335e-06	1.259961e-08	3.932244e+01	7.489666e+02
2.090000e-06	5.455316e-06	1.251579e-08	3.853124e+01	7.440864e+02
2.100000e-06	5.341192e-06	1.243432e-08	3.772518e+01	7.390804e+02
2.110000e-06	5.225051e-06	1.233696e-08	3.690487e+01	7.339448e+02
2.120000e-06	5.106779e-06	1.225115e-08	3.606951e+01	7.286717e+02
2.130000e-06	4.986501e-06	1.215772e-08	3.521997e+01	7.232526e+02
2.140000e-06	4.864472e-06	1.206334e-08	3.435807e+01	7.176804e+02
2.150000e-06	4.740801e-06	1.196334e-08	3.348458e+01	7.119522e+02
2.160000e-06	4.615396e-06	1.186886e-08	3.259883e+01	7.060686e+02
2.170000e-06	4.488268e-06	1.177544e-08	3.170092e+01	7.000323e+02
2.180000e-06	4.359546e-06	1.166926e-08	3.079175e+01	6.938455e+02
2.190000e-06	4.229302e-06	1.155852e-08	2.987183e+01	6.875073e+02
2.200000e-06	4.097617e-06	1.144491e-08	2.894173e+01	6.810123e+02
2.210000e-06	3.964439e-06	1.133729e-08	2.800108e+01	6.743516e+02
2.220000e-06	3.829754e-06	1.122198e-08	2.704979e+01	6.675142e+02
2.230000e-06	3.693626e-06	1.110667e-08	2.608831e+01	6.604898e+02
2.240000e-06	3.556187e-06	1.098699e-08	2.511757e+01	6.532713e+02
2.250000e-06	3.417507e-06	1.086774e-08	2.413807e+01	6.458553e+02
2.260000e-06	3.277624e-06	1.073988e-08	2.315007e+01	6.382416e+02
2.270000e-06	3.136491e-06	1.060306e-08	2.215323e+01	6.304313e+02
2.280000e-06	2.994037e-06	1.046421e-08	2.114707e+01	6.224245e+02
2.290000e-06	2.850385e-06	1.032614e-08	2.013245e+01	6.142183e+02
2.300000e-06	2.705742e-06	1.018591e-08	1.911083e+01	6.058068e+02
2.310000e-06	2.560139e-06	1.003973e-08	1.808242e+01	5.971810e+02
2.320000e-06	2.413666e-06	9.892118e-09	1.704788e+01	5.883306e+02
2.330000e-06	2.266483e-06	9.740831e-09	1.600831e+01	5.792457e+02
2.340000e-06	2.118529e-06	9.585275e-09	1.496330e+01	5.699169e+02
2.350000e-06	1.969823e-06	9.422950e-09	1.391299e+01	5.603354e+02
2.360000e-06	1.820409e-06	9.254419e-09	1.285766e+01	5.504917e+02
2.370000e-06	1.670347e-06	9.083439e-09	1.179777e+01	5.403747e+02
2.380000e-06	1.519690e-06	8.909000e-09	1.073367e+01	5.299709e+02
2.390000e-06	1.368429e-06	8.728712e-09	9.665304e+00	5.192649e+02
2.400000e-06	1.216583e-06	8.541898e-09	8.592804e+00	5.082410e+02
2.410000e-06	1.064292e-06	8.349820e-09	7.517162e+00	4.968848e+02
2.420000e-06	9.116448e-07	8.154093e-09	6.439005e+00	4.851836e+02
2.430000e-06	7.587070e-07	7.949925e-09	5.358796e+00	4.731260e+02
2.440000e-06	6.055409e-07	7.739680e-09	4.276974e+00	4.606986e+02
2.450000e-06	4.521751e-07	7.524803e-09	3.193741e+00	4.478823e+02
2.460000e-06	2.986747e-07	7.302977e-09	2.109559e+00	4.346478e+02
2.470000e-06	1.450412e-07	7.072556e-09	1.024435e+00	4.209536e+02
2.480000e-06	-8.688660e-09	6.831117e-09	-6.136856e-02	4.067465e+02
2.490000e-06	-1.624105e-07	6.580109e-09	-1.147115e+00	3.919662e+02
2.500000e-06	-3.160277e-07	6.321240e-09	-2.232123e+00	3.765517e+02
2.510000e-06	-4.695176e-07	6.053229e-09	-3.316232e+00	3.604500e+02
2.520000e-06	-6.228310e-07	5.771023e-09	-4.399095e+00	3.436215e+02
2.530000e-06	-7.758523e-07	5.473653e-09	-5.479894e+00	3.260431e+02
2.540000e-06	-9.285975e-07	5.163209e-09	-6.558743e+00	3.077053e+02
2.550000e-06	-1.081056e-06	4.841166e-09	-7.635565e+00	2.886041e+02
2.560000e-06	-1.233078e-06	4.507092e-09	-8.709307e+00	2.687302e+02
2.570000e-06	-1.384560e-06	4.159396e-09	-9.779233e+00	2.480571e+02
2.580000e-06	-1.535425e-06	3.798908e-09	-1.084481e+01	2.265324e+02
2.590000e-06	-1.685732e-06	3.424977e-09	-1.190643e+01	2.040734e+02
2.600000e-06	-1.835506e-06	3.033375e-09	-1.296430e+01	1.805706e+02
2.610000e-06	-1.984628e-06	2.619532e-09	-1.401755e+01	1.558966e+02
2.620000e-06	-2.133003e-06	2.181923e-09	-1.506553e+01	1.299214e+02
2.630000e-06	-2.280576e-06	1.721933e-09	-1.610785e+01	1.025297e+02
2.640000e-06	-2.427336e-06	1.237758e-09	-1.714443e+01	7.363926e+01
2.650000e-06	-2.573325e-06	7.272489e-10	-1.817556e+01	4.321634e+01
2.660000e-06	-2.718456e-06	1.913106e-10	-1.920063e+01	1.128773e+01
2.670000e-06	-2.862557e-06	-3.650069e-10	-2.021842e+01	-2.205266e+01
2.680000e-06	-3.005533e-06	-9.419497e-10	-2.122827e+01	-5.664252e+01
2.690000e-06	-3.147370e-06	-1.538769e-09	-2.223008e+01	-9.225540e+01
2.700000e-06	-3.288038e-06	-2.148390e-09	-2.322362e+01	-1.286101e+02
2.710000e-06	-3.427411e-06	-2.765306e-09	-2.420802e+01	-1.653842e+02
2.720000e-06	-3.565527e-06	-3.383845e-09	-2.518354e+01	-2.022317e+02
2.730000e-06	-3.702394e-06	-3.999968e-09	-2.615024e+01	-2.388024e+02
2.740000e-06	-3.837788e-06	-4.605118e-09	-2.710654e+01	-2.747615e+02
2.750000e-06	-3.971755e-06	-5.192518e-09	-2.805276e+01	-3.098086e+02
2.760000e-06	-4.104346e-06	-5.761341e-09	-2.898926e+01	-3.436915e+02
2.770000e-06	-4.235445e-06	-6.309195e-09	-2.991521e+01	-3.762162e+02
2.780000e-06	-4.365119e-06	-6.831807e-09	-3.083111e+01	-4.072496e+02
2.790000e-06	-4.493306e-06	-7.327621e-09	-3.173650e+01	-4.367161e+02
2.800000e-06	-4.619860e-06	-7.797603e-09	-3.263037e+01	-4.645902e+02
2.810000e-06	-4.744774e-06	-8.243129e-09	-3.351264e+01	-4.908840e+02
2.820000e-06	-4.868023e-06	-8.663095e-09	-3.438316e+01	-5.156357e+02
2.830000e-06	-4.989530e-06	-9.055726e-09	-3.524137e+01	-5.388983e+02
2.840000e-06	-5.109134e-06	-9.423605e-09	-3.608614e+01	-5.607309e+02
2.850000e-06	-5.226804e-06	-9.768353e-09	-3.691725e+01	-5.811937e+02
2.860000e-06	-5.342407e-06	-1.008996e-08	-3.773376e+01	-6.003464e+02
2.870000e-06	-5.455768e-06	-1.039036e-08	-3.853443e+01	-6.182486e+02
2.880000e-06	-5.567009e-06	-1.067168e-08	-3.932014e+01	-6.349613e+02
2.890000e-06	-5.676246e-06	-1.093605e-08	-4.009169e+01	-6.505486e+02
2.900000e-06	-5.783561e-06	-1.118373e-08	-4.084966e+01	-6.650782e+02
2.910000e-06	-5.888953e-06	-1.141295e-08	-4.159405e+01	-6.786206e+02
2.920000e-06	-5.992202e-06	-1.162522e-08	-4.232331e+01	-6.912470e+02
2.930000e-06	-6.093209e-06	-1.182261e-08	-4.303672e+01	-7.030261e+02
2.940000e-06	-6.192096e-06	-1.200479e-08	-4.373517e+01	-7.140214e+02
2.950000e-06	-6.288883e-06	-1.217510e-08	-4.441878e+01	-7.242886e+02
2.960000e-06	-6.383440e-06	-1.233756e-08	-4.508664e+01	-7.338747e+02
2.970000e-06	-6.475704e-06	-1.249186e-08	-4.573831e+01	-7.428187e+02
2.980000e-06	-6.565697e-06	-1.263631e-08	-4.637394e+01	-7.511533e+02
2.990000e-06	-6.653363e-06	-1.277019e-08	-4.699312e+01	-7.589082e+02
3.000000e-06	-6.738622e-06	-1.289329e-08	-4.759531e+01	-7.661130e+02
3.010000e-06	-6.821533e-06	-1.300530e-08	-4.818092e+01	-7.728002e+02
3.020000e-06	-6.902088e-06	-1.310745e-08	-4.874989e+01	-7.790060e+02
3.030000e-06	-6.980105e-06	-1.320417e-08	-4.930092e+01	-7.847702e+02
3.040000e-06	-7.055410e-06	-1.329483e-08	-4.983281e+01	-7.901341e+02
3.050000e-06	-7.128040e-06	-1.337892e-08	-5.034580e+01	-7.951377e+02
3.060000e-06	-7.198074e-06	-1.345816e-08	-5.084045e+01	-7.998164e+02
3.070000e-06	-7.265537e-06	-1.353288e-08	-5.131695e+01	-8.041987e+02
3.080000e-06	-7.330530e-06	-1.360172e-08	-5.177600e+01	-8.083052e+02
3.090000e-06	-7.392953e-06	-1.366655e-08	-5.221690e+01	-8.121489e+02
3.100000e-06	-7.452666e-06	-1.372665e-08	-5.263865e+01	-8.157374e+02
3.110000e-06	-7.509686e-06	-1.378177e-08	-5.304139e+01	-8.190753e+02
3.120000e-06	-7.563925e-06	-1.383316e-08	-5.342448e+01	-8.221668e+02
3.130000e-06	-7.615232e-06	-1.388093e-08	-5.378687e+01	-8.250178e+02
3.140000e-06	-7.663479e-06	-1.392462e-08	-5.412764e+01	-8.276366e+02
3.150000e-06	-7.708886e-06	-1.396451e-08	-5.444835e+01	-8.300333e+02
3.160000e-06	-7.751807e-06	-1.400126e-08	-5.475150e+01	-8.322192e+02
3.170000e-06	-7.792189e-06	-1.403383e-08	-5.503673e+01	-8.342059e+02
3.180000e-06	-7.829853e-06	-1.406300e-08	-5.530275e+01	-8.360043e+02
3.190000e-06	-7.864765e-06	-1.409085e-08	-5.554933e+01	-8.376244e+02
3.200000e-06	-7.896928e-06	-1.411806e-08	-5.577650e+01	-8.390760e+02
3.210000e-06	-7.926231e-06	-1.414235e-08	-5.598347e+01	-8.403685e+02
3.220000e-06	-7.952722e-06	-1.416314e-08	-5.617058e+01	-8.415107e+02
3.230000e-06	-7.976454e-06	-1.418093e-08	-5.633820e+01	-8.425102e+02
3.240000e-06	-7.997298e-06	-1.419613e-08	-5.648542e+01	-8.433728e+02
3.250000e-06	-8.015309e-06	-1.420623e-08	-5.661263e+01	-8.441012e+02
3.260000e-06	-8.030437e-06	-1.421451e-08	-5.671948e+01	-8.446953e+02
3.270000e-06	-8.042463e-06	-1.422325e-08	-5.680442e+01	-8.451531e+02
3.280000e-06	-8.051522e-06	-1.423112e-08	-5.686841e+01	-8.454727e+02
3.290000e-06	-8.057701e-06	-1.423720e-08	-5.691205e+01	-8.456545e+02
3.300000e-06	-8.061044e-06	-1.424227e-08	-5.693567e+01	-8.457029e+02
3.310000e-06	-8.061678e-06	-1.424077e-08	-5.694014e+01	-8.456270e+02
