# Temperatura_=_34.34
# Concentracion g/m^3_=_11780.0
# C_Vs_to_Am_M_A/Vsm_=_59384043850.047264
# pendiente_HvsI_1/m_=_3716.3
# ordenada_HvsI_A/m_=_1297.0
# frecuencia_Hz_=_301495.1974283029

Tiempo_(s)	Campo_(V.s)	Magnetizacion_(V.s)	Campo_(kA/m)	Magnetizacion_(A/m)
0.000000e+00	-8.136915e-06	-1.435535e-08	-5.692649e+01	-8.527418e+02
1.000000e-08	-8.132721e-06	-1.434627e-08	-5.689715e+01	-8.524897e+02
2.000000e-08	-8.125888e-06	-1.433943e-08	-5.684935e+01	-8.521551e+02
3.000000e-08	-8.116275e-06	-1.433319e-08	-5.678210e+01	-8.517415e+02
4.000000e-08	-8.103774e-06	-1.432795e-08	-5.669464e+01	-8.512385e+02
5.000000e-08	-8.088313e-06	-1.432536e-08	-5.658647e+01	-8.506252e+02
6.000000e-08	-8.070087e-06	-1.433357e-08	-5.645896e+01	-8.498786e+02
7.000000e-08	-8.049438e-06	-1.430787e-08	-5.631449e+01	-8.489845e+02
8.000000e-08	-8.025896e-06	-1.421113e-08	-5.614979e+01	-8.479443e+02
9.000000e-08	-7.998938e-06	-1.419827e-08	-5.596120e+01	-8.467777e+02
1.000000e-07	-7.968866e-06	-1.424523e-08	-5.575081e+01	-8.455168e+02
1.100000e-07	-7.936054e-06	-1.422979e-08	-5.552126e+01	-8.441965e+02
1.200000e-07	-7.900557e-06	-1.417854e-08	-5.527291e+01	-8.428419e+02
1.300000e-07	-7.862736e-06	-1.419026e-08	-5.500832e+01	-8.414601e+02
1.400000e-07	-7.822883e-06	-1.419039e-08	-5.472950e+01	-8.400372e+02
1.500000e-07	-7.780400e-06	-1.408678e-08	-5.443229e+01	-8.385437e+02
1.600000e-07	-7.734924e-06	-1.412676e-08	-5.411414e+01	-8.369444e+02
1.700000e-07	-7.686698e-06	-1.402025e-08	-5.377674e+01	-8.352106e+02
1.800000e-07	-7.635345e-06	-1.397559e-08	-5.341747e+01	-8.333293e+02
1.900000e-07	-7.580977e-06	-1.403365e-08	-5.303711e+01	-8.313062e+02
2.000000e-07	-7.523941e-06	-1.394004e-08	-5.263808e+01	-8.291611e+02
2.100000e-07	-7.464172e-06	-1.392748e-08	-5.221993e+01	-8.269193e+02
2.200000e-07	-7.401787e-06	-1.385215e-08	-5.178348e+01	-8.245998e+02
2.300000e-07	-7.336643e-06	-1.385696e-08	-5.132773e+01	-8.222081e+02
2.400000e-07	-7.268744e-06	-1.381170e-08	-5.085270e+01	-8.197336e+02
2.500000e-07	-7.198245e-06	-1.371549e-08	-5.035948e+01	-8.171543e+02
2.600000e-07	-7.124968e-06	-1.369674e-08	-4.984683e+01	-8.144447e+02
2.700000e-07	-7.048896e-06	-1.366689e-08	-4.931463e+01	-8.115866e+02
2.800000e-07	-6.970055e-06	-1.363484e-08	-4.876305e+01	-8.085747e+02
2.900000e-07	-6.888513e-06	-1.353106e-08	-4.819258e+01	-8.054191e+02
3.000000e-07	-6.804606e-06	-1.349093e-08	-4.760556e+01	-8.021396e+02
3.100000e-07	-6.718495e-06	-1.345247e-08	-4.700311e+01	-7.987583e+02
3.200000e-07	-6.630090e-06	-1.338174e-08	-4.638462e+01	-7.952904e+02
3.300000e-07	-6.539240e-06	-1.333110e-08	-4.574904e+01	-7.917387e+02
3.400000e-07	-6.446058e-06	-1.325694e-08	-4.509713e+01	-7.880926e+02
3.500000e-07	-6.350577e-06	-1.320830e-08	-4.442914e+01	-7.843326e+02
3.600000e-07	-6.252756e-06	-1.314272e-08	-4.374477e+01	-7.804377e+02
3.700000e-07	-6.152662e-06	-1.306505e-08	-4.304450e+01	-7.763928e+02
3.800000e-07	-6.050381e-06	-1.298028e-08	-4.232894e+01	-7.721929e+02
3.900000e-07	-5.945932e-06	-1.291860e-08	-4.159820e+01	-7.678437e+02
4.000000e-07	-5.839212e-06	-1.286386e-08	-4.085159e+01	-7.633571e+02
4.100000e-07	-5.730397e-06	-1.277925e-08	-4.009030e+01	-7.587450e+02
4.200000e-07	-5.619690e-06	-1.269724e-08	-3.931579e+01	-7.540140e+02
4.300000e-07	-5.506948e-06	-1.261820e-08	-3.852704e+01	-7.491615e+02
4.400000e-07	-5.391929e-06	-1.254111e-08	-3.772236e+01	-7.441776e+02
4.500000e-07	-5.274722e-06	-1.244455e-08	-3.690237e+01	-7.390485e+02
4.600000e-07	-5.155592e-06	-1.234902e-08	-3.606892e+01	-7.337618e+02
4.700000e-07	-5.034719e-06	-1.226339e-08	-3.522329e+01	-7.283115e+02
4.800000e-07	-4.911957e-06	-1.218015e-08	-3.436443e+01	-7.226989e+02
4.900000e-07	-4.787325e-06	-1.208493e-08	-3.349250e+01	-7.169310e+02
5.000000e-07	-4.661082e-06	-1.198063e-08	-3.260930e+01	-7.110168e+02
5.100000e-07	-4.533224e-06	-1.188057e-08	-3.171479e+01	-7.049621e+02
5.200000e-07	-4.403769e-06	-1.178183e-08	-3.080911e+01	-6.987662e+02
5.300000e-07	-4.272589e-06	-1.167184e-08	-2.989137e+01	-6.924209e+02
5.400000e-07	-4.139843e-06	-1.155319e-08	-2.896266e+01	-6.859129e+02
5.500000e-07	-4.005682e-06	-1.144000e-08	-2.802406e+01	-6.792269e+02
5.600000e-07	-3.870048e-06	-1.133148e-08	-2.707516e+01	-6.723496e+02
5.700000e-07	-3.733063e-06	-1.121452e-08	-2.611680e+01	-6.652724e+02
5.800000e-07	-3.594637e-06	-1.108864e-08	-2.514836e+01	-6.579917e+02
5.900000e-07	-3.454662e-06	-1.096727e-08	-2.416908e+01	-6.505077e+02
6.000000e-07	-3.313266e-06	-1.084513e-08	-2.317987e+01	-6.428216e+02
6.100000e-07	-3.170622e-06	-1.071266e-08	-2.218192e+01	-6.349337e+02
6.200000e-07	-3.026791e-06	-1.056840e-08	-2.117566e+01	-6.268423e+02
6.300000e-07	-2.881712e-06	-1.042722e-08	-2.016068e+01	-6.185436e+02
6.400000e-07	-2.735548e-06	-1.028822e-08	-1.913811e+01	-6.100328e+02
6.500000e-07	-2.588590e-06	-1.014497e-08	-1.810998e+01	-6.013050e+02
6.600000e-07	-2.440805e-06	-9.994591e-09	-1.707606e+01	-5.923547e+02
6.700000e-07	-2.292185e-06	-9.842815e-09	-1.603630e+01	-5.831751e+02
6.800000e-07	-2.142872e-06	-9.687639e-09	-1.499170e+01	-5.737567e+02
6.900000e-07	-1.992816e-06	-9.523873e-09	-1.394190e+01	-5.640855e+02
7.000000e-07	-1.842004e-06	-9.352052e-09	-1.288680e+01	-5.541442e+02
7.100000e-07	-1.690552e-06	-9.176812e-09	-1.182723e+01	-5.439131e+02
7.200000e-07	-1.538521e-06	-9.001944e-09	-1.076361e+01	-5.333743e+02
7.300000e-07	-1.385980e-06	-8.820037e-09	-9.696423e+00	-5.225141e+02
7.400000e-07	-1.232918e-06	-8.635640e-09	-8.625588e+00	-5.113245e+02
7.500000e-07	-1.079385e-06	-8.445530e-09	-7.551460e+00	-4.998028e+02
7.600000e-07	-9.254605e-07	-8.250382e-09	-6.474594e+00	-4.879472e+02
7.700000e-07	-7.711542e-07	-8.041605e-09	-5.395055e+00	-4.757513e+02
7.800000e-07	-6.165074e-07	-7.823206e-09	-4.313134e+00	-4.631986e+02
7.900000e-07	-4.616391e-07	-7.603522e-09	-3.229663e+00	-4.502586e+02
8.000000e-07	-3.066378e-07	-7.379128e-09	-2.145262e+00	-4.368867e+02
8.100000e-07	-1.514732e-07	-7.147202e-09	-1.059719e+00	-4.230271e+02
8.200000e-07	3.742239e-09	-6.905230e-09	2.618100e-02	-4.086196e+02
8.300000e-07	1.588877e-07	-6.657833e-09	1.111591e+00	-3.936061e+02
8.400000e-07	3.139772e-07	-6.396444e-09	2.196609e+00	-3.779370e+02
8.500000e-07	4.690151e-07	-6.119597e-09	3.281267e+00	-3.615739e+02
8.600000e-07	6.239030e-07	-5.826739e-09	4.364874e+00	-3.444894e+02
8.700000e-07	7.784961e-07	-5.521773e-09	5.446420e+00	-3.266641e+02
8.800000e-07	9.327755e-07	-5.206672e-09	6.525770e+00	-3.080807e+02
8.900000e-07	1.086722e-06	-4.879989e-09	7.602793e+00	-2.887184e+02
9.000000e-07	1.240240e-06	-4.542750e-09	8.676818e+00	-2.685475e+02
9.100000e-07	1.393264e-06	-4.192990e-09	9.747385e+00	-2.475242e+02
9.200000e-07	1.545726e-06	-3.825990e-09	1.081402e+01	-2.255879e+02
9.300000e-07	1.697564e-06	-3.434534e-09	1.187629e+01	-2.026588e+02
9.400000e-07	1.848839e-06	-3.023189e-09	1.293462e+01	-1.786380e+02
9.500000e-07	1.999547e-06	-2.593908e-09	1.398898e+01	-1.534105e+02
9.600000e-07	2.149537e-06	-2.144443e-09	1.503833e+01	-1.268533e+02
9.700000e-07	2.298806e-06	-1.670408e-09	1.608263e+01	-9.884749e+01
9.800000e-07	2.447261e-06	-1.169800e-09	1.712123e+01	-6.929687e+01
9.900000e-07	2.594821e-06	-6.451732e-10	1.815357e+01	-3.814852e+01
1.000000e-06	2.741453e-06	-9.332519e-11	1.917942e+01	-5.413628e+00
1.010000e-06	2.887060e-06	4.864286e-10	2.019810e+01	2.881671e+01
1.020000e-06	3.031591e-06	1.089662e-09	2.120925e+01	6.436430e+01
1.030000e-06	3.175024e-06	1.707933e-09	2.221272e+01	1.009680e+02
1.040000e-06	3.317294e-06	2.338447e-09	2.320805e+01	1.382993e+02
1.050000e-06	3.458319e-06	2.978111e-09	2.419467e+01	1.759862e+02
1.060000e-06	3.598011e-06	3.617161e-09	2.517197e+01	2.136417e+02
1.070000e-06	3.736299e-06	4.245219e-09	2.613944e+01	2.508916e+02
1.080000e-06	3.873136e-06	4.857031e-09	2.709676e+01	2.873964e+02
1.090000e-06	4.008552e-06	5.453808e-09	2.804415e+01	3.228662e+02
1.100000e-06	4.142621e-06	6.029081e-09	2.898210e+01	3.570671e+02
1.110000e-06	4.275224e-06	6.579618e-09	2.990980e+01	3.898216e+02
1.120000e-06	4.406242e-06	7.104328e-09	3.082642e+01	4.210062e+02
1.130000e-06	4.535616e-06	7.603818e-09	3.173153e+01	4.505462e+02
1.140000e-06	4.663365e-06	8.077948e-09	3.262527e+01	4.784114e+02
1.150000e-06	4.789525e-06	8.521744e-09	3.350789e+01	5.046118e+02
1.160000e-06	4.914035e-06	8.932172e-09	3.437897e+01	5.291906e+02
1.170000e-06	5.036818e-06	9.315412e-09	3.523797e+01	5.522171e+02
1.180000e-06	5.157780e-06	9.677764e-09	3.608423e+01	5.737754e+02
1.190000e-06	5.276826e-06	1.001660e-08	3.691709e+01	5.939540e+02
1.200000e-06	5.393903e-06	1.033195e-08	3.773616e+01	6.128362e+02
1.210000e-06	5.508906e-06	1.062632e-08	3.854074e+01	6.304937e+02
1.220000e-06	5.621787e-06	1.090451e-08	3.933046e+01	6.469867e+02
1.230000e-06	5.732623e-06	1.116290e-08	4.010588e+01	6.623679e+02
1.240000e-06	5.841490e-06	1.140080e-08	4.086752e+01	6.766904e+02
1.250000e-06	5.948337e-06	1.162291e-08	4.161503e+01	6.900140e+02
1.260000e-06	6.052994e-06	1.183417e-08	4.234722e+01	7.024091e+02
1.270000e-06	6.155434e-06	1.203402e-08	4.306390e+01	7.139543e+02
1.280000e-06	6.255618e-06	1.221779e-08	4.376479e+01	7.247295e+02
1.290000e-06	6.353413e-06	1.238523e-08	4.444897e+01	7.348062e+02
1.300000e-06	6.448918e-06	1.253939e-08	4.511714e+01	7.442394e+02
1.310000e-06	6.542295e-06	1.268526e-08	4.577040e+01	7.530638e+02
1.320000e-06	6.633429e-06	1.282027e-08	4.640799e+01	7.612968e+02
1.330000e-06	6.722133e-06	1.294520e-08	4.702857e+01	7.689480e+02
1.340000e-06	6.808468e-06	1.306484e-08	4.763258e+01	7.760299e+02
1.350000e-06	6.892526e-06	1.317916e-08	4.822065e+01	7.825690e+02
1.360000e-06	6.974151e-06	1.328243e-08	4.879171e+01	7.886097e+02
1.370000e-06	7.053228e-06	1.337511e-08	4.934494e+01	7.942122e+02
1.380000e-06	7.129695e-06	1.346163e-08	4.987990e+01	7.994426e+02
1.390000e-06	7.203463e-06	1.354361e-08	5.039599e+01	8.043607e+02
1.400000e-06	7.274577e-06	1.362044e-08	5.089351e+01	8.090090e+02
1.410000e-06	7.343144e-06	1.369331e-08	5.137321e+01	8.134065e+02
1.420000e-06	7.409064e-06	1.376420e-08	5.183439e+01	8.175510e+02
1.430000e-06	7.472353e-06	1.383056e-08	5.227717e+01	8.214280e+02
1.440000e-06	7.533174e-06	1.389248e-08	5.270267e+01	8.250220e+02
1.450000e-06	7.591373e-06	1.395015e-08	5.310984e+01	8.283279e+02
1.460000e-06	7.646824e-06	1.400243e-08	5.349777e+01	8.313565e+02
1.470000e-06	7.699320e-06	1.404914e-08	5.386504e+01	8.341330e+02
1.480000e-06	7.748569e-06	1.409281e-08	5.420959e+01	8.366905e+02
1.490000e-06	7.794800e-06	1.413366e-08	5.453303e+01	8.390590e+02
1.500000e-06	7.838336e-06	1.417052e-08	5.483761e+01	8.412576e+02
1.510000e-06	7.879075e-06	1.420388e-08	5.512262e+01	8.432902e+02
1.520000e-06	7.917054e-06	1.423460e-08	5.538833e+01	8.451485e+02
1.530000e-06	7.952339e-06	1.426240e-08	5.563518e+01	8.468190e+02
1.540000e-06	7.984776e-06	1.428882e-08	5.586212e+01	8.482924e+02
1.550000e-06	8.014470e-06	1.431192e-08	5.606986e+01	8.495703e+02
1.560000e-06	8.041439e-06	1.432951e-08	5.625854e+01	8.506673e+02
1.570000e-06	8.065490e-06	1.434270e-08	5.642680e+01	8.516070e+02
1.580000e-06	8.086768e-06	1.435369e-08	5.657566e+01	8.524147e+02
1.590000e-06	8.105295e-06	1.436590e-08	5.670528e+01	8.531088e+02
1.600000e-06	8.120827e-06	1.437783e-08	5.681394e+01	8.536958e+02
1.610000e-06	8.133298e-06	1.438623e-08	5.690119e+01	8.541701e+02
1.620000e-06	8.142638e-06	1.439189e-08	5.696653e+01	8.545192e+02
1.630000e-06	8.149020e-06	1.439601e-08	5.701118e+01	8.547317e+02
1.640000e-06	8.152641e-06	1.439564e-08	5.703652e+01	8.548042e+02
1.650000e-06	8.153354e-06	1.439137e-08	5.704150e+01	8.547451e+02
1.660000e-06	8.151283e-06	1.439427e-08	5.702701e+01	8.545716e+02
1.670000e-06	8.146565e-06	1.439080e-08	5.699401e+01	8.543035e+02
1.680000e-06	8.139139e-06	1.438192e-08	5.694205e+01	8.539545e+02
1.690000e-06	8.129055e-06	1.437233e-08	5.687150e+01	8.535258e+02
1.700000e-06	8.116138e-06	1.435725e-08	5.678113e+01	8.530045e+02
1.710000e-06	8.100413e-06	1.432850e-08	5.667112e+01	8.523685e+02
1.720000e-06	8.082272e-06	1.429709e-08	5.654420e+01	8.515959e+02
1.730000e-06	8.061702e-06	1.438094e-08	5.640030e+01	8.506746e+02
1.740000e-06	8.038056e-06	1.438147e-08	5.623486e+01	8.496096e+02
1.750000e-06	8.010726e-06	1.429185e-08	5.604367e+01	8.484232e+02
1.760000e-06	7.979841e-06	1.426183e-08	5.582759e+01	8.471489e+02
1.770000e-06	7.946119e-06	1.424539e-08	5.559167e+01	8.458206e+02
1.780000e-06	7.909986e-06	1.414864e-08	5.533888e+01	8.444609e+02
1.790000e-06	7.871519e-06	1.419838e-08	5.506976e+01	8.430729e+02
1.800000e-06	7.830898e-06	1.421512e-08	5.478557e+01	8.416396e+02
1.810000e-06	7.787789e-06	1.406195e-08	5.448398e+01	8.401293e+02
1.820000e-06	7.742018e-06	1.419350e-08	5.416376e+01	8.385074e+02
1.830000e-06	7.693500e-06	1.409416e-08	5.382433e+01	8.367472e+02
1.840000e-06	7.641884e-06	1.405762e-08	5.346322e+01	8.348393e+02
1.850000e-06	7.587301e-06	1.404296e-08	5.308135e+01	8.327923e+02
1.860000e-06	7.529877e-06	1.391225e-08	5.267961e+01	8.306278e+02
1.870000e-06	7.469852e-06	1.401774e-08	5.225967e+01	8.283706e+02
1.880000e-06	7.407145e-06	1.388579e-08	5.182097e+01	8.260379e+02
1.890000e-06	7.341605e-06	1.389333e-08	5.136244e+01	8.236322e+02
1.900000e-06	7.273382e-06	1.385973e-08	5.088515e+01	8.211405e+02
1.910000e-06	7.202318e-06	1.376281e-08	5.038798e+01	8.185393e+02
1.920000e-06	7.128581e-06	1.377593e-08	4.987211e+01	8.158039e+02
1.930000e-06	7.052086e-06	1.364870e-08	4.933695e+01	8.129178e+02
1.940000e-06	6.972818e-06	1.366959e-08	4.878238e+01	8.098788e+02
1.950000e-06	6.891129e-06	1.357410e-08	4.821088e+01	8.066990e+02
1.960000e-06	6.807013e-06	1.354645e-08	4.762239e+01	8.033995e+02
1.970000e-06	6.720408e-06	1.350484e-08	4.701650e+01	8.000015e+02
1.980000e-06	6.631311e-06	1.338932e-08	4.639317e+01	7.965185e+02
1.990000e-06	6.539961e-06	1.337505e-08	4.575408e+01	7.929506e+02
2.000000e-06	6.446365e-06	1.327117e-08	4.509927e+01	7.892854e+02
2.010000e-06	6.350422e-06	1.325035e-08	4.442805e+01	7.855024e+02
2.020000e-06	6.252256e-06	1.315248e-08	4.374127e+01	7.815812e+02
2.030000e-06	6.151888e-06	1.310891e-08	4.303909e+01	7.775082e+02
2.040000e-06	6.049206e-06	1.303384e-08	4.232072e+01	7.732806e+02
2.050000e-06	5.944284e-06	1.295005e-08	4.158667e+01	7.689055e+02
2.060000e-06	5.837359e-06	1.287725e-08	4.083862e+01	7.643954e+02
2.070000e-06	5.728367e-06	1.277715e-08	4.007610e+01	7.597615e+02
2.080000e-06	5.617214e-06	1.272142e-08	3.929847e+01	7.550088e+02
2.090000e-06	5.503892e-06	1.262477e-08	3.850566e+01	7.501334e+02
2.100000e-06	5.388535e-06	1.255785e-08	3.769861e+01	7.451242e+02
2.110000e-06	5.271095e-06	1.245520e-08	3.687699e+01	7.399673e+02
2.120000e-06	5.151541e-06	1.237771e-08	3.604058e+01	7.346513e+02
2.130000e-06	5.030162e-06	1.227261e-08	3.519140e+01	7.291713e+02
2.140000e-06	4.906971e-06	1.217843e-08	3.432955e+01	7.235299e+02
2.150000e-06	4.782064e-06	1.207624e-08	3.345569e+01	7.177349e+02
2.160000e-06	4.655369e-06	1.198136e-08	3.256932e+01	7.117950e+02
2.170000e-06	4.526971e-06	1.188323e-08	3.167104e+01	7.057150e+02
2.180000e-06	4.397042e-06	1.177456e-08	3.076205e+01	6.994928e+02
2.190000e-06	4.265568e-06	1.167178e-08	2.984225e+01	6.931192e+02
2.200000e-06	4.132639e-06	1.155525e-08	2.891227e+01	6.865801e+02
2.210000e-06	3.998113e-06	1.144807e-08	2.797111e+01	6.798604e+02
2.220000e-06	3.862020e-06	1.132529e-08	2.701900e+01	6.729475e+02
2.230000e-06	3.724560e-06	1.121336e-08	2.605732e+01	6.658337e+02
2.240000e-06	3.585776e-06	1.108748e-08	2.508637e+01	6.585163e+02
2.250000e-06	3.445657e-06	1.096194e-08	2.410608e+01	6.509957e+02
2.260000e-06	3.304259e-06	1.082741e-08	2.311685e+01	6.432732e+02
2.270000e-06	3.161570e-06	1.069458e-08	2.211859e+01	6.353488e+02
2.280000e-06	3.017654e-06	1.055681e-08	2.111175e+01	6.272203e+02
2.290000e-06	2.872702e-06	1.041545e-08	2.009765e+01	6.188837e+02
2.300000e-06	2.726763e-06	1.027066e-08	1.907665e+01	6.103342e+02
2.310000e-06	2.579872e-06	1.012153e-08	1.804899e+01	6.015666e+02
2.320000e-06	2.432102e-06	9.970696e-09	1.701517e+01	5.925756e+02
2.330000e-06	2.283493e-06	9.813634e-09	1.597549e+01	5.833538e+02
2.340000e-06	2.134153e-06	9.654195e-09	1.493070e+01	5.738910e+02
2.350000e-06	1.984068e-06	9.491477e-09	1.388069e+01	5.641726e+02
2.360000e-06	1.833105e-06	9.324695e-09	1.282454e+01	5.541805e+02
2.370000e-06	1.681372e-06	9.149624e-09	1.176301e+01	5.438954e+02
2.380000e-06	1.529106e-06	8.968581e-09	1.069774e+01	5.332997e+02
2.390000e-06	1.376377e-06	8.781612e-09	9.629241e+00	5.223806e+02
2.400000e-06	1.223152e-06	8.592666e-09	8.557269e+00	5.111315e+02
2.410000e-06	1.069480e-06	8.397289e-09	7.482167e+00	4.995499e+02
2.420000e-06	9.154624e-07	8.199202e-09	6.404647e+00	4.876339e+02
2.430000e-06	7.611058e-07	7.992593e-09	5.324756e+00	4.753755e+02
2.440000e-06	6.064218e-07	7.781155e-09	4.242574e+00	4.627559e+02
2.450000e-06	4.515925e-07	7.561043e-09	3.159376e+00	4.497421e+02
2.460000e-06	2.966803e-07	7.330154e-09	2.075599e+00	4.362870e+02
2.470000e-06	1.416149e-07	7.092751e-09	9.907489e-01	4.223336e+02
2.480000e-06	-1.348431e-08	6.848839e-09	-9.433729e-02	4.078216e+02
2.490000e-06	-1.685239e-07	6.596029e-09	-1.179007e+00	3.926940e+02
2.500000e-06	-3.235059e-07	6.330591e-09	-2.263272e+00	3.769031e+02
2.510000e-06	-4.783251e-07	6.056616e-09	-3.346400e+00	3.604125e+02
2.520000e-06	-6.329675e-07	5.769363e-09	-4.428290e+00	3.431966e+02
2.530000e-06	-7.873901e-07	5.465186e-09	-5.508643e+00	3.252368e+02
2.540000e-06	-9.415069e-07	5.144989e-09	-6.586856e+00	3.065157e+02
2.550000e-06	-1.095312e-06	4.814997e-09	-7.662892e+00	2.870112e+02
2.560000e-06	-1.248778e-06	4.475078e-09	-8.736549e+00	2.666913e+02
2.570000e-06	-1.401790e-06	4.120288e-09	-9.807030e+00	2.455096e+02
2.580000e-06	-1.554223e-06	3.748993e-09	-1.087347e+01	2.234020e+02
2.590000e-06	-1.706100e-06	3.361877e-09	-1.193601e+01	2.002854e+02
2.600000e-06	-1.857336e-06	2.957278e-09	-1.299407e+01	1.760575e+02
2.610000e-06	-2.007834e-06	2.529847e-09	-1.404696e+01	1.506013e+02
2.620000e-06	-2.157592e-06	2.078346e-09	-1.509468e+01	1.237933e+02
2.630000e-06	-2.306557e-06	1.605410e-09	-1.613685e+01	9.551739e+01
2.640000e-06	-2.454636e-06	1.108246e-09	-1.717282e+01	6.568336e+01
2.650000e-06	-2.601858e-06	5.804356e-10	-1.820280e+01	3.424837e+01
2.660000e-06	-2.748239e-06	2.282091e-11	-1.922690e+01	1.236898e+00
2.670000e-06	-2.893684e-06	-5.563306e-10	-2.024444e+01	-3.324462e+01
2.680000e-06	-3.038136e-06	-1.152835e-09	-2.125504e+01	-6.900255e+01
2.690000e-06	-3.181423e-06	-1.769258e-09	-2.225749e+01	-1.057623e+02
2.700000e-06	-3.323424e-06	-2.398119e-09	-2.325093e+01	-1.431855e+02
2.710000e-06	-3.464136e-06	-3.030314e-09	-2.423537e+01	-1.808955e+02
2.720000e-06	-3.603494e-06	-3.659749e-09	-2.521033e+01	-2.185057e+02
2.730000e-06	-3.741507e-06	-4.283539e-09	-2.617587e+01	-2.556465e+02
2.740000e-06	-3.878207e-06	-4.897221e-09	-2.713224e+01	-2.919866e+02
2.750000e-06	-4.013488e-06	-5.491781e-09	-2.807867e+01	-3.272457e+02
2.760000e-06	-4.147297e-06	-6.063277e-09	-2.901481e+01	-3.612001e+02
2.770000e-06	-4.279614e-06	-6.610640e-09	-2.994051e+01	-3.936823e+02
2.780000e-06	-4.410428e-06	-7.132217e-09	-3.085570e+01	-4.245777e+02
2.790000e-06	-4.539767e-06	-7.625015e-09	-3.176056e+01	-4.538199e+02
2.800000e-06	-4.667435e-06	-8.087790e-09	-3.265374e+01	-4.813865e+02
2.810000e-06	-4.793365e-06	-8.522468e-09	-3.353476e+01	-5.072936e+02
2.820000e-06	-4.917629e-06	-8.931559e-09	-3.440412e+01	-5.315900e+02
2.830000e-06	-5.040245e-06	-9.315693e-09	-3.526195e+01	-5.543482e+02
2.840000e-06	-5.161117e-06	-9.676419e-09	-3.610758e+01	-5.756541e+02
2.850000e-06	-5.279956e-06	-1.001417e-08	-3.693898e+01	-5.955958e+02
2.860000e-06	-5.396669e-06	-1.033040e-08	-3.775552e+01	-6.142548e+02
2.870000e-06	-5.511232e-06	-1.062737e-08	-3.855701e+01	-6.317006e+02
2.880000e-06	-5.623493e-06	-1.090302e-08	-3.934239e+01	-6.479916e+02
2.890000e-06	-5.733649e-06	-1.115818e-08	-4.011306e+01	-6.631801e+02
2.900000e-06	-5.841879e-06	-1.139630e-08	-4.087024e+01	-6.773199e+02
2.910000e-06	-5.948126e-06	-1.161741e-08	-4.161355e+01	-6.904727e+02
2.920000e-06	-6.052314e-06	-1.182164e-08	-4.234246e+01	-7.027104e+02
2.930000e-06	-6.154252e-06	-1.201195e-08	-4.305563e+01	-7.141128e+02
2.940000e-06	-6.253931e-06	-1.219046e-08	-4.375299e+01	-7.247588e+02
2.950000e-06	-6.351500e-06	-1.235855e-08	-4.443559e+01	-7.347175e+02
2.960000e-06	-6.446877e-06	-1.251804e-08	-4.510286e+01	-7.440404e+02
2.970000e-06	-6.539905e-06	-1.266882e-08	-4.575369e+01	-7.527587e+02
2.980000e-06	-6.630667e-06	-1.280883e-08	-4.638867e+01	-7.608876e+02
2.990000e-06	-6.719182e-06	-1.293706e-08	-4.700792e+01	-7.684362e+02
3.000000e-06	-6.805328e-06	-1.305321e-08	-4.761061e+01	-7.754192e+02
3.010000e-06	-6.889000e-06	-1.316076e-08	-4.819598e+01	-7.818658e+02
3.020000e-06	-6.970240e-06	-1.326076e-08	-4.876435e+01	-7.878239e+02
3.030000e-06	-7.048962e-06	-1.335519e-08	-4.931509e+01	-7.933555e+02
3.040000e-06	-7.124959e-06	-1.344463e-08	-4.984677e+01	-7.985265e+02
3.050000e-06	-7.198241e-06	-1.352736e-08	-5.035945e+01	-8.033944e+02
3.060000e-06	-7.268890e-06	-1.360556e-08	-5.085372e+01	-8.079975e+02
3.070000e-06	-7.336965e-06	-1.367946e-08	-5.132998e+01	-8.123509e+02
3.080000e-06	-7.402538e-06	-1.374631e-08	-5.178873e+01	-8.164493e+02
3.090000e-06	-7.465497e-06	-1.380882e-08	-5.222920e+01	-8.202771e+02
3.100000e-06	-7.525696e-06	-1.386855e-08	-5.265035e+01	-8.238200e+02
3.110000e-06	-7.583215e-06	-1.392250e-08	-5.305277e+01	-8.270755e+02
3.120000e-06	-7.637951e-06	-1.397245e-08	-5.343570e+01	-8.300572e+02
3.130000e-06	-7.689727e-06	-1.402191e-08	-5.379793e+01	-8.327926e+02
3.140000e-06	-7.738385e-06	-1.406666e-08	-5.413834e+01	-8.353147e+02
3.150000e-06	-7.784091e-06	-1.410472e-08	-5.445811e+01	-8.376523e+02
3.160000e-06	-7.827293e-06	-1.413837e-08	-5.476035e+01	-8.398217e+02
3.170000e-06	-7.867994e-06	-1.416911e-08	-5.504510e+01	-8.418245e+02
3.180000e-06	-7.905883e-06	-1.419882e-08	-5.531017e+01	-8.436506e+02
3.190000e-06	-7.941000e-06	-1.422564e-08	-5.555586e+01	-8.452867e+02
3.200000e-06	-7.973394e-06	-1.425148e-08	-5.578249e+01	-8.467251e+02
3.210000e-06	-8.002849e-06	-1.427764e-08	-5.598856e+01	-8.479697e+02
3.220000e-06	-8.029456e-06	-1.430065e-08	-5.617470e+01	-8.490370e+02
3.230000e-06	-8.053272e-06	-1.431795e-08	-5.634132e+01	-8.499518e+02
3.240000e-06	-8.074174e-06	-1.432922e-08	-5.648755e+01	-8.507386e+02
3.250000e-06	-8.092289e-06	-1.433491e-08	-5.661429e+01	-8.514138e+02
3.260000e-06	-8.107536e-06	-1.434130e-08	-5.672096e+01	-8.519817e+02
3.270000e-06	-8.119607e-06	-1.435063e-08	-5.680540e+01	-8.524350e+02
3.280000e-06	-8.128679e-06	-1.436000e-08	-5.686887e+01	-8.527608e+02
3.290000e-06	-8.134871e-06	-1.436670e-08	-5.691219e+01	-8.529486e+02
3.300000e-06	-8.138187e-06	-1.437295e-08	-5.693539e+01	-8.529971e+02
3.310000e-06	-8.138748e-06	-1.437149e-08	-5.693932e+01	-8.529165e+02
