# Temperatura_=_62.6
# Concentracion g/m^3_=_11780.0
# C_Vs_to_Am_M_A/Vsm_=_59384043850.047264
# pendiente_HvsI_1/m_=_3716.3
# ordenada_HvsI_A/m_=_1297.0
# frecuencia_Hz_=_301398.71462715196

Tiempo_(s)	Campo_(V.s)	Magnetizacion_(V.s)	Campo_(kA/m)	Magnetizacion_(A/m)
0.000000e+00	-8.252745e-06	-1.389666e-08	-5.694545e+01	-8.249200e+02
1.000000e-08	-8.249216e-06	-1.389270e-08	-5.692110e+01	-8.247930e+02
2.000000e-08	-8.243044e-06	-1.388918e-08	-5.687851e+01	-8.245662e+02
3.000000e-08	-8.234095e-06	-1.388065e-08	-5.681676e+01	-8.242278e+02
4.000000e-08	-8.222223e-06	-1.387341e-08	-5.673485e+01	-8.237696e+02
5.000000e-08	-8.207350e-06	-1.386988e-08	-5.663222e+01	-8.231893e+02
6.000000e-08	-8.189611e-06	-1.387083e-08	-5.650981e+01	-8.224910e+02
7.000000e-08	-8.169421e-06	-1.386232e-08	-5.637050e+01	-8.216845e+02
8.000000e-08	-8.146539e-06	-1.380008e-08	-5.621261e+01	-8.207830e+02
9.000000e-08	-8.120333e-06	-1.375022e-08	-5.603179e+01	-8.198006e+02
1.000000e-07	-8.090833e-06	-1.376290e-08	-5.582823e+01	-8.187485e+02
1.100000e-07	-8.058425e-06	-1.377706e-08	-5.560461e+01	-8.176323e+02
1.200000e-07	-8.023264e-06	-1.375762e-08	-5.536199e+01	-8.164512e+02
1.300000e-07	-7.985633e-06	-1.373819e-08	-5.510233e+01	-8.151978e+02
1.400000e-07	-7.945788e-06	-1.375741e-08	-5.482739e+01	-8.138611e+02
1.500000e-07	-7.903343e-06	-1.369991e-08	-5.453451e+01	-8.124299e+02
1.600000e-07	-7.857983e-06	-1.366861e-08	-5.422152e+01	-8.108965e+02
1.700000e-07	-7.809857e-06	-1.362601e-08	-5.388944e+01	-8.092595e+02
1.800000e-07	-7.758632e-06	-1.354129e-08	-5.353598e+01	-8.075236e+02
1.900000e-07	-7.704262e-06	-1.357809e-08	-5.316082e+01	-8.056973e+02
2.000000e-07	-7.647093e-06	-1.355756e-08	-5.276634e+01	-8.037891e+02
2.100000e-07	-7.587207e-06	-1.351986e-08	-5.235312e+01	-8.018026e+02
2.200000e-07	-7.524718e-06	-1.347840e-08	-5.192193e+01	-7.997333e+02
2.300000e-07	-7.459493e-06	-1.342738e-08	-5.147187e+01	-7.975693e+02
2.400000e-07	-7.391471e-06	-1.341191e-08	-5.100251e+01	-7.952935e+02
2.500000e-07	-7.320774e-06	-1.333644e-08	-5.051468e+01	-7.928896e+02
2.600000e-07	-7.247273e-06	-1.327663e-08	-5.000751e+01	-7.903477e+02
2.700000e-07	-7.170885e-06	-1.325376e-08	-4.948042e+01	-7.876687e+02
2.800000e-07	-7.091631e-06	-1.325351e-08	-4.893355e+01	-7.848640e+02
2.900000e-07	-7.009736e-06	-1.319555e-08	-4.836846e+01	-7.819528e+02
3.000000e-07	-6.925531e-06	-1.310219e-08	-4.778743e+01	-7.789544e+02
3.100000e-07	-6.839045e-06	-1.306775e-08	-4.719066e+01	-7.758816e+02
3.200000e-07	-6.750140e-06	-1.301742e-08	-4.657720e+01	-7.727354e+02
3.300000e-07	-6.658781e-06	-1.296066e-08	-4.594681e+01	-7.695040e+02
3.400000e-07	-6.565106e-06	-1.289679e-08	-4.530043e+01	-7.661664e+02
3.500000e-07	-6.469080e-06	-1.284635e-08	-4.463783e+01	-7.626997e+02
3.600000e-07	-6.370636e-06	-1.280825e-08	-4.395855e+01	-7.590867e+02
3.700000e-07	-6.269887e-06	-1.274190e-08	-4.326337e+01	-7.553219e+02
3.800000e-07	-6.166878e-06	-1.265707e-08	-4.255259e+01	-7.514120e+02
3.900000e-07	-6.061591e-06	-1.257180e-08	-4.182609e+01	-7.473725e+02
4.000000e-07	-5.954127e-06	-1.252115e-08	-4.108456e+01	-7.432204e+02
4.100000e-07	-5.844609e-06	-1.246144e-08	-4.032887e+01	-7.389660e+02
4.200000e-07	-5.732987e-06	-1.238298e-08	-3.955866e+01	-7.346082e+02
4.300000e-07	-5.619080e-06	-1.230234e-08	-3.877268e+01	-7.301340e+02
4.400000e-07	-5.502959e-06	-1.223486e-08	-3.797142e+01	-7.255232e+02
4.500000e-07	-5.384779e-06	-1.216116e-08	-3.715596e+01	-7.207562e+02
4.600000e-07	-5.264622e-06	-1.206186e-08	-3.632686e+01	-7.158221e+02
4.700000e-07	-5.142579e-06	-1.196485e-08	-3.548474e+01	-7.107230e+02
4.800000e-07	-5.018685e-06	-1.188637e-08	-3.462985e+01	-7.054731e+02
4.900000e-07	-4.893029e-06	-1.181475e-08	-3.376280e+01	-7.000924e+02
5.000000e-07	-4.765652e-06	-1.171927e-08	-3.288387e+01	-6.945975e+02
5.100000e-07	-4.636601e-06	-1.161405e-08	-3.199339e+01	-6.889933e+02
5.200000e-07	-4.505803e-06	-1.151573e-08	-3.109087e+01	-6.832682e+02
5.300000e-07	-4.373276e-06	-1.142298e-08	-3.017641e+01	-6.773964e+02
5.400000e-07	-4.239155e-06	-1.131456e-08	-2.925095e+01	-6.713449e+02
5.500000e-07	-4.103564e-06	-1.119761e-08	-2.831534e+01	-6.650846e+02
5.600000e-07	-3.966515e-06	-1.109548e-08	-2.736968e+01	-6.585987e+02
5.700000e-07	-3.827903e-06	-1.099926e-08	-2.641323e+01	-6.518880e+02
5.800000e-07	-3.687774e-06	-1.088504e-08	-2.544631e+01	-6.449686e+02
5.900000e-07	-3.546174e-06	-1.075143e-08	-2.446925e+01	-6.378638e+02
6.000000e-07	-3.403118e-06	-1.062715e-08	-2.348214e+01	-6.305932e+02
6.100000e-07	-3.258666e-06	-1.050957e-08	-2.248539e+01	-6.231637e+02
6.200000e-07	-3.113089e-06	-1.038085e-08	-2.148088e+01	-6.155646e+02
6.300000e-07	-2.966549e-06	-1.024190e-08	-2.046973e+01	-6.077699e+02
6.400000e-07	-2.819020e-06	-1.010949e-08	-1.945176e+01	-5.997465e+02
6.500000e-07	-2.670578e-06	-9.982035e-09	-1.842748e+01	-5.914641e+02
6.600000e-07	-2.521273e-06	-9.841265e-09	-1.739725e+01	-5.829040e+02
6.700000e-07	-2.371152e-06	-9.684614e-09	-1.636138e+01	-5.740622e+02
6.800000e-07	-2.220171e-06	-9.524445e-09	-1.531959e+01	-5.649458e+02
6.900000e-07	-2.068323e-06	-9.370251e-09	-1.427181e+01	-5.555653e+02
7.000000e-07	-1.915704e-06	-9.211424e-09	-1.321871e+01	-5.459243e+02
7.100000e-07	-1.762331e-06	-9.041877e-09	-1.216041e+01	-5.360130e+02
7.200000e-07	-1.608238e-06	-8.866966e-09	-1.109713e+01	-5.258069e+02
7.300000e-07	-1.453517e-06	-8.693340e-09	-1.002953e+01	-5.152717e+02
7.400000e-07	-1.298310e-06	-8.513780e-09	-8.958580e+00	-5.043730e+02
7.500000e-07	-1.142741e-06	-8.320436e-09	-7.885124e+00	-4.930843e+02
7.600000e-07	-9.867852e-07	-8.120811e-09	-6.808998e+00	-4.813922e+02
7.700000e-07	-8.304727e-07	-7.918962e-09	-5.730414e+00	-4.692928e+02
7.800000e-07	-6.738785e-07	-7.711670e-09	-4.649885e+00	-4.567818e+02
7.900000e-07	-5.170397e-07	-7.493439e-09	-3.567669e+00	-4.438414e+02
8.000000e-07	-3.600082e-07	-7.264415e-09	-2.484123e+00	-4.304282e+02
8.100000e-07	-2.028354e-07	-7.027031e-09	-1.399601e+00	-4.164689e+02
8.200000e-07	-4.560713e-08	-6.781405e-09	-3.146975e-01	-4.018649e+02
8.300000e-07	1.116175e-07	-6.523023e-09	7.701811e-01	-3.865068e+02
8.400000e-07	2.688072e-07	-6.249018e-09	1.854819e+00	-3.702938e+02
8.500000e-07	4.259195e-07	-5.961415e-09	2.938923e+00	-3.531508e+02
8.600000e-07	5.828485e-07	-5.660722e-09	4.021761e+00	-3.350379e+02
8.700000e-07	7.395907e-07	-5.340545e-09	5.103311e+00	-3.159472e+02
8.800000e-07	8.960750e-07	-4.997597e-09	6.183081e+00	-2.958874e+02
8.900000e-07	1.052184e-06	-4.639501e-09	7.260260e+00	-2.748596e+02
9.000000e-07	1.207903e-06	-4.270474e-09	8.334749e+00	-2.528331e+02
9.100000e-07	1.363247e-06	-3.882700e-09	9.406653e+00	-2.297268e+02
9.200000e-07	1.518141e-06	-3.470523e-09	1.047545e+01	-2.054050e+02
9.300000e-07	1.672475e-06	-3.035346e-09	1.154038e+01	-1.796884e+02
9.400000e-07	1.826266e-06	-2.575037e-09	1.260157e+01	-1.523792e+02
9.500000e-07	1.979445e-06	-2.083491e-09	1.365853e+01	-1.232951e+02
9.600000e-07	2.131828e-06	-1.554503e-09	1.471000e+01	-9.230499e+01
9.700000e-07	2.283261e-06	-9.918509e-10	1.575492e+01	-5.935935e+01
9.800000e-07	2.433760e-06	-4.021485e-10	1.679339e+01	-2.451000e+01
9.900000e-07	2.583391e-06	2.142371e-10	1.782587e+01	1.208218e+01
1.000000e-06	2.732060e-06	8.568164e-10	1.885171e+01	5.015171e+01
1.010000e-06	2.879821e-06	1.521357e-09	1.987129e+01	8.934289e+01
1.020000e-06	3.026706e-06	2.196266e-09	2.088483e+01	1.292312e+02
1.030000e-06	3.172594e-06	2.871935e-09	2.189148e+01	1.693494e+02
1.040000e-06	3.317309e-06	3.544020e-09	2.289004e+01	2.092164e+02
1.050000e-06	3.460697e-06	4.206443e-09	2.387944e+01	2.483668e+02
1.060000e-06	3.602721e-06	4.849964e-09	2.485944e+01	2.863802e+02
1.070000e-06	3.743384e-06	5.464805e-09	2.583003e+01	3.229058e+02
1.080000e-06	3.882720e-06	6.047623e-09	2.679148e+01	3.576808e+02
1.090000e-06	4.020618e-06	6.599683e-09	2.774300e+01	3.905392e+02
1.100000e-06	4.156908e-06	7.120362e-09	2.868343e+01	4.214088e+02
1.110000e-06	4.291597e-06	7.605266e-09	2.961280e+01	4.502967e+02
1.120000e-06	4.424761e-06	8.056605e-09	3.053166e+01	4.772680e+02
1.130000e-06	4.556399e-06	8.480975e-09	3.143998e+01	5.024197e+02
1.140000e-06	4.686486e-06	8.878999e-09	3.233761e+01	5.258586e+02
1.150000e-06	4.814872e-06	9.247928e-09	3.322349e+01	5.476850e+02
1.160000e-06	4.941509e-06	9.587619e-09	3.409732e+01	5.679868e+02
1.170000e-06	5.066405e-06	9.902974e-09	3.495912e+01	5.868415e+02
1.180000e-06	5.189568e-06	1.019658e-08	3.580897e+01	6.043242e+02
1.190000e-06	5.310945e-06	1.046587e-08	3.664649e+01	6.205160e+02
1.200000e-06	5.430326e-06	1.071286e-08	3.747025e+01	6.355093e+02
1.210000e-06	5.547680e-06	1.094589e-08	3.828001e+01	6.494063e+02
1.220000e-06	5.662945e-06	1.116827e-08	3.907535e+01	6.623126e+02
1.230000e-06	5.775978e-06	1.137526e-08	3.985531e+01	6.743273e+02
1.240000e-06	5.886849e-06	1.156477e-08	4.062034e+01	6.855334e+02
1.250000e-06	5.995708e-06	1.173932e-08	4.137148e+01	6.959934e+02
1.260000e-06	6.102526e-06	1.190243e-08	4.210855e+01	7.057501e+02
1.270000e-06	6.207073e-06	1.205412e-08	4.282994e+01	7.148332e+02
1.280000e-06	6.309321e-06	1.219312e-08	4.353547e+01	7.232687e+02
1.290000e-06	6.409384e-06	1.232199e-08	4.422593e+01	7.310882e+02
1.300000e-06	6.507082e-06	1.244418e-08	4.490005e+01	7.383335e+02
1.310000e-06	6.602361e-06	1.255925e-08	4.555750e+01	7.450562e+02
1.320000e-06	6.695413e-06	1.266407e-08	4.619957e+01	7.513125e+02
1.330000e-06	6.786154e-06	1.276051e-08	4.682570e+01	7.571555e+02
1.340000e-06	6.874425e-06	1.285296e-08	4.743479e+01	7.626283e+02
1.350000e-06	6.960294e-06	1.294033e-08	4.802730e+01	7.677608e+02
1.360000e-06	7.043828e-06	1.301981e-08	4.860370e+01	7.725705e+02
1.370000e-06	7.124887e-06	1.309345e-08	4.916303e+01	7.770681e+02
1.380000e-06	7.203308e-06	1.316577e-08	4.970414e+01	7.812637e+02
1.390000e-06	7.279009e-06	1.323568e-08	5.022649e+01	7.851725e+02
1.400000e-06	7.351965e-06	1.329778e-08	5.072990e+01	7.888167e+02
1.410000e-06	7.422325e-06	1.335263e-08	5.121540e+01	7.922240e+02
1.420000e-06	7.490106e-06	1.340524e-08	5.168310e+01	7.954222e+02
1.430000e-06	7.555153e-06	1.345833e-08	5.213194e+01	7.984339e+02
1.440000e-06	7.617532e-06	1.350780e-08	5.256237e+01	8.012721e+02
1.450000e-06	7.677361e-06	1.355048e-08	5.297520e+01	8.039398e+02
1.460000e-06	7.734496e-06	1.359074e-08	5.336944e+01	8.064320e+02
1.470000e-06	7.788816e-06	1.363130e-08	5.374425e+01	8.087418e+02
1.480000e-06	7.840031e-06	1.366890e-08	5.409765e+01	8.108658e+02
1.490000e-06	7.888016e-06	1.369951e-08	5.442875e+01	8.128078e+02
1.500000e-06	7.933162e-06	1.372495e-08	5.474027e+01	8.145797e+02
1.510000e-06	7.975471e-06	1.375136e-08	5.503221e+01	8.161989e+02
1.520000e-06	8.014856e-06	1.377968e-08	5.530398e+01	8.176833e+02
1.530000e-06	8.051529e-06	1.380367e-08	5.555703e+01	8.190466e+02
1.540000e-06	8.085438e-06	1.382117e-08	5.579101e+01	8.202948e+02
1.550000e-06	8.116490e-06	1.383821e-08	5.600527e+01	8.214260e+02
1.560000e-06	8.144721e-06	1.385610e-08	5.620006e+01	8.224327e+02
1.570000e-06	8.169990e-06	1.386920e-08	5.637443e+01	8.233062e+02
1.580000e-06	8.192374e-06	1.387755e-08	5.652888e+01	8.240413e+02
1.590000e-06	8.212068e-06	1.388524e-08	5.666477e+01	8.246393e+02
1.600000e-06	8.228841e-06	1.389376e-08	5.678051e+01	8.251091e+02
1.610000e-06	8.242503e-06	1.389911e-08	5.687478e+01	8.254650e+02
1.620000e-06	8.252993e-06	1.390079e-08	5.694716e+01	8.257236e+02
1.630000e-06	8.260412e-06	1.390233e-08	5.699835e+01	8.258992e+02
1.640000e-06	8.265000e-06	1.390473e-08	5.703001e+01	8.260008e+02
1.650000e-06	8.266665e-06	1.390400e-08	5.704150e+01	8.260300e+02
1.660000e-06	8.265433e-06	1.390225e-08	5.703300e+01	8.259813e+02
1.670000e-06	8.261492e-06	1.389863e-08	5.700581e+01	8.258442e+02
1.680000e-06	8.254821e-06	1.389220e-08	5.695978e+01	8.256060e+02
1.690000e-06	8.245450e-06	1.388416e-08	5.689511e+01	8.252549e+02
1.700000e-06	8.233265e-06	1.387364e-08	5.681103e+01	8.247836e+02
1.710000e-06	8.218212e-06	1.385845e-08	5.670717e+01	8.241903e+02
1.720000e-06	8.200638e-06	1.383104e-08	5.658590e+01	8.234798e+02
1.730000e-06	8.180656e-06	1.384981e-08	5.644802e+01	8.226623e+02
1.740000e-06	8.157654e-06	1.389105e-08	5.628931e+01	8.217515e+02
1.750000e-06	8.130852e-06	1.385264e-08	5.610437e+01	8.207611e+02
1.760000e-06	8.100310e-06	1.379579e-08	5.589362e+01	8.197019e+02
1.770000e-06	8.066856e-06	1.377128e-08	5.566278e+01	8.185789e+02
1.780000e-06	8.030974e-06	1.372628e-08	5.541519e+01	8.173904e+02
1.790000e-06	7.992779e-06	1.368786e-08	5.515164e+01	8.161286e+02
1.800000e-06	7.952503e-06	1.373319e-08	5.487373e+01	8.147822e+02
1.810000e-06	7.909823e-06	1.365976e-08	5.457923e+01	8.133402e+02
1.820000e-06	7.864368e-06	1.364933e-08	5.426558e+01	8.117957e+02
1.830000e-06	7.816081e-06	1.368218e-08	5.393239e+01	8.101477e+02
1.840000e-06	7.764568e-06	1.358557e-08	5.357694e+01	8.084016e+02
1.850000e-06	7.709973e-06	1.359507e-08	5.320022e+01	8.065661e+02
1.860000e-06	7.652615e-06	1.350092e-08	5.280444e+01	8.046494e+02
1.870000e-06	7.592572e-06	1.349200e-08	5.239013e+01	8.026543e+02
1.880000e-06	7.529905e-06	1.350533e-08	5.195772e+01	8.005755e+02
1.890000e-06	7.464413e-06	1.342812e-08	5.150582e+01	7.984004e+02
1.900000e-06	7.396149e-06	1.343713e-08	5.103478e+01	7.961115e+02
1.910000e-06	7.325001e-06	1.336296e-08	5.054385e+01	7.936930e+02
1.920000e-06	7.250970e-06	1.332633e-08	5.003302e+01	7.911361e+02
1.930000e-06	7.174164e-06	1.324527e-08	4.950304e+01	7.884428e+02
1.940000e-06	7.094648e-06	1.318990e-08	4.895437e+01	7.856258e+02
1.950000e-06	7.012673e-06	1.318437e-08	4.838873e+01	7.827042e+02
1.960000e-06	6.928124e-06	1.312053e-08	4.780532e+01	7.796973e+02
1.970000e-06	6.841008e-06	1.311040e-08	4.720420e+01	7.766168e+02
1.980000e-06	6.751441e-06	1.302666e-08	4.658618e+01	7.734622e+02
1.990000e-06	6.659525e-06	1.296290e-08	4.595194e+01	7.702205e+02
2.000000e-06	6.565352e-06	1.289240e-08	4.530213e+01	7.668700e+02
2.010000e-06	6.468858e-06	1.282102e-08	4.463630e+01	7.633882e+02
2.020000e-06	6.370099e-06	1.277397e-08	4.395485e+01	7.597590e+02
2.030000e-06	6.268960e-06	1.271276e-08	4.325697e+01	7.559780e+02
2.040000e-06	6.165477e-06	1.267698e-08	4.254292e+01	7.520533e+02
2.050000e-06	6.059804e-06	1.260183e-08	4.181375e+01	7.480010e+02
2.060000e-06	5.952038e-06	1.252661e-08	4.107015e+01	7.438375e+02
2.070000e-06	5.842169e-06	1.243449e-08	4.031204e+01	7.395722e+02
2.080000e-06	5.730122e-06	1.236047e-08	3.953889e+01	7.352028e+02
2.090000e-06	5.615933e-06	1.228606e-08	3.875096e+01	7.307149e+02
2.100000e-06	5.499536e-06	1.221070e-08	3.794780e+01	7.260881e+02
2.110000e-06	5.380964e-06	1.213601e-08	3.712964e+01	7.213034e+02
2.120000e-06	5.260378e-06	1.205893e-08	3.629757e+01	7.163513e+02
2.130000e-06	5.137958e-06	1.197340e-08	3.545285e+01	7.112351e+02
2.140000e-06	5.013709e-06	1.187464e-08	3.459551e+01	7.059701e+02
2.150000e-06	4.887584e-06	1.178178e-08	3.372522e+01	7.005765e+02
2.160000e-06	4.759715e-06	1.168750e-08	3.284291e+01	6.950699e+02
2.170000e-06	4.630218e-06	1.160020e-08	3.194935e+01	6.894536e+02
2.180000e-06	4.499085e-06	1.150001e-08	3.104451e+01	6.837141e+02
2.190000e-06	4.366346e-06	1.140549e-08	3.012859e+01	6.778246e+02
2.200000e-06	4.231999e-06	1.130405e-08	2.920157e+01	6.717519e+02
2.210000e-06	4.096166e-06	1.119973e-08	2.826429e+01	6.654678e+02
2.220000e-06	3.958862e-06	1.108616e-08	2.731687e+01	6.589575e+02
2.230000e-06	3.819977e-06	1.096953e-08	2.635854e+01	6.522234e+02
2.240000e-06	3.679647e-06	1.085493e-08	2.539024e+01	6.452829e+02
2.250000e-06	3.537862e-06	1.073501e-08	2.441190e+01	6.381595e+02
2.260000e-06	3.394740e-06	1.061249e-08	2.342433e+01	6.308718e+02
2.270000e-06	3.250470e-06	1.048311e-08	2.242884e+01	6.234249e+02
2.280000e-06	3.105090e-06	1.035493e-08	2.142569e+01	6.158062e+02
2.290000e-06	2.958620e-06	1.022360e-08	2.041502e+01	6.079886e+02
2.300000e-06	2.811070e-06	1.008976e-08	1.939690e+01	5.999386e+02
2.310000e-06	2.662538e-06	9.951494e-09	1.837200e+01	5.916271e+02
2.320000e-06	2.513052e-06	9.807401e-09	1.734052e+01	5.830367e+02
2.330000e-06	2.362617e-06	9.657189e-09	1.630249e+01	5.741649e+02
2.340000e-06	2.211329e-06	9.500758e-09	1.525858e+01	5.650197e+02
2.350000e-06	2.059282e-06	9.339470e-09	1.420942e+01	5.556112e+02
2.360000e-06	1.906555e-06	9.176601e-09	1.315558e+01	5.459420e+02
2.370000e-06	1.753274e-06	9.009839e-09	1.209791e+01	5.360004e+02
2.380000e-06	1.599398e-06	8.840393e-09	1.103614e+01	5.257607e+02
2.390000e-06	1.444884e-06	8.664846e-09	9.969966e+00	5.151881e+02
2.400000e-06	1.289805e-06	8.481548e-09	8.899888e+00	5.042486e+02
2.410000e-06	1.134174e-06	8.287950e-09	7.826008e+00	4.929171e+02
2.420000e-06	9.781072e-07	8.084831e-09	6.749118e+00	4.811814e+02
2.430000e-06	8.217273e-07	7.878900e-09	5.670069e+00	4.690381e+02
2.440000e-06	6.651019e-07	7.666431e-09	4.589325e+00	4.564823e+02
2.450000e-06	5.083213e-07	7.451031e-09	3.507510e+00	4.434937e+02
2.460000e-06	3.513574e-07	7.228932e-09	2.424430e+00	4.300260e+02
2.470000e-06	1.942172e-07	6.996489e-09	1.340134e+00	4.160026e+02
2.480000e-06	3.700098e-08	6.748888e-09	2.553135e-01	4.013230e+02
2.490000e-06	-1.201993e-07	6.484638e-09	-8.293972e-01	3.858778e+02
2.500000e-06	-2.773142e-07	6.207151e-09	-1.913519e+00	3.695681e+02
2.510000e-06	-4.342982e-07	5.916482e-09	-2.996737e+00	3.523224e+02
2.520000e-06	-5.911158e-07	5.612098e-09	-4.078807e+00	3.341046e+02
2.530000e-06	-7.477607e-07	5.289086e-09	-5.159686e+00	3.149095e+02
2.540000e-06	-9.041877e-07	4.950006e-09	-6.239061e+00	2.947462e+02
2.550000e-06	-1.060243e-06	4.597832e-09	-7.315867e+00	2.736136e+02
2.560000e-06	-1.215792e-06	4.227913e-09	-8.389184e+00	2.514761e+02
2.570000e-06	-1.370848e-06	3.835323e-09	-9.459099e+00	2.282469e+02
2.580000e-06	-1.525409e-06	3.421622e-09	-1.052560e+01	2.037848e+02
2.590000e-06	-1.679444e-06	2.988482e-09	-1.158847e+01	1.779070e+02
2.600000e-06	-1.832941e-06	2.529412e-09	-1.264763e+01	1.504157e+02
2.610000e-06	-1.985745e-06	2.037486e-09	-1.370201e+01	1.211323e+02
2.620000e-06	-2.137780e-06	1.513299e-09	-1.475107e+01	8.993340e+01
2.630000e-06	-2.289091e-06	9.610217e-10	-1.579515e+01	5.677935e+01
2.640000e-06	-2.439572e-06	3.785077e-10	-1.683349e+01	2.173358e+01
2.650000e-06	-2.589181e-06	-2.370733e-10	-1.786582e+01	-1.503138e+01
2.660000e-06	-2.737874e-06	-8.783854e-10	-1.889183e+01	-5.323958e+01
2.670000e-06	-2.885494e-06	-1.536237e-09	-1.991044e+01	-9.252679e+01
2.680000e-06	-3.032087e-06	-2.205061e-09	-2.092196e+01	-1.324626e+02
2.690000e-06	-3.177671e-06	-2.881218e-09	-2.192651e+01	-1.725770e+02
2.700000e-06	-3.322149e-06	-3.553466e-09	-2.292343e+01	-2.123889e+02
2.710000e-06	-3.465403e-06	-4.209491e-09	-2.391192e+01	-2.514367e+02
2.720000e-06	-3.607334e-06	-4.843759e-09	-2.489127e+01	-2.893061e+02
2.730000e-06	-3.747921e-06	-5.452057e-09	-2.586134e+01	-3.256550e+02
2.740000e-06	-3.887023e-06	-6.032817e-09	-2.682117e+01	-3.602310e+02
2.750000e-06	-4.024567e-06	-6.583087e-09	-2.777025e+01	-3.928783e+02
2.760000e-06	-4.160670e-06	-7.099815e-09	-2.870938e+01	-4.235340e+02
2.770000e-06	-4.295345e-06	-7.584335e-09	-2.963866e+01	-4.522128e+02
2.780000e-06	-4.428451e-06	-8.038070e-09	-3.055713e+01	-4.789841e+02
2.790000e-06	-4.559916e-06	-8.460608e-09	-3.146426e+01	-5.039473e+02
2.800000e-06	-4.689804e-06	-8.852302e-09	-3.236050e+01	-5.272089e+02
2.810000e-06	-4.818120e-06	-9.216277e-09	-3.324591e+01	-5.488680e+02
2.820000e-06	-4.944781e-06	-9.556776e-09	-3.411989e+01	-5.690113e+02
2.830000e-06	-5.069642e-06	-9.874391e-09	-3.498146e+01	-5.877154e+02
2.840000e-06	-5.192628e-06	-1.016777e-08	-3.583009e+01	-6.050558e+02
2.850000e-06	-5.313779e-06	-1.043747e-08	-3.666605e+01	-6.211147e+02
2.860000e-06	-5.433059e-06	-1.068771e-08	-3.748910e+01	-6.359855e+02
2.870000e-06	-5.550171e-06	-1.092278e-08	-3.829720e+01	-6.497714e+02
2.880000e-06	-5.664946e-06	-1.114118e-08	-3.908917e+01	-6.625777e+02
2.890000e-06	-5.777491e-06	-1.134161e-08	-3.986575e+01	-6.745022e+02
2.900000e-06	-5.887757e-06	-1.152735e-08	-4.062660e+01	-6.856258e+02
2.910000e-06	-5.995943e-06	-1.170110e-08	-4.137310e+01	-6.960088e+02
2.920000e-06	-6.102214e-06	-1.186275e-08	-4.210639e+01	-7.056921e+02
2.930000e-06	-6.206373e-06	-1.201382e-08	-4.282511e+01	-7.147046e+02
2.940000e-06	-6.308243e-06	-1.215754e-08	-4.352803e+01	-7.230725e+02
2.950000e-06	-6.407787e-06	-1.229289e-08	-4.421490e+01	-7.308283e+02
2.960000e-06	-6.505136e-06	-1.241679e-08	-4.488663e+01	-7.380151e+02
2.970000e-06	-6.600294e-06	-1.252809e-08	-4.554323e+01	-7.446852e+02
2.980000e-06	-6.693060e-06	-1.263121e-08	-4.618334e+01	-7.508948e+02
2.990000e-06	-6.783458e-06	-1.272970e-08	-4.680710e+01	-7.566964e+02
3.000000e-06	-6.871554e-06	-1.282069e-08	-4.741498e+01	-7.621316e+02
3.010000e-06	-6.957152e-06	-1.290465e-08	-4.800562e+01	-7.672289e+02
3.020000e-06	-7.040236e-06	-1.298554e-08	-4.857892e+01	-7.720048e+02
3.030000e-06	-7.120934e-06	-1.306357e-08	-4.913574e+01	-7.764696e+02
3.040000e-06	-7.198943e-06	-1.313631e-08	-4.967402e+01	-7.806337e+02
3.050000e-06	-7.274106e-06	-1.320182e-08	-5.019266e+01	-7.845130e+02
3.060000e-06	-7.346660e-06	-1.326010e-08	-5.069330e+01	-7.881305e+02
3.070000e-06	-7.416620e-06	-1.331411e-08	-5.117604e+01	-7.915141e+02
3.080000e-06	-7.483939e-06	-1.336716e-08	-5.164055e+01	-7.946915e+02
3.090000e-06	-7.548654e-06	-1.341765e-08	-5.208710e+01	-7.976842e+02
3.100000e-06	-7.610693e-06	-1.346482e-08	-5.251518e+01	-8.005043e+02
3.110000e-06	-7.669971e-06	-1.351009e-08	-5.292421e+01	-8.031535e+02
3.120000e-06	-7.726493e-06	-1.355394e-08	-5.331422e+01	-8.056265e+02
3.130000e-06	-7.780117e-06	-1.359514e-08	-5.368423e+01	-8.079166e+02
3.140000e-06	-7.830639e-06	-1.363316e-08	-5.403284e+01	-8.100208e+02
3.150000e-06	-7.878024e-06	-1.366657e-08	-5.435981e+01	-8.119439e+02
3.160000e-06	-7.922664e-06	-1.369367e-08	-5.466783e+01	-8.136987e+02
3.170000e-06	-7.964830e-06	-1.371702e-08	-5.495878e+01	-8.153026e+02
3.180000e-06	-8.004267e-06	-1.374070e-08	-5.523091e+01	-8.167736e+02
3.190000e-06	-8.040849e-06	-1.376533e-08	-5.548333e+01	-8.181245e+02
3.200000e-06	-8.074655e-06	-1.378993e-08	-5.571660e+01	-8.193604e+02
3.210000e-06	-8.105602e-06	-1.381248e-08	-5.593013e+01	-8.204788e+02
3.220000e-06	-8.133570e-06	-1.383171e-08	-5.612312e+01	-8.214716e+02
3.230000e-06	-8.158702e-06	-1.384720e-08	-5.629654e+01	-8.223305e+02
3.240000e-06	-8.180967e-06	-1.385804e-08	-5.645017e+01	-8.230508e+02
3.250000e-06	-8.200363e-06	-1.386656e-08	-5.658401e+01	-8.236346e+02
3.260000e-06	-8.216922e-06	-1.387363e-08	-5.669827e+01	-8.240915e+02
3.270000e-06	-8.230310e-06	-1.388093e-08	-5.679065e+01	-8.244362e+02
3.280000e-06	-8.240565e-06	-1.388840e-08	-5.686141e+01	-8.246854e+02
3.290000e-06	-8.247851e-06	-1.389597e-08	-5.691168e+01	-8.248528e+02
3.300000e-06	-8.252207e-06	-1.390051e-08	-5.694174e+01	-8.249468e+02
3.310000e-06	-8.253757e-06	-1.390110e-08	-5.695243e+01	-8.249680e+02
