# Temperatura_=_24.26
# Concentracion g/m^3_=_11780.0
# C_Vs_to_Am_M_A/Vsm_=_59384043850.047264
# pendiente_HvsI_1/m_=_3716.3
# ordenada_HvsI_A/m_=_1297.0
# frecuencia_Hz_=_301374.96174760896

Tiempo_(s)	Campo_(V.s)	Magnetizacion_(V.s)	Campo_(kA/m)	Magnetizacion_(A/m)
0.000000e+00	-8.256020e-06	-1.333219e-08	-5.695472e+01	-7.918852e+02
1.000000e-08	-8.252296e-06	-1.332252e-08	-5.692903e+01	-7.917824e+02
2.000000e-08	-8.245942e-06	-1.331782e-08	-5.688520e+01	-7.915966e+02
3.000000e-08	-8.236834e-06	-1.331348e-08	-5.682236e+01	-7.913152e+02
4.000000e-08	-8.224837e-06	-1.330780e-08	-5.673961e+01	-7.909244e+02
5.000000e-08	-8.209830e-06	-1.330066e-08	-5.663608e+01	-7.904142e+02
6.000000e-08	-8.191963e-06	-1.330014e-08	-5.651282e+01	-7.897827e+02
7.000000e-08	-8.171620e-06	-1.330189e-08	-5.637248e+01	-7.890385e+02
8.000000e-08	-8.148509e-06	-1.324091e-08	-5.621305e+01	-7.881985e+02
9.000000e-08	-8.122058e-06	-1.318744e-08	-5.603057e+01	-7.872837e+02
1.000000e-07	-8.092322e-06	-1.320852e-08	-5.582544e+01	-7.863125e+02
1.100000e-07	-8.059621e-06	-1.322981e-08	-5.559985e+01	-7.852942e+02
1.200000e-07	-8.024144e-06	-1.320536e-08	-5.535511e+01	-7.842259e+02
1.300000e-07	-7.986289e-06	-1.318258e-08	-5.509397e+01	-7.830931e+02
1.400000e-07	-7.946306e-06	-1.321160e-08	-5.481814e+01	-7.818743e+02
1.500000e-07	-7.903691e-06	-1.313288e-08	-5.452416e+01	-7.805485e+02
1.600000e-07	-7.858092e-06	-1.312140e-08	-5.420959e+01	-7.791022e+02
1.700000e-07	-7.809778e-06	-1.309911e-08	-5.387629e+01	-7.775344e+02
1.800000e-07	-7.758358e-06	-1.298074e-08	-5.352157e+01	-7.758557e+02
1.900000e-07	-7.703795e-06	-1.303620e-08	-5.314516e+01	-7.740846e+02
2.000000e-07	-7.646474e-06	-1.301989e-08	-5.274973e+01	-7.722395e+02
2.100000e-07	-7.586427e-06	-1.297928e-08	-5.233549e+01	-7.703314e+02
2.200000e-07	-7.523756e-06	-1.293834e-08	-5.190315e+01	-7.683595e+02
2.300000e-07	-7.458276e-06	-1.288942e-08	-5.145143e+01	-7.663106e+02
2.400000e-07	-7.389994e-06	-1.289518e-08	-5.098038e+01	-7.641642e+02
2.500000e-07	-7.319078e-06	-1.280971e-08	-5.049116e+01	-7.619005e+02
2.600000e-07	-7.245339e-06	-1.275501e-08	-4.998247e+01	-7.595073e+02
2.700000e-07	-7.168779e-06	-1.273051e-08	-4.945432e+01	-7.569853e+02
2.800000e-07	-7.089391e-06	-1.272976e-08	-4.890665e+01	-7.543473e+02
2.900000e-07	-7.007312e-06	-1.268100e-08	-4.834042e+01	-7.516137e+02
3.000000e-07	-6.922905e-06	-1.258571e-08	-4.775814e+01	-7.488041e+02
3.100000e-07	-6.836207e-06	-1.256268e-08	-4.716005e+01	-7.459299e+02
3.200000e-07	-6.747114e-06	-1.251285e-08	-4.654543e+01	-7.429895e+02
3.300000e-07	-6.655595e-06	-1.246635e-08	-4.591408e+01	-7.399689e+02
3.400000e-07	-6.561739e-06	-1.239855e-08	-4.526661e+01	-7.368471e+02
3.500000e-07	-6.465501e-06	-1.234124e-08	-4.460271e+01	-7.336033e+02
3.600000e-07	-6.366802e-06	-1.231228e-08	-4.392182e+01	-7.302245e+02
3.700000e-07	-6.265802e-06	-1.225845e-08	-4.322507e+01	-7.267095e+02
3.800000e-07	-6.162631e-06	-1.218072e-08	-4.251334e+01	-7.230675e+02
3.900000e-07	-6.057226e-06	-1.209221e-08	-4.178619e+01	-7.193131e+02
4.000000e-07	-5.949618e-06	-1.205374e-08	-4.104385e+01	-7.154587e+02
4.100000e-07	-5.839919e-06	-1.199742e-08	-4.028708e+01	-7.115083e+02
4.200000e-07	-5.728088e-06	-1.192188e-08	-3.951561e+01	-7.074542e+02
4.300000e-07	-5.614027e-06	-1.184430e-08	-3.872875e+01	-7.032802e+02
4.400000e-07	-5.497788e-06	-1.178796e-08	-3.792687e+01	-6.989670e+02
4.500000e-07	-5.379480e-06	-1.172768e-08	-3.711071e+01	-6.945002e+02
4.600000e-07	-5.259168e-06	-1.163186e-08	-3.628073e+01	-6.898762e+02
4.700000e-07	-5.136965e-06	-1.153148e-08	-3.543771e+01	-6.851035e+02
4.800000e-07	-5.012948e-06	-1.144995e-08	-3.458217e+01	-6.801992e+02
4.900000e-07	-4.887135e-06	-1.138797e-08	-3.371424e+01	-6.751817e+02
5.000000e-07	-4.759596e-06	-1.129689e-08	-3.283440e+01	-6.700619e+02
5.100000e-07	-4.630347e-06	-1.119672e-08	-3.194277e+01	-6.648374e+02
5.200000e-07	-4.499401e-06	-1.111187e-08	-3.103943e+01	-6.594915e+02
5.300000e-07	-4.366784e-06	-1.103992e-08	-3.012456e+01	-6.539971e+02
5.400000e-07	-4.232576e-06	-1.094195e-08	-2.919872e+01	-6.483249e+02
5.500000e-07	-4.096985e-06	-1.082203e-08	-2.826333e+01	-6.424527e+02
5.600000e-07	-3.959853e-06	-1.071681e-08	-2.731732e+01	-6.363712e+02
5.700000e-07	-3.821073e-06	-1.062742e-08	-2.635994e+01	-6.300852e+02
5.800000e-07	-3.680756e-06	-1.052587e-08	-2.539195e+01	-6.236102e+02
5.900000e-07	-3.538953e-06	-1.040090e-08	-2.441371e+01	-6.169637e+02
6.000000e-07	-3.395753e-06	-1.028723e-08	-2.342583e+01	-6.101574e+02
6.100000e-07	-3.251254e-06	-1.018496e-08	-2.242900e+01	-6.031912e+02
6.200000e-07	-3.105576e-06	-1.007073e-08	-2.142403e+01	-5.960523e+02
6.300000e-07	-2.958870e-06	-9.933500e-09	-2.041197e+01	-5.887189e+02
6.400000e-07	-2.811259e-06	-9.798985e-09	-1.939366e+01	-5.811671e+02
6.500000e-07	-2.662718e-06	-9.677802e-09	-1.836895e+01	-5.733780e+02
6.600000e-07	-2.513227e-06	-9.549416e-09	-1.733767e+01	-5.653411e+02
6.700000e-07	-2.362904e-06	-9.401954e-09	-1.630066e+01	-5.570546e+02
6.800000e-07	-2.211801e-06	-9.250796e-09	-1.525826e+01	-5.485207e+02
6.900000e-07	-2.059863e-06	-9.113460e-09	-1.421010e+01	-5.397385e+02
7.000000e-07	-1.907179e-06	-8.971498e-09	-1.315681e+01	-5.306995e+02
7.100000e-07	-1.753705e-06	-8.810918e-09	-1.209806e+01	-5.213848e+02
7.200000e-07	-1.599483e-06	-8.637773e-09	-1.103414e+01	-5.117681e+02
7.300000e-07	-1.444774e-06	-8.470468e-09	-9.966876e+00	-5.018217e+02
7.400000e-07	-1.289631e-06	-8.303721e-09	-8.896606e+00	-4.915235e+02
7.500000e-07	-1.134040e-06	-8.120615e-09	-7.823250e+00	-4.808612e+02
7.600000e-07	-9.780291e-07	-7.929015e-09	-6.747001e+00	-4.698323e+02
7.700000e-07	-8.215690e-07	-7.743837e-09	-5.667650e+00	-4.584379e+02
7.800000e-07	-6.647984e-07	-7.560817e-09	-4.586158e+00	-4.466731e+02
7.900000e-07	-5.078705e-07	-7.359611e-09	-3.503580e+00	-4.345170e+02
8.000000e-07	-3.507473e-07	-7.137733e-09	-2.419654e+00	-4.219257e+02
8.100000e-07	-1.934415e-07	-6.909342e-09	-1.334470e+00	-4.088321e+02
8.200000e-07	-3.605866e-08	-6.678923e-09	-2.487532e-01	-3.951524e+02
8.300000e-07	1.213157e-07	-6.435843e-09	8.369046e-01	-3.807988e+02
8.400000e-07	2.786366e-07	-6.174311e-09	1.922193e+00	-3.656931e+02
8.500000e-07	4.358186e-07	-5.905142e-09	3.006525e+00	-3.497783e+02
8.600000e-07	5.927998e-07	-5.633204e-09	4.089471e+00	-3.330232e+02
8.700000e-07	7.495373e-07	-5.343848e-09	5.170735e+00	-3.154203e+02
8.800000e-07	9.060370e-07	-5.027330e-09	6.250359e+00	-2.969743e+02
8.900000e-07	1.062244e-06	-4.694736e-09	7.327963e+00	-2.776880e+02
9.000000e-07	1.218003e-06	-4.355712e-09	8.402476e+00	-2.575472e+02
9.100000e-07	1.373278e-06	-4.003879e-09	9.473652e+00	-2.365094e+02
9.200000e-07	1.528109e-06	-3.628735e-09	1.054176e+01	-2.144990e+02
9.300000e-07	1.682453e-06	-3.233557e-09	1.160652e+01	-1.914111e+02
9.400000e-07	1.836214e-06	-2.826656e-09	1.266725e+01	-1.671210e+02
9.500000e-07	1.989287e-06	-2.400246e-09	1.372324e+01	-1.415006e+02
9.600000e-07	2.141515e-06	-1.940004e-09	1.477339e+01	-1.144360e+02
9.700000e-07	2.292823e-06	-1.446970e-09	1.581720e+01	-8.584644e+01
9.800000e-07	2.443300e-06	-9.343127e-10	1.685527e+01	-5.570154e+01
9.900000e-07	2.592960e-06	-4.019325e-10	1.788771e+01	-2.403531e+01
1.000000e-06	2.741682e-06	1.572998e-10	1.891368e+01	9.044305e+00
1.010000e-06	2.889430e-06	7.422698e-10	1.993293e+01	4.335186e+01
1.020000e-06	3.036222e-06	1.338542e-09	2.094559e+01	7.862802e+01
1.030000e-06	3.181978e-06	1.939731e-09	2.195109e+01	1.145511e+02
1.040000e-06	3.326608e-06	2.550796e-09	2.294883e+01	1.507562e+02
1.050000e-06	3.469985e-06	3.167684e-09	2.393793e+01	1.868603e+02
1.060000e-06	3.612039e-06	3.775180e-09	2.491790e+01	2.224895e+02
1.070000e-06	3.752741e-06	4.359996e-09	2.588854e+01	2.573053e+02
1.080000e-06	3.891998e-06	4.924914e-09	2.684922e+01	2.910251e+02
1.090000e-06	4.029752e-06	5.472086e-09	2.779952e+01	3.234336e+02
1.100000e-06	4.165952e-06	5.994795e-09	2.873911e+01	3.543849e+02
1.110000e-06	4.300619e-06	6.485682e-09	2.966811e+01	3.837956e+02
1.120000e-06	4.433744e-06	6.951097e-09	3.058649e+01	4.116321e+02
1.130000e-06	4.565312e-06	7.397643e-09	3.149412e+01	4.378959e+02
1.140000e-06	4.695265e-06	7.817647e-09	3.239061e+01	4.626112e+02
1.150000e-06	4.823479e-06	8.206271e-09	3.327510e+01	4.858159e+02
1.160000e-06	4.950009e-06	8.568865e-09	3.414798e+01	5.075570e+02
1.170000e-06	5.074853e-06	8.912746e-09	3.500922e+01	5.278906e+02
1.180000e-06	5.197945e-06	9.234438e-09	3.585838e+01	5.468812e+02
1.190000e-06	5.319150e-06	9.529711e-09	3.669453e+01	5.646023e+02
1.200000e-06	5.438384e-06	9.803605e-09	3.751707e+01	5.811330e+02
1.210000e-06	5.555659e-06	1.006457e-08	3.832609e+01	5.965546e+02
1.220000e-06	5.670820e-06	1.031210e-08	3.912054e+01	6.109445e+02
1.230000e-06	5.783745e-06	1.053831e-08	3.989956e+01	6.243727e+02
1.240000e-06	5.894526e-06	1.074634e-08	4.066379e+01	6.368996e+02
1.250000e-06	6.003284e-06	1.094265e-08	4.141407e+01	6.485771e+02
1.260000e-06	6.109937e-06	1.112716e-08	4.214982e+01	6.594521e+02
1.270000e-06	6.214332e-06	1.129585e-08	4.287000e+01	6.695706e+02
1.280000e-06	6.316482e-06	1.145015e-08	4.357469e+01	6.789807e+02
1.290000e-06	6.416429e-06	1.159714e-08	4.426417e+01	6.877338e+02
1.300000e-06	6.514000e-06	1.173736e-08	4.493728e+01	6.958829e+02
1.310000e-06	6.609128e-06	1.186488e-08	4.559353e+01	7.034795e+02
1.320000e-06	6.702027e-06	1.198019e-08	4.623439e+01	7.105695e+02
1.330000e-06	6.792661e-06	1.209105e-08	4.685964e+01	7.171907e+02
1.340000e-06	6.880846e-06	1.219682e-08	4.746799e+01	7.233731e+02
1.350000e-06	6.966634e-06	1.229211e-08	4.805980e+01	7.291399e+02
1.360000e-06	7.050048e-06	1.237773e-08	4.863524e+01	7.345115e+02
1.370000e-06	7.130939e-06	1.246011e-08	4.919328e+01	7.395087e+02
1.380000e-06	7.209235e-06	1.254244e-08	4.973340e+01	7.441554e+02
1.390000e-06	7.284852e-06	1.261850e-08	5.025505e+01	7.484783e+02
1.400000e-06	7.357673e-06	1.268462e-08	5.075741e+01	7.525057e+02
1.410000e-06	7.427864e-06	1.274632e-08	5.124163e+01	7.562647e+02
1.420000e-06	7.495473e-06	1.280731e-08	5.170804e+01	7.597780e+02
1.430000e-06	7.560363e-06	1.286369e-08	5.215568e+01	7.630630e+02
1.440000e-06	7.622641e-06	1.291198e-08	5.258531e+01	7.661307e+02
1.450000e-06	7.682377e-06	1.295767e-08	5.299741e+01	7.689883e+02
1.460000e-06	7.739380e-06	1.300562e-08	5.339065e+01	7.716409e+02
1.470000e-06	7.793502e-06	1.304993e-08	5.376401e+01	7.740940e+02
1.480000e-06	7.844445e-06	1.308566e-08	5.411544e+01	7.763554e+02
1.490000e-06	7.892216e-06	1.311799e-08	5.444500e+01	7.784352e+02
1.500000e-06	7.937182e-06	1.315079e-08	5.475520e+01	7.803453e+02
1.510000e-06	7.979312e-06	1.318354e-08	5.504583e+01	7.820978e+02
1.520000e-06	8.018583e-06	1.321150e-08	5.531674e+01	7.837038e+02
1.530000e-06	8.055147e-06	1.323458e-08	5.556899e+01	7.851718e+02
1.540000e-06	8.088878e-06	1.325765e-08	5.580168e+01	7.865079e+02
1.550000e-06	8.119756e-06	1.327936e-08	5.601470e+01	7.877151e+02
1.560000e-06	8.147901e-06	1.329536e-08	5.620886e+01	7.887941e+02
1.570000e-06	8.173127e-06	1.330886e-08	5.638288e+01	7.897441e+02
1.580000e-06	8.195414e-06	1.332474e-08	5.653663e+01	7.905638e+02
1.590000e-06	8.214987e-06	1.333873e-08	5.667165e+01	7.912526e+02
1.600000e-06	8.231661e-06	1.334680e-08	5.678668e+01	7.918120e+02
1.610000e-06	8.245198e-06	1.334983e-08	5.688006e+01	7.922467e+02
1.620000e-06	8.255482e-06	1.335389e-08	5.695101e+01	7.925651e+02
1.630000e-06	8.262684e-06	1.335858e-08	5.700070e+01	7.927786e+02
1.640000e-06	8.267098e-06	1.335967e-08	5.703114e+01	7.928999e+02
1.650000e-06	8.268599e-06	1.335631e-08	5.704150e+01	7.929398e+02
1.660000e-06	8.267274e-06	1.335675e-08	5.703236e+01	7.929046e+02
1.670000e-06	8.263279e-06	1.336018e-08	5.700480e+01	7.927932e+02
1.680000e-06	8.256478e-06	1.335682e-08	5.695788e+01	7.925978e+02
1.690000e-06	8.246941e-06	1.334899e-08	5.689209e+01	7.923053e+02
1.700000e-06	8.234572e-06	1.333974e-08	5.680677e+01	7.919021e+02
1.710000e-06	8.219314e-06	1.332620e-08	5.670150e+01	7.913787e+02
1.720000e-06	8.201541e-06	1.329762e-08	5.657890e+01	7.907345e+02
1.730000e-06	8.181350e-06	1.330211e-08	5.643960e+01	7.899790e+02
1.740000e-06	8.158138e-06	1.335586e-08	5.627948e+01	7.891300e+02
1.750000e-06	8.131150e-06	1.332431e-08	5.609330e+01	7.882083e+02
1.760000e-06	8.100406e-06	1.326011e-08	5.588121e+01	7.872318e+02
1.770000e-06	8.066670e-06	1.324558e-08	5.564848e+01	7.862084e+02
1.780000e-06	8.030595e-06	1.320921e-08	5.539962e+01	7.851341e+02
1.790000e-06	7.992310e-06	1.315239e-08	5.513550e+01	7.839931e+02
1.800000e-06	7.951938e-06	1.322464e-08	5.485699e+01	7.827637e+02
1.810000e-06	7.909041e-06	1.313445e-08	5.456106e+01	7.814254e+02
1.820000e-06	7.863338e-06	1.309965e-08	5.424578e+01	7.799659e+02
1.830000e-06	7.814918e-06	1.318724e-08	5.391175e+01	7.783854e+02
1.840000e-06	7.763272e-06	1.306504e-08	5.355547e+01	7.766958e+02
1.850000e-06	7.708585e-06	1.308620e-08	5.317821e+01	7.749159e+02
1.860000e-06	7.651120e-06	1.298132e-08	5.278178e+01	7.730637e+02
1.870000e-06	7.590902e-06	1.296265e-08	5.236636e+01	7.711491e+02
1.880000e-06	7.528057e-06	1.299285e-08	5.193282e+01	7.691696e+02
1.890000e-06	7.462418e-06	1.289044e-08	5.148001e+01	7.671112e+02
1.900000e-06	7.393984e-06	1.292086e-08	5.100791e+01	7.649532e+02
1.910000e-06	7.322596e-06	1.283349e-08	5.051543e+01	7.626759e+02
1.920000e-06	7.248379e-06	1.281657e-08	5.000344e+01	7.602686e+02
1.930000e-06	7.171419e-06	1.275318e-08	4.947253e+01	7.577333e+02
1.940000e-06	7.091719e-06	1.268333e-08	4.892271e+01	7.550840e+02
1.950000e-06	7.009590e-06	1.268481e-08	4.835614e+01	7.523414e+02
1.960000e-06	6.924904e-06	1.260696e-08	4.777193e+01	7.495245e+02
1.970000e-06	6.837676e-06	1.261435e-08	4.717018e+01	7.466434e+02
1.980000e-06	6.748022e-06	1.252015e-08	4.655170e+01	7.436952e+02
1.990000e-06	6.656053e-06	1.246296e-08	4.591724e+01	7.406649e+02
2.000000e-06	6.561739e-06	1.240624e-08	4.526661e+01	7.375308e+02
2.010000e-06	6.465047e-06	1.234184e-08	4.459957e+01	7.342730e+02
2.020000e-06	6.366161e-06	1.229873e-08	4.391740e+01	7.308794e+02
2.030000e-06	6.264931e-06	1.222438e-08	4.321906e+01	7.273501e+02
2.040000e-06	6.161348e-06	1.220363e-08	4.250448e+01	7.236953e+02
2.050000e-06	6.055556e-06	1.212647e-08	4.177467e+01	7.199296e+02
2.060000e-06	5.947748e-06	1.206402e-08	4.103095e+01	7.160650e+02
2.070000e-06	5.837830e-06	1.196408e-08	4.027267e+01	7.121039e+02
2.080000e-06	5.725669e-06	1.189542e-08	3.949892e+01	7.080379e+02
2.090000e-06	5.611369e-06	1.182658e-08	3.871042e+01	7.038498e+02
2.100000e-06	5.494819e-06	1.175431e-08	3.790638e+01	6.995206e+02
2.110000e-06	5.376104e-06	1.168716e-08	3.708742e+01	6.950369e+02
2.120000e-06	5.255430e-06	1.161567e-08	3.625495e+01	6.903963e+02
2.130000e-06	5.132931e-06	1.155124e-08	3.540988e+01	6.856085e+02
2.140000e-06	5.008575e-06	1.145264e-08	3.455200e+01	6.806912e+02
2.150000e-06	4.882355e-06	1.136092e-08	3.368126e+01	6.756624e+02
2.160000e-06	4.754358e-06	1.126137e-08	3.279827e+01	6.705317e+02
2.170000e-06	4.624704e-06	1.118524e-08	3.190384e+01	6.652952e+02
2.180000e-06	4.493535e-06	1.109410e-08	3.099896e+01	6.599347e+02
2.190000e-06	4.360741e-06	1.100514e-08	3.008287e+01	6.544226e+02
2.200000e-06	4.226295e-06	1.090935e-08	2.915539e+01	6.487298e+02
2.210000e-06	4.090283e-06	1.081628e-08	2.821710e+01	6.428353e+02
2.220000e-06	3.952775e-06	1.071147e-08	2.726849e+01	6.367314e+02
2.230000e-06	3.813816e-06	1.059285e-08	2.630988e+01	6.304243e+02
2.240000e-06	3.673376e-06	1.047883e-08	2.534104e+01	6.239300e+02
2.250000e-06	3.531496e-06	1.036830e-08	2.436227e+01	6.172660e+02
2.260000e-06	3.388377e-06	1.026110e-08	2.337495e+01	6.104427e+02
2.270000e-06	3.244031e-06	1.013777e-08	2.237917e+01	6.034588e+02
2.280000e-06	3.098398e-06	1.001727e-08	2.137451e+01	5.963002e+02
2.290000e-06	2.951673e-06	9.893275e-09	2.036232e+01	5.889444e+02
2.300000e-06	2.804037e-06	9.770803e-09	1.934384e+01	5.813680e+02
2.310000e-06	2.655445e-06	9.635584e-09	1.831877e+01	5.735525e+02
2.320000e-06	2.505855e-06	9.498504e-09	1.728681e+01	5.654888e+02
2.330000e-06	2.355386e-06	9.360062e-09	1.624879e+01	5.571757e+02
2.340000e-06	2.204127e-06	9.215405e-09	1.520532e+01	5.486152e+02
2.350000e-06	2.052076e-06	9.063564e-09	1.415639e+01	5.398061e+02
2.360000e-06	1.899227e-06	8.905364e-09	1.310194e+01	5.307386e+02
2.370000e-06	1.745695e-06	8.751215e-09	1.204279e+01	5.213928e+02
2.380000e-06	1.591618e-06	8.595557e-09	1.097989e+01	5.117420e+02
2.390000e-06	1.437057e-06	8.429653e-09	9.913635e+00	5.017588e+02
2.400000e-06	1.282056e-06	8.251008e-09	8.844353e+00	4.914219e+02
2.410000e-06	1.126562e-06	8.066785e-09	7.771664e+00	4.807203e+02
2.420000e-06	9.705648e-07	7.876802e-09	6.695508e+00	4.696522e+02
2.430000e-06	8.142107e-07	7.679958e-09	5.616889e+00	4.582184e+02
2.440000e-06	6.575319e-07	7.477676e-09	4.536029e+00	4.464131e+02
2.450000e-06	5.005660e-07	7.277704e-09	3.453189e+00	4.342128e+02
2.460000e-06	3.433744e-07	7.073777e-09	2.368792e+00	4.215712e+02
2.470000e-06	1.859956e-07	6.857590e-09	1.283104e+00	4.084190e+02
2.480000e-06	2.857177e-08	6.622898e-09	1.971043e-01	3.946712e+02
2.490000e-06	-1.287832e-07	6.374454e-09	-8.884195e-01	3.802404e+02
2.500000e-06	-2.860852e-07	6.116348e-09	-1.973579e+00	3.650503e+02
2.510000e-06	-4.432694e-07	5.846854e-09	-3.057925e+00	3.490464e+02
2.520000e-06	-6.001992e-07	5.565363e-09	-4.140516e+00	3.322005e+02
2.530000e-06	-7.568282e-07	5.270429e-09	-5.221031e+00	3.145068e+02
2.540000e-06	-9.131833e-07	4.962961e-09	-6.299658e+00	2.959708e+02
2.550000e-06	-1.069173e-06	4.639324e-09	-7.375761e+00	2.765940e+02
2.560000e-06	-1.224665e-06	4.298364e-09	-8.448436e+00	2.563597e+02
2.570000e-06	-1.379674e-06	3.938974e-09	-9.517776e+00	2.352218e+02
2.580000e-06	-1.534234e-06	3.564053e-09	-1.058402e+01	2.131014e+02
2.590000e-06	-1.688304e-06	3.173986e-09	-1.164688e+01	1.898908e+02
2.600000e-06	-1.841774e-06	2.765836e-09	-1.270560e+01	1.654642e+02
2.610000e-06	-1.994559e-06	2.336668e-09	-1.375960e+01	1.396940e+02
2.620000e-06	-2.146565e-06	1.883947e-09	-1.480823e+01	1.124691e+02
2.630000e-06	-2.297764e-06	1.405618e-09	-1.585129e+01	8.371327e+01
2.640000e-06	-2.448192e-06	8.987699e-10	-1.688902e+01	5.340245e+01
2.650000e-06	-2.597820e-06	3.633975e-10	-1.792124e+01	2.157822e+01
2.660000e-06	-2.746442e-06	-1.957469e-10	-1.894652e+01	-1.164324e+01
2.670000e-06	-2.893968e-06	-7.727035e-10	-1.996423e+01	-4.606825e+01
2.680000e-06	-3.040547e-06	-1.364710e-09	-2.097543e+01	-8.143010e+01
2.690000e-06	-3.186123e-06	-1.968404e-09	-2.197969e+01	-1.174015e+02
2.700000e-06	-3.330516e-06	-2.575675e-09	-2.297580e+01	-1.536142e+02
2.710000e-06	-3.473702e-06	-3.179133e-09	-2.396357e+01	-1.896849e+02
2.720000e-06	-3.615637e-06	-3.774659e-09	-2.494272e+01	-2.252423e+02
2.730000e-06	-3.756129e-06	-4.356648e-09	-2.591192e+01	-2.599531e+02
2.740000e-06	-3.895128e-06	-4.920368e-09	-2.687081e+01	-2.935415e+02
2.750000e-06	-4.032730e-06	-5.463133e-09	-2.782006e+01	-3.257997e+02
2.760000e-06	-4.168870e-06	-5.982828e-09	-2.875924e+01	-3.565890e+02
2.770000e-06	-4.303524e-06	-6.476625e-09	-2.968816e+01	-3.858320e+02
2.780000e-06	-4.436603e-06	-6.944038e-09	-3.060621e+01	-4.134994e+02
2.790000e-06	-4.568011e-06	-7.384088e-09	-3.151274e+01	-4.395959e+02
2.800000e-06	-4.697864e-06	-7.797104e-09	-3.240854e+01	-4.641474e+02
2.810000e-06	-4.826116e-06	-8.186347e-09	-3.329329e+01	-4.871929e+02
2.820000e-06	-4.952687e-06	-8.550911e-09	-3.416645e+01	-5.087805e+02
2.830000e-06	-5.077474e-06	-8.890756e-09	-3.502730e+01	-5.289670e+02
2.840000e-06	-5.200434e-06	-9.207529e-09	-3.587555e+01	-5.478180e+02
2.850000e-06	-5.321608e-06	-9.504131e-09	-3.671148e+01	-5.654077e+02
2.860000e-06	-5.440854e-06	-9.780700e-09	-3.753411e+01	-5.818158e+02
2.870000e-06	-5.557928e-06	-1.003746e-08	-3.834175e+01	-5.971233e+02
2.880000e-06	-5.672671e-06	-1.027776e-08	-3.913331e+01	-6.114070e+02
2.890000e-06	-5.785121e-06	-1.050394e-08	-3.990905e+01	-6.247359e+02
2.900000e-06	-5.895366e-06	-1.071421e-08	-4.066959e+01	-6.371695e+02
2.910000e-06	-6.003542e-06	-1.090684e-08	-4.141585e+01	-6.487588e+02
2.920000e-06	-6.109753e-06	-1.108697e-08	-4.214856e+01	-6.595506e+02
2.930000e-06	-6.213867e-06	-1.125722e-08	-4.286679e+01	-6.695909e+02
2.940000e-06	-6.315671e-06	-1.141666e-08	-4.356909e+01	-6.789281e+02
2.950000e-06	-6.415190e-06	-1.156442e-08	-4.425563e+01	-6.876140e+02
2.960000e-06	-6.512535e-06	-1.170097e-08	-4.492717e+01	-6.957017e+02
2.970000e-06	-6.607613e-06	-1.182837e-08	-4.558308e+01	-7.032419e+02
2.980000e-06	-6.700299e-06	-1.194632e-08	-4.622247e+01	-7.102800e+02
2.990000e-06	-6.790640e-06	-1.205554e-08	-4.684570e+01	-7.168530e+02
3.000000e-06	-6.878644e-06	-1.215927e-08	-4.745280e+01	-7.229899e+02
3.010000e-06	-6.964113e-06	-1.225858e-08	-4.804241e+01	-7.287134e+02
3.020000e-06	-7.047100e-06	-1.235138e-08	-4.861490e+01	-7.340439e+02
3.030000e-06	-7.127732e-06	-1.243526e-08	-4.917115e+01	-7.390024e+02
3.040000e-06	-7.205671e-06	-1.251282e-08	-4.970882e+01	-7.436131e+02
3.050000e-06	-7.280761e-06	-1.258539e-08	-5.022683e+01	-7.479031e+02
3.060000e-06	-7.353226e-06	-1.265126e-08	-5.072673e+01	-7.519005e+02
3.070000e-06	-7.423069e-06	-1.270961e-08	-5.120855e+01	-7.556322e+02
3.080000e-06	-7.490235e-06	-1.276545e-08	-5.167190e+01	-7.591205e+02
3.090000e-06	-7.554778e-06	-1.282258e-08	-5.211716e+01	-7.623817e+02
3.100000e-06	-7.616663e-06	-1.287707e-08	-5.254407e+01	-7.654267e+02
3.110000e-06	-7.675827e-06	-1.292389e-08	-5.295222e+01	-7.682622e+02
3.120000e-06	-7.732234e-06	-1.296552e-08	-5.334135e+01	-7.708931e+02
3.130000e-06	-7.785706e-06	-1.300828e-08	-5.371023e+01	-7.733253e+02
3.140000e-06	-7.836092e-06	-1.304983e-08	-5.405782e+01	-7.755668e+02
3.150000e-06	-7.883370e-06	-1.308403e-08	-5.438397e+01	-7.776279e+02
3.160000e-06	-7.927881e-06	-1.311172e-08	-5.469103e+01	-7.795205e+02
3.170000e-06	-7.969937e-06	-1.313794e-08	-5.498116e+01	-7.812569e+02
3.180000e-06	-8.009294e-06	-1.316517e-08	-5.525266e+01	-7.828478e+02
3.190000e-06	-8.045787e-06	-1.319142e-08	-5.550442e+01	-7.843015e+02
3.200000e-06	-8.079477e-06	-1.321313e-08	-5.573683e+01	-7.856237e+02
3.210000e-06	-8.110248e-06	-1.323419e-08	-5.594911e+01	-7.868172e+02
3.220000e-06	-8.138094e-06	-1.325498e-08	-5.614120e+01	-7.878825e+02
3.230000e-06	-8.163176e-06	-1.327181e-08	-5.631423e+01	-7.888186e+02
3.240000e-06	-8.185286e-06	-1.328182e-08	-5.646676e+01	-7.896244e+02
3.250000e-06	-8.204447e-06	-1.329017e-08	-5.659894e+01	-7.902992e+02
3.260000e-06	-8.220846e-06	-1.330202e-08	-5.671207e+01	-7.908450e+02
3.270000e-06	-8.234104e-06	-1.331315e-08	-5.680353e+01	-7.912668e+02
3.280000e-06	-8.244219e-06	-1.331916e-08	-5.687331e+01	-7.915734e+02
3.290000e-06	-8.251475e-06	-1.332374e-08	-5.692337e+01	-7.917765e+02
3.300000e-06	-8.255788e-06	-1.332988e-08	-5.695313e+01	-7.918887e+02
3.310000e-06	-8.257199e-06	-1.333560e-08	-5.696286e+01	-7.919204e+02
