# Temperatura_=_38.6
# Concentracion g/m^3_=_11780.0
# C_Vs_to_Am_M_A/Vsm_=_59384043850.047264
# pendiente_HvsI_1/m_=_3716.3
# ordenada_HvsI_A/m_=_1297.0
# frecuencia_Hz_=_301381.39812607225

Tiempo_(s)	Campo_(V.s)	Magnetizacion_(V.s)	Campo_(kA/m)	Magnetizacion_(A/m)
0.000000e+00	-8.178377e-06	-1.343722e-08	-5.696056e+01	-7.977443e+02
1.000000e-08	-8.174510e-06	-1.343187e-08	-5.693363e+01	-7.976050e+02
2.000000e-08	-8.168041e-06	-1.342725e-08	-5.688857e+01	-7.973873e+02
3.000000e-08	-8.158871e-06	-1.342185e-08	-5.682471e+01	-7.970865e+02
4.000000e-08	-8.146781e-06	-1.341717e-08	-5.674050e+01	-7.966927e+02
5.000000e-08	-8.131658e-06	-1.340958e-08	-5.663518e+01	-7.961941e+02
6.000000e-08	-8.113723e-06	-1.340882e-08	-5.651026e+01	-7.955815e+02
7.000000e-08	-8.093398e-06	-1.340610e-08	-5.636870e+01	-7.948536e+02
8.000000e-08	-8.070337e-06	-1.334811e-08	-5.620808e+01	-7.940190e+02
9.000000e-08	-8.043903e-06	-1.330548e-08	-5.602398e+01	-7.930952e+02
1.000000e-07	-8.014221e-06	-1.332071e-08	-5.581725e+01	-7.921034e+02
1.100000e-07	-7.981640e-06	-1.333287e-08	-5.559033e+01	-7.910617e+02
1.200000e-07	-7.946321e-06	-1.331520e-08	-5.534434e+01	-7.899783e+02
1.300000e-07	-7.908646e-06	-1.330252e-08	-5.508194e+01	-7.888482e+02
1.400000e-07	-7.868846e-06	-1.330111e-08	-5.480474e+01	-7.876540e+02
1.500000e-07	-7.826447e-06	-1.322873e-08	-5.450945e+01	-7.863724e+02
1.600000e-07	-7.781165e-06	-1.323786e-08	-5.419407e+01	-7.849814e+02
1.700000e-07	-7.733164e-06	-1.318711e-08	-5.385975e+01	-7.834686e+02
1.800000e-07	-7.682066e-06	-1.311694e-08	-5.350387e+01	-7.818347e+02
1.900000e-07	-7.627885e-06	-1.315915e-08	-5.312650e+01	-7.800924e+02
2.000000e-07	-7.570965e-06	-1.312082e-08	-5.273007e+01	-7.782605e+02
2.100000e-07	-7.511310e-06	-1.309905e-08	-5.231459e+01	-7.763557e+02
2.200000e-07	-7.449023e-06	-1.303926e-08	-5.188077e+01	-7.743850e+02
2.300000e-07	-7.383968e-06	-1.299119e-08	-5.142768e+01	-7.723431e+02
2.400000e-07	-7.316122e-06	-1.297493e-08	-5.095515e+01	-7.702135e+02
2.500000e-07	-7.245666e-06	-1.291500e-08	-5.046444e+01	-7.679759e+02
2.600000e-07	-7.172486e-06	-1.288182e-08	-4.995476e+01	-7.656141e+02
2.700000e-07	-7.096514e-06	-1.285580e-08	-4.942563e+01	-7.631228e+02
2.800000e-07	-7.017734e-06	-1.284219e-08	-4.887695e+01	-7.605099e+02
2.900000e-07	-6.936243e-06	-1.277875e-08	-4.830938e+01	-7.577930e+02
3.000000e-07	-6.852406e-06	-1.270611e-08	-4.772547e+01	-7.549919e+02
3.100000e-07	-6.766331e-06	-1.266596e-08	-4.712598e+01	-7.521193e+02
3.200000e-07	-6.677875e-06	-1.260647e-08	-4.650990e+01	-7.491754e+02
3.300000e-07	-6.587035e-06	-1.256792e-08	-4.587722e+01	-7.461457e+02
3.400000e-07	-6.493886e-06	-1.251841e-08	-4.522846e+01	-7.430065e+02
3.500000e-07	-6.398410e-06	-1.246945e-08	-4.456349e+01	-7.397332e+02
3.600000e-07	-6.300549e-06	-1.242005e-08	-4.388191e+01	-7.363094e+02
3.700000e-07	-6.200384e-06	-1.235739e-08	-4.318429e+01	-7.327334e+02
3.800000e-07	-6.098008e-06	-1.227952e-08	-4.247126e+01	-7.290175e+02
3.900000e-07	-5.993423e-06	-1.219805e-08	-4.174285e+01	-7.251832e+02
4.000000e-07	-5.886664e-06	-1.214622e-08	-4.099930e+01	-7.212510e+02
4.100000e-07	-5.777856e-06	-1.208952e-08	-4.024147e+01	-7.172319e+02
4.200000e-07	-5.667027e-06	-1.202471e-08	-3.946957e+01	-7.131218e+02
4.300000e-07	-5.554090e-06	-1.195231e-08	-3.868299e+01	-7.089024e+02
4.400000e-07	-5.438927e-06	-1.188565e-08	-3.788091e+01	-7.045487e+02
4.500000e-07	-5.321547e-06	-1.180987e-08	-3.706338e+01	-7.000382e+02
4.600000e-07	-5.202232e-06	-1.171802e-08	-3.623238e+01	-6.953604e+02
4.700000e-07	-5.081118e-06	-1.162821e-08	-3.538885e+01	-6.905209e+02
4.800000e-07	-4.958108e-06	-1.154839e-08	-3.453211e+01	-6.855389e+02
4.900000e-07	-4.833273e-06	-1.147450e-08	-3.366266e+01	-6.804394e+02
5.000000e-07	-4.706811e-06	-1.138824e-08	-3.278188e+01	-6.752415e+02
5.100000e-07	-4.578777e-06	-1.129548e-08	-3.189015e+01	-6.699498e+02
5.200000e-07	-4.449044e-06	-1.120507e-08	-3.098659e+01	-6.645503e+02
5.300000e-07	-4.317524e-06	-1.111541e-08	-3.007059e+01	-6.590137e+02
5.400000e-07	-4.184465e-06	-1.101538e-08	-2.914386e+01	-6.533048e+02
5.500000e-07	-4.050053e-06	-1.090736e-08	-2.820771e+01	-6.473932e+02
5.600000e-07	-3.914163e-06	-1.080692e-08	-2.726126e+01	-6.412636e+02
5.700000e-07	-3.776797e-06	-1.071083e-08	-2.630455e+01	-6.349186e+02
5.800000e-07	-3.637972e-06	-1.060325e-08	-2.533766e+01	-6.283761e+02
5.900000e-07	-3.497692e-06	-1.048401e-08	-2.436064e+01	-6.216596e+02
6.000000e-07	-3.355966e-06	-1.036856e-08	-2.337355e+01	-6.147876e+02
6.100000e-07	-3.212851e-06	-1.025467e-08	-2.237679e+01	-6.077649e+02
6.200000e-07	-3.068491e-06	-1.013268e-08	-2.137135e+01	-6.005794e+02
6.300000e-07	-2.922953e-06	-1.000483e-08	-2.035771e+01	-5.932058e+02
6.400000e-07	-2.776412e-06	-9.877844e-09	-1.933709e+01	-5.856136e+02
6.500000e-07	-2.629037e-06	-9.752461e-09	-1.831065e+01	-5.777766e+02
6.600000e-07	-2.480820e-06	-9.617870e-09	-1.727835e+01	-5.696797e+02
6.700000e-07	-2.331791e-06	-9.473372e-09	-1.624040e+01	-5.613203e+02
6.800000e-07	-2.182023e-06	-9.324989e-09	-1.519730e+01	-5.527038e+02
6.900000e-07	-2.031478e-06	-9.178435e-09	-1.414879e+01	-5.438358e+02
7.000000e-07	-1.880217e-06	-9.026565e-09	-1.309529e+01	-5.347142e+02
7.100000e-07	-1.728243e-06	-8.866595e-09	-1.203682e+01	-5.253248e+02
7.200000e-07	-1.575550e-06	-8.700472e-09	-1.097335e+01	-5.156429e+02
7.300000e-07	-1.422302e-06	-8.531922e-09	-9.906012e+00	-5.056388e+02
7.400000e-07	-1.268612e-06	-8.361355e-09	-8.835600e+00	-4.952863e+02
7.500000e-07	-1.114505e-06	-8.179868e-09	-7.762275e+00	-4.845688e+02
7.600000e-07	-9.599656e-07	-7.991718e-09	-6.685945e+00	-4.734803e+02
7.700000e-07	-8.050462e-07	-7.800555e-09	-5.606966e+00	-4.620197e+02
7.800000e-07	-6.498093e-07	-7.606965e-09	-4.525776e+00	-4.501809e+02
7.900000e-07	-4.942878e-07	-7.404503e-09	-3.442603e+00	-4.379411e+02
8.000000e-07	-3.385746e-07	-7.187937e-09	-2.358096e+00	-4.252532e+02
8.100000e-07	-1.826880e-07	-6.959376e-09	-1.272381e+00	-4.120445e+02
8.200000e-07	-2.670743e-08	-6.722716e-09	-1.860112e-01	-3.982247e+02
8.300000e-07	1.292535e-07	-6.477332e-09	9.002214e-01	-3.837000e+02
8.400000e-07	2.851300e-07	-6.217123e-09	1.985866e+00	-3.683884e+02
8.500000e-07	4.408805e-07	-5.945078e-09	3.070634e+00	-3.522331e+02
8.600000e-07	5.964902e-07	-5.663860e-09	4.154420e+00	-3.352066e+02
8.700000e-07	7.518396e-07	-5.367107e-09	5.236394e+00	-3.173058e+02
8.800000e-07	9.068456e-07	-5.049537e-09	6.315976e+00	-2.985381e+02
8.900000e-07	1.061472e-06	-4.714474e-09	7.392916e+00	-2.789034e+02
9.000000e-07	1.215636e-06	-4.368364e-09	8.466633e+00	-2.583761e+02
9.100000e-07	1.369320e-06	-4.007380e-09	9.537009e+00	-2.368936e+02
9.200000e-07	1.522559e-06	-3.624073e-09	1.060428e+01	-2.143540e+02
9.300000e-07	1.675325e-06	-3.218585e-09	1.166827e+01	-1.906224e+02
9.400000e-07	1.827512e-06	-2.793426e-09	1.272821e+01	-1.655477e+02
9.500000e-07	1.978977e-06	-2.346046e-09	1.378313e+01	-1.389822e+02
9.600000e-07	2.129625e-06	-1.867925e-09	1.483236e+01	-1.108042e+02
9.700000e-07	2.279483e-06	-1.358006e-09	1.587609e+01	-8.093850e+01
9.800000e-07	2.428595e-06	-8.221781e-10	1.691462e+01	-4.937409e+01
9.900000e-07	2.576915e-06	-2.628321e-10	1.794763e+01	-1.617627e+01
1.000000e-06	2.724305e-06	3.219734e-10	1.897418e+01	1.850609e+01
1.010000e-06	2.870712e-06	9.336546e-10	1.999387e+01	5.443982e+01
1.020000e-06	3.016182e-06	1.560569e-09	2.100703e+01	9.131411e+01
1.030000e-06	3.160521e-06	2.191455e-09	2.201232e+01	1.287553e+02
1.040000e-06	3.303627e-06	2.824273e-09	2.300902e+01	1.663494e+02
1.050000e-06	3.445576e-06	3.456238e-09	2.399767e+01	2.036707e+02
1.060000e-06	3.586246e-06	4.078122e-09	2.497740e+01	2.403127e+02
1.070000e-06	3.725466e-06	4.675878e-09	2.594703e+01	2.759175e+02
1.080000e-06	3.863229e-06	5.248534e-09	2.690653e+01	3.101972e+02
1.090000e-06	3.999509e-06	5.800836e-09	2.785568e+01	3.429457e+02
1.100000e-06	4.134207e-06	6.327897e-09	2.879383e+01	3.740376e+02
1.110000e-06	4.267461e-06	6.821763e-09	2.972191e+01	4.034177e+02
1.120000e-06	4.399336e-06	7.284542e-09	3.064039e+01	4.310836e+02
1.130000e-06	4.529612e-06	7.723642e-09	3.154773e+01	4.570668e+02
1.140000e-06	4.658198e-06	8.136669e-09	3.244330e+01	4.814169e+02
1.150000e-06	4.785155e-06	8.519493e-09	3.332753e+01	5.041920e+02
1.160000e-06	4.910520e-06	8.873172e-09	3.420067e+01	5.254550e+02
1.170000e-06	5.034142e-06	9.204618e-09	3.506167e+01	5.452742e+02
1.180000e-06	5.155930e-06	9.516247e-09	3.590990e+01	5.637253e+02
1.190000e-06	5.275923e-06	9.804389e-09	3.674562e+01	5.808922e+02
1.200000e-06	5.393996e-06	1.007011e-08	3.756797e+01	5.968645e+02
1.210000e-06	5.509960e-06	1.032005e-08	3.837563e+01	6.117320e+02
1.220000e-06	5.623693e-06	1.055687e-08	3.916776e+01	6.255788e+02
1.230000e-06	5.735284e-06	1.077590e-08	3.994497e+01	6.384788e+02
1.240000e-06	5.844939e-06	1.097525e-08	4.070869e+01	6.504937e+02
1.250000e-06	5.952595e-06	1.116072e-08	4.145849e+01	6.616753e+02
1.260000e-06	6.058069e-06	1.133658e-08	4.219309e+01	6.720708e+02
1.270000e-06	6.161355e-06	1.149935e-08	4.291246e+01	6.817274e+02
1.280000e-06	6.262523e-06	1.164792e-08	4.361707e+01	6.906962e+02
1.290000e-06	6.361408e-06	1.178649e-08	4.430578e+01	6.990321e+02
1.300000e-06	6.457809e-06	1.191799e-08	4.497719e+01	7.067905e+02
1.310000e-06	6.551936e-06	1.204093e-08	4.563276e+01	7.140229e+02
1.320000e-06	6.643900e-06	1.215208e-08	4.627327e+01	7.207719e+02
1.330000e-06	6.733466e-06	1.225536e-08	4.689708e+01	7.270699e+02
1.340000e-06	6.820591e-06	1.235480e-08	4.750389e+01	7.329402e+02
1.350000e-06	6.905444e-06	1.244719e-08	4.809487e+01	7.384018e+02
1.360000e-06	6.987962e-06	1.253130e-08	4.866959e+01	7.434745e+02
1.370000e-06	7.067926e-06	1.260905e-08	4.922652e+01	7.481831e+02
1.380000e-06	7.145283e-06	1.268500e-08	4.976529e+01	7.525588e+02
1.390000e-06	7.219994e-06	1.275668e-08	5.028564e+01	7.566367e+02
1.400000e-06	7.292063e-06	1.282091e-08	5.078758e+01	7.604508e+02
1.410000e-06	7.361549e-06	1.287940e-08	5.127154e+01	7.640288e+02
1.420000e-06	7.428324e-06	1.293487e-08	5.173661e+01	7.673886e+02
1.430000e-06	7.492396e-06	1.298891e-08	5.218286e+01	7.705377e+02
1.440000e-06	7.553996e-06	1.303821e-08	5.261189e+01	7.734767e+02
1.450000e-06	7.613038e-06	1.308192e-08	5.302310e+01	7.762040e+02
1.460000e-06	7.669330e-06	1.312396e-08	5.341516e+01	7.787217e+02
1.470000e-06	7.722753e-06	1.316520e-08	5.378724e+01	7.810384e+02
1.480000e-06	7.772977e-06	1.320213e-08	5.413704e+01	7.831694e+02
1.490000e-06	7.820075e-06	1.323243e-08	5.446507e+01	7.851339e+02
1.500000e-06	7.864413e-06	1.325959e-08	5.477387e+01	7.869501e+02
1.510000e-06	7.905966e-06	1.328872e-08	5.506328e+01	7.886313e+02
1.520000e-06	7.944733e-06	1.331782e-08	5.533328e+01	7.901833e+02
1.530000e-06	7.980793e-06	1.334099e-08	5.558443e+01	7.916053e+02
1.540000e-06	8.014000e-06	1.335992e-08	5.581571e+01	7.928928e+02
1.550000e-06	8.044385e-06	1.337943e-08	5.602734e+01	7.940414e+02
1.560000e-06	8.072046e-06	1.339726e-08	5.621999e+01	7.950501e+02
1.570000e-06	8.096813e-06	1.340880e-08	5.639248e+01	7.959227e+02
1.580000e-06	8.118741e-06	1.341813e-08	5.654521e+01	7.966667e+02
1.590000e-06	8.137923e-06	1.342975e-08	5.667881e+01	7.972911e+02
1.600000e-06	8.154182e-06	1.343969e-08	5.679205e+01	7.978038e+02
1.610000e-06	8.167364e-06	1.344244e-08	5.688386e+01	7.982103e+02
1.620000e-06	8.177359e-06	1.344363e-08	5.695347e+01	7.985138e+02
1.630000e-06	8.184355e-06	1.344882e-08	5.700220e+01	7.987170e+02
1.640000e-06	8.188606e-06	1.345447e-08	5.703180e+01	7.988237e+02
1.650000e-06	8.189998e-06	1.345391e-08	5.704150e+01	7.988395e+02
1.660000e-06	8.188570e-06	1.345204e-08	5.703155e+01	7.987710e+02
1.670000e-06	8.184499e-06	1.344852e-08	5.700320e+01	7.986233e+02
1.680000e-06	8.177697e-06	1.344173e-08	5.695582e+01	7.983969e+02
1.690000e-06	8.168163e-06	1.343302e-08	5.688942e+01	7.980866e+02
1.700000e-06	8.155773e-06	1.342212e-08	5.680313e+01	7.976821e+02
1.710000e-06	8.140515e-06	1.340952e-08	5.669686e+01	7.971715e+02
1.720000e-06	8.122791e-06	1.338310e-08	5.657342e+01	7.965463e+02
1.730000e-06	8.102715e-06	1.340973e-08	5.643359e+01	7.958063e+02
1.740000e-06	8.079618e-06	1.344273e-08	5.627273e+01	7.949611e+02
1.750000e-06	8.052712e-06	1.340188e-08	5.608533e+01	7.940289e+02
1.760000e-06	8.022104e-06	1.335236e-08	5.587215e+01	7.930309e+02
1.770000e-06	7.988624e-06	1.332669e-08	5.563897e+01	7.919845e+02
1.780000e-06	7.952828e-06	1.327108e-08	5.538966e+01	7.908965e+02
1.790000e-06	7.914781e-06	1.326757e-08	5.512467e+01	7.897604e+02
1.800000e-06	7.874598e-06	1.331581e-08	5.484481e+01	7.885580e+02
1.810000e-06	7.831916e-06	1.321430e-08	5.454754e+01	7.872654e+02
1.820000e-06	7.786594e-06	1.323945e-08	5.423188e+01	7.858617e+02
1.830000e-06	7.738583e-06	1.323588e-08	5.389749e+01	7.843356e+02
1.840000e-06	7.687323e-06	1.315821e-08	5.354048e+01	7.826892e+02
1.850000e-06	7.633002e-06	1.316752e-08	5.316215e+01	7.809363e+02
1.860000e-06	7.575867e-06	1.305333e-08	5.276421e+01	7.790958e+02
1.870000e-06	7.516070e-06	1.308731e-08	5.234774e+01	7.771837e+02
1.880000e-06	7.453626e-06	1.307442e-08	5.191283e+01	7.752058e+02
1.890000e-06	7.388380e-06	1.301614e-08	5.145841e+01	7.731553e+02
1.900000e-06	7.320491e-06	1.301157e-08	5.098558e+01	7.710150e+02
1.910000e-06	7.249724e-06	1.291930e-08	5.049270e+01	7.687647e+02
1.920000e-06	7.176147e-06	1.291162e-08	4.998025e+01	7.663889e+02
1.930000e-06	7.099866e-06	1.283345e-08	4.944897e+01	7.638839e+02
1.940000e-06	7.020795e-06	1.279881e-08	4.889826e+01	7.612588e+02
1.950000e-06	6.939289e-06	1.277177e-08	4.833059e+01	7.585319e+02
1.960000e-06	6.855347e-06	1.271958e-08	4.774596e+01	7.557226e+02
1.970000e-06	6.768876e-06	1.271543e-08	4.714370e+01	7.528426e+02
1.980000e-06	6.679925e-06	1.261123e-08	4.652418e+01	7.498903e+02
1.990000e-06	6.588664e-06	1.256288e-08	4.588856e+01	7.468500e+02
2.000000e-06	6.495122e-06	1.249661e-08	4.523707e+01	7.436975e+02
2.010000e-06	6.399177e-06	1.245176e-08	4.456883e+01	7.404085e+02
2.020000e-06	6.300986e-06	1.239419e-08	4.388495e+01	7.369681e+02
2.030000e-06	6.200547e-06	1.233262e-08	4.318542e+01	7.333762e+02
2.040000e-06	6.097792e-06	1.230064e-08	4.246975e+01	7.296465e+02
2.050000e-06	5.992829e-06	1.222496e-08	4.173871e+01	7.258006e+02
2.060000e-06	5.885879e-06	1.215558e-08	4.099383e+01	7.218588e+02
2.070000e-06	5.776873e-06	1.205834e-08	4.023462e+01	7.178303e+02
2.080000e-06	5.665690e-06	1.199585e-08	3.946026e+01	7.137095e+02
2.090000e-06	5.552355e-06	1.192600e-08	3.867090e+01	7.094769e+02
2.100000e-06	5.436893e-06	1.185761e-08	3.786674e+01	7.051072e+02
2.110000e-06	5.319296e-06	1.178244e-08	3.704770e+01	7.005789e+02
2.120000e-06	5.199590e-06	1.171062e-08	3.621398e+01	6.958831e+02
2.130000e-06	5.078027e-06	1.163646e-08	3.536732e+01	6.910271e+02
2.140000e-06	4.954647e-06	1.154172e-08	3.450801e+01	6.860314e+02
2.150000e-06	4.829517e-06	1.144522e-08	3.363650e+01	6.809205e+02
2.160000e-06	4.702628e-06	1.135312e-08	3.275275e+01	6.757125e+02
2.170000e-06	4.574039e-06	1.127540e-08	3.185715e+01	6.704102e+02
2.180000e-06	4.443891e-06	1.118512e-08	3.095070e+01	6.649975e+02
2.190000e-06	4.312184e-06	1.109227e-08	3.003340e+01	6.594441e+02
2.200000e-06	4.178972e-06	1.099438e-08	2.910560e+01	6.537146e+02
2.210000e-06	4.044166e-06	1.089966e-08	2.816671e+01	6.477800e+02
2.220000e-06	3.907809e-06	1.079312e-08	2.721702e+01	6.416267e+02
2.230000e-06	3.770105e-06	1.067948e-08	2.625794e+01	6.352595e+02
2.240000e-06	3.631041e-06	1.056668e-08	2.528939e+01	6.286971e+02
2.250000e-06	3.490615e-06	1.045683e-08	2.431135e+01	6.219631e+02
2.260000e-06	3.348902e-06	1.034441e-08	2.332435e+01	6.150749e+02
2.270000e-06	3.205790e-06	1.022067e-08	2.232761e+01	6.080356e+02
2.280000e-06	3.061412e-06	1.009624e-08	2.132205e+01	6.008313e+02
2.290000e-06	2.915995e-06	9.972112e-09	2.030925e+01	5.934356e+02
2.300000e-06	2.769638e-06	9.848541e-09	1.928990e+01	5.858182e+02
2.310000e-06	2.622327e-06	9.715704e-09	1.826392e+01	5.779537e+02
2.320000e-06	2.474068e-06	9.575923e-09	1.723133e+01	5.698285e+02
2.330000e-06	2.324989e-06	9.435454e-09	1.619303e+01	5.614411e+02
2.340000e-06	2.175115e-06	9.289565e-09	1.514919e+01	5.527974e+02
2.350000e-06	2.024413e-06	9.137557e-09	1.409958e+01	5.439025e+02
2.360000e-06	1.872898e-06	8.979271e-09	1.304432e+01	5.347530e+02
2.370000e-06	1.720674e-06	8.822766e-09	1.198411e+01	5.253335e+02
2.380000e-06	1.567835e-06	8.665288e-09	1.091962e+01	5.156184e+02
2.390000e-06	1.414531e-06	8.497294e-09	9.851889e+00	5.055780e+02
2.400000e-06	1.260839e-06	8.320671e-09	8.781461e+00	4.951869e+02
2.410000e-06	1.106724e-06	8.136798e-09	7.708087e+00	4.844297e+02
2.420000e-06	9.521741e-07	7.947643e-09	6.631679e+00	4.733012e+02
2.430000e-06	7.973210e-07	7.749632e-09	5.553162e+00	4.618005e+02
2.440000e-06	6.422230e-07	7.545106e-09	4.472939e+00	4.499202e+02
2.450000e-06	4.868039e-07	7.341041e-09	3.390480e+00	4.376351e+02
2.460000e-06	3.312002e-07	7.133931e-09	2.306735e+00	4.248951e+02
2.470000e-06	1.755145e-07	6.915252e-09	1.222419e+00	4.116253e+02
2.480000e-06	1.973641e-08	6.679297e-09	1.374597e-01	3.977344e+02
2.490000e-06	-1.361043e-07	6.431283e-09	-9.479357e-01	3.831288e+02
2.500000e-06	-2.918197e-07	6.173223e-09	-2.032459e+00	3.677290e+02
2.510000e-06	-4.473555e-07	5.900591e-09	-3.115730e+00	3.514810e+02
2.520000e-06	-6.027676e-07	5.610409e-09	-4.198141e+00	3.343606e+02
2.530000e-06	-7.579061e-07	5.305547e-09	-5.278646e+00	3.163664e+02
2.540000e-06	-9.126876e-07	4.990868e-09	-6.356665e+00	2.975060e+02
2.550000e-06	-1.067124e-06	4.662262e-09	-7.432279e+00	2.777774e+02
2.560000e-06	-1.221181e-06	4.314643e-09	-8.505254e+00	2.571514e+02
2.570000e-06	-1.374784e-06	3.949537e-09	-9.575060e+00	2.355611e+02
2.580000e-06	-1.527926e-06	3.571470e-09	-1.064166e+01	2.129006e+02
2.590000e-06	-1.680633e-06	3.175500e-09	-1.170523e+01	1.890324e+02
2.600000e-06	-1.832800e-06	2.752067e-09	-1.276504e+01	1.638047e+02
2.610000e-06	-1.984273e-06	2.301981e-09	-1.382001e+01	1.370714e+02
2.620000e-06	-2.134885e-06	1.829726e-09	-1.486900e+01	1.087151e+02
2.630000e-06	-2.284617e-06	1.332893e-09	-1.591184e+01	7.866658e+01
2.640000e-06	-2.433571e-06	8.018819e-10	-1.694928e+01	4.692252e+01
2.650000e-06	-2.581676e-06	2.392943e-10	-1.798079e+01	1.355691e+01
2.660000e-06	-2.728823e-06	-3.433770e-10	-1.900564e+01	-2.127221e+01
2.670000e-06	-2.875049e-06	-9.438464e-10	-2.002407e+01	-5.732293e+01
2.680000e-06	-3.020320e-06	-1.563544e-09	-2.103585e+01	-9.427686e+01
2.690000e-06	-3.164529e-06	-2.196084e-09	-2.204024e+01	-1.317548e+02
2.700000e-06	-3.307510e-06	-2.826927e-09	-2.303607e+01	-1.693400e+02
2.710000e-06	-3.449184e-06	-3.449044e-09	-2.402280e+01	-2.066074e+02
2.720000e-06	-3.589601e-06	-4.063160e-09	-2.500077e+01	-2.431544e+02
2.730000e-06	-3.728645e-06	-4.663273e-09	-2.596918e+01	-2.786297e+02
2.740000e-06	-3.866294e-06	-5.238098e-09	-2.692787e+01	-3.127539e+02
2.750000e-06	-4.002584e-06	-5.782811e-09	-2.787710e+01	-3.453296e+02
2.760000e-06	-4.137326e-06	-6.300781e-09	-2.881555e+01	-3.762397e+02
2.770000e-06	-4.270569e-06	-6.794755e-09	-2.974355e+01	-4.054356e+02
2.780000e-06	-4.402333e-06	-7.260319e-09	-3.066126e+01	-4.329194e+02
2.790000e-06	-4.532508e-06	-7.693874e-09	-3.156790e+01	-4.587251e+02
2.800000e-06	-4.661161e-06	-8.100889e-09	-3.246394e+01	-4.829037e+02
2.810000e-06	-4.788166e-06	-8.486630e-09	-3.334850e+01	-5.055138e+02
2.820000e-06	-4.913464e-06	-8.844873e-09	-3.422117e+01	-5.266188e+02
2.830000e-06	-5.037070e-06	-9.174570e-09	-3.508206e+01	-5.462877e+02
2.840000e-06	-5.158877e-06	-9.481905e-09	-3.593042e+01	-5.645972e+02
2.850000e-06	-5.278810e-06	-9.771059e-09	-3.676573e+01	-5.816319e+02
2.860000e-06	-5.396693e-06	-1.003952e-08	-3.758676e+01	-5.974816e+02
2.870000e-06	-5.512350e-06	-1.028593e-08	-3.839228e+01	-6.122359e+02
2.880000e-06	-5.625753e-06	-1.051742e-08	-3.918211e+01	-6.259781e+02
2.890000e-06	-5.736964e-06	-1.073774e-08	-3.995667e+01	-6.387806e+02
2.900000e-06	-5.846107e-06	-1.094149e-08	-4.071682e+01	-6.507039e+02
2.910000e-06	-5.953281e-06	-1.112532e-08	-4.146327e+01	-6.617992e+02
2.920000e-06	-6.058483e-06	-1.129620e-08	-4.219598e+01	-6.721133e+02
2.930000e-06	-6.161503e-06	-1.145865e-08	-4.291349e+01	-6.816938e+02
2.940000e-06	-6.262225e-06	-1.161162e-08	-4.361499e+01	-6.905922e+02
2.950000e-06	-6.360718e-06	-1.175135e-08	-4.430097e+01	-6.988637e+02
2.960000e-06	-6.457013e-06	-1.187995e-08	-4.497165e+01	-7.065635e+02
2.970000e-06	-6.551047e-06	-1.200278e-08	-4.562657e+01	-7.137423e+02
2.980000e-06	-6.642760e-06	-1.211875e-08	-4.626533e+01	-7.204417e+02
2.990000e-06	-6.732223e-06	-1.222459e-08	-4.688843e+01	-7.266930e+02
3.000000e-06	-6.819329e-06	-1.232168e-08	-4.749510e+01	-7.325187e+02
3.010000e-06	-6.903934e-06	-1.241399e-08	-4.808435e+01	-7.379377e+02
3.020000e-06	-6.986102e-06	-1.250063e-08	-4.865664e+01	-7.429701e+02
3.030000e-06	-7.065792e-06	-1.257822e-08	-4.921166e+01	-7.476416e+02
3.040000e-06	-7.142751e-06	-1.264817e-08	-4.974766e+01	-7.519838e+02
3.050000e-06	-7.216969e-06	-1.271583e-08	-5.026457e+01	-7.560319e+02
3.060000e-06	-7.288572e-06	-1.278137e-08	-5.076327e+01	-7.598197e+02
3.070000e-06	-7.357550e-06	-1.284227e-08	-5.124368e+01	-7.633737e+02
3.080000e-06	-7.423929e-06	-1.289763e-08	-5.170600e+01	-7.667108e+02
3.090000e-06	-7.487759e-06	-1.294949e-08	-5.215056e+01	-7.698376e+02
3.100000e-06	-7.548931e-06	-1.299964e-08	-5.257661e+01	-7.727540e+02
3.110000e-06	-7.607408e-06	-1.304458e-08	-5.298389e+01	-7.754588e+02
3.120000e-06	-7.663183e-06	-1.308461e-08	-5.337235e+01	-7.779545e+02
3.130000e-06	-7.716011e-06	-1.312362e-08	-5.374029e+01	-7.802506e+02
3.140000e-06	-7.765657e-06	-1.316285e-08	-5.408606e+01	-7.823629e+02
3.150000e-06	-7.812253e-06	-1.319860e-08	-5.441059e+01	-7.843108e+02
3.160000e-06	-7.856277e-06	-1.322857e-08	-5.471721e+01	-7.861121e+02
3.170000e-06	-7.897848e-06	-1.325361e-08	-5.500674e+01	-7.877794e+02
3.180000e-06	-7.936625e-06	-1.327904e-08	-5.527681e+01	-7.893177e+02
3.190000e-06	-7.972524e-06	-1.330384e-08	-5.552684e+01	-7.907256e+02
3.200000e-06	-8.005721e-06	-1.332503e-08	-5.575805e+01	-7.919985e+02
3.210000e-06	-8.036037e-06	-1.334480e-08	-5.596920e+01	-7.931321e+02
3.220000e-06	-8.063430e-06	-1.336434e-08	-5.615998e+01	-7.941261e+02
3.230000e-06	-8.088095e-06	-1.338315e-08	-5.633177e+01	-7.949845e+02
3.240000e-06	-8.109886e-06	-1.339611e-08	-5.648354e+01	-7.957154e+02
3.250000e-06	-8.128764e-06	-1.340620e-08	-5.661502e+01	-7.963276e+02
3.260000e-06	-8.144758e-06	-1.341557e-08	-5.672641e+01	-7.968288e+02
3.270000e-06	-8.157611e-06	-1.342355e-08	-5.681593e+01	-7.972242e+02
3.280000e-06	-8.167412e-06	-1.342763e-08	-5.688419e+01	-7.975169e+02
3.290000e-06	-8.174317e-06	-1.343045e-08	-5.693228e+01	-7.977096e+02
3.300000e-06	-8.178344e-06	-1.343541e-08	-5.696033e+01	-7.978064e+02
3.310000e-06	-8.179649e-06	-1.344065e-08	-5.696942e+01	-7.978130e+02
