# Temperatura_=_29.44
# Concentracion g/m^3_=_11780.0
# C_Vs_to_Am_M_A/Vsm_=_59384043850.047264
# pendiente_HvsI_1/m_=_3716.3
# ordenada_HvsI_A/m_=_1297.0
# frecuencia_Hz_=_301375.1400745831

Tiempo_(s)	Campo_(V.s)	Magnetizacion_(V.s)	Campo_(kA/m)	Magnetizacion_(A/m)
0.000000e+00	-8.171151e-06	-1.342084e-08	-5.696178e+01	-7.966156e+02
1.000000e-08	-8.167535e-06	-1.341081e-08	-5.693658e+01	-7.965102e+02
2.000000e-08	-8.161316e-06	-1.340654e-08	-5.689322e+01	-7.963352e+02
3.000000e-08	-8.152416e-06	-1.340385e-08	-5.683118e+01	-7.960665e+02
4.000000e-08	-8.140572e-06	-1.340048e-08	-5.674861e+01	-7.956773e+02
5.000000e-08	-8.125680e-06	-1.339480e-08	-5.664480e+01	-7.951476e+02
6.000000e-08	-8.108019e-06	-1.339552e-08	-5.652168e+01	-7.944717e+02
7.000000e-08	-8.087969e-06	-1.339811e-08	-5.638191e+01	-7.936616e+02
8.000000e-08	-8.065222e-06	-1.333322e-08	-5.622334e+01	-7.927443e+02
9.000000e-08	-8.039172e-06	-1.326547e-08	-5.604174e+01	-7.917538e+02
1.000000e-07	-8.009855e-06	-1.328640e-08	-5.583738e+01	-7.907207e+02
1.100000e-07	-7.977634e-06	-1.331934e-08	-5.561276e+01	-7.896623e+02
1.200000e-07	-7.942627e-06	-1.330007e-08	-5.536872e+01	-7.885778e+02
1.300000e-07	-7.905220e-06	-1.327786e-08	-5.510796e+01	-7.874486e+02
1.400000e-07	-7.865701e-06	-1.329224e-08	-5.483246e+01	-7.862458e+02
1.500000e-07	-7.823590e-06	-1.321061e-08	-5.453890e+01	-7.849402e+02
1.600000e-07	-7.778582e-06	-1.320150e-08	-5.422515e+01	-7.835122e+02
1.700000e-07	-7.730851e-06	-1.318769e-08	-5.389241e+01	-7.819580e+02
1.800000e-07	-7.680061e-06	-1.307497e-08	-5.353835e+01	-7.802890e+02
1.900000e-07	-7.626174e-06	-1.312115e-08	-5.316270e+01	-7.785262e+02
2.000000e-07	-7.569560e-06	-1.310657e-08	-5.276804e+01	-7.766904e+02
2.100000e-07	-7.510227e-06	-1.306260e-08	-5.235443e+01	-7.747933e+02
2.200000e-07	-7.448283e-06	-1.301995e-08	-5.192261e+01	-7.728324e+02
2.300000e-07	-7.383596e-06	-1.295741e-08	-5.147167e+01	-7.707918e+02
2.400000e-07	-7.316082e-06	-1.295620e-08	-5.100103e+01	-7.686489e+02
2.500000e-07	-7.245929e-06	-1.288893e-08	-5.051198e+01	-7.663837e+02
2.600000e-07	-7.173029e-06	-1.284417e-08	-5.000379e+01	-7.639874e+02
2.700000e-07	-7.097299e-06	-1.281603e-08	-4.947587e+01	-7.614664e+02
2.800000e-07	-7.018808e-06	-1.280078e-08	-4.892870e+01	-7.588404e+02
2.900000e-07	-6.937641e-06	-1.275215e-08	-4.836288e+01	-7.561341e+02
3.000000e-07	-6.854055e-06	-1.266178e-08	-4.778019e+01	-7.533670e+02
3.100000e-07	-6.768206e-06	-1.263407e-08	-4.718173e+01	-7.505451e+02
3.200000e-07	-6.680051e-06	-1.258193e-08	-4.656720e+01	-7.476562e+02
3.300000e-07	-6.589499e-06	-1.254020e-08	-4.593595e+01	-7.446740e+02
3.400000e-07	-6.496576e-06	-1.248715e-08	-4.528818e+01	-7.415666e+02
3.500000e-07	-6.401385e-06	-1.242910e-08	-4.462459e+01	-7.383079e+02
3.600000e-07	-6.303785e-06	-1.238547e-08	-4.394421e+01	-7.348869e+02
3.700000e-07	-6.203795e-06	-1.232229e-08	-4.324718e+01	-7.313117e+02
3.800000e-07	-6.101677e-06	-1.224870e-08	-4.253531e+01	-7.276055e+02
3.900000e-07	-5.997426e-06	-1.216329e-08	-4.180856e+01	-7.237973e+02
4.000000e-07	-5.890960e-06	-1.211847e-08	-4.106638e+01	-7.199100e+02
4.100000e-07	-5.782363e-06	-1.206220e-08	-4.030934e+01	-7.159508e+02
4.200000e-07	-5.671724e-06	-1.199162e-08	-3.953807e+01	-7.119072e+02
4.300000e-07	-5.559033e-06	-1.191645e-08	-3.875249e+01	-7.077518e+02
4.400000e-07	-5.444175e-06	-1.185165e-08	-3.795180e+01	-7.034513e+02
4.500000e-07	-5.327105e-06	-1.178256e-08	-3.713570e+01	-6.989794e+02
4.600000e-07	-5.208037e-06	-1.169023e-08	-3.630567e+01	-6.943257e+02
4.700000e-07	-5.087226e-06	-1.159996e-08	-3.546348e+01	-6.894998e+02
4.800000e-07	-4.964551e-06	-1.151985e-08	-3.460830e+01	-6.845264e+02
4.900000e-07	-4.839994e-06	-1.145103e-08	-3.374001e+01	-6.794355e+02
5.000000e-07	-4.713737e-06	-1.136184e-08	-3.285985e+01	-6.742494e+02
5.100000e-07	-4.585881e-06	-1.126733e-08	-3.196856e+01	-6.689736e+02
5.200000e-07	-4.456352e-06	-1.117711e-08	-3.106561e+01	-6.635929e+02
5.300000e-07	-4.325082e-06	-1.109218e-08	-3.015051e+01	-6.580762e+02
5.400000e-07	-4.192237e-06	-1.099125e-08	-2.922444e+01	-6.523864e+02
5.500000e-07	-4.057949e-06	-1.087973e-08	-2.828831e+01	-6.464924e+02
5.600000e-07	-3.922279e-06	-1.078104e-08	-2.734254e+01	-6.403788e+02
5.700000e-07	-3.785171e-06	-1.068813e-08	-2.638675e+01	-6.340492e+02
5.800000e-07	-3.646508e-06	-1.058115e-08	-2.542011e+01	-6.275218e+02
5.900000e-07	-3.506349e-06	-1.045837e-08	-2.444306e+01	-6.208203e+02
6.000000e-07	-3.364822e-06	-1.034358e-08	-2.345645e+01	-6.139625e+02
6.100000e-07	-3.221988e-06	-1.023339e-08	-2.246075e+01	-6.069523e+02
6.200000e-07	-3.077855e-06	-1.011365e-08	-2.145599e+01	-5.997766e+02
6.300000e-07	-2.932581e-06	-9.982041e-09	-2.044327e+01	-5.924095e+02
6.400000e-07	-2.786325e-06	-9.854647e-09	-1.942371e+01	-5.848207e+02
6.500000e-07	-2.639092e-06	-9.731310e-09	-1.839733e+01	-5.769852e+02
6.600000e-07	-2.491021e-06	-9.597902e-09	-1.736512e+01	-5.688898e+02
6.700000e-07	-2.342221e-06	-9.451902e-09	-1.632782e+01	-5.605340e+02
6.800000e-07	-2.192630e-06	-9.303443e-09	-1.528501e+01	-5.519250e+02
6.900000e-07	-2.042216e-06	-9.160341e-09	-1.423646e+01	-5.430698e+02
7.000000e-07	-1.891093e-06	-9.010626e-09	-1.318297e+01	-5.339664e+02
7.100000e-07	-1.739357e-06	-8.849466e-09	-1.212520e+01	-5.245999e+02
7.200000e-07	-1.587021e-06	-8.682319e-09	-1.106326e+01	-5.149436e+02
7.300000e-07	-1.434146e-06	-8.516329e-09	-9.997550e+00	-5.049654e+02
7.400000e-07	-1.280718e-06	-8.346212e-09	-8.927994e+00	-4.946366e+02
7.500000e-07	-1.126748e-06	-8.164062e-09	-7.854656e+00	-4.839396e+02
7.600000e-07	-9.723208e-07	-7.976043e-09	-6.778130e+00	-4.728695e+02
7.700000e-07	-8.174695e-07	-7.787496e-09	-5.698648e+00	-4.614300e+02
7.800000e-07	-6.622676e-07	-7.595733e-09	-4.616723e+00	-4.496227e+02
7.900000e-07	-5.068333e-07	-7.392068e-09	-3.533177e+00	-4.374347e+02
8.000000e-07	-3.512428e-07	-7.175553e-09	-2.448543e+00	-4.248291e+02
8.100000e-07	-1.955094e-07	-6.950068e-09	-1.362913e+00	-4.117419e+02
8.200000e-07	-3.969494e-08	-6.717329e-09	-2.767168e-01	-3.980869e+02
8.300000e-07	1.160960e-07	-6.474782e-09	8.093152e-01	-3.837688e+02
8.400000e-07	2.718254e-07	-6.219050e-09	1.894918e+00	-3.686997e+02
8.500000e-07	4.274849e-07	-5.952329e-09	2.980033e+00	-3.528134e+02
8.600000e-07	5.830060e-07	-5.675860e-09	4.064184e+00	-3.360737e+02
8.700000e-07	7.382905e-07	-5.383103e-09	5.146685e+00	-3.184731e+02
8.800000e-07	8.932261e-07	-5.069323e-09	6.226754e+00	-3.000216e+02
8.900000e-07	1.047774e-06	-4.740823e-09	7.304120e+00	-2.807299e+02
9.000000e-07	1.201888e-06	-4.401713e-09	8.378463e+00	-2.605905e+02
9.100000e-07	1.355490e-06	-4.048887e-09	9.449235e+00	-2.395633e+02
9.200000e-07	1.508528e-06	-3.676376e-09	1.051607e+01	-2.175687e+02
9.300000e-07	1.661008e-06	-3.283444e-09	1.157902e+01	-1.944912e+02
9.400000e-07	1.812904e-06	-2.871911e-09	1.263790e+01	-1.701913e+02
9.500000e-07	1.964161e-06	-2.439133e-09	1.369233e+01	-1.445249e+02
9.600000e-07	2.114803e-06	-1.978624e-09	1.474247e+01	-1.173650e+02
9.700000e-07	2.264745e-06	-1.489446e-09	1.578773e+01	-8.862281e+01
9.800000e-07	2.413894e-06	-9.772938e-10	1.682746e+01	-5.826633e+01
9.900000e-07	2.562256e-06	-4.406538e-10	1.786170e+01	-2.633277e+01
1.000000e-06	2.709646e-06	1.232277e-10	1.888917e+01	7.063911e+00
1.010000e-06	2.856023e-06	7.132672e-10	1.990957e+01	4.173196e+01
1.020000e-06	3.001415e-06	1.319128e-09	2.092311e+01	7.740689e+01
1.030000e-06	3.145659e-06	1.932153e-09	2.192866e+01	1.137630e+02
1.040000e-06	3.288732e-06	2.550391e-09	2.292603e+01	1.504309e+02
1.050000e-06	3.430637e-06	3.170660e-09	2.391526e+01	1.870203e+02
1.060000e-06	3.571300e-06	3.782810e-09	2.489583e+01	2.231458e+02
1.070000e-06	3.710482e-06	4.375208e-09	2.586609e+01	2.584526e+02
1.080000e-06	3.848151e-06	4.947510e-09	2.682578e+01	2.926384e+02
1.090000e-06	3.984380e-06	5.500559e-09	2.777545e+01	3.254688e+02
1.100000e-06	4.119157e-06	6.031886e-09	2.871499e+01	3.567835e+02
1.110000e-06	4.252537e-06	6.532353e-09	2.964479e+01	3.864921e+02
1.120000e-06	4.384362e-06	7.001929e-09	3.056376e+01	4.145641e+02
1.130000e-06	4.514512e-06	7.446288e-09	3.147104e+01	4.410124e+02
1.140000e-06	4.643097e-06	7.865435e-09	3.236742e+01	4.658773e+02
1.150000e-06	4.770125e-06	8.256026e-09	3.325294e+01	4.892132e+02
1.160000e-06	4.895559e-06	8.618688e-09	3.412736e+01	5.110795e+02
1.170000e-06	5.019272e-06	8.960558e-09	3.498977e+01	5.315371e+02
1.180000e-06	5.141134e-06	9.283588e-09	3.583928e+01	5.506489e+02
1.190000e-06	5.261152e-06	9.585099e-09	3.667593e+01	5.684812e+02
1.200000e-06	5.379283e-06	9.862252e-09	3.749944e+01	5.851061e+02
1.210000e-06	5.495339e-06	1.012033e-08	3.830847e+01	6.006005e+02
1.220000e-06	5.609173e-06	1.036489e-08	3.910202e+01	6.150437e+02
1.230000e-06	5.720896e-06	1.059239e-08	3.988084e+01	6.285133e+02
1.240000e-06	5.830675e-06	1.080149e-08	4.064613e+01	6.410808e+02
1.250000e-06	5.938461e-06	1.099682e-08	4.139751e+01	6.528090e+02
1.260000e-06	6.044058e-06	1.118055e-08	4.213363e+01	6.637510e+02
1.270000e-06	6.147409e-06	1.135295e-08	4.285411e+01	6.739519e+02
1.280000e-06	6.248603e-06	1.151200e-08	4.355954e+01	6.834520e+02
1.290000e-06	6.347504e-06	1.165960e-08	4.424898e+01	6.922900e+02
1.300000e-06	6.443996e-06	1.179834e-08	4.492164e+01	7.005064e+02
1.310000e-06	6.538283e-06	1.192732e-08	4.557892e+01	7.081437e+02
1.320000e-06	6.630335e-06	1.204538e-08	4.622063e+01	7.152464e+02
1.330000e-06	6.720039e-06	1.215501e-08	4.684596e+01	7.218584e+02
1.340000e-06	6.807362e-06	1.225905e-08	4.745470e+01	7.280211e+02
1.350000e-06	6.892363e-06	1.235583e-08	4.804724e+01	7.337709e+02
1.360000e-06	6.975017e-06	1.244460e-08	4.862343e+01	7.391389e+02
1.370000e-06	7.055106e-06	1.252749e-08	4.918174e+01	7.441503e+02
1.380000e-06	7.132624e-06	1.260761e-08	4.972212e+01	7.488268e+02
1.390000e-06	7.207488e-06	1.268370e-08	5.024401e+01	7.531879e+02
1.400000e-06	7.279592e-06	1.275247e-08	5.074665e+01	7.572530e+02
1.410000e-06	7.349168e-06	1.281469e-08	5.123167e+01	7.610419e+02
1.420000e-06	7.416192e-06	1.287378e-08	5.169890e+01	7.645754e+02
1.430000e-06	7.480494e-06	1.293071e-08	5.214715e+01	7.678738e+02
1.440000e-06	7.542224e-06	1.298391e-08	5.257748e+01	7.709555e+02
1.450000e-06	7.601369e-06	1.303170e-08	5.298978e+01	7.738349e+02
1.460000e-06	7.657812e-06	1.307779e-08	5.338325e+01	7.765221e+02
1.470000e-06	7.711466e-06	1.312257e-08	5.375728e+01	7.790221e+02
1.480000e-06	7.761921e-06	1.316252e-08	5.410901e+01	7.813366e+02
1.490000e-06	7.809170e-06	1.319605e-08	5.443838e+01	7.834662e+02
1.500000e-06	7.853671e-06	1.322489e-08	5.474860e+01	7.854128e+02
1.510000e-06	7.895455e-06	1.325523e-08	5.503988e+01	7.871819e+02
1.520000e-06	7.934421e-06	1.328626e-08	5.531152e+01	7.887837e+02
1.530000e-06	7.970676e-06	1.331360e-08	5.556426e+01	7.902320e+02
1.540000e-06	8.004116e-06	1.333650e-08	5.579737e+01	7.915416e+02
1.550000e-06	8.034724e-06	1.335666e-08	5.601073e+01	7.927251e+02
1.560000e-06	8.062606e-06	1.337226e-08	5.620511e+01	7.937896e+02
1.570000e-06	8.087596e-06	1.338399e-08	5.637932e+01	7.947353e+02
1.580000e-06	8.109725e-06	1.339546e-08	5.653357e+01	7.955560e+02
1.590000e-06	8.129132e-06	1.340695e-08	5.666886e+01	7.962428e+02
1.600000e-06	8.145642e-06	1.341516e-08	5.678396e+01	7.967888e+02
1.610000e-06	8.159092e-06	1.341927e-08	5.687772e+01	7.971938e+02
1.620000e-06	8.169385e-06	1.342419e-08	5.694947e+01	7.974670e+02
1.630000e-06	8.176600e-06	1.343049e-08	5.699977e+01	7.976268e+02
1.640000e-06	8.181018e-06	1.343286e-08	5.703056e+01	7.976964e+02
1.650000e-06	8.182587e-06	1.342754e-08	5.704150e+01	7.976972e+02
1.660000e-06	8.181365e-06	1.342408e-08	5.703298e+01	7.976420e+02
1.670000e-06	8.177520e-06	1.342574e-08	5.700618e+01	7.975300e+02
1.680000e-06	8.170930e-06	1.342214e-08	5.696024e+01	7.973461e+02
1.690000e-06	8.161656e-06	1.341450e-08	5.689559e+01	7.970657e+02
1.700000e-06	8.149646e-06	1.340595e-08	5.681186e+01	7.966621e+02
1.710000e-06	8.134772e-06	1.339179e-08	5.670818e+01	7.961167e+02
1.720000e-06	8.117309e-06	1.335837e-08	5.658645e+01	7.954255e+02
1.730000e-06	8.097450e-06	1.336542e-08	5.644801e+01	7.946023e+02
1.740000e-06	8.074652e-06	1.343100e-08	5.628908e+01	7.936754e+02
1.750000e-06	8.048137e-06	1.339797e-08	5.610424e+01	7.926789e+02
1.760000e-06	8.017837e-06	1.332034e-08	5.589302e+01	7.916425e+02
1.770000e-06	7.984513e-06	1.329512e-08	5.566071e+01	7.905817e+02
1.780000e-06	7.948830e-06	1.325093e-08	5.541196e+01	7.894934e+02
1.790000e-06	7.910928e-06	1.321642e-08	5.514774e+01	7.883578e+02
1.800000e-06	7.870971e-06	1.330143e-08	5.486920e+01	7.871452e+02
1.810000e-06	7.828613e-06	1.320655e-08	5.457392e+01	7.858271e+02
1.820000e-06	7.783570e-06	1.316998e-08	5.425992e+01	7.843854e+02
1.830000e-06	7.735792e-06	1.324579e-08	5.392686e+01	7.828180e+02
1.840000e-06	7.684849e-06	1.312508e-08	5.357173e+01	7.811378e+02
1.850000e-06	7.630865e-06	1.314245e-08	5.319540e+01	7.793662e+02
1.860000e-06	7.573997e-06	1.304161e-08	5.279897e+01	7.775235e+02
1.870000e-06	7.514423e-06	1.303132e-08	5.238368e+01	7.756199e+02
1.880000e-06	7.452318e-06	1.308110e-08	5.195074e+01	7.736513e+02
1.890000e-06	7.387419e-06	1.298421e-08	5.149832e+01	7.716008e+02
1.900000e-06	7.319760e-06	1.299760e-08	5.102667e+01	7.694455e+02
1.910000e-06	7.249202e-06	1.290092e-08	5.053479e+01	7.671663e+02
1.920000e-06	7.175826e-06	1.288339e-08	5.002329e+01	7.647560e+02
1.930000e-06	7.099776e-06	1.283006e-08	4.949314e+01	7.622226e+02
1.940000e-06	7.020980e-06	1.275395e-08	4.894384e+01	7.595868e+02
1.950000e-06	6.939691e-06	1.276261e-08	4.837717e+01	7.568731e+02
1.960000e-06	6.855963e-06	1.269343e-08	4.779349e+01	7.541002e+02
1.970000e-06	6.769787e-06	1.270288e-08	4.719275e+01	7.512718e+02
1.980000e-06	6.681093e-06	1.260426e-08	4.657446e+01	7.483743e+02
1.990000e-06	6.590057e-06	1.253675e-08	4.593984e+01	7.453801e+02
2.000000e-06	6.496780e-06	1.249007e-08	4.528960e+01	7.422575e+02
2.010000e-06	6.401139e-06	1.242667e-08	4.462288e+01	7.389815e+02
2.020000e-06	6.303258e-06	1.238369e-08	4.394054e+01	7.355433e+02
2.030000e-06	6.203154e-06	1.230460e-08	4.324271e+01	7.319526e+02
2.040000e-06	6.100778e-06	1.228702e-08	4.252903e+01	7.282341e+02
2.050000e-06	5.996109e-06	1.221436e-08	4.179938e+01	7.244165e+02
2.060000e-06	5.889385e-06	1.214877e-08	4.105540e+01	7.205214e+02
2.070000e-06	5.780658e-06	1.205014e-08	4.029745e+01	7.165539e+02
2.080000e-06	5.669811e-06	1.198109e-08	3.952473e+01	7.124999e+02
2.090000e-06	5.556759e-06	1.191999e-08	3.873663e+01	7.083304e+02
2.100000e-06	5.441539e-06	1.184516e-08	3.793343e+01	7.040125e+02
2.110000e-06	5.324267e-06	1.177302e-08	3.711592e+01	6.995211e+02
2.120000e-06	5.204926e-06	1.169745e-08	3.628398e+01	6.948481e+02
2.130000e-06	5.083660e-06	1.163669e-08	3.543862e+01	6.900050e+02
2.140000e-06	4.960601e-06	1.153943e-08	3.458077e+01	6.850176e+02
2.150000e-06	4.835772e-06	1.144537e-08	3.371058e+01	6.799156e+02
2.160000e-06	4.709117e-06	1.134836e-08	3.282765e+01	6.747199e+02
2.170000e-06	4.580722e-06	1.127215e-08	3.193260e+01	6.694338e+02
2.180000e-06	4.450745e-06	1.117953e-08	3.102652e+01	6.640402e+02
2.190000e-06	4.319325e-06	1.108417e-08	3.011038e+01	6.585066e+02
2.200000e-06	4.186436e-06	1.098961e-08	2.918400e+01	6.527961e+02
2.210000e-06	4.051907e-06	1.089886e-08	2.824618e+01	6.468789e+02
2.220000e-06	3.915795e-06	1.079733e-08	2.729733e+01	6.407417e+02
2.230000e-06	3.778263e-06	1.067881e-08	2.633859e+01	6.343898e+02
2.240000e-06	3.639447e-06	1.056593e-08	2.537089e+01	6.278425e+02
2.250000e-06	3.499343e-06	1.045475e-08	2.439422e+01	6.211235e+02
2.260000e-06	3.357878e-06	1.034161e-08	2.340805e+01	6.142495e+02
2.270000e-06	3.215083e-06	1.021403e-08	2.241261e+01	6.072224e+02
2.280000e-06	3.071057e-06	1.009060e-08	2.140860e+01	6.000275e+02
2.290000e-06	2.925894e-06	9.968478e-09	2.039666e+01	5.926379e+02
2.300000e-06	2.779680e-06	9.845684e-09	1.937738e+01	5.850237e+02
2.310000e-06	2.632526e-06	9.711770e-09	1.835156e+01	5.771607e+02
2.320000e-06	2.484579e-06	9.573691e-09	1.732021e+01	5.690372e+02
2.330000e-06	2.335800e-06	9.435131e-09	1.628306e+01	5.606537e+02
2.340000e-06	2.186126e-06	9.288930e-09	1.523967e+01	5.520180e+02
2.350000e-06	2.035611e-06	9.133569e-09	1.419041e+01	5.431364e+02
2.360000e-06	1.884355e-06	8.973031e-09	1.313599e+01	5.340057e+02
2.370000e-06	1.732487e-06	8.817409e-09	1.207731e+01	5.246096e+02
2.380000e-06	1.580004e-06	8.662378e-09	1.101434e+01	5.149203e+02
2.390000e-06	1.426882e-06	8.496886e-09	9.946913e+00	5.049056e+02
2.400000e-06	1.273186e-06	8.320951e-09	8.875488e+00	4.945379e+02
2.410000e-06	1.119008e-06	8.137208e-09	7.800699e+00	4.838009e+02
2.420000e-06	9.644450e-07	7.946020e-09	6.723227e+00	4.726909e+02
2.430000e-06	8.096045e-07	7.746427e-09	5.643821e+00	4.612120e+02
2.440000e-06	6.545387e-07	7.542174e-09	4.562845e+00	4.493648e+02
2.450000e-06	4.993023e-07	7.341471e-09	3.480679e+00	4.371342e+02
2.460000e-06	3.438878e-07	7.136487e-09	2.397271e+00	4.244806e+02
2.470000e-06	1.883216e-07	6.920815e-09	1.312806e+00	4.113368e+02
2.480000e-06	3.272429e-08	6.687816e-09	2.281238e-01	3.976153e+02
2.490000e-06	-1.228372e-07	6.442683e-09	-8.563081e-01	3.832206e+02
2.500000e-06	-2.783272e-07	6.186912e-09	-1.940242e+00	3.680665e+02
2.510000e-06	-4.337504e-07	5.916448e-09	-3.023710e+00	3.520899e+02
2.520000e-06	-5.890327e-07	5.631586e-09	-4.106196e+00	3.352578e+02
2.530000e-06	-7.440818e-07	5.333425e-09	-5.187057e+00	3.175654e+02
2.540000e-06	-8.988475e-07	5.025373e-09	-6.265941e+00	2.990234e+02
2.550000e-06	-1.053299e-06	4.702018e-09	-7.342637e+00	2.796416e+02
2.560000e-06	-1.207429e-06	4.362138e-09	-8.417086e+00	2.594096e+02
2.570000e-06	-1.361079e-06	4.006113e-09	-9.488194e+00	2.382832e+02
2.580000e-06	-1.514154e-06	3.633740e-09	-1.055530e+01	2.161786e+02
2.590000e-06	-1.666704e-06	3.243712e-09	-1.161874e+01	1.929770e+02
2.600000e-06	-1.818721e-06	2.832587e-09	-1.267845e+01	1.685374e+02
2.610000e-06	-1.970042e-06	2.398924e-09	-1.373333e+01	1.427165e+02
2.620000e-06	-2.120545e-06	1.942138e-09	-1.478250e+01	1.153903e+02
2.630000e-06	-2.270213e-06	1.460998e-09	-1.582585e+01	8.647551e+01
2.640000e-06	-2.419025e-06	9.521798e-10	-1.686323e+01	5.594689e+01
2.650000e-06	-2.567051e-06	4.132291e-10	-1.789513e+01	2.384966e+01
2.660000e-06	-2.714262e-06	-1.507811e-10	-1.892135e+01	-9.693831e+00
2.670000e-06	-2.860515e-06	-7.348681e-10	-1.994089e+01	-4.448368e+01
2.680000e-06	-3.005774e-06	-1.336504e-09	-2.095350e+01	-8.024818e+01
2.690000e-06	-3.149957e-06	-1.948723e-09	-2.195861e+01	-1.166560e+02
2.700000e-06	-3.292834e-06	-2.563208e-09	-2.295462e+01	-1.533344e+02
2.710000e-06	-3.434428e-06	-3.175317e-09	-2.394168e+01	-1.898923e+02
2.720000e-06	-3.574745e-06	-3.780822e-09	-2.491985e+01	-2.259463e+02
2.730000e-06	-3.713747e-06	-4.372006e-09	-2.588884e+01	-2.611464e+02
2.740000e-06	-3.851447e-06	-4.943132e-09	-2.684876e+01	-2.951970e+02
2.750000e-06	-3.987716e-06	-5.491401e-09	-2.779870e+01	-3.278715e+02
2.760000e-06	-4.122459e-06	-6.016969e-09	-2.873801e+01	-3.590173e+02
2.770000e-06	-4.255652e-06	-6.517525e-09	-2.966651e+01	-3.885512e+02
2.780000e-06	-4.387372e-06	-6.988943e-09	-3.058474e+01	-4.164480e+02
2.790000e-06	-4.517581e-06	-7.430676e-09	-3.149244e+01	-4.427244e+02
2.800000e-06	-4.646248e-06	-7.847308e-09	-3.238938e+01	-4.674229e+02
2.810000e-06	-4.773212e-06	-8.240581e-09	-3.327446e+01	-4.905985e+02
2.820000e-06	-4.898428e-06	-8.606775e-09	-3.414735e+01	-5.123110e+02
2.830000e-06	-5.022042e-06	-8.948094e-09	-3.500908e+01	-5.326215e+02
2.840000e-06	-5.143917e-06	-9.268916e-09	-3.585868e+01	-5.515929e+02
2.850000e-06	-5.263800e-06	-9.571115e-09	-3.669440e+01	-5.692925e+02
2.860000e-06	-5.381613e-06	-9.850940e-09	-3.751568e+01	-5.857926e+02
2.870000e-06	-5.497333e-06	-1.010888e-08	-3.832237e+01	-6.011706e+02
2.880000e-06	-5.610772e-06	-1.035049e-08	-3.911316e+01	-6.155059e+02
2.890000e-06	-5.721998e-06	-1.057820e-08	-3.988853e+01	-6.288756e+02
2.900000e-06	-5.831242e-06	-1.079020e-08	-4.065008e+01	-6.413505e+02
2.910000e-06	-5.938513e-06	-1.098517e-08	-4.139788e+01	-6.529921e+02
2.920000e-06	-6.043755e-06	-1.116758e-08	-4.213153e+01	-6.638528e+02
2.930000e-06	-6.146745e-06	-1.134087e-08	-4.284948e+01	-6.739768e+02
2.940000e-06	-6.247434e-06	-1.150294e-08	-4.355139e+01	-6.834041e+02
2.950000e-06	-6.345968e-06	-1.165062e-08	-4.423828e+01	-6.921736e+02
2.960000e-06	-6.442389e-06	-1.178625e-08	-4.491043e+01	-7.003259e+02
2.970000e-06	-6.536551e-06	-1.191374e-08	-4.556684e+01	-7.079039e+02
2.980000e-06	-6.628355e-06	-1.203403e-08	-4.620682e+01	-7.149520e+02
2.990000e-06	-6.717904e-06	-1.214575e-08	-4.683107e+01	-7.215140e+02
3.000000e-06	-6.805096e-06	-1.224898e-08	-4.743890e+01	-7.276309e+02
3.010000e-06	-6.889819e-06	-1.234577e-08	-4.802951e+01	-7.333386e+02
3.020000e-06	-6.972164e-06	-1.243817e-08	-4.860354e+01	-7.386672e+02
3.030000e-06	-7.052020e-06	-1.252338e-08	-4.916023e+01	-7.436418e+02
3.040000e-06	-7.129168e-06	-1.259927e-08	-4.969803e+01	-7.482837e+02
3.050000e-06	-7.203636e-06	-1.267011e-08	-5.021715e+01	-7.526122e+02
3.060000e-06	-7.275451e-06	-1.273836e-08	-5.071778e+01	-7.566468e+02
3.070000e-06	-7.344598e-06	-1.280107e-08	-5.119981e+01	-7.604075e+02
3.080000e-06	-7.411163e-06	-1.285732e-08	-5.166384e+01	-7.639149e+02
3.090000e-06	-7.475192e-06	-1.291136e-08	-5.211019e+01	-7.671894e+02
3.100000e-06	-7.536570e-06	-1.296557e-08	-5.253806e+01	-7.702488e+02
3.110000e-06	-7.595221e-06	-1.301487e-08	-5.294692e+01	-7.731073e+02
3.120000e-06	-7.651134e-06	-1.305797e-08	-5.333670e+01	-7.757743e+02
3.130000e-06	-7.704141e-06	-1.310055e-08	-5.370621e+01	-7.782545e+02
3.140000e-06	-7.754037e-06	-1.314272e-08	-5.405405e+01	-7.805493e+02
3.150000e-06	-7.800857e-06	-1.317843e-08	-5.438043e+01	-7.826592e+02
3.160000e-06	-7.845046e-06	-1.320699e-08	-5.468847e+01	-7.845864e+02
3.170000e-06	-7.886793e-06	-1.323197e-08	-5.497950e+01	-7.863371e+02
3.180000e-06	-7.925848e-06	-1.325843e-08	-5.525176e+01	-7.879219e+02
3.190000e-06	-7.962130e-06	-1.328573e-08	-5.550468e+01	-7.893547e+02
3.200000e-06	-7.995615e-06	-1.330905e-08	-5.573810e+01	-7.906503e+02
3.210000e-06	-8.026158e-06	-1.333021e-08	-5.595102e+01	-7.918209e+02
3.220000e-06	-8.053755e-06	-1.335068e-08	-5.614341e+01	-7.928729e+02
3.230000e-06	-8.078550e-06	-1.336890e-08	-5.631625e+01	-7.938056e+02
3.240000e-06	-8.100505e-06	-1.338072e-08	-5.646930e+01	-7.946124e+02
3.250000e-06	-8.119637e-06	-1.338877e-08	-5.660268e+01	-7.952845e+02
3.260000e-06	-8.135940e-06	-1.339825e-08	-5.671633e+01	-7.958153e+02
3.270000e-06	-8.149112e-06	-1.340824e-08	-5.680814e+01	-7.962056e+02
3.280000e-06	-8.159209e-06	-1.341541e-08	-5.687853e+01	-7.964658e+02
3.290000e-06	-8.166379e-06	-1.342013e-08	-5.692852e+01	-7.966149e+02
3.300000e-06	-8.170640e-06	-1.342336e-08	-5.695822e+01	-7.966762e+02
3.310000e-06	-8.172174e-06	-1.342606e-08	-5.696892e+01	-7.966707e+02
