# Temperatura_=_47.47
# Concentracion g/m^3_=_11780.0
# C_Vs_to_Am_M_A/Vsm_=_59384043850.047264
# pendiente_HvsI_1/m_=_3716.3
# ordenada_HvsI_A/m_=_1297.0
# frecuencia_Hz_=_301389.36339454167

Tiempo_(s)	Campo_(V.s)	Magnetizacion_(V.s)	Campo_(kA/m)	Magnetizacion_(A/m)
0.000000e+00	-8.200840e-06	-1.352926e-08	-5.695315e+01	-8.035977e+02
1.000000e-08	-8.197205e-06	-1.352309e-08	-5.692791e+01	-8.034839e+02
2.000000e-08	-8.190922e-06	-1.352105e-08	-5.688428e+01	-8.032813e+02
3.000000e-08	-8.181897e-06	-1.351622e-08	-5.682159e+01	-8.029766e+02
4.000000e-08	-8.169937e-06	-1.351026e-08	-5.673854e+01	-8.025586e+02
5.000000e-08	-8.154948e-06	-1.350352e-08	-5.663444e+01	-8.020226e+02
6.000000e-08	-8.137150e-06	-1.350456e-08	-5.651084e+01	-8.013720e+02
7.000000e-08	-8.116962e-06	-1.350516e-08	-5.637064e+01	-8.006184e+02
8.000000e-08	-8.094053e-06	-1.343952e-08	-5.621154e+01	-7.997777e+02
9.000000e-08	-8.067828e-06	-1.338565e-08	-5.602941e+01	-7.988660e+02
1.000000e-07	-8.038354e-06	-1.340883e-08	-5.582472e+01	-7.978936e+02
1.100000e-07	-8.005948e-06	-1.343247e-08	-5.559967e+01	-7.968611e+02
1.200000e-07	-7.970766e-06	-1.341216e-08	-5.535534e+01	-7.957591e+02
1.300000e-07	-7.933190e-06	-1.338939e-08	-5.509438e+01	-7.945710e+02
1.400000e-07	-7.893426e-06	-1.340850e-08	-5.481822e+01	-7.932789e+02
1.500000e-07	-7.851029e-06	-1.333031e-08	-5.452378e+01	-7.918712e+02
1.600000e-07	-7.805796e-06	-1.332262e-08	-5.420965e+01	-7.903474e+02
1.700000e-07	-7.757898e-06	-1.328668e-08	-5.387701e+01	-7.887196e+02
1.800000e-07	-7.706889e-06	-1.318817e-08	-5.352276e+01	-7.870092e+02
1.900000e-07	-7.652782e-06	-1.325074e-08	-5.314700e+01	-7.852391e+02
2.000000e-07	-7.595965e-06	-1.322238e-08	-5.275242e+01	-7.834248e+02
2.100000e-07	-7.536385e-06	-1.318822e-08	-5.233865e+01	-7.815678e+02
2.200000e-07	-7.474137e-06	-1.314556e-08	-5.190635e+01	-7.796525e+02
2.300000e-07	-7.409112e-06	-1.309140e-08	-5.145476e+01	-7.776510e+02
2.400000e-07	-7.341293e-06	-1.308386e-08	-5.098377e+01	-7.755308e+02
2.500000e-07	-7.270870e-06	-1.300769e-08	-5.049470e+01	-7.732667e+02
2.600000e-07	-7.197727e-06	-1.296389e-08	-4.998674e+01	-7.708488e+02
2.700000e-07	-7.121703e-06	-1.293860e-08	-4.945877e+01	-7.682867e+02
2.800000e-07	-7.042851e-06	-1.293476e-08	-4.891116e+01	-7.656054e+02
2.900000e-07	-6.961370e-06	-1.288121e-08	-4.834529e+01	-7.628363e+02
3.000000e-07	-6.877488e-06	-1.279049e-08	-4.776274e+01	-7.600051e+02
3.100000e-07	-6.791338e-06	-1.276616e-08	-4.716445e+01	-7.571224e+02
3.200000e-07	-6.702828e-06	-1.271387e-08	-4.654976e+01	-7.541788e+02
3.300000e-07	-6.611921e-06	-1.266218e-08	-4.591844e+01	-7.511484e+02
3.400000e-07	-6.518729e-06	-1.260076e-08	-4.527124e+01	-7.479985e+02
3.500000e-07	-6.423186e-06	-1.255362e-08	-4.460771e+01	-7.447014e+02
3.600000e-07	-6.325262e-06	-1.251670e-08	-4.392764e+01	-7.412445e+02
3.700000e-07	-6.225013e-06	-1.244791e-08	-4.323144e+01	-7.376346e+02
3.800000e-07	-6.122537e-06	-1.237015e-08	-4.251976e+01	-7.338936e+02
3.900000e-07	-6.017860e-06	-1.228883e-08	-4.179281e+01	-7.300495e+02
4.000000e-07	-5.910980e-06	-1.224495e-08	-4.105054e+01	-7.261233e+02
4.100000e-07	-5.802032e-06	-1.218482e-08	-4.029392e+01	-7.221198e+02
4.200000e-07	-5.691021e-06	-1.211168e-08	-3.952297e+01	-7.180243e+02
4.300000e-07	-5.577851e-06	-1.203793e-08	-3.873703e+01	-7.138078e+02
4.400000e-07	-5.462501e-06	-1.197506e-08	-3.793595e+01	-7.094373e+02
4.500000e-07	-5.345034e-06	-1.190207e-08	-3.712016e+01	-7.048890e+02
4.600000e-07	-5.225556e-06	-1.180427e-08	-3.629042e+01	-7.001570e+02
4.700000e-07	-5.104178e-06	-1.171488e-08	-3.544747e+01	-6.952561e+02
4.800000e-07	-4.980999e-06	-1.163995e-08	-3.459201e+01	-6.902153e+02
4.900000e-07	-4.856066e-06	-1.157005e-08	-3.372438e+01	-6.850655e+02
5.000000e-07	-4.729384e-06	-1.147507e-08	-3.284460e+01	-6.798262e+02
5.100000e-07	-4.600997e-06	-1.137600e-08	-3.195298e+01	-6.744964e+02
5.200000e-07	-4.470998e-06	-1.128428e-08	-3.105016e+01	-6.690528e+02
5.300000e-07	-4.339352e-06	-1.119677e-08	-3.013591e+01	-6.634571e+02
5.400000e-07	-4.206062e-06	-1.109264e-08	-2.921024e+01	-6.576688e+02
5.500000e-07	-4.071240e-06	-1.098172e-08	-2.827393e+01	-6.516592e+02
5.600000e-07	-3.935002e-06	-1.088525e-08	-2.732778e+01	-6.454204e+02
5.700000e-07	-3.797303e-06	-1.079122e-08	-2.637149e+01	-6.389662e+02
5.800000e-07	-3.658049e-06	-1.067841e-08	-2.540440e+01	-6.323244e+02
5.900000e-07	-3.517272e-06	-1.054963e-08	-2.442673e+01	-6.255238e+02
6.000000e-07	-3.375094e-06	-1.043405e-08	-2.343934e+01	-6.185807e+02
6.100000e-07	-3.231636e-06	-1.032191e-08	-2.244305e+01	-6.114907e+02
6.200000e-07	-3.086985e-06	-1.019692e-08	-2.143848e+01	-6.042290e+02
6.300000e-07	-2.941280e-06	-1.006435e-08	-2.042659e+01	-5.967589e+02
6.400000e-07	-2.794518e-06	-9.940040e-09	-1.940736e+01	-5.890445e+02
6.500000e-07	-2.646757e-06	-9.817080e-09	-1.838118e+01	-5.810635e+02
6.600000e-07	-2.498185e-06	-9.676729e-09	-1.734938e+01	-5.728131e+02
6.700000e-07	-2.348853e-06	-9.523023e-09	-1.631230e+01	-5.643079e+02
6.800000e-07	-2.198651e-06	-9.371335e-09	-1.526918e+01	-5.555694e+02
6.900000e-07	-2.047583e-06	-9.226962e-09	-1.422004e+01	-5.466125e+02
7.000000e-07	-1.895793e-06	-9.075615e-09	-1.316589e+01	-5.374335e+02
7.100000e-07	-1.743324e-06	-8.914214e-09	-1.210703e+01	-5.280059e+02
7.200000e-07	-1.590261e-06	-8.749267e-09	-1.104404e+01	-5.182846e+02
7.300000e-07	-1.436693e-06	-8.582600e-09	-9.977537e+00	-5.082187e+02
7.400000e-07	-1.282617e-06	-8.406413e-09	-8.907510e+00	-4.977662e+02
7.500000e-07	-1.128051e-06	-8.217049e-09	-7.834081e+00	-4.869055e+02
7.600000e-07	-9.730411e-07	-8.025867e-09	-6.757571e+00	-4.756377e+02
7.700000e-07	-8.176690e-07	-7.835629e-09	-5.678543e+00	-4.639785e+02
7.800000e-07	-6.620237e-07	-7.639810e-09	-4.597618e+00	-4.519419e+02
7.900000e-07	-5.061850e-07	-7.431976e-09	-3.515351e+00	-4.395213e+02
8.000000e-07	-3.502149e-07	-7.213342e-09	-2.432171e+00	-4.266759e+02
8.100000e-07	-1.940719e-07	-6.984872e-09	-1.347790e+00	-4.133269e+02
8.200000e-07	-3.779885e-08	-6.745562e-09	-2.625052e-01	-3.993671e+02
8.300000e-07	1.184520e-07	-6.493359e-09	8.226249e-01	-3.846800e+02
8.400000e-07	2.746572e-07	-6.227851e-09	1.907438e+00	-3.691628e+02
8.500000e-07	4.307789e-07	-5.952824e-09	2.991671e+00	-3.527454e+02
8.600000e-07	5.867333e-07	-5.666301e-09	4.074742e+00	-3.353982e+02
8.700000e-07	7.424262e-07	-5.361771e-09	5.155998e+00	-3.171258e+02
8.800000e-07	8.978436e-07	-5.036598e-09	6.235340e+00	-2.979486e+02
8.900000e-07	1.052915e-06	-4.697402e-09	7.312277e+00	-2.778777e+02
9.000000e-07	1.207557e-06	-4.344819e-09	8.386235e+00	-2.568910e+02
9.100000e-07	1.361776e-06	-3.973741e-09	9.457254e+00	-2.349176e+02
9.200000e-07	1.515522e-06	-3.580203e-09	1.052499e+01	-2.118360e+02
9.300000e-07	1.668785e-06	-3.164558e-09	1.158937e+01	-1.874859e+02
9.400000e-07	1.821484e-06	-2.726817e-09	1.264984e+01	-1.616910e+02
9.500000e-07	1.973542e-06	-2.262241e-09	1.370585e+01	-1.342872e+02
9.600000e-07	2.124895e-06	-1.766868e-09	1.475696e+01	-1.051497e+02
9.700000e-07	2.275378e-06	-1.242505e-09	1.580203e+01	-7.421612e+01
9.800000e-07	2.424979e-06	-6.919319e-10	1.684098e+01	-4.150170e+01
9.900000e-07	2.573751e-06	-1.117838e-10	1.787417e+01	-7.107051e+00
1.000000e-06	2.721626e-06	4.967022e-10	1.890114e+01	2.878021e+01
1.010000e-06	2.868498e-06	1.128403e-09	1.992113e+01	6.588950e+01
1.020000e-06	3.014311e-06	1.772225e-09	2.093377e+01	1.038765e+02
1.030000e-06	3.159090e-06	2.420376e-09	2.193923e+01	1.423382e+02
1.040000e-06	3.302743e-06	3.070247e-09	2.293687e+01	1.808344e+02
1.050000e-06	3.445171e-06	3.714426e-09	2.392600e+01	2.189156e+02
1.060000e-06	3.586266e-06	4.344002e-09	2.490588e+01	2.561542e+02
1.070000e-06	3.725900e-06	4.949852e-09	2.587561e+01	2.921757e+02
1.080000e-06	3.864157e-06	5.530488e-09	2.683577e+01	3.266848e+02
1.090000e-06	4.001044e-06	6.084014e-09	2.778643e+01	3.594796e+02
1.100000e-06	4.136432e-06	6.606767e-09	2.872667e+01	3.904535e+02
1.110000e-06	4.270302e-06	7.095636e-09	2.965637e+01	4.195825e+02
1.120000e-06	4.402597e-06	7.553877e-09	3.057514e+01	4.469036e+02
1.130000e-06	4.533273e-06	7.986106e-09	3.148265e+01	4.724888e+02
1.140000e-06	4.662413e-06	8.391266e-09	3.237950e+01	4.964219e+02
1.150000e-06	4.789893e-06	8.767737e-09	3.326483e+01	5.187832e+02
1.160000e-06	4.915642e-06	9.115840e-09	3.413812e+01	5.396437e+02
1.170000e-06	5.039661e-06	9.440048e-09	3.499941e+01	5.590678e+02
1.180000e-06	5.161954e-06	9.743316e-09	3.584871e+01	5.771214e+02
1.190000e-06	5.282454e-06	1.002597e-08	3.668556e+01	5.938789e+02
1.200000e-06	5.400976e-06	1.028682e-08	3.750867e+01	6.094270e+02
1.210000e-06	5.517442e-06	1.053053e-08	3.831750e+01	6.238619e+02
1.220000e-06	5.631785e-06	1.075907e-08	3.911159e+01	6.372820e+02
1.230000e-06	5.743928e-06	1.097094e-08	3.989040e+01	6.497783e+02
1.240000e-06	5.854035e-06	1.116617e-08	4.065507e+01	6.614270e+02
1.250000e-06	5.962182e-06	1.134725e-08	4.140613e+01	6.722862e+02
1.260000e-06	6.068223e-06	1.151581e-08	4.214256e+01	6.823983e+02
1.270000e-06	6.172005e-06	1.167298e-08	4.286331e+01	6.917968e+02
1.280000e-06	6.273516e-06	1.181833e-08	4.356828e+01	7.005145e+02
1.290000e-06	6.372792e-06	1.195320e-08	4.425773e+01	7.085901e+02
1.300000e-06	6.469680e-06	1.207996e-08	4.493060e+01	7.160707e+02
1.310000e-06	6.564237e-06	1.219712e-08	4.558728e+01	7.230098e+02
1.320000e-06	6.656541e-06	1.230494e-08	4.622831e+01	7.294617e+02
1.330000e-06	6.746577e-06	1.240602e-08	4.685360e+01	7.354755e+02
1.340000e-06	6.834255e-06	1.250190e-08	4.746250e+01	7.410909e+02
1.350000e-06	6.919554e-06	1.259010e-08	4.805488e+01	7.463366e+02
1.360000e-06	7.002495e-06	1.267005e-08	4.863089e+01	7.512333e+02
1.370000e-06	7.082880e-06	1.274415e-08	4.918915e+01	7.557980e+02
1.380000e-06	7.160618e-06	1.281690e-08	4.972903e+01	7.600489e+02
1.390000e-06	7.235727e-06	1.288641e-08	5.025064e+01	7.640084e+02
1.400000e-06	7.308142e-06	1.295072e-08	5.075355e+01	7.677026e+02
1.410000e-06	7.377939e-06	1.300965e-08	5.123827e+01	7.711585e+02
1.420000e-06	7.445139e-06	1.306498e-08	5.170496e+01	7.744000e+02
1.430000e-06	7.509606e-06	1.311650e-08	5.215267e+01	7.774440e+02
1.440000e-06	7.571479e-06	1.316288e-08	5.258237e+01	7.802988e+02
1.450000e-06	7.630836e-06	1.320551e-08	5.299459e+01	7.829657e+02
1.460000e-06	7.687473e-06	1.324574e-08	5.338793e+01	7.854419e+02
1.470000e-06	7.741251e-06	1.328521e-08	5.376140e+01	7.877259e+02
1.480000e-06	7.791895e-06	1.332249e-08	5.411311e+01	7.898204e+02
1.490000e-06	7.839414e-06	1.335531e-08	5.444312e+01	7.917346e+02
1.500000e-06	7.884160e-06	1.338321e-08	5.475388e+01	7.934826e+02
1.510000e-06	7.926064e-06	1.340887e-08	5.504489e+01	7.950813e+02
1.520000e-06	7.965102e-06	1.343229e-08	5.531600e+01	7.965459e+02
1.530000e-06	8.001457e-06	1.345349e-08	5.556848e+01	7.978872e+02
1.540000e-06	8.035005e-06	1.347219e-08	5.580146e+01	7.991095e+02
1.550000e-06	8.065647e-06	1.349015e-08	5.601427e+01	8.002117e+02
1.560000e-06	8.093531e-06	1.350741e-08	5.620791e+01	8.011889e+02
1.570000e-06	8.118540e-06	1.352016e-08	5.638159e+01	8.020361e+02
1.580000e-06	8.140674e-06	1.353028e-08	5.653531e+01	8.027504e+02
1.590000e-06	8.160105e-06	1.353981e-08	5.667025e+01	8.033340e+02
1.600000e-06	8.176641e-06	1.354702e-08	5.678509e+01	8.037940e+02
1.610000e-06	8.190104e-06	1.354908e-08	5.687859e+01	8.041421e+02
1.620000e-06	8.200395e-06	1.355013e-08	5.695006e+01	8.043926e+02
1.630000e-06	8.207640e-06	1.355417e-08	5.700038e+01	8.045590e+02
1.640000e-06	8.212054e-06	1.355775e-08	5.703103e+01	8.046521e+02
1.650000e-06	8.213562e-06	1.355505e-08	5.704150e+01	8.046770e+02
1.660000e-06	8.212283e-06	1.355370e-08	5.703262e+01	8.046320e+02
1.670000e-06	8.208390e-06	1.355368e-08	5.700558e+01	8.045093e+02
1.680000e-06	8.201751e-06	1.355097e-08	5.695948e+01	8.042964e+02
1.690000e-06	8.192354e-06	1.354423e-08	5.689422e+01	8.039799e+02
1.700000e-06	8.180116e-06	1.353226e-08	5.680923e+01	8.035493e+02
1.710000e-06	8.164976e-06	1.351518e-08	5.670408e+01	8.030006e+02
1.720000e-06	8.147317e-06	1.348407e-08	5.658145e+01	8.023383e+02
1.730000e-06	8.127316e-06	1.350258e-08	5.644255e+01	8.015744e+02
1.740000e-06	8.104340e-06	1.355157e-08	5.628298e+01	8.007254e+02
1.750000e-06	8.077620e-06	1.351129e-08	5.609741e+01	7.998068e+02
1.760000e-06	8.047198e-06	1.345147e-08	5.588614e+01	7.988281e+02
1.770000e-06	8.013823e-06	1.343169e-08	5.565436e+01	7.977887e+02
1.780000e-06	7.978075e-06	1.338550e-08	5.540609e+01	7.966783e+02
1.790000e-06	7.940080e-06	1.335329e-08	5.514223e+01	7.954798e+02
1.800000e-06	7.899963e-06	1.342368e-08	5.486362e+01	7.941757e+02
1.810000e-06	7.857388e-06	1.331897e-08	5.456795e+01	7.927553e+02
1.820000e-06	7.812123e-06	1.330210e-08	5.425359e+01	7.912194e+02
1.830000e-06	7.764116e-06	1.334020e-08	5.392020e+01	7.895816e+02
1.840000e-06	7.712836e-06	1.322593e-08	5.356406e+01	7.878637e+02
1.850000e-06	7.658504e-06	1.326188e-08	5.318674e+01	7.860883e+02
1.860000e-06	7.601426e-06	1.314502e-08	5.279035e+01	7.842696e+02
1.870000e-06	7.541654e-06	1.315576e-08	5.237524e+01	7.824073e+02
1.880000e-06	7.479243e-06	1.317553e-08	5.194181e+01	7.804842e+02
1.890000e-06	7.413989e-06	1.307834e-08	5.148864e+01	7.784714e+02
1.900000e-06	7.346033e-06	1.310303e-08	5.101669e+01	7.763368e+02
1.910000e-06	7.275237e-06	1.300638e-08	5.052503e+01	7.740562e+02
1.920000e-06	7.201609e-06	1.299665e-08	5.001370e+01	7.716221e+02
1.930000e-06	7.125234e-06	1.292477e-08	4.948329e+01	7.690458e+02
1.940000e-06	7.046080e-06	1.286420e-08	4.893358e+01	7.663535e+02
1.950000e-06	6.964470e-06	1.286541e-08	4.836682e+01	7.635766e+02
1.960000e-06	6.880405e-06	1.279035e-08	4.778300e+01	7.607397e+02
1.970000e-06	6.793890e-06	1.279746e-08	4.718217e+01	7.578512e+02
1.980000e-06	6.704915e-06	1.269365e-08	4.656426e+01	7.548997e+02
1.990000e-06	6.613570e-06	1.263779e-08	4.592989e+01	7.518581e+02
2.000000e-06	6.519907e-06	1.257890e-08	4.527942e+01	7.486934e+02
2.010000e-06	6.423791e-06	1.251543e-08	4.461191e+01	7.453794e+02
2.020000e-06	6.325467e-06	1.247604e-08	4.392907e+01	7.419054e+02
2.030000e-06	6.224880e-06	1.240745e-08	4.323052e+01	7.382801e+02
2.040000e-06	6.121955e-06	1.238479e-08	4.251572e+01	7.345268e+02
2.050000e-06	6.016818e-06	1.230325e-08	4.178556e+01	7.306730e+02
2.060000e-06	5.909661e-06	1.223149e-08	4.104138e+01	7.267386e+02
2.070000e-06	5.800473e-06	1.213480e-08	4.028310e+01	7.227262e+02
2.080000e-06	5.689136e-06	1.206904e-08	3.950988e+01	7.186193e+02
2.090000e-06	5.575607e-06	1.200407e-08	3.872144e+01	7.143877e+02
2.100000e-06	5.459844e-06	1.193490e-08	3.791750e+01	7.099990e+02
2.110000e-06	5.342027e-06	1.186354e-08	3.709928e+01	7.054308e+02
2.120000e-06	5.222168e-06	1.178987e-08	3.626689e+01	7.006797e+02
2.130000e-06	5.100378e-06	1.171218e-08	3.542108e+01	6.957622e+02
2.140000e-06	4.976782e-06	1.161075e-08	3.456273e+01	6.907083e+02
2.150000e-06	4.851381e-06	1.151894e-08	3.369184e+01	6.855482e+02
2.160000e-06	4.724229e-06	1.142813e-08	3.280880e+01	6.802996e+02
2.170000e-06	4.595443e-06	1.135321e-08	3.191441e+01	6.749590e+02
2.180000e-06	4.465034e-06	1.125796e-08	3.100875e+01	6.695010e+02
2.190000e-06	4.332994e-06	1.116590e-08	3.009175e+01	6.638864e+02
2.200000e-06	4.199420e-06	1.106556e-08	2.916411e+01	6.580755e+02
2.210000e-06	4.064396e-06	1.096753e-08	2.822640e+01	6.520412e+02
2.220000e-06	3.927855e-06	1.085695e-08	2.727815e+01	6.457783e+02
2.230000e-06	3.789776e-06	1.074081e-08	2.631922e+01	6.393025e+02
2.240000e-06	3.650312e-06	1.063167e-08	2.535067e+01	6.326424e+02
2.250000e-06	3.509518e-06	1.052067e-08	2.437288e+01	6.258260e+02
2.260000e-06	3.367453e-06	1.040494e-08	2.338627e+01	6.188677e+02
2.270000e-06	3.224126e-06	1.027743e-08	2.239090e+01	6.117607e+02
2.280000e-06	3.079597e-06	1.015318e-08	2.138717e+01	6.044785e+02
2.290000e-06	2.933938e-06	1.002841e-08	2.037560e+01	5.969837e+02
2.300000e-06	2.787226e-06	9.901054e-09	1.935671e+01	5.892415e+02
2.310000e-06	2.639492e-06	9.764739e-09	1.833073e+01	5.812313e+02
2.320000e-06	2.490814e-06	9.624838e-09	1.729819e+01	5.729527e+02
2.330000e-06	2.341343e-06	9.483946e-09	1.626015e+01	5.644213e+02
2.340000e-06	2.191091e-06	9.336771e-09	1.521668e+01	5.556589e+02
2.350000e-06	2.040060e-06	9.179460e-09	1.416780e+01	5.466787e+02
2.360000e-06	1.888303e-06	9.021263e-09	1.311388e+01	5.374747e+02
2.370000e-06	1.735885e-06	8.862211e-09	1.205537e+01	5.280180e+02
2.380000e-06	1.582871e-06	8.702563e-09	1.099272e+01	5.182621e+02
2.390000e-06	1.429246e-06	8.533455e-09	9.925821e+00	5.081565e+02
2.400000e-06	1.275066e-06	8.358527e-09	8.855070e+00	4.976608e+02
2.410000e-06	1.120421e-06	8.176193e-09	7.781093e+00	4.867560e+02
2.420000e-06	9.653417e-07	7.981990e-09	6.704100e+00	4.754453e+02
2.430000e-06	8.099235e-07	7.779133e-09	5.624752e+00	4.637452e+02
2.440000e-06	6.542371e-07	7.569310e-09	4.543543e+00	4.516682e+02
2.450000e-06	4.983390e-07	7.362366e-09	3.460862e+00	4.392047e+02
2.460000e-06	3.422447e-07	7.150966e-09	2.376819e+00	4.263096e+02
2.470000e-06	1.859891e-07	6.930476e-09	1.291656e+00	4.129006e+02
2.480000e-06	2.968180e-08	6.695660e-09	2.061340e-01	3.988684e+02
2.490000e-06	-1.266265e-07	6.448506e-09	-8.793950e-01	3.840967e+02
2.500000e-06	-2.828900e-07	6.186589e-09	-1.964613e+00	3.684857e+02
2.510000e-06	-4.389899e-07	5.906204e-09	-3.048695e+00	3.519694e+02
2.520000e-06	-5.948908e-07	5.611400e-09	-4.131394e+00	3.345223e+02
2.530000e-06	-7.505674e-07	5.302598e-09	-5.212537e+00	3.161518e+02
2.540000e-06	-9.059378e-07	4.979482e-09	-6.291552e+00	2.968787e+02
2.550000e-06	-1.060935e-06	4.639957e-09	-7.367975e+00	2.767115e+02
2.560000e-06	-1.215478e-06	4.285184e-09	-8.441244e+00	2.556233e+02
2.570000e-06	-1.369539e-06	3.915473e-09	-9.511170e+00	2.335377e+02
2.580000e-06	-1.523145e-06	3.528267e-09	-1.057793e+01	2.103283e+02
2.590000e-06	-1.676205e-06	3.119408e-09	-1.164090e+01	1.858318e+02
2.600000e-06	-1.828633e-06	2.683970e-09	-1.269948e+01	1.598719e+02
2.610000e-06	-1.980384e-06	2.222624e-09	-1.375336e+01	1.322873e+02
2.620000e-06	-2.131342e-06	1.733330e-09	-1.480173e+01	1.029590e+02
2.630000e-06	-2.281501e-06	1.212693e-09	-1.584455e+01	7.183238e+01
2.640000e-06	-2.430920e-06	6.615691e-10	-1.688224e+01	3.893152e+01
2.650000e-06	-2.579580e-06	8.196485e-11	-1.791465e+01	4.366401e+00
2.660000e-06	-2.727374e-06	-5.210630e-10	-1.894105e+01	-3.166619e+01
2.670000e-06	-2.874144e-06	-1.143741e-09	-1.996034e+01	-6.888723e+01
2.680000e-06	-3.019849e-06	-1.779567e-09	-2.097223e+01	-1.069453e+02
2.690000e-06	-3.164468e-06	-2.423080e-09	-2.197658e+01	-1.454322e+02
2.700000e-06	-3.307872e-06	-3.067815e-09	-2.297250e+01	-1.839054e+02
2.710000e-06	-3.450019e-06	-3.707980e-09	-2.395967e+01	-2.219162e+02
2.720000e-06	-3.590926e-06	-4.335625e-09	-2.493825e+01	-2.590410e+02
2.730000e-06	-3.730451e-06	-4.940239e-09	-2.590722e+01	-2.949132e+02
2.740000e-06	-3.868535e-06	-5.517537e-09	-2.686618e+01	-3.292466e+02
2.750000e-06	-4.005183e-06	-6.063331e-09	-2.781517e+01	-3.618499e+02
2.760000e-06	-4.140324e-06	-6.576506e-09	-2.875370e+01	-3.926260e+02
2.770000e-06	-4.274039e-06	-7.060839e-09	-2.968233e+01	-4.215588e+02
2.780000e-06	-4.406273e-06	-7.518257e-09	-3.060067e+01	-4.486901e+02
2.790000e-06	-4.536854e-06	-7.948468e-09	-3.150752e+01	-4.740942e+02
2.800000e-06	-4.665875e-06	-8.352242e-09	-3.240354e+01	-4.978553e+02
2.810000e-06	-4.793272e-06	-8.730788e-09	-3.328829e+01	-5.200526e+02
2.820000e-06	-4.918965e-06	-9.083196e-09	-3.416120e+01	-5.407562e+02
2.830000e-06	-5.042978e-06	-9.409154e-09	-3.502245e+01	-5.600303e+02
2.840000e-06	-5.165179e-06	-9.708308e-09	-3.587111e+01	-5.779413e+02
2.850000e-06	-5.285474e-06	-9.983769e-09	-3.670653e+01	-5.945650e+02
2.860000e-06	-5.403798e-06	-1.024123e-08	-3.752827e+01	-6.099892e+02
2.870000e-06	-5.519985e-06	-1.048297e-08	-3.833517e+01	-6.243107e+02
2.880000e-06	-5.633870e-06	-1.071004e-08	-3.912607e+01	-6.376277e+02
2.890000e-06	-5.745531e-06	-1.092307e-08	-3.990153e+01	-6.500300e+02
2.900000e-06	-5.855088e-06	-1.112155e-08	-4.066238e+01	-6.615917e+02
2.910000e-06	-5.962643e-06	-1.130357e-08	-4.140934e+01	-6.723691e+02
2.920000e-06	-6.068184e-06	-1.147115e-08	-4.214229e+01	-6.824033e+02
2.930000e-06	-6.171526e-06	-1.162727e-08	-4.285998e+01	-6.917272e+02
2.940000e-06	-6.272617e-06	-1.177287e-08	-4.356204e+01	-7.003742e+02
2.950000e-06	-6.371500e-06	-1.190785e-08	-4.424876e+01	-7.083837e+02
2.960000e-06	-6.468185e-06	-1.203316e-08	-4.492022e+01	-7.158038e+02
2.970000e-06	-6.562648e-06	-1.215084e-08	-4.557624e+01	-7.226881e+02
2.980000e-06	-6.654777e-06	-1.226132e-08	-4.621606e+01	-7.290909e+02
2.990000e-06	-6.744499e-06	-1.236347e-08	-4.683916e+01	-7.350604e+02
3.000000e-06	-6.831867e-06	-1.245646e-08	-4.744591e+01	-7.406350e+02
3.010000e-06	-6.916824e-06	-1.254363e-08	-4.803592e+01	-7.458425e+02
3.020000e-06	-6.999320e-06	-1.262741e-08	-4.860884e+01	-7.507029e+02
3.030000e-06	-7.079340e-06	-1.270480e-08	-4.916456e+01	-7.552331e+02
3.040000e-06	-7.156721e-06	-1.277424e-08	-4.970196e+01	-7.594517e+02
3.050000e-06	-7.231363e-06	-1.283902e-08	-5.022033e+01	-7.633815e+02
3.060000e-06	-7.303360e-06	-1.290085e-08	-5.072033e+01	-7.670489e+02
3.070000e-06	-7.372784e-06	-1.295720e-08	-5.120247e+01	-7.704809e+02
3.080000e-06	-7.439575e-06	-1.300953e-08	-5.166632e+01	-7.737007e+02
3.090000e-06	-7.503747e-06	-1.306046e-08	-5.211198e+01	-7.767242e+02
3.100000e-06	-7.565287e-06	-1.311103e-08	-5.253937e+01	-7.795590e+02
3.110000e-06	-7.624133e-06	-1.315634e-08	-5.294804e+01	-7.822056e+02
3.120000e-06	-7.680175e-06	-1.319598e-08	-5.333724e+01	-7.846613e+02
3.130000e-06	-7.733274e-06	-1.323395e-08	-5.370600e+01	-7.869248e+02
3.140000e-06	-7.783285e-06	-1.327133e-08	-5.405332e+01	-7.889996e+02
3.150000e-06	-7.830168e-06	-1.330563e-08	-5.437891e+01	-7.908952e+02
3.160000e-06	-7.874396e-06	-1.333400e-08	-5.468607e+01	-7.926265e+02
3.170000e-06	-7.916225e-06	-1.335835e-08	-5.497656e+01	-7.942102e+02
3.180000e-06	-7.955310e-06	-1.338323e-08	-5.524799e+01	-7.956613e+02
3.190000e-06	-7.991540e-06	-1.340877e-08	-5.549961e+01	-7.969897e+02
3.200000e-06	-8.025057e-06	-1.343047e-08	-5.573238e+01	-7.981993e+02
3.210000e-06	-8.055694e-06	-1.344861e-08	-5.594514e+01	-7.992885e+02
3.220000e-06	-8.083391e-06	-1.346484e-08	-5.613749e+01	-8.002521e+02
3.230000e-06	-8.108343e-06	-1.348037e-08	-5.631078e+01	-8.010851e+02
3.240000e-06	-8.130418e-06	-1.349254e-08	-5.646408e+01	-8.017853e+02
3.250000e-06	-8.149561e-06	-1.350251e-08	-5.659703e+01	-8.023552e+02
3.260000e-06	-8.165832e-06	-1.351111e-08	-5.671003e+01	-8.028027e+02
3.270000e-06	-8.178994e-06	-1.351918e-08	-5.680144e+01	-8.031397e+02
3.280000e-06	-8.189034e-06	-1.352584e-08	-5.687116e+01	-8.033806e+02
3.290000e-06	-8.196147e-06	-1.353056e-08	-5.692056e+01	-8.035388e+02
3.300000e-06	-8.200394e-06	-1.353281e-08	-5.695006e+01	-8.036246e+02
3.310000e-06	-8.201887e-06	-1.353435e-08	-5.696042e+01	-8.036422e+02
