# Temperatura_=_38.77
# Concentracion g/m^3_=_11780.0
# C_Vs_to_Am_M_A/Vsm_=_59384043850.047264
# pendiente_HvsI_1/m_=_3716.3
# ordenada_HvsI_A/m_=_1297.0
# frecuencia_Hz_=_301386.10880173

Tiempo_(s)	Campo_(V.s)	Magnetizacion_(V.s)	Campo_(kA/m)	Magnetizacion_(A/m)
0.000000e+00	-8.279149e-06	-1.353486e-08	-5.695778e+01	-8.031708e+02
1.000000e-08	-8.275787e-06	-1.352754e-08	-5.693465e+01	-8.030877e+02
2.000000e-08	-8.269721e-06	-1.352513e-08	-5.689292e+01	-8.029237e+02
3.000000e-08	-8.260943e-06	-1.351930e-08	-5.683253e+01	-8.026512e+02
4.000000e-08	-8.249227e-06	-1.351221e-08	-5.675193e+01	-8.022466e+02
5.000000e-08	-8.234485e-06	-1.350688e-08	-5.665051e+01	-8.016990e+02
6.000000e-08	-8.216854e-06	-1.350895e-08	-5.652922e+01	-8.010153e+02
7.000000e-08	-8.196722e-06	-1.351506e-08	-5.639071e+01	-8.002198e+02
8.000000e-08	-8.173902e-06	-1.343688e-08	-5.623372e+01	-7.993465e+02
9.000000e-08	-8.147764e-06	-1.336234e-08	-5.605390e+01	-7.984284e+02
1.000000e-07	-8.118336e-06	-1.340162e-08	-5.585144e+01	-7.974862e+02
1.100000e-07	-8.086026e-06	-1.344545e-08	-5.562916e+01	-7.965204e+02
1.200000e-07	-8.050912e-06	-1.341750e-08	-5.538758e+01	-7.955109e+02
1.300000e-07	-8.013313e-06	-1.338639e-08	-5.512892e+01	-7.944235e+02
1.400000e-07	-7.973523e-06	-1.344030e-08	-5.485518e+01	-7.932215e+02
1.500000e-07	-7.931099e-06	-1.334992e-08	-5.456332e+01	-7.918787e+02
1.600000e-07	-7.885723e-06	-1.330990e-08	-5.425114e+01	-7.903894e+02
1.700000e-07	-7.837614e-06	-1.330821e-08	-5.392017e+01	-7.887702e+02
1.800000e-07	-7.786425e-06	-1.316366e-08	-5.356801e+01	-7.870548e+02
1.900000e-07	-7.732107e-06	-1.322802e-08	-5.319432e+01	-7.852816e+02
2.000000e-07	-7.675020e-06	-1.323656e-08	-5.280158e+01	-7.834792e+02
2.100000e-07	-7.615154e-06	-1.319184e-08	-5.238972e+01	-7.816561e+02
2.200000e-07	-7.552659e-06	-1.315111e-08	-5.195978e+01	-7.797960e+02
2.300000e-07	-7.487412e-06	-1.307958e-08	-5.151090e+01	-7.778629e+02
2.400000e-07	-7.419327e-06	-1.309810e-08	-5.104249e+01	-7.758136e+02
2.500000e-07	-7.348487e-06	-1.300640e-08	-5.055514e+01	-7.736121e+02
2.600000e-07	-7.274753e-06	-1.294353e-08	-5.004788e+01	-7.712422e+02
2.700000e-07	-7.198231e-06	-1.292772e-08	-4.952143e+01	-7.687126e+02
2.800000e-07	-7.118919e-06	-1.293895e-08	-4.897579e+01	-7.660530e+02
2.900000e-07	-7.036901e-06	-1.290162e-08	-4.841153e+01	-7.633029e+02
3.000000e-07	-6.952558e-06	-1.278770e-08	-4.783128e+01	-7.604966e+02
3.100000e-07	-6.865969e-06	-1.276081e-08	-4.723558e+01	-7.576503e+02
3.200000e-07	-6.776938e-06	-1.270830e-08	-4.662307e+01	-7.547566e+02
3.300000e-07	-6.685426e-06	-1.266528e-08	-4.599350e+01	-7.517875e+02
3.400000e-07	-6.591600e-06	-1.260263e-08	-4.534801e+01	-7.487045e+02
3.500000e-07	-6.495412e-06	-1.254604e-08	-4.468627e+01	-7.454730e+02
3.600000e-07	-6.396773e-06	-1.252160e-08	-4.400766e+01	-7.420744e+02
3.700000e-07	-6.295775e-06	-1.246570e-08	-4.331283e+01	-7.385113e+02
3.800000e-07	-6.192586e-06	-1.238664e-08	-4.260292e+01	-7.348047e+02
3.900000e-07	-6.087163e-06	-1.228428e-08	-4.187765e+01	-7.309842e+02
4.000000e-07	-5.979475e-06	-1.224351e-08	-4.113680e+01	-7.270747e+02
4.100000e-07	-5.869692e-06	-1.219451e-08	-4.038152e+01	-7.230857e+02
4.200000e-07	-5.757788e-06	-1.212087e-08	-3.961166e+01	-7.190071e+02
4.300000e-07	-5.643644e-06	-1.203826e-08	-3.882639e+01	-7.148129e+02
4.400000e-07	-5.527296e-06	-1.197745e-08	-3.802596e+01	-7.104715e+02
4.500000e-07	-5.408864e-06	-1.191745e-08	-3.721118e+01	-7.059582e+02
4.600000e-07	-5.288447e-06	-1.182140e-08	-3.638275e+01	-7.012651e+02
4.700000e-07	-5.166135e-06	-1.172337e-08	-3.554129e+01	-6.964037e+02
4.800000e-07	-5.041982e-06	-1.164087e-08	-3.468716e+01	-6.914003e+02
4.900000e-07	-4.916033e-06	-1.158078e-08	-3.382067e+01	-6.862844e+02
5.000000e-07	-4.788363e-06	-1.149181e-08	-3.294234e+01	-6.810761e+02
5.100000e-07	-4.658986e-06	-1.138853e-08	-3.205227e+01	-6.757766e+02
5.200000e-07	-4.527922e-06	-1.129342e-08	-3.115060e+01	-6.703664e+02
5.300000e-07	-4.395151e-06	-1.121427e-08	-3.023717e+01	-6.648108e+02
5.400000e-07	-4.260807e-06	-1.111451e-08	-2.931293e+01	-6.590711e+02
5.500000e-07	-4.124976e-06	-1.099602e-08	-2.837846e+01	-6.531182e+02
5.600000e-07	-3.987559e-06	-1.089219e-08	-2.743308e+01	-6.469408e+02
5.700000e-07	-3.848564e-06	-1.080199e-08	-2.647683e+01	-6.405474e+02
5.800000e-07	-3.708034e-06	-1.069950e-08	-2.551004e+01	-6.339601e+02
5.900000e-07	-3.565991e-06	-1.057241e-08	-2.453283e+01	-6.272038e+02
6.000000e-07	-3.422541e-06	-1.045311e-08	-2.354594e+01	-6.202937e+02
6.100000e-07	-3.277821e-06	-1.034156e-08	-2.255032e+01	-6.132283e+02
6.200000e-07	-3.131910e-06	-1.022302e-08	-2.154650e+01	-6.059883e+02
6.300000e-07	-2.984934e-06	-1.008793e-08	-2.053535e+01	-5.985433e+02
6.400000e-07	-2.836993e-06	-9.957405e-09	-1.951757e+01	-5.908620e+02
6.500000e-07	-2.688165e-06	-9.836789e-09	-1.849368e+01	-5.829232e+02
6.600000e-07	-2.538441e-06	-9.706783e-09	-1.746363e+01	-5.747207e+02
6.700000e-07	-2.387861e-06	-9.557713e-09	-1.642769e+01	-5.662622e+02
6.800000e-07	-2.236444e-06	-9.401165e-09	-1.538599e+01	-5.575610e+02
6.900000e-07	-2.084110e-06	-9.254889e-09	-1.433798e+01	-5.486253e+02
7.000000e-07	-1.930954e-06	-9.105691e-09	-1.328432e+01	-5.394488e+02
7.100000e-07	-1.777201e-06	-8.942516e-09	-1.222655e+01	-5.300072e+02
7.200000e-07	-1.622835e-06	-8.771266e-09	-1.116457e+01	-5.202628e+02
7.300000e-07	-1.467801e-06	-8.605737e-09	-1.009798e+01	-5.101741e+02
7.400000e-07	-1.312168e-06	-8.437667e-09	-9.027277e+00	-4.997085e+02
7.500000e-07	-1.156082e-06	-8.253641e-09	-7.953460e+00	-4.888506e+02
7.600000e-07	-9.996661e-07	-8.059431e-09	-6.877369e+00	-4.776034e+02
7.700000e-07	-8.429453e-07	-7.864475e-09	-5.799183e+00	-4.659799e+02
7.800000e-07	-6.859333e-07	-7.668166e-09	-4.718992e+00	-4.539891e+02
7.900000e-07	-5.286307e-07	-7.460089e-09	-3.636802e+00	-4.416190e+02
8.000000e-07	-3.711184e-07	-7.240252e-09	-2.553170e+00	-4.288253e+02
8.100000e-07	-2.134486e-07	-7.013770e-09	-1.468455e+00	-4.155289e+02
8.200000e-07	-5.569388e-08	-6.781425e-09	-3.831553e-01	-4.016251e+02
8.300000e-07	1.020676e-07	-6.535045e-09	7.021908e-01	-3.870014e+02
8.400000e-07	2.597993e-07	-6.270727e-09	1.787333e+00	-3.715585e+02
8.500000e-07	4.174534e-07	-5.993272e-09	2.871940e+00	-3.552276e+02
8.600000e-07	5.748899e-07	-5.706409e-09	3.955051e+00	-3.379777e+02
8.700000e-07	7.320260e-07	-5.402438e-09	5.036095e+00	-3.198102e+02
8.800000e-07	8.888728e-07	-5.076173e-09	6.115148e+00	-3.007422e+02
8.900000e-07	1.045419e-06	-4.737170e-09	7.192131e+00	-2.807833e+02
9.000000e-07	1.201662e-06	-4.388273e-09	8.267036e+00	-2.599127e+02
9.100000e-07	1.357534e-06	-4.023895e-09	9.339380e+00	-2.380645e+02
9.200000e-07	1.512852e-06	-3.634047e-09	1.040792e+01	-2.151244e+02
9.300000e-07	1.667549e-06	-3.219915e-09	1.147218e+01	-1.909400e+02
9.400000e-07	1.821685e-06	-2.786331e-09	1.253259e+01	-1.653412e+02
9.500000e-07	1.975210e-06	-2.327535e-09	1.358878e+01	-1.381668e+02
9.600000e-07	2.128035e-06	-1.835207e-09	1.464017e+01	-1.092915e+02
9.700000e-07	2.280053e-06	-1.310853e-09	1.568600e+01	-7.864864e+01
9.800000e-07	2.431136e-06	-7.637253e-10	1.672541e+01	-4.624577e+01
9.900000e-07	2.581262e-06	-1.929194e-10	1.775822e+01	-1.217358e+01
1.000000e-06	2.730487e-06	4.056646e-10	1.878484e+01	2.339245e+01
1.010000e-06	2.878750e-06	1.031758e-09	1.980484e+01	6.019591e+01
1.020000e-06	3.026013e-06	1.671878e-09	2.081796e+01	9.790847e+01
1.030000e-06	3.172270e-06	2.317090e-09	2.182416e+01	1.361441e+02
1.040000e-06	3.317427e-06	2.965129e-09	2.282279e+01	1.744788e+02
1.050000e-06	3.461377e-06	3.608785e-09	2.381312e+01	2.124757e+02
1.060000e-06	3.604030e-06	4.238091e-09	2.479452e+01	2.497137e+02
1.070000e-06	3.745322e-06	4.844310e-09	2.576657e+01	2.858167e+02
1.080000e-06	3.885157e-06	5.426557e-09	2.672859e+01	3.204783e+02
1.090000e-06	4.023500e-06	5.981850e-09	2.768034e+01	3.534789e+02
1.100000e-06	4.160363e-06	6.507873e-09	2.862191e+01	3.846902e+02
1.110000e-06	4.295630e-06	7.002038e-09	2.955250e+01	4.140679e+02
1.120000e-06	4.429271e-06	7.464646e-09	3.047190e+01	4.416341e+02
1.130000e-06	4.561314e-06	7.897958e-09	3.138032e+01	4.674537e+02
1.140000e-06	4.691790e-06	8.303916e-09	3.227795e+01	4.916112e+02
1.150000e-06	4.820648e-06	8.686202e-09	3.316445e+01	5.141929e+02
1.160000e-06	4.947743e-06	9.042890e-09	3.403882e+01	5.352764e+02
1.170000e-06	5.073134e-06	9.371975e-09	3.490147e+01	5.549301e+02
1.180000e-06	5.196801e-06	9.676609e-09	3.575225e+01	5.732179e+02
1.190000e-06	5.318634e-06	9.960037e-09	3.659043e+01	5.902066e+02
1.200000e-06	5.438492e-06	1.022221e-08	3.741501e+01	6.059720e+02
1.210000e-06	5.556328e-06	1.046597e-08	3.822568e+01	6.206003e+02
1.220000e-06	5.672111e-06	1.069616e-08	3.902223e+01	6.341845e+02
1.230000e-06	5.785668e-06	1.091218e-08	3.980347e+01	6.468171e+02
1.240000e-06	5.897004e-06	1.111263e-08	4.056942e+01	6.585818e+02
1.250000e-06	6.006250e-06	1.129625e-08	4.132099e+01	6.695481e+02
1.260000e-06	6.113435e-06	1.146525e-08	4.205839e+01	6.797690e+02
1.270000e-06	6.218435e-06	1.162351e-08	4.278075e+01	6.892840e+02
1.280000e-06	6.321194e-06	1.177133e-08	4.348770e+01	6.981258e+02
1.290000e-06	6.421676e-06	1.190720e-08	4.417899e+01	7.063269e+02
1.300000e-06	6.519765e-06	1.203380e-08	4.485381e+01	7.139254e+02
1.310000e-06	6.615466e-06	1.215363e-08	4.551220e+01	7.209674e+02
1.320000e-06	6.708893e-06	1.226508e-08	4.615495e+01	7.275047e+02
1.330000e-06	6.800046e-06	1.236807e-08	4.678205e+01	7.335902e+02
1.340000e-06	6.888745e-06	1.246198e-08	4.739227e+01	7.392723e+02
1.350000e-06	6.975037e-06	1.254996e-08	4.798593e+01	7.445900e+02
1.360000e-06	7.058989e-06	1.263393e-08	4.856349e+01	7.495711e+02
1.370000e-06	7.140430e-06	1.271255e-08	4.912378e+01	7.542337e+02
1.380000e-06	7.219282e-06	1.278483e-08	4.966625e+01	7.585898e+02
1.390000e-06	7.295468e-06	1.285186e-08	5.019039e+01	7.626504e+02
1.400000e-06	7.368891e-06	1.291651e-08	5.069551e+01	7.664293e+02
1.410000e-06	7.439654e-06	1.297886e-08	5.118234e+01	7.699455e+02
1.420000e-06	7.507830e-06	1.303438e-08	5.165137e+01	7.732215e+02
1.430000e-06	7.573252e-06	1.308385e-08	5.210145e+01	7.762811e+02
1.440000e-06	7.636017e-06	1.313075e-08	5.253325e+01	7.791451e+02
1.450000e-06	7.696211e-06	1.317452e-08	5.294736e+01	7.818279e+02
1.460000e-06	7.753655e-06	1.321569e-08	5.334256e+01	7.843364e+02
1.470000e-06	7.808297e-06	1.325412e-08	5.371847e+01	7.866708e+02
1.480000e-06	7.859867e-06	1.329164e-08	5.407326e+01	7.888281e+02
1.490000e-06	7.908222e-06	1.332598e-08	5.440593e+01	7.908060e+02
1.500000e-06	7.953685e-06	1.335400e-08	5.471870e+01	7.926076e+02
1.510000e-06	7.996304e-06	1.337873e-08	5.501191e+01	7.942422e+02
1.520000e-06	8.036000e-06	1.340474e-08	5.528500e+01	7.957258e+02
1.530000e-06	8.072950e-06	1.343013e-08	5.553920e+01	7.970770e+02
1.540000e-06	8.107112e-06	1.344992e-08	5.577423e+01	7.983129e+02
1.550000e-06	8.138420e-06	1.346597e-08	5.598962e+01	7.994439e+02
1.560000e-06	8.166978e-06	1.348116e-08	5.618609e+01	8.004716e+02
1.570000e-06	8.192594e-06	1.349477e-08	5.636232e+01	8.013885e+02
1.580000e-06	8.215242e-06	1.350464e-08	5.651812e+01	8.021818e+02
1.590000e-06	8.235179e-06	1.351193e-08	5.665529e+01	8.028387e+02
1.600000e-06	8.252233e-06	1.352052e-08	5.677261e+01	8.033530e+02
1.610000e-06	8.266202e-06	1.352877e-08	5.686871e+01	8.037287e+02
1.620000e-06	8.276987e-06	1.353294e-08	5.694291e+01	8.039814e+02
1.630000e-06	8.284621e-06	1.353268e-08	5.699543e+01	8.041345e+02
1.640000e-06	8.289423e-06	1.353303e-08	5.702847e+01	8.042129e+02
1.650000e-06	8.291318e-06	1.353304e-08	5.704150e+01	8.042348e+02
1.660000e-06	8.290306e-06	1.353394e-08	5.703454e+01	8.042054e+02
1.670000e-06	8.286609e-06	1.353370e-08	5.700910e+01	8.041148e+02
1.680000e-06	8.280170e-06	1.352791e-08	5.696480e+01	8.039405e+02
1.690000e-06	8.271002e-06	1.352348e-08	5.690173e+01	8.036548e+02
1.700000e-06	8.259001e-06	1.351733e-08	5.681917e+01	8.032351e+02
1.710000e-06	8.244089e-06	1.349879e-08	5.671658e+01	8.026722e+02
1.720000e-06	8.226597e-06	1.345890e-08	5.659624e+01	8.019751e+02
1.730000e-06	8.206723e-06	1.347298e-08	5.645951e+01	8.011695e+02
1.740000e-06	8.183885e-06	1.356087e-08	5.630240e+01	8.002899e+02
1.750000e-06	8.157298e-06	1.351702e-08	5.611949e+01	7.993685e+02
1.760000e-06	8.126920e-06	1.342409e-08	5.591050e+01	7.984241e+02
1.770000e-06	8.093493e-06	1.341305e-08	5.568053e+01	7.974549e+02
1.780000e-06	8.057635e-06	1.337824e-08	5.543384e+01	7.964388e+02
1.790000e-06	8.019467e-06	1.329899e-08	5.517126e+01	7.953408e+02
1.800000e-06	7.979226e-06	1.340604e-08	5.489441e+01	7.941245e+02
1.810000e-06	7.936624e-06	1.332656e-08	5.460132e+01	7.927659e+02
1.820000e-06	7.891247e-06	1.326425e-08	5.428915e+01	7.912615e+02
1.830000e-06	7.843057e-06	1.338182e-08	5.395761e+01	7.896301e+02
1.840000e-06	7.791663e-06	1.323089e-08	5.360404e+01	7.879067e+02
1.850000e-06	7.737210e-06	1.326001e-08	5.322942e+01	7.861292e+02
1.860000e-06	7.679969e-06	1.314460e-08	5.283562e+01	7.843247e+02
1.870000e-06	7.619968e-06	1.312013e-08	5.242283e+01	7.824988e+02
1.880000e-06	7.557306e-06	1.318773e-08	5.199174e+01	7.806328e+02
1.890000e-06	7.491797e-06	1.306433e-08	5.154106e+01	7.786893e+02
1.900000e-06	7.423521e-06	1.313118e-08	5.107135e+01	7.766251e+02
1.910000e-06	7.352327e-06	1.303683e-08	5.058156e+01	7.744059e+02
1.920000e-06	7.278244e-06	1.300762e-08	5.007189e+01	7.720180e+02
1.930000e-06	7.201423e-06	1.293831e-08	4.954339e+01	7.694726e+02
1.940000e-06	7.121795e-06	1.284582e-08	4.899557e+01	7.668014e+02
1.950000e-06	7.039659e-06	1.287386e-08	4.843050e+01	7.640438e+02
1.960000e-06	6.955017e-06	1.278717e-08	4.784819e+01	7.612328e+02
1.970000e-06	6.867845e-06	1.282075e-08	4.724848e+01	7.583822e+02
1.980000e-06	6.778245e-06	1.272762e-08	4.663206e+01	7.554820e+02
1.990000e-06	6.686322e-06	1.266388e-08	4.599967e+01	7.525026e+02
2.000000e-06	6.592054e-06	1.260389e-08	4.535113e+01	7.494051e+02
2.010000e-06	6.495372e-06	1.252123e-08	4.468599e+01	7.461562e+02
2.020000e-06	6.396431e-06	1.248986e-08	4.400531e+01	7.427394e+02
2.030000e-06	6.295145e-06	1.240957e-08	4.330850e+01	7.391596e+02
2.040000e-06	6.191564e-06	1.240421e-08	4.259590e+01	7.354393e+02
2.050000e-06	6.085780e-06	1.232213e-08	4.186814e+01	7.316083e+02
2.060000e-06	5.977867e-06	1.226327e-08	4.112573e+01	7.276901e+02
2.070000e-06	5.867843e-06	1.216760e-08	4.036880e+01	7.236923e+02
2.080000e-06	5.755589e-06	1.209650e-08	3.959653e+01	7.196028e+02
2.090000e-06	5.641111e-06	1.202858e-08	3.880896e+01	7.153943e+02
2.100000e-06	5.524401e-06	1.195296e-08	3.800604e+01	7.110354e+02
2.110000e-06	5.405613e-06	1.188507e-08	3.718881e+01	7.065028e+02
2.120000e-06	5.284816e-06	1.180355e-08	3.635777e+01	7.017907e+02
2.130000e-06	5.162164e-06	1.173467e-08	3.551397e+01	6.969127e+02
2.140000e-06	5.037702e-06	1.163605e-08	3.465771e+01	6.918958e+02
2.150000e-06	4.911376e-06	1.155298e-08	3.378863e+01	6.867693e+02
2.160000e-06	4.783280e-06	1.145745e-08	3.290737e+01	6.815514e+02
2.170000e-06	4.653561e-06	1.138134e-08	3.201495e+01	6.762414e+02
2.180000e-06	4.522233e-06	1.128298e-08	3.111145e+01	6.708174e+02
2.190000e-06	4.389232e-06	1.119314e-08	3.019645e+01	6.652438e+02
2.200000e-06	4.254669e-06	1.109238e-08	2.927071e+01	6.594824e+02
2.210000e-06	4.118547e-06	1.099448e-08	2.833423e+01	6.535056e+02
2.220000e-06	3.980871e-06	1.088914e-08	2.738706e+01	6.473043e+02
2.230000e-06	3.841623e-06	1.077692e-08	2.642909e+01	6.408888e+02
2.240000e-06	3.700971e-06	1.067023e-08	2.546144e+01	6.342823e+02
2.250000e-06	3.558980e-06	1.055509e-08	2.448460e+01	6.275089e+02
2.260000e-06	3.415648e-06	1.044207e-08	2.349852e+01	6.205826e+02
2.270000e-06	3.271051e-06	1.031483e-08	2.250374e+01	6.134997e+02
2.280000e-06	3.125255e-06	1.019292e-08	2.150071e+01	6.062393e+02
2.290000e-06	2.978364e-06	1.006263e-08	2.049015e+01	5.987703e+02
2.300000e-06	2.830410e-06	9.934676e-09	1.947227e+01	5.910621e+02
2.310000e-06	2.681478e-06	9.800329e-09	1.844767e+01	5.830950e+02
2.320000e-06	2.531649e-06	9.664251e-09	1.741690e+01	5.748645e+02
2.330000e-06	2.380905e-06	9.523167e-09	1.637983e+01	5.663793e+02
2.340000e-06	2.229321e-06	9.374323e-09	1.533698e+01	5.576528e+02
2.350000e-06	2.076974e-06	9.220291e-09	1.428889e+01	5.486919e+02
2.360000e-06	1.923856e-06	9.064100e-09	1.323549e+01	5.394884e+02
2.370000e-06	1.770032e-06	8.905455e-09	1.217723e+01	5.300163e+02
2.380000e-06	1.615606e-06	8.742446e-09	1.111483e+01	5.202369e+02
2.390000e-06	1.460649e-06	8.572402e-09	1.004877e+01	5.101091e+02
2.400000e-06	1.305152e-06	8.396020e-09	8.979007e+00	4.996018e+02
2.410000e-06	1.149067e-06	8.212604e-09	7.905200e+00	4.887018e+02
2.420000e-06	9.924460e-07	8.018086e-09	6.827697e+00	4.774135e+02
2.430000e-06	8.354932e-07	7.818914e-09	5.747915e+00	4.657504e+02
2.440000e-06	6.783483e-07	7.614113e-09	4.666810e+00	4.537200e+02
2.450000e-06	5.210417e-07	7.411302e-09	3.584593e+00	4.413073e+02
2.460000e-06	3.635628e-07	7.200027e-09	2.501191e+00	4.284640e+02
2.470000e-06	2.059268e-07	6.976105e-09	1.416707e+00	4.151078e+02
2.480000e-06	4.820999e-08	6.737937e-09	3.316687e-01	4.011321e+02
2.490000e-06	-1.095089e-07	6.487339e-09	-7.533847e-01	3.864250e+02
2.500000e-06	-2.671978e-07	6.226103e-09	-1.838232e+00	3.708895e+02
2.510000e-06	-4.247541e-07	5.950792e-09	-2.922167e+00	3.544610e+02
2.520000e-06	-5.820965e-07	5.662631e-09	-4.004630e+00	3.371122e+02
2.530000e-06	-7.392301e-07	5.359343e-09	-5.085656e+00	3.188473e+02
2.540000e-06	-8.961594e-07	5.038987e-09	-6.165278e+00	2.996837e+02
2.550000e-06	-1.052775e-06	4.698821e-09	-7.242743e+00	2.796288e+02
2.560000e-06	-1.208964e-06	4.341603e-09	-8.317270e+00	2.586574e+02
2.570000e-06	-1.364672e-06	3.969745e-09	-9.388487e+00	2.366985e+02
2.580000e-06	-1.519868e-06	3.583342e-09	-1.045618e+01	2.136329e+02
2.590000e-06	-1.674447e-06	3.178647e-09	-1.151964e+01	1.893051e+02
2.600000e-06	-1.828343e-06	2.750220e-09	-1.257839e+01	1.635447e+02
2.610000e-06	-1.981556e-06	2.294727e-09	-1.363244e+01	1.361931e+02
2.620000e-06	-2.134039e-06	1.809667e-09	-1.468148e+01	1.071305e+02
2.630000e-06	-2.285776e-06	1.293627e-09	-1.572537e+01	7.629717e+01
2.640000e-06	-2.436697e-06	7.469313e-10	-1.676366e+01	4.370957e+01
2.650000e-06	-2.586754e-06	1.727128e-10	-1.779600e+01	9.467413e+00
2.660000e-06	-2.735944e-06	-4.262814e-10	-1.882238e+01	-2.624486e+01
2.670000e-06	-2.884181e-06	-1.046130e-09	-1.984220e+01	-6.316262e+01
2.680000e-06	-3.031342e-06	-1.679519e-09	-2.085462e+01	-1.009506e+02
2.690000e-06	-3.177409e-06	-2.319120e-09	-2.185951e+01	-1.392176e+02
2.700000e-06	-3.322322e-06	-2.960063e-09	-2.285646e+01	-1.775370e+02
2.710000e-06	-3.465957e-06	-3.597069e-09	-2.384462e+01	-2.154722e+02
2.720000e-06	-3.608288e-06	-4.221377e-09	-2.482382e+01	-2.526056e+02
2.730000e-06	-3.749334e-06	-4.825056e-09	-2.579417e+01	-2.885674e+02
2.740000e-06	-3.888964e-06	-5.404855e-09	-2.675477e+01	-3.230600e+02
2.750000e-06	-4.027099e-06	-5.958775e-09	-2.770510e+01	-3.558734e+02
2.760000e-06	-4.163725e-06	-6.482718e-09	-2.864504e+01	-3.868891e+02
2.770000e-06	-4.298828e-06	-6.973671e-09	-2.957450e+01	-4.160708e+02
2.780000e-06	-4.432483e-06	-7.433680e-09	-3.049401e+01	-4.434462e+02
2.790000e-06	-4.564500e-06	-7.865334e-09	-3.140224e+01	-4.690836e+02
2.800000e-06	-4.694814e-06	-8.270313e-09	-3.229876e+01	-4.930683e+02
2.810000e-06	-4.823583e-06	-8.650409e-09	-3.318464e+01	-5.154859e+02
2.820000e-06	-4.950706e-06	-9.004386e-09	-3.405921e+01	-5.364131e+02
2.830000e-06	-5.076092e-06	-9.335386e-09	-3.492182e+01	-5.559175e+02
2.840000e-06	-5.199650e-06	-9.643454e-09	-3.577185e+01	-5.740628e+02
2.850000e-06	-5.321276e-06	-9.927765e-09	-3.660860e+01	-5.909166e+02
2.860000e-06	-5.440963e-06	-1.018916e-08	-3.743201e+01	-6.065560e+02
2.870000e-06	-5.558637e-06	-1.043120e-08	-3.824157e+01	-6.210680e+02
2.880000e-06	-5.674073e-06	-1.065960e-08	-3.903573e+01	-6.345459e+02
2.890000e-06	-5.787194e-06	-1.087308e-08	-3.981396e+01	-6.470817e+02
2.900000e-06	-5.898090e-06	-1.107034e-08	-4.057689e+01	-6.587579e+02
2.910000e-06	-6.006824e-06	-1.125292e-08	-4.132495e+01	-6.696421e+02
2.920000e-06	-6.113519e-06	-1.142472e-08	-4.205897e+01	-6.797857e+02
2.930000e-06	-6.218137e-06	-1.158694e-08	-4.277871e+01	-6.892271e+02
2.940000e-06	-6.320505e-06	-1.173566e-08	-4.348297e+01	-6.979987e+02
2.950000e-06	-6.420546e-06	-1.187141e-08	-4.417121e+01	-7.061332e+02
2.960000e-06	-6.518338e-06	-1.199801e-08	-4.484399e+01	-7.136699e+02
2.970000e-06	-6.613937e-06	-1.211536e-08	-4.550168e+01	-7.206553e+02
2.980000e-06	-6.707200e-06	-1.222311e-08	-4.614330e+01	-7.271417e+02
2.990000e-06	-6.798060e-06	-1.232462e-08	-4.676839e+01	-7.331819e+02
3.000000e-06	-6.886552e-06	-1.242252e-08	-4.737718e+01	-7.388233e+02
3.010000e-06	-6.972652e-06	-1.251436e-08	-4.796952e+01	-7.441038e+02
3.020000e-06	-7.056265e-06	-1.259961e-08	-4.854475e+01	-7.490501e+02
3.030000e-06	-7.137360e-06	-1.267899e-08	-4.910266e+01	-7.536793e+02
3.040000e-06	-7.215850e-06	-1.275214e-08	-4.964264e+01	-7.580033e+02
3.050000e-06	-7.291551e-06	-1.281873e-08	-5.016344e+01	-7.620330e+02
3.060000e-06	-7.364505e-06	-1.287940e-08	-5.066533e+01	-7.657828e+02
3.070000e-06	-7.434783e-06	-1.293495e-08	-5.114883e+01	-7.692721e+02
3.080000e-06	-7.502436e-06	-1.298962e-08	-5.161426e+01	-7.725239e+02
3.090000e-06	-7.567550e-06	-1.304343e-08	-5.206222e+01	-7.755617e+02
3.100000e-06	-7.629961e-06	-1.309445e-08	-5.249159e+01	-7.784057e+02
3.110000e-06	-7.689600e-06	-1.314134e-08	-5.290188e+01	-7.810697e+02
3.120000e-06	-7.746517e-06	-1.318408e-08	-5.329345e+01	-7.835597e+02
3.130000e-06	-7.800542e-06	-1.322395e-08	-5.366513e+01	-7.858753e+02
3.140000e-06	-7.851534e-06	-1.326076e-08	-5.401594e+01	-7.880134e+02
3.150000e-06	-7.899365e-06	-1.329293e-08	-5.434500e+01	-7.899723e+02
3.160000e-06	-7.944331e-06	-1.332075e-08	-5.465435e+01	-7.917554e+02
3.170000e-06	-7.986814e-06	-1.334694e-08	-5.494662e+01	-7.933730e+02
3.180000e-06	-8.026629e-06	-1.337242e-08	-5.522053e+01	-7.948416e+02
3.190000e-06	-8.063587e-06	-1.339764e-08	-5.547479e+01	-7.961797e+02
3.200000e-06	-8.097762e-06	-1.342016e-08	-5.570990e+01	-7.974040e+02
3.210000e-06	-8.129058e-06	-1.344146e-08	-5.592521e+01	-7.985241e+02
3.220000e-06	-8.157348e-06	-1.346150e-08	-5.611983e+01	-7.995404e+02
3.230000e-06	-8.182827e-06	-1.347837e-08	-5.629512e+01	-8.004448e+02
3.240000e-06	-8.205412e-06	-1.349070e-08	-5.645050e+01	-8.012240e+02
3.250000e-06	-8.225012e-06	-1.350173e-08	-5.658534e+01	-8.018659e+02
3.260000e-06	-8.241776e-06	-1.351269e-08	-5.670067e+01	-8.023650e+02
3.270000e-06	-8.255457e-06	-1.352192e-08	-5.679479e+01	-8.027266e+02
3.280000e-06	-8.265978e-06	-1.352718e-08	-5.686717e+01	-8.029675e+02
3.290000e-06	-8.273496e-06	-1.353068e-08	-5.691889e+01	-8.031115e+02
3.300000e-06	-8.278077e-06	-1.353433e-08	-5.695041e+01	-8.031832e+02
3.310000e-06	-8.279874e-06	-1.353780e-08	-5.696277e+01	-8.031996e+02
