# Temperatura_=_53.62
# Concentracion g/m^3_=_11780.0
# C_Vs_to_Am_M_A/Vsm_=_59384043850.047264
# pendiente_HvsI_1/m_=_3716.3
# ordenada_HvsI_A/m_=_1297.0
# frecuencia_Hz_=_301390.0368486445

Tiempo_(s)	Campo_(V.s)	Magnetizacion_(V.s)	Campo_(kA/m)	Magnetizacion_(A/m)
0.000000e+00	-8.192506e-06	-1.361427e-08	-5.695336e+01	-8.079783e+02
1.000000e-08	-8.189198e-06	-1.360895e-08	-5.693036e+01	-8.078669e+02
2.000000e-08	-8.183198e-06	-1.360280e-08	-5.688865e+01	-8.076561e+02
3.000000e-08	-8.174502e-06	-1.359573e-08	-5.682820e+01	-8.073284e+02
4.000000e-08	-8.162916e-06	-1.358897e-08	-5.674765e+01	-8.068746e+02
5.000000e-08	-8.148347e-06	-1.358318e-08	-5.664637e+01	-8.062968e+02
6.000000e-08	-8.130928e-06	-1.358110e-08	-5.652527e+01	-8.056073e+02
7.000000e-08	-8.111004e-06	-1.357955e-08	-5.638676e+01	-8.048249e+02
8.000000e-08	-8.088456e-06	-1.354214e-08	-5.623001e+01	-8.039684e+02
9.000000e-08	-8.062673e-06	-1.347846e-08	-5.605077e+01	-8.030505e+02
1.000000e-07	-8.033610e-06	-1.346946e-08	-5.584873e+01	-8.020740e+02
1.100000e-07	-8.001596e-06	-1.349532e-08	-5.562617e+01	-8.010309e+02
1.200000e-07	-7.966781e-06	-1.349109e-08	-5.538414e+01	-7.999062e+02
1.300000e-07	-7.929545e-06	-1.346468e-08	-5.512528e+01	-7.986830e+02
1.400000e-07	-7.890128e-06	-1.346153e-08	-5.485126e+01	-7.973494e+02
1.500000e-07	-7.848143e-06	-1.343021e-08	-5.455939e+01	-7.959026e+02
1.600000e-07	-7.803298e-06	-1.338474e-08	-5.424763e+01	-7.943511e+02
1.700000e-07	-7.755733e-06	-1.336753e-08	-5.391696e+01	-7.927114e+02
1.800000e-07	-7.705151e-06	-1.328717e-08	-5.356532e+01	-7.910024e+02
1.900000e-07	-7.651393e-06	-1.328667e-08	-5.319160e+01	-7.892388e+02
2.000000e-07	-7.594817e-06	-1.329603e-08	-5.279829e+01	-7.874246e+02
2.100000e-07	-7.535566e-06	-1.324836e-08	-5.238639e+01	-7.855508e+02
2.200000e-07	-7.473688e-06	-1.321740e-08	-5.195622e+01	-7.835971e+02
2.300000e-07	-7.409092e-06	-1.315365e-08	-5.150715e+01	-7.815379e+02
2.400000e-07	-7.341685e-06	-1.313776e-08	-5.103855e+01	-7.793502e+02
2.500000e-07	-7.271590e-06	-1.308950e-08	-5.055125e+01	-7.770205e+02
2.600000e-07	-7.198832e-06	-1.302267e-08	-5.004545e+01	-7.745500e+02
2.700000e-07	-7.123273e-06	-1.299472e-08	-4.952017e+01	-7.719533e+02
2.800000e-07	-7.044871e-06	-1.298444e-08	-4.897513e+01	-7.692539e+02
2.900000e-07	-6.963778e-06	-1.294731e-08	-4.841138e+01	-7.664758e+02
3.000000e-07	-6.880257e-06	-1.285620e-08	-4.783075e+01	-7.636353e+02
3.100000e-07	-6.794454e-06	-1.280916e-08	-4.723426e+01	-7.607356e+02
3.200000e-07	-6.706336e-06	-1.276582e-08	-4.662168e+01	-7.577650e+02
3.300000e-07	-6.615827e-06	-1.271162e-08	-4.599247e+01	-7.547015e+02
3.400000e-07	-6.522980e-06	-1.265842e-08	-4.534700e+01	-7.515200e+02
3.500000e-07	-6.427779e-06	-1.260247e-08	-4.468518e+01	-7.482006e+02
3.600000e-07	-6.330139e-06	-1.256373e-08	-4.400640e+01	-7.447347e+02
3.700000e-07	-6.230166e-06	-1.250648e-08	-4.331140e+01	-7.411267e+02
3.800000e-07	-6.128000e-06	-1.242779e-08	-4.260115e+01	-7.373911e+02
3.900000e-07	-6.023677e-06	-1.234004e-08	-4.187591e+01	-7.335453e+02
4.000000e-07	-5.917137e-06	-1.228169e-08	-4.113526e+01	-7.296020e+02
4.100000e-07	-5.808486e-06	-1.223258e-08	-4.037992e+01	-7.255631e+02
4.200000e-07	-5.697810e-06	-1.216163e-08	-3.961052e+01	-7.214189e+02
4.300000e-07	-5.585027e-06	-1.208340e-08	-3.882647e+01	-7.171506e+02
4.400000e-07	-5.470021e-06	-1.201706e-08	-3.802696e+01	-7.127378e+02
4.500000e-07	-5.352807e-06	-1.195190e-08	-3.721210e+01	-7.081657e+02
4.600000e-07	-5.233590e-06	-1.186024e-08	-3.638331e+01	-7.034313e+02
4.700000e-07	-5.112537e-06	-1.176137e-08	-3.554177e+01	-6.985434e+02
4.800000e-07	-4.989636e-06	-1.167789e-08	-3.468737e+01	-6.935196e+02
4.900000e-07	-4.864939e-06	-1.160715e-08	-3.382050e+01	-6.883780e+02
5.000000e-07	-4.738577e-06	-1.152079e-08	-3.294204e+01	-6.831294e+02
5.100000e-07	-4.610579e-06	-1.142052e-08	-3.205222e+01	-6.777717e+02
5.200000e-07	-4.480916e-06	-1.132668e-08	-3.115081e+01	-6.722886e+02
5.300000e-07	-4.349474e-06	-1.124327e-08	-3.023704e+01	-6.666545e+02
5.400000e-07	-4.216398e-06	-1.114687e-08	-2.931191e+01	-6.608416e+02
5.500000e-07	-4.081903e-06	-1.103290e-08	-2.837692e+01	-6.548290e+02
5.600000e-07	-3.946006e-06	-1.092694e-08	-2.743218e+01	-6.486081e+02
5.700000e-07	-3.808660e-06	-1.083352e-08	-2.647737e+01	-6.421837e+02
5.800000e-07	-3.669785e-06	-1.072781e-08	-2.551192e+01	-6.355698e+02
5.900000e-07	-3.529385e-06	-1.060209e-08	-2.453588e+01	-6.287819e+02
6.000000e-07	-3.387600e-06	-1.048073e-08	-2.355021e+01	-6.218287e+02
6.100000e-07	-3.244430e-06	-1.036866e-08	-2.255491e+01	-6.147069e+02
6.200000e-07	-3.099931e-06	-1.024957e-08	-2.155036e+01	-6.074003e+02
6.300000e-07	-2.954324e-06	-1.011666e-08	-2.053812e+01	-5.998850e+02
6.400000e-07	-2.807713e-06	-9.984741e-09	-1.951890e+01	-5.921357e+02
6.500000e-07	-2.660205e-06	-9.857349e-09	-1.849344e+01	-5.841343e+02
6.600000e-07	-2.511894e-06	-9.722078e-09	-1.746240e+01	-5.758728e+02
6.700000e-07	-2.362806e-06	-9.572521e-09	-1.642596e+01	-5.673537e+02
6.800000e-07	-2.213005e-06	-9.419829e-09	-1.538455e+01	-5.585837e+02
6.900000e-07	-2.062417e-06	-9.271953e-09	-1.433768e+01	-5.495663e+02
7.000000e-07	-1.910956e-06	-9.120651e-09	-1.328475e+01	-5.402946e+02
7.100000e-07	-1.758763e-06	-8.957948e-09	-1.222672e+01	-5.307489e+02
7.200000e-07	-1.606020e-06	-8.787610e-09	-1.116486e+01	-5.208988e+02
7.300000e-07	-1.452732e-06	-8.618861e-09	-1.009923e+01	-5.107108e+02
7.400000e-07	-1.298892e-06	-8.445485e-09	-9.029747e+00	-5.001568e+02
7.500000e-07	-1.144544e-06	-8.259079e-09	-7.956736e+00	-4.892202e+02
7.600000e-07	-9.897510e-07	-8.063577e-09	-6.880635e+00	-4.778977e+02
7.700000e-07	-8.345696e-07	-7.867750e-09	-5.801832e+00	-4.661925e+02
7.800000e-07	-6.790430e-07	-7.669218e-09	-4.720629e+00	-4.541032e+02
7.900000e-07	-5.232449e-07	-7.460224e-09	-3.637538e+00	-4.416114e+02
8.000000e-07	-3.672633e-07	-7.238964e-09	-2.553172e+00	-4.286713e+02
8.100000e-07	-2.111692e-07	-7.008518e-09	-1.468024e+00	-4.152079e+02
8.200000e-07	-5.497266e-08	-6.770250e-09	-3.821636e-01	-4.011240e+02
8.300000e-07	1.012924e-07	-6.519519e-09	7.041732e-01	-3.863146e+02
8.400000e-07	2.575538e-07	-6.252691e-09	1.790484e+00	-3.706849e+02
8.500000e-07	4.136908e-07	-5.972209e-09	2.875931e+00	-3.541663e+02
8.600000e-07	5.695908e-07	-5.682358e-09	3.959730e+00	-3.367234e+02
8.700000e-07	7.252462e-07	-5.376742e-09	5.041828e+00	-3.183514e+02
8.800000e-07	8.806045e-07	-5.048981e-09	6.121861e+00	-2.990614e+02
8.900000e-07	1.035592e-06	-4.704929e-09	7.199315e+00	-2.788596e+02
9.000000e-07	1.190166e-06	-4.350772e-09	8.273899e+00	-2.577255e+02
9.100000e-07	1.344301e-06	-3.980944e-09	9.345425e+00	-2.355952e+02
9.200000e-07	1.497999e-06	-3.585822e-09	1.041392e+01	-2.123561e+02
9.300000e-07	1.651165e-06	-3.166749e-09	1.147871e+01	-1.878545e+02
9.400000e-07	1.803622e-06	-2.726536e-09	1.253857e+01	-1.619142e+02
9.500000e-07	1.955346e-06	-2.261338e-09	1.359334e+01	-1.343640e+02
9.600000e-07	2.106380e-06	-1.763709e-09	1.464331e+01	-1.050673e+02
9.700000e-07	2.256637e-06	-1.233283e-09	1.568788e+01	-7.394925e+01
9.800000e-07	2.406131e-06	-6.760625e-10	1.672715e+01	-4.101690e+01
9.900000e-07	2.554816e-06	-9.316176e-11	1.776079e+01	-6.370572e+00
1.000000e-06	2.702579e-06	5.181271e-10	1.878802e+01	2.979402e+01
1.010000e-06	2.849405e-06	1.156107e-09	1.980873e+01	6.719231e+01
1.020000e-06	2.995253e-06	1.807177e-09	2.082265e+01	1.054648e+02
1.030000e-06	3.140026e-06	2.460400e-09	2.182910e+01	1.441968e+02
1.040000e-06	3.283662e-06	3.112067e-09	2.282764e+01	1.829433e+02
1.050000e-06	3.426105e-06	3.758047e-09	2.381789e+01	2.212568e+02
1.060000e-06	3.567206e-06	4.390687e-09	2.479880e+01	2.587160e+02
1.070000e-06	3.706909e-06	4.998904e-09	2.577000e+01	2.949527e+02
1.080000e-06	3.845208e-06	5.580422e-09	2.673144e+01	3.296736e+02
1.090000e-06	3.981994e-06	6.137723e-09	2.768236e+01	3.626724e+02
1.100000e-06	4.117285e-06	6.667756e-09	2.862289e+01	3.938324e+02
1.110000e-06	4.251176e-06	7.161109e-09	2.955369e+01	4.231173e+02
1.120000e-06	4.383584e-06	7.618304e-09	3.047417e+01	4.505541e+02
1.130000e-06	4.514424e-06	8.048112e-09	3.138376e+01	4.762111e+02
1.140000e-06	4.643590e-06	8.453524e-09	3.228170e+01	5.001763e+02
1.150000e-06	4.771088e-06	8.830857e-09	3.316805e+01	5.225413e+02
1.160000e-06	4.896981e-06	9.178728e-09	3.404325e+01	5.433913e+02
1.170000e-06	5.021189e-06	9.502552e-09	3.490673e+01	5.628037e+02
1.180000e-06	5.143622e-06	9.806340e-09	3.575787e+01	5.808521e+02
1.190000e-06	5.264168e-06	1.008792e-08	3.659589e+01	5.976122e+02
1.200000e-06	5.382786e-06	1.034557e-08	3.742051e+01	6.131658e+02
1.210000e-06	5.499433e-06	1.058730e-08	3.823142e+01	6.276023e+02
1.220000e-06	5.613903e-06	1.081698e-08	3.902720e+01	6.410143e+02
1.230000e-06	5.726138e-06	1.103032e-08	3.980745e+01	6.534914e+02
1.240000e-06	5.836340e-06	1.122417e-08	4.057357e+01	6.651131e+02
1.250000e-06	5.944599e-06	1.140350e-08	4.132617e+01	6.759442e+02
1.260000e-06	6.050756e-06	1.157307e-08	4.206416e+01	6.860343e+02
1.270000e-06	6.154658e-06	1.173020e-08	4.278647e+01	6.954217e+02
1.280000e-06	6.256326e-06	1.187383e-08	4.349326e+01	7.041394e+02
1.290000e-06	6.355754e-06	1.200874e-08	4.418447e+01	7.122225e+02
1.300000e-06	6.452802e-06	1.213781e-08	4.485914e+01	7.197119e+02
1.310000e-06	6.547488e-06	1.225615e-08	4.551738e+01	7.266562e+02
1.320000e-06	6.639946e-06	1.235986e-08	4.616014e+01	7.331080e+02
1.330000e-06	6.730108e-06	1.245775e-08	4.678693e+01	7.391192e+02
1.340000e-06	6.817871e-06	1.255347e-08	4.739706e+01	7.447355e+02
1.350000e-06	6.903287e-06	1.264260e-08	4.799085e+01	7.499927e+02
1.360000e-06	6.986370e-06	1.272327e-08	4.856844e+01	7.549166e+02
1.370000e-06	7.066902e-06	1.279868e-08	4.912829e+01	7.595255e+02
1.380000e-06	7.144775e-06	1.287491e-08	4.966965e+01	7.638342e+02
1.390000e-06	7.220006e-06	1.294710e-08	5.019265e+01	7.678582e+02
1.400000e-06	7.292515e-06	1.300826e-08	5.069672e+01	7.716160e+02
1.410000e-06	7.362464e-06	1.306292e-08	5.118300e+01	7.751285e+02
1.420000e-06	7.429919e-06	1.311790e-08	5.165194e+01	7.784167e+02
1.430000e-06	7.494678e-06	1.317139e-08	5.210213e+01	7.814974e+02
1.440000e-06	7.556842e-06	1.321894e-08	5.253430e+01	7.843811e+02
1.450000e-06	7.616498e-06	1.326164e-08	5.294901e+01	7.870711e+02
1.460000e-06	7.673457e-06	1.330502e-08	5.334499e+01	7.895659e+02
1.470000e-06	7.727518e-06	1.334821e-08	5.372082e+01	7.918632e+02
1.480000e-06	7.778431e-06	1.338537e-08	5.407476e+01	7.939648e+02
1.490000e-06	7.826208e-06	1.341449e-08	5.440690e+01	7.958799e+02
1.500000e-06	7.871148e-06	1.344135e-08	5.471932e+01	7.976257e+02
1.510000e-06	7.913306e-06	1.346943e-08	5.501239e+01	7.992242e+02
1.520000e-06	7.952620e-06	1.349578e-08	5.528570e+01	8.006979e+02
1.530000e-06	7.989213e-06	1.351778e-08	5.554009e+01	8.020635e+02
1.540000e-06	8.023044e-06	1.353831e-08	5.577528e+01	8.033277e+02
1.550000e-06	8.054037e-06	1.356078e-08	5.599074e+01	8.044862e+02
1.560000e-06	8.082279e-06	1.357911e-08	5.618707e+01	8.055260e+02
1.570000e-06	8.107634e-06	1.359009e-08	5.636334e+01	8.064304e+02
1.580000e-06	8.130088e-06	1.359911e-08	5.651943e+01	8.071864e+02
1.590000e-06	8.149823e-06	1.361078e-08	5.665663e+01	8.077893e+02
1.600000e-06	8.166686e-06	1.362055e-08	5.677386e+01	8.082467e+02
1.610000e-06	8.180446e-06	1.362259e-08	5.686952e+01	8.085764e+02
1.620000e-06	8.191060e-06	1.362115e-08	5.694330e+01	8.088026e+02
1.630000e-06	8.198611e-06	1.362394e-08	5.699580e+01	8.089490e+02
1.640000e-06	8.203312e-06	1.362822e-08	5.702848e+01	8.090323e+02
1.650000e-06	8.205185e-06	1.362599e-08	5.704150e+01	8.090577e+02
1.660000e-06	8.204227e-06	1.362099e-08	5.703484e+01	8.090181e+02
1.670000e-06	8.200551e-06	1.362119e-08	5.700929e+01	8.088970e+02
1.680000e-06	8.194132e-06	1.361963e-08	5.696466e+01	8.086744e+02
1.690000e-06	8.185035e-06	1.361085e-08	5.690142e+01	8.083334e+02
1.700000e-06	8.173174e-06	1.359669e-08	5.681897e+01	8.078659e+02
1.710000e-06	8.158433e-06	1.358154e-08	5.671649e+01	8.072753e+02
1.720000e-06	8.141130e-06	1.355811e-08	5.659620e+01	8.065749e+02
1.730000e-06	8.121465e-06	1.355052e-08	5.645949e+01	8.057837e+02
1.740000e-06	8.098897e-06	1.359231e-08	5.630260e+01	8.049201e+02
1.750000e-06	8.072670e-06	1.358575e-08	5.612027e+01	8.039960e+02
1.760000e-06	8.042627e-06	1.353056e-08	5.591142e+01	8.030128e+02
1.770000e-06	8.009465e-06	1.349346e-08	5.568088e+01	8.019617e+02
1.780000e-06	7.973954e-06	1.345794e-08	5.543401e+01	8.008272e+02
1.790000e-06	7.936203e-06	1.341969e-08	5.517157e+01	7.995925e+02
1.800000e-06	7.896290e-06	1.344443e-08	5.489410e+01	7.982467e+02
1.810000e-06	7.853961e-06	1.341039e-08	5.459983e+01	7.967881e+02
1.820000e-06	7.808990e-06	1.335185e-08	5.428720e+01	7.952262e+02
1.830000e-06	7.761345e-06	1.339113e-08	5.395597e+01	7.935781e+02
1.840000e-06	7.710596e-06	1.332487e-08	5.360318e+01	7.918627e+02
1.850000e-06	7.656741e-06	1.330303e-08	5.322878e+01	7.900936e+02
1.860000e-06	7.599934e-06	1.325019e-08	5.283386e+01	7.882737e+02
1.870000e-06	7.540428e-06	1.319485e-08	5.242019e+01	7.863923e+02
1.880000e-06	7.478420e-06	1.323987e-08	5.198911e+01	7.844286e+02
1.890000e-06	7.413616e-06	1.317018e-08	5.153861e+01	7.823566e+02
1.900000e-06	7.345988e-06	1.315201e-08	5.106846e+01	7.801539e+02
1.910000e-06	7.275495e-06	1.310267e-08	5.057841e+01	7.778088e+02
1.920000e-06	7.202196e-06	1.304360e-08	5.006884e+01	7.753238e+02
1.930000e-06	7.126232e-06	1.300216e-08	4.954075e+01	7.727149e+02
1.940000e-06	7.047526e-06	1.292188e-08	4.899359e+01	7.700059e+02
1.950000e-06	6.966242e-06	1.291904e-08	4.842851e+01	7.672205e+02
1.960000e-06	6.882483e-06	1.287197e-08	4.784623e+01	7.643738e+02
1.970000e-06	6.796261e-06	1.285528e-08	4.724682e+01	7.614672e+02
1.980000e-06	6.707577e-06	1.279287e-08	4.663030e+01	7.584878e+02
1.990000e-06	6.616525e-06	1.270048e-08	4.599732e+01	7.554128e+02
2.000000e-06	6.523191e-06	1.265344e-08	4.534847e+01	7.522173e+02
2.010000e-06	6.427465e-06	1.257941e-08	4.468300e+01	7.488823e+02
2.020000e-06	6.329431e-06	1.253761e-08	4.400147e+01	7.454006e+02
2.030000e-06	6.229161e-06	1.247042e-08	4.330441e+01	7.417782e+02
2.040000e-06	6.126641e-06	1.243768e-08	4.259170e+01	7.380299e+02
2.050000e-06	6.021887e-06	1.238283e-08	4.186347e+01	7.341731e+02
2.060000e-06	5.915028e-06	1.230212e-08	4.112059e+01	7.302196e+02
2.070000e-06	5.806164e-06	1.221332e-08	4.036378e+01	7.261701e+02
2.080000e-06	5.695203e-06	1.212890e-08	3.959239e+01	7.220135e+02
2.090000e-06	5.582072e-06	1.207033e-08	3.880592e+01	7.177306e+02
2.100000e-06	5.466751e-06	1.199396e-08	3.800422e+01	7.133012e+02
2.110000e-06	5.349302e-06	1.192202e-08	3.718773e+01	7.087117e+02
2.120000e-06	5.229772e-06	1.184487e-08	3.635677e+01	7.039601e+02
2.130000e-06	5.108299e-06	1.177695e-08	3.551230e+01	6.990567e+02
2.140000e-06	4.985035e-06	1.168613e-08	3.465539e+01	6.940194e+02
2.150000e-06	4.860022e-06	1.158886e-08	3.378631e+01	6.888659e+02
2.160000e-06	4.733243e-06	1.149246e-08	3.290496e+01	6.836060e+02
2.170000e-06	4.604685e-06	1.141040e-08	3.201124e+01	6.782358e+02
2.180000e-06	4.474492e-06	1.132100e-08	3.110615e+01	6.727379e+02
2.190000e-06	4.342792e-06	1.122233e-08	3.019059e+01	6.670858e+02
2.200000e-06	4.209614e-06	1.112299e-08	2.926475e+01	6.612523e+02
2.210000e-06	4.074882e-06	1.102428e-08	2.832811e+01	6.552175e+02
2.220000e-06	3.938600e-06	1.092350e-08	2.738069e+01	6.489743e+02
2.230000e-06	3.800872e-06	1.080566e-08	2.642322e+01	6.425287e+02
2.240000e-06	3.661762e-06	1.069134e-08	2.545615e+01	6.358955e+02
2.250000e-06	3.521287e-06	1.057673e-08	2.447958e+01	6.290896e+02
2.260000e-06	3.379494e-06	1.046460e-08	2.349385e+01	6.221187e+02
2.270000e-06	3.236389e-06	1.033855e-08	2.249900e+01	6.149780e+02
2.280000e-06	3.092012e-06	1.021129e-08	2.149531e+01	6.076503e+02
2.290000e-06	2.946555e-06	1.008776e-08	2.048411e+01	6.001109e+02
2.300000e-06	2.800146e-06	9.963388e-09	1.946630e+01	5.923353e+02
2.310000e-06	2.652780e-06	9.828577e-09	1.844182e+01	5.843061e+02
2.320000e-06	2.504531e-06	9.683763e-09	1.741121e+01	5.760168e+02
2.330000e-06	2.355434e-06	9.539085e-09	1.637471e+01	5.674704e+02
2.340000e-06	2.205456e-06	9.391920e-09	1.533208e+01	5.586738e+02
2.350000e-06	2.054638e-06	9.236122e-09	1.428361e+01	5.496296e+02
2.360000e-06	1.902981e-06	9.074504e-09	1.322930e+01	5.403297e+02
2.370000e-06	1.750611e-06	8.914239e-09	1.217005e+01	5.307529e+02
2.380000e-06	1.597685e-06	8.755144e-09	1.110692e+01	5.208682e+02
2.390000e-06	1.444260e-06	8.586670e-09	1.004033e+01	5.106421e+02
2.400000e-06	1.290313e-06	8.404029e-09	8.970107e+00	5.000475e+02
2.410000e-06	1.135884e-06	8.215865e-09	7.896533e+00	4.890696e+02
2.420000e-06	9.810905e-07	8.021560e-09	6.820428e+00	4.777059e+02
2.430000e-06	8.259704e-07	7.821939e-09	5.742051e+00	4.659597e+02
2.440000e-06	6.705515e-07	7.613242e-09	4.661597e+00	4.538286e+02
2.450000e-06	5.148953e-07	7.405795e-09	3.579493e+00	4.412914e+02
2.460000e-06	3.590209e-07	7.196056e-09	2.495872e+00	4.282992e+02
2.470000e-06	2.030215e-07	6.973330e-09	1.411382e+00	4.147742e+02
2.480000e-06	4.698332e-08	6.731876e-09	3.266226e-01	4.006175e+02
2.490000e-06	-1.090204e-07	6.476148e-09	-7.578971e-01	3.857244e+02
2.500000e-06	-2.649044e-07	6.212555e-09	-1.841585e+00	3.700021e+02
2.510000e-06	-4.206681e-07	5.934103e-09	-2.924436e+00	3.533855e+02
2.520000e-06	-5.763213e-07	5.637254e-09	-4.006519e+00	3.358428e+02
2.530000e-06	-7.318107e-07	5.324746e-09	-5.087463e+00	3.173718e+02
2.540000e-06	-8.870279e-07	5.002085e-09	-6.166516e+00	2.979840e+02
2.550000e-06	-1.041887e-06	4.664679e-09	-7.243078e+00	2.776839e+02
2.560000e-06	-1.196309e-06	4.306469e-09	-8.316605e+00	2.564469e+02
2.570000e-06	-1.350319e-06	3.928752e-09	-9.387262e+00	2.342040e+02
2.580000e-06	-1.503865e-06	3.535960e-09	-1.045470e+01	2.108376e+02
2.590000e-06	-1.656867e-06	3.125382e-09	-1.151835e+01	1.861904e+02
2.600000e-06	-1.809301e-06	2.688038e-09	-1.257805e+01	1.600854e+02
2.610000e-06	-1.961061e-06	2.221860e-09	-1.363307e+01	1.323536e+02
2.620000e-06	-2.112065e-06	1.729881e-09	-1.468283e+01	1.028640e+02
2.630000e-06	-2.262294e-06	1.211070e-09	-1.572721e+01	7.154962e+01
2.640000e-06	-2.411707e-06	6.591259e-10	-1.676591e+01	3.842708e+01
2.650000e-06	-2.560242e-06	7.320586e-11	-1.779851e+01	3.607024e+00
2.660000e-06	-2.707867e-06	-5.371028e-10	-1.882478e+01	-3.270487e+01
2.670000e-06	-2.854562e-06	-1.164758e-09	-1.984459e+01	-7.021523e+01
2.680000e-06	-3.000280e-06	-1.806649e-09	-2.085760e+01	-1.085576e+02
2.690000e-06	-3.144919e-06	-2.459092e-09	-2.186312e+01	-1.473128e+02
2.700000e-06	-3.288372e-06	-3.110377e-09	-2.286039e+01	-1.860341e+02
2.710000e-06	-3.430549e-06	-3.750233e-09	-2.384878e+01	-2.242755e+02
2.720000e-06	-3.571376e-06	-4.375932e-09	-2.482780e+01	-2.616202e+02
2.730000e-06	-3.710831e-06	-4.984273e-09	-2.579727e+01	-2.977071e+02
2.740000e-06	-3.848917e-06	-5.568944e-09	-2.675723e+01	-3.322518e+02
2.750000e-06	-3.985653e-06	-6.120532e-09	-2.770780e+01	-3.650577e+02
2.760000e-06	-4.120939e-06	-6.638346e-09	-2.864830e+01	-3.960173e+02
2.770000e-06	-4.254669e-06	-7.128384e-09	-2.957797e+01	-4.251021e+02
2.780000e-06	-4.386885e-06	-7.590347e-09	-3.049712e+01	-4.523444e+02
2.790000e-06	-4.517570e-06	-8.020462e-09	-3.140563e+01	-4.778158e+02
2.800000e-06	-4.646668e-06	-8.419283e-09	-3.230310e+01	-5.016053e+02
2.810000e-06	-4.774147e-06	-8.795226e-09	-3.318932e+01	-5.238041e+02
2.820000e-06	-4.899922e-06	-9.149244e-09	-3.406369e+01	-5.444965e+02
2.830000e-06	-5.023922e-06	-9.476554e-09	-3.492573e+01	-5.637593e+02
2.840000e-06	-5.146169e-06	-9.776869e-09	-3.577558e+01	-5.816661e+02
2.850000e-06	-5.266580e-06	-1.005625e-08	-3.661266e+01	-5.982928e+02
2.860000e-06	-5.384968e-06	-1.031743e-08	-3.743568e+01	-6.137225e+02
2.870000e-06	-5.501202e-06	-1.055850e-08	-3.824372e+01	-6.280448e+02
2.880000e-06	-5.615241e-06	-1.078259e-08	-3.903651e+01	-6.413525e+02
2.890000e-06	-5.727030e-06	-1.099301e-08	-3.981365e+01	-6.537344e+02
2.900000e-06	-5.836680e-06	-1.119027e-08	-4.057593e+01	-6.652686e+02
2.910000e-06	-5.944374e-06	-1.137095e-08	-4.132460e+01	-6.760183e+02
2.920000e-06	-6.050086e-06	-1.153642e-08	-4.205950e+01	-6.860315e+02
2.930000e-06	-6.153684e-06	-1.169229e-08	-4.277970e+01	-6.953456e+02
2.940000e-06	-6.254988e-06	-1.184086e-08	-4.348395e+01	-7.039936e+02
2.950000e-06	-6.354019e-06	-1.197833e-08	-4.417241e+01	-7.120110e+02
2.960000e-06	-6.450933e-06	-1.210295e-08	-4.484615e+01	-7.194397e+02
2.970000e-06	-6.545572e-06	-1.221834e-08	-4.550406e+01	-7.263287e+02
2.980000e-06	-6.637785e-06	-1.232846e-08	-4.614511e+01	-7.327309e+02
2.990000e-06	-6.727685e-06	-1.243126e-08	-4.677009e+01	-7.386978e+02
3.000000e-06	-6.815349e-06	-1.252401e-08	-4.737952e+01	-7.442741e+02
3.010000e-06	-6.900541e-06	-1.261063e-08	-4.797177e+01	-7.494946e+02
3.020000e-06	-6.983190e-06	-1.269476e-08	-4.854633e+01	-7.543841e+02
3.030000e-06	-7.063423e-06	-1.277432e-08	-4.910410e+01	-7.589602e+02
3.040000e-06	-7.141001e-06	-1.284566e-08	-4.964341e+01	-7.632376e+02
3.050000e-06	-7.215831e-06	-1.291047e-08	-5.016363e+01	-7.672322e+02
3.060000e-06	-7.288062e-06	-1.297396e-08	-5.066577e+01	-7.709627e+02
3.070000e-06	-7.357699e-06	-1.303458e-08	-5.114988e+01	-7.744503e+02
3.080000e-06	-7.424703e-06	-1.308880e-08	-5.161568e+01	-7.777155e+02
3.090000e-06	-7.489087e-06	-1.313905e-08	-5.206327e+01	-7.807748e+02
3.100000e-06	-7.550812e-06	-1.318776e-08	-5.249237e+01	-7.836378e+02
3.110000e-06	-7.609849e-06	-1.323410e-08	-5.290279e+01	-7.863071e+02
3.120000e-06	-7.666153e-06	-1.327525e-08	-5.329421e+01	-7.887808e+02
3.130000e-06	-7.719564e-06	-1.331284e-08	-5.366552e+01	-7.910570e+02
3.140000e-06	-7.769943e-06	-1.335016e-08	-5.401575e+01	-7.931381e+02
3.150000e-06	-7.817236e-06	-1.338490e-08	-5.434452e+01	-7.950342e+02
3.160000e-06	-7.861800e-06	-1.341293e-08	-5.465433e+01	-7.967631e+02
3.170000e-06	-7.903856e-06	-1.343555e-08	-5.494670e+01	-7.983473e+02
3.180000e-06	-7.943173e-06	-1.345890e-08	-5.522002e+01	-7.998088e+02
3.190000e-06	-7.979701e-06	-1.348484e-08	-5.547396e+01	-8.011634e+02
3.200000e-06	-8.013467e-06	-1.350799e-08	-5.570870e+01	-8.024167e+02
3.210000e-06	-8.044353e-06	-1.352674e-08	-5.592342e+01	-8.035633e+02
3.220000e-06	-8.072315e-06	-1.354487e-08	-5.611780e+01	-8.045894e+02
3.230000e-06	-8.097464e-06	-1.356366e-08	-5.629264e+01	-8.054785e+02
3.240000e-06	-8.119752e-06	-1.357775e-08	-5.644758e+01	-8.062181e+02
3.250000e-06	-8.139159e-06	-1.358529e-08	-5.658250e+01	-8.068050e+02
3.260000e-06	-8.155709e-06	-1.359112e-08	-5.669755e+01	-8.072477e+02
3.270000e-06	-8.169173e-06	-1.359828e-08	-5.679115e+01	-8.075651e+02
3.280000e-06	-8.179508e-06	-1.360533e-08	-5.686300e+01	-8.077818e+02
3.290000e-06	-8.186913e-06	-1.360968e-08	-5.691447e+01	-8.079208e+02
3.300000e-06	-8.191455e-06	-1.361157e-08	-5.694605e+01	-8.079980e+02
3.310000e-06	-8.193228e-06	-1.361363e-08	-5.695838e+01	-8.080170e+02
