# Temperatura_=_50.32
# Concentracion g/m^3_=_11780.0
# C_Vs_to_Am_M_A/Vsm_=_59384043850.047264
# pendiente_HvsI_1/m_=_3716.3
# ordenada_HvsI_A/m_=_1297.0
# frecuencia_Hz_=_301391.3749998322

Tiempo_(s)	Campo_(V.s)	Magnetizacion_(V.s)	Campo_(kA/m)	Magnetizacion_(A/m)
0.000000e+00	-8.292305e-06	-1.365874e-08	-5.695420e+01	-8.102070e+02
1.000000e-08	-8.288859e-06	-1.365106e-08	-5.693053e+01	-8.100728e+02
2.000000e-08	-8.282713e-06	-1.364667e-08	-5.688832e+01	-8.098630e+02
3.000000e-08	-8.273830e-06	-1.364140e-08	-5.682731e+01	-8.095682e+02
4.000000e-08	-8.262027e-06	-1.363565e-08	-5.674624e+01	-8.091744e+02
5.000000e-08	-8.247217e-06	-1.363011e-08	-5.664452e+01	-8.086675e+02
6.000000e-08	-8.229525e-06	-1.362924e-08	-5.652301e+01	-8.080391e+02
7.000000e-08	-8.209352e-06	-1.362799e-08	-5.638445e+01	-8.072900e+02
8.000000e-08	-8.186471e-06	-1.356505e-08	-5.622730e+01	-8.064314e+02
9.000000e-08	-8.160224e-06	-1.350395e-08	-5.604702e+01	-8.054816e+02
1.000000e-07	-8.130658e-06	-1.352431e-08	-5.584396e+01	-8.044600e+02
1.100000e-07	-8.098111e-06	-1.355338e-08	-5.562041e+01	-8.033797e+02
1.200000e-07	-8.062741e-06	-1.353191e-08	-5.537748e+01	-8.022424e+02
1.300000e-07	-8.024955e-06	-1.349996e-08	-5.511796e+01	-8.010378e+02
1.400000e-07	-7.984953e-06	-1.353541e-08	-5.484321e+01	-7.997474e+02
1.500000e-07	-7.942347e-06	-1.347255e-08	-5.455058e+01	-7.983522e+02
1.600000e-07	-7.896847e-06	-1.342728e-08	-5.423807e+01	-7.968413e+02
1.700000e-07	-7.848527e-06	-1.341518e-08	-5.390619e+01	-7.952173e+02
1.800000e-07	-7.797142e-06	-1.330510e-08	-5.355326e+01	-7.934958e+02
1.900000e-07	-7.742682e-06	-1.335100e-08	-5.317922e+01	-7.917005e+02
2.000000e-07	-7.685458e-06	-1.335344e-08	-5.278618e+01	-7.898529e+02
2.100000e-07	-7.625471e-06	-1.329835e-08	-5.237417e+01	-7.879630e+02
2.200000e-07	-7.562773e-06	-1.325523e-08	-5.194354e+01	-7.860236e+02
2.300000e-07	-7.497271e-06	-1.319531e-08	-5.149365e+01	-7.840109e+02
2.400000e-07	-7.428951e-06	-1.320110e-08	-5.102441e+01	-7.818922e+02
2.500000e-07	-7.357895e-06	-1.312064e-08	-5.053637e+01	-7.796372e+02
2.600000e-07	-7.284053e-06	-1.305739e-08	-5.002920e+01	-7.772289e+02
2.700000e-07	-7.207363e-06	-1.304235e-08	-4.950247e+01	-7.746696e+02
2.800000e-07	-7.127784e-06	-1.304692e-08	-4.895590e+01	-7.719803e+02
2.900000e-07	-7.045600e-06	-1.299846e-08	-4.839143e+01	-7.691914e+02
3.000000e-07	-6.961118e-06	-1.288555e-08	-4.781118e+01	-7.663309e+02
3.100000e-07	-6.874310e-06	-1.285320e-08	-4.721496e+01	-7.634129e+02
3.200000e-07	-6.785028e-06	-1.281166e-08	-4.660174e+01	-7.604317e+02
3.300000e-07	-6.693288e-06	-1.276066e-08	-4.597164e+01	-7.573639e+02
3.400000e-07	-6.599227e-06	-1.269415e-08	-4.532560e+01	-7.541778e+02
3.500000e-07	-6.502755e-06	-1.264182e-08	-4.466300e+01	-7.508457e+02
3.600000e-07	-6.403827e-06	-1.261669e-08	-4.398353e+01	-7.473550e+02
3.700000e-07	-6.302657e-06	-1.255495e-08	-4.328866e+01	-7.437125e+02
3.800000e-07	-6.199278e-06	-1.246554e-08	-4.257862e+01	-7.399411e+02
3.900000e-07	-6.093636e-06	-1.236774e-08	-4.185304e+01	-7.360684e+02
4.000000e-07	-5.985742e-06	-1.232393e-08	-4.111199e+01	-7.321145e+02
4.100000e-07	-5.875705e-06	-1.227591e-08	-4.035622e+01	-7.280816e+02
4.200000e-07	-5.763580e-06	-1.220002e-08	-3.958611e+01	-7.239511e+02
4.300000e-07	-5.649278e-06	-1.211852e-08	-3.880105e+01	-7.196903e+02
4.400000e-07	-5.532772e-06	-1.206101e-08	-3.800084e+01	-7.152647e+02
4.500000e-07	-5.414090e-06	-1.199721e-08	-3.718570e+01	-7.106519e+02
4.600000e-07	-5.293405e-06	-1.189406e-08	-3.635679e+01	-7.058513e+02
4.700000e-07	-5.170877e-06	-1.178949e-08	-3.551524e+01	-7.008851e+02
4.800000e-07	-5.046535e-06	-1.170932e-08	-3.466121e+01	-6.957899e+02
4.900000e-07	-4.920380e-06	-1.164706e-08	-3.379474e+01	-6.906016e+02
5.000000e-07	-4.792470e-06	-1.155579e-08	-3.291622e+01	-6.853408e+02
5.100000e-07	-4.662841e-06	-1.145206e-08	-3.202588e+01	-6.800023e+02
5.200000e-07	-4.531503e-06	-1.136114e-08	-3.112381e+01	-6.745553e+02
5.300000e-07	-4.398515e-06	-1.128437e-08	-3.021041e+01	-6.689528e+02
5.400000e-07	-4.263940e-06	-1.118185e-08	-2.928610e+01	-6.631473e+02
5.500000e-07	-4.127811e-06	-1.105764e-08	-2.835113e+01	-6.571067e+02
5.600000e-07	-3.990178e-06	-1.095081e-08	-2.740581e+01	-6.508238e+02
5.700000e-07	-3.850993e-06	-1.086163e-08	-2.644985e+01	-6.443163e+02
5.800000e-07	-3.710154e-06	-1.075528e-08	-2.548252e+01	-6.376166e+02
5.900000e-07	-3.567811e-06	-1.062187e-08	-2.450486e+01	-6.307564e+02
6.000000e-07	-3.424137e-06	-1.050052e-08	-2.351807e+01	-6.237524e+02
6.100000e-07	-3.279247e-06	-1.039364e-08	-2.252291e+01	-6.165977e+02
6.200000e-07	-3.133184e-06	-1.027372e-08	-2.151971e+01	-6.092638e+02
6.300000e-07	-2.985977e-06	-1.013099e-08	-2.050864e+01	-6.017110e+02
6.400000e-07	-2.837759e-06	-9.993975e-09	-1.949063e+01	-5.939030e+02
6.500000e-07	-2.688674e-06	-9.872624e-09	-1.846667e+01	-5.858196e+02
6.600000e-07	-2.538739e-06	-9.741230e-09	-1.743687e+01	-5.774616e+02
6.700000e-07	-2.387841e-06	-9.586638e-09	-1.640046e+01	-5.688465e+02
6.800000e-07	-2.236020e-06	-9.428141e-09	-1.535770e+01	-5.599961e+02
6.900000e-07	-2.083386e-06	-9.283646e-09	-1.430936e+01	-5.509217e+02
7.000000e-07	-1.930004e-06	-9.135471e-09	-1.325588e+01	-5.416135e+02
7.100000e-07	-1.775975e-06	-8.966900e-09	-1.219797e+01	-5.320384e+02
7.200000e-07	-1.621307e-06	-8.789204e-09	-1.113565e+01	-5.221483e+02
7.300000e-07	-1.465980e-06	-8.622112e-09	-1.006882e+01	-5.118947e+02
7.400000e-07	-1.310124e-06	-8.452573e-09	-8.998353e+00	-5.012442e+02
7.500000e-07	-1.153853e-06	-8.261496e-09	-7.925030e+00	-4.901874e+02
7.600000e-07	-9.971971e-07	-8.061297e-09	-6.849068e+00	-4.787374e+02
7.700000e-07	-8.401453e-07	-7.866876e-09	-5.770386e+00	-4.669168e+02
7.800000e-07	-6.827668e-07	-7.672292e-09	-4.689460e+00	-4.547375e+02
7.900000e-07	-5.251945e-07	-7.460281e-09	-3.607204e+00	-4.421823e+02
8.000000e-07	-3.674831e-07	-7.232755e-09	-2.523992e+00	-4.291929e+02
8.100000e-07	-2.095975e-07	-7.001152e-09	-1.439583e+00	-4.156725e+02
8.200000e-07	-5.159019e-08	-6.765813e-09	-3.543379e-01	-4.015007e+02
8.300000e-07	1.064248e-07	-6.513480e-09	7.309598e-01	-3.865576e+02
8.400000e-07	2.644174e-07	-6.240288e-09	1.816103e+00	-3.707472e+02
8.500000e-07	4.222946e-07	-5.958032e-09	2.900454e+00	-3.540137e+02
8.600000e-07	5.800165e-07	-5.669728e-09	3.983739e+00	-3.363433e+02
8.700000e-07	7.375940e-07	-5.360447e-09	5.066031e+00	-3.177513e+02
8.800000e-07	8.949216e-07	-5.023393e-09	6.146607e+00	-2.982586e+02
8.900000e-07	1.051885e-06	-4.675248e-09	7.224679e+00	-2.778651e+02
9.000000e-07	1.208380e-06	-4.321404e-09	8.299539e+00	-2.565288e+02
9.100000e-07	1.364375e-06	-3.948505e-09	9.370962e+00	-2.341561e+02
9.200000e-07	1.519878e-06	-3.544763e-09	1.043901e+01	-2.106073e+02
9.300000e-07	1.674852e-06	-3.118286e-09	1.150342e+01	-1.857133e+02
9.400000e-07	1.829244e-06	-2.675074e-09	1.256383e+01	-1.593011e+02
9.500000e-07	1.983003e-06	-2.203247e-09	1.361989e+01	-1.312194e+02
9.600000e-07	2.136045e-06	-1.690668e-09	1.467104e+01	-1.013616e+02
9.700000e-07	2.288289e-06	-1.145082e-09	1.571670e+01	-6.968266e+01
9.800000e-07	2.439645e-06	-5.816774e-10	1.675626e+01	-3.621083e+01
9.900000e-07	2.590061e-06	4.934532e-12	1.778937e+01	-1.054548e+00
1.000000e-06	2.739516e-06	6.232778e-10	1.881587e+01	3.559319e+01
1.010000e-06	2.888006e-06	1.268770e-09	1.983574e+01	7.345423e+01
1.020000e-06	3.035529e-06	1.924488e-09	2.084898e+01	1.121701e+02
1.030000e-06	3.182010e-06	2.583049e-09	2.185506e+01	1.513155e+02
1.040000e-06	3.327386e-06	3.245297e-09	2.285355e+01	1.904217e+02
1.050000e-06	3.471554e-06	3.902405e-09	2.384374e+01	2.290100e+02
1.060000e-06	3.614398e-06	4.536378e-09	2.482484e+01	2.666308e+02
1.070000e-06	3.755913e-06	5.139538e-09	2.579681e+01	3.029010e+02
1.080000e-06	3.895997e-06	5.718444e-09	2.675895e+01	3.375326e+02
1.090000e-06	4.034544e-06	6.273903e-09	2.771054e+01	3.703458e+02
1.100000e-06	4.171500e-06	6.797232e-09	2.865120e+01	4.012642e+02
1.110000e-06	4.306848e-06	7.282531e-09	2.958081e+01	4.302943e+02
1.120000e-06	4.440669e-06	7.738883e-09	3.049993e+01	4.574961e+02
1.130000e-06	4.572937e-06	8.171534e-09	3.140839e+01	4.829522e+02
1.140000e-06	4.703593e-06	8.574468e-09	3.230578e+01	5.067458e+02
1.150000e-06	4.832568e-06	8.944002e-09	3.319162e+01	5.289486e+02
1.160000e-06	4.959797e-06	9.286791e-09	3.406547e+01	5.496225e+02
1.170000e-06	5.085313e-06	9.610155e-09	3.492755e+01	5.688285e+02
1.180000e-06	5.209100e-06	9.910635e-09	3.577776e+01	5.866374e+02
1.190000e-06	5.331073e-06	1.018517e-08	3.661551e+01	6.031369e+02
1.200000e-06	5.451070e-06	1.043974e-08	3.743969e+01	6.184307e+02
1.210000e-06	5.569009e-06	1.068156e-08	3.824973e+01	6.326298e+02
1.220000e-06	5.684884e-06	1.090860e-08	3.904560e+01	6.458405e+02
1.230000e-06	5.798558e-06	1.111424e-08	3.982635e+01	6.581524e+02
1.240000e-06	5.909991e-06	1.130214e-08	4.059170e+01	6.696324e+02
1.250000e-06	6.019319e-06	1.148062e-08	4.134261e+01	6.803264e+02
1.260000e-06	6.126613e-06	1.164821e-08	4.207954e+01	6.902673e+02
1.270000e-06	6.231688e-06	1.180065e-08	4.280122e+01	6.994861e+02
1.280000e-06	6.334501e-06	1.194172e-08	4.350737e+01	7.080216e+02
1.290000e-06	6.435125e-06	1.207666e-08	4.419849e+01	7.159250e+02
1.300000e-06	6.533360e-06	1.220164e-08	4.487320e+01	7.232573e+02
1.310000e-06	6.629108e-06	1.231320e-08	4.553083e+01	7.300817e+02
1.320000e-06	6.722547e-06	1.241465e-08	4.617260e+01	7.364548e+02
1.330000e-06	6.813744e-06	1.251547e-08	4.679897e+01	7.424190e+02
1.340000e-06	6.902510e-06	1.261395e-08	4.740864e+01	7.480005e+02
1.350000e-06	6.988853e-06	1.270084e-08	4.800167e+01	7.532137e+02
1.360000e-06	7.072888e-06	1.277758e-08	4.857886e+01	7.580679e+02
1.370000e-06	7.154388e-06	1.285104e-08	4.913862e+01	7.625762e+02
1.380000e-06	7.233234e-06	1.292376e-08	4.968016e+01	7.667605e+02
1.390000e-06	7.309448e-06	1.299080e-08	5.020362e+01	7.706526e+02
1.400000e-06	7.382897e-06	1.305112e-08	5.070809e+01	7.742889e+02
1.410000e-06	7.453649e-06	1.310891e-08	5.119404e+01	7.777041e+02
1.420000e-06	7.521850e-06	1.316498e-08	5.166247e+01	7.809235e+02
1.430000e-06	7.587323e-06	1.321558e-08	5.211216e+01	7.839597e+02
1.440000e-06	7.650082e-06	1.325865e-08	5.254321e+01	7.868126e+02
1.450000e-06	7.710359e-06	1.329845e-08	5.295720e+01	7.894749e+02
1.460000e-06	7.767904e-06	1.334154e-08	5.335245e+01	7.919387e+02
1.470000e-06	7.822541e-06	1.338361e-08	5.372771e+01	7.942016e+02
1.480000e-06	7.874083e-06	1.341836e-08	5.408172e+01	7.962703e+02
1.490000e-06	7.922411e-06	1.344832e-08	5.441365e+01	7.981600e+02
1.500000e-06	7.967845e-06	1.347647e-08	5.472570e+01	7.998906e+02
1.510000e-06	8.010418e-06	1.350155e-08	5.501811e+01	8.014817e+02
1.520000e-06	8.050091e-06	1.352381e-08	5.529059e+01	8.029480e+02
1.530000e-06	8.087034e-06	1.354465e-08	5.554433e+01	8.042972e+02
1.540000e-06	8.121215e-06	1.356509e-08	5.577910e+01	8.055306e+02
1.550000e-06	8.152539e-06	1.358551e-08	5.599424e+01	8.066454e+02
1.560000e-06	8.181108e-06	1.360144e-08	5.619046e+01	8.076378e+02
1.570000e-06	8.206768e-06	1.361269e-08	5.636670e+01	8.085054e+02
1.580000e-06	8.229428e-06	1.362437e-08	5.652234e+01	8.092485e+02
1.590000e-06	8.249335e-06	1.363569e-08	5.665907e+01	8.098695e+02
1.600000e-06	8.266386e-06	1.364217e-08	5.677618e+01	8.103723e+02
1.610000e-06	8.280314e-06	1.364336e-08	5.687184e+01	8.107616e+02
1.620000e-06	8.290972e-06	1.364577e-08	5.694504e+01	8.110433e+02
1.630000e-06	8.298489e-06	1.365236e-08	5.699667e+01	8.112244e+02
1.640000e-06	8.303189e-06	1.365630e-08	5.702895e+01	8.113135e+02
1.650000e-06	8.305016e-06	1.365241e-08	5.704150e+01	8.113196e+02
1.660000e-06	8.303968e-06	1.364938e-08	5.703430e+01	8.112502e+02
1.670000e-06	8.300235e-06	1.365031e-08	5.700866e+01	8.111080e+02
1.680000e-06	8.293740e-06	1.364584e-08	5.696405e+01	8.108896e+02
1.690000e-06	8.284485e-06	1.363551e-08	5.690049e+01	8.105848e+02
1.700000e-06	8.272385e-06	1.362476e-08	5.681738e+01	8.101794e+02
1.710000e-06	8.257371e-06	1.361368e-08	5.671426e+01	8.096597e+02
1.720000e-06	8.239820e-06	1.358931e-08	5.659371e+01	8.090180e+02
1.730000e-06	8.219858e-06	1.359888e-08	5.645661e+01	8.082564e+02
1.740000e-06	8.196895e-06	1.365406e-08	5.629889e+01	8.073869e+02
1.750000e-06	8.170171e-06	1.361899e-08	5.611534e+01	8.064285e+02
1.760000e-06	8.139656e-06	1.355017e-08	5.590575e+01	8.054001e+02
1.770000e-06	8.106167e-06	1.352887e-08	5.567574e+01	8.043137e+02
1.780000e-06	8.070225e-06	1.349282e-08	5.542888e+01	8.031698e+02
1.790000e-06	8.031918e-06	1.342543e-08	5.516578e+01	8.019569e+02
1.800000e-06	7.991544e-06	1.349745e-08	5.488847e+01	8.006560e+02
1.810000e-06	7.948741e-06	1.343586e-08	5.459449e+01	7.992486e+02
1.820000e-06	7.903115e-06	1.337685e-08	5.428111e+01	7.977252e+02
1.830000e-06	7.854684e-06	1.344945e-08	5.394848e+01	7.960896e+02
1.840000e-06	7.803005e-06	1.332867e-08	5.359353e+01	7.943590e+02
1.850000e-06	7.748257e-06	1.334420e-08	5.321750e+01	7.925571e+02
1.860000e-06	7.690757e-06	1.325295e-08	5.282257e+01	7.907047e+02
1.870000e-06	7.630524e-06	1.322855e-08	5.240888e+01	7.888100e+02
1.880000e-06	7.567653e-06	1.327884e-08	5.197706e+01	7.868641e+02
1.890000e-06	7.501970e-06	1.316874e-08	5.152592e+01	7.848416e+02
1.900000e-06	7.433518e-06	1.320054e-08	5.105578e+01	7.827095e+02
1.910000e-06	7.362112e-06	1.312704e-08	5.056534e+01	7.804384e+02
1.920000e-06	7.287824e-06	1.308612e-08	5.005510e+01	7.780133e+02
1.930000e-06	7.210803e-06	1.302779e-08	4.952610e+01	7.754389e+02
1.940000e-06	7.130997e-06	1.295204e-08	4.897797e+01	7.727372e+02
1.950000e-06	7.048709e-06	1.296547e-08	4.841279e+01	7.699394e+02
1.960000e-06	6.963880e-06	1.289279e-08	4.783015e+01	7.670723e+02
1.970000e-06	6.876530e-06	1.289500e-08	4.723020e+01	7.641480e+02
1.980000e-06	6.786722e-06	1.281332e-08	4.661337e+01	7.611588e+02
1.990000e-06	6.694502e-06	1.274425e-08	4.597998e+01	7.580799e+02
2.000000e-06	6.599976e-06	1.268878e-08	4.533075e+01	7.548792e+02
2.010000e-06	6.503140e-06	1.261022e-08	4.466564e+01	7.515302e+02
2.020000e-06	6.404046e-06	1.256978e-08	4.398503e+01	7.480225e+02
2.030000e-06	6.302533e-06	1.250209e-08	4.328781e+01	7.443649e+02
2.040000e-06	6.198697e-06	1.248222e-08	4.257463e+01	7.405811e+02
2.050000e-06	6.092699e-06	1.241267e-08	4.184660e+01	7.366990e+02
2.060000e-06	5.984555e-06	1.234061e-08	4.110384e+01	7.327368e+02
2.070000e-06	5.874275e-06	1.224808e-08	4.034640e+01	7.286945e+02
2.080000e-06	5.761838e-06	1.217150e-08	3.957414e+01	7.245517e+02
2.090000e-06	5.647159e-06	1.210063e-08	3.878649e+01	7.202747e+02
2.100000e-06	5.530209e-06	1.202555e-08	3.798324e+01	7.158297e+02
2.110000e-06	5.411165e-06	1.195613e-08	3.716561e+01	7.111963e+02
2.120000e-06	5.290149e-06	1.188547e-08	3.633443e+01	7.063765e+02
2.130000e-06	5.167258e-06	1.181257e-08	3.549037e+01	7.013945e+02
2.140000e-06	5.042508e-06	1.171513e-08	3.463356e+01	6.962876e+02
2.150000e-06	4.915954e-06	1.161965e-08	3.376434e+01	6.910909e+02
2.160000e-06	4.787641e-06	1.152376e-08	3.288305e+01	6.858224e+02
2.170000e-06	4.657650e-06	1.144305e-08	3.199023e+01	6.804741e+02
2.180000e-06	4.525998e-06	1.134647e-08	3.108600e+01	6.750127e+02
2.190000e-06	4.392689e-06	1.125493e-08	3.017039e+01	6.693905e+02
2.200000e-06	4.257809e-06	1.115934e-08	2.924399e+01	6.635608e+02
2.210000e-06	4.121359e-06	1.106372e-08	2.830681e+01	6.574941e+02
2.220000e-06	3.983309e-06	1.095490e-08	2.735864e+01	6.511858e+02
2.230000e-06	3.843710e-06	1.083831e-08	2.639983e+01	6.446560e+02
2.240000e-06	3.702702e-06	1.072583e-08	2.543134e+01	6.379376e+02
2.250000e-06	3.560338e-06	1.061147e-08	2.445354e+01	6.310615e+02
2.260000e-06	3.416680e-06	1.049382e-08	2.346685e+01	6.240420e+02
2.270000e-06	3.271815e-06	1.036688e-08	2.247187e+01	6.168697e+02
2.280000e-06	3.125820e-06	1.024218e-08	2.146913e+01	6.095142e+02
2.290000e-06	2.978698e-06	1.011903e-08	2.045865e+01	6.019355e+02
2.300000e-06	2.830484e-06	9.992191e-09	1.944067e+01	5.940985e+02
2.310000e-06	2.681279e-06	9.854625e-09	1.841588e+01	5.859852e+02
2.320000e-06	2.531166e-06	9.710540e-09	1.738485e+01	5.775985e+02
2.330000e-06	2.380173e-06	9.564221e-09	1.634779e+01	5.689572e+02
2.340000e-06	2.228363e-06	9.414637e-09	1.530511e+01	5.600824e+02
2.350000e-06	2.075752e-06	9.256383e-09	1.425693e+01	5.509838e+02
2.360000e-06	1.922313e-06	9.097983e-09	1.320306e+01	5.416488e+02
2.370000e-06	1.768177e-06	8.938290e-09	1.214440e+01	5.320423e+02
2.380000e-06	1.613414e-06	8.776790e-09	1.108144e+01	5.221154e+02
2.390000e-06	1.458052e-06	8.603444e-09	1.001437e+01	5.118204e+02
2.400000e-06	1.302178e-06	8.422348e-09	8.943776e+00	5.011262e+02
2.410000e-06	1.145839e-06	8.234639e-09	7.869988e+00	4.900263e+02
2.420000e-06	9.890585e-07	8.038146e-09	6.793169e+00	4.785355e+02
2.430000e-06	8.319305e-07	7.835178e-09	5.713964e+00	4.666761e+02
2.440000e-06	6.745398e-07	7.625405e-09	4.632955e+00	4.544580e+02
2.450000e-06	5.169315e-07	7.416727e-09	3.550450e+00	4.418597e+02
2.460000e-06	3.591447e-07	7.203653e-09	2.466720e+00	4.288185e+02
2.470000e-06	2.011843e-07	6.980535e-09	1.381798e+00	4.152342e+02
2.480000e-06	4.316605e-08	6.740991e-09	2.964782e-01	4.009852e+02
2.490000e-06	-1.148127e-07	6.484927e-09	-7.885700e-01	3.859530e+02
2.500000e-06	-2.727688e-07	6.215170e-09	-1.873463e+00	3.700455e+02
2.510000e-06	-4.305688e-07	5.931671e-09	-2.957284e+00	3.532116e+02
2.520000e-06	-5.881765e-07	5.632993e-09	-4.039784e+00	3.354413e+02
2.530000e-06	-7.456406e-07	5.318479e-09	-5.121298e+00	3.167518e+02
2.540000e-06	-9.028590e-07	4.990528e-09	-6.201124e+00	2.971631e+02
2.550000e-06	-1.059683e-06	4.649011e-09	-7.278240e+00	2.766714e+02
2.560000e-06	-1.216022e-06	4.289589e-09	-8.352029e+00	2.552294e+02
2.570000e-06	-1.371859e-06	3.909848e-09	-9.422365e+00	2.327380e+02
2.580000e-06	-1.527169e-06	3.509802e-09	-1.048909e+01	2.090532e+02
2.590000e-06	-1.681909e-06	3.089300e-09	-1.155189e+01	1.840046e+02
2.600000e-06	-1.836101e-06	2.643055e-09	-1.261093e+01	1.574201e+02
2.610000e-06	-1.989658e-06	2.169910e-09	-1.366560e+01	1.291521e+02
2.620000e-06	-2.142406e-06	1.669957e-09	-1.471473e+01	9.910003e+01
2.630000e-06	-2.294330e-06	1.140681e-09	-1.575819e+01	6.722622e+01
2.640000e-06	-2.445430e-06	5.793735e-10	-1.679600e+01	3.356717e+01
2.650000e-06	-2.595735e-06	-1.289288e-11	-1.782833e+01	-1.759746e+00
2.660000e-06	-2.745151e-06	-6.308738e-10	-1.885457e+01	-3.855236e+01
2.670000e-06	-2.893500e-06	-1.268222e-09	-1.987348e+01	-7.652355e+01
2.680000e-06	-3.040774e-06	-1.918636e-09	-2.088501e+01	-1.153069e+02
2.690000e-06	-3.187028e-06	-2.576087e-09	-2.188952e+01	-1.544711e+02
2.700000e-06	-3.332175e-06	-3.230813e-09	-2.288644e+01	-1.935446e+02
2.710000e-06	-3.476078e-06	-3.875705e-09	-2.387482e+01	-2.320500e+02
2.720000e-06	-3.618728e-06	-4.505012e-09	-2.485458e+01	-2.695430e+02
2.730000e-06	-3.760040e-06	-5.113143e-09	-2.582515e+01	-3.056496e+02
2.740000e-06	-3.899867e-06	-5.693940e-09	-2.678554e+01	-3.400931e+02
2.750000e-06	-4.038206e-06	-6.242860e-09	-2.773569e+01	-3.727054e+02
2.760000e-06	-4.175003e-06	-6.759267e-09	-2.867526e+01	-4.034200e+02
2.770000e-06	-4.310238e-06	-7.246342e-09	-2.960409e+01	-4.322509e+02
2.780000e-06	-4.443998e-06	-7.704886e-09	-3.052280e+01	-4.592615e+02
2.790000e-06	-4.576180e-06	-8.131781e-09	-3.143066e+01	-4.845358e+02
2.800000e-06	-4.706712e-06	-8.527778e-09	-3.232720e+01	-5.081558e+02
2.810000e-06	-4.835680e-06	-8.898825e-09	-3.321299e+01	-5.301920e+02
2.820000e-06	-4.962981e-06	-9.247023e-09	-3.408734e+01	-5.507058e+02
2.830000e-06	-5.088486e-06	-9.571245e-09	-3.494935e+01	-5.697585e+02
2.840000e-06	-5.212136e-06	-9.869045e-09	-3.579861e+01	-5.874227e+02
2.850000e-06	-5.333951e-06	-1.014378e-08	-3.663528e+01	-6.037880e+02
2.860000e-06	-5.453853e-06	-1.040010e-08	-3.745880e+01	-6.189592e+02
2.870000e-06	-5.571631e-06	-1.063922e-08	-3.826774e+01	-6.330477e+02
2.880000e-06	-5.687120e-06	-1.086105e-08	-3.906096e+01	-6.461582e+02
2.890000e-06	-5.800260e-06	-1.106624e-08	-3.983804e+01	-6.583783e+02
2.900000e-06	-5.911127e-06	-1.125849e-08	-4.059951e+01	-6.697723e+02
2.910000e-06	-6.019901e-06	-1.143820e-08	-4.134660e+01	-6.803843e+02
2.920000e-06	-6.126725e-06	-1.160545e-08	-4.208030e+01	-6.902463e+02
2.930000e-06	-6.231438e-06	-1.176066e-08	-4.279951e+01	-6.993899e+02
2.940000e-06	-6.333848e-06	-1.190570e-08	-4.350289e+01	-7.078551e+02
2.950000e-06	-6.433927e-06	-1.203977e-08	-4.419027e+01	-7.156944e+02
2.960000e-06	-6.531794e-06	-1.216144e-08	-4.486244e+01	-7.229693e+02
2.970000e-06	-6.627473e-06	-1.227392e-08	-4.551960e+01	-7.297430e+02
2.980000e-06	-6.720784e-06	-1.238033e-08	-4.616049e+01	-7.360707e+02
2.990000e-06	-6.811696e-06	-1.248106e-08	-4.678491e+01	-7.419929e+02
3.000000e-06	-6.900331e-06	-1.257600e-08	-4.739368e+01	-7.475346e+02
3.010000e-06	-6.986536e-06	-1.266477e-08	-4.798576e+01	-7.527089e+02
3.020000e-06	-7.070132e-06	-1.274723e-08	-4.855993e+01	-7.575254e+02
3.030000e-06	-7.151281e-06	-1.282387e-08	-4.911728e+01	-7.619978e+02
3.040000e-06	-7.229844e-06	-1.289485e-08	-4.965687e+01	-7.661493e+02
3.050000e-06	-7.305556e-06	-1.295916e-08	-5.017689e+01	-7.700122e+02
3.060000e-06	-7.378569e-06	-1.301824e-08	-5.067837e+01	-7.736234e+02
3.070000e-06	-7.448978e-06	-1.307420e-08	-5.116196e+01	-7.770167e+02
3.080000e-06	-7.516699e-06	-1.312887e-08	-5.162709e+01	-7.802163e+02
3.090000e-06	-7.581793e-06	-1.318112e-08	-5.207418e+01	-7.832331e+02
3.100000e-06	-7.644213e-06	-1.322941e-08	-5.250289e+01	-7.860661e+02
3.110000e-06	-7.703852e-06	-1.327413e-08	-5.291252e+01	-7.887076e+02
3.120000e-06	-7.760741e-06	-1.331544e-08	-5.330325e+01	-7.911499e+02
3.130000e-06	-7.814743e-06	-1.335521e-08	-5.367415e+01	-7.933915e+02
3.140000e-06	-7.865674e-06	-1.339304e-08	-5.402396e+01	-7.954403e+02
3.150000e-06	-7.913444e-06	-1.342694e-08	-5.435206e+01	-7.973120e+02
3.160000e-06	-7.958369e-06	-1.345497e-08	-5.466062e+01	-7.990269e+02
3.170000e-06	-8.000792e-06	-1.347857e-08	-5.495199e+01	-8.006041e+02
3.180000e-06	-8.040586e-06	-1.350214e-08	-5.522531e+01	-8.020578e+02
3.190000e-06	-8.077532e-06	-1.352752e-08	-5.547907e+01	-8.033947e+02
3.200000e-06	-8.111638e-06	-1.355068e-08	-5.571332e+01	-8.046157e+02
3.210000e-06	-8.142885e-06	-1.357112e-08	-5.592793e+01	-8.057176e+02
3.220000e-06	-8.171138e-06	-1.358985e-08	-5.612199e+01	-8.066967e+02
3.230000e-06	-8.196512e-06	-1.360721e-08	-5.629626e+01	-8.075511e+02
3.240000e-06	-8.218985e-06	-1.362099e-08	-5.645062e+01	-8.082810e+02
3.250000e-06	-8.238549e-06	-1.363001e-08	-5.658499e+01	-8.088892e+02
3.260000e-06	-8.255286e-06	-1.363575e-08	-5.669994e+01	-8.093797e+02
3.270000e-06	-8.268894e-06	-1.364162e-08	-5.679341e+01	-8.097573e+02
3.280000e-06	-8.279323e-06	-1.364981e-08	-5.686503e+01	-8.100279e+02
3.290000e-06	-8.286841e-06	-1.365748e-08	-5.691667e+01	-8.101988e+02
3.300000e-06	-8.291438e-06	-1.366101e-08	-5.694824e+01	-8.102787e+02
3.310000e-06	-8.293154e-06	-1.366210e-08	-5.696003e+01	-8.102766e+02
