# Temperatura_=_64.88
# Concentracion g/m^3_=_11780.0
# C_Vs_to_Am_M_A/Vsm_=_59384043850.047264
# pendiente_HvsI_1/m_=_3716.3
# ordenada_HvsI_A/m_=_1297.0
# frecuencia_Hz_=_301397.12665652

Tiempo_(s)	Campo_(V.s)	Magnetizacion_(V.s)	Campo_(kA/m)	Magnetizacion_(A/m)
0.000000e+00	-8.159020e-06	-1.393941e-08	-5.694847e+01	-8.273559e+02
1.000000e-08	-8.155427e-06	-1.393529e-08	-5.692340e+01	-8.272194e+02
2.000000e-08	-8.149260e-06	-1.393146e-08	-5.688035e+01	-8.269867e+02
3.000000e-08	-8.140441e-06	-1.392395e-08	-5.681879e+01	-8.266407e+02
4.000000e-08	-8.128717e-06	-1.391498e-08	-5.673696e+01	-8.261670e+02
5.000000e-08	-8.113968e-06	-1.390626e-08	-5.663402e+01	-8.255590e+02
6.000000e-08	-8.096365e-06	-1.390522e-08	-5.651115e+01	-8.248196e+02
7.000000e-08	-8.076307e-06	-1.390389e-08	-5.637115e+01	-8.239618e+02
8.000000e-08	-8.053596e-06	-1.384914e-08	-5.621263e+01	-8.230051e+02
9.000000e-08	-8.027610e-06	-1.379246e-08	-5.603126e+01	-8.219701e+02
1.000000e-07	-7.998368e-06	-1.379617e-08	-5.582715e+01	-8.208719e+02
1.100000e-07	-7.966253e-06	-1.381467e-08	-5.560299e+01	-8.197161e+02
1.200000e-07	-7.931400e-06	-1.380206e-08	-5.535972e+01	-8.184971e+02
1.300000e-07	-7.894087e-06	-1.377647e-08	-5.509929e+01	-8.172009e+02
1.400000e-07	-7.854628e-06	-1.377210e-08	-5.482388e+01	-8.158110e+02
1.500000e-07	-7.812647e-06	-1.371868e-08	-5.453086e+01	-8.143148e+02
1.600000e-07	-7.767806e-06	-1.370233e-08	-5.421787e+01	-8.127089e+02
1.700000e-07	-7.720262e-06	-1.366436e-08	-5.388602e+01	-8.110003e+02
1.800000e-07	-7.669624e-06	-1.358366e-08	-5.353258e+01	-8.092033e+02
1.900000e-07	-7.615866e-06	-1.360641e-08	-5.315736e+01	-8.073324e+02
2.000000e-07	-7.559355e-06	-1.358951e-08	-5.276292e+01	-8.053952e+02
2.100000e-07	-7.500065e-06	-1.355479e-08	-5.234909e+01	-8.033868e+02
2.200000e-07	-7.438178e-06	-1.350138e-08	-5.191713e+01	-8.012900e+02
2.300000e-07	-7.373670e-06	-1.344091e-08	-5.146687e+01	-7.990797e+02
2.400000e-07	-7.306383e-06	-1.343019e-08	-5.099722e+01	-7.967322e+02
2.500000e-07	-7.236408e-06	-1.336409e-08	-5.050881e+01	-7.942339e+02
2.600000e-07	-7.163721e-06	-1.330529e-08	-5.000147e+01	-7.915878e+02
2.700000e-07	-7.088244e-06	-1.327186e-08	-4.947465e+01	-7.888128e+02
2.800000e-07	-7.009973e-06	-1.325813e-08	-4.892834e+01	-7.859378e+02
2.900000e-07	-6.928988e-06	-1.321060e-08	-4.836307e+01	-7.829906e+02
3.000000e-07	-6.845607e-06	-1.312447e-08	-4.778109e+01	-7.799869e+02
3.100000e-07	-6.759989e-06	-1.307903e-08	-4.718349e+01	-7.769240e+02
3.200000e-07	-6.672069e-06	-1.302261e-08	-4.656983e+01	-7.737809e+02
3.300000e-07	-6.581740e-06	-1.297538e-08	-4.593935e+01	-7.705253e+02
3.400000e-07	-6.489007e-06	-1.291239e-08	-4.529209e+01	-7.671264e+02
3.500000e-07	-6.393961e-06	-1.285230e-08	-4.462868e+01	-7.635661e+02
3.600000e-07	-6.296519e-06	-1.281077e-08	-4.394856e+01	-7.598460e+02
3.700000e-07	-6.196732e-06	-1.274809e-08	-4.325206e+01	-7.559864e+02
3.800000e-07	-6.094798e-06	-1.266691e-08	-4.254058e+01	-7.520173e+02
3.900000e-07	-5.990745e-06	-1.257528e-08	-4.181431e+01	-7.479651e+02
4.000000e-07	-5.884482e-06	-1.251845e-08	-4.107261e+01	-7.438402e+02
4.100000e-07	-5.776101e-06	-1.246268e-08	-4.031613e+01	-7.396307e+02
4.200000e-07	-5.665706e-06	-1.239131e-08	-3.954559e+01	-7.353048e+02
4.300000e-07	-5.553287e-06	-1.231039e-08	-3.876093e+01	-7.308218e+02
4.400000e-07	-5.438636e-06	-1.224077e-08	-3.796069e+01	-7.261469e+02
4.500000e-07	-5.321703e-06	-1.216656e-08	-3.714452e+01	-7.212653e+02
4.600000e-07	-5.202790e-06	-1.206619e-08	-3.631452e+01	-7.161875e+02
4.700000e-07	-5.082067e-06	-1.196446e-08	-3.547190e+01	-7.109465e+02
4.800000e-07	-4.959489e-06	-1.187810e-08	-3.461633e+01	-7.055847e+02
4.900000e-07	-4.835060e-06	-1.180543e-08	-3.374784e+01	-7.001375e+02
5.000000e-07	-4.708927e-06	-1.171521e-08	-3.286746e+01	-6.946185e+02
5.100000e-07	-4.581167e-06	-1.161259e-08	-3.197571e+01	-6.890133e+02
5.200000e-07	-4.451793e-06	-1.151280e-08	-3.107270e+01	-6.832838e+02
5.300000e-07	-4.320756e-06	-1.142155e-08	-3.015809e+01	-6.773816e+02
5.400000e-07	-4.188102e-06	-1.131570e-08	-2.923219e+01	-6.712652e+02
5.500000e-07	-4.054025e-06	-1.119430e-08	-2.829636e+01	-6.649143e+02
5.600000e-07	-3.918566e-06	-1.108359e-08	-2.735088e+01	-6.583357e+02
5.700000e-07	-3.781726e-06	-1.098546e-08	-2.639576e+01	-6.515579e+02
5.800000e-07	-3.643395e-06	-1.087664e-08	-2.543023e+01	-6.446168e+02
5.900000e-07	-3.503512e-06	-1.074817e-08	-2.445387e+01	-6.375386e+02
6.000000e-07	-3.362200e-06	-1.062479e-08	-2.346754e+01	-6.303261e+02
6.100000e-07	-3.219569e-06	-1.050746e-08	-2.247200e+01	-6.229547e+02
6.200000e-07	-3.075678e-06	-1.038129e-08	-2.146767e+01	-6.153797e+02
6.300000e-07	-2.930599e-06	-1.024031e-08	-2.045505e+01	-6.075516e+02
6.400000e-07	-2.784446e-06	-1.010083e-08	-1.943493e+01	-5.994336e+02
6.500000e-07	-2.637358e-06	-9.969949e-09	-1.840828e+01	-5.910140e+02
6.600000e-07	-2.489488e-06	-9.830917e-09	-1.737617e+01	-5.823086e+02
6.700000e-07	-2.340845e-06	-9.675442e-09	-1.633867e+01	-5.733502e+02
6.800000e-07	-2.191386e-06	-9.515921e-09	-1.529547e+01	-5.641723e+02
6.900000e-07	-2.041211e-06	-9.363938e-09	-1.424728e+01	-5.547906e+02
7.000000e-07	-1.890363e-06	-9.207850e-09	-1.319439e+01	-5.451913e+02
7.100000e-07	-1.738817e-06	-9.038299e-09	-1.213662e+01	-5.353315e+02
7.200000e-07	-1.586624e-06	-8.860273e-09	-1.107435e+01	-5.251512e+02
7.300000e-07	-1.433866e-06	-8.684877e-09	-1.000812e+01	-5.145925e+02
7.400000e-07	-1.280616e-06	-8.505611e-09	-8.938463e+00	-5.036180e+02
7.500000e-07	-1.126887e-06	-8.311949e-09	-7.865466e+00	-4.922208e+02
7.600000e-07	-9.727197e-07	-8.110481e-09	-6.789406e+00	-4.804217e+02
7.700000e-07	-8.181603e-07	-7.909177e-09	-5.710610e+00	-4.682522e+02
7.800000e-07	-6.632758e-07	-7.705983e-09	-4.629544e+00	-4.557309e+02
7.900000e-07	-5.081482e-07	-7.491217e-09	-3.546782e+00	-4.428418e+02
8.000000e-07	-3.528369e-07	-7.262062e-09	-2.462737e+00	-4.295214e+02
8.100000e-07	-1.973730e-07	-7.022876e-09	-1.377628e+00	-4.156627e+02
8.200000e-07	-4.180607e-08	-6.776902e-09	-2.917988e-01	-4.011335e+02
8.300000e-07	1.137516e-07	-6.518530e-09	7.939652e-01	-3.858041e+02
8.400000e-07	2.692304e-07	-6.241601e-09	1.879179e+00	-3.695748e+02
8.500000e-07	4.246034e-07	-5.950982e-09	2.963654e+00	-3.523928e+02
8.600000e-07	5.798167e-07	-5.651161e-09	4.047015e+00	-3.342530e+02
8.700000e-07	7.348193e-07	-5.335023e-09	5.128905e+00	-3.151821e+02
8.800000e-07	8.895166e-07	-4.995322e-09	6.208664e+00	-2.952099e+02
8.900000e-07	1.043791e-06	-4.639232e-09	7.285471e+00	-2.743394e+02
9.000000e-07	1.197610e-06	-4.272922e-09	8.359097e+00	-2.525225e+02
9.100000e-07	1.351038e-06	-3.888972e-09	9.429999e+00	-2.296511e+02
9.200000e-07	1.504055e-06	-3.479094e-09	1.049803e+01	-2.055650e+02
9.300000e-07	1.656488e-06	-3.044141e-09	1.156199e+01	-1.800741e+02
9.400000e-07	1.808313e-06	-2.588207e-09	1.262170e+01	-1.529890e+02
9.500000e-07	1.959485e-06	-2.105660e-09	1.367685e+01	-1.241513e+02
9.600000e-07	2.109898e-06	-1.583601e-09	1.472671e+01	-9.345910e+01
9.700000e-07	2.259627e-06	-1.024247e-09	1.577178e+01	-6.088439e+01
9.800000e-07	2.408581e-06	-4.404416e-10	1.681146e+01	-2.648125e+01
9.900000e-07	2.556645e-06	1.650602e-10	1.784491e+01	9.610997e+00
1.000000e-06	2.703780e-06	7.978899e-10	1.887189e+01	4.716849e+01
1.010000e-06	2.849905e-06	1.457704e-09	1.989182e+01	8.588622e+01
1.020000e-06	2.995021e-06	2.128697e-09	2.090470e+01	1.253853e+02
1.030000e-06	3.139069e-06	2.800557e-09	2.191013e+01	1.652270e+02
1.040000e-06	3.282028e-06	3.470875e-09	2.290796e+01	2.049353e+02
1.050000e-06	3.423760e-06	4.133787e-09	2.389722e+01	2.440288e+02
1.060000e-06	3.564099e-06	4.777533e-09	2.487676e+01	2.820584e+02
1.070000e-06	3.703053e-06	5.391206e-09	2.584663e+01	3.186434e+02
1.080000e-06	3.840622e-06	5.975950e-09	2.680684e+01	3.535009e+02
1.090000e-06	3.976827e-06	6.533239e-09	2.775753e+01	3.864587e+02
1.100000e-06	4.111565e-06	7.058909e-09	2.869798e+01	4.174514e+02
1.110000e-06	4.244764e-06	7.545637e-09	2.962768e+01	4.464994e+02
1.120000e-06	4.376424e-06	7.997945e-09	3.054664e+01	4.736779e+02
1.130000e-06	4.506475e-06	8.425458e-09	3.145438e+01	4.990847e+02
1.140000e-06	4.634971e-06	8.826611e-09	3.235125e+01	5.228149e+02
1.150000e-06	4.761918e-06	9.198278e-09	3.323732e+01	5.449480e+02
1.160000e-06	4.887207e-06	9.542317e-09	3.411181e+01	5.655486e+02
1.170000e-06	5.010735e-06	9.863772e-09	3.497402e+01	5.846765e+02
1.180000e-06	5.132413e-06	1.016366e-08	3.582331e+01	6.023999e+02
1.190000e-06	5.252225e-06	1.043825e-08	3.665957e+01	6.188050e+02
1.200000e-06	5.370077e-06	1.068912e-08	3.748216e+01	6.339974e+02
1.210000e-06	5.485897e-06	1.092481e-08	3.829056e+01	6.480942e+02
1.220000e-06	5.599673e-06	1.114883e-08	3.908469e+01	6.612110e+02
1.230000e-06	5.711334e-06	1.135825e-08	3.986407e+01	6.734470e+02
1.240000e-06	5.820894e-06	1.155041e-08	4.062878e+01	6.848766e+02
1.250000e-06	5.928407e-06	1.172950e-08	4.137920e+01	6.955479e+02
1.260000e-06	6.033902e-06	1.189788e-08	4.211553e+01	7.054903e+02
1.270000e-06	6.137243e-06	1.205246e-08	4.283684e+01	7.147263e+02
1.280000e-06	6.238355e-06	1.219365e-08	4.354258e+01	7.232844e+02
1.290000e-06	6.337217e-06	1.232530e-08	4.423262e+01	7.312067e+02
1.300000e-06	6.433753e-06	1.244880e-08	4.490642e+01	7.385501e+02
1.310000e-06	6.527983e-06	1.256291e-08	4.556413e+01	7.453800e+02
1.320000e-06	6.619915e-06	1.266770e-08	4.620580e+01	7.517601e+02
1.330000e-06	6.709554e-06	1.276730e-08	4.683146e+01	7.577432e+02
1.340000e-06	6.796827e-06	1.286403e-08	4.744061e+01	7.633650e+02
1.350000e-06	6.881734e-06	1.295363e-08	4.803325e+01	7.686449e+02
1.360000e-06	6.964257e-06	1.303559e-08	4.860925e+01	7.735916e+02
1.370000e-06	7.044265e-06	1.311230e-08	4.916769e+01	7.782117e+02
1.380000e-06	7.121723e-06	1.318632e-08	4.970833e+01	7.825172e+02
1.390000e-06	7.196560e-06	1.325475e-08	5.023068e+01	7.865293e+02
1.400000e-06	7.268726e-06	1.331568e-08	5.073438e+01	7.902774e+02
1.410000e-06	7.338270e-06	1.337385e-08	5.121978e+01	7.937931e+02
1.420000e-06	7.405200e-06	1.343136e-08	5.168695e+01	7.971034e+02
1.430000e-06	7.469522e-06	1.348530e-08	5.213590e+01	8.002253e+02
1.440000e-06	7.531300e-06	1.353482e-08	5.256710e+01	8.031634e+02
1.450000e-06	7.590547e-06	1.358064e-08	5.298064e+01	8.059123e+02
1.460000e-06	7.647062e-06	1.362411e-08	5.337510e+01	8.084633e+02
1.470000e-06	7.700661e-06	1.366471e-08	5.374921e+01	8.108104e+02
1.480000e-06	7.751102e-06	1.370085e-08	5.410128e+01	8.129560e+02
1.490000e-06	7.798424e-06	1.373174e-08	5.443158e+01	8.149128e+02
1.500000e-06	7.842974e-06	1.376015e-08	5.474253e+01	8.167014e+02
1.510000e-06	7.884728e-06	1.378877e-08	5.503396e+01	8.183456e+02
1.520000e-06	7.923628e-06	1.381553e-08	5.530548e+01	8.198659e+02
1.530000e-06	7.959840e-06	1.384033e-08	5.555824e+01	8.212752e+02
1.540000e-06	7.993313e-06	1.386356e-08	5.579187e+01	8.225760e+02
1.550000e-06	8.023973e-06	1.388418e-08	5.600587e+01	8.237621e+02
1.560000e-06	8.051894e-06	1.389963e-08	5.620075e+01	8.248216e+02
1.570000e-06	8.076932e-06	1.391101e-08	5.637552e+01	8.257424e+02
1.580000e-06	8.099080e-06	1.392169e-08	5.653010e+01	8.265164e+02
1.590000e-06	8.118562e-06	1.393234e-08	5.666609e+01	8.271425e+02
1.600000e-06	8.135198e-06	1.394095e-08	5.678220e+01	8.276281e+02
1.610000e-06	8.148688e-06	1.394529e-08	5.687636e+01	8.279868e+02
1.620000e-06	8.158986e-06	1.394808e-08	5.694823e+01	8.282364e+02
1.630000e-06	8.166252e-06	1.395212e-08	5.699895e+01	8.283945e+02
1.640000e-06	8.170724e-06	1.395300e-08	5.703016e+01	8.284749e+02
1.650000e-06	8.172348e-06	1.394786e-08	5.704150e+01	8.284842e+02
1.660000e-06	8.171167e-06	1.394408e-08	5.703326e+01	8.284207e+02
1.670000e-06	8.167337e-06	1.394158e-08	5.700653e+01	8.282747e+02
1.680000e-06	8.160783e-06	1.393839e-08	5.696078e+01	8.280305e+02
1.690000e-06	8.151508e-06	1.393434e-08	5.689604e+01	8.276713e+02
1.700000e-06	8.139426e-06	1.392598e-08	5.681171e+01	8.271834e+02
1.710000e-06	8.124452e-06	1.390921e-08	5.670719e+01	8.265608e+02
1.720000e-06	8.106948e-06	1.387618e-08	5.658502e+01	8.258079e+02
1.730000e-06	8.087116e-06	1.388184e-08	5.644660e+01	8.249384e+02
1.740000e-06	8.064329e-06	1.392189e-08	5.628755e+01	8.239723e+02
1.750000e-06	8.037808e-06	1.389477e-08	5.610243e+01	8.229299e+02
1.760000e-06	8.007555e-06	1.384102e-08	5.589127e+01	8.218254e+02
1.770000e-06	7.974360e-06	1.381005e-08	5.565958e+01	8.206631e+02
1.780000e-06	7.938860e-06	1.376679e-08	5.541180e+01	8.194366e+02
1.790000e-06	7.901092e-06	1.374746e-08	5.514818e+01	8.181311e+02
1.800000e-06	7.861161e-06	1.378153e-08	5.486947e+01	8.167302e+02
1.810000e-06	7.818846e-06	1.370058e-08	5.457412e+01	8.152221e+02
1.820000e-06	7.773859e-06	1.368128e-08	5.426012e+01	8.136046e+02
1.830000e-06	7.726142e-06	1.369965e-08	5.392706e+01	8.118857e+02
1.840000e-06	7.675330e-06	1.362057e-08	5.357240e+01	8.100801e+02
1.850000e-06	7.621471e-06	1.362463e-08	5.319648e+01	8.082018e+02
1.860000e-06	7.564768e-06	1.352778e-08	5.280070e+01	8.062573e+02
1.870000e-06	7.505417e-06	1.352600e-08	5.238645e+01	8.042404e+02
1.880000e-06	7.443512e-06	1.354047e-08	5.195436e+01	8.021326e+02
1.890000e-06	7.378731e-06	1.345770e-08	5.150220e+01	7.999086e+02
1.900000e-06	7.311176e-06	1.345694e-08	5.103068e+01	7.975452e+02
1.910000e-06	7.240787e-06	1.337729e-08	5.053937e+01	7.950306e+02
1.920000e-06	7.167602e-06	1.335446e-08	5.002856e+01	7.923694e+02
1.930000e-06	7.091712e-06	1.328812e-08	4.949885e+01	7.895822e+02
1.940000e-06	7.013001e-06	1.321914e-08	4.894947e+01	7.866982e+02
1.950000e-06	6.931829e-06	1.320674e-08	4.838290e+01	7.837443e+02
1.960000e-06	6.848271e-06	1.314679e-08	4.779968e+01	7.807347e+02
1.970000e-06	6.762205e-06	1.314005e-08	4.719896e+01	7.776645e+02
1.980000e-06	6.673645e-06	1.304142e-08	4.658082e+01	7.745108e+02
1.990000e-06	6.582733e-06	1.297784e-08	4.594628e+01	7.712412e+02
2.000000e-06	6.489513e-06	1.291957e-08	4.529562e+01	7.678254e+02
2.010000e-06	6.393913e-06	1.285148e-08	4.462834e+01	7.642474e+02
2.020000e-06	6.296133e-06	1.279954e-08	4.394586e+01	7.605111e+02
2.030000e-06	6.196219e-06	1.272668e-08	4.324848e+01	7.566382e+02
2.040000e-06	6.094053e-06	1.270112e-08	4.253538e+01	7.526590e+02
2.050000e-06	5.989559e-06	1.262838e-08	4.180603e+01	7.485988e+02
2.060000e-06	5.882939e-06	1.254921e-08	4.106184e+01	7.444658e+02
2.070000e-06	5.774368e-06	1.244682e-08	4.030404e+01	7.402455e+02
2.080000e-06	5.663662e-06	1.237129e-08	3.953133e+01	7.359047e+02
2.090000e-06	5.550769e-06	1.230249e-08	3.874336e+01	7.314024e+02
2.100000e-06	5.435775e-06	1.222693e-08	3.794072e+01	7.267056e+02
2.110000e-06	5.318700e-06	1.215170e-08	3.712356e+01	7.218019e+02
2.120000e-06	5.199518e-06	1.207522e-08	3.629169e+01	7.167047e+02
2.130000e-06	5.078419e-06	1.199706e-08	3.544644e+01	7.114486e+02
2.140000e-06	4.955546e-06	1.188977e-08	3.458881e+01	7.060762e+02
2.150000e-06	4.830899e-06	1.178371e-08	3.371879e+01	7.006211e+02
2.160000e-06	4.704441e-06	1.168294e-08	3.283614e+01	6.950939e+02
2.170000e-06	4.576258e-06	1.160275e-08	3.194145e+01	6.894775e+02
2.180000e-06	4.446449e-06	1.150668e-08	3.103540e+01	6.837318e+02
2.190000e-06	4.315107e-06	1.141112e-08	3.011866e+01	6.778082e+02
2.200000e-06	4.182343e-06	1.131066e-08	2.919199e+01	6.716671e+02
2.210000e-06	4.048018e-06	1.120869e-08	2.825443e+01	6.652910e+02
2.220000e-06	3.912091e-06	1.109210e-08	2.730568e+01	6.586893e+02
2.230000e-06	3.774703e-06	1.096356e-08	2.634674e+01	6.518922e+02
2.240000e-06	3.636002e-06	1.084290e-08	2.537863e+01	6.449354e+02
2.250000e-06	3.495981e-06	1.072550e-08	2.440131e+01	6.378431e+02
2.260000e-06	3.354668e-06	1.060847e-08	2.341497e+01	6.306151e+02
2.270000e-06	3.212054e-06	1.047875e-08	2.241955e+01	6.232242e+02
2.280000e-06	3.068123e-06	1.035318e-08	2.141494e+01	6.156243e+02
2.290000e-06	2.923047e-06	1.022596e-08	2.040233e+01	6.077664e+02
2.300000e-06	2.777038e-06	1.009091e-08	1.938322e+01	5.996161e+02
2.310000e-06	2.630166e-06	9.942338e-09	1.835808e+01	5.911647e+02
2.320000e-06	2.482356e-06	9.788689e-09	1.732639e+01	5.824302e+02
2.330000e-06	2.333681e-06	9.637779e-09	1.628867e+01	5.734468e+02
2.340000e-06	2.184233e-06	9.483412e-09	1.524555e+01	5.642468e+02
2.350000e-06	2.033988e-06	9.322027e-09	1.419686e+01	5.548429e+02
2.360000e-06	1.882972e-06	9.159291e-09	1.314280e+01	5.452180e+02
2.370000e-06	1.731260e-06	8.997617e-09	1.208388e+01	5.353269e+02
2.380000e-06	1.578885e-06	8.830358e-09	1.102033e+01	5.251085e+02
2.390000e-06	1.425951e-06	8.650156e-09	9.952878e+00	5.145065e+02
2.400000e-06	1.272525e-06	8.460762e-09	8.881994e+00	5.034863e+02
2.410000e-06	1.118618e-06	8.266650e-09	7.807753e+00	4.920447e+02
2.420000e-06	9.643851e-07	8.064088e-09	6.731232e+00	4.802043e+02
2.430000e-06	8.098623e-07	7.853728e-09	5.652691e+00	4.679965e+02
2.440000e-06	6.550445e-07	7.638749e-09	4.572091e+00	4.554374e+02
2.450000e-06	5.000075e-07	7.427611e-09	3.489961e+00	4.425058e+02
2.460000e-06	3.447960e-07	7.211219e-09	2.406613e+00	4.291335e+02
2.470000e-06	1.894652e-07	6.979247e-09	1.322433e+00	4.152093e+02
2.480000e-06	3.404937e-08	6.729810e-09	2.376584e-01	4.006002e+02
2.490000e-06	-1.213602e-07	6.467937e-09	-8.470721e-01	3.851784e+02
2.500000e-06	-2.766719e-07	6.193660e-09	-1.931119e+00	3.688486e+02
2.510000e-06	-4.318409e-07	5.901239e-09	-3.014171e+00	3.515633e+02
2.520000e-06	-5.868319e-07	5.592853e-09	-4.095980e+00	3.333221e+02
2.530000e-06	-7.416228e-07	5.271774e-09	-5.176392e+00	3.141533e+02
2.540000e-06	-8.962060e-07	4.939206e-09	-6.255355e+00	2.940854e+02
2.550000e-06	-1.050530e-06	4.589042e-09	-7.332505e+00	2.731168e+02
2.560000e-06	-1.204429e-06	4.217781e-09	-8.406694e+00	2.511930e+02
2.570000e-06	-1.357807e-06	3.828330e-09	-9.477242e+00	2.281998e+02
2.580000e-06	-1.510666e-06	3.421355e-09	-1.054417e+01	2.039724e+02
2.590000e-06	-1.662985e-06	2.991455e-09	-1.160733e+01	1.783195e+02
2.600000e-06	-1.814705e-06	2.533199e-09	-1.266631e+01	1.510533e+02
2.610000e-06	-1.965758e-06	2.047031e-09	-1.372063e+01	1.220204e+02
2.620000e-06	-2.116066e-06	1.533219e-09	-1.476975e+01	9.112643e+01
2.630000e-06	-2.265571e-06	9.877791e-10	-1.581327e+01	5.835165e+01
2.640000e-06	-2.414317e-06	4.081498e-10	-1.685149e+01	2.375928e+01
2.650000e-06	-2.562245e-06	-2.010050e-10	-1.788400e+01	-1.250221e+01
2.660000e-06	-2.709254e-06	-8.325212e-10	-1.891010e+01	-5.020007e+01
2.670000e-06	-2.855342e-06	-1.483218e-09	-1.992977e+01	-8.902092e+01
2.680000e-06	-3.000424e-06	-2.147387e-09	-2.094241e+01	-1.285787e+02
2.690000e-06	-3.144396e-06	-2.817027e-09	-2.194731e+01	-1.684293e+02
2.700000e-06	-3.287114e-06	-3.481389e-09	-2.294345e+01	-2.080946e+02
2.710000e-06	-3.428512e-06	-4.134285e-09	-2.393039e+01	-2.470948e+02
2.720000e-06	-3.568653e-06	-4.771494e-09	-2.490855e+01	-2.849863e+02
2.730000e-06	-3.707509e-06	-5.383912e-09	-2.587773e+01	-3.213979e+02
2.740000e-06	-3.844989e-06	-5.965302e-09	-2.683733e+01	-3.560582e+02
2.750000e-06	-3.981018e-06	-6.514968e-09	-2.778678e+01	-3.888070e+02
2.760000e-06	-4.115538e-06	-7.035266e-09	-2.872571e+01	-4.195892e+02
2.770000e-06	-4.248627e-06	-7.524305e-09	-2.965464e+01	-4.484327e+02
2.780000e-06	-4.380283e-06	-7.980290e-09	-3.057358e+01	-4.754166e+02
2.790000e-06	-4.510367e-06	-8.405878e-09	-3.148154e+01	-5.006395e+02
2.800000e-06	-4.638851e-06	-8.805220e-09	-3.237833e+01	-5.241952e+02
2.810000e-06	-4.765689e-06	-9.177869e-09	-3.326364e+01	-5.461613e+02
2.820000e-06	-4.890885e-06	-9.521489e-09	-3.413749e+01	-5.666013e+02
2.830000e-06	-5.014386e-06	-9.839596e-09	-3.499950e+01	-5.855753e+02
2.840000e-06	-5.136067e-06	-1.013664e-08	-3.584881e+01	-6.031530e+02
2.850000e-06	-5.255843e-06	-1.041278e-08	-3.668482e+01	-6.194229e+02
2.860000e-06	-5.373594e-06	-1.066664e-08	-3.750670e+01	-6.344923e+02
2.870000e-06	-5.489158e-06	-1.090109e-08	-3.831332e+01	-6.484789e+02
2.880000e-06	-5.602439e-06	-1.112194e-08	-3.910400e+01	-6.614969e+02
2.890000e-06	-5.713557e-06	-1.132933e-08	-3.987959e+01	-6.736436e+02
2.900000e-06	-5.822620e-06	-1.151890e-08	-4.064083e+01	-6.849901e+02
2.910000e-06	-5.929682e-06	-1.169283e-08	-4.138810e+01	-6.955823e+02
2.920000e-06	-6.034765e-06	-1.185767e-08	-4.212156e+01	-7.054480e+02
2.930000e-06	-6.137688e-06	-1.201428e-08	-4.283995e+01	-7.146098e+02
2.940000e-06	-6.238327e-06	-1.215990e-08	-4.354239e+01	-7.230976e+02
2.950000e-06	-6.336760e-06	-1.229419e-08	-4.422943e+01	-7.309550e+02
2.960000e-06	-6.433014e-06	-1.241877e-08	-4.490126e+01	-7.382403e+02
2.970000e-06	-6.527007e-06	-1.253456e-08	-4.555732e+01	-7.450191e+02
2.980000e-06	-6.618681e-06	-1.264158e-08	-4.619719e+01	-7.513546e+02
2.990000e-06	-6.708075e-06	-1.274066e-08	-4.682114e+01	-7.572976e+02
3.000000e-06	-6.795123e-06	-1.283396e-08	-4.742872e+01	-7.628821e+02
3.010000e-06	-6.879748e-06	-1.292300e-08	-4.801939e+01	-7.681261e+02
3.020000e-06	-6.961989e-06	-1.300711e-08	-4.859342e+01	-7.730376e+02
3.030000e-06	-7.041749e-06	-1.308547e-08	-4.915012e+01	-7.776233e+02
3.040000e-06	-7.118794e-06	-1.315880e-08	-4.968789e+01	-7.818963e+02
3.050000e-06	-7.193094e-06	-1.322761e-08	-5.020649e+01	-7.858787e+02
3.060000e-06	-7.264742e-06	-1.328956e-08	-5.070658e+01	-7.896005e+02
3.070000e-06	-7.333762e-06	-1.334403e-08	-5.118832e+01	-7.930931e+02
3.080000e-06	-7.400230e-06	-1.339658e-08	-5.165226e+01	-7.963828e+02
3.090000e-06	-7.464145e-06	-1.345027e-08	-5.209837e+01	-7.994850e+02
3.100000e-06	-7.525410e-06	-1.350191e-08	-5.252599e+01	-8.024032e+02
3.110000e-06	-7.583982e-06	-1.354808e-08	-5.293481e+01	-8.051315e+02
3.120000e-06	-7.639786e-06	-1.359023e-08	-5.332432e+01	-8.076609e+02
3.130000e-06	-7.692697e-06	-1.363092e-08	-5.369362e+01	-8.099862e+02
3.140000e-06	-7.742529e-06	-1.366921e-08	-5.404144e+01	-8.121109e+02
3.150000e-06	-7.789326e-06	-1.370174e-08	-5.436808e+01	-8.140486e+02
3.160000e-06	-7.833450e-06	-1.372892e-08	-5.467606e+01	-8.158207e+02
3.170000e-06	-7.875111e-06	-1.375348e-08	-5.496684e+01	-8.174508e+02
3.180000e-06	-7.914070e-06	-1.377854e-08	-5.523877e+01	-8.189588e+02
3.190000e-06	-7.950165e-06	-1.380284e-08	-5.549070e+01	-8.203566e+02
3.200000e-06	-7.983537e-06	-1.382445e-08	-5.572363e+01	-8.216457e+02
3.210000e-06	-8.014089e-06	-1.384628e-08	-5.593688e+01	-8.228189e+02
3.220000e-06	-8.041743e-06	-1.386752e-08	-5.612990e+01	-8.238642e+02
3.230000e-06	-8.066592e-06	-1.388552e-08	-5.630334e+01	-8.247696e+02
3.240000e-06	-8.088548e-06	-1.389809e-08	-5.645659e+01	-8.255277e+02
3.250000e-06	-8.107659e-06	-1.390870e-08	-5.658998e+01	-8.261384e+02
3.260000e-06	-8.123935e-06	-1.391737e-08	-5.670359e+01	-8.266097e+02
3.270000e-06	-8.137070e-06	-1.392272e-08	-5.679526e+01	-8.269559e+02
3.280000e-06	-8.147116e-06	-1.392673e-08	-5.686539e+01	-8.271950e+02
3.290000e-06	-8.154257e-06	-1.393266e-08	-5.691523e+01	-8.273443e+02
3.300000e-06	-8.158530e-06	-1.393956e-08	-5.694506e+01	-8.274169e+02
3.310000e-06	-8.160058e-06	-1.394280e-08	-5.695572e+01	-8.274188e+02
