# Temperatura_=_44.9
# Concentracion g/m^3_=_11780.0
# C_Vs_to_Am_M_A/Vsm_=_59384043850.047264
# pendiente_HvsI_1/m_=_3716.3
# ordenada_HvsI_A/m_=_1297.0
# frecuencia_Hz_=_301388.16096440505

Tiempo_(s)	Campo_(V.s)	Magnetizacion_(V.s)	Campo_(kA/m)	Magnetizacion_(A/m)
0.000000e+00	-8.270345e-06	-1.360730e-08	-5.695403e+01	-8.072229e+02
1.000000e-08	-8.266608e-06	-1.360050e-08	-5.692830e+01	-8.070714e+02
2.000000e-08	-8.260181e-06	-1.359587e-08	-5.688404e+01	-8.068358e+02
3.000000e-08	-8.250988e-06	-1.358819e-08	-5.682073e+01	-8.065009e+02
4.000000e-08	-8.238851e-06	-1.358165e-08	-5.673715e+01	-8.060531e+02
5.000000e-08	-8.223739e-06	-1.357551e-08	-5.663308e+01	-8.054849e+02
6.000000e-08	-8.205794e-06	-1.357375e-08	-5.650950e+01	-8.047989e+02
7.000000e-08	-8.185379e-06	-1.356730e-08	-5.636891e+01	-8.040076e+02
8.000000e-08	-8.162222e-06	-1.349848e-08	-5.620944e+01	-8.031303e+02
9.000000e-08	-8.135680e-06	-1.345277e-08	-5.602666e+01	-8.021867e+02
1.000000e-07	-8.105875e-06	-1.347901e-08	-5.582141e+01	-8.011896e+02
1.100000e-07	-8.073156e-06	-1.349680e-08	-5.559609e+01	-8.001401e+02
1.200000e-07	-8.037667e-06	-1.347023e-08	-5.535169e+01	-7.990261e+02
1.300000e-07	-7.999820e-06	-1.344364e-08	-5.509105e+01	-7.978259e+02
1.400000e-07	-7.959775e-06	-1.346766e-08	-5.481528e+01	-7.965164e+02
1.500000e-07	-7.917035e-06	-1.340039e-08	-5.452095e+01	-7.950814e+02
1.600000e-07	-7.871355e-06	-1.337710e-08	-5.420638e+01	-7.935192e+02
1.700000e-07	-7.822900e-06	-1.333108e-08	-5.387269e+01	-7.918440e+02
1.800000e-07	-7.771317e-06	-1.324711e-08	-5.351746e+01	-7.900829e+02
1.900000e-07	-7.716673e-06	-1.330303e-08	-5.314115e+01	-7.882660e+02
2.000000e-07	-7.659282e-06	-1.326884e-08	-5.274592e+01	-7.864161e+02
2.100000e-07	-7.599093e-06	-1.322593e-08	-5.233143e+01	-7.845393e+02
2.200000e-07	-7.536274e-06	-1.317874e-08	-5.189883e+01	-7.826212e+02
2.300000e-07	-7.470678e-06	-1.313641e-08	-5.144709e+01	-7.806308e+02
2.400000e-07	-7.402275e-06	-1.313075e-08	-5.097604e+01	-7.785297e+02
2.500000e-07	-7.331233e-06	-1.304911e-08	-5.048681e+01	-7.762852e+02
2.600000e-07	-7.257358e-06	-1.300169e-08	-4.997806e+01	-7.738807e+02
2.700000e-07	-7.180560e-06	-1.298225e-08	-4.944919e+01	-7.713216e+02
2.800000e-07	-7.100881e-06	-1.297752e-08	-4.890048e+01	-7.686327e+02
2.900000e-07	-7.018604e-06	-1.291264e-08	-4.833387e+01	-7.658491e+02
3.000000e-07	-6.934060e-06	-1.282171e-08	-4.775166e+01	-7.630031e+02
3.100000e-07	-6.847226e-06	-1.279743e-08	-4.715368e+01	-7.601126e+02
3.200000e-07	-6.757962e-06	-1.274793e-08	-4.653896e+01	-7.571745e+02
3.300000e-07	-6.666259e-06	-1.269853e-08	-4.590744e+01	-7.541663e+02
3.400000e-07	-6.572266e-06	-1.263415e-08	-4.526015e+01	-7.510544e+02
3.500000e-07	-6.475887e-06	-1.258865e-08	-4.459643e+01	-7.478064e+02
3.600000e-07	-6.377014e-06	-1.255243e-08	-4.391554e+01	-7.444027e+02
3.700000e-07	-6.275858e-06	-1.248551e-08	-4.321893e+01	-7.408421e+02
3.800000e-07	-6.172484e-06	-1.240619e-08	-4.250704e+01	-7.371406e+02
3.900000e-07	-6.066824e-06	-1.232607e-08	-4.177941e+01	-7.333230e+02
4.000000e-07	-5.959011e-06	-1.228210e-08	-4.103695e+01	-7.294114e+02
4.100000e-07	-5.849148e-06	-1.222208e-08	-4.028037e+01	-7.254147e+02
4.200000e-07	-5.737136e-06	-1.214805e-08	-3.950900e+01	-7.213242e+02
4.300000e-07	-5.622847e-06	-1.207384e-08	-3.872194e+01	-7.171160e+02
4.400000e-07	-5.506313e-06	-1.201620e-08	-3.791943e+01	-7.127599e+02
4.500000e-07	-5.387670e-06	-1.194490e-08	-3.710239e+01	-7.082316e+02
4.600000e-07	-5.267077e-06	-1.184750e-08	-3.627192e+01	-7.035222e+02
4.700000e-07	-5.144646e-06	-1.175713e-08	-3.542880e+01	-6.986414e+02
4.800000e-07	-5.020399e-06	-1.168155e-08	-3.457316e+01	-6.936140e+02
4.900000e-07	-4.894396e-06	-1.160853e-08	-3.370543e+01	-6.884691e+02
5.000000e-07	-4.766637e-06	-1.151322e-08	-3.282562e+01	-6.832273e+02
5.100000e-07	-4.637167e-06	-1.141673e-08	-3.193402e+01	-6.778915e+02
5.200000e-07	-4.505979e-06	-1.132877e-08	-3.103059e+01	-6.724428e+02
5.300000e-07	-4.373140e-06	-1.124332e-08	-3.011579e+01	-6.668456e+02
5.400000e-07	-4.238732e-06	-1.113749e-08	-2.919018e+01	-6.610589e+02
5.500000e-07	-4.102775e-06	-1.102333e-08	-2.825391e+01	-6.550492e+02
5.600000e-07	-3.965343e-06	-1.092302e-08	-2.730748e+01	-6.488009e+02
5.700000e-07	-3.826380e-06	-1.082720e-08	-2.635051e+01	-6.423198e+02
5.800000e-07	-3.685802e-06	-1.071561e-08	-2.538241e+01	-6.356284e+02
5.900000e-07	-3.543706e-06	-1.059076e-08	-2.440386e+01	-6.287554e+02
6.000000e-07	-3.400300e-06	-1.047670e-08	-2.341629e+01	-6.217229e+02
6.100000e-07	-3.255621e-06	-1.036391e-08	-2.241996e+01	-6.145369e+02
6.200000e-07	-3.109732e-06	-1.023600e-08	-2.141528e+01	-6.071837e+02
6.300000e-07	-2.962797e-06	-1.009936e-08	-2.040341e+01	-5.996350e+02
6.400000e-07	-2.814883e-06	-9.969750e-09	-1.938479e+01	-5.918571e+02
6.500000e-07	-2.666041e-06	-9.843269e-09	-1.835979e+01	-5.838221e+02
6.600000e-07	-2.516351e-06	-9.704134e-09	-1.732894e+01	-5.755158e+02
6.700000e-07	-2.365765e-06	-9.553916e-09	-1.629192e+01	-5.669389e+02
6.800000e-07	-2.214280e-06	-9.403984e-09	-1.524872e+01	-5.581019e+02
6.900000e-07	-2.061992e-06	-9.256714e-09	-1.419998e+01	-5.490156e+02
7.000000e-07	-1.908985e-06	-9.100080e-09	-1.314629e+01	-5.396809e+02
7.100000e-07	-1.755286e-06	-8.934583e-09	-1.208784e+01	-5.300832e+02
7.200000e-07	-1.600942e-06	-8.766463e-09	-1.102495e+01	-5.201933e+02
7.300000e-07	-1.446023e-06	-8.596642e-09	-9.958088e+00	-5.099742e+02
7.400000e-07	-1.290562e-06	-8.420024e-09	-8.887500e+00	-4.993910e+02
7.500000e-07	-1.134610e-06	-8.232405e-09	-7.813535e+00	-4.884198e+02
7.600000e-07	-9.782078e-07	-8.042131e-09	-6.736464e+00	-4.770505e+02
7.700000e-07	-8.214593e-07	-7.848179e-09	-5.657010e+00	-4.652827e+02
7.800000e-07	-6.644422e-07	-7.646360e-09	-4.575706e+00	-4.531147e+02
7.900000e-07	-5.072478e-07	-7.434875e-09	-3.493181e+00	-4.405300e+02
8.000000e-07	-3.498958e-07	-7.214278e-09	-2.409570e+00	-4.274873e+02
8.100000e-07	-1.923452e-07	-6.983106e-09	-1.324592e+00	-4.139162e+02
8.200000e-07	-3.467478e-08	-6.740722e-09	-2.387892e-01	-3.997238e+02
8.300000e-07	1.229876e-07	-6.488847e-09	8.469589e-01	-3.848087e+02
8.400000e-07	2.805746e-07	-6.224493e-09	1.932187e+00	-3.690786e+02
8.500000e-07	4.380784e-07	-5.946079e-09	3.016843e+00	-3.524659e+02
8.600000e-07	5.953869e-07	-5.653277e-09	4.100153e+00	-3.349349e+02
8.700000e-07	7.524157e-07	-5.343425e-09	5.181539e+00	-3.164783e+02
8.800000e-07	9.091818e-07	-5.014051e-09	6.261113e+00	-2.971032e+02
8.900000e-07	1.065612e-06	-4.668867e-09	7.338375e+00	-2.768097e+02
9.000000e-07	1.221640e-06	-4.310152e-09	8.412870e+00	-2.555701e+02
9.100000e-07	1.377265e-06	-3.936688e-09	9.484588e+00	-2.333133e+02
9.200000e-07	1.532405e-06	-3.542057e-09	1.055296e+01	-2.099213e+02
9.300000e-07	1.686925e-06	-3.122186e-09	1.161707e+01	-1.852374e+02
9.400000e-07	1.840827e-06	-2.678119e-09	1.267692e+01	-1.590864e+02
9.500000e-07	1.994122e-06	-2.208777e-09	1.373260e+01	-1.313017e+02
9.600000e-07	2.146679e-06	-1.708407e-09	1.478318e+01	-1.017552e+02
9.700000e-07	2.298383e-06	-1.173757e-09	1.582790e+01	-7.038333e+01
9.800000e-07	2.449214e-06	-6.102739e-10	1.686660e+01	-3.720614e+01
9.900000e-07	2.599159e-06	-2.307856e-11	1.789921e+01	-2.338203e+00
1.000000e-06	2.748170e-06	5.881062e-10	1.892538e+01	3.401048e+01
1.010000e-06	2.896209e-06	1.225297e-09	1.994485e+01	7.154197e+01
1.020000e-06	3.043157e-06	1.877040e-09	2.095681e+01	1.098855e+02
1.030000e-06	3.189031e-06	2.529663e-09	2.196138e+01	1.486191e+02
1.040000e-06	3.333847e-06	3.178131e-09	2.295866e+01	1.872953e+02
1.050000e-06	3.477446e-06	3.822061e-09	2.394756e+01	2.254704e+02
1.060000e-06	3.619754e-06	4.454395e-09	2.492757e+01	2.627335e+02
1.070000e-06	3.760689e-06	5.061445e-09	2.589812e+01	2.987315e+02
1.080000e-06	3.900191e-06	5.638005e-09	2.685881e+01	3.331887e+02
1.090000e-06	4.038249e-06	6.187502e-09	2.780955e+01	3.659159e+02
1.100000e-06	4.174739e-06	6.711164e-09	2.874949e+01	3.968096e+02
1.110000e-06	4.309619e-06	7.199768e-09	2.967835e+01	4.258411e+02
1.120000e-06	4.442952e-06	7.652386e-09	3.059655e+01	4.530389e+02
1.130000e-06	4.574731e-06	8.078818e-09	3.150405e+01	4.784684e+02
1.140000e-06	4.704914e-06	8.481695e-09	3.240056e+01	5.022131e+02
1.150000e-06	4.833402e-06	8.855889e-09	3.328540e+01	5.243607e+02
1.160000e-06	4.960155e-06	9.199150e-09	3.415829e+01	5.449964e+02
1.170000e-06	5.085200e-06	9.518039e-09	3.501942e+01	5.642014e+02
1.180000e-06	5.208474e-06	9.818132e-09	3.586835e+01	5.820551e+02
1.190000e-06	5.329888e-06	1.009641e-08	3.670447e+01	5.986391e+02
1.200000e-06	5.449373e-06	1.035183e-08	3.752731e+01	6.140387e+02
1.210000e-06	5.566820e-06	1.059108e-08	3.833611e+01	6.283419e+02
1.220000e-06	5.682114e-06	1.081889e-08	3.913008e+01	6.416359e+02
1.230000e-06	5.795202e-06	1.103154e-08	3.990887e+01	6.540025e+02
1.240000e-06	5.906194e-06	1.122490e-08	4.067322e+01	6.655138e+02
1.250000e-06	6.015193e-06	1.140142e-08	4.142385e+01	6.762310e+02
1.260000e-06	6.122075e-06	1.156713e-08	4.215989e+01	6.862050e+02
1.270000e-06	6.226632e-06	1.172335e-08	4.287993e+01	6.954804e+02
1.280000e-06	6.328913e-06	1.186611e-08	4.358429e+01	7.040992e+02
1.290000e-06	6.428984e-06	1.199782e-08	4.427344e+01	7.121046e+02
1.300000e-06	6.526696e-06	1.212303e-08	4.494633e+01	7.195423e+02
1.310000e-06	6.622020e-06	1.224066e-08	4.560278e+01	7.264596e+02
1.320000e-06	6.715049e-06	1.234780e-08	4.624343e+01	7.329032e+02
1.330000e-06	6.805742e-06	1.244868e-08	4.686799e+01	7.389159e+02
1.340000e-06	6.893974e-06	1.254640e-08	4.747561e+01	7.445341e+02
1.350000e-06	6.979836e-06	1.263583e-08	4.806690e+01	7.497877e+02
1.360000e-06	7.063365e-06	1.271419e-08	4.864212e+01	7.547001e+02
1.370000e-06	7.144385e-06	1.278568e-08	4.920007e+01	7.592913e+02
1.380000e-06	7.222806e-06	1.285716e-08	4.974012e+01	7.635792e+02
1.390000e-06	7.298519e-06	1.292730e-08	5.026152e+01	7.675821e+02
1.400000e-06	7.371468e-06	1.299181e-08	5.076388e+01	7.713184e+02
1.410000e-06	7.441775e-06	1.305219e-08	5.124806e+01	7.748064e+02
1.420000e-06	7.509496e-06	1.311078e-08	5.171442e+01	7.780632e+02
1.430000e-06	7.574508e-06	1.316357e-08	5.216212e+01	7.811033e+02
1.440000e-06	7.636825e-06	1.320856e-08	5.259127e+01	7.839384e+02
1.450000e-06	7.696574e-06	1.324800e-08	5.300274e+01	7.865773e+02
1.460000e-06	7.753590e-06	1.328754e-08	5.339538e+01	7.890279e+02
1.470000e-06	7.807757e-06	1.332841e-08	5.376840e+01	7.912972e+02
1.480000e-06	7.858808e-06	1.336641e-08	5.411997e+01	7.933935e+02
1.490000e-06	7.906661e-06	1.339958e-08	5.444951e+01	7.953259e+02
1.500000e-06	7.951683e-06	1.342892e-08	5.475955e+01	7.971041e+02
1.510000e-06	7.993884e-06	1.345797e-08	5.505018e+01	7.987379e+02
1.520000e-06	8.033234e-06	1.348414e-08	5.532116e+01	8.002356e+02
1.530000e-06	8.069824e-06	1.350519e-08	5.557314e+01	8.016035e+02
1.540000e-06	8.103545e-06	1.352136e-08	5.580536e+01	8.028451e+02
1.550000e-06	8.134373e-06	1.353888e-08	5.601766e+01	8.039611e+02
1.560000e-06	8.162440e-06	1.355712e-08	5.621094e+01	8.049498e+02
1.570000e-06	8.187639e-06	1.357076e-08	5.638447e+01	8.058088e+02
1.580000e-06	8.209955e-06	1.358159e-08	5.653815e+01	8.065356e+02
1.590000e-06	8.229485e-06	1.359232e-08	5.667265e+01	8.071300e+02
1.600000e-06	8.246080e-06	1.360247e-08	5.678693e+01	8.075952e+02
1.610000e-06	8.259626e-06	1.360573e-08	5.688022e+01	8.079387e+02
1.620000e-06	8.269950e-06	1.360525e-08	5.695131e+01	8.081722e+02
1.630000e-06	8.277168e-06	1.360459e-08	5.700102e+01	8.083098e+02
1.640000e-06	8.281563e-06	1.360462e-08	5.703129e+01	8.083651e+02
1.650000e-06	8.283046e-06	1.360212e-08	5.704150e+01	8.083482e+02
1.660000e-06	8.281689e-06	1.360324e-08	5.703215e+01	8.082621e+02
1.670000e-06	8.277625e-06	1.360517e-08	5.700417e+01	8.081022e+02
1.680000e-06	8.270792e-06	1.360345e-08	5.695711e+01	8.078565e+02
1.690000e-06	8.261224e-06	1.359737e-08	5.689122e+01	8.075101e+02
1.700000e-06	8.248802e-06	1.358522e-08	5.680567e+01	8.070494e+02
1.710000e-06	8.233535e-06	1.356651e-08	5.670054e+01	8.064682e+02
1.720000e-06	8.215751e-06	1.353508e-08	5.657807e+01	8.057700e+02
1.730000e-06	8.195533e-06	1.356206e-08	5.643884e+01	8.049684e+02
1.740000e-06	8.172268e-06	1.360740e-08	5.627862e+01	8.040830e+02
1.750000e-06	8.145208e-06	1.356002e-08	5.609228e+01	8.031331e+02
1.760000e-06	8.114401e-06	1.350153e-08	5.588012e+01	8.021305e+02
1.770000e-06	8.080691e-06	1.348384e-08	5.564797e+01	8.010748e+02
1.780000e-06	8.044627e-06	1.344280e-08	5.539962e+01	7.999525e+02
1.790000e-06	8.006223e-06	1.340589e-08	5.513515e+01	7.987416e+02
1.800000e-06	7.965705e-06	1.346093e-08	5.485612e+01	7.974191e+02
1.810000e-06	7.922736e-06	1.337172e-08	5.456021e+01	7.959702e+02
1.820000e-06	7.877000e-06	1.336512e-08	5.424525e+01	7.943948e+02
1.830000e-06	7.828497e-06	1.338767e-08	5.391123e+01	7.927089e+02
1.840000e-06	7.776695e-06	1.327763e-08	5.355449e+01	7.909402e+02
1.850000e-06	7.721783e-06	1.330871e-08	5.317634e+01	7.891189e+02
1.860000e-06	7.664131e-06	1.320177e-08	5.277932e+01	7.872660e+02
1.870000e-06	7.603794e-06	1.321834e-08	5.236380e+01	7.853857e+02
1.880000e-06	7.540803e-06	1.322205e-08	5.193001e+01	7.834615e+02
1.890000e-06	7.474982e-06	1.312863e-08	5.147674e+01	7.814609e+02
1.900000e-06	7.406423e-06	1.315515e-08	5.100460e+01	7.793458e+02
1.910000e-06	7.334945e-06	1.306872e-08	5.051237e+01	7.770844e+02
1.920000e-06	7.260616e-06	1.305466e-08	5.000049e+01	7.746626e+02
1.930000e-06	7.183510e-06	1.297299e-08	4.946951e+01	7.720880e+02
1.940000e-06	7.103664e-06	1.293074e-08	4.891964e+01	7.693871e+02
1.950000e-06	7.021415e-06	1.292876e-08	4.835323e+01	7.665953e+02
1.960000e-06	6.936586e-06	1.285358e-08	4.776905e+01	7.637440e+02
1.970000e-06	6.849163e-06	1.285246e-08	4.716701e+01	7.608488e+02
1.980000e-06	6.759286e-06	1.275448e-08	4.654807e+01	7.579044e+02
1.990000e-06	6.667088e-06	1.271131e-08	4.591315e+01	7.548867e+02
2.000000e-06	6.572574e-06	1.264280e-08	4.526227e+01	7.517615e+02
2.010000e-06	6.475695e-06	1.258072e-08	4.459511e+01	7.484974e+02
2.020000e-06	6.376638e-06	1.253745e-08	4.391295e+01	7.450765e+02
2.030000e-06	6.275158e-06	1.247875e-08	4.321410e+01	7.414996e+02
2.040000e-06	6.171272e-06	1.245124e-08	4.249869e+01	7.377843e+02
2.050000e-06	6.065279e-06	1.237027e-08	4.176877e+01	7.339557e+02
2.060000e-06	5.957240e-06	1.230264e-08	4.102475e+01	7.300347e+02
2.070000e-06	5.847022e-06	1.221045e-08	4.026573e+01	7.260286e+02
2.080000e-06	5.734602e-06	1.214391e-08	3.949155e+01	7.219267e+02
2.090000e-06	5.620023e-06	1.206784e-08	3.870249e+01	7.177039e+02
2.100000e-06	5.503227e-06	1.200179e-08	3.789817e+01	7.133302e+02
2.110000e-06	5.384286e-06	1.193187e-08	3.707908e+01	7.087826e+02
2.120000e-06	5.263353e-06	1.186210e-08	3.624627e+01	7.040539e+02
2.130000e-06	5.140557e-06	1.178159e-08	3.540063e+01	6.991559e+02
2.140000e-06	5.015903e-06	1.168494e-08	3.454220e+01	6.941145e+02
2.150000e-06	4.889434e-06	1.159338e-08	3.367127e+01	6.889583e+02
2.160000e-06	4.761176e-06	1.149940e-08	3.278801e+01	6.837066e+02
2.170000e-06	4.631243e-06	1.141861e-08	3.189323e+01	6.783599e+02
2.180000e-06	4.499694e-06	1.132274e-08	3.098731e+01	6.728970e+02
2.190000e-06	4.366615e-06	1.123608e-08	3.007085e+01	6.672813e+02
2.200000e-06	4.231953e-06	1.113749e-08	2.914350e+01	6.614720e+02
2.210000e-06	4.095675e-06	1.103890e-08	2.820502e+01	6.554370e+02
2.220000e-06	3.957884e-06	1.092872e-08	2.725611e+01	6.491630e+02
2.230000e-06	3.818613e-06	1.081572e-08	2.629702e+01	6.426580e+02
2.240000e-06	3.677938e-06	1.070351e-08	2.532825e+01	6.359457e+02
2.250000e-06	3.535862e-06	1.058583e-08	2.434984e+01	6.290547e+02
2.260000e-06	3.392425e-06	1.046583e-08	2.336206e+01	6.220057e+02
2.270000e-06	3.247727e-06	1.034110e-08	2.236559e+01	6.148025e+02
2.280000e-06	3.101880e-06	1.021865e-08	2.136121e+01	6.074299e+02
2.290000e-06	2.954966e-06	1.009169e-08	2.034948e+01	5.998581e+02
2.300000e-06	2.807058e-06	9.960900e-09	1.933091e+01	5.920537e+02
2.310000e-06	2.658174e-06	9.827797e-09	1.830561e+01	5.839899e+02
2.320000e-06	2.508380e-06	9.689560e-09	1.727405e+01	5.756542e+02
2.330000e-06	2.357677e-06	9.545095e-09	1.623623e+01	5.670487e+02
2.340000e-06	2.206038e-06	9.392598e-09	1.519196e+01	5.581846e+02
2.350000e-06	2.053624e-06	9.233838e-09	1.414236e+01	5.490717e+02
2.360000e-06	1.900554e-06	9.074345e-09	1.308823e+01	5.397097e+02
2.370000e-06	1.746848e-06	8.911498e-09	1.202974e+01	5.300821e+02
2.380000e-06	1.592534e-06	8.747915e-09	1.096704e+01	5.201587e+02
2.390000e-06	1.437674e-06	8.576831e-09	9.900593e+00	5.099020e+02
2.400000e-06	1.282273e-06	8.400954e-09	8.830421e+00	4.992781e+02
2.410000e-06	1.126353e-06	8.214263e-09	7.756674e+00	4.882644e+02
2.420000e-06	9.700162e-07	8.015632e-09	6.680052e+00	4.768522e+02
2.430000e-06	8.132982e-07	7.810868e-09	5.600808e+00	4.650416e+02
2.440000e-06	6.562900e-07	7.601233e-09	4.519565e+00	4.528300e+02
2.450000e-06	4.990747e-07	7.391232e-09	3.436896e+00	4.401987e+02
2.460000e-06	3.416718e-07	7.175033e-09	2.352936e+00	4.271031e+02
2.470000e-06	1.841428e-07	6.950867e-09	1.268106e+00	4.134700e+02
2.480000e-06	2.656125e-08	6.712594e-09	1.829150e-01	3.992049e+02
2.490000e-06	-1.309867e-07	6.457980e-09	-9.020445e-01	3.842065e+02
2.500000e-06	-2.884365e-07	6.187031e-09	-1.986328e+00	3.683844e+02
2.510000e-06	-4.457742e-07	5.901541e-09	-3.069840e+00	3.516743e+02
2.520000e-06	-6.029725e-07	5.604556e-09	-4.152392e+00	3.340439e+02
2.530000e-06	-7.599454e-07	5.293038e-09	-5.233392e+00	3.154885e+02
2.540000e-06	-9.166144e-07	4.967152e-09	-6.312298e+00	2.960152e+02
2.550000e-06	-1.072927e-06	4.626909e-09	-7.388750e+00	2.756222e+02
2.560000e-06	-1.228791e-06	4.271077e-09	-8.462116e+00	2.542777e+02
2.570000e-06	-1.384175e-06	3.895522e-09	-9.532171e+00	2.319056e+02
2.580000e-06	-1.539054e-06	3.497275e-09	-1.059875e+01	2.083832e+02
2.590000e-06	-1.693373e-06	3.077487e-09	-1.166148e+01	1.835504e+02
2.600000e-06	-1.847054e-06	2.635489e-09	-1.271981e+01	1.572317e+02
2.610000e-06	-1.999990e-06	2.169345e-09	-1.377301e+01	1.292634e+02
2.620000e-06	-2.152189e-06	1.674465e-09	-1.482113e+01	9.952294e+01
2.630000e-06	-2.303676e-06	1.149561e-09	-1.586435e+01	6.795493e+01
2.640000e-06	-2.454350e-06	5.942759e-10	-1.690197e+01	3.458930e+01
2.650000e-06	-2.604133e-06	7.214948e-12	-1.793346e+01	-4.490929e-01
2.660000e-06	-2.752992e-06	-6.079903e-10	-1.895858e+01	-3.694030e+01
2.670000e-06	-2.900867e-06	-1.243956e-09	-1.997693e+01	-7.457774e+01
2.680000e-06	-3.047701e-06	-1.889077e-09	-2.098810e+01	-1.129841e+02
2.690000e-06	-3.193425e-06	-2.538393e-09	-2.199164e+01	-1.517332e+02
2.700000e-06	-3.338005e-06	-3.185576e-09	-2.298729e+01	-1.903767e+02
2.710000e-06	-3.481380e-06	-3.823210e-09	-2.397465e+01	-2.284731e+02
2.720000e-06	-3.623458e-06	-4.445852e-09	-2.495307e+01	-2.656163e+02
2.730000e-06	-3.764168e-06	-5.047936e-09	-2.592208e+01	-3.014611e+02
2.740000e-06	-3.903469e-06	-5.627385e-09	-2.688138e+01	-3.357405e+02
2.750000e-06	-4.041274e-06	-6.177873e-09	-2.783038e+01	-3.682749e+02
2.760000e-06	-4.177573e-06	-6.695095e-09	-2.876901e+01	-3.989693e+02
2.770000e-06	-4.312402e-06	-7.179913e-09	-2.969751e+01	-4.278023e+02
2.780000e-06	-4.445651e-06	-7.634110e-09	-3.061514e+01	-4.548072e+02
2.790000e-06	-4.577264e-06	-8.059076e-09	-3.152149e+01	-4.800521e+02
2.800000e-06	-4.707284e-06	-8.456835e-09	-3.241688e+01	-5.036216e+02
2.810000e-06	-4.835716e-06	-8.830554e-09	-3.330134e+01	-5.256033e+02
2.820000e-06	-4.962497e-06	-9.178571e-09	-3.417442e+01	-5.460821e+02
2.830000e-06	-5.087516e-06	-9.501221e-09	-3.503537e+01	-5.651385e+02
2.840000e-06	-5.210773e-06	-9.800717e-09	-3.588418e+01	-5.828524e+02
2.850000e-06	-5.332192e-06	-1.007907e-08	-3.672033e+01	-5.993055e+02
2.860000e-06	-5.451551e-06	-1.033691e-08	-3.754230e+01	-6.145835e+02
2.870000e-06	-5.568729e-06	-1.057525e-08	-3.834925e+01	-6.287745e+02
2.880000e-06	-5.683649e-06	-1.079830e-08	-3.914066e+01	-6.419655e+02
2.890000e-06	-5.796318e-06	-1.100674e-08	-3.991655e+01	-6.542373e+02
2.900000e-06	-5.906790e-06	-1.119895e-08	-4.067732e+01	-6.656609e+02
2.910000e-06	-6.015174e-06	-1.137603e-08	-4.142371e+01	-6.762962e+02
2.920000e-06	-6.121566e-06	-1.154411e-08	-4.215639e+01	-6.861935e+02
2.930000e-06	-6.225778e-06	-1.170361e-08	-4.287405e+01	-6.953966e+02
2.940000e-06	-6.327635e-06	-1.185060e-08	-4.357549e+01	-7.039477e+02
2.950000e-06	-6.427236e-06	-1.198434e-08	-4.426140e+01	-7.118902e+02
2.960000e-06	-6.524679e-06	-1.210801e-08	-4.493244e+01	-7.192699e+02
2.970000e-06	-6.619888e-06	-1.222317e-08	-4.558810e+01	-7.261344e+02
2.980000e-06	-6.712721e-06	-1.233085e-08	-4.622740e+01	-7.325300e+02
2.990000e-06	-6.803207e-06	-1.243136e-08	-4.685053e+01	-7.384989e+02
3.000000e-06	-6.891360e-06	-1.252578e-08	-4.745760e+01	-7.440769e+02
3.010000e-06	-6.976992e-06	-1.261684e-08	-4.804731e+01	-7.492929e+02
3.020000e-06	-7.060108e-06	-1.270210e-08	-4.861969e+01	-7.541702e+02
3.030000e-06	-7.140799e-06	-1.277936e-08	-4.917537e+01	-7.587281e+02
3.040000e-06	-7.218843e-06	-1.285069e-08	-4.971283e+01	-7.629848e+02
3.050000e-06	-7.294099e-06	-1.291672e-08	-5.023108e+01	-7.669583e+02
3.060000e-06	-7.366705e-06	-1.297750e-08	-5.073109e+01	-7.706672e+02
3.070000e-06	-7.436635e-06	-1.303367e-08	-5.121266e+01	-7.741298e+02
3.080000e-06	-7.503891e-06	-1.308764e-08	-5.167582e+01	-7.773629e+02
3.090000e-06	-7.568591e-06	-1.313998e-08	-5.212138e+01	-7.803806e+02
3.100000e-06	-7.630584e-06	-1.318875e-08	-5.254830e+01	-7.831943e+02
3.110000e-06	-7.689790e-06	-1.323308e-08	-5.295602e+01	-7.858129e+02
3.120000e-06	-7.746266e-06	-1.327385e-08	-5.334494e+01	-7.882438e+02
3.130000e-06	-7.799830e-06	-1.331322e-08	-5.371382e+01	-7.904943e+02
3.140000e-06	-7.850281e-06	-1.334951e-08	-5.406125e+01	-7.925727e+02
3.150000e-06	-7.897535e-06	-1.338149e-08	-5.438666e+01	-7.944881e+02
3.160000e-06	-7.942032e-06	-1.340905e-08	-5.469309e+01	-7.962505e+02
3.170000e-06	-7.984110e-06	-1.343478e-08	-5.498287e+01	-7.978695e+02
3.180000e-06	-8.023453e-06	-1.346079e-08	-5.525380e+01	-7.993532e+02
3.190000e-06	-8.059968e-06	-1.348649e-08	-5.550526e+01	-8.007076e+02
3.200000e-06	-8.093726e-06	-1.350944e-08	-5.573774e+01	-8.019358e+02
3.210000e-06	-8.124547e-06	-1.352994e-08	-5.594999e+01	-8.030383e+02
3.220000e-06	-8.152416e-06	-1.354802e-08	-5.614191e+01	-8.040135e+02
3.230000e-06	-8.177510e-06	-1.356206e-08	-5.631472e+01	-8.048584e+02
3.240000e-06	-8.199683e-06	-1.357200e-08	-5.646742e+01	-8.055711e+02
3.250000e-06	-8.218907e-06	-1.358151e-08	-5.659981e+01	-8.061516e+02
3.260000e-06	-8.235323e-06	-1.359033e-08	-5.671285e+01	-8.066034e+02
3.270000e-06	-8.248635e-06	-1.359854e-08	-5.680453e+01	-8.069346e+02
3.280000e-06	-8.258729e-06	-1.360630e-08	-5.687404e+01	-8.071572e+02
3.290000e-06	-8.265852e-06	-1.361060e-08	-5.692309e+01	-8.072855e+02
3.300000e-06	-8.270051e-06	-1.361256e-08	-5.695201e+01	-8.073328e+02
3.310000e-06	-8.271462e-06	-1.361324e-08	-5.696172e+01	-8.073086e+02
