# Temperatura_=_57.59
# Concentracion g/m^3_=_11780.0
# C_Vs_to_Am_M_A/Vsm_=_59384043850.047264
# pendiente_HvsI_1/m_=_3716.3
# ordenada_HvsI_A/m_=_1297.0
# frecuencia_Hz_=_301394.3095207119

Tiempo_(s)	Campo_(V.s)	Magnetizacion_(V.s)	Campo_(kA/m)	Magnetizacion_(A/m)
0.000000e+00	-8.208140e-06	-1.373042e-08	-5.695026e+01	-8.146532e+02
1.000000e-08	-8.204245e-06	-1.372296e-08	-5.692323e+01	-8.145493e+02
2.000000e-08	-8.197791e-06	-1.371679e-08	-5.687845e+01	-8.143646e+02
3.000000e-08	-8.188617e-06	-1.371267e-08	-5.681480e+01	-8.140806e+02
4.000000e-08	-8.176493e-06	-1.371004e-08	-5.673068e+01	-8.136771e+02
5.000000e-08	-8.161334e-06	-1.370523e-08	-5.662550e+01	-8.131388e+02
6.000000e-08	-8.143394e-06	-1.370653e-08	-5.650103e+01	-8.124605e+02
7.000000e-08	-8.123087e-06	-1.369487e-08	-5.636014e+01	-8.116502e+02
8.000000e-08	-8.099987e-06	-1.362551e-08	-5.619986e+01	-8.107286e+02
9.000000e-08	-8.073492e-06	-1.358495e-08	-5.601603e+01	-8.097228e+02
1.000000e-07	-8.043769e-06	-1.360302e-08	-5.580981e+01	-8.086589e+02
1.100000e-07	-8.011144e-06	-1.361054e-08	-5.558345e+01	-8.075530e+02
1.200000e-07	-7.975761e-06	-1.359055e-08	-5.533795e+01	-8.064065e+02
1.300000e-07	-7.938034e-06	-1.358759e-08	-5.507619e+01	-8.052047e+02
1.400000e-07	-7.898187e-06	-1.358738e-08	-5.479972e+01	-8.039229e+02
1.500000e-07	-7.855687e-06	-1.351742e-08	-5.450484e+01	-8.025350e+02
1.600000e-07	-7.810216e-06	-1.352606e-08	-5.418935e+01	-8.010231e+02
1.700000e-07	-7.761976e-06	-1.345135e-08	-5.385465e+01	-7.993842e+02
1.800000e-07	-7.710664e-06	-1.338217e-08	-5.349863e+01	-7.976310e+02
1.900000e-07	-7.656348e-06	-1.342700e-08	-5.312178e+01	-7.957865e+02
2.000000e-07	-7.599302e-06	-1.338642e-08	-5.272598e+01	-7.938744e+02
2.100000e-07	-7.539519e-06	-1.336770e-08	-5.231119e+01	-7.919081e+02
2.200000e-07	-7.477105e-06	-1.331036e-08	-5.187814e+01	-7.898846e+02
2.300000e-07	-7.411879e-06	-1.327902e-08	-5.142559e+01	-7.877842e+02
2.400000e-07	-7.343855e-06	-1.325245e-08	-5.095362e+01	-7.855766e+02
2.500000e-07	-7.273156e-06	-1.317297e-08	-5.046309e+01	-7.832330e+02
2.600000e-07	-7.199684e-06	-1.312520e-08	-4.995332e+01	-7.807368e+02
2.700000e-07	-7.123409e-06	-1.309648e-08	-4.942411e+01	-7.780914e+02
2.800000e-07	-7.044343e-06	-1.309326e-08	-4.887553e+01	-7.753190e+02
2.900000e-07	-6.962606e-06	-1.302734e-08	-4.830841e+01	-7.724533e+02
3.000000e-07	-6.878514e-06	-1.295540e-08	-4.772496e+01	-7.695255e+02
3.100000e-07	-6.792175e-06	-1.291678e-08	-4.712591e+01	-7.665523e+02
3.200000e-07	-6.703459e-06	-1.286206e-08	-4.651038e+01	-7.635279e+02
3.300000e-07	-6.612320e-06	-1.281147e-08	-4.587803e+01	-7.604249e+02
3.400000e-07	-6.518862e-06	-1.274522e-08	-4.522960e+01	-7.572034e+02
3.500000e-07	-6.423043e-06	-1.269993e-08	-4.456478e+01	-7.538256e+02
3.600000e-07	-6.324782e-06	-1.265919e-08	-4.388302e+01	-7.502692e+02
3.700000e-07	-6.224247e-06	-1.259590e-08	-4.318548e+01	-7.465357e+02
3.800000e-07	-6.121524e-06	-1.250927e-08	-4.247276e+01	-7.426489e+02
3.900000e-07	-6.016522e-06	-1.242679e-08	-4.174423e+01	-7.386452e+02
4.000000e-07	-5.909322e-06	-1.237465e-08	-4.100045e+01	-7.345584e+02
4.100000e-07	-5.800109e-06	-1.231312e-08	-4.024270e+01	-7.304055e+02
4.200000e-07	-5.688886e-06	-1.223771e-08	-3.947100e+01	-7.261795e+02
4.300000e-07	-5.575486e-06	-1.216103e-08	-3.868420e+01	-7.218510e+02
4.400000e-07	-5.459810e-06	-1.209811e-08	-3.788161e+01	-7.173793e+02
4.500000e-07	-5.342029e-06	-1.202498e-08	-3.706441e+01	-7.127280e+02
4.600000e-07	-5.222356e-06	-1.192865e-08	-3.623409e+01	-7.078791e+02
4.700000e-07	-5.100835e-06	-1.183130e-08	-3.539095e+01	-7.028401e+02
4.800000e-07	-4.977463e-06	-1.175187e-08	-3.453496e+01	-6.976406e+02
4.900000e-07	-4.852288e-06	-1.167631e-08	-3.366647e+01	-6.923202e+02
5.000000e-07	-4.725346e-06	-1.158194e-08	-3.278571e+01	-6.869123e+02
5.100000e-07	-4.596721e-06	-1.148083e-08	-3.189327e+01	-6.814292e+02
5.200000e-07	-4.466445e-06	-1.139028e-08	-3.098938e+01	-6.758561e+02
5.300000e-07	-4.334470e-06	-1.130260e-08	-3.007370e+01	-6.701549e+02
5.400000e-07	-4.200910e-06	-1.119618e-08	-2.914703e+01	-6.642768e+02
5.500000e-07	-4.065932e-06	-1.108124e-08	-2.821052e+01	-6.581793e+02
5.600000e-07	-3.929563e-06	-1.097989e-08	-2.726435e+01	-6.518401e+02
5.700000e-07	-3.791665e-06	-1.088431e-08	-2.630758e+01	-6.452631e+02
5.800000e-07	-3.652143e-06	-1.077195e-08	-2.533954e+01	-6.384741e+02
5.900000e-07	-3.511148e-06	-1.064435e-08	-2.436128e+01	-6.315075e+02
6.000000e-07	-3.368800e-06	-1.052418e-08	-2.337363e+01	-6.243904e+02
6.100000e-07	-3.225124e-06	-1.040906e-08	-2.237677e+01	-6.171299e+02
6.200000e-07	-3.080160e-06	-1.028104e-08	-2.137097e+01	-6.097078e+02
6.300000e-07	-2.934104e-06	-1.014268e-08	-2.035760e+01	-6.020870e+02
6.400000e-07	-2.787111e-06	-1.000959e-08	-1.933771e+01	-5.942236e+02
6.500000e-07	-2.639274e-06	-9.883668e-09	-1.831198e+01	-5.860827e+02
6.600000e-07	-2.490641e-06	-9.746261e-09	-1.728073e+01	-5.776490e+02
6.700000e-07	-2.341132e-06	-9.593663e-09	-1.624340e+01	-5.689291e+02
6.800000e-07	-2.190814e-06	-9.437939e-09	-1.520045e+01	-5.599444e+02
6.900000e-07	-2.039798e-06	-9.286616e-09	-1.415266e+01	-5.507173e+02
7.000000e-07	-1.888047e-06	-9.129482e-09	-1.309977e+01	-5.412565e+02
7.100000e-07	-1.735548e-06	-8.961117e-09	-1.204169e+01	-5.315483e+02
7.200000e-07	-1.582373e-06	-8.788515e-09	-1.097892e+01	-5.215570e+02
7.300000e-07	-1.428592e-06	-8.617356e-09	-9.911952e+00	-5.112340e+02
7.400000e-07	-1.274298e-06	-8.442097e-09	-8.841418e+00	-5.005324e+02
7.500000e-07	-1.119455e-06	-8.253031e-09	-7.767073e+00	-4.894211e+02
7.600000e-07	-9.641623e-07	-8.056098e-09	-6.689615e+00	-4.778900e+02
7.700000e-07	-8.085908e-07	-7.856912e-09	-5.610218e+00	-4.659461e+02
7.800000e-07	-6.527155e-07	-7.653612e-09	-4.528713e+00	-4.535996e+02
7.900000e-07	-4.966299e-07	-7.440361e-09	-3.445750e+00	-4.408447e+02
8.000000e-07	-3.403911e-07	-7.214808e-09	-2.361724e+00	-4.276447e+02
8.100000e-07	-1.839588e-07	-6.979792e-09	-1.276355e+00	-4.139254e+02
8.200000e-07	-2.743773e-08	-6.737644e-09	-1.903703e-01	-3.995819e+02
8.300000e-07	1.290832e-07	-6.484408e-09	8.956138e-01	-3.844964e+02
8.400000e-07	2.855549e-07	-6.212588e-09	1.981255e+00	-3.685619e+02
8.500000e-07	4.419264e-07	-5.926908e-09	3.066203e+00	-3.517028e+02
8.600000e-07	5.981473e-07	-5.630999e-09	4.150105e+00	-3.338849e+02
8.700000e-07	7.541421e-07	-5.317178e-09	5.232438e+00	-3.151105e+02
8.800000e-07	9.098341e-07	-4.982151e-09	6.312671e+00	-2.953993e+02
8.900000e-07	1.065140e-06	-4.632020e-09	7.390224e+00	-2.747619e+02
9.000000e-07	1.220041e-06	-4.271525e-09	8.464966e+00	-2.531720e+02
9.100000e-07	1.374526e-06	-3.892502e-09	9.536826e+00	-2.305493e+02
9.200000e-07	1.528513e-06	-3.486939e-09	1.060523e+01	-2.067564e+02
9.300000e-07	1.681846e-06	-3.056891e-09	1.166909e+01	-1.816132e+02
9.400000e-07	1.834438e-06	-2.607163e-09	1.272782e+01	-1.549245e+02
9.500000e-07	1.986310e-06	-2.130451e-09	1.378155e+01	-1.265141e+02
9.600000e-07	2.137435e-06	-1.615336e-09	1.483009e+01	-9.625878e+01
9.700000e-07	2.287808e-06	-1.065503e-09	1.587342e+01	-6.411470e+01
9.800000e-07	2.437442e-06	-4.906087e-10	1.691162e+01	-3.013262e+01
9.900000e-07	2.586296e-06	1.086441e-10	1.794441e+01	5.537838e+00
1.000000e-06	2.734284e-06	7.367543e-10	1.897119e+01	4.265389e+01
1.010000e-06	2.881326e-06	1.389170e-09	1.999141e+01	8.089211e+01
1.020000e-06	3.027355e-06	2.050413e-09	2.100460e+01	1.198656e+02
1.030000e-06	3.172227e-06	2.710522e-09	2.200975e+01	1.591440e+02
1.040000e-06	3.315869e-06	3.368844e-09	2.300638e+01	1.982771e+02
1.050000e-06	3.458290e-06	4.020218e-09	2.399454e+01	2.368202e+02
1.060000e-06	3.599448e-06	4.653587e-09	2.497393e+01	2.743607e+02
1.070000e-06	3.739240e-06	5.260558e-09	2.594384e+01	3.105445e+02
1.080000e-06	3.877586e-06	5.841481e-09	2.690372e+01	3.450959e+02
1.090000e-06	4.014404e-06	6.396240e-09	2.785300e+01	3.778300e+02
1.100000e-06	4.149707e-06	6.918160e-09	2.879177e+01	4.086526e+02
1.110000e-06	4.283620e-06	7.401909e-09	2.972089e+01	4.375502e+02
1.120000e-06	4.416034e-06	7.850721e-09	3.063961e+01	4.645696e+02
1.130000e-06	4.546821e-06	8.273748e-09	3.154705e+01	4.897942e+02
1.140000e-06	4.675923e-06	8.670888e-09	3.244280e+01	5.133223e+02
1.150000e-06	4.803341e-06	9.039355e-09	3.332686e+01	5.352509e+02
1.160000e-06	4.929161e-06	9.381708e-09	3.419983e+01	5.556684e+02
1.170000e-06	5.053309e-06	9.700382e-09	3.506120e+01	5.746552e+02
1.180000e-06	5.175623e-06	9.997703e-09	3.590984e+01	5.922891e+02
1.190000e-06	5.295986e-06	1.027036e-08	3.674496e+01	6.086513e+02
1.200000e-06	5.414416e-06	1.052123e-08	3.756666e+01	6.238297e+02
1.210000e-06	5.530859e-06	1.075761e-08	3.837457e+01	6.379175e+02
1.220000e-06	5.645088e-06	1.098127e-08	3.916712e+01	6.510080e+02
1.230000e-06	5.757117e-06	1.118628e-08	3.994441e+01	6.631869e+02
1.240000e-06	5.867172e-06	1.137363e-08	4.070800e+01	6.745269e+02
1.250000e-06	5.975292e-06	1.155038e-08	4.145817e+01	6.850857e+02
1.260000e-06	6.081281e-06	1.171753e-08	4.219354e+01	6.949084e+02
1.270000e-06	6.184994e-06	1.187164e-08	4.291313e+01	7.040332e+02
1.280000e-06	6.286461e-06	1.201179e-08	4.361714e+01	7.124985e+02
1.290000e-06	6.385643e-06	1.214311e-08	4.430529e+01	7.203476e+02
1.300000e-06	6.482467e-06	1.226544e-08	4.497708e+01	7.276302e+02
1.310000e-06	6.576979e-06	1.237627e-08	4.563283e+01	7.343996e+02
1.320000e-06	6.669219e-06	1.247810e-08	4.627282e+01	7.407080e+02
1.330000e-06	6.759073e-06	1.257739e-08	4.689624e+01	7.466005e+02
1.340000e-06	6.846545e-06	1.267333e-08	4.750315e+01	7.521122e+02
1.350000e-06	6.931724e-06	1.276065e-08	4.809415e+01	7.572680e+02
1.360000e-06	7.014555e-06	1.283932e-08	4.866885e+01	7.620862e+02
1.370000e-06	7.094873e-06	1.291425e-08	4.922611e+01	7.665828e+02
1.380000e-06	7.172576e-06	1.298573e-08	4.976524e+01	7.707763e+02
1.390000e-06	7.247577e-06	1.304979e-08	5.028561e+01	7.746898e+02
1.400000e-06	7.319835e-06	1.310745e-08	5.078696e+01	7.783500e+02
1.410000e-06	7.389520e-06	1.316454e-08	5.127045e+01	7.817837e+02
1.420000e-06	7.456619e-06	1.322200e-08	5.173600e+01	7.850134e+02
1.430000e-06	7.521031e-06	1.327452e-08	5.218291e+01	7.880540e+02
1.440000e-06	7.582887e-06	1.332049e-08	5.261208e+01	7.909114e+02
1.450000e-06	7.642148e-06	1.336488e-08	5.302325e+01	7.935845e+02
1.460000e-06	7.698642e-06	1.340919e-08	5.341522e+01	7.960693e+02
1.470000e-06	7.752214e-06	1.344876e-08	5.378692e+01	7.983634e+02
1.480000e-06	7.802590e-06	1.348285e-08	5.413644e+01	8.004692e+02
1.490000e-06	7.849913e-06	1.351246e-08	5.446478e+01	8.023961e+02
1.500000e-06	7.894507e-06	1.353957e-08	5.477419e+01	8.041586e+02
1.510000e-06	7.936270e-06	1.356655e-08	5.506395e+01	8.057737e+02
1.520000e-06	7.975171e-06	1.359236e-08	5.533386e+01	8.072571e+02
1.530000e-06	8.011364e-06	1.361547e-08	5.558497e+01	8.086201e+02
1.540000e-06	8.044734e-06	1.363696e-08	5.581650e+01	8.098684e+02
1.550000e-06	8.075272e-06	1.365623e-08	5.602839e+01	8.110019e+02
1.560000e-06	8.103072e-06	1.367046e-08	5.622127e+01	8.120165e+02
1.570000e-06	8.127916e-06	1.368058e-08	5.639364e+01	8.129067e+02
1.580000e-06	8.149851e-06	1.369010e-08	5.654583e+01	8.136677e+02
1.590000e-06	8.169065e-06	1.370037e-08	5.667914e+01	8.142978e+02
1.600000e-06	8.185409e-06	1.370912e-08	5.679254e+01	8.147995e+02
1.610000e-06	8.198672e-06	1.371374e-08	5.688457e+01	8.151800e+02
1.620000e-06	8.208731e-06	1.371676e-08	5.695435e+01	8.154510e+02
1.630000e-06	8.215771e-06	1.372058e-08	5.700320e+01	8.156264e+02
1.640000e-06	8.219992e-06	1.372288e-08	5.703249e+01	8.157204e+02
1.650000e-06	8.221291e-06	1.371972e-08	5.704150e+01	8.157442e+02
1.660000e-06	8.219805e-06	1.371943e-08	5.703119e+01	8.157022e+02
1.670000e-06	8.215660e-06	1.371681e-08	5.700244e+01	8.155904e+02
1.680000e-06	8.208755e-06	1.371178e-08	5.695452e+01	8.153959e+02
1.690000e-06	8.199136e-06	1.370630e-08	5.688778e+01	8.151000e+02
1.700000e-06	8.186705e-06	1.369681e-08	5.680154e+01	8.146826e+02
1.710000e-06	8.171446e-06	1.367929e-08	5.669566e+01	8.141293e+02
1.720000e-06	8.153675e-06	1.364608e-08	5.657236e+01	8.134361e+02
1.730000e-06	8.133473e-06	1.368630e-08	5.643220e+01	8.126127e+02
1.740000e-06	8.110207e-06	1.371773e-08	5.627077e+01	8.116806e+02
1.750000e-06	8.083171e-06	1.366486e-08	5.608319e+01	8.106674e+02
1.760000e-06	8.052477e-06	1.361851e-08	5.587022e+01	8.095984e+02
1.770000e-06	8.018893e-06	1.359537e-08	5.563721e+01	8.084884e+02
1.780000e-06	7.982909e-06	1.352584e-08	5.538754e+01	8.073368e+02
1.790000e-06	7.944640e-06	1.352895e-08	5.512202e+01	8.061277e+02
1.800000e-06	7.904263e-06	1.356554e-08	5.484188e+01	8.048357e+02
1.810000e-06	7.861418e-06	1.345276e-08	5.454461e+01	8.034351e+02
1.820000e-06	7.815874e-06	1.351192e-08	5.422861e+01	8.019094e+02
1.830000e-06	7.767595e-06	1.349684e-08	5.389364e+01	8.002573e+02
1.840000e-06	7.716054e-06	1.342765e-08	5.353603e+01	7.984931e+02
1.850000e-06	7.661404e-06	1.343119e-08	5.315686e+01	7.966403e+02
1.860000e-06	7.603999e-06	1.330351e-08	5.275857e+01	7.947218e+02
1.870000e-06	7.544019e-06	1.334903e-08	5.234241e+01	7.927498e+02
1.880000e-06	7.481397e-06	1.331085e-08	5.190792e+01	7.907193e+02
1.890000e-06	7.415904e-06	1.326785e-08	5.145351e+01	7.886089e+02
1.900000e-06	7.347658e-06	1.327540e-08	5.098001e+01	7.863879e+02
1.910000e-06	7.276510e-06	1.319015e-08	5.048636e+01	7.840283e+02
1.920000e-06	7.202606e-06	1.318150e-08	4.997359e+01	7.815156e+02
1.930000e-06	7.125974e-06	1.307553e-08	4.944190e+01	7.788551e+02
1.940000e-06	7.046566e-06	1.304139e-08	4.889095e+01	7.760711e+02
1.950000e-06	6.964678e-06	1.300650e-08	4.832279e+01	7.731973e+02
1.960000e-06	6.880326e-06	1.296640e-08	4.773753e+01	7.702641e+02
1.970000e-06	6.793475e-06	1.296283e-08	4.713493e+01	7.672861e+02
1.980000e-06	6.704128e-06	1.286233e-08	4.651502e+01	7.642548e+02
1.990000e-06	6.612505e-06	1.282013e-08	4.587931e+01	7.611411e+02
2.000000e-06	6.518609e-06	1.273703e-08	4.522784e+01	7.579044e+02
2.010000e-06	6.422346e-06	1.268308e-08	4.455994e+01	7.545081e+02
2.020000e-06	6.323877e-06	1.261675e-08	4.387674e+01	7.509322e+02
2.030000e-06	6.223098e-06	1.256217e-08	4.317751e+01	7.471807e+02
2.040000e-06	6.119981e-06	1.252889e-08	4.246205e+01	7.432795e+02
2.050000e-06	6.014659e-06	1.245914e-08	4.173130e+01	7.392655e+02
2.060000e-06	5.907268e-06	1.238805e-08	4.098619e+01	7.351711e+02
2.070000e-06	5.797786e-06	1.229050e-08	4.022658e+01	7.310111e+02
2.080000e-06	5.686169e-06	1.222388e-08	3.945215e+01	7.267759e+02
2.090000e-06	5.572361e-06	1.214549e-08	3.866252e+01	7.224340e+02
2.100000e-06	5.456372e-06	1.207440e-08	3.785776e+01	7.179444e+02
2.110000e-06	5.338274e-06	1.199295e-08	3.703836e+01	7.132723e+02
2.120000e-06	5.218076e-06	1.192565e-08	3.620440e+01	7.084022e+02
2.130000e-06	5.096055e-06	1.184619e-08	3.535779e+01	7.033442e+02
2.140000e-06	4.972293e-06	1.175397e-08	3.449909e+01	6.981298e+02
2.150000e-06	4.846720e-06	1.165799e-08	3.362783e+01	6.927987e+02
2.160000e-06	4.719319e-06	1.156486e-08	3.274389e+01	6.873825e+02
2.170000e-06	4.590219e-06	1.147976e-08	3.184816e+01	6.818909e+02
2.180000e-06	4.459557e-06	1.137872e-08	3.094159e+01	6.763062e+02
2.190000e-06	4.327415e-06	1.128436e-08	3.002476e+01	6.705884e+02
2.200000e-06	4.193768e-06	1.118287e-08	2.909748e+01	6.646885e+02
2.210000e-06	4.058463e-06	1.108822e-08	2.815870e+01	6.585656e+02
2.220000e-06	3.921549e-06	1.097879e-08	2.720875e+01	6.522003e+02
2.230000e-06	3.783237e-06	1.086398e-08	2.624911e+01	6.455990e+02
2.240000e-06	3.643617e-06	1.074792e-08	2.528038e+01	6.387892e+02
2.250000e-06	3.502624e-06	1.063057e-08	2.430214e+01	6.318054e+02
2.260000e-06	3.360283e-06	1.051171e-08	2.331454e+01	6.246730e+02
2.270000e-06	3.216627e-06	1.038328e-08	2.231782e+01	6.173964e+02
2.280000e-06	3.071745e-06	1.025788e-08	2.131258e+01	6.099550e+02
2.290000e-06	2.925800e-06	1.013225e-08	2.029998e+01	6.023102e+02
2.300000e-06	2.778955e-06	1.000332e-08	1.928113e+01	5.944184e+02
2.310000e-06	2.631196e-06	9.866397e-09	1.825594e+01	5.862464e+02
2.320000e-06	2.482522e-06	9.723527e-09	1.722440e+01	5.777813e+02
2.330000e-06	2.332948e-06	9.577026e-09	1.618661e+01	5.690318e+02
2.340000e-06	2.182438e-06	9.422936e-09	1.514233e+01	5.600202e+02
2.350000e-06	2.031084e-06	9.262336e-09	1.409220e+01	5.507679e+02
2.360000e-06	1.878987e-06	9.100429e-09	1.303691e+01	5.412816e+02
2.370000e-06	1.726245e-06	8.939897e-09	1.197714e+01	5.315451e+02
2.380000e-06	1.572926e-06	8.777056e-09	1.091338e+01	5.215206e+02
2.390000e-06	1.419083e-06	8.604077e-09	9.845976e+00	5.111590e+02
2.400000e-06	1.264781e-06	8.423090e-09	8.775387e+00	5.004147e+02
2.410000e-06	1.110030e-06	8.234009e-09	7.701680e+00	4.892584e+02
2.420000e-06	9.549128e-07	8.036031e-09	6.625439e+00	4.776825e+02
2.430000e-06	7.995218e-07	7.829050e-09	5.547295e+00	4.656951e+02
2.440000e-06	6.438444e-07	7.616399e-09	4.467164e+00	4.533054e+02
2.450000e-06	4.879195e-07	7.405395e-09	3.385315e+00	4.405052e+02
2.460000e-06	3.318443e-07	7.189058e-09	2.302424e+00	4.272537e+02
2.470000e-06	1.756233e-07	6.960470e-09	1.218521e+00	4.134729e+02
2.480000e-06	1.933522e-08	6.715952e-09	1.341529e-01	3.990555e+02
2.490000e-06	-1.369194e-07	6.459644e-09	-9.499829e-01	3.838837e+02
2.500000e-06	-2.930957e-07	6.189888e-09	-2.033576e+00	3.678530e+02
2.510000e-06	-4.491226e-07	5.903292e-09	-3.116132e+00	3.508920e+02
2.520000e-06	-6.050125e-07	5.600911e-09	-4.197738e+00	3.329710e+02
2.530000e-06	-7.606964e-07	5.284682e-09	-5.277914e+00	3.140951e+02
2.540000e-06	-9.160796e-07	4.955273e-09	-6.356004e+00	2.942846e+02
2.550000e-06	-1.071124e-06	4.607002e-09	-7.431742e+00	2.735472e+02
2.560000e-06	-1.225816e-06	4.239686e-09	-8.505039e+00	2.518515e+02
2.570000e-06	-1.380070e-06	3.854897e-09	-9.575289e+00	2.291108e+02
2.580000e-06	-1.533828e-06	3.453470e-09	-1.064211e+01	2.051823e+02
2.590000e-06	-1.687101e-06	3.030250e-09	-1.170555e+01	1.798828e+02
2.600000e-06	-1.839717e-06	2.578907e-09	-1.276445e+01	1.530173e+02
2.610000e-06	-1.991616e-06	2.099850e-09	-1.381836e+01	1.244138e+02
2.620000e-06	-2.142818e-06	1.592596e-09	-1.486744e+01	9.395666e+01
2.630000e-06	-2.293224e-06	1.054277e-09	-1.591100e+01	6.161141e+01
2.640000e-06	-2.442717e-06	4.825601e-10	-1.694822e+01	2.743950e+01
2.650000e-06	-2.591274e-06	-1.192120e-10	-1.797895e+01	-8.399050e+00
2.660000e-06	-2.738930e-06	-7.430427e-10	-1.900342e+01	-4.565213e+01
2.670000e-06	-2.885671e-06	-1.385449e-09	-2.002155e+01	-8.398864e+01
2.680000e-06	-3.031514e-06	-2.040907e-09	-2.103345e+01	-1.230159e+02
2.690000e-06	-3.176288e-06	-2.702286e-09	-2.203793e+01	-1.623005e+02
2.700000e-06	-3.319832e-06	-3.359237e-09	-2.303388e+01	-2.013914e+02
2.710000e-06	-3.462078e-06	-4.004596e-09	-2.402082e+01	-2.398460e+02
2.720000e-06	-3.602893e-06	-4.633366e-09	-2.499783e+01	-2.772570e+02
2.730000e-06	-3.742304e-06	-5.237849e-09	-2.596510e+01	-3.132776e+02
2.740000e-06	-3.880397e-06	-5.815200e-09	-2.692322e+01	-3.476415e+02
2.750000e-06	-4.017114e-06	-6.362046e-09	-2.787181e+01	-3.801737e+02
2.760000e-06	-4.152368e-06	-6.877880e-09	-2.881023e+01	-4.107896e+02
2.770000e-06	-4.286064e-06	-7.364197e-09	-2.973785e+01	-4.394829e+02
2.780000e-06	-4.418181e-06	-7.819038e-09	-3.065451e+01	-4.663056e+02
2.790000e-06	-4.548839e-06	-8.241382e-09	-3.156105e+01	-4.913437e+02
2.800000e-06	-4.677970e-06	-8.636104e-09	-3.245700e+01	-5.146960e+02
2.810000e-06	-4.805409e-06	-9.006796e-09	-3.334120e+01	-5.364587e+02
2.820000e-06	-4.931079e-06	-9.350178e-09	-3.421314e+01	-5.567192e+02
2.830000e-06	-5.055004e-06	-9.665739e-09	-3.507296e+01	-5.755573e+02
2.840000e-06	-5.177272e-06	-9.958847e-09	-3.592129e+01	-5.930511e+02
2.850000e-06	-5.297681e-06	-1.023391e-08	-3.675672e+01	-6.092821e+02
2.860000e-06	-5.415950e-06	-1.049064e-08	-3.757730e+01	-6.243393e+02
2.870000e-06	-5.532028e-06	-1.072836e-08	-3.838268e+01	-6.383159e+02
2.880000e-06	-5.645933e-06	-1.094911e-08	-3.917298e+01	-6.513048e+02
2.890000e-06	-5.757582e-06	-1.115491e-08	-3.994764e+01	-6.633907e+02
2.900000e-06	-5.867084e-06	-1.134484e-08	-4.070739e+01	-6.746446e+02
2.910000e-06	-5.974664e-06	-1.151792e-08	-4.145380e+01	-6.851226e+02
2.920000e-06	-6.080239e-06	-1.167804e-08	-4.218631e+01	-6.948688e+02
2.930000e-06	-6.183641e-06	-1.183103e-08	-4.290375e+01	-7.039211e+02
2.940000e-06	-6.284707e-06	-1.197765e-08	-4.360497e+01	-7.123182e+02
2.950000e-06	-6.383511e-06	-1.211452e-08	-4.429050e+01	-7.201042e+02
2.960000e-06	-6.480200e-06	-1.223852e-08	-4.496135e+01	-7.273293e+02
2.970000e-06	-6.574615e-06	-1.235170e-08	-4.561643e+01	-7.340470e+02
2.980000e-06	-6.666619e-06	-1.245696e-08	-4.625477e+01	-7.403088e+02
2.990000e-06	-6.756360e-06	-1.255395e-08	-4.687742e+01	-7.461591e+02
3.000000e-06	-6.843833e-06	-1.264283e-08	-4.748433e+01	-7.516316e+02
3.010000e-06	-6.928794e-06	-1.272877e-08	-4.807381e+01	-7.567506e+02
3.020000e-06	-7.011243e-06	-1.281404e-08	-4.864587e+01	-7.615336e+02
3.030000e-06	-7.091208e-06	-1.289531e-08	-4.920069e+01	-7.659968e+02
3.040000e-06	-7.168477e-06	-1.296838e-08	-4.973680e+01	-7.701592e+02
3.050000e-06	-7.243009e-06	-1.303391e-08	-5.025392e+01	-7.740443e+02
3.060000e-06	-7.314942e-06	-1.309486e-08	-5.075301e+01	-7.776790e+02
3.070000e-06	-7.384226e-06	-1.314969e-08	-5.123372e+01	-7.810899e+02
3.080000e-06	-7.450892e-06	-1.319929e-08	-5.169627e+01	-7.842989e+02
3.090000e-06	-7.514999e-06	-1.324773e-08	-5.214106e+01	-7.873198e+02
3.100000e-06	-7.576413e-06	-1.329792e-08	-5.256717e+01	-7.901576e+02
3.110000e-06	-7.635095e-06	-1.334538e-08	-5.297432e+01	-7.928108e+02
3.120000e-06	-7.691001e-06	-1.338916e-08	-5.336221e+01	-7.952753e+02
3.130000e-06	-7.743995e-06	-1.342997e-08	-5.372990e+01	-7.975490e+02
3.140000e-06	-7.793914e-06	-1.346816e-08	-5.407625e+01	-7.996352e+02
3.150000e-06	-7.840751e-06	-1.350033e-08	-5.440121e+01	-8.015438e+02
3.160000e-06	-7.884938e-06	-1.352385e-08	-5.470779e+01	-8.032897e+02
3.170000e-06	-7.926685e-06	-1.354386e-08	-5.499744e+01	-8.048900e+02
3.180000e-06	-7.965657e-06	-1.356914e-08	-5.526785e+01	-8.063601e+02
3.190000e-06	-8.001764e-06	-1.359863e-08	-5.551837e+01	-8.077107e+02
3.200000e-06	-8.035140e-06	-1.362425e-08	-5.574994e+01	-8.089469e+02
3.210000e-06	-8.065624e-06	-1.364536e-08	-5.596144e+01	-8.100679e+02
3.220000e-06	-8.093126e-06	-1.366490e-08	-5.615226e+01	-8.110696e+02
3.230000e-06	-8.117805e-06	-1.368216e-08	-5.632349e+01	-8.119461e+02
3.240000e-06	-8.139597e-06	-1.369120e-08	-5.647469e+01	-8.126932e+02
3.250000e-06	-8.158523e-06	-1.369608e-08	-5.660600e+01	-8.133093e+02
3.260000e-06	-8.174582e-06	-1.370478e-08	-5.671742e+01	-8.137977e+02
3.270000e-06	-8.187476e-06	-1.371801e-08	-5.680689e+01	-8.141659e+02
3.280000e-06	-8.197307e-06	-1.372816e-08	-5.687509e+01	-8.144260e+02
3.290000e-06	-8.204265e-06	-1.373230e-08	-5.692337e+01	-8.145921e+02
3.300000e-06	-8.208304e-06	-1.373538e-08	-5.695139e+01	-8.146782e+02
3.310000e-06	-8.209507e-06	-1.373761e-08	-5.695974e+01	-8.146949e+02
