# Temperatura_=_31.06
# Concentracion g/m^3_=_11780.0
# C_Vs_to_Am_M_A/Vsm_=_59384043850.047264
# pendiente_HvsI_1/m_=_3716.3
# ordenada_HvsI_A/m_=_1297.0
# frecuencia_Hz_=_301378.80322760856

Tiempo_(s)	Campo_(V.s)	Magnetizacion_(V.s)	Campo_(kA/m)	Magnetizacion_(A/m)
0.000000e+00	-8.247271e-06	-1.349513e-08	-5.695404e+01	-8.002771e+02
1.000000e-08	-8.243471e-06	-1.348909e-08	-5.692780e+01	-8.001602e+02
2.000000e-08	-8.237108e-06	-1.348542e-08	-5.688386e+01	-7.999600e+02
3.000000e-08	-8.228041e-06	-1.347888e-08	-5.682124e+01	-7.996552e+02
4.000000e-08	-8.216032e-06	-1.347096e-08	-5.673831e+01	-7.992261e+02
5.000000e-08	-8.200996e-06	-1.346204e-08	-5.663447e+01	-7.986615e+02
6.000000e-08	-8.183095e-06	-1.345934e-08	-5.651085e+01	-7.979643e+02
7.000000e-08	-8.162765e-06	-1.345101e-08	-5.637046e+01	-7.971522e+02
8.000000e-08	-8.139728e-06	-1.338573e-08	-5.621137e+01	-7.962529e+02
9.000000e-08	-8.113284e-06	-1.333778e-08	-5.602875e+01	-7.952960e+02
1.000000e-07	-8.083539e-06	-1.336620e-08	-5.582334e+01	-7.943028e+02
1.100000e-07	-8.050866e-06	-1.339260e-08	-5.559770e+01	-7.932788e+02
1.200000e-07	-8.015403e-06	-1.336224e-08	-5.535280e+01	-7.922115e+02
1.300000e-07	-7.977528e-06	-1.333458e-08	-5.509125e+01	-7.910738e+02
1.400000e-07	-7.937466e-06	-1.335868e-08	-5.481459e+01	-7.898339e+02
1.500000e-07	-7.894822e-06	-1.327653e-08	-5.452009e+01	-7.884667e+02
1.600000e-07	-7.849308e-06	-1.325596e-08	-5.420579e+01	-7.869636e+02
1.700000e-07	-7.800999e-06	-1.322411e-08	-5.387218e+01	-7.853355e+02
1.800000e-07	-7.749548e-06	-1.314105e-08	-5.351686e+01	-7.836099e+02
1.900000e-07	-7.695019e-06	-1.320090e-08	-5.314029e+01	-7.818196e+02
2.000000e-07	-7.637772e-06	-1.316331e-08	-5.274496e+01	-7.799906e+02
2.100000e-07	-7.577811e-06	-1.311666e-08	-5.233088e+01	-7.781306e+02
2.200000e-07	-7.515207e-06	-1.307173e-08	-5.189855e+01	-7.762251e+02
2.300000e-07	-7.449817e-06	-1.302906e-08	-5.144698e+01	-7.742414e+02
2.400000e-07	-7.381596e-06	-1.301770e-08	-5.097586e+01	-7.721398e+02
2.500000e-07	-7.310666e-06	-1.293680e-08	-5.048603e+01	-7.698884e+02
2.600000e-07	-7.236992e-06	-1.290199e-08	-4.997725e+01	-7.674746e+02
2.700000e-07	-7.160491e-06	-1.289000e-08	-4.944895e+01	-7.649102e+02
2.800000e-07	-7.081162e-06	-1.286850e-08	-4.890112e+01	-7.622269e+02
2.900000e-07	-6.999191e-06	-1.279502e-08	-4.833504e+01	-7.594640e+02
3.000000e-07	-6.914853e-06	-1.271611e-08	-4.775263e+01	-7.566528e+02
3.100000e-07	-6.828236e-06	-1.269750e-08	-4.715446e+01	-7.538046e+02
3.200000e-07	-6.739218e-06	-1.264043e-08	-4.653972e+01	-7.509049e+02
3.300000e-07	-6.647766e-06	-1.258731e-08	-4.590817e+01	-7.479190e+02
3.400000e-07	-6.553989e-06	-1.253577e-08	-4.526057e+01	-7.448050e+02
3.500000e-07	-6.457826e-06	-1.249313e-08	-4.459648e+01	-7.415290e+02
3.600000e-07	-6.359266e-06	-1.244696e-08	-4.391584e+01	-7.380785e+02
3.700000e-07	-6.258396e-06	-1.236930e-08	-4.321926e+01	-7.344664e+02
3.800000e-07	-6.155271e-06	-1.229085e-08	-4.250710e+01	-7.307249e+02
3.900000e-07	-6.049929e-06	-1.221961e-08	-4.177963e+01	-7.268923e+02
4.000000e-07	-5.942386e-06	-1.217559e-08	-4.103696e+01	-7.229957e+02
4.100000e-07	-5.832716e-06	-1.210835e-08	-4.027959e+01	-7.190395e+02
4.200000e-07	-5.720899e-06	-1.203674e-08	-3.950741e+01	-7.150020e+02
4.300000e-07	-5.606926e-06	-1.197266e-08	-3.872033e+01	-7.108425e+02
4.400000e-07	-5.490784e-06	-1.191221e-08	-3.791828e+01	-7.065166e+02
4.500000e-07	-5.372503e-06	-1.182945e-08	-3.710145e+01	-7.019934e+02
4.600000e-07	-5.252229e-06	-1.172861e-08	-3.627087e+01	-6.972672e+02
4.700000e-07	-5.130154e-06	-1.164566e-08	-3.542784e+01	-6.923600e+02
4.800000e-07	-5.006205e-06	-1.157132e-08	-3.457187e+01	-6.873125e+02
4.900000e-07	-4.880434e-06	-1.149161e-08	-3.370333e+01	-6.821679e+02
5.000000e-07	-4.753004e-06	-1.139592e-08	-3.282331e+01	-6.769541e+02
5.100000e-07	-4.623838e-06	-1.130933e-08	-3.193132e+01	-6.716718e+02
5.200000e-07	-4.492993e-06	-1.122734e-08	-3.102773e+01	-6.662930e+02
5.300000e-07	-4.360428e-06	-1.113548e-08	-3.011226e+01	-6.607705e+02
5.400000e-07	-4.226316e-06	-1.102635e-08	-2.918611e+01	-6.550545e+02
5.500000e-07	-4.090724e-06	-1.091779e-08	-2.824974e+01	-6.491101e+02
5.600000e-07	-3.953559e-06	-1.082123e-08	-2.730251e+01	-6.429286e+02
5.700000e-07	-3.814942e-06	-1.071973e-08	-2.634524e+01	-6.365277e+02
5.800000e-07	-3.674821e-06	-1.060727e-08	-2.537759e+01	-6.299409e+02
5.900000e-07	-3.533214e-06	-1.049477e-08	-2.439969e+01	-6.232017e+02
6.000000e-07	-3.390219e-06	-1.039018e-08	-2.341219e+01	-6.163265e+02
6.100000e-07	-3.245932e-06	-1.027441e-08	-2.241577e+01	-6.093057e+02
6.200000e-07	-3.100485e-06	-1.014210e-08	-2.141135e+01	-6.021057e+02
6.300000e-07	-2.953955e-06	-1.000964e-08	-2.039944e+01	-5.946801e+02
6.400000e-07	-2.806447e-06	-9.884530e-09	-1.938077e+01	-5.869875e+02
6.500000e-07	-2.657984e-06	-9.755852e-09	-1.835552e+01	-5.790058e+02
6.600000e-07	-2.508645e-06	-9.614423e-09	-1.732421e+01	-5.707398e+02
6.700000e-07	-2.358553e-06	-9.471874e-09	-1.628771e+01	-5.622158e+02
6.800000e-07	-2.207620e-06	-9.331359e-09	-1.524539e+01	-5.534683e+02
6.900000e-07	-2.055734e-06	-9.184026e-09	-1.419650e+01	-5.445209e+02
7.000000e-07	-1.903054e-06	-9.021960e-09	-1.314212e+01	-5.353717e+02
7.100000e-07	-1.749718e-06	-8.857292e-09	-1.208321e+01	-5.259889e+02
7.200000e-07	-1.595725e-06	-8.696398e-09	-1.101977e+01	-5.163171e+02
7.300000e-07	-1.441226e-06	-8.529316e-09	-9.952823e+00	-5.062948e+02
7.400000e-07	-1.286325e-06	-8.351164e-09	-8.883107e+00	-4.958737e+02
7.500000e-07	-1.130992e-06	-8.168184e-09	-7.810408e+00	-4.850330e+02
7.600000e-07	-9.752012e-07	-7.987255e-09	-6.734549e+00	-4.737827e+02
7.700000e-07	-8.189737e-07	-7.797173e-09	-5.655672e+00	-4.621526e+02
7.800000e-07	-6.623617e-07	-7.594168e-09	-4.574140e+00	-4.501717e+02
7.900000e-07	-5.055025e-07	-7.383947e-09	-3.490902e+00	-4.378446e+02
8.000000e-07	-3.485417e-07	-7.170999e-09	-2.406961e+00	-4.251350e+02
8.100000e-07	-1.914283e-07	-6.947304e-09	-1.321966e+00	-4.119610e+02
8.200000e-07	-3.417541e-08	-6.709078e-09	-2.360087e-01	-3.982075e+02
8.300000e-07	1.230659e-07	-6.463542e-09	8.498687e-01	-3.837489e+02
8.400000e-07	2.802785e-07	-6.210913e-09	1.935548e+00	-3.684769e+02
8.500000e-07	4.374022e-07	-5.944090e-09	3.020614e+00	-3.523221e+02
8.600000e-07	5.943487e-07	-5.657176e-09	4.104456e+00	-3.352625e+02
8.700000e-07	7.510609e-07	-5.354072e-09	5.186680e+00	-3.173151e+02
8.800000e-07	9.074644e-07	-5.038205e-09	6.266772e+00	-2.985151e+02
8.900000e-07	1.063495e-06	-4.708056e-09	7.344286e+00	-2.788865e+02
9.000000e-07	1.219034e-06	-4.361426e-09	8.418412e+00	-2.584174e+02
9.100000e-07	1.374089e-06	-4.000166e-09	9.489188e+00	-2.370445e+02
9.200000e-07	1.528653e-06	-3.623356e-09	1.055658e+01	-2.146537e+02
9.300000e-07	1.682700e-06	-3.225799e-09	1.162040e+01	-1.910940e+02
9.400000e-07	1.836248e-06	-2.803673e-09	1.268077e+01	-1.662019e+02
9.500000e-07	1.989113e-06	-2.356648e-09	1.373643e+01	-1.398283e+02
9.600000e-07	2.141177e-06	-1.882937e-09	1.478655e+01	-1.118620e+02
9.700000e-07	2.292407e-06	-1.379893e-09	1.583091e+01	-8.224636e+01
9.800000e-07	2.442767e-06	-8.496778e-10	1.686927e+01	-5.098811e+01
9.900000e-07	2.592252e-06	-2.950974e-10	1.790159e+01	-1.816081e+01
1.000000e-06	2.740849e-06	2.817758e-10	1.892776e+01	1.609457e+01
1.010000e-06	2.888484e-06	8.816485e-10	1.994730e+01	5.157009e+01
1.020000e-06	3.035097e-06	1.499628e-09	2.095979e+01	8.799259e+01
1.030000e-06	3.180690e-06	2.125209e-09	2.196523e+01	1.250290e+02
1.040000e-06	3.325150e-06	2.752133e-09	2.296284e+01	1.622983e+02
1.050000e-06	3.468364e-06	3.378502e-09	2.395185e+01	1.993922e+02
1.060000e-06	3.610298e-06	4.000100e-09	2.493201e+01	2.359029e+02
1.070000e-06	3.750859e-06	4.602326e-09	2.590270e+01	2.714556e+02
1.080000e-06	3.889978e-06	5.176370e-09	2.686343e+01	3.057381e+02
1.090000e-06	4.027650e-06	5.723728e-09	2.781416e+01	3.385216e+02
1.100000e-06	4.163699e-06	6.248812e-09	2.875369e+01	3.696680e+02
1.110000e-06	4.298159e-06	6.747099e-09	2.968224e+01	3.991218e+02
1.120000e-06	4.431168e-06	7.212479e-09	3.060078e+01	4.268909e+02
1.130000e-06	4.562576e-06	7.649583e-09	3.150826e+01	4.530209e+02
1.140000e-06	4.692348e-06	8.064303e-09	3.240444e+01	4.775718e+02
1.150000e-06	4.820431e-06	8.454823e-09	3.328895e+01	5.006015e+02
1.160000e-06	4.946794e-06	8.815601e-09	3.416159e+01	5.221603e+02
1.170000e-06	5.071510e-06	9.149182e-09	3.502286e+01	5.422944e+02
1.180000e-06	5.194449e-06	9.462494e-09	3.587185e+01	5.610551e+02
1.190000e-06	5.315474e-06	9.755892e-09	3.670763e+01	5.785066e+02
1.200000e-06	5.434576e-06	1.002565e-08	3.753012e+01	5.947305e+02
1.210000e-06	5.551696e-06	1.027758e-08	3.833893e+01	6.098217e+02
1.220000e-06	5.666657e-06	1.051680e-08	3.913282e+01	6.238802e+02
1.230000e-06	5.779339e-06	1.074306e-08	3.991098e+01	6.369987e+02
1.240000e-06	5.889914e-06	1.095076e-08	4.067459e+01	6.492536e+02
1.250000e-06	5.998561e-06	1.113868e-08	4.142489e+01	6.607012e+02
1.260000e-06	6.105181e-06	1.131428e-08	4.216118e+01	6.713798e+02
1.270000e-06	6.209530e-06	1.148091e-08	4.288180e+01	6.813186e+02
1.280000e-06	6.311600e-06	1.163541e-08	4.358668e+01	6.905471e+02
1.290000e-06	6.411403e-06	1.177687e-08	4.427590e+01	6.991030e+02
1.300000e-06	6.508782e-06	1.190987e-08	4.494838e+01	7.070361e+02
1.310000e-06	6.603795e-06	1.203610e-08	4.560452e+01	7.144048e+02
1.320000e-06	6.696553e-06	1.215274e-08	4.624509e+01	7.212697e+02
1.330000e-06	6.786988e-06	1.225952e-08	4.686961e+01	7.276856e+02
1.340000e-06	6.874983e-06	1.235864e-08	4.747729e+01	7.336942e+02
1.350000e-06	6.960585e-06	1.245295e-08	4.806844e+01	7.393230e+02
1.360000e-06	7.043881e-06	1.254132e-08	4.864367e+01	7.445868e+02
1.370000e-06	7.124688e-06	1.262014e-08	4.920170e+01	7.494942e+02
1.380000e-06	7.202838e-06	1.269570e-08	4.974139e+01	7.540547e+02
1.390000e-06	7.278322e-06	1.276950e-08	5.026267e+01	7.582834e+02
1.400000e-06	7.351070e-06	1.283696e-08	5.076505e+01	7.622035e+02
1.410000e-06	7.421167e-06	1.289774e-08	5.124913e+01	7.658441e+02
1.420000e-06	7.488661e-06	1.295463e-08	5.171523e+01	7.692360e+02
1.430000e-06	7.553459e-06	1.300948e-08	5.216271e+01	7.724063e+02
1.440000e-06	7.615606e-06	1.305971e-08	5.259189e+01	7.753748e+02
1.450000e-06	7.675236e-06	1.310405e-08	5.300368e+01	7.781525e+02
1.460000e-06	7.732170e-06	1.314596e-08	5.339686e+01	7.807433e+02
1.470000e-06	7.786223e-06	1.318805e-08	5.377013e+01	7.831475e+02
1.480000e-06	7.837136e-06	1.322719e-08	5.412173e+01	7.853660e+02
1.490000e-06	7.884850e-06	1.325906e-08	5.445123e+01	7.874032e+02
1.500000e-06	7.929730e-06	1.328539e-08	5.476117e+01	7.892683e+02
1.510000e-06	7.971770e-06	1.331372e-08	5.505148e+01	7.909750e+02
1.520000e-06	8.010874e-06	1.334405e-08	5.532153e+01	7.925381e+02
1.530000e-06	8.047296e-06	1.337017e-08	5.557305e+01	7.939710e+02
1.540000e-06	8.080939e-06	1.339015e-08	5.580538e+01	7.952827e+02
1.550000e-06	8.111640e-06	1.340943e-08	5.601740e+01	7.964760e+02
1.560000e-06	8.139650e-06	1.342764e-08	5.621083e+01	7.975479e+02
1.570000e-06	8.164800e-06	1.343967e-08	5.638451e+01	7.984910e+02
1.580000e-06	8.187001e-06	1.344806e-08	5.653783e+01	7.992969e+02
1.590000e-06	8.206459e-06	1.345744e-08	5.667220e+01	7.999597e+02
1.600000e-06	8.223008e-06	1.346903e-08	5.678649e+01	8.004789e+02
1.610000e-06	8.236506e-06	1.347685e-08	5.687970e+01	8.008618e+02
1.620000e-06	8.246815e-06	1.348041e-08	5.695089e+01	8.011228e+02
1.630000e-06	8.254023e-06	1.348354e-08	5.700067e+01	8.012811e+02
1.640000e-06	8.258433e-06	1.348618e-08	5.703113e+01	8.013565e+02
1.650000e-06	8.259936e-06	1.348308e-08	5.704150e+01	8.013635e+02
1.660000e-06	8.258527e-06	1.347947e-08	5.703177e+01	8.013077e+02
1.670000e-06	8.254476e-06	1.347836e-08	5.700380e+01	8.011826e+02
1.680000e-06	8.247728e-06	1.347607e-08	5.695720e+01	8.009722e+02
1.690000e-06	8.238250e-06	1.347193e-08	5.689174e+01	8.006549e+02
1.700000e-06	8.225965e-06	1.346279e-08	5.680691e+01	8.002115e+02
1.710000e-06	8.210802e-06	1.344834e-08	5.670219e+01	7.996322e+02
1.720000e-06	8.193088e-06	1.342096e-08	5.657987e+01	7.989216e+02
1.730000e-06	8.172956e-06	1.343693e-08	5.644084e+01	7.980986e+02
1.740000e-06	8.149773e-06	1.348227e-08	5.628074e+01	7.971917e+02
1.750000e-06	8.122754e-06	1.343951e-08	5.609415e+01	7.962300e+02
1.760000e-06	8.092008e-06	1.337247e-08	5.588183e+01	7.952335e+02
1.770000e-06	8.058369e-06	1.335795e-08	5.564952e+01	7.942058e+02
1.780000e-06	8.022345e-06	1.332023e-08	5.540074e+01	7.931323e+02
1.790000e-06	7.984013e-06	1.328327e-08	5.513603e+01	7.919851e+02
1.800000e-06	7.943619e-06	1.335667e-08	5.485708e+01	7.907324e+02
1.810000e-06	7.900786e-06	1.326336e-08	5.456128e+01	7.893507e+02
1.820000e-06	7.855153e-06	1.324329e-08	5.424615e+01	7.878332e+02
1.830000e-06	7.806679e-06	1.328210e-08	5.391140e+01	7.861931e+02
1.840000e-06	7.754963e-06	1.316831e-08	5.355426e+01	7.844589e+02
1.850000e-06	7.700234e-06	1.319435e-08	5.317631e+01	7.826634e+02
1.860000e-06	7.642718e-06	1.309889e-08	5.277912e+01	7.808311e+02
1.870000e-06	7.582499e-06	1.310698e-08	5.236326e+01	7.789672e+02
1.880000e-06	7.519639e-06	1.312091e-08	5.192916e+01	7.770551e+02
1.890000e-06	7.453942e-06	1.303385e-08	5.147547e+01	7.750605e+02
1.900000e-06	7.385542e-06	1.305281e-08	5.100311e+01	7.729441e+02
1.910000e-06	7.314254e-06	1.295861e-08	5.051081e+01	7.706753e+02
1.920000e-06	7.240105e-06	1.293206e-08	4.999875e+01	7.682443e+02
1.930000e-06	7.163242e-06	1.287107e-08	4.946795e+01	7.656654e+02
1.940000e-06	7.083604e-06	1.282421e-08	4.891799e+01	7.629716e+02
1.950000e-06	7.001498e-06	1.282176e-08	4.835097e+01	7.602022e+02
1.960000e-06	6.916903e-06	1.274848e-08	4.776678e+01	7.573870e+02
1.970000e-06	6.829764e-06	1.274534e-08	4.716501e+01	7.545342e+02
1.980000e-06	6.740148e-06	1.265206e-08	4.654614e+01	7.516271e+02
1.990000e-06	6.648126e-06	1.259459e-08	4.591066e+01	7.486295e+02
2.000000e-06	6.553769e-06	1.253476e-08	4.525905e+01	7.454994e+02
2.010000e-06	6.457104e-06	1.247536e-08	4.459150e+01	7.422047e+02
2.020000e-06	6.358230e-06	1.243485e-08	4.390869e+01	7.387358e+02
2.030000e-06	6.257076e-06	1.237231e-08	4.321014e+01	7.351080e+02
2.040000e-06	6.153615e-06	1.234305e-08	4.249566e+01	7.313549e+02
2.050000e-06	6.047943e-06	1.226107e-08	4.176591e+01	7.275144e+02
2.060000e-06	5.940179e-06	1.219427e-08	4.102171e+01	7.236116e+02
2.070000e-06	5.830344e-06	1.210384e-08	4.026321e+01	7.196481e+02
2.080000e-06	5.718347e-06	1.203655e-08	3.948979e+01	7.155996e+02
2.090000e-06	5.604068e-06	1.196689e-08	3.870060e+01	7.114242e+02
2.100000e-06	5.487559e-06	1.190020e-08	3.789601e+01	7.070783e+02
2.110000e-06	5.368978e-06	1.183534e-08	3.707712e+01	7.025330e+02
2.120000e-06	5.248347e-06	1.175839e-08	3.624406e+01	6.977858e+02
2.130000e-06	5.125822e-06	1.168080e-08	3.539792e+01	6.928614e+02
2.140000e-06	5.001483e-06	1.158322e-08	3.453926e+01	6.878015e+02
2.150000e-06	4.875397e-06	1.149597e-08	3.366854e+01	6.826485e+02
2.160000e-06	4.747523e-06	1.140225e-08	3.278546e+01	6.774277e+02
2.170000e-06	4.617934e-06	1.131759e-08	3.189055e+01	6.721368e+02
2.180000e-06	4.486758e-06	1.122419e-08	3.098467e+01	6.667450e+02
2.190000e-06	4.353955e-06	1.113547e-08	3.006756e+01	6.612040e+02
2.200000e-06	4.219646e-06	1.104212e-08	2.914005e+01	6.554647e+02
2.210000e-06	4.083836e-06	1.094351e-08	2.820217e+01	6.494948e+02
2.220000e-06	3.946450e-06	1.083860e-08	2.725341e+01	6.432884e+02
2.230000e-06	3.807482e-06	1.072712e-08	2.629373e+01	6.368657e+02
2.240000e-06	3.667111e-06	1.061474e-08	2.532435e+01	6.302612e+02
2.250000e-06	3.525423e-06	1.049763e-08	2.434588e+01	6.235070e+02
2.260000e-06	3.382505e-06	1.037933e-08	2.335891e+01	6.166170e+02
2.270000e-06	3.238309e-06	1.025583e-08	2.236313e+01	6.095789e+02
2.280000e-06	3.092858e-06	1.013545e-08	2.135867e+01	6.023569e+02
2.290000e-06	2.946351e-06	1.001247e-08	2.034692e+01	5.949044e+02
2.300000e-06	2.798817e-06	9.888180e-09	1.932809e+01	5.871814e+02
2.310000e-06	2.650280e-06	9.756120e-09	1.830231e+01	5.791685e+02
2.320000e-06	2.500795e-06	9.616492e-09	1.727000e+01	5.708731e+02
2.330000e-06	2.350489e-06	9.470284e-09	1.623202e+01	5.623236e+02
2.340000e-06	2.199442e-06	9.315204e-09	1.518891e+01	5.535538e+02
2.350000e-06	2.047601e-06	9.158842e-09	1.414033e+01	5.445853e+02
2.360000e-06	1.894902e-06	9.003281e-09	1.308583e+01	5.354131e+02
2.370000e-06	1.741514e-06	8.850774e-09	1.202656e+01	5.260021e+02
2.380000e-06	1.587595e-06	8.694179e-09	1.096362e+01	5.162956e+02
2.390000e-06	1.433145e-06	8.526614e-09	9.897020e+00	5.062324e+02
2.400000e-06	1.278125e-06	8.349720e-09	8.826479e+00	4.957667e+02
2.410000e-06	1.122603e-06	8.161478e-09	7.752477e+00	4.848811e+02
2.420000e-06	9.666864e-07	7.963798e-09	6.675747e+00	4.735885e+02
2.430000e-06	8.104478e-07	7.760878e-09	5.596794e+00	4.619195e+02
2.440000e-06	6.539588e-07	7.558727e-09	4.516111e+00	4.499018e+02
2.450000e-06	4.971989e-07	7.357870e-09	3.433558e+00	4.375363e+02
2.460000e-06	3.402024e-07	7.149557e-09	2.349371e+00	4.247815e+02
2.470000e-06	1.830869e-07	6.929004e-09	1.264362e+00	4.115513e+02
2.480000e-06	2.594043e-08	6.693390e-09	1.791395e-01	3.977280e+02
2.490000e-06	-1.312283e-07	6.444488e-09	-9.062372e-01	3.831868e+02
2.500000e-06	-2.883645e-07	6.181926e-09	-1.991389e+00	3.678227e+02
2.510000e-06	-4.453171e-07	5.906428e-09	-3.075273e+00	3.515711e+02
2.520000e-06	-6.020485e-07	5.621294e-09	-4.157629e+00	3.344149e+02
2.530000e-06	-7.585610e-07	5.322058e-09	-5.238474e+00	3.163745e+02
2.540000e-06	-9.147717e-07	5.004616e-09	-6.317235e+00	2.974848e+02
2.550000e-06	-1.070597e-06	4.670116e-09	-7.393336e+00	2.777675e+02
2.560000e-06	-1.225968e-06	4.322773e-09	-8.466293e+00	2.572055e+02
2.570000e-06	-1.380847e-06	3.961450e-09	-9.535860e+00	2.357298e+02
2.580000e-06	-1.535193e-06	3.581630e-09	-1.060174e+01	2.132214e+02
2.590000e-06	-1.688988e-06	3.181677e-09	-1.166382e+01	1.895266e+02
2.600000e-06	-1.842222e-06	2.762806e-09	-1.272202e+01	1.644823e+02
2.610000e-06	-1.994780e-06	2.322223e-09	-1.377556e+01	1.379425e+02
2.620000e-06	-2.146572e-06	1.852952e-09	-1.482380e+01	1.098010e+02
2.630000e-06	-2.297555e-06	1.353292e-09	-1.586646e+01	8.000784e+01
2.640000e-06	-2.447782e-06	8.245743e-10	-1.690390e+01	4.857669e+01
2.650000e-06	-2.597273e-06	2.718281e-10	-1.793626e+01	1.558838e+01
2.660000e-06	-2.745822e-06	-3.048664e-10	-1.896211e+01	-1.880892e+01
2.670000e-06	-2.893289e-06	-9.033277e-10	-1.998049e+01	-5.440016e+01
2.680000e-06	-3.039734e-06	-1.516028e-09	-2.099181e+01	-9.090540e+01
2.690000e-06	-3.185098e-06	-2.136933e-09	-2.199567e+01	-1.279857e+02
2.700000e-06	-3.329276e-06	-2.761670e-09	-2.299133e+01	-1.652561e+02
2.710000e-06	-3.472260e-06	-3.385550e-09	-2.397875e+01	-2.023068e+02
2.720000e-06	-3.613935e-06	-3.998645e-09	-2.495713e+01	-2.387319e+02
2.730000e-06	-3.754163e-06	-4.591567e-09	-2.592551e+01	-2.741622e+02
2.740000e-06	-3.892949e-06	-5.162925e-09	-2.688394e+01	-3.082935e+02
2.750000e-06	-4.030341e-06	-5.712441e-09	-2.783275e+01	-3.409068e+02
2.760000e-06	-4.166307e-06	-6.235619e-09	-2.877170e+01	-3.718732e+02
2.770000e-06	-4.300798e-06	-6.728863e-09	-2.970047e+01	-4.011453e+02
2.780000e-06	-4.433731e-06	-7.193028e-09	-3.061848e+01	-4.287363e+02
2.790000e-06	-4.565004e-06	-7.631983e-09	-3.152502e+01	-4.546942e+02
2.800000e-06	-4.694685e-06	-8.044459e-09	-3.242058e+01	-4.790795e+02
2.810000e-06	-4.822790e-06	-8.430995e-09	-3.330524e+01	-5.019494e+02
2.820000e-06	-4.949187e-06	-8.792434e-09	-3.417812e+01	-5.233534e+02
2.830000e-06	-5.073799e-06	-9.131731e-09	-3.503867e+01	-5.433379e+02
2.840000e-06	-5.196607e-06	-9.450033e-09	-3.588675e+01	-5.619550e+02
2.850000e-06	-5.317589e-06	-9.743827e-09	-3.672223e+01	-5.792708e+02
2.860000e-06	-5.436620e-06	-1.001237e-08	-3.754423e+01	-5.953687e+02
2.870000e-06	-5.553513e-06	-1.026178e-08	-3.835148e+01	-6.103446e+02
2.880000e-06	-5.668037e-06	-1.049849e-08	-3.914236e+01	-6.242982e+02
2.890000e-06	-5.780240e-06	-1.072100e-08	-3.991721e+01	-6.373210e+02
2.900000e-06	-5.890318e-06	-1.092659e-08	-4.067739e+01	-6.494871e+02
2.910000e-06	-5.998364e-06	-1.111742e-08	-4.142353e+01	-6.608508e+02
2.920000e-06	-6.104458e-06	-1.129818e-08	-4.215619e+01	-6.714489e+02
2.930000e-06	-6.208412e-06	-1.146727e-08	-4.287408e+01	-6.813102e+02
2.940000e-06	-6.310018e-06	-1.162143e-08	-4.357575e+01	-6.904646e+02
2.950000e-06	-6.409340e-06	-1.176340e-08	-4.426165e+01	-6.989513e+02
2.960000e-06	-6.506564e-06	-1.189667e-08	-4.493306e+01	-7.068211e+02
2.970000e-06	-6.601587e-06	-1.202048e-08	-4.558927e+01	-7.141330e+02
2.980000e-06	-6.694197e-06	-1.213376e-08	-4.622882e+01	-7.209475e+02
2.990000e-06	-6.784436e-06	-1.223996e-08	-4.685199e+01	-7.273180e+02
3.000000e-06	-6.872310e-06	-1.234362e-08	-4.745883e+01	-7.332850e+02
3.010000e-06	-6.957681e-06	-1.244186e-08	-4.804839e+01	-7.388742e+02
3.020000e-06	-7.040563e-06	-1.253095e-08	-4.862075e+01	-7.440995e+02
3.030000e-06	-7.121035e-06	-1.261256e-08	-4.917648e+01	-7.489693e+02
3.040000e-06	-7.198796e-06	-1.269061e-08	-4.971348e+01	-7.534935e+02
3.050000e-06	-7.273741e-06	-1.276357e-08	-5.023103e+01	-7.576879e+02
3.060000e-06	-7.346076e-06	-1.282859e-08	-5.073057e+01	-7.615767e+02
3.070000e-06	-7.415778e-06	-1.288587e-08	-5.121191e+01	-7.651893e+02
3.080000e-06	-7.482835e-06	-1.294081e-08	-5.167500e+01	-7.685563e+02
3.090000e-06	-7.547315e-06	-1.299491e-08	-5.212028e+01	-7.717043e+02
3.100000e-06	-7.609111e-06	-1.304515e-08	-5.254703e+01	-7.746520e+02
3.110000e-06	-7.668197e-06	-1.309023e-08	-5.295507e+01	-7.774096e+02
3.120000e-06	-7.724565e-06	-1.313404e-08	-5.334434e+01	-7.799806e+02
3.130000e-06	-7.778005e-06	-1.317891e-08	-5.371338e+01	-7.823649e+02
3.140000e-06	-7.828327e-06	-1.322113e-08	-5.406089e+01	-7.845637e+02
3.150000e-06	-7.875489e-06	-1.325646e-08	-5.438659e+01	-7.865819e+02
3.160000e-06	-7.919927e-06	-1.328537e-08	-5.469347e+01	-7.884295e+02
3.170000e-06	-7.961963e-06	-1.331078e-08	-5.498376e+01	-7.901201e+02
3.180000e-06	-8.001282e-06	-1.333504e-08	-5.525529e+01	-7.916688e+02
3.190000e-06	-8.037729e-06	-1.335845e-08	-5.550698e+01	-7.930885e+02
3.200000e-06	-8.071428e-06	-1.338136e-08	-5.573970e+01	-7.943875e+02
3.210000e-06	-8.102161e-06	-1.340541e-08	-5.595194e+01	-7.955682e+02
3.220000e-06	-8.129874e-06	-1.342712e-08	-5.614332e+01	-7.966267e+02
3.230000e-06	-8.154858e-06	-1.344558e-08	-5.631585e+01	-7.975556e+02
3.240000e-06	-8.177004e-06	-1.345839e-08	-5.646879e+01	-7.983464e+02
3.250000e-06	-8.196220e-06	-1.346916e-08	-5.660149e+01	-7.989938e+02
3.260000e-06	-8.212493e-06	-1.347805e-08	-5.671387e+01	-7.994980e+02
3.270000e-06	-8.225637e-06	-1.348440e-08	-5.680464e+01	-7.998671e+02
3.280000e-06	-8.235709e-06	-1.348890e-08	-5.687420e+01	-8.001161e+02
3.290000e-06	-8.242830e-06	-1.349237e-08	-5.692337e+01	-8.002648e+02
3.300000e-06	-8.247048e-06	-1.349527e-08	-5.695250e+01	-8.003323e+02
3.310000e-06	-8.248476e-06	-1.349837e-08	-5.696236e+01	-8.003326e+02
