# Temperatura_=_26.02
# Concentracion g/m^3_=_11780.0
# C_Vs_to_Am_M_A/Vsm_=_59384043850.047264
# pendiente_HvsI_1/m_=_3716.3
# ordenada_HvsI_A/m_=_1297.0
# frecuencia_Hz_=_301376.6391301771

Tiempo_(s)	Campo_(V.s)	Magnetizacion_(V.s)	Campo_(kA/m)	Magnetizacion_(A/m)
0.000000e+00	-8.284392e-06	-1.346054e-08	-5.695392e+01	-7.985537e+02
1.000000e-08	-8.280535e-06	-1.345805e-08	-5.692741e+01	-7.984161e+02
2.000000e-08	-8.274036e-06	-1.345387e-08	-5.688273e+01	-7.981707e+02
3.000000e-08	-8.264704e-06	-1.344413e-08	-5.681857e+01	-7.978051e+02
4.000000e-08	-8.252474e-06	-1.343234e-08	-5.673449e+01	-7.973156e+02
5.000000e-08	-8.237298e-06	-1.342415e-08	-5.663016e+01	-7.967088e+02
6.000000e-08	-8.219289e-06	-1.341573e-08	-5.650635e+01	-7.959993e+02
7.000000e-08	-8.198768e-06	-1.338873e-08	-5.636527e+01	-7.952049e+02
8.000000e-08	-8.175415e-06	-1.335674e-08	-5.620472e+01	-7.943413e+02
9.000000e-08	-8.148707e-06	-1.334742e-08	-5.602111e+01	-7.934172e+02
1.000000e-07	-8.118760e-06	-1.335171e-08	-5.581523e+01	-7.924324e+02
1.100000e-07	-8.085877e-06	-1.334303e-08	-5.558916e+01	-7.913789e+02
1.200000e-07	-8.050204e-06	-1.331757e-08	-5.534392e+01	-7.902444e+02
1.300000e-07	-8.012161e-06	-1.329880e-08	-5.508237e+01	-7.890180e+02
1.400000e-07	-7.971930e-06	-1.327285e-08	-5.480579e+01	-7.876939e+02
1.500000e-07	-7.928995e-06	-1.326021e-08	-5.451062e+01	-7.862747e+02
1.600000e-07	-7.883109e-06	-1.322210e-08	-5.419516e+01	-7.847694e+02
1.700000e-07	-7.834361e-06	-1.316777e-08	-5.386003e+01	-7.831902e+02
1.800000e-07	-7.782484e-06	-1.316305e-08	-5.350338e+01	-7.815474e+02
1.900000e-07	-7.727622e-06	-1.314189e-08	-5.312622e+01	-7.798439e+02
2.000000e-07	-7.669981e-06	-1.311040e-08	-5.272994e+01	-7.780736e+02
2.100000e-07	-7.609591e-06	-1.306665e-08	-5.231477e+01	-7.762219e+02
2.200000e-07	-7.546583e-06	-1.302720e-08	-5.188160e+01	-7.742702e+02
2.300000e-07	-7.480756e-06	-1.300817e-08	-5.142905e+01	-7.722022e+02
2.400000e-07	-7.412121e-06	-1.296501e-08	-5.095720e+01	-7.700090e+02
2.500000e-07	-7.340775e-06	-1.291565e-08	-5.046670e+01	-7.676929e+02
2.600000e-07	-7.266584e-06	-1.287014e-08	-4.995665e+01	-7.652661e+02
2.700000e-07	-7.189529e-06	-1.284173e-08	-4.942691e+01	-7.627465e+02
2.800000e-07	-7.109650e-06	-1.280513e-08	-4.887775e+01	-7.601510e+02
2.900000e-07	-7.027223e-06	-1.274335e-08	-4.831108e+01	-7.574885e+02
3.000000e-07	-6.942491e-06	-1.270094e-08	-4.772856e+01	-7.547565e+02
3.100000e-07	-6.855393e-06	-1.266185e-08	-4.712977e+01	-7.519406e+02
3.200000e-07	-6.765858e-06	-1.261728e-08	-4.651423e+01	-7.490196e+02
3.300000e-07	-6.673898e-06	-1.255565e-08	-4.588202e+01	-7.459723e+02
3.400000e-07	-6.579606e-06	-1.249390e-08	-4.523378e+01	-7.427850e+02
3.500000e-07	-6.482935e-06	-1.244723e-08	-4.456918e+01	-7.394562e+02
3.600000e-07	-6.383852e-06	-1.239098e-08	-4.388800e+01	-7.359969e+02
3.700000e-07	-6.282507e-06	-1.232890e-08	-4.319127e+01	-7.324263e+02
3.800000e-07	-6.178903e-06	-1.225956e-08	-4.247901e+01	-7.287639e+02
3.900000e-07	-6.073008e-06	-1.220615e-08	-4.175100e+01	-7.250214e+02
4.000000e-07	-5.964933e-06	-1.214594e-08	-4.100800e+01	-7.211973e+02
4.100000e-07	-5.854769e-06	-1.207498e-08	-4.025063e+01	-7.172763e+02
4.200000e-07	-5.742475e-06	-1.200113e-08	-3.947863e+01	-7.132332e+02
4.300000e-07	-5.627953e-06	-1.193477e-08	-3.869131e+01	-7.090415e+02
4.400000e-07	-5.511172e-06	-1.187093e-08	-3.788846e+01	-7.046816e+02
4.500000e-07	-5.392229e-06	-1.179144e-08	-3.707074e+01	-7.001478e+02
4.600000e-07	-5.271346e-06	-1.170715e-08	-3.623970e+01	-6.954493e+02
4.700000e-07	-5.148643e-06	-1.162476e-08	-3.539613e+01	-6.906065e+02
4.800000e-07	-5.024077e-06	-1.154850e-08	-3.453976e+01	-6.856426e+02
4.900000e-07	-4.897700e-06	-1.146038e-08	-3.367093e+01	-6.805746e+02
5.000000e-07	-4.769578e-06	-1.136879e-08	-3.279011e+01	-6.754056e+02
5.100000e-07	-4.639769e-06	-1.128044e-08	-3.189770e+01	-6.701231e+02
5.200000e-07	-4.508287e-06	-1.119621e-08	-3.099378e+01	-6.647016e+02
5.300000e-07	-4.375094e-06	-1.110163e-08	-3.007810e+01	-6.591107e+02
5.400000e-07	-4.240372e-06	-1.099663e-08	-2.915190e+01	-6.533241e+02
5.500000e-07	-4.104152e-06	-1.089293e-08	-2.821541e+01	-6.473274e+02
5.600000e-07	-3.966382e-06	-1.079361e-08	-2.726826e+01	-6.411206e+02
5.700000e-07	-3.827109e-06	-1.069042e-08	-2.631079e+01	-6.347161e+02
5.800000e-07	-3.686304e-06	-1.057802e-08	-2.534277e+01	-6.281319e+02
5.900000e-07	-3.543939e-06	-1.046677e-08	-2.436403e+01	-6.213831e+02
6.000000e-07	-3.400142e-06	-1.035611e-08	-2.337545e+01	-6.144749e+02
6.100000e-07	-3.255071e-06	-1.023831e-08	-2.237812e+01	-6.073998e+02
6.200000e-07	-3.108872e-06	-1.010810e-08	-2.137302e+01	-6.001395e+02
6.300000e-07	-2.961664e-06	-9.979256e-09	-2.036098e+01	-5.926703e+02
6.400000e-07	-2.813495e-06	-9.855781e-09	-1.934235e+01	-5.849710e+02
6.500000e-07	-2.664459e-06	-9.726537e-09	-1.831775e+01	-5.770275e+02
6.600000e-07	-2.514538e-06	-9.586299e-09	-1.728706e+01	-5.688356e+02
6.700000e-07	-2.363695e-06	-9.444210e-09	-1.625004e+01	-5.603974e+02
6.800000e-07	-2.211990e-06	-9.303340e-09	-1.520709e+01	-5.517162e+02
6.900000e-07	-2.059428e-06	-9.154835e-09	-1.415825e+01	-5.427895e+02
7.000000e-07	-1.906019e-06	-8.994189e-09	-1.310359e+01	-5.336049e+02
7.100000e-07	-1.751936e-06	-8.830496e-09	-1.204429e+01	-5.241401e+02
7.200000e-07	-1.597261e-06	-8.668120e-09	-1.098093e+01	-5.143666e+02
7.300000e-07	-1.442021e-06	-8.500995e-09	-9.913673e+00	-5.042570e+02
7.400000e-07	-1.286253e-06	-8.323502e-09	-8.842792e+00	-4.937911e+02
7.500000e-07	-1.130020e-06	-8.139918e-09	-7.768712e+00	-4.829596e+02
7.600000e-07	-9.734435e-07	-7.955356e-09	-6.692274e+00	-4.717624e+02
7.700000e-07	-8.165484e-07	-7.765688e-09	-5.613645e+00	-4.602014e+02
7.800000e-07	-6.593167e-07	-7.565979e-09	-4.532701e+00	-4.482709e+02
7.900000e-07	-5.018589e-07	-7.357671e-09	-3.450203e+00	-4.359474e+02
8.000000e-07	-3.442583e-07	-7.142939e-09	-2.366723e+00	-4.231843e+02
8.100000e-07	-1.864365e-07	-6.916103e-09	-1.281722e+00	-4.099118e+02
8.200000e-07	-2.850003e-08	-6.676357e-09	-1.959333e-01	-3.960448e+02
8.300000e-07	1.293973e-07	-6.428113e-09	8.895865e-01	-3.814944e+02
8.400000e-07	2.872083e-07	-6.171978e-09	1.974513e+00	-3.661823e+02
8.500000e-07	4.449131e-07	-5.904337e-09	3.058709e+00	-3.500507e+02
8.600000e-07	6.024470e-07	-5.622005e-09	4.141730e+00	-3.330674e+02
8.700000e-07	7.596989e-07	-5.321585e-09	5.222813e+00	-3.152224e+02
8.800000e-07	9.166297e-07	-5.005077e-09	6.301688e+00	-2.965177e+02
8.900000e-07	1.073267e-06	-4.673396e-09	7.378544e+00	-2.769524e+02
9.000000e-07	1.229565e-06	-4.325710e-09	8.453068e+00	-2.565082e+02
9.100000e-07	1.385389e-06	-3.962596e-09	9.524335e+00	-2.351377e+02
9.200000e-07	1.540709e-06	-3.584093e-09	1.059214e+01	-2.127595e+02
9.300000e-07	1.695538e-06	-3.190143e-09	1.165656e+01	-1.892617e+02
9.400000e-07	1.849814e-06	-2.775452e-09	1.271719e+01	-1.645122e+02
9.500000e-07	2.003378e-06	-2.333118e-09	1.377291e+01	-1.383757e+02
9.600000e-07	2.156108e-06	-1.861036e-09	1.482291e+01	-1.107336e+02
9.700000e-07	2.307983e-06	-1.364056e-09	1.586703e+01	-8.150482e+01
9.800000e-07	2.458961e-06	-8.414587e-10	1.690498e+01	-5.066478e+01
9.900000e-07	2.609022e-06	-2.917973e-10	1.793663e+01	-1.826034e+01
1.000000e-06	2.758171e-06	2.811686e-10	1.896200e+01	1.558131e+01
1.010000e-06	2.906370e-06	8.735874e-10	1.998085e+01	5.065092e+01
1.020000e-06	3.053653e-06	1.480764e-09	2.099339e+01	8.666374e+01
1.030000e-06	3.199968e-06	2.097781e-09	2.199929e+01	1.232742e+02
1.040000e-06	3.345009e-06	2.719210e-09	2.299643e+01	1.600979e+02
1.050000e-06	3.488755e-06	3.339441e-09	2.398466e+01	1.967379e+02
1.060000e-06	3.631298e-06	3.950801e-09	2.496461e+01	2.328129e+02
1.070000e-06	3.772432e-06	4.546575e-09	2.593489e+01	2.679825e+02
1.080000e-06	3.912105e-06	5.119945e-09	2.689512e+01	3.019665e+02
1.090000e-06	4.050333e-06	5.666985e-09	2.784542e+01	3.345548e+02
1.100000e-06	4.186957e-06	6.185202e-09	2.878469e+01	3.656083e+02
1.110000e-06	4.321984e-06	6.677063e-09	2.971297e+01	3.950516e+02
1.120000e-06	4.455465e-06	7.143958e-09	3.063064e+01	4.228601e+02
1.130000e-06	4.587387e-06	7.584345e-09	3.153758e+01	4.490452e+02
1.140000e-06	4.717770e-06	7.999805e-09	3.243394e+01	4.736415e+02
1.150000e-06	4.846471e-06	8.390784e-09	3.331874e+01	4.966972e+02
1.160000e-06	4.973398e-06	8.756225e-09	3.419135e+01	5.182696e+02
1.170000e-06	5.098582e-06	9.093064e-09	3.505197e+01	5.384233e+02
1.180000e-06	5.222024e-06	9.403994e-09	3.590061e+01	5.572301e+02
1.190000e-06	5.343616e-06	9.692989e-09	3.673654e+01	5.747687e+02
1.200000e-06	5.463213e-06	9.963782e-09	3.755875e+01	5.911225e+02
1.210000e-06	5.580820e-06	1.021896e-08	3.836728e+01	6.063757e+02
1.220000e-06	5.696365e-06	1.046078e-08	3.916164e+01	6.206083e+02
1.230000e-06	5.809628e-06	1.068768e-08	3.994030e+01	6.338918e+02
1.240000e-06	5.920645e-06	1.089948e-08	4.070353e+01	6.462877e+02
1.250000e-06	6.029625e-06	1.109434e-08	4.145275e+01	6.578478e+02
1.260000e-06	6.136561e-06	1.127169e-08	4.218791e+01	6.686174e+02
1.270000e-06	6.241304e-06	1.143577e-08	4.290801e+01	6.786397e+02
1.280000e-06	6.343758e-06	1.158905e-08	4.361236e+01	6.879594e+02
1.290000e-06	6.443912e-06	1.173356e-08	4.430091e+01	6.966244e+02
1.300000e-06	6.541693e-06	1.186915e-08	4.497314e+01	7.046848e+02
1.310000e-06	6.637010e-06	1.199612e-08	4.562842e+01	7.121901e+02
1.320000e-06	6.730005e-06	1.211465e-08	4.626775e+01	7.191856e+02
1.330000e-06	6.820741e-06	1.222691e-08	4.689155e+01	7.257092e+02
1.340000e-06	6.909068e-06	1.232936e-08	4.749878e+01	7.317910e+02
1.350000e-06	6.995001e-06	1.242161e-08	4.808956e+01	7.374547e+02
1.360000e-06	7.078560e-06	1.250712e-08	4.866401e+01	7.427218e+02
1.370000e-06	7.159575e-06	1.258799e-08	4.922098e+01	7.476152e+02
1.380000e-06	7.237956e-06	1.266446e-08	4.975984e+01	7.521623e+02
1.390000e-06	7.313678e-06	1.273538e-08	5.028041e+01	7.563953e+02
1.400000e-06	7.386710e-06	1.280260e-08	5.078250e+01	7.603488e+02
1.410000e-06	7.457093e-06	1.286737e-08	5.126637e+01	7.640553e+02
1.420000e-06	7.524805e-06	1.292746e-08	5.173188e+01	7.675405e+02
1.430000e-06	7.589821e-06	1.298254e-08	5.217885e+01	7.708196e+02
1.440000e-06	7.652196e-06	1.303361e-08	5.260767e+01	7.738970e+02
1.450000e-06	7.711935e-06	1.308060e-08	5.301837e+01	7.767685e+02
1.460000e-06	7.768942e-06	1.312451e-08	5.341028e+01	7.794267e+02
1.470000e-06	7.823097e-06	1.316478e-08	5.378259e+01	7.818668e+02
1.480000e-06	7.874131e-06	1.320314e-08	5.413344e+01	7.840915e+02
1.490000e-06	7.921983e-06	1.323774e-08	5.446241e+01	7.861130e+02
1.500000e-06	7.966953e-06	1.326762e-08	5.477158e+01	7.879516e+02
1.510000e-06	8.009118e-06	1.329622e-08	5.506146e+01	7.896315e+02
1.520000e-06	8.048425e-06	1.332419e-08	5.533169e+01	7.911748e+02
1.530000e-06	8.084978e-06	1.335017e-08	5.558298e+01	7.925965e+02
1.540000e-06	8.118669e-06	1.337100e-08	5.581460e+01	7.939009e+02
1.550000e-06	8.149451e-06	1.338678e-08	5.602622e+01	7.950827e+02
1.560000e-06	8.177471e-06	1.340131e-08	5.621886e+01	7.961298e+02
1.570000e-06	8.202597e-06	1.341486e-08	5.639159e+01	7.970294e+02
1.580000e-06	8.224806e-06	1.342657e-08	5.654428e+01	7.977740e+02
1.590000e-06	8.244227e-06	1.343583e-08	5.667779e+01	7.983654e+02
1.600000e-06	8.260770e-06	1.344426e-08	5.679153e+01	7.988156e+02
1.610000e-06	8.274218e-06	1.345125e-08	5.688398e+01	7.991449e+02
1.620000e-06	8.284407e-06	1.345462e-08	5.695402e+01	7.993762e+02
1.630000e-06	8.291545e-06	1.345577e-08	5.700310e+01	7.995295e+02
1.640000e-06	8.295806e-06	1.345584e-08	5.703239e+01	7.996162e+02
1.650000e-06	8.297131e-06	1.345424e-08	5.704150e+01	7.996366e+02
1.660000e-06	8.295671e-06	1.345159e-08	5.703146e+01	7.995808e+02
1.670000e-06	8.291452e-06	1.344838e-08	5.700246e+01	7.994324e+02
1.680000e-06	8.284414e-06	1.344491e-08	5.695407e+01	7.991745e+02
1.690000e-06	8.274710e-06	1.344244e-08	5.688736e+01	7.987955e+02
1.700000e-06	8.262198e-06	1.343560e-08	5.680134e+01	7.982929e+02
1.710000e-06	8.246843e-06	1.342300e-08	5.669578e+01	7.976742e+02
1.720000e-06	8.228952e-06	1.340990e-08	5.657278e+01	7.969547e+02
1.730000e-06	8.208538e-06	1.342319e-08	5.643244e+01	7.961522e+02
1.740000e-06	8.185038e-06	1.341393e-08	5.627088e+01	7.952817e+02
1.750000e-06	8.157791e-06	1.337486e-08	5.608356e+01	7.943513e+02
1.760000e-06	8.126861e-06	1.334309e-08	5.587092e+01	7.933596e+02
1.770000e-06	8.092995e-06	1.332748e-08	5.563809e+01	7.922979e+02
1.780000e-06	8.056706e-06	1.331074e-08	5.538862e+01	7.911540e+02
1.790000e-06	8.018179e-06	1.330297e-08	5.512375e+01	7.899171e+02
1.800000e-06	7.977562e-06	1.326291e-08	5.484452e+01	7.885825e+02
1.810000e-06	7.934413e-06	1.323720e-08	5.454787e+01	7.871535e+02
1.820000e-06	7.888439e-06	1.324069e-08	5.423181e+01	7.856396e+02
1.830000e-06	7.839625e-06	1.319398e-08	5.389622e+01	7.840532e+02
1.840000e-06	7.787598e-06	1.317406e-08	5.353854e+01	7.824038e+02
1.850000e-06	7.732521e-06	1.313032e-08	5.315990e+01	7.806935e+02
1.860000e-06	7.674669e-06	1.311376e-08	5.276217e+01	7.789152e+02
1.870000e-06	7.614107e-06	1.310358e-08	5.234581e+01	7.770536e+02
1.880000e-06	7.550857e-06	1.304981e-08	5.191098e+01	7.750901e+02
1.890000e-06	7.484803e-06	1.302366e-08	5.145687e+01	7.730088e+02
1.900000e-06	7.415921e-06	1.297886e-08	5.098332e+01	7.708021e+02
1.910000e-06	7.344113e-06	1.294795e-08	5.048965e+01	7.684733e+02
1.920000e-06	7.269530e-06	1.290117e-08	4.997690e+01	7.660356e+02
1.930000e-06	7.192173e-06	1.284132e-08	4.944508e+01	7.635071e+02
1.940000e-06	7.112106e-06	1.282143e-08	4.889464e+01	7.609041e+02
1.950000e-06	7.029601e-06	1.277496e-08	4.832742e+01	7.582345e+02
1.960000e-06	6.944554e-06	1.273548e-08	4.774274e+01	7.554942e+02
1.970000e-06	6.856940e-06	1.267340e-08	4.714041e+01	7.526681e+02
1.980000e-06	6.766885e-06	1.262294e-08	4.652130e+01	7.497345e+02
1.990000e-06	6.674487e-06	1.257814e-08	4.588607e+01	7.466726e+02
2.000000e-06	6.579699e-06	1.251139e-08	4.523442e+01	7.434698e+02
2.010000e-06	6.482585e-06	1.245714e-08	4.456677e+01	7.401263e+02
2.020000e-06	6.383280e-06	1.239345e-08	4.388407e+01	7.366540e+02
2.030000e-06	6.281617e-06	1.235212e-08	4.318515e+01	7.330727e+02
2.040000e-06	6.177576e-06	1.228674e-08	4.246989e+01	7.294012e+02
2.050000e-06	6.071373e-06	1.222222e-08	4.173976e+01	7.256502e+02
2.060000e-06	5.963106e-06	1.215229e-08	4.099544e+01	7.218167e+02
2.070000e-06	5.852668e-06	1.208719e-08	4.023619e+01	7.178838e+02
2.080000e-06	5.740021e-06	1.201686e-08	3.946176e+01	7.138260e+02
2.090000e-06	5.625154e-06	1.193838e-08	3.867207e+01	7.096169e+02
2.100000e-06	5.508046e-06	1.186637e-08	3.786697e+01	7.052383e+02
2.110000e-06	5.388756e-06	1.179335e-08	3.704687e+01	7.006860e+02
2.120000e-06	5.267497e-06	1.172148e-08	3.621323e+01	6.959709e+02
2.130000e-06	5.144495e-06	1.163612e-08	3.536761e+01	6.911140e+02
2.140000e-06	5.019631e-06	1.155355e-08	3.450919e+01	6.861383e+02
2.150000e-06	4.892877e-06	1.146622e-08	3.363778e+01	6.810595e+02
2.160000e-06	4.764355e-06	1.138061e-08	3.275421e+01	6.758792e+02
2.170000e-06	4.634205e-06	1.128517e-08	3.185945e+01	6.705831e+02
2.180000e-06	4.502460e-06	1.119425e-08	3.095372e+01	6.651448e+02
2.190000e-06	4.369048e-06	1.110374e-08	3.003654e+01	6.595340e+02
2.200000e-06	4.234040e-06	1.101205e-08	2.910838e+01	6.537253e+02
2.210000e-06	4.097496e-06	1.090869e-08	2.816965e+01	6.477057e+02
2.220000e-06	3.959405e-06	1.080064e-08	2.722030e+01	6.414769e+02
2.230000e-06	3.819819e-06	1.069056e-08	2.626067e+01	6.350522e+02
2.240000e-06	3.678805e-06	1.057829e-08	2.529122e+01	6.284497e+02
2.250000e-06	3.536451e-06	1.046164e-08	2.431256e+01	6.216837e+02
2.260000e-06	3.392826e-06	1.034098e-08	2.332516e+01	6.147582e+02
2.270000e-06	3.247981e-06	1.022301e-08	2.232937e+01	6.076642e+02
2.280000e-06	3.101929e-06	1.010226e-08	2.132528e+01	6.003826e+02
2.290000e-06	2.954792e-06	9.978662e-09	2.031374e+01	5.928896e+02
2.300000e-06	2.806610e-06	9.847043e-09	1.929501e+01	5.851645e+02
2.310000e-06	2.657329e-06	9.713526e-09	1.826873e+01	5.771945e+02
2.320000e-06	2.507138e-06	9.572349e-09	1.723619e+01	5.689759e+02
2.330000e-06	2.356107e-06	9.426999e-09	1.619787e+01	5.605115e+02
2.340000e-06	2.204265e-06	9.275585e-09	1.515398e+01	5.518042e+02
2.350000e-06	2.051713e-06	9.126694e-09	1.410521e+01	5.428505e+02
2.360000e-06	1.898405e-06	8.973916e-09	1.305124e+01	5.336371e+02
2.370000e-06	1.744339e-06	8.817442e-09	1.199207e+01	5.241405e+02
2.380000e-06	1.589703e-06	8.654391e-09	1.092896e+01	5.143322e+02
2.390000e-06	1.434571e-06	8.483682e-09	9.862457e+00	5.041851e+02
2.400000e-06	1.278922e-06	8.304356e-09	8.792392e+00	4.936803e+02
2.410000e-06	1.122753e-06	8.113863e-09	7.718752e+00	4.828094e+02
2.420000e-06	9.661004e-07	7.919356e-09	6.641792e+00	4.715731e+02
2.430000e-06	8.090688e-07	7.722134e-09	5.562224e+00	4.599730e+02
2.440000e-06	6.517196e-07	7.524069e-09	4.480472e+00	4.480018e+02
2.450000e-06	4.941327e-07	7.319584e-09	3.397086e+00	4.356338e+02
2.460000e-06	3.364025e-07	7.108491e-09	2.312716e+00	4.228197e+02
2.470000e-06	1.785840e-07	6.887242e-09	1.227738e+00	4.094878e+02
2.480000e-06	2.072713e-08	6.652908e-09	1.424958e-01	3.955516e+02
2.490000e-06	-1.371519e-07	6.401923e-09	-9.428979e-01	3.809230e+02
2.500000e-06	-2.949772e-07	6.136951e-09	-2.027923e+00	3.655253e+02
2.510000e-06	-4.526698e-07	5.863624e-09	-3.112036e+00	3.493035e+02
2.520000e-06	-6.101550e-07	5.580420e-09	-4.194722e+00	3.322280e+02
2.530000e-06	-7.673522e-07	5.280332e-09	-5.275428e+00	3.142907e+02
2.540000e-06	-9.242645e-07	4.962970e-09	-6.354177e+00	2.954939e+02
2.550000e-06	-1.080807e-06	4.633464e-09	-7.430382e+00	2.758357e+02
2.560000e-06	-1.236878e-06	4.290347e-09	-8.503344e+00	2.552950e+02
2.570000e-06	-1.392483e-06	3.927666e-09	-9.573109e+00	2.338209e+02
2.580000e-06	-1.547594e-06	3.545840e-09	-1.063947e+01	2.113285e+02
2.590000e-06	-1.702143e-06	3.149372e-09	-1.170197e+01	1.877031e+02
2.600000e-06	-1.856083e-06	2.734319e-09	-1.276028e+01	1.628113e+02
2.610000e-06	-2.009308e-06	2.294067e-09	-1.381368e+01	1.365186e+02
2.620000e-06	-2.161772e-06	1.827783e-09	-1.486185e+01	1.087094e+02
2.630000e-06	-2.313472e-06	1.338486e-09	-1.590477e+01	7.930796e+01
2.640000e-06	-2.464374e-06	8.216846e-10	-1.694219e+01	4.829664e+01
2.650000e-06	-2.614424e-06	2.734563e-10	-1.797377e+01	1.573059e+01
2.660000e-06	-2.763501e-06	-2.996225e-10	-1.899865e+01	-1.825412e+01
2.670000e-06	-2.911493e-06	-8.888198e-10	-2.001606e+01	-5.343970e+01
2.680000e-06	-3.058436e-06	-1.491151e-09	-2.102628e+01	-8.953404e+01
2.690000e-06	-3.204356e-06	-2.106341e-09	-2.202946e+01	-1.261863e+02
2.700000e-06	-3.349135e-06	-2.726237e-09	-2.302479e+01	-1.630093e+02
2.710000e-06	-3.492736e-06	-3.340572e-09	-2.401202e+01	-1.996065e+02
2.720000e-06	-3.635108e-06	-3.943111e-09	-2.499081e+01	-2.355999e+02
2.730000e-06	-3.776062e-06	-4.531107e-09	-2.595984e+01	-2.706548e+02
2.740000e-06	-3.915519e-06	-5.101951e-09	-2.691859e+01	-3.044981e+02
2.750000e-06	-4.053511e-06	-5.648773e-09	-2.786727e+01	-3.369274e+02
2.760000e-06	-4.189967e-06	-6.167506e-09	-2.880538e+01	-3.678111e+02
2.770000e-06	-4.324936e-06	-6.659272e-09	-2.973327e+01	-3.970797e+02
2.780000e-06	-4.458383e-06	-7.126002e-09	-3.065070e+01	-4.247133e+02
2.790000e-06	-4.590199e-06	-7.565700e-09	-3.155691e+01	-4.507263e+02
2.800000e-06	-4.720447e-06	-7.978021e-09	-3.245235e+01	-4.751551e+02
2.810000e-06	-4.849065e-06	-8.366850e-09	-3.333658e+01	-4.980491e+02
2.820000e-06	-4.975994e-06	-8.731268e-09	-3.420919e+01	-5.194664e+02
2.830000e-06	-5.101148e-06	-9.069902e-09	-3.506961e+01	-5.394722e+02
2.840000e-06	-5.224411e-06	-9.383195e-09	-3.591703e+01	-5.581393e+02
2.850000e-06	-5.345811e-06	-9.675051e-09	-3.675163e+01	-5.755470e+02
2.860000e-06	-5.465330e-06	-9.949492e-09	-3.757330e+01	-5.917790e+02
2.870000e-06	-5.582709e-06	-1.020738e-08	-3.838027e+01	-6.069192e+02
2.880000e-06	-5.697804e-06	-1.044895e-08	-3.917153e+01	-6.210469e+02
2.890000e-06	-5.810604e-06	-1.067410e-08	-3.994701e+01	-6.342326e+02
2.900000e-06	-5.921145e-06	-1.088322e-08	-4.070696e+01	-6.465367e+02
2.910000e-06	-6.029596e-06	-1.107471e-08	-4.145255e+01	-6.580101e+02
2.920000e-06	-6.136037e-06	-1.125186e-08	-4.218431e+01	-6.686976e+02
2.930000e-06	-6.240373e-06	-1.141875e-08	-4.290161e+01	-6.786426e+02
2.940000e-06	-6.342425e-06	-1.157700e-08	-4.360320e+01	-6.878898e+02
2.950000e-06	-6.442171e-06	-1.172574e-08	-4.428893e+01	-6.964877e+02
2.960000e-06	-6.539695e-06	-1.186245e-08	-4.495940e+01	-7.044863e+02
2.970000e-06	-6.634955e-06	-1.198868e-08	-4.561429e+01	-7.119351e+02
2.980000e-06	-6.727802e-06	-1.210622e-08	-4.625260e+01	-7.188784e+02
2.990000e-06	-6.818268e-06	-1.221539e-08	-4.687454e+01	-7.253534e+02
3.000000e-06	-6.906426e-06	-1.231573e-08	-4.748062e+01	-7.313894e+02
3.010000e-06	-6.992147e-06	-1.240943e-08	-4.806993e+01	-7.370097e+02
3.020000e-06	-7.075386e-06	-1.249955e-08	-4.864219e+01	-7.422356e+02
3.030000e-06	-7.156163e-06	-1.258430e-08	-4.919752e+01	-7.470906e+02
3.040000e-06	-7.234261e-06	-1.266242e-08	-4.973443e+01	-7.516025e+02
3.050000e-06	-7.309528e-06	-1.273502e-08	-5.025188e+01	-7.558039e+02
3.060000e-06	-7.382105e-06	-1.280114e-08	-5.075084e+01	-7.597296e+02
3.070000e-06	-7.451995e-06	-1.286097e-08	-5.123132e+01	-7.634114e+02
3.080000e-06	-7.519199e-06	-1.291668e-08	-5.169334e+01	-7.668740e+02
3.090000e-06	-7.583861e-06	-1.297001e-08	-5.213788e+01	-7.701316e+02
3.100000e-06	-7.645880e-06	-1.302105e-08	-5.256425e+01	-7.731873e+02
3.110000e-06	-7.705143e-06	-1.307015e-08	-5.297167e+01	-7.760363e+02
3.120000e-06	-7.761644e-06	-1.311581e-08	-5.336011e+01	-7.786714e+02
3.130000e-06	-7.815211e-06	-1.315837e-08	-5.372837e+01	-7.810882e+02
3.140000e-06	-7.865647e-06	-1.319783e-08	-5.407512e+01	-7.832905e+02
3.150000e-06	-7.912950e-06	-1.323380e-08	-5.440031e+01	-7.852913e+02
3.160000e-06	-7.957476e-06	-1.326248e-08	-5.470643e+01	-7.871118e+02
3.170000e-06	-7.999488e-06	-1.328448e-08	-5.499525e+01	-7.887761e+02
3.180000e-06	-8.038802e-06	-1.330762e-08	-5.526553e+01	-7.903060e+02
3.190000e-06	-8.075266e-06	-1.333249e-08	-5.551622e+01	-7.917151e+02
3.200000e-06	-8.108943e-06	-1.335774e-08	-5.574774e+01	-7.930069e+02
3.210000e-06	-8.139767e-06	-1.338145e-08	-5.595965e+01	-7.941750e+02
3.220000e-06	-8.167650e-06	-1.340224e-08	-5.615134e+01	-7.952069e+02
3.230000e-06	-8.192651e-06	-1.341926e-08	-5.632322e+01	-7.960902e+02
3.240000e-06	-8.214722e-06	-1.343137e-08	-5.647495e+01	-7.968182e+02
3.250000e-06	-8.233874e-06	-1.343969e-08	-5.660662e+01	-7.973937e+02
3.260000e-06	-8.250116e-06	-1.344615e-08	-5.671828e+01	-7.978300e+02
3.270000e-06	-8.263222e-06	-1.345145e-08	-5.680839e+01	-7.981478e+02
3.280000e-06	-8.273199e-06	-1.345631e-08	-5.687697e+01	-7.983700e+02
3.290000e-06	-8.280254e-06	-1.346038e-08	-5.692547e+01	-7.985159e+02
3.300000e-06	-8.284414e-06	-1.346400e-08	-5.695407e+01	-7.985957e+02
3.310000e-06	-8.285716e-06	-1.346415e-08	-5.696303e+01	-7.986086e+02
