# Temperatura_=_38.6
# Concentracion g/m^3_=_11780.0
# C_Vs_to_Am_M_A/Vsm_=_59384043850.047264
# pendiente_HvsI_1/m_=_3716.3
# ordenada_HvsI_A/m_=_1297.0
# frecuencia_Hz_=_301382.3728117425

Tiempo_(s)	Campo_(V.s)	Magnetizacion_(V.s)	Campo_(kA/m)	Magnetizacion_(A/m)
0.000000e+00	-8.169377e-06	-1.347612e-08	-5.695784e+01	-7.996888e+02
1.000000e-08	-8.165728e-06	-1.347098e-08	-5.693239e+01	-7.995168e+02
2.000000e-08	-8.159484e-06	-1.346881e-08	-5.688886e+01	-7.992743e+02
3.000000e-08	-8.150545e-06	-1.346505e-08	-5.682653e+01	-7.989660e+02
4.000000e-08	-8.138681e-06	-1.345845e-08	-5.674382e+01	-7.985846e+02
5.000000e-08	-8.123849e-06	-1.345115e-08	-5.664041e+01	-7.981128e+02
6.000000e-08	-8.106185e-06	-1.344872e-08	-5.651725e+01	-7.975294e+02
7.000000e-08	-8.086030e-06	-1.344669e-08	-5.637673e+01	-7.968186e+02
8.000000e-08	-8.063196e-06	-1.340194e-08	-5.621753e+01	-7.959769e+02
9.000000e-08	-8.037072e-06	-1.334850e-08	-5.603539e+01	-7.950167e+02
1.000000e-07	-8.007693e-06	-1.335023e-08	-5.583056e+01	-7.939624e+02
1.100000e-07	-7.975444e-06	-1.337106e-08	-5.560571e+01	-7.928434e+02
1.200000e-07	-7.940419e-06	-1.335988e-08	-5.536151e+01	-7.916839e+02
1.300000e-07	-7.903019e-06	-1.333749e-08	-5.510076e+01	-7.904942e+02
1.400000e-07	-7.863533e-06	-1.333124e-08	-5.482545e+01	-7.892680e+02
1.500000e-07	-7.821457e-06	-1.327490e-08	-5.453209e+01	-7.879847e+02
1.600000e-07	-7.776474e-06	-1.325724e-08	-5.421847e+01	-7.866177e+02
1.700000e-07	-7.728723e-06	-1.322540e-08	-5.388554e+01	-7.851433e+02
1.800000e-07	-7.677876e-06	-1.315529e-08	-5.353103e+01	-7.835488e+02
1.900000e-07	-7.623965e-06	-1.318047e-08	-5.315516e+01	-7.818352e+02
2.000000e-07	-7.567351e-06	-1.315975e-08	-5.276044e+01	-7.800145e+02
2.100000e-07	-7.508013e-06	-1.312164e-08	-5.234672e+01	-7.781024e+02
2.200000e-07	-7.446046e-06	-1.308106e-08	-5.191469e+01	-7.761101e+02
2.300000e-07	-7.381342e-06	-1.302536e-08	-5.146356e+01	-7.740390e+02
2.400000e-07	-7.313807e-06	-1.300392e-08	-5.099270e+01	-7.718794e+02
2.500000e-07	-7.243608e-06	-1.295179e-08	-5.050326e+01	-7.696149e+02
2.600000e-07	-7.170711e-06	-1.290845e-08	-4.999502e+01	-7.672300e+02
2.700000e-07	-7.095001e-06	-1.287760e-08	-4.946716e+01	-7.647171e+02
2.800000e-07	-7.016492e-06	-1.285254e-08	-4.891979e+01	-7.620807e+02
2.900000e-07	-6.935289e-06	-1.280080e-08	-4.835363e+01	-7.593364e+02
3.000000e-07	-6.851664e-06	-1.272729e-08	-4.777059e+01	-7.565049e+02
3.100000e-07	-6.765771e-06	-1.269105e-08	-4.717173e+01	-7.536033e+02
3.200000e-07	-6.677563e-06	-1.263596e-08	-4.655673e+01	-7.506380e+02
3.300000e-07	-6.586972e-06	-1.258622e-08	-4.592513e+01	-7.476011e+02
3.400000e-07	-6.494069e-06	-1.253842e-08	-4.527740e+01	-7.444730e+02
3.500000e-07	-6.398862e-06	-1.248574e-08	-4.461360e+01	-7.412290e+02
3.600000e-07	-6.301264e-06	-1.243507e-08	-4.393313e+01	-7.378482e+02
3.700000e-07	-6.201338e-06	-1.237037e-08	-4.323644e+01	-7.343205e+02
3.800000e-07	-6.099190e-06	-1.230249e-08	-4.252425e+01	-7.306497e+02
3.900000e-07	-5.994884e-06	-1.222661e-08	-4.179702e+01	-7.268501e+02
4.000000e-07	-5.888406e-06	-1.216987e-08	-4.105464e+01	-7.229397e+02
4.100000e-07	-5.779839e-06	-1.210927e-08	-4.029770e+01	-7.189314e+02
4.200000e-07	-5.669230e-06	-1.204390e-08	-3.952652e+01	-7.148271e+02
4.300000e-07	-5.556507e-06	-1.197526e-08	-3.874060e+01	-7.106163e+02
4.400000e-07	-5.441567e-06	-1.190524e-08	-3.793923e+01	-7.062798e+02
4.500000e-07	-5.324462e-06	-1.182859e-08	-3.712276e+01	-7.017974e+02
4.600000e-07	-5.205413e-06	-1.173908e-08	-3.629274e+01	-6.971555e+02
4.700000e-07	-5.084558e-06	-1.165420e-08	-3.545012e+01	-6.923527e+02
4.800000e-07	-4.961857e-06	-1.157408e-08	-3.459464e+01	-6.873994e+02
4.900000e-07	-4.837268e-06	-1.149608e-08	-3.372599e+01	-6.823128e+02
5.000000e-07	-4.710999e-06	-1.140851e-08	-3.284562e+01	-6.771089e+02
5.100000e-07	-4.583136e-06	-1.131870e-08	-3.195415e+01	-6.717944e+02
5.200000e-07	-4.453617e-06	-1.122853e-08	-3.105112e+01	-6.663625e+02
5.300000e-07	-4.322397e-06	-1.113494e-08	-3.013625e+01	-6.607938e+02
5.400000e-07	-4.189555e-06	-1.103219e-08	-2.921006e+01	-6.550616e+02
5.500000e-07	-4.055282e-06	-1.092477e-08	-2.827389e+01	-6.491409e+02
5.600000e-07	-3.919598e-06	-1.082388e-08	-2.732788e+01	-6.430155e+02
5.700000e-07	-3.782497e-06	-1.072561e-08	-2.637201e+01	-6.366823e+02
5.800000e-07	-3.643957e-06	-1.061862e-08	-2.540609e+01	-6.301497e+02
5.900000e-07	-3.503914e-06	-1.050272e-08	-2.442969e+01	-6.234321e+02
6.000000e-07	-3.362394e-06	-1.038834e-08	-2.344300e+01	-6.165423e+02
6.100000e-07	-3.219531e-06	-1.027079e-08	-2.244694e+01	-6.094841e+02
6.200000e-07	-3.075468e-06	-1.014473e-08	-2.144252e+01	-6.022501e+02
6.300000e-07	-2.930197e-06	-1.001574e-08	-2.042967e+01	-5.948225e+02
6.400000e-07	-2.783839e-06	-9.889629e-09	-1.940924e+01	-5.871790e+02
6.500000e-07	-2.636624e-06	-9.761739e-09	-1.838284e+01	-5.792984e+02
6.600000e-07	-2.488599e-06	-9.626141e-09	-1.735079e+01	-5.711663e+02
6.700000e-07	-2.339759e-06	-9.485152e-09	-1.631307e+01	-5.627759e+02
6.800000e-07	-2.190142e-06	-9.339982e-09	-1.526992e+01	-5.541261e+02
6.900000e-07	-2.039813e-06	-9.190830e-09	-1.422181e+01	-5.452156e+02
7.000000e-07	-1.888783e-06	-9.035472e-09	-1.316881e+01	-5.360388e+02
7.100000e-07	-1.736986e-06	-8.875153e-09	-1.211047e+01	-5.265823e+02
7.200000e-07	-1.584513e-06	-8.710767e-09	-1.104741e+01	-5.168263e+02
7.300000e-07	-1.431510e-06	-8.540346e-09	-9.980653e+00	-5.067484e+02
7.400000e-07	-1.278035e-06	-8.364256e-09	-8.910608e+00	-4.963292e+02
7.500000e-07	-1.124069e-06	-8.182988e-09	-7.837138e+00	-4.855557e+02
7.600000e-07	-9.696598e-07	-7.998271e-09	-6.760579e+00	-4.744212e+02
7.700000e-07	-8.149021e-07	-7.808058e-09	-5.681591e+00	-4.629210e+02
7.800000e-07	-6.598330e-07	-7.609849e-09	-4.600431e+00	-4.510435e+02
7.900000e-07	-5.045634e-07	-7.404569e-09	-3.517874e+00	-4.387624e+02
8.000000e-07	-3.491110e-07	-7.190202e-09	-2.434042e+00	-4.260305e+02
8.100000e-07	-1.934739e-07	-6.962801e-09	-1.348922e+00	-4.127797e+02
8.200000e-07	-3.776305e-08	-6.723413e-09	-2.632883e-01	-3.989268e+02
8.300000e-07	1.179298e-07	-6.476106e-09	8.222198e-01	-3.843845e+02
8.400000e-07	2.735528e-07	-6.220357e-09	1.907241e+00	-3.690746e+02
8.500000e-07	4.290926e-07	-5.951758e-09	2.991683e+00	-3.529379e+02
8.600000e-07	5.844873e-07	-5.667498e-09	4.075112e+00	-3.359389e+02
8.700000e-07	7.396686e-07	-5.367085e-09	5.157055e+00	-3.180633e+02
8.800000e-07	8.945757e-07	-5.049910e-09	6.237085e+00	-2.993080e+02
8.900000e-07	1.049127e-06	-4.716837e-09	7.314632e+00	-2.796669e+02
9.000000e-07	1.203231e-06	-4.368317e-09	8.389062e+00	-2.591160e+02
9.100000e-07	1.356820e-06	-4.004982e-09	9.459904e+00	-2.376019e+02
9.200000e-07	1.509919e-06	-3.625085e-09	1.052733e+01	-2.150363e+02
9.300000e-07	1.662501e-06	-3.224297e-09	1.159115e+01	-1.912985e+02
9.400000e-07	1.814534e-06	-2.799431e-09	1.265114e+01	-1.662462e+02
9.500000e-07	1.965932e-06	-2.349770e-09	1.370671e+01	-1.397326e+02
9.600000e-07	2.116536e-06	-1.873940e-09	1.475673e+01	-1.116275e+02
9.700000e-07	2.266308e-06	-1.367887e-09	1.580096e+01	-8.184089e+01
9.800000e-07	2.415261e-06	-8.325924e-10	1.683947e+01	-5.034478e+01
9.900000e-07	2.563374e-06	-2.724976e-10	1.787214e+01	-1.719079e+01
1.000000e-06	2.710632e-06	3.109435e-10	1.889884e+01	1.747877e+01
1.010000e-06	2.857014e-06	9.193008e-10	1.991943e+01	5.342910e+01
1.020000e-06	3.002434e-06	1.545653e-09	2.093331e+01	9.034145e+01
1.030000e-06	3.146727e-06	2.177920e-09	2.193934e+01	1.278319e+02
1.040000e-06	3.289829e-06	2.810430e-09	2.293707e+01	1.654783e+02
1.050000e-06	3.431725e-06	3.440031e-09	2.392638e+01	2.028523e+02
1.060000e-06	3.572301e-06	4.061999e-09	2.490649e+01	2.395506e+02
1.070000e-06	3.711458e-06	4.663953e-09	2.587671e+01	2.752218e+02
1.080000e-06	3.849178e-06	5.240327e-09	2.683691e+01	3.095843e+02
1.090000e-06	3.985429e-06	5.792716e-09	2.778687e+01	3.424334e+02
1.100000e-06	4.120181e-06	6.320858e-09	2.872637e+01	3.736382e+02
1.110000e-06	4.253514e-06	6.818113e-09	2.965599e+01	4.031318e+02
1.120000e-06	4.385310e-06	7.281742e-09	3.057488e+01	4.308970e+02
1.130000e-06	4.515482e-06	7.717952e-09	3.148246e+01	4.569532e+02
1.140000e-06	4.644089e-06	8.129414e-09	3.237912e+01	4.813450e+02
1.150000e-06	4.771070e-06	8.514434e-09	3.326445e+01	5.041356e+02
1.160000e-06	4.896444e-06	8.870166e-09	3.413857e+01	5.254016e+02
1.170000e-06	5.020101e-06	9.200106e-09	3.500072e+01	5.452302e+02
1.180000e-06	5.141947e-06	9.508911e-09	3.585025e+01	5.637145e+02
1.190000e-06	5.261941e-06	9.798222e-09	3.668685e+01	5.809487e+02
1.200000e-06	5.379957e-06	1.006638e-08	3.750968e+01	5.970218e+02
1.210000e-06	5.495866e-06	1.031686e-08	3.831781e+01	6.120129e+02
1.220000e-06	5.609603e-06	1.055387e-08	3.911079e+01	6.259890e+02
1.230000e-06	5.721281e-06	1.077565e-08	3.988943e+01	6.390061e+02
1.240000e-06	5.831036e-06	1.097861e-08	4.065465e+01	6.511139e+02
1.250000e-06	5.938742e-06	1.116444e-08	4.140559e+01	6.623617e+02
1.260000e-06	6.044242e-06	1.133816e-08	4.214115e+01	6.728033e+02
1.270000e-06	6.147584e-06	1.150124e-08	4.286166e+01	6.824991e+02
1.280000e-06	6.248779e-06	1.165303e-08	4.356721e+01	6.915131e+02
1.290000e-06	6.347693e-06	1.179377e-08	4.425684e+01	6.999084e+02
1.300000e-06	6.444178e-06	1.192584e-08	4.492955e+01	7.077401e+02
1.310000e-06	6.538368e-06	1.204812e-08	4.558625e+01	7.150510e+02
1.320000e-06	6.630311e-06	1.215952e-08	4.622729e+01	7.218708e+02
1.330000e-06	6.719937e-06	1.226410e-08	4.685217e+01	7.282199e+02
1.340000e-06	6.807198e-06	1.236338e-08	4.746056e+01	7.341167e+02
1.350000e-06	6.892143e-06	1.245542e-08	4.805281e+01	7.395846e+02
1.360000e-06	6.974758e-06	1.253948e-08	4.862882e+01	7.446569e+02
1.370000e-06	7.054885e-06	1.261736e-08	4.918746e+01	7.493765e+02
1.380000e-06	7.132461e-06	1.269183e-08	4.972834e+01	7.537910e+02
1.390000e-06	7.207351e-06	1.276266e-08	5.025048e+01	7.579438e+02
1.400000e-06	7.279501e-06	1.282839e-08	5.075351e+01	7.618660e+02
1.410000e-06	7.349074e-06	1.288991e-08	5.123859e+01	7.655714e+02
1.420000e-06	7.416052e-06	1.294878e-08	5.170557e+01	7.690574e+02
1.430000e-06	7.480323e-06	1.300414e-08	5.215367e+01	7.723108e+02
1.440000e-06	7.542039e-06	1.305462e-08	5.258396e+01	7.753183e+02
1.450000e-06	7.601170e-06	1.310041e-08	5.299623e+01	7.780751e+02
1.460000e-06	7.657586e-06	1.314418e-08	5.338957e+01	7.805916e+02
1.470000e-06	7.711125e-06	1.318613e-08	5.376285e+01	7.828922e+02
1.480000e-06	7.761489e-06	1.322354e-08	5.411399e+01	7.850105e+02
1.490000e-06	7.808810e-06	1.325518e-08	5.444392e+01	7.869789e+02
1.500000e-06	7.853376e-06	1.328309e-08	5.475464e+01	7.888204e+02
1.510000e-06	7.895098e-06	1.331017e-08	5.504553e+01	7.905432e+02
1.520000e-06	7.933965e-06	1.333693e-08	5.531651e+01	7.921408e+02
1.530000e-06	7.970144e-06	1.336271e-08	5.556876e+01	7.935980e+02
1.540000e-06	8.003519e-06	1.338681e-08	5.580145e+01	7.948998e+02
1.550000e-06	8.034088e-06	1.340831e-08	5.601458e+01	7.960387e+02
1.560000e-06	8.061916e-06	1.342483e-08	5.620860e+01	7.970194e+02
1.570000e-06	8.086812e-06	1.343474e-08	5.638218e+01	7.978577e+02
1.580000e-06	8.108876e-06	1.344266e-08	5.653602e+01	7.985748e+02
1.590000e-06	8.128272e-06	1.345205e-08	5.667125e+01	7.991896e+02
1.600000e-06	8.144769e-06	1.346193e-08	5.678626e+01	7.997130e+02
1.610000e-06	8.158179e-06	1.346875e-08	5.687976e+01	8.001454e+02
1.620000e-06	8.168399e-06	1.347397e-08	5.695101e+01	8.004789e+02
1.630000e-06	8.175565e-06	1.348044e-08	5.700097e+01	8.007039e+02
1.640000e-06	8.179911e-06	1.348525e-08	5.703128e+01	8.008150e+02
1.650000e-06	8.181377e-06	1.348350e-08	5.704150e+01	8.008157e+02
1.660000e-06	8.180078e-06	1.347912e-08	5.703244e+01	8.007179e+02
1.670000e-06	8.176157e-06	1.347475e-08	5.700511e+01	8.005376e+02
1.680000e-06	8.169520e-06	1.346820e-08	5.695883e+01	8.002879e+02
1.690000e-06	8.160156e-06	1.346054e-08	5.689354e+01	7.999722e+02
1.700000e-06	8.147982e-06	1.345151e-08	5.680867e+01	7.995820e+02
1.710000e-06	8.132974e-06	1.344036e-08	5.670403e+01	7.990991e+02
1.720000e-06	8.115434e-06	1.341840e-08	5.658174e+01	7.985025e+02
1.730000e-06	8.095543e-06	1.342367e-08	5.644305e+01	7.977774e+02
1.740000e-06	8.072686e-06	1.345908e-08	5.628369e+01	7.969221e+02
1.750000e-06	8.046060e-06	1.343677e-08	5.609805e+01	7.959503e+02
1.760000e-06	8.015755e-06	1.337936e-08	5.588677e+01	7.948875e+02
1.770000e-06	7.982469e-06	1.334419e-08	5.565469e+01	7.937632e+02
1.780000e-06	7.946788e-06	1.330414e-08	5.540591e+01	7.926000e+02
1.790000e-06	7.908921e-06	1.328992e-08	5.514190e+01	7.914069e+02
1.800000e-06	7.868930e-06	1.332673e-08	5.486309e+01	7.901756e+02
1.810000e-06	7.826495e-06	1.326092e-08	5.456722e+01	7.888846e+02
1.820000e-06	7.781454e-06	1.324236e-08	5.425319e+01	7.875069e+02
1.830000e-06	7.733663e-06	1.326259e-08	5.391999e+01	7.860198e+02
1.840000e-06	7.682671e-06	1.318899e-08	5.356446e+01	7.844122e+02
1.850000e-06	7.628644e-06	1.318070e-08	5.318778e+01	7.826863e+02
1.860000e-06	7.571783e-06	1.310400e-08	5.279134e+01	7.808549e+02
1.870000e-06	7.512293e-06	1.309076e-08	5.237657e+01	7.789337e+02
1.880000e-06	7.450207e-06	1.310681e-08	5.194370e+01	7.769329e+02
1.890000e-06	7.385240e-06	1.304038e-08	5.149074e+01	7.748528e+02
1.900000e-06	7.317561e-06	1.302486e-08	5.101888e+01	7.726827e+02
1.910000e-06	7.247089e-06	1.295552e-08	5.052753e+01	7.704059e+02
1.920000e-06	7.173772e-06	1.292951e-08	5.001636e+01	7.680073e+02
1.930000e-06	7.097729e-06	1.287827e-08	4.948618e+01	7.654805e+02
1.940000e-06	7.018915e-06	1.281844e-08	4.893668e+01	7.628316e+02
1.950000e-06	6.937545e-06	1.280634e-08	4.836936e+01	7.600768e+02
1.960000e-06	6.853724e-06	1.274736e-08	4.778495e+01	7.572370e+02
1.970000e-06	6.767427e-06	1.273237e-08	4.718328e+01	7.543284e+02
1.980000e-06	6.678694e-06	1.265000e-08	4.656462e+01	7.513559e+02
1.990000e-06	6.587678e-06	1.258443e-08	4.593005e+01	7.483102e+02
2.000000e-06	6.494346e-06	1.253470e-08	4.527933e+01	7.451708e+02
2.010000e-06	6.398619e-06	1.247342e-08	4.461190e+01	7.419128e+02
2.020000e-06	6.300667e-06	1.242840e-08	4.392897e+01	7.385163e+02
2.030000e-06	6.200486e-06	1.236385e-08	4.323050e+01	7.349728e+02
2.040000e-06	6.098023e-06	1.233419e-08	4.251611e+01	7.312873e+02
2.050000e-06	5.993303e-06	1.226262e-08	4.178600e+01	7.274749e+02
2.060000e-06	5.886513e-06	1.218794e-08	4.104144e+01	7.235533e+02
2.070000e-06	5.777743e-06	1.209813e-08	4.028309e+01	7.195347e+02
2.080000e-06	5.666851e-06	1.202676e-08	3.950994e+01	7.154196e+02
2.090000e-06	5.553771e-06	1.196425e-08	3.872153e+01	7.111962e+02
2.100000e-06	5.438565e-06	1.189024e-08	3.791830e+01	7.068449e+02
2.110000e-06	5.321243e-06	1.182311e-08	3.710031e+01	7.023457e+02
2.120000e-06	5.201796e-06	1.174813e-08	3.626752e+01	6.976863e+02
2.130000e-06	5.080463e-06	1.167575e-08	3.542157e+01	6.928666e+02
2.140000e-06	4.957385e-06	1.158042e-08	3.456346e+01	6.878980e+02
2.150000e-06	4.832588e-06	1.148654e-08	3.369336e+01	6.827980e+02
2.160000e-06	4.706012e-06	1.139506e-08	3.281086e+01	6.775820e+02
2.170000e-06	4.577675e-06	1.131243e-08	3.191607e+01	6.722554e+02
2.180000e-06	4.447789e-06	1.122268e-08	3.101049e+01	6.668099e+02
2.190000e-06	4.316385e-06	1.112861e-08	3.009433e+01	6.612248e+02
2.200000e-06	4.183425e-06	1.103614e-08	2.916732e+01	6.554734e+02
2.210000e-06	4.048898e-06	1.093921e-08	2.822938e+01	6.495311e+02
2.220000e-06	3.912805e-06	1.083414e-08	2.728052e+01	6.433833e+02
2.230000e-06	3.775289e-06	1.072086e-08	2.632175e+01	6.370280e+02
2.240000e-06	3.636449e-06	1.061026e-08	2.535374e+01	6.304747e+02
2.250000e-06	3.496249e-06	1.049761e-08	2.437625e+01	6.237381e+02
2.260000e-06	3.354727e-06	1.038095e-08	2.338954e+01	6.168301e+02
2.270000e-06	3.211924e-06	1.025776e-08	2.239391e+01	6.097535e+02
2.280000e-06	3.067855e-06	1.013548e-08	2.138944e+01	6.024996e+02
2.290000e-06	2.922656e-06	1.001285e-08	2.037709e+01	5.950499e+02
2.300000e-06	2.776492e-06	9.886160e-09	1.935802e+01	5.873817e+02
2.310000e-06	2.629384e-06	9.753271e-09	1.833237e+01	5.794746e+02
2.320000e-06	2.481385e-06	9.615454e-09	1.730050e+01	5.713149e+02
2.330000e-06	2.332569e-06	9.475229e-09	1.626294e+01	5.628966e+02
2.340000e-06	2.182945e-06	9.326352e-09	1.521974e+01	5.542188e+02
2.350000e-06	2.032491e-06	9.171390e-09	1.417076e+01	5.452801e+02
2.360000e-06	1.881239e-06	9.014193e-09	1.311622e+01	5.360740e+02
2.370000e-06	1.729306e-06	8.857212e-09	1.205692e+01	5.265863e+02
2.380000e-06	1.576785e-06	8.698587e-09	1.099353e+01	5.167967e+02
2.390000e-06	1.423705e-06	8.528332e-09	9.926237e+00	5.066829e+02
2.400000e-06	1.270114e-06	8.351230e-09	8.855381e+00	4.962261e+02
2.410000e-06	1.116136e-06	8.166243e-09	7.781825e+00	4.854140e+02
2.420000e-06	9.617751e-07	7.973115e-09	6.705606e+00	4.742406e+02
2.430000e-06	8.070465e-07	7.773821e-09	5.626821e+00	4.627005e+02
2.440000e-06	6.520774e-07	7.571138e-09	4.546359e+00	4.507812e+02
2.450000e-06	4.968821e-07	7.369499e-09	3.464319e+00	4.384544e+02
2.460000e-06	3.415036e-07	7.161091e-09	2.381003e+00	4.256704e+02
2.470000e-06	1.859735e-07	6.940629e-09	1.296629e+00	4.123591e+02
2.480000e-06	3.033557e-08	6.703844e-09	2.115030e-01	3.984362e+02
2.490000e-06	-1.252994e-07	6.453044e-09	-8.736020e-01	3.838151e+02
2.500000e-06	-2.808353e-07	6.190661e-09	-1.958016e+00	3.684189e+02
2.510000e-06	-4.362271e-07	5.917169e-09	-3.041426e+00	3.521909e+02
2.520000e-06	-5.914442e-07	5.632447e-09	-4.123617e+00	3.350983e+02
2.530000e-06	-7.464119e-07	5.334770e-09	-5.204069e+00	3.171284e+02
2.540000e-06	-9.010961e-07	5.021440e-09	-6.282545e+00	2.982785e+02
2.550000e-06	-1.055417e-06	4.690462e-09	-7.358492e+00	2.785414e+02
2.560000e-06	-1.209300e-06	4.340404e-09	-8.431376e+00	2.578903e+02
2.570000e-06	-1.362764e-06	3.972188e-09	-9.501347e+00	2.362683e+02
2.580000e-06	-1.515824e-06	3.587942e-09	-1.056850e+01	2.135832e+02
2.590000e-06	-1.668370e-06	3.186841e-09	-1.163207e+01	1.897115e+02
2.600000e-06	-1.820277e-06	2.766299e-09	-1.269118e+01	1.645095e+02
2.610000e-06	-1.971463e-06	2.322989e-09	-1.374526e+01	1.378309e+02
2.620000e-06	-2.121889e-06	1.853756e-09	-1.479405e+01	1.095488e+02
2.630000e-06	-2.271530e-06	1.354292e-09	-1.583737e+01	7.957904e+01
2.640000e-06	-2.420407e-06	8.211753e-10	-1.687536e+01	4.790116e+01
2.650000e-06	-2.568487e-06	2.581433e-10	-1.790779e+01	1.457619e+01
2.660000e-06	-2.715642e-06	-3.280710e-10	-1.893377e+01	-2.024354e+01
2.670000e-06	-2.861780e-06	-9.330373e-10	-1.995266e+01	-5.631366e+01
2.680000e-06	-3.006921e-06	-1.552392e-09	-2.096460e+01	-9.330736e+01
2.690000e-06	-3.151044e-06	-2.181527e-09	-2.196944e+01	-1.308352e+02
2.700000e-06	-3.293962e-06	-2.811246e-09	-2.296588e+01	-1.684729e+02
2.710000e-06	-3.435595e-06	-3.437067e-09	-2.395336e+01	-2.057931e+02
2.720000e-06	-3.575887e-06	-4.053779e-09	-2.493149e+01	-2.423972e+02
2.730000e-06	-3.714764e-06	-4.653282e-09	-2.589976e+01	-2.779405e+02
2.740000e-06	-3.852292e-06	-5.230007e-09	-2.685862e+01	-3.121494e+02
2.750000e-06	-3.988461e-06	-5.779446e-09	-2.780801e+01	-3.448275e+02
2.760000e-06	-4.123136e-06	-6.300180e-09	-2.874697e+01	-3.758513e+02
2.770000e-06	-4.256350e-06	-6.792594e-09	-2.967576e+01	-4.051599e+02
2.780000e-06	-4.388091e-06	-7.257924e-09	-3.059428e+01	-4.327407e+02
2.790000e-06	-4.518238e-06	-7.694655e-09	-3.150167e+01	-4.586162e+02
2.800000e-06	-4.646890e-06	-8.105117e-09	-3.239865e+01	-4.828333e+02
2.810000e-06	-4.773889e-06	-8.491695e-09	-3.328410e+01	-5.054567e+02
2.820000e-06	-4.899107e-06	-8.850906e-09	-3.415714e+01	-5.265646e+02
2.830000e-06	-5.022615e-06	-9.182954e-09	-3.501825e+01	-5.462447e+02
2.840000e-06	-5.144374e-06	-9.491700e-09	-3.586717e+01	-5.645908e+02
2.850000e-06	-5.264236e-06	-9.779105e-09	-3.670286e+01	-5.816966e+02
2.860000e-06	-5.382056e-06	-1.004742e-08	-3.752431e+01	-5.976503e+02
2.870000e-06	-5.497757e-06	-1.029850e-08	-3.833099e+01	-6.125298e+02
2.880000e-06	-5.611151e-06	-1.053389e-08	-3.912159e+01	-6.264007e+02
2.890000e-06	-5.722291e-06	-1.075486e-08	-3.989647e+01	-6.393182e+02
2.900000e-06	-5.831391e-06	-1.095827e-08	-4.065713e+01	-6.513316e+02
2.910000e-06	-5.938557e-06	-1.114412e-08	-4.140430e+01	-6.624905e+02
2.920000e-06	-6.043770e-06	-1.131699e-08	-4.213786e+01	-6.728493e+02
2.930000e-06	-6.146802e-06	-1.148069e-08	-4.285621e+01	-6.824691e+02
2.940000e-06	-6.247560e-06	-1.163438e-08	-4.355870e+01	-6.914140e+02
2.950000e-06	-6.346123e-06	-1.177551e-08	-4.424590e+01	-6.997466e+02
2.960000e-06	-6.442480e-06	-1.190603e-08	-4.491771e+01	-7.075208e+02
2.970000e-06	-6.536548e-06	-1.202899e-08	-4.557356e+01	-7.147780e+02
2.980000e-06	-6.628320e-06	-1.214470e-08	-4.621341e+01	-7.215466e+02
2.990000e-06	-6.717831e-06	-1.225198e-08	-4.683749e+01	-7.278465e+02
3.000000e-06	-6.804975e-06	-1.235086e-08	-4.744507e+01	-7.336962e+02
3.010000e-06	-6.889635e-06	-1.244349e-08	-4.803532e+01	-7.391201e+02
3.020000e-06	-6.971890e-06	-1.253127e-08	-4.860882e+01	-7.441525e+02
3.030000e-06	-7.051659e-06	-1.261080e-08	-4.916498e+01	-7.488373e+02
3.040000e-06	-7.128680e-06	-1.268266e-08	-4.970198e+01	-7.532220e+02
3.050000e-06	-7.202988e-06	-1.275135e-08	-5.022006e+01	-7.573490e+02
3.060000e-06	-7.274696e-06	-1.281887e-08	-5.072001e+01	-7.612477e+02
3.070000e-06	-7.343806e-06	-1.288207e-08	-5.120186e+01	-7.649302e+02
3.080000e-06	-7.410370e-06	-1.293960e-08	-5.166595e+01	-7.683920e+02
3.090000e-06	-7.474381e-06	-1.299363e-08	-5.211224e+01	-7.716198e+02
3.100000e-06	-7.535714e-06	-1.304480e-08	-5.253986e+01	-7.746005e+02
3.110000e-06	-7.594331e-06	-1.308974e-08	-5.294855e+01	-7.773310e+02
3.120000e-06	-7.650211e-06	-1.312767e-08	-5.333815e+01	-7.798231e+02
3.130000e-06	-7.703180e-06	-1.316532e-08	-5.370745e+01	-7.821026e+02
3.140000e-06	-7.753016e-06	-1.320575e-08	-5.405492e+01	-7.842035e+02
3.150000e-06	-7.799760e-06	-1.324272e-08	-5.438082e+01	-7.861576e+02
3.160000e-06	-7.843869e-06	-1.327286e-08	-5.468835e+01	-7.879864e+02
3.170000e-06	-7.885560e-06	-1.329909e-08	-5.497903e+01	-7.896964e+02
3.180000e-06	-7.924555e-06	-1.332607e-08	-5.525090e+01	-7.912799e+02
3.190000e-06	-7.960727e-06	-1.335228e-08	-5.550310e+01	-7.927213e+02
3.200000e-06	-7.994148e-06	-1.337309e-08	-5.573611e+01	-7.940059e+02
3.210000e-06	-8.024678e-06	-1.339061e-08	-5.594898e+01	-7.951275e+02
3.220000e-06	-8.052291e-06	-1.340793e-08	-5.614150e+01	-7.960922e+02
3.230000e-06	-8.077163e-06	-1.342546e-08	-5.631491e+01	-7.969166e+02
3.240000e-06	-8.099151e-06	-1.343874e-08	-5.646821e+01	-7.976220e+02
3.250000e-06	-8.118230e-06	-1.344908e-08	-5.660123e+01	-7.982268e+02
3.260000e-06	-8.134467e-06	-1.345926e-08	-5.671444e+01	-7.987408e+02
3.270000e-06	-8.147582e-06	-1.346747e-08	-5.680587e+01	-7.991632e+02
3.280000e-06	-8.157617e-06	-1.347162e-08	-5.687584e+01	-7.994857e+02
3.290000e-06	-8.164758e-06	-1.347336e-08	-5.692563e+01	-7.996987e+02
3.300000e-06	-8.169016e-06	-1.347614e-08	-5.695532e+01	-7.997978e+02
3.310000e-06	-8.170476e-06	-1.347891e-08	-5.696550e+01	-7.997873e+02
