# Temperatura_=_34.3
# Concentracion g/m^3_=_11780.0
# C_Vs_to_Am_M_A/Vsm_=_59384043850.047264
# pendiente_HvsI_1/m_=_3716.3
# ordenada_HvsI_A/m_=_1297.0
# frecuencia_Hz_=_301381.21744236466

Tiempo_(s)	Campo_(V.s)	Magnetizacion_(V.s)	Campo_(kA/m)	Magnetizacion_(A/m)
0.000000e+00	-8.285289e-06	-1.354866e-08	-5.695167e+01	-8.036518e+02
1.000000e-08	-8.281523e-06	-1.354586e-08	-5.692578e+01	-8.036305e+02
2.000000e-08	-8.275205e-06	-1.354312e-08	-5.688234e+01	-8.035088e+02
3.000000e-08	-8.266153e-06	-1.353570e-08	-5.682013e+01	-8.032503e+02
4.000000e-08	-8.254167e-06	-1.352720e-08	-5.673773e+01	-8.028314e+02
5.000000e-08	-8.239124e-06	-1.351924e-08	-5.663433e+01	-8.022502e+02
6.000000e-08	-8.221181e-06	-1.351464e-08	-5.651099e+01	-8.015272e+02
7.000000e-08	-8.200791e-06	-1.350197e-08	-5.637084e+01	-8.006992e+02
8.000000e-08	-8.177637e-06	-1.343654e-08	-5.621168e+01	-7.998074e+02
9.000000e-08	-8.151089e-06	-1.339979e-08	-5.602919e+01	-7.988845e+02
1.000000e-07	-8.121253e-06	-1.342790e-08	-5.582411e+01	-7.979442e+02
1.100000e-07	-8.088483e-06	-1.344175e-08	-5.559885e+01	-7.969783e+02
1.200000e-07	-8.052968e-06	-1.341466e-08	-5.535473e+01	-7.959601e+02
1.300000e-07	-8.015063e-06	-1.339488e-08	-5.509418e+01	-7.948547e+02
1.400000e-07	-7.974922e-06	-1.341756e-08	-5.481825e+01	-7.936311e+02
1.500000e-07	-7.932088e-06	-1.334541e-08	-5.452382e+01	-7.922729e+02
1.600000e-07	-7.886320e-06	-1.332348e-08	-5.420922e+01	-7.907831e+02
1.700000e-07	-7.837749e-06	-1.327909e-08	-5.387535e+01	-7.891823e+02
1.800000e-07	-7.786055e-06	-1.320145e-08	-5.352001e+01	-7.875002e+02
1.900000e-07	-7.731312e-06	-1.324939e-08	-5.314372e+01	-7.857635e+02
2.000000e-07	-7.673797e-06	-1.321659e-08	-5.274837e+01	-7.839859e+02
2.100000e-07	-7.613592e-06	-1.318067e-08	-5.233454e+01	-7.821618e+02
2.200000e-07	-7.550758e-06	-1.313367e-08	-5.190262e+01	-7.802677e+02
2.300000e-07	-7.485055e-06	-1.309700e-08	-5.145099e+01	-7.782698e+02
2.400000e-07	-7.416541e-06	-1.307947e-08	-5.098004e+01	-7.761356e+02
2.500000e-07	-7.345307e-06	-1.300402e-08	-5.049039e+01	-7.738458e+02
2.600000e-07	-7.271235e-06	-1.296045e-08	-4.998123e+01	-7.714007e+02
2.700000e-07	-7.194306e-06	-1.293670e-08	-4.945243e+01	-7.688204e+02
2.800000e-07	-7.114565e-06	-1.292864e-08	-4.890431e+01	-7.661375e+02
2.900000e-07	-7.032261e-06	-1.286313e-08	-4.833856e+01	-7.633853e+02
3.000000e-07	-6.947600e-06	-1.278594e-08	-4.775662e+01	-7.605854e+02
3.100000e-07	-6.860568e-06	-1.275757e-08	-4.715838e+01	-7.577396e+02
3.200000e-07	-6.771109e-06	-1.270654e-08	-4.654345e+01	-7.548287e+02
3.300000e-07	-6.679263e-06	-1.265530e-08	-4.591211e+01	-7.518190e+02
3.400000e-07	-6.585146e-06	-1.259384e-08	-4.526517e+01	-7.486741e+02
3.500000e-07	-6.488603e-06	-1.254451e-08	-4.460155e+01	-7.453673e+02
3.600000e-07	-6.389596e-06	-1.249866e-08	-4.392099e+01	-7.418910e+02
3.700000e-07	-6.288306e-06	-1.243762e-08	-4.322474e+01	-7.382582e+02
3.800000e-07	-6.184774e-06	-1.236177e-08	-4.251308e+01	-7.344969e+02
3.900000e-07	-6.078981e-06	-1.228607e-08	-4.178588e+01	-7.306380e+02
4.000000e-07	-5.971005e-06	-1.223788e-08	-4.104367e+01	-7.267027e+02
4.100000e-07	-5.860968e-06	-1.217541e-08	-4.028730e+01	-7.226932e+02
4.200000e-07	-5.748801e-06	-1.210117e-08	-3.951628e+01	-7.185908e+02
4.300000e-07	-5.634367e-06	-1.202495e-08	-3.872968e+01	-7.143623e+02
4.400000e-07	-5.517686e-06	-1.196198e-08	-3.792763e+01	-7.099727e+02
4.500000e-07	-5.398954e-06	-1.188963e-08	-3.711149e+01	-7.053983e+02
4.600000e-07	-5.278208e-06	-1.179848e-08	-3.628150e+01	-7.006364e+02
4.700000e-07	-5.155532e-06	-1.170819e-08	-3.543825e+01	-6.957070e+02
4.800000e-07	-5.031061e-06	-1.162895e-08	-3.458265e+01	-6.906453e+02
4.900000e-07	-4.904826e-06	-1.155327e-08	-3.371493e+01	-6.854879e+02
5.000000e-07	-4.776869e-06	-1.146086e-08	-3.283538e+01	-6.802578e+02
5.100000e-07	-4.647152e-06	-1.136563e-08	-3.194373e+01	-6.749534e+02
5.200000e-07	-4.515741e-06	-1.127793e-08	-3.104044e+01	-6.695469e+02
5.300000e-07	-4.382663e-06	-1.119125e-08	-3.012568e+01	-6.639920e+02
5.400000e-07	-4.248022e-06	-1.108923e-08	-2.920018e+01	-6.582384e+02
5.500000e-07	-4.111908e-06	-1.098012e-08	-2.826456e+01	-6.522491e+02
5.600000e-07	-3.974193e-06	-1.087977e-08	-2.731792e+01	-6.460115e+02
5.700000e-07	-3.834912e-06	-1.078213e-08	-2.636053e+01	-6.395411e+02
5.800000e-07	-3.694115e-06	-1.067105e-08	-2.539272e+01	-6.328734e+02
5.900000e-07	-3.551762e-06	-1.054871e-08	-2.441420e+01	-6.260491e+02
6.000000e-07	-3.407944e-06	-1.043033e-08	-2.342562e+01	-6.190967e+02
6.100000e-07	-3.262889e-06	-1.031528e-08	-2.242855e+01	-6.120199e+02
6.200000e-07	-3.116709e-06	-1.019178e-08	-2.142373e+01	-6.047946e+02
6.300000e-07	-2.969499e-06	-1.006181e-08	-2.041183e+01	-5.973759e+02
6.400000e-07	-2.821382e-06	-9.935137e-09	-1.939370e+01	-5.897129e+02
6.500000e-07	-2.672358e-06	-9.809634e-09	-1.836933e+01	-5.817661e+02
6.600000e-07	-2.522407e-06	-9.673414e-09	-1.733860e+01	-5.735193e+02
6.700000e-07	-2.371626e-06	-9.526696e-09	-1.630215e+01	-5.649822e+02
6.800000e-07	-2.220067e-06	-9.375515e-09	-1.526036e+01	-5.561827e+02
6.900000e-07	-2.067634e-06	-9.224570e-09	-1.421256e+01	-5.471516e+02
7.000000e-07	-1.914314e-06	-9.069557e-09	-1.315867e+01	-5.379057e+02
7.100000e-07	-1.760208e-06	-8.909093e-09	-1.209937e+01	-5.284364e+02
7.200000e-07	-1.605496e-06	-8.745682e-09	-1.103591e+01	-5.187085e+02
7.300000e-07	-1.450314e-06	-8.578588e-09	-9.969208e+00	-5.086688e+02
7.400000e-07	-1.294601e-06	-8.404956e-09	-8.898867e+00	-4.982624e+02
7.500000e-07	-1.138357e-06	-8.220939e-09	-7.824871e+00	-4.874491e+02
7.600000e-07	-9.817023e-07	-8.031697e-09	-6.748054e+00	-4.762127e+02
7.700000e-07	-8.247067e-07	-7.836775e-09	-5.668893e+00	-4.645599e+02
7.800000e-07	-6.674540e-07	-7.636690e-09	-4.587965e+00	-4.525073e+02
7.900000e-07	-5.100047e-07	-7.430313e-09	-3.505685e+00	-4.400620e+02
8.000000e-07	-3.523461e-07	-7.214598e-09	-2.421967e+00	-4.272023e+02
8.100000e-07	-1.944974e-07	-6.986727e-09	-1.336942e+00	-4.138676e+02
8.200000e-07	-3.658000e-08	-6.747421e-09	-2.514447e-01	-3.999608e+02
8.300000e-07	1.212950e-07	-6.500147e-09	8.337611e-01	-3.853645e+02
8.400000e-07	2.791240e-07	-6.241266e-09	1.918651e+00	-3.699655e+02
8.500000e-07	4.368915e-07	-5.967942e-09	3.003118e+00	-3.536787e+02
8.600000e-07	5.945077e-07	-5.680013e-09	4.086545e+00	-3.364626e+02
8.700000e-07	7.519130e-07	-5.378059e-09	5.168521e+00	-3.183196e+02
8.800000e-07	9.090450e-07	-5.058305e-09	6.248620e+00	-2.992795e+02
8.900000e-07	1.065851e-06	-4.720275e-09	7.326475e+00	-2.793728e+02
9.000000e-07	1.222186e-06	-4.368452e-09	8.401097e+00	-2.586007e+02
9.100000e-07	1.377966e-06	-4.004165e-09	9.471904e+00	-2.369127e+02
9.200000e-07	1.533247e-06	-3.621637e-09	1.053928e+01	-2.141983e+02
9.300000e-07	1.688061e-06	-3.214435e-09	1.160344e+01	-1.902973e+02
9.400000e-07	1.842392e-06	-2.784440e-09	1.266429e+01	-1.650251e+02
9.500000e-07	1.996103e-06	-2.332008e-09	1.372087e+01	-1.382059e+02
9.600000e-07	2.148966e-06	-1.850509e-09	1.477162e+01	-1.097068e+02
9.700000e-07	2.300918e-06	-1.335563e-09	1.581612e+01	-7.946360e+01
9.800000e-07	2.451952e-06	-7.924261e-10	1.685430e+01	-4.749491e+01
9.900000e-07	2.602049e-06	-2.256345e-10	1.788604e+01	-1.390453e+01
1.000000e-06	2.751269e-06	3.659144e-10	1.891176e+01	2.112512e+01
1.010000e-06	2.899529e-06	9.824451e-10	1.993087e+01	5.734387e+01
1.020000e-06	3.046812e-06	1.612865e-09	2.094327e+01	9.444541e+01
1.030000e-06	3.193154e-06	2.246500e-09	2.194920e+01	1.320785e+02
1.040000e-06	3.338292e-06	2.881796e-09	2.294685e+01	1.698587e+02
1.050000e-06	3.482139e-06	3.517573e-09	2.393563e+01	2.073836e+02
1.060000e-06	3.624772e-06	4.143562e-09	2.491606e+01	2.442528e+02
1.070000e-06	3.766014e-06	4.746514e-09	2.588694e+01	2.800937e+02
1.080000e-06	3.905811e-06	5.323313e-09	2.684788e+01	3.145880e+02
1.090000e-06	4.044123e-06	5.877080e-09	2.779861e+01	3.474957e+02
1.100000e-06	4.180785e-06	6.404890e-09	2.873800e+01	3.786689e+02
1.110000e-06	4.315837e-06	6.897340e-09	2.966633e+01	4.080510e+02
1.120000e-06	4.449392e-06	7.356480e-09	3.058436e+01	4.356628e+02
1.130000e-06	4.581407e-06	7.792694e-09	3.149181e+01	4.615759e+02
1.140000e-06	4.711814e-06	8.206186e-09	3.238821e+01	4.858835e+02
1.150000e-06	4.840493e-06	8.590509e-09	3.327272e+01	5.086745e+02
1.160000e-06	4.967455e-06	8.945794e-09	3.414544e+01	5.300187e+02
1.170000e-06	5.092781e-06	9.278426e-09	3.500691e+01	5.499654e+02
1.180000e-06	5.216393e-06	9.592514e-09	3.585660e+01	5.685526e+02
1.190000e-06	5.338146e-06	9.883111e-09	3.669350e+01	5.858231e+02
1.200000e-06	5.457854e-06	1.014769e-08	3.751635e+01	6.018378e+02
1.210000e-06	5.575523e-06	1.039447e-08	3.832520e+01	6.166820e+02
1.220000e-06	5.691158e-06	1.062983e-08	3.912005e+01	6.304612e+02
1.230000e-06	5.804521e-06	1.084923e-08	3.989929e+01	6.432881e+02
1.240000e-06	5.915602e-06	1.104997e-08	4.066284e+01	6.552654e+02
1.250000e-06	6.024674e-06	1.123577e-08	4.141258e+01	6.664715e+02
1.260000e-06	6.131766e-06	1.141135e-08	4.214871e+01	6.769552e+02
1.270000e-06	6.236614e-06	1.157668e-08	4.286942e+01	6.867391e+02
1.280000e-06	6.339169e-06	1.172883e-08	4.357436e+01	6.958329e+02
1.290000e-06	6.439492e-06	1.186813e-08	4.426397e+01	7.042495e+02
1.300000e-06	6.537398e-06	1.199781e-08	4.493696e+01	7.120186e+02
1.310000e-06	6.632876e-06	1.211966e-08	4.559326e+01	7.191920e+02
1.320000e-06	6.726081e-06	1.223055e-08	4.623393e+01	7.258398e+02
1.330000e-06	6.816963e-06	1.233271e-08	4.685864e+01	7.320380e+02
1.340000e-06	6.905359e-06	1.242904e-08	4.746626e+01	7.378534e+02
1.350000e-06	6.991374e-06	1.251922e-08	4.805751e+01	7.433315e+02
1.360000e-06	7.075117e-06	1.260375e-08	4.863315e+01	7.484915e+02
1.370000e-06	7.156353e-06	1.268359e-08	4.919155e+01	7.533314e+02
1.380000e-06	7.234942e-06	1.276115e-08	4.973176e+01	7.578393e+02
1.390000e-06	7.310870e-06	1.283407e-08	5.025367e+01	7.620083e+02
1.400000e-06	7.383986e-06	1.289989e-08	5.075626e+01	7.658481e+02
1.410000e-06	7.454396e-06	1.295784e-08	5.124025e+01	7.693889e+02
1.420000e-06	7.522250e-06	1.301080e-08	5.170667e+01	7.726764e+02
1.430000e-06	7.587417e-06	1.306263e-08	5.215461e+01	7.757608e+02
1.440000e-06	7.649910e-06	1.311099e-08	5.258418e+01	7.786825e+02
1.450000e-06	7.709824e-06	1.315578e-08	5.299602e+01	7.814618e+02
1.460000e-06	7.767015e-06	1.320070e-08	5.338914e+01	7.840950e+02
1.470000e-06	7.821366e-06	1.324453e-08	5.376273e+01	7.865601e+02
1.480000e-06	7.872541e-06	1.328325e-08	5.411451e+01	7.888279e+02
1.490000e-06	7.920446e-06	1.331515e-08	5.444380e+01	7.908771e+02
1.500000e-06	7.965572e-06	1.334160e-08	5.475398e+01	7.927039e+02
1.510000e-06	8.007904e-06	1.336823e-08	5.504497e+01	7.943269e+02
1.520000e-06	8.047329e-06	1.339545e-08	5.531596e+01	7.957820e+02
1.530000e-06	8.084046e-06	1.341869e-08	5.556835e+01	7.971115e+02
1.540000e-06	8.117983e-06	1.343780e-08	5.580163e+01	7.983505e+02
1.550000e-06	8.148995e-06	1.345798e-08	5.601480e+01	7.995161e+02
1.560000e-06	8.177214e-06	1.347672e-08	5.620877e+01	8.006034e+02
1.570000e-06	8.202539e-06	1.348976e-08	5.638285e+01	8.015890e+02
1.580000e-06	8.224924e-06	1.350015e-08	5.653672e+01	8.024423e+02
1.590000e-06	8.244537e-06	1.351059e-08	5.667154e+01	8.031379e+02
1.600000e-06	8.261237e-06	1.352078e-08	5.678633e+01	8.036671e+02
1.610000e-06	8.274849e-06	1.352678e-08	5.687990e+01	8.040420e+02
1.620000e-06	8.285238e-06	1.352949e-08	5.695131e+01	8.042930e+02
1.630000e-06	8.292503e-06	1.353335e-08	5.700125e+01	8.044586e+02
1.640000e-06	8.296876e-06	1.353760e-08	5.703131e+01	8.045720e+02
1.650000e-06	8.298358e-06	1.353628e-08	5.704150e+01	8.046499e+02
1.660000e-06	8.297014e-06	1.353561e-08	5.703226e+01	8.046868e+02
1.670000e-06	8.292982e-06	1.353553e-08	5.700454e+01	8.046566e+02
1.680000e-06	8.286213e-06	1.353354e-08	5.695802e+01	8.045220e+02
1.690000e-06	8.276691e-06	1.352951e-08	5.689256e+01	8.042472e+02
1.700000e-06	8.264285e-06	1.352069e-08	5.680728e+01	8.038106e+02
1.710000e-06	8.249023e-06	1.350670e-08	5.670238e+01	8.032129e+02
1.720000e-06	8.231243e-06	1.347946e-08	5.658016e+01	8.024767e+02
1.730000e-06	8.211012e-06	1.350891e-08	5.644110e+01	8.016400e+02
1.740000e-06	8.187788e-06	1.354361e-08	5.628146e+01	8.007437e+02
1.750000e-06	8.160783e-06	1.349328e-08	5.609583e+01	7.998187e+02
1.760000e-06	8.129983e-06	1.343944e-08	5.588412e+01	7.988765e+02
1.770000e-06	8.096273e-06	1.342616e-08	5.565240e+01	7.979065e+02
1.780000e-06	8.060106e-06	1.338628e-08	5.540379e+01	7.968808e+02
1.790000e-06	8.021597e-06	1.335052e-08	5.513909e+01	7.957641e+02
1.800000e-06	7.981025e-06	1.340760e-08	5.486020e+01	7.945265e+02
1.810000e-06	7.937988e-06	1.332915e-08	5.456438e+01	7.931538e+02
1.820000e-06	7.892219e-06	1.332671e-08	5.424976e+01	7.916509e+02
1.830000e-06	7.843617e-06	1.334626e-08	5.391569e+01	7.900400e+02
1.840000e-06	7.791708e-06	1.325388e-08	5.355887e+01	7.883509e+02
1.850000e-06	7.736731e-06	1.326557e-08	5.318097e+01	7.866096e+02
1.860000e-06	7.679008e-06	1.317353e-08	5.278419e+01	7.848277e+02
1.870000e-06	7.618567e-06	1.318814e-08	5.236873e+01	7.829976e+02
1.880000e-06	7.555458e-06	1.317471e-08	5.193493e+01	7.810941e+02
1.890000e-06	7.489549e-06	1.311072e-08	5.148188e+01	7.790830e+02
1.900000e-06	7.420849e-06	1.312147e-08	5.100965e+01	7.769329e+02
1.910000e-06	7.349187e-06	1.304083e-08	5.051706e+01	7.746261e+02
1.920000e-06	7.274707e-06	1.301828e-08	5.000510e+01	7.721653e+02
1.930000e-06	7.197521e-06	1.293885e-08	4.947453e+01	7.695724e+02
1.940000e-06	7.117551e-06	1.290655e-08	4.892483e+01	7.668806e+02
1.950000e-06	7.035108e-06	1.288108e-08	4.835813e+01	7.641226e+02
1.960000e-06	6.950129e-06	1.281674e-08	4.777400e+01	7.613181e+02
1.970000e-06	6.862547e-06	1.280456e-08	4.717198e+01	7.584666e+02
1.980000e-06	6.772536e-06	1.272351e-08	4.655325e+01	7.555470e+02
1.990000e-06	6.680208e-06	1.268100e-08	4.591861e+01	7.525246e+02
2.000000e-06	6.585567e-06	1.260819e-08	4.526806e+01	7.493634e+02
2.010000e-06	6.488596e-06	1.255683e-08	4.460150e+01	7.460385e+02
2.020000e-06	6.389339e-06	1.250074e-08	4.391923e+01	7.425445e+02
2.030000e-06	6.287667e-06	1.244411e-08	4.322035e+01	7.388965e+02
2.040000e-06	6.183662e-06	1.239784e-08	4.250544e+01	7.351233e+02
2.050000e-06	6.077543e-06	1.231949e-08	4.177600e+01	7.312555e+02
2.060000e-06	5.969372e-06	1.225661e-08	4.103244e+01	7.273126e+02
2.070000e-06	5.858998e-06	1.217129e-08	4.027376e+01	7.232944e+02
2.080000e-06	5.746456e-06	1.210783e-08	3.950016e+01	7.191803e+02
2.090000e-06	5.631718e-06	1.203008e-08	3.871147e+01	7.149362e+02
2.100000e-06	5.514689e-06	1.196348e-08	3.790703e+01	7.105277e+02
2.110000e-06	5.395515e-06	1.188610e-08	3.708785e+01	7.059329e+02
2.120000e-06	5.274346e-06	1.181031e-08	3.625496e+01	7.011518e+02
2.130000e-06	5.151359e-06	1.172587e-08	3.540956e+01	6.962065e+02
2.140000e-06	5.026489e-06	1.163645e-08	3.455123e+01	6.911330e+02
2.150000e-06	4.899785e-06	1.154911e-08	3.368029e+01	6.859671e+02
2.160000e-06	4.771337e-06	1.145862e-08	3.279735e+01	6.807296e+02
2.170000e-06	4.641232e-06	1.137286e-08	3.190304e+01	6.754161e+02
2.180000e-06	4.509595e-06	1.127968e-08	3.099818e+01	6.699962e+02
2.190000e-06	4.376354e-06	1.118973e-08	3.008231e+01	6.644223e+02
2.200000e-06	4.241502e-06	1.108908e-08	2.915536e+01	6.586450e+02
2.210000e-06	4.105079e-06	1.098922e-08	2.821761e+01	6.526292e+02
2.220000e-06	3.967055e-06	1.088030e-08	2.726886e+01	6.463656e+02
2.230000e-06	3.827489e-06	1.077145e-08	2.630951e+01	6.398721e+02
2.240000e-06	3.686466e-06	1.065538e-08	2.534014e+01	6.331859e+02
2.250000e-06	3.544039e-06	1.054005e-08	2.436112e+01	6.263468e+02
2.260000e-06	3.400338e-06	1.042421e-08	2.337335e+01	6.193815e+02
2.270000e-06	3.255406e-06	1.030534e-08	2.237710e+01	6.122905e+02
2.280000e-06	3.109350e-06	1.018315e-08	2.137314e+01	6.050469e+02
2.290000e-06	2.962278e-06	1.005642e-08	2.036219e+01	5.976044e+02
2.300000e-06	2.814156e-06	9.929536e-09	1.934403e+01	5.899127e+02
2.310000e-06	2.664923e-06	9.795896e-09	1.831823e+01	5.819341e+02
2.320000e-06	2.514749e-06	9.654340e-09	1.728595e+01	5.736553e+02
2.330000e-06	2.363767e-06	9.507089e-09	1.624813e+01	5.650886e+02
2.340000e-06	2.211978e-06	9.357092e-09	1.520476e+01	5.562630e+02
2.350000e-06	2.059416e-06	9.205740e-09	1.415607e+01	5.472085e+02
2.360000e-06	1.906077e-06	9.050715e-09	1.310205e+01	5.379396e+02
2.370000e-06	1.752089e-06	8.891156e-09	1.204356e+01	5.284448e+02
2.380000e-06	1.597563e-06	8.728477e-09	1.098138e+01	5.186863e+02
2.390000e-06	1.442557e-06	8.559214e-09	9.915894e+00	5.086098e+02
2.400000e-06	1.287028e-06	8.383026e-09	8.846812e+00	4.981614e+02
2.410000e-06	1.130913e-06	8.195451e-09	7.773702e+00	4.873031e+02
2.420000e-06	9.742964e-07	8.000733e-09	6.697147e+00	4.760215e+02
2.430000e-06	8.172896e-07	7.802263e-09	5.617909e+00	4.643252e+02
2.440000e-06	6.599480e-07	7.600329e-09	4.536370e+00	4.522306e+02
2.450000e-06	5.023430e-07	7.392912e-09	3.453020e+00	4.397426e+02
2.460000e-06	3.445629e-07	7.177809e-09	2.368467e+00	4.268357e+02
2.470000e-06	1.866489e-07	6.954492e-09	1.282993e+00	4.134449e+02
2.480000e-06	2.865877e-08	6.717438e-09	1.969955e-01	3.994701e+02
2.490000e-06	-1.293685e-07	6.466831e-09	-8.892571e-01	3.847929e+02
2.500000e-06	-2.873496e-07	6.203281e-09	-1.975192e+00	3.693022e+02
2.510000e-06	-4.451632e-07	5.927781e-09	-3.059976e+00	3.529170e+02
2.520000e-06	-6.027672e-07	5.639743e-09	-4.143319e+00	3.356010e+02
2.530000e-06	-7.601017e-07	5.334253e-09	-5.224809e+00	3.173602e+02
2.540000e-06	-9.171298e-07	5.011272e-09	-6.304194e+00	2.982261e+02
2.550000e-06	-1.073750e-06	4.673861e-09	-7.380774e+00	2.782274e+02
2.560000e-06	-1.229789e-06	4.322253e-09	-8.453362e+00	2.573608e+02
2.570000e-06	-1.385285e-06	3.953622e-09	-9.522212e+00	2.355691e+02
2.580000e-06	-1.540269e-06	3.568417e-09	-1.058754e+01	2.127360e+02
2.590000e-06	-1.694718e-06	3.166864e-09	-1.164920e+01	1.886971e+02
2.600000e-06	-1.848626e-06	2.743039e-09	-1.270714e+01	1.632671e+02
2.610000e-06	-2.001916e-06	2.292735e-09	-1.376083e+01	1.362733e+02
2.620000e-06	-2.154527e-06	1.813298e-09	-1.480985e+01	1.075891e+02
2.630000e-06	-2.306293e-06	1.304893e-09	-1.585307e+01	7.715863e+01
2.640000e-06	-2.457156e-06	7.673192e-10	-1.689007e+01	4.500982e+01
2.650000e-06	-2.607289e-06	2.004499e-10	-1.792206e+01	1.125526e+01
2.660000e-06	-2.756635e-06	-3.925582e-10	-1.894864e+01	-2.391480e+01
2.670000e-06	-2.904819e-06	-1.003175e-09	-1.996723e+01	-6.024361e+01
2.680000e-06	-3.051821e-06	-1.622950e-09	-2.097770e+01	-9.741954e+01
2.690000e-06	-3.197799e-06	-2.250861e-09	-2.198113e+01	-1.350872e+02
2.700000e-06	-3.342707e-06	-2.882839e-09	-2.297720e+01	-1.728594e+02
2.710000e-06	-3.486359e-06	-3.512638e-09	-2.396464e+01	-2.103328e+02
2.720000e-06	-3.628732e-06	-4.132519e-09	-2.494328e+01	-2.471090e+02
2.730000e-06	-3.769752e-06	-4.734973e-09	-2.591263e+01	-2.828195e+02
2.740000e-06	-3.909205e-06	-5.315007e-09	-2.687121e+01	-3.171537e+02
2.750000e-06	-4.047206e-06	-5.866917e-09	-2.781980e+01	-3.498809e+02
2.760000e-06	-4.183803e-06	-6.387478e-09	-2.875875e+01	-3.808633e+02
2.770000e-06	-4.318941e-06	-6.877018e-09	-2.968766e+01	-4.100536e+02
2.780000e-06	-4.452536e-06	-7.338888e-09	-3.060597e+01	-4.374793e+02
2.790000e-06	-4.584422e-06	-7.773712e-09	-3.151254e+01	-4.632157e+02
2.800000e-06	-4.714638e-06	-8.181674e-09	-3.240762e+01	-4.873567e+02
2.810000e-06	-4.843284e-06	-8.565617e-09	-3.329191e+01	-5.099897e+02
2.820000e-06	-4.970288e-06	-8.925458e-09	-3.416491e+01	-5.311821e+02
2.830000e-06	-5.095495e-06	-9.260997e-09	-3.502556e+01	-5.509813e+02
2.840000e-06	-5.218824e-06	-9.571946e-09	-3.587330e+01	-5.694252e+02
2.850000e-06	-5.340367e-06	-9.860823e-09	-3.670877e+01	-5.865577e+02
2.860000e-06	-5.460045e-06	-1.012876e-08	-3.753142e+01	-6.024424e+02
2.870000e-06	-5.577588e-06	-1.037702e-08	-3.833939e+01	-6.171672e+02
2.880000e-06	-5.692809e-06	-1.060849e-08	-3.913140e+01	-6.308390e+02
2.890000e-06	-5.805743e-06	-1.082482e-08	-3.990769e+01	-6.435702e+02
2.900000e-06	-5.916432e-06	-1.102623e-08	-4.066854e+01	-6.554615e+02
2.910000e-06	-6.024959e-06	-1.121268e-08	-4.141454e+01	-6.665884e+02
2.920000e-06	-6.131523e-06	-1.138666e-08	-4.214704e+01	-6.769963e+02
2.930000e-06	-6.236011e-06	-1.155061e-08	-4.286528e+01	-6.867059e+02
2.940000e-06	-6.338175e-06	-1.170549e-08	-4.356753e+01	-6.957262e+02
2.950000e-06	-6.437974e-06	-1.184865e-08	-4.425354e+01	-7.040716e+02
2.960000e-06	-6.535565e-06	-1.197903e-08	-4.492436e+01	-7.117739e+02
2.970000e-06	-6.631013e-06	-1.209900e-08	-4.558046e+01	-7.188874e+02
2.980000e-06	-6.724068e-06	-1.221021e-08	-4.622009e+01	-7.254834e+02
2.990000e-06	-6.814697e-06	-1.231408e-08	-4.684306e+01	-7.316376e+02
3.000000e-06	-6.903071e-06	-1.241196e-08	-4.745053e+01	-7.374151e+02
3.010000e-06	-6.988975e-06	-1.250598e-08	-4.804102e+01	-7.428585e+02
3.020000e-06	-7.072314e-06	-1.259665e-08	-4.861388e+01	-7.479846e+02
3.030000e-06	-7.153219e-06	-1.267960e-08	-4.917001e+01	-7.527895e+02
3.040000e-06	-7.231447e-06	-1.275351e-08	-4.970773e+01	-7.572611e+02
3.050000e-06	-7.306839e-06	-1.282124e-08	-5.022597e+01	-7.613940e+02
3.060000e-06	-7.379572e-06	-1.288405e-08	-5.072592e+01	-7.651999e+02
3.070000e-06	-7.449612e-06	-1.294230e-08	-5.120736e+01	-7.687111e+02
3.080000e-06	-7.516996e-06	-1.299852e-08	-5.167055e+01	-7.719744e+02
3.090000e-06	-7.581833e-06	-1.305135e-08	-5.211622e+01	-7.750397e+02
3.100000e-06	-7.643943e-06	-1.310109e-08	-5.254316e+01	-7.779456e+02
3.110000e-06	-7.703300e-06	-1.314773e-08	-5.295117e+01	-7.807098e+02
3.120000e-06	-7.759920e-06	-1.319119e-08	-5.334037e+01	-7.833262e+02
3.130000e-06	-7.813625e-06	-1.323279e-08	-5.370953e+01	-7.857714e+02
3.140000e-06	-7.864229e-06	-1.327373e-08	-5.405737e+01	-7.880166e+02
3.150000e-06	-7.911633e-06	-1.331082e-08	-5.438322e+01	-7.900416e+02
3.160000e-06	-7.956257e-06	-1.334073e-08	-5.468995e+01	-7.918453e+02
3.170000e-06	-7.998428e-06	-1.336613e-08	-5.497983e+01	-7.934483e+02
3.180000e-06	-8.037916e-06	-1.339022e-08	-5.525126e+01	-7.948879e+02
3.190000e-06	-8.074556e-06	-1.341338e-08	-5.550312e+01	-7.962063e+02
3.200000e-06	-8.108384e-06	-1.343353e-08	-5.573565e+01	-7.974369e+02
3.210000e-06	-8.139306e-06	-1.345285e-08	-5.594820e+01	-7.985947e+02
3.220000e-06	-8.167265e-06	-1.347221e-08	-5.614038e+01	-7.996723e+02
3.230000e-06	-8.192415e-06	-1.349239e-08	-5.631326e+01	-8.006453e+02
3.240000e-06	-8.214631e-06	-1.350873e-08	-5.646597e+01	-8.014826e+02
3.250000e-06	-8.233897e-06	-1.352062e-08	-5.659840e+01	-8.021604e+02
3.260000e-06	-8.250282e-06	-1.352974e-08	-5.671103e+01	-8.026720e+02
3.270000e-06	-8.263518e-06	-1.353653e-08	-5.680201e+01	-8.030319e+02
3.280000e-06	-8.273633e-06	-1.354034e-08	-5.687154e+01	-8.032719e+02
3.290000e-06	-8.280794e-06	-1.354292e-08	-5.692076e+01	-8.034304e+02
3.300000e-06	-8.285038e-06	-1.354582e-08	-5.694994e+01	-8.035395e+02
3.310000e-06	-8.286484e-06	-1.354970e-08	-5.695988e+01	-8.036136e+02
