# Temperatura_=_27.71
# Concentracion g/m^3_=_11780.0
# C_Vs_to_Am_M_A/Vsm_=_59384043850.047264
# pendiente_HvsI_1/m_=_3716.3
# ordenada_HvsI_A/m_=_1297.0
# frecuencia_Hz_=_301375.73148720816

Tiempo_(s)	Campo_(V.s)	Magnetizacion_(V.s)	Campo_(kA/m)	Magnetizacion_(A/m)
0.000000e+00	-8.216764e-06	-1.336706e-08	-5.696036e+01	-7.937147e+02
1.000000e-08	-8.213374e-06	-1.336012e-08	-5.693686e+01	-7.935873e+02
2.000000e-08	-8.207352e-06	-1.335582e-08	-5.689511e+01	-7.933945e+02
3.000000e-08	-8.198558e-06	-1.335039e-08	-5.683415e+01	-7.931232e+02
4.000000e-08	-8.186805e-06	-1.334406e-08	-5.675267e+01	-7.927500e+02
5.000000e-08	-8.172058e-06	-1.333742e-08	-5.665045e+01	-7.922503e+02
6.000000e-08	-8.154477e-06	-1.333908e-08	-5.652857e+01	-7.916084e+02
7.000000e-08	-8.134425e-06	-1.334606e-08	-5.638957e+01	-7.908258e+02
8.000000e-08	-8.111689e-06	-1.327698e-08	-5.623196e+01	-7.899221e+02
9.000000e-08	-8.085644e-06	-1.320020e-08	-5.605141e+01	-7.889306e+02
1.000000e-07	-8.056306e-06	-1.322786e-08	-5.584803e+01	-7.878868e+02
1.100000e-07	-8.024054e-06	-1.326589e-08	-5.562445e+01	-7.868165e+02
1.200000e-07	-7.989019e-06	-1.323768e-08	-5.538158e+01	-7.857274e+02
1.300000e-07	-7.951509e-06	-1.321613e-08	-5.512156e+01	-7.846062e+02
1.400000e-07	-7.911887e-06	-1.325820e-08	-5.484688e+01	-7.834241e+02
1.500000e-07	-7.869722e-06	-1.316173e-08	-5.455459e+01	-7.821481e+02
1.600000e-07	-7.824573e-06	-1.314217e-08	-5.424161e+01	-7.807524e+02
1.700000e-07	-7.776720e-06	-1.315065e-08	-5.390988e+01	-7.792277e+02
1.800000e-07	-7.725850e-06	-1.300383e-08	-5.355724e+01	-7.775834e+02
1.900000e-07	-7.671845e-06	-1.305612e-08	-5.318287e+01	-7.758416e+02
2.000000e-07	-7.615113e-06	-1.305584e-08	-5.278958e+01	-7.740273e+02
2.100000e-07	-7.555624e-06	-1.301999e-08	-5.237719e+01	-7.721572e+02
2.200000e-07	-7.493497e-06	-1.298780e-08	-5.194652e+01	-7.702319e+02
2.300000e-07	-7.428630e-06	-1.290833e-08	-5.149684e+01	-7.682354e+02
2.400000e-07	-7.360897e-06	-1.292564e-08	-5.102731e+01	-7.661419e+02
2.500000e-07	-7.290491e-06	-1.285082e-08	-5.053924e+01	-7.639257e+02
2.600000e-07	-7.217349e-06	-1.278722e-08	-5.003220e+01	-7.615720e+02
2.700000e-07	-7.141388e-06	-1.275717e-08	-4.950562e+01	-7.590831e+02
2.800000e-07	-7.062645e-06	-1.276154e-08	-4.895976e+01	-7.564778e+02
2.900000e-07	-6.981212e-06	-1.273119e-08	-4.839525e+01	-7.537831e+02
3.000000e-07	-6.897389e-06	-1.262640e-08	-4.781417e+01	-7.510241e+02
3.100000e-07	-6.811290e-06	-1.259970e-08	-4.721731e+01	-7.482133e+02
3.200000e-07	-6.722804e-06	-1.254296e-08	-4.660391e+01	-7.453452e+02
3.300000e-07	-6.631906e-06	-1.250319e-08	-4.597378e+01	-7.423983e+02
3.400000e-07	-6.538682e-06	-1.244769e-08	-4.532754e+01	-7.393429e+02
3.500000e-07	-6.443225e-06	-1.237998e-08	-4.466581e+01	-7.361519e+02
3.600000e-07	-6.345344e-06	-1.234854e-08	-4.398728e+01	-7.328106e+02
3.700000e-07	-6.244995e-06	-1.230165e-08	-4.329164e+01	-7.293209e+02
3.800000e-07	-6.142469e-06	-1.223370e-08	-4.258090e+01	-7.256987e+02
3.900000e-07	-6.037747e-06	-1.213209e-08	-4.185495e+01	-7.219660e+02
4.000000e-07	-5.930813e-06	-1.208760e-08	-4.111366e+01	-7.181409e+02
4.100000e-07	-5.821833e-06	-1.204132e-08	-4.035819e+01	-7.142292e+02
4.200000e-07	-5.710813e-06	-1.197129e-08	-3.958857e+01	-7.102217e+02
4.300000e-07	-5.597632e-06	-1.188545e-08	-3.880398e+01	-7.060977e+02
4.400000e-07	-5.482133e-06	-1.181913e-08	-3.800332e+01	-7.018333e+02
4.500000e-07	-5.364432e-06	-1.176543e-08	-3.718739e+01	-6.974110e+02
4.600000e-07	-5.244827e-06	-1.167839e-08	-3.635825e+01	-6.928264e+02
4.700000e-07	-5.123402e-06	-1.158003e-08	-3.551652e+01	-6.880894e+02
4.800000e-07	-5.000084e-06	-1.149414e-08	-3.466164e+01	-6.832194e+02
4.900000e-07	-4.874971e-06	-1.143814e-08	-3.379434e+01	-6.782367e+02
5.000000e-07	-4.748195e-06	-1.135495e-08	-3.291550e+01	-6.731528e+02
5.100000e-07	-4.619777e-06	-1.125201e-08	-3.202528e+01	-6.679650e+02
5.200000e-07	-4.489667e-06	-1.115420e-08	-3.112333e+01	-6.626555e+02
5.300000e-07	-4.357813e-06	-1.107927e-08	-3.020929e+01	-6.571967e+02
5.400000e-07	-4.224298e-06	-1.098902e-08	-2.928373e+01	-6.515602e+02
5.500000e-07	-4.089400e-06	-1.087221e-08	-2.834859e+01	-6.457248e+02
5.600000e-07	-3.953122e-06	-1.076526e-08	-2.740389e+01	-6.396821e+02
5.700000e-07	-3.815240e-06	-1.067877e-08	-2.644806e+01	-6.334362e+02
5.800000e-07	-3.675820e-06	-1.058361e-08	-2.548157e+01	-6.269993e+02
5.900000e-07	-3.535017e-06	-1.045558e-08	-2.450549e+01	-6.203837e+02
6.000000e-07	-3.392779e-06	-1.033170e-08	-2.351947e+01	-6.135958e+02
6.100000e-07	-3.249108e-06	-1.022480e-08	-2.252351e+01	-6.066320e+02
6.200000e-07	-3.104201e-06	-1.011785e-08	-2.151898e+01	-5.994803e+02
6.300000e-07	-2.958220e-06	-9.985079e-09	-2.050701e+01	-5.921242e+02
6.400000e-07	-2.811310e-06	-9.848299e-09	-1.948860e+01	-5.845490e+02
6.500000e-07	-2.663474e-06	-9.725764e-09	-1.846377e+01	-5.767453e+02
6.600000e-07	-2.514751e-06	-9.601352e-09	-1.743279e+01	-5.687099e+02
6.700000e-07	-2.365221e-06	-9.454032e-09	-1.639621e+01	-5.604428e+02
6.800000e-07	-2.214893e-06	-9.295533e-09	-1.535411e+01	-5.519417e+02
6.900000e-07	-2.063789e-06	-9.156500e-09	-1.430662e+01	-5.431970e+02
7.000000e-07	-1.911938e-06	-9.021972e-09	-1.325396e+01	-5.341901e+02
7.100000e-07	-1.759398e-06	-8.865910e-09	-1.219652e+01	-5.248953e+02
7.200000e-07	-1.606173e-06	-8.688979e-09	-1.113433e+01	-5.152854e+02
7.300000e-07	-1.452278e-06	-8.517821e-09	-1.006750e+01	-5.053384e+02
7.400000e-07	-1.297828e-06	-8.353387e-09	-8.996822e+00	-4.950426e+02
7.500000e-07	-1.142911e-06	-8.173526e-09	-7.922900e+00	-4.843966e+02
7.600000e-07	-9.876033e-07	-7.977777e-09	-6.846277e+00	-4.734049e+02
7.700000e-07	-8.319442e-07	-7.788973e-09	-5.767214e+00	-4.620687e+02
7.800000e-07	-6.759579e-07	-7.608571e-09	-4.685884e+00	-4.503763e+02
7.900000e-07	-5.197526e-07	-7.411561e-09	-3.603036e+00	-4.382952e+02
8.000000e-07	-3.633697e-07	-7.190158e-09	-2.518956e+00	-4.257700e+02
8.100000e-07	-2.068092e-07	-6.960608e-09	-1.433645e+00	-4.127268e+02
8.200000e-07	-5.015066e-08	-6.733371e-09	-3.476551e-01	-3.990824e+02
8.300000e-07	1.065269e-07	-6.493632e-09	7.384673e-01	-3.847565e+02
8.400000e-07	2.631573e-07	-6.231453e-09	1.824263e+00	-3.696822e+02
8.500000e-07	4.196443e-07	-5.959217e-09	2.909064e+00	-3.538126e+02
8.600000e-07	5.759321e-07	-5.688697e-09	3.992484e+00	-3.371213e+02
8.700000e-07	7.319976e-07	-5.402304e-09	5.074363e+00	-3.195972e+02
8.800000e-07	8.877684e-07	-5.084353e-09	6.154200e+00	-3.012346e+02
8.900000e-07	1.043221e-06	-4.750972e-09	7.231833e+00	-2.820231e+02
9.000000e-07	1.198331e-06	-4.416226e-09	8.307084e+00	-2.619368e+02
9.100000e-07	1.353016e-06	-4.069195e-09	9.379396e+00	-2.409278e+02
9.200000e-07	1.507205e-06	-3.693042e-09	1.044826e+01	-2.189230e+02
9.300000e-07	1.660844e-06	-3.294043e-09	1.151332e+01	-1.958249e+02
9.400000e-07	1.813800e-06	-2.886428e-09	1.257365e+01	-1.715175e+02
9.500000e-07	1.965982e-06	-2.461276e-09	1.362861e+01	-1.458760e+02
9.600000e-07	2.117410e-06	-1.997757e-09	1.467834e+01	-1.187811e+02
9.700000e-07	2.268045e-06	-1.499973e-09	1.572257e+01	-9.013748e+01
9.800000e-07	2.417873e-06	-9.888151e-10	1.676121e+01	-5.989417e+01
9.900000e-07	2.566871e-06	-4.608512e-10	1.779410e+01	-2.806500e+01
1.000000e-06	2.715004e-06	1.006968e-10	1.882098e+01	5.255217e+00
1.010000e-06	2.862220e-06	6.945939e-10	1.984152e+01	3.988233e+01
1.020000e-06	3.008496e-06	1.300056e-09	2.085553e+01	7.554559e+01
1.030000e-06	3.153660e-06	1.906538e-09	2.186184e+01	1.119024e+02
1.040000e-06	3.297616e-06	2.523343e-09	2.285978e+01	1.485634e+02
1.050000e-06	3.440385e-06	3.148225e-09	2.384948e+01	1.851240e+02
1.060000e-06	3.581885e-06	3.761859e-09	2.483039e+01	2.211964e+02
1.070000e-06	3.721995e-06	4.349783e-09	2.580166e+01	2.564365e+02
1.080000e-06	3.860651e-06	4.920909e-09	2.676285e+01	2.905619e+02
1.090000e-06	3.997839e-06	5.478043e-09	2.771387e+01	3.233583e+02
1.100000e-06	4.133505e-06	6.009583e-09	2.865434e+01	3.546778e+02
1.110000e-06	4.267689e-06	6.504756e-09	2.958453e+01	3.844290e+02
1.120000e-06	4.400337e-06	6.972100e-09	3.050407e+01	4.125665e+02
1.130000e-06	4.531417e-06	7.422862e-09	3.141275e+01	4.390800e+02
1.140000e-06	4.660904e-06	7.847087e-09	3.231038e+01	4.639874e+02
1.150000e-06	4.788660e-06	8.236109e-09	3.319601e+01	4.873292e+02
1.160000e-06	4.914775e-06	8.596862e-09	3.407027e+01	5.091652e+02
1.170000e-06	5.039257e-06	8.941342e-09	3.493321e+01	5.295697e+02
1.180000e-06	5.161991e-06	9.263933e-09	3.578402e+01	5.486259e+02
1.190000e-06	5.282864e-06	9.559835e-09	3.662194e+01	5.664192e+02
1.200000e-06	5.401764e-06	9.833825e-09	3.744618e+01	5.830301e+02
1.210000e-06	5.518670e-06	1.009680e-08	3.825660e+01	5.985310e+02
1.220000e-06	5.633436e-06	1.034598e-08	3.905218e+01	6.129846e+02
1.230000e-06	5.745958e-06	1.057187e-08	3.983221e+01	6.264474e+02
1.240000e-06	5.856390e-06	1.077812e-08	4.059774e+01	6.389749e+02
1.250000e-06	5.964789e-06	1.097472e-08	4.134918e+01	6.506259e+02
1.260000e-06	6.071092e-06	1.115966e-08	4.208610e+01	6.614648e+02
1.270000e-06	6.175206e-06	1.132593e-08	4.280784e+01	6.715597e+02
1.280000e-06	6.277093e-06	1.147953e-08	4.351414e+01	6.809769e+02
1.290000e-06	6.376703e-06	1.162853e-08	4.420466e+01	6.897743e+02
1.300000e-06	6.473900e-06	1.177076e-08	4.487845e+01	6.979964e+02
1.310000e-06	6.568745e-06	1.189816e-08	4.553594e+01	7.056729e+02
1.320000e-06	6.661339e-06	1.201465e-08	4.617782e+01	7.128225e+02
1.330000e-06	6.751673e-06	1.212760e-08	4.680403e+01	7.194603e+02
1.340000e-06	6.839627e-06	1.223440e-08	4.741375e+01	7.256058e+02
1.350000e-06	6.925214e-06	1.232866e-08	4.800706e+01	7.312898e+02
1.360000e-06	7.008478e-06	1.241293e-08	4.858426e+01	7.365549e+02
1.370000e-06	7.089212e-06	1.249441e-08	4.914393e+01	7.414521e+02
1.380000e-06	7.167334e-06	1.257499e-08	4.968549e+01	7.460321e+02
1.390000e-06	7.242806e-06	1.264914e-08	5.020868e+01	7.503371e+02
1.400000e-06	7.315534e-06	1.271429e-08	5.071284e+01	7.543934e+02
1.410000e-06	7.385685e-06	1.277745e-08	5.119914e+01	7.582111e+02
1.420000e-06	7.453267e-06	1.284017e-08	5.166764e+01	7.617877e+02
1.430000e-06	7.518095e-06	1.289628e-08	5.211703e+01	7.651167e+02
1.440000e-06	7.580329e-06	1.294477e-08	5.254846e+01	7.681956e+02
1.450000e-06	7.640035e-06	1.299003e-08	5.296235e+01	7.710328e+02
1.460000e-06	7.696978e-06	1.303640e-08	5.335709e+01	7.736473e+02
1.470000e-06	7.751108e-06	1.308050e-08	5.373233e+01	7.760655e+02
1.480000e-06	7.802131e-06	1.311696e-08	5.408603e+01	7.783131e+02
1.490000e-06	7.849956e-06	1.314840e-08	5.441756e+01	7.804084e+02
1.500000e-06	7.894961e-06	1.318022e-08	5.472955e+01	7.823582e+02
1.510000e-06	7.937170e-06	1.321308e-08	5.502215e+01	7.841581e+02
1.520000e-06	7.976549e-06	1.324181e-08	5.529514e+01	7.857985e+02
1.530000e-06	8.013223e-06	1.326494e-08	5.554937e+01	7.872713e+02
1.540000e-06	8.047087e-06	1.328683e-08	5.578412e+01	7.885761e+02
1.550000e-06	8.078057e-06	1.330889e-08	5.599881e+01	7.897229e+02
1.560000e-06	8.106262e-06	1.332622e-08	5.619434e+01	7.907297e+02
1.570000e-06	8.131550e-06	1.333784e-08	5.636964e+01	7.916164e+02
1.580000e-06	8.153903e-06	1.334852e-08	5.652459e+01	7.923982e+02
1.590000e-06	8.173545e-06	1.336136e-08	5.666076e+01	7.930806e+02
1.600000e-06	8.190313e-06	1.337244e-08	5.677699e+01	7.936596e+02
1.610000e-06	8.204037e-06	1.337585e-08	5.687213e+01	7.941254e+02
1.620000e-06	8.214606e-06	1.337764e-08	5.694540e+01	7.944692e+02
1.630000e-06	8.222068e-06	1.338458e-08	5.699713e+01	7.946897e+02
1.640000e-06	8.226718e-06	1.339062e-08	5.702936e+01	7.947961e+02
1.650000e-06	8.228469e-06	1.338763e-08	5.704150e+01	7.948056e+02
1.660000e-06	8.227328e-06	1.338302e-08	5.703359e+01	7.947369e+02
1.670000e-06	8.223599e-06	1.338532e-08	5.700774e+01	7.946027e+02
1.680000e-06	8.217139e-06	1.338232e-08	5.696295e+01	7.944022e+02
1.690000e-06	8.207880e-06	1.337313e-08	5.689878e+01	7.941211e+02
1.700000e-06	8.195872e-06	1.336311e-08	5.681553e+01	7.937354e+02
1.710000e-06	8.181027e-06	1.334935e-08	5.671262e+01	7.932208e+02
1.720000e-06	8.163608e-06	1.331636e-08	5.659187e+01	7.925634e+02
1.730000e-06	8.143822e-06	1.331594e-08	5.645471e+01	7.917664e+02
1.740000e-06	8.121105e-06	1.339894e-08	5.629723e+01	7.908516e+02
1.750000e-06	8.094616e-06	1.336610e-08	5.611360e+01	7.898527e+02
1.760000e-06	8.064339e-06	1.327940e-08	5.590371e+01	7.888050e+02
1.770000e-06	8.031057e-06	1.326533e-08	5.567300e+01	7.877326e+02
1.780000e-06	7.995404e-06	1.321538e-08	5.542585e+01	7.866410e+02
1.790000e-06	7.957483e-06	1.314212e-08	5.516297e+01	7.855147e+02
1.800000e-06	7.917442e-06	1.325597e-08	5.488539e+01	7.843240e+02
1.810000e-06	7.874997e-06	1.316436e-08	5.459116e+01	7.830361e+02
1.820000e-06	7.829809e-06	1.309397e-08	5.427790e+01	7.816265e+02
1.830000e-06	7.781837e-06	1.322113e-08	5.394535e+01	7.800882e+02
1.840000e-06	7.730669e-06	1.308198e-08	5.359064e+01	7.784321e+02
1.850000e-06	7.676470e-06	1.311551e-08	5.321493e+01	7.766814e+02
1.860000e-06	7.619502e-06	1.299293e-08	5.282001e+01	7.748605e+02
1.870000e-06	7.559853e-06	1.294989e-08	5.240651e+01	7.729846e+02
1.880000e-06	7.497574e-06	1.303256e-08	5.197478e+01	7.710526e+02
1.890000e-06	7.432432e-06	1.290831e-08	5.152320e+01	7.690470e+02
1.900000e-06	7.364638e-06	1.295521e-08	5.105324e+01	7.669414e+02
1.910000e-06	7.293953e-06	1.286014e-08	5.056324e+01	7.647107e+02
1.920000e-06	7.220341e-06	1.284157e-08	5.005295e+01	7.623420e+02
1.930000e-06	7.144015e-06	1.279590e-08	4.952383e+01	7.598395e+02
1.940000e-06	7.064859e-06	1.268924e-08	4.897511e+01	7.572231e+02
1.950000e-06	6.983183e-06	1.270990e-08	4.840891e+01	7.545204e+02
1.960000e-06	6.899061e-06	1.262361e-08	4.782576e+01	7.517555e+02
1.970000e-06	6.812467e-06	1.265839e-08	4.722547e+01	7.489390e+02
1.980000e-06	6.723413e-06	1.256236e-08	4.660813e+01	7.460637e+02
1.990000e-06	6.632028e-06	1.248413e-08	4.597463e+01	7.431065e+02
2.000000e-06	6.538358e-06	1.244524e-08	4.532529e+01	7.400376e+02
2.010000e-06	6.442276e-06	1.237366e-08	4.465923e+01	7.368308e+02
2.020000e-06	6.343974e-06	1.234409e-08	4.397778e+01	7.334732e+02
2.030000e-06	6.243438e-06	1.224923e-08	4.328084e+01	7.299683e+02
2.040000e-06	6.140595e-06	1.224356e-08	4.256791e+01	7.263330e+02
2.050000e-06	6.035467e-06	1.217053e-08	4.183914e+01	7.225896e+02
2.060000e-06	5.928277e-06	1.210878e-08	4.109608e+01	7.187551e+02
2.070000e-06	5.819103e-06	1.200508e-08	4.033926e+01	7.148338e+02
2.080000e-06	5.707768e-06	1.193355e-08	3.956747e+01	7.108148e+02
2.090000e-06	5.594229e-06	1.188250e-08	3.878039e+01	7.066768e+02
2.100000e-06	5.478464e-06	1.180685e-08	3.797788e+01	7.023961e+02
2.110000e-06	5.360546e-06	1.173790e-08	3.716045e+01	6.979563e+02
2.120000e-06	5.240574e-06	1.165366e-08	3.632878e+01	6.933545e+02
2.130000e-06	5.118711e-06	1.159992e-08	3.548399e+01	6.886022e+02
2.140000e-06	4.995068e-06	1.150079e-08	3.462688e+01	6.837191e+02
2.150000e-06	4.869630e-06	1.140917e-08	3.375731e+01	6.787251e+02
2.160000e-06	4.742351e-06	1.130750e-08	3.287499e+01	6.736304e+02
2.170000e-06	4.613376e-06	1.123930e-08	3.198091e+01	6.684306e+02
2.180000e-06	4.482926e-06	1.115377e-08	3.107660e+01	6.631064e+02
2.190000e-06	4.350957e-06	1.105853e-08	3.016176e+01	6.576298e+02
2.200000e-06	4.217315e-06	1.095943e-08	2.923533e+01	6.519727e+02
2.210000e-06	4.082077e-06	1.086637e-08	2.829783e+01	6.461151e+02
2.220000e-06	3.945411e-06	1.077080e-08	2.735043e+01	6.400501e+02
2.230000e-06	3.807324e-06	1.065097e-08	2.639318e+01	6.337831e+02
2.240000e-06	3.667782e-06	1.053851e-08	2.542584e+01	6.273264e+02
2.250000e-06	3.526757e-06	1.042788e-08	2.444823e+01	6.206921e+02
2.260000e-06	3.384396e-06	1.032527e-08	2.346135e+01	6.138856e+02
2.270000e-06	3.240815e-06	1.019983e-08	2.246602e+01	6.069023e+02
2.280000e-06	3.096012e-06	1.007395e-08	2.146221e+01	5.997294e+02
2.290000e-06	2.950132e-06	9.947998e-09	2.045094e+01	5.923504e+02
2.300000e-06	2.803349e-06	9.829699e-09	1.943341e+01	5.847509e+02
2.310000e-06	2.655663e-06	9.697888e-09	1.840962e+01	5.769223e+02
2.320000e-06	2.506963e-06	9.555846e-09	1.737880e+01	5.688620e+02
2.330000e-06	2.357290e-06	9.417722e-09	1.634124e+01	5.605700e+02
2.340000e-06	2.206793e-06	9.277802e-09	1.529796e+01	5.520433e+02
2.350000e-06	2.055538e-06	9.128881e-09	1.424942e+01	5.432715e+02
2.360000e-06	1.903546e-06	8.966003e-09	1.319579e+01	5.342350e+02
2.370000e-06	1.750913e-06	8.808558e-09	1.213770e+01	5.249075e+02
2.380000e-06	1.597606e-06	8.655897e-09	1.107494e+01	5.152623e+02
2.390000e-06	1.443671e-06	8.493036e-09	1.000784e+01	5.052782e+02
2.400000e-06	1.289318e-06	8.314557e-09	8.937826e+00	4.949447e+02
2.410000e-06	1.134539e-06	8.130823e-09	7.864869e+00	4.842613e+02
2.420000e-06	9.793674e-07	7.944827e-09	6.789183e+00	4.732327e+02
2.430000e-06	8.238683e-07	7.751613e-09	5.711231e+00	4.618592e+02
2.440000e-06	6.680363e-07	7.546987e-09	4.630970e+00	4.501270e+02
2.450000e-06	5.119652e-07	7.342651e-09	3.549052e+00	4.380012e+02
2.460000e-06	3.556951e-07	7.138923e-09	2.465754e+00	4.254242e+02
2.470000e-06	1.992985e-07	6.926698e-09	1.381579e+00	4.123206e+02
2.480000e-06	4.286544e-08	6.693446e-09	2.971524e-01	3.986068e+02
2.490000e-06	-1.135804e-07	6.444133e-09	-7.873635e-01	3.842034e+02
2.500000e-06	-2.699822e-07	6.189348e-09	-1.871574e+00	3.690457e+02
2.510000e-06	-4.262887e-07	5.925381e-09	-2.955124e+00	3.530889e+02
2.520000e-06	-5.824293e-07	5.644569e-09	-4.037524e+00	3.363086e+02
2.530000e-06	-7.383066e-07	5.344391e-09	-5.118098e+00	3.186948e+02
2.540000e-06	-8.938659e-07	5.035105e-09	-6.196469e+00	3.002420e+02
2.550000e-06	-1.049021e-06	4.715016e-09	-7.272040e+00	2.809382e+02
2.560000e-06	-1.203754e-06	4.376022e-09	-8.344677e+00	2.607556e+02
2.570000e-06	-1.358130e-06	4.015429e-09	-9.414843e+00	2.396438e+02
2.580000e-06	-1.512087e-06	3.641585e-09	-1.048211e+01	2.175268e+02
2.590000e-06	-1.665484e-06	3.256757e-09	-1.154549e+01	1.943049e+02
2.600000e-06	-1.818216e-06	2.850399e-09	-1.260426e+01	1.698605e+02
2.610000e-06	-1.970224e-06	2.416578e-09	-1.365801e+01	1.440686e+02
2.620000e-06	-2.121547e-06	1.959792e-09	-1.470702e+01	1.168116e+02
2.630000e-06	-2.272179e-06	1.482417e-09	-1.575123e+01	8.799798e+01
2.640000e-06	-2.422043e-06	9.754010e-10	-1.679012e+01	5.758269e+01
2.650000e-06	-2.571034e-06	4.336580e-10	-1.782296e+01	2.558759e+01
2.660000e-06	-2.719025e-06	-1.321962e-10	-1.884886e+01	-7.883141e+00
2.670000e-06	-2.866019e-06	-7.120231e-10	-1.986786e+01	-4.263574e+01
2.680000e-06	-3.012066e-06	-1.307622e-09	-2.088029e+01	-7.839085e+01
2.690000e-06	-3.157076e-06	-1.919107e-09	-2.188552e+01	-1.147995e+02
2.700000e-06	-3.300856e-06	-2.536121e-09	-2.288224e+01	-1.514691e+02
2.710000e-06	-3.443442e-06	-3.148251e-09	-2.387067e+01	-1.879955e+02
2.720000e-06	-3.584795e-06	-3.751627e-09	-2.485056e+01	-2.239943e+02
2.730000e-06	-3.724690e-06	-4.343415e-09	-2.582035e+01	-2.591274e+02
2.740000e-06	-3.863151e-06	-4.917218e-09	-2.678018e+01	-2.931195e+02
2.750000e-06	-4.000198e-06	-5.464693e-09	-2.773023e+01	-3.257638e+02
2.760000e-06	-4.135732e-06	-5.986268e-09	-2.866977e+01	-3.569188e+02
2.770000e-06	-4.269817e-06	-6.484871e-09	-2.959928e+01	-3.864987e+02
2.780000e-06	-4.402376e-06	-6.958148e-09	-3.051821e+01	-4.144622e+02
2.790000e-06	-4.533339e-06	-7.401246e-09	-3.142607e+01	-4.408024e+02
2.800000e-06	-4.662814e-06	-7.815764e-09	-3.232362e+01	-4.655398e+02
2.810000e-06	-4.790627e-06	-8.208884e-09	-3.320965e+01	-4.887173e+02
2.820000e-06	-4.916709e-06	-8.579108e-09	-3.408367e+01	-5.103962e+02
2.830000e-06	-5.041057e-06	-8.921589e-09	-3.494568e+01	-5.306523e+02
2.840000e-06	-5.163590e-06	-9.237420e-09	-3.579511e+01	-5.495692e+02
2.850000e-06	-5.284340e-06	-9.534183e-09	-3.663217e+01	-5.672321e+02
2.860000e-06	-5.403201e-06	-9.813615e-09	-3.745614e+01	-5.837210e+02
2.870000e-06	-5.519896e-06	-1.007219e-08	-3.826509e+01	-5.991069e+02
2.880000e-06	-5.634283e-06	-1.031327e-08	-3.905805e+01	-6.134517e+02
2.890000e-06	-5.746392e-06	-1.054165e-08	-3.983521e+01	-6.268118e+02
2.900000e-06	-5.856276e-06	-1.075472e-08	-4.059695e+01	-6.392425e+02
2.910000e-06	-5.964180e-06	-1.094759e-08	-4.134497e+01	-6.508035e+02
2.920000e-06	-6.070168e-06	-1.112511e-08	-4.207970e+01	-6.615595e+02
2.930000e-06	-6.173940e-06	-1.129462e-08	-4.279907e+01	-6.715788e+02
2.940000e-06	-6.275357e-06	-1.145573e-08	-4.350211e+01	-6.809271e+02
2.950000e-06	-6.374502e-06	-1.160416e-08	-4.418941e+01	-6.896611e+02
2.960000e-06	-6.471559e-06	-1.174047e-08	-4.486222e+01	-6.978236e+02
2.970000e-06	-6.566444e-06	-1.186928e-08	-4.551999e+01	-7.054430e+02
2.980000e-06	-6.658921e-06	-1.199152e-08	-4.616106e+01	-7.125371e+02
2.990000e-06	-6.749101e-06	-1.210395e-08	-4.678621e+01	-7.191212e+02
3.000000e-06	-6.837007e-06	-1.220466e-08	-4.739559e+01	-7.252157e+02
3.010000e-06	-6.922406e-06	-1.229729e-08	-4.798759e+01	-7.308526e+02
3.020000e-06	-7.005298e-06	-1.238625e-08	-4.856222e+01	-7.360759e+02
3.030000e-06	-7.085765e-06	-1.246939e-08	-4.912003e+01	-7.409368e+02
3.040000e-06	-7.163560e-06	-1.254550e-08	-4.965932e+01	-7.454857e+02
3.050000e-06	-7.238572e-06	-1.261813e-08	-5.017932e+01	-7.497631e+02
3.060000e-06	-7.310960e-06	-1.268851e-08	-5.068114e+01	-7.537938e+02
3.070000e-06	-7.380692e-06	-1.275346e-08	-5.116453e+01	-7.575860e+02
3.080000e-06	-7.447836e-06	-1.281186e-08	-5.162999e+01	-7.611365e+02
3.090000e-06	-7.512451e-06	-1.286498e-08	-5.207791e+01	-7.644387e+02
3.100000e-06	-7.574314e-06	-1.291677e-08	-5.250676e+01	-7.674913e+02
3.110000e-06	-7.633428e-06	-1.296576e-08	-5.291655e+01	-7.703035e+02
3.120000e-06	-7.689857e-06	-1.300785e-08	-5.330773e+01	-7.728958e+02
3.130000e-06	-7.743402e-06	-1.304819e-08	-5.367892e+01	-7.752946e+02
3.140000e-06	-7.793878e-06	-1.309022e-08	-5.402882e+01	-7.775253e+02
3.150000e-06	-7.841239e-06	-1.312813e-08	-5.435714e+01	-7.796051e+02
3.160000e-06	-7.885827e-06	-1.315872e-08	-5.466623e+01	-7.815392e+02
3.170000e-06	-7.927923e-06	-1.318294e-08	-5.495805e+01	-7.833227e+02
3.180000e-06	-7.967303e-06	-1.320765e-08	-5.523104e+01	-7.849455e+02
3.190000e-06	-8.003819e-06	-1.323451e-08	-5.548418e+01	-7.864001e+02
3.200000e-06	-8.037601e-06	-1.325770e-08	-5.571836e+01	-7.876875e+02
3.210000e-06	-8.068560e-06	-1.327770e-08	-5.593297e+01	-7.888185e+02
3.220000e-06	-8.096563e-06	-1.329503e-08	-5.612710e+01	-7.898116e+02
3.230000e-06	-8.121762e-06	-1.331232e-08	-5.630179e+01	-7.906865e+02
3.240000e-06	-8.144110e-06	-1.332693e-08	-5.645671e+01	-7.914576e+02
3.250000e-06	-8.163548e-06	-1.333699e-08	-5.659146e+01	-7.921294e+02
3.260000e-06	-8.180161e-06	-1.334502e-08	-5.670662e+01	-7.926969e+02
3.270000e-06	-8.193680e-06	-1.335345e-08	-5.680034e+01	-7.931500e+02
3.280000e-06	-8.204035e-06	-1.336086e-08	-5.687212e+01	-7.934806e+02
3.290000e-06	-8.211417e-06	-1.336453e-08	-5.692329e+01	-7.936884e+02
3.300000e-06	-8.215895e-06	-1.336515e-08	-5.695433e+01	-7.937836e+02
3.310000e-06	-8.217605e-06	-1.336767e-08	-5.696619e+01	-7.937839e+02
