# Temperatura_=_61.19
# Concentracion g/m^3_=_11780.0
# C_Vs_to_Am_M_A/Vsm_=_59384043850.047264
# pendiente_HvsI_1/m_=_3716.3
# ordenada_HvsI_A/m_=_1297.0
# frecuencia_Hz_=_301540.1425656842

Tiempo_(s)	Campo_(V.s)	Magnetizacion_(V.s)	Campo_(kA/m)	Magnetizacion_(A/m)
0.000000e+00	-8.039814e-06	-1.441160e-08	-5.691674e+01	-8.550828e+02
1.000000e-08	-8.036613e-06	-1.440398e-08	-5.689408e+01	-8.549121e+02
2.000000e-08	-8.030755e-06	-1.439674e-08	-5.685261e+01	-8.546620e+02
3.000000e-08	-8.022238e-06	-1.438946e-08	-5.679232e+01	-8.543312e+02
4.000000e-08	-8.010905e-06	-1.438257e-08	-5.671208e+01	-8.539107e+02
5.000000e-08	-7.996684e-06	-1.437436e-08	-5.661141e+01	-8.533881e+02
6.000000e-08	-7.979608e-06	-1.437346e-08	-5.649052e+01	-8.527518e+02
7.000000e-08	-7.959995e-06	-1.437462e-08	-5.635168e+01	-8.519960e+02
8.000000e-08	-7.937870e-06	-1.430675e-08	-5.619505e+01	-8.511239e+02
9.000000e-08	-7.912569e-06	-1.425569e-08	-5.601593e+01	-8.501473e+02
1.000000e-07	-7.883934e-06	-1.427969e-08	-5.581321e+01	-8.490833e+02
1.100000e-07	-7.852449e-06	-1.429630e-08	-5.559032e+01	-8.479484e+02
1.200000e-07	-7.818287e-06	-1.426789e-08	-5.534848e+01	-8.467527e+02
1.300000e-07	-7.781623e-06	-1.423270e-08	-5.508891e+01	-8.454960e+02
1.400000e-07	-7.742851e-06	-1.426052e-08	-5.481443e+01	-8.441669e+02
1.500000e-07	-7.701793e-06	-1.419820e-08	-5.452377e+01	-8.427465e+02
1.600000e-07	-7.657922e-06	-1.418223e-08	-5.421319e+01	-8.412138e+02
1.700000e-07	-7.611356e-06	-1.414058e-08	-5.388354e+01	-8.395529e+02
1.800000e-07	-7.561939e-06	-1.404101e-08	-5.353369e+01	-8.377572e+02
1.900000e-07	-7.509282e-06	-1.409094e-08	-5.316092e+01	-8.358313e+02
2.000000e-07	-7.453818e-06	-1.405276e-08	-5.276827e+01	-8.337884e+02
2.100000e-07	-7.395690e-06	-1.400405e-08	-5.235676e+01	-8.316448e+02
2.200000e-07	-7.334875e-06	-1.395980e-08	-5.192622e+01	-8.294141e+02
2.300000e-07	-7.271477e-06	-1.391251e-08	-5.147741e+01	-8.271019e+02
2.400000e-07	-7.205327e-06	-1.391587e-08	-5.100911e+01	-8.247043e+02
2.500000e-07	-7.136493e-06	-1.383290e-08	-5.052181e+01	-8.222092e+02
2.600000e-07	-7.065074e-06	-1.377141e-08	-5.001621e+01	-8.196016e+02
2.700000e-07	-6.990899e-06	-1.374425e-08	-4.949110e+01	-8.168680e+02
2.800000e-07	-6.913968e-06	-1.373040e-08	-4.894647e+01	-8.140015e+02
2.900000e-07	-6.834332e-06	-1.366384e-08	-4.838270e+01	-8.110031e+02
3.000000e-07	-6.752146e-06	-1.356599e-08	-4.780088e+01	-8.078801e+02
3.100000e-07	-6.667746e-06	-1.355089e-08	-4.720338e+01	-8.046428e+02
3.200000e-07	-6.581138e-06	-1.349931e-08	-4.659025e+01	-8.013000e+02
3.300000e-07	-6.492186e-06	-1.343896e-08	-4.596053e+01	-7.978556e+02
3.400000e-07	-6.400895e-06	-1.336572e-08	-4.531424e+01	-7.943076e+02
3.500000e-07	-6.307350e-06	-1.330369e-08	-4.465201e+01	-7.906492e+02
3.600000e-07	-6.211585e-06	-1.326160e-08	-4.397405e+01	-7.868716e+02
3.700000e-07	-6.113451e-06	-1.318655e-08	-4.327932e+01	-7.829670e+02
3.800000e-07	-6.013056e-06	-1.310547e-08	-4.256859e+01	-7.789306e+02
3.900000e-07	-5.910582e-06	-1.302468e-08	-4.184314e+01	-7.747604e+02
4.000000e-07	-5.805934e-06	-1.298364e-08	-4.110230e+01	-7.704559e+02
4.100000e-07	-5.699132e-06	-1.291252e-08	-4.034621e+01	-7.660157e+02
4.200000e-07	-5.590356e-06	-1.282040e-08	-3.957615e+01	-7.614360e+02
4.300000e-07	-5.479709e-06	-1.273412e-08	-3.879284e+01	-7.567106e+02
4.400000e-07	-5.367001e-06	-1.266541e-08	-3.799493e+01	-7.518322e+02
4.500000e-07	-5.252051e-06	-1.258871e-08	-3.718116e+01	-7.467953e+02
4.600000e-07	-5.135000e-06	-1.248285e-08	-3.635252e+01	-7.415987e+02
4.700000e-07	-5.016091e-06	-1.238779e-08	-3.551072e+01	-7.362459e+02
4.800000e-07	-4.895416e-06	-1.230541e-08	-3.465642e+01	-7.307442e+02
4.900000e-07	-4.772918e-06	-1.222612e-08	-3.378921e+01	-7.251013e+02
5.000000e-07	-4.648613e-06	-1.211682e-08	-3.290921e+01	-7.193219e+02
5.100000e-07	-4.522701e-06	-1.200901e-08	-3.201783e+01	-7.134045e+02
5.200000e-07	-4.395269e-06	-1.191402e-08	-3.111570e+01	-7.073406e+02
5.300000e-07	-4.266293e-06	-1.181654e-08	-3.020262e+01	-7.011167e+02
5.400000e-07	-4.135712e-06	-1.169811e-08	-2.927819e+01	-6.947182e+02
5.500000e-07	-4.003530e-06	-1.157476e-08	-2.834244e+01	-6.881336e+02
5.600000e-07	-3.869934e-06	-1.147031e-08	-2.739666e+01	-6.813580e+02
5.700000e-07	-3.734978e-06	-1.136588e-08	-2.644126e+01	-6.743932e+02
5.800000e-07	-3.598690e-06	-1.124635e-08	-2.547643e+01	-6.672453e+02
5.900000e-07	-3.461088e-06	-1.111394e-08	-2.450229e+01	-6.599200e+02
6.000000e-07	-3.322080e-06	-1.099337e-08	-2.351820e+01	-6.524180e+02
6.100000e-07	-3.181666e-06	-1.087215e-08	-2.252416e+01	-6.447321e+02
6.200000e-07	-3.039991e-06	-1.073416e-08	-2.152119e+01	-6.368470e+02
6.300000e-07	-2.897155e-06	-1.058608e-08	-2.051000e+01	-6.287430e+02
6.400000e-07	-2.753222e-06	-1.044641e-08	-1.949105e+01	-6.204010e+02
6.500000e-07	-2.608198e-06	-1.031138e-08	-1.846437e+01	-6.118075e+02
6.600000e-07	-2.462200e-06	-1.016259e-08	-1.743080e+01	-6.029579e+02
6.700000e-07	-2.315427e-06	-1.000472e-08	-1.639175e+01	-5.938549e+02
6.800000e-07	-2.167884e-06	-9.848250e-09	-1.534723e+01	-5.845051e+02
6.900000e-07	-2.019541e-06	-9.695524e-09	-1.429706e+01	-5.749124e+02
7.000000e-07	-1.870506e-06	-9.530607e-09	-1.324199e+01	-5.650726e+02
7.100000e-07	-1.720948e-06	-9.353423e-09	-1.218321e+01	-5.549708e+02
7.200000e-07	-1.570871e-06	-9.174008e-09	-1.112076e+01	-5.445829e+02
7.300000e-07	-1.420207e-06	-8.999185e-09	-1.005416e+01	-5.338802e+02
7.400000e-07	-1.269024e-06	-8.817300e-09	-8.983878e+00	-5.228367e+02
7.500000e-07	-1.117431e-06	-8.621874e-09	-7.910697e+00	-5.114335e+02
7.600000e-07	-9.654144e-07	-8.423623e-09	-6.834516e+00	-4.996611e+02
7.700000e-07	-8.130190e-07	-8.224129e-09	-5.755655e+00	-4.875157e+02
7.800000e-07	-6.603555e-07	-8.015974e-09	-4.674895e+00	-4.749908e+02
7.900000e-07	-5.074615e-07	-7.792698e-09	-3.592503e+00	-4.620685e+02
8.000000e-07	-3.543881e-07	-7.563735e-09	-2.508841e+00	-4.487106e+02
8.100000e-07	-2.011431e-07	-7.331687e-09	-1.423965e+00	-4.348567e+02
8.200000e-07	-4.782945e-08	-7.091345e-09	-3.386020e-01	-4.204278e+02
8.300000e-07	1.054268e-07	-6.836637e-09	7.463542e-01	-4.053365e+02
8.400000e-07	2.586576e-07	-6.567307e-09	1.831131e+00	-3.895015e+02
8.500000e-07	4.118224e-07	-6.287418e-09	2.915439e+00	-3.728604e+02
8.600000e-07	5.647749e-07	-5.994945e-09	3.998245e+00	-3.553784e+02
8.700000e-07	7.174542e-07	-5.684054e-09	5.079117e+00	-3.370484e+02
8.800000e-07	8.698944e-07	-5.356982e-09	6.158296e+00	-3.178825e+02
8.900000e-07	1.022073e-06	-5.020691e-09	7.235621e+00	-2.978960e+02
9.000000e-07	1.173877e-06	-4.674291e-09	8.310295e+00	-2.770885e+02
9.100000e-07	1.325252e-06	-4.312617e-09	9.381936e+00	-2.554271e+02
9.200000e-07	1.476180e-06	-3.929207e-09	1.045041e+01	-2.328349e+02
9.300000e-07	1.626553e-06	-3.527090e-09	1.151496e+01	-2.091899e+02
9.400000e-07	1.776348e-06	-3.106488e-09	1.257541e+01	-1.843334e+02
9.500000e-07	1.925607e-06	-2.663502e-09	1.363206e+01	-1.580876e+02
9.600000e-07	2.074211e-06	-2.194398e-09	1.468409e+01	-1.302792e+02
9.700000e-07	2.222005e-06	-1.696432e-09	1.573037e+01	-1.007647e+02
9.800000e-07	2.368991e-06	-1.170622e-09	1.677094e+01	-6.945474e+01
9.900000e-07	2.515113e-06	-6.126838e-10	1.780539e+01	-3.633338e+01
1.000000e-06	2.660296e-06	-2.155281e-11	1.883320e+01	-1.470683e+00
1.010000e-06	2.804546e-06	5.976870e-10	1.985439e+01	3.497226e+01
1.020000e-06	2.947770e-06	1.237715e-09	2.086833e+01	7.274656e+01
1.030000e-06	3.089922e-06	1.892982e-09	2.187468e+01	1.115264e+02
1.040000e-06	3.230939e-06	2.558887e-09	2.287299e+01	1.509269e+02
1.050000e-06	3.370633e-06	3.228397e-09	2.386193e+01	1.905269e+02
1.060000e-06	3.508936e-06	3.892284e-09	2.484102e+01	2.298951e+02
1.070000e-06	3.645966e-06	4.543088e-09	2.581111e+01	2.686168e+02
1.080000e-06	3.781722e-06	5.176043e-09	2.677217e+01	3.063185e+02
1.090000e-06	3.916081e-06	5.787502e-09	2.772335e+01	3.426865e+02
1.100000e-06	4.049051e-06	6.373135e-09	2.866470e+01	3.774793e+02
1.110000e-06	4.180543e-06	6.930601e-09	2.959557e+01	4.105319e+02
1.120000e-06	4.310443e-06	7.459455e-09	3.051518e+01	4.417516e+02
1.130000e-06	4.438824e-06	7.956981e-09	3.142404e+01	4.711089e+02
1.140000e-06	4.565731e-06	8.419658e-09	3.232246e+01	4.986238e+02
1.150000e-06	4.691120e-06	8.849259e-09	3.321013e+01	5.243514e+02
1.160000e-06	4.814863e-06	9.249950e-09	3.408615e+01	5.483689e+02
1.170000e-06	4.936798e-06	9.625113e-09	3.494937e+01	5.707648e+02
1.180000e-06	5.056971e-06	9.974127e-09	3.580012e+01	5.916321e+02
1.190000e-06	5.175332e-06	1.029761e-08	3.663804e+01	6.110635e+02
1.200000e-06	5.291646e-06	1.060100e-08	3.746147e+01	6.291496e+02
1.210000e-06	5.405896e-06	1.088692e-08	3.827029e+01	6.459783e+02
1.220000e-06	5.518144e-06	1.115287e-08	3.906493e+01	6.616342e+02
1.230000e-06	5.628429e-06	1.139669e-08	3.984568e+01	6.761986e+02
1.240000e-06	5.736773e-06	1.162247e-08	4.061268e+01	6.897485e+02
1.250000e-06	5.843040e-06	1.183379e-08	4.136499e+01	7.023567e+02
1.260000e-06	5.947149e-06	1.203181e-08	4.210201e+01	7.140906e+02
1.270000e-06	6.049133e-06	1.221496e-08	4.282399e+01	7.250116e+02
1.280000e-06	6.148903e-06	1.238431e-08	4.353030e+01	7.351757e+02
1.290000e-06	6.246395e-06	1.254311e-08	4.422048e+01	7.446329e+02
1.300000e-06	6.341639e-06	1.269189e-08	4.489475e+01	7.534282e+02
1.310000e-06	6.434704e-06	1.282801e-08	4.555359e+01	7.616028e+02
1.320000e-06	6.525501e-06	1.295197e-08	4.619638e+01	7.691953e+02
1.330000e-06	6.613924e-06	1.306877e-08	4.682236e+01	7.762434e+02
1.340000e-06	6.700064e-06	1.317991e-08	4.743217e+01	7.827855e+02
1.350000e-06	6.783981e-06	1.328254e-08	4.802625e+01	7.888611e+02
1.360000e-06	6.865499e-06	1.337480e-08	4.860334e+01	7.945108e+02
1.370000e-06	6.944471e-06	1.345999e-08	4.916242e+01	7.997749e+02
1.380000e-06	7.020854e-06	1.354408e-08	4.970316e+01	8.046920e+02
1.390000e-06	7.094601e-06	1.362620e-08	5.022524e+01	8.092963e+02
1.400000e-06	7.165799e-06	1.369932e-08	5.072928e+01	8.136157e+02
1.410000e-06	7.234494e-06	1.376441e-08	5.121559e+01	8.176714e+02
1.420000e-06	7.300581e-06	1.382790e-08	5.168344e+01	8.214779e+02
1.430000e-06	7.364034e-06	1.388797e-08	5.213265e+01	8.250444e+02
1.440000e-06	7.424979e-06	1.394186e-08	5.256410e+01	8.283773e+02
1.450000e-06	7.483355e-06	1.399122e-08	5.297737e+01	8.314820e+02
1.460000e-06	7.539056e-06	1.404039e-08	5.337169e+01	8.343648e+02
1.470000e-06	7.591840e-06	1.408973e-08	5.374538e+01	8.370330e+02
1.480000e-06	7.641506e-06	1.413351e-08	5.409698e+01	8.394951e+02
1.490000e-06	7.688253e-06	1.417150e-08	5.442791e+01	8.417597e+02
1.500000e-06	7.732249e-06	1.420512e-08	5.473938e+01	8.438347e+02
1.510000e-06	7.773456e-06	1.423450e-08	5.503110e+01	8.457275e+02
1.520000e-06	7.811901e-06	1.425924e-08	5.530327e+01	8.474452e+02
1.530000e-06	7.847709e-06	1.428314e-08	5.555676e+01	8.489955e+02
1.540000e-06	7.880775e-06	1.430829e-08	5.579085e+01	8.503871e+02
1.550000e-06	7.911082e-06	1.433182e-08	5.600540e+01	8.516300e+02
1.560000e-06	7.938704e-06	1.435159e-08	5.620095e+01	8.527343e+02
1.570000e-06	7.963462e-06	1.436773e-08	5.637622e+01	8.537085e+02
1.580000e-06	7.985363e-06	1.438084e-08	5.653127e+01	8.545582e+02
1.590000e-06	8.004555e-06	1.439005e-08	5.666713e+01	8.552851e+02
1.600000e-06	8.020915e-06	1.439570e-08	5.678295e+01	8.558875e+02
1.610000e-06	8.034216e-06	1.440117e-08	5.687711e+01	8.563624e+02
1.620000e-06	8.044362e-06	1.440829e-08	5.694894e+01	8.567083e+02
1.630000e-06	8.051520e-06	1.441444e-08	5.699961e+01	8.569276e+02
1.640000e-06	8.055891e-06	1.441739e-08	5.703056e+01	8.570276e+02
1.650000e-06	8.057437e-06	1.441406e-08	5.704150e+01	8.570202e+02
1.660000e-06	8.056300e-06	1.441556e-08	5.703345e+01	8.569185e+02
1.670000e-06	8.052608e-06	1.441269e-08	5.700731e+01	8.567331e+02
1.680000e-06	8.046167e-06	1.440473e-08	5.696172e+01	8.564687e+02
1.690000e-06	8.037033e-06	1.439619e-08	5.689706e+01	8.561225e+02
1.700000e-06	8.025183e-06	1.438719e-08	5.681316e+01	8.556845e+02
1.710000e-06	8.010536e-06	1.437439e-08	5.670948e+01	8.551421e+02
1.720000e-06	7.993375e-06	1.434516e-08	5.658798e+01	8.544844e+02
1.730000e-06	7.973923e-06	1.437762e-08	5.645028e+01	8.537071e+02
1.740000e-06	7.951726e-06	1.442022e-08	5.629313e+01	8.528150e+02
1.750000e-06	7.926018e-06	1.436821e-08	5.611114e+01	8.518213e+02
1.760000e-06	7.896683e-06	1.430714e-08	5.590347e+01	8.507433e+02
1.770000e-06	7.864242e-06	1.429029e-08	5.567381e+01	8.495969e+02
1.780000e-06	7.829311e-06	1.424601e-08	5.542652e+01	8.483905e+02
1.790000e-06	7.792021e-06	1.420840e-08	5.516253e+01	8.471217e+02
1.800000e-06	7.752557e-06	1.426831e-08	5.488315e+01	8.457776e+02
1.810000e-06	7.710831e-06	1.416405e-08	5.458775e+01	8.443384e+02
1.820000e-06	7.666461e-06	1.417457e-08	5.427364e+01	8.427835e+02
1.830000e-06	7.619429e-06	1.421285e-08	5.394068e+01	8.410985e+02
1.840000e-06	7.569459e-06	1.409746e-08	5.358693e+01	8.392787e+02
1.850000e-06	7.516535e-06	1.412549e-08	5.321226e+01	8.373305e+02
1.860000e-06	7.460744e-06	1.401330e-08	5.281729e+01	8.352682e+02
1.870000e-06	7.402236e-06	1.402691e-08	5.240310e+01	8.331081e+02
1.880000e-06	7.341228e-06	1.401450e-08	5.197120e+01	8.308625e+02
1.890000e-06	7.277452e-06	1.391650e-08	5.151970e+01	8.285353e+02
1.900000e-06	7.211016e-06	1.394361e-08	5.104938e+01	8.261211e+02
1.910000e-06	7.141899e-06	1.385488e-08	5.056008e+01	8.236068e+02
1.920000e-06	7.069996e-06	1.384658e-08	5.005105e+01	8.209773e+02
1.930000e-06	6.995460e-06	1.376056e-08	4.952339e+01	8.182201e+02
1.940000e-06	6.918120e-06	1.370956e-08	4.897587e+01	8.153295e+02
1.950000e-06	6.838161e-06	1.370001e-08	4.840981e+01	8.123079e+02
1.960000e-06	6.755790e-06	1.360722e-08	4.782667e+01	8.091635e+02
1.970000e-06	6.671041e-06	1.360263e-08	4.722671e+01	8.059067e+02
1.980000e-06	6.583842e-06	1.350008e-08	4.660939e+01	8.025454e+02
1.990000e-06	6.494213e-06	1.346347e-08	4.597488e+01	7.990826e+02
2.000000e-06	6.402436e-06	1.339674e-08	4.532516e+01	7.955153e+02
2.010000e-06	6.308353e-06	1.332559e-08	4.465910e+01	7.918360e+02
2.020000e-06	6.211973e-06	1.327367e-08	4.397680e+01	7.880359e+02
2.030000e-06	6.113451e-06	1.319449e-08	4.327933e+01	7.841078e+02
2.040000e-06	6.012798e-06	1.315884e-08	4.256677e+01	7.800474e+02
2.050000e-06	5.909836e-06	1.306264e-08	4.183786e+01	7.758530e+02
2.060000e-06	5.804666e-06	1.299909e-08	4.109333e+01	7.715242e+02
2.070000e-06	5.697555e-06	1.290549e-08	4.033505e+01	7.670593e+02
2.080000e-06	5.588428e-06	1.283960e-08	3.956250e+01	7.624539e+02
2.090000e-06	5.477219e-06	1.275752e-08	3.877521e+01	7.577014e+02
2.100000e-06	5.363883e-06	1.267256e-08	3.797286e+01	7.527948e+02
2.110000e-06	5.248590e-06	1.259475e-08	3.715666e+01	7.477292e+02
2.120000e-06	5.131277e-06	1.250659e-08	3.632616e+01	7.425041e+02
2.130000e-06	5.011869e-06	1.241860e-08	3.548083e+01	7.371238e+02
2.140000e-06	4.890638e-06	1.231107e-08	3.462259e+01	7.315961e+02
2.150000e-06	4.767756e-06	1.222160e-08	3.375267e+01	7.259284e+02
2.160000e-06	4.643159e-06	1.212175e-08	3.287060e+01	7.201245e+02
2.170000e-06	4.516807e-06	1.203194e-08	3.197610e+01	7.141816e+02
2.180000e-06	4.388788e-06	1.192334e-08	3.106981e+01	7.080900e+02
2.190000e-06	4.259237e-06	1.182438e-08	3.015267e+01	7.018357e+02
2.200000e-06	4.128220e-06	1.171618e-08	2.922516e+01	6.954044e+02
2.210000e-06	3.995780e-06	1.160297e-08	2.828757e+01	6.887856e+02
2.220000e-06	3.861960e-06	1.148102e-08	2.734021e+01	6.819757e+02
2.230000e-06	3.726615e-06	1.135826e-08	2.638205e+01	6.749775e+02
2.240000e-06	3.589865e-06	1.124293e-08	2.541395e+01	6.677973e+02
2.250000e-06	3.451868e-06	1.111866e-08	2.443702e+01	6.604404e+02
2.260000e-06	3.312607e-06	1.099512e-08	2.345114e+01	6.529061e+02
2.270000e-06	3.172148e-06	1.086126e-08	2.245678e+01	6.451857e+02
2.280000e-06	3.030546e-06	1.073173e-08	2.145433e+01	6.372629e+02
2.290000e-06	2.887695e-06	1.059435e-08	2.044304e+01	6.291174e+02
2.300000e-06	2.743660e-06	1.045138e-08	1.942336e+01	6.207310e+02
2.310000e-06	2.598676e-06	1.030207e-08	1.839697e+01	6.120917e+02
2.320000e-06	2.452825e-06	1.015346e-08	1.736444e+01	6.031962e+02
2.330000e-06	2.306110e-06	1.000330e-08	1.632578e+01	5.940485e+02
2.340000e-06	2.158565e-06	9.844441e-09	1.528126e+01	5.846550e+02
2.350000e-06	2.010326e-06	9.680202e-09	1.423183e+01	5.750185e+02
2.360000e-06	1.861419e-06	9.512551e-09	1.317766e+01	5.651331e+02
2.370000e-06	1.711885e-06	9.342484e-09	1.211905e+01	5.549819e+02
2.380000e-06	1.561785e-06	9.165038e-09	1.105644e+01	5.445397e+02
2.390000e-06	1.411101e-06	8.981676e-09	9.989695e+00	5.337777e+02
2.400000e-06	1.259822e-06	8.794821e-09	8.918732e+00	5.226708e+02
2.410000e-06	1.107995e-06	8.601939e-09	7.843894e+00	5.112019e+02
2.420000e-06	9.557223e-07	8.400981e-09	6.765903e+00	4.993630e+02
2.430000e-06	8.030907e-07	8.195169e-09	5.685369e+00	4.871502e+02
2.440000e-06	6.502100e-07	7.984588e-09	4.603071e+00	4.745560e+02
2.450000e-06	4.971706e-07	7.768134e-09	3.519650e+00	4.615591e+02
2.460000e-06	3.439880e-07	7.540691e-09	2.435215e+00	4.481175e+02
2.470000e-06	1.906745e-07	7.304588e-09	1.349854e+00	4.341669e+02
2.480000e-06	3.733905e-08	7.059586e-09	2.643366e-01	4.196259e+02
2.490000e-06	-1.159293e-07	6.803732e-09	-8.207051e-01	4.044072e+02
2.500000e-06	-2.691652e-07	6.534964e-09	-1.905518e+00	3.884318e+02
2.510000e-06	-4.223138e-07	6.251650e-09	-2.989712e+00	3.716420e+02
2.520000e-06	-5.752904e-07	5.957621e-09	-4.072688e+00	3.540082e+02
2.530000e-06	-7.280866e-07	5.648343e-09	-5.154387e+00	3.355275e+02
2.540000e-06	-8.806485e-07	5.322397e-09	-6.234428e+00	3.162139e+02
2.550000e-06	-1.032855e-06	4.980801e-09	-7.311955e+00	2.960813e+02
2.560000e-06	-1.184641e-06	4.627162e-09	-8.386504e+00	2.751247e+02
2.570000e-06	-1.335988e-06	4.261143e-09	-9.457938e+00	2.533039e+02
2.580000e-06	-1.486773e-06	3.879183e-09	-1.052541e+01	2.305336e+02
2.590000e-06	-1.636909e-06	3.479584e-09	-1.158827e+01	2.066845e+02
2.600000e-06	-1.786405e-06	3.058651e-09	-1.264661e+01	1.815929e+02
2.610000e-06	-1.935297e-06	2.613863e-09	-1.370067e+01	1.550801e+02
2.620000e-06	-2.083591e-06	2.141769e-09	-1.475049e+01	1.269760e+02
2.630000e-06	-2.231228e-06	1.638735e-09	-1.579567e+01	9.714535e+01
2.640000e-06	-2.378045e-06	1.106498e-09	-1.683504e+01	6.551055e+01
2.650000e-06	-2.523989e-06	5.460280e-10	-1.786823e+01	3.207026e+01
2.660000e-06	-2.669091e-06	-4.196196e-11	-1.889545e+01	-3.089278e+00
2.670000e-06	-2.813217e-06	-6.554948e-10	-1.991578e+01	-3.979084e+01
2.680000e-06	-2.956234e-06	-1.291364e-09	-2.092824e+01	-7.777080e+01
2.690000e-06	-3.098034e-06	-1.942982e-09	-2.193210e+01	-1.166913e+02
2.700000e-06	-3.238602e-06	-2.604462e-09	-2.292723e+01	-1.561592e+02
2.710000e-06	-3.378019e-06	-3.267778e-09	-2.391422e+01	-1.957495e+02
2.720000e-06	-3.516222e-06	-3.927926e-09	-2.489260e+01	-2.350320e+02
2.730000e-06	-3.653141e-06	-4.578397e-09	-2.586190e+01	-2.735977e+02
2.740000e-06	-3.788739e-06	-5.212663e-09	-2.682185e+01	-3.110825e+02
2.750000e-06	-3.922873e-06	-5.821780e-09	-2.777143e+01	-3.471849e+02
2.760000e-06	-4.055528e-06	-6.401173e-09	-2.871055e+01	-3.816771e+02
2.770000e-06	-4.186791e-06	-6.950230e-09	-2.963981e+01	-4.144074e+02
2.780000e-06	-4.316632e-06	-7.467885e-09	-3.055900e+01	-4.452954e+02
2.790000e-06	-4.445013e-06	-7.956294e-09	-3.146785e+01	-4.743212e+02
2.800000e-06	-4.571776e-06	-8.415260e-09	-3.236525e+01	-5.015124e+02
2.810000e-06	-4.696851e-06	-8.845089e-09	-3.325070e+01	-5.269287e+02
2.820000e-06	-4.820316e-06	-9.246577e-09	-3.412476e+01	-5.506501e+02
2.830000e-06	-4.942062e-06	-9.621792e-09	-3.498664e+01	-5.727665e+02
2.840000e-06	-5.061947e-06	-9.972560e-09	-3.583535e+01	-5.933708e+02
2.850000e-06	-5.179861e-06	-1.029896e-08	-3.667011e+01	-6.125556e+02
2.860000e-06	-5.295766e-06	-1.060172e-08	-3.749064e+01	-6.304110e+02
2.870000e-06	-5.409547e-06	-1.088215e-08	-3.829613e+01	-6.470244e+02
2.880000e-06	-5.521138e-06	-1.114165e-08	-3.908612e+01	-6.624798e+02
2.890000e-06	-5.630708e-06	-1.138311e-08	-3.986181e+01	-6.768577e+02
2.900000e-06	-5.738350e-06	-1.160881e-08	-4.062385e+01	-6.902345e+02
2.910000e-06	-5.844094e-06	-1.181930e-08	-4.137245e+01	-7.026820e+02
2.920000e-06	-5.947743e-06	-1.201499e-08	-4.210621e+01	-7.142666e+02
2.930000e-06	-6.049125e-06	-1.219830e-08	-4.282394e+01	-7.250488e+02
2.940000e-06	-6.148405e-06	-1.236887e-08	-4.352677e+01	-7.350834e+02
2.950000e-06	-6.245594e-06	-1.252675e-08	-4.421481e+01	-7.444194e+02
2.960000e-06	-6.340513e-06	-1.267378e-08	-4.488678e+01	-7.531012e+02
2.970000e-06	-6.433147e-06	-1.281190e-08	-4.554257e+01	-7.611692e+02
2.980000e-06	-6.523609e-06	-1.294023e-08	-4.618298e+01	-7.686619e+02
2.990000e-06	-6.611839e-06	-1.305885e-08	-4.680759e+01	-7.756171e+02
3.000000e-06	-6.697656e-06	-1.316993e-08	-4.741512e+01	-7.820732e+02
3.010000e-06	-6.781036e-06	-1.327134e-08	-4.800540e+01	-7.880700e+02
3.020000e-06	-6.862065e-06	-1.336441e-08	-4.857903e+01	-7.936481e+02
3.030000e-06	-6.940551e-06	-1.345106e-08	-4.913466e+01	-7.988478e+02
3.040000e-06	-7.016364e-06	-1.353196e-08	-4.967137e+01	-8.037069e+02
3.050000e-06	-7.089612e-06	-1.360863e-08	-5.018992e+01	-8.082586e+02
3.060000e-06	-7.160265e-06	-1.368192e-08	-5.069010e+01	-8.125298e+02
3.070000e-06	-7.228304e-06	-1.375089e-08	-5.117177e+01	-8.165404e+02
3.080000e-06	-7.293852e-06	-1.381546e-08	-5.163581e+01	-8.203037e+02
3.090000e-06	-7.356880e-06	-1.387402e-08	-5.208201e+01	-8.238283e+02
3.100000e-06	-7.417251e-06	-1.392773e-08	-5.250939e+01	-8.271202e+02
3.110000e-06	-7.474950e-06	-1.397840e-08	-5.291787e+01	-8.301850e+02
3.120000e-06	-7.529875e-06	-1.402585e-08	-5.330670e+01	-8.330291e+02
3.130000e-06	-7.581877e-06	-1.407023e-08	-5.367484e+01	-8.356601e+02
3.140000e-06	-7.630827e-06	-1.411192e-08	-5.402137e+01	-8.380866e+02
3.150000e-06	-7.676865e-06	-1.415225e-08	-5.434729e+01	-8.403170e+02
3.160000e-06	-7.720380e-06	-1.418866e-08	-5.465535e+01	-8.423591e+02
3.170000e-06	-7.761411e-06	-1.421857e-08	-5.494583e+01	-8.442204e+02
3.180000e-06	-7.799714e-06	-1.424445e-08	-5.521699e+01	-8.459078e+02
3.190000e-06	-7.835268e-06	-1.427032e-08	-5.546869e+01	-8.474293e+02
3.200000e-06	-7.868114e-06	-1.429501e-08	-5.570121e+01	-8.487938e+02
3.210000e-06	-7.898084e-06	-1.431715e-08	-5.591339e+01	-8.500115e+02
3.220000e-06	-7.925175e-06	-1.433759e-08	-5.610517e+01	-8.510922e+02
3.230000e-06	-7.949493e-06	-1.435638e-08	-5.627733e+01	-8.520441e+02
3.240000e-06	-7.970993e-06	-1.437179e-08	-5.642953e+01	-8.528721e+02
3.250000e-06	-7.989736e-06	-1.438116e-08	-5.656222e+01	-8.535771e+02
3.260000e-06	-8.005674e-06	-1.438783e-08	-5.667506e+01	-8.541572e+02
3.270000e-06	-8.018482e-06	-1.439491e-08	-5.676573e+01	-8.546093e+02
3.280000e-06	-8.028289e-06	-1.440207e-08	-5.683515e+01	-8.549325e+02
3.290000e-06	-8.035248e-06	-1.440744e-08	-5.688442e+01	-8.551300e+02
3.300000e-06	-8.039330e-06	-1.441326e-08	-5.691331e+01	-8.552102e+02
3.310000e-06	-8.040702e-06	-1.441863e-08	-5.692303e+01	-8.551852e+02
