# Temperatura_=_40.74
# Concentracion g/m^3_=_11780.0
# C_Vs_to_Am_M_A/Vsm_=_59384043850.047264
# pendiente_HvsI_1/m_=_3716.3
# ordenada_HvsI_A/m_=_1297.0
# frecuencia_Hz_=_301542.8503811712

Tiempo_(s)	Campo_(V.s)	Magnetizacion_(V.s)	Campo_(kA/m)	Magnetizacion_(A/m)
0.000000e+00	-8.107853e-06	-1.414541e-08	-5.691577e+01	-8.386507e+02
1.000000e-08	-8.104939e-06	-1.413913e-08	-5.689531e+01	-8.384952e+02
2.000000e-08	-8.099301e-06	-1.413226e-08	-5.685574e+01	-8.382709e+02
3.000000e-08	-8.091038e-06	-1.412440e-08	-5.679773e+01	-8.379610e+02
4.000000e-08	-8.079943e-06	-1.411612e-08	-5.671984e+01	-8.375436e+02
5.000000e-08	-8.065890e-06	-1.410745e-08	-5.662120e+01	-8.370009e+02
6.000000e-08	-8.048941e-06	-1.410073e-08	-5.650221e+01	-8.363262e+02
7.000000e-08	-8.029445e-06	-1.408949e-08	-5.636536e+01	-8.355268e+02
8.000000e-08	-8.007421e-06	-1.404301e-08	-5.621075e+01	-8.346215e+02
9.000000e-08	-7.982161e-06	-1.400756e-08	-5.603343e+01	-8.336336e+02
1.000000e-07	-7.953538e-06	-1.401738e-08	-5.583250e+01	-8.325826e+02
1.100000e-07	-7.922093e-06	-1.402653e-08	-5.561176e+01	-8.314779e+02
1.200000e-07	-7.887958e-06	-1.400884e-08	-5.537214e+01	-8.303162e+02
1.300000e-07	-7.851286e-06	-1.397434e-08	-5.511471e+01	-8.290843e+02
1.400000e-07	-7.812521e-06	-1.397407e-08	-5.484258e+01	-8.277654e+02
1.500000e-07	-7.771438e-06	-1.395697e-08	-5.455419e+01	-8.263463e+02
1.600000e-07	-7.727477e-06	-1.391058e-08	-5.424559e+01	-8.248218e+02
1.700000e-07	-7.680729e-06	-1.386253e-08	-5.391743e+01	-8.231960e+02
1.800000e-07	-7.631100e-06	-1.380271e-08	-5.356904e+01	-8.214780e+02
1.900000e-07	-7.578306e-06	-1.381274e-08	-5.319844e+01	-8.196763e+02
2.000000e-07	-7.522690e-06	-1.379480e-08	-5.280802e+01	-8.177929e+02
2.100000e-07	-7.464378e-06	-1.374266e-08	-5.239868e+01	-8.158205e+02
2.200000e-07	-7.403412e-06	-1.371213e-08	-5.197071e+01	-8.137440e+02
2.300000e-07	-7.339828e-06	-1.366316e-08	-5.152436e+01	-8.115466e+02
2.400000e-07	-7.273428e-06	-1.364489e-08	-5.105825e+01	-8.092160e+02
2.500000e-07	-7.204362e-06	-1.358443e-08	-5.057341e+01	-8.067506e+02
2.600000e-07	-7.132700e-06	-1.351823e-08	-5.007035e+01	-8.041605e+02
2.700000e-07	-7.058292e-06	-1.348395e-08	-4.954802e+01	-8.014641e+02
2.800000e-07	-6.981059e-06	-1.347150e-08	-4.900586e+01	-7.986810e+02
2.900000e-07	-6.901054e-06	-1.342268e-08	-4.844424e+01	-7.958241e+02
3.000000e-07	-6.818598e-06	-1.333206e-08	-4.786542e+01	-7.928934e+02
3.100000e-07	-6.733880e-06	-1.330157e-08	-4.727071e+01	-7.898757e+02
3.200000e-07	-6.646848e-06	-1.325788e-08	-4.665976e+01	-7.867484e+02
3.300000e-07	-6.557461e-06	-1.319791e-08	-4.603227e+01	-7.834879e+02
3.400000e-07	-6.465768e-06	-1.313275e-08	-4.538861e+01	-7.800772e+02
3.500000e-07	-6.371781e-06	-1.307499e-08	-4.472883e+01	-7.765116e+02
3.600000e-07	-6.275377e-06	-1.302272e-08	-4.405209e+01	-7.727994e+02
3.700000e-07	-6.176607e-06	-1.295364e-08	-4.335875e+01	-7.689566e+02
3.800000e-07	-6.075636e-06	-1.288069e-08	-4.264995e+01	-7.649990e+02
3.900000e-07	-5.972504e-06	-1.280132e-08	-4.192598e+01	-7.609351e+02
4.000000e-07	-5.867199e-06	-1.274954e-08	-4.118675e+01	-7.567612e+02
4.100000e-07	-5.759771e-06	-1.268922e-08	-4.043262e+01	-7.524627e+02
4.200000e-07	-5.650328e-06	-1.260836e-08	-3.966435e+01	-7.480197e+02
4.300000e-07	-5.538925e-06	-1.251950e-08	-3.888233e+01	-7.434150e+02
4.400000e-07	-5.425393e-06	-1.244156e-08	-3.808535e+01	-7.386418e+02
4.500000e-07	-5.309620e-06	-1.236608e-08	-3.727264e+01	-7.337064e+02
4.600000e-07	-5.191788e-06	-1.227399e-08	-3.644548e+01	-7.286256e+02
4.700000e-07	-5.072089e-06	-1.218347e-08	-3.560521e+01	-7.234202e+02
4.800000e-07	-4.950530e-06	-1.210148e-08	-3.475189e+01	-7.181059e+02
4.900000e-07	-4.827152e-06	-1.202259e-08	-3.388580e+01	-7.126862e+02
5.000000e-07	-4.702064e-06	-1.192293e-08	-3.300770e+01	-7.071497e+02
5.100000e-07	-4.575371e-06	-1.181714e-08	-3.211833e+01	-7.014737e+02
5.200000e-07	-4.447048e-06	-1.171480e-08	-3.121753e+01	-6.956315e+02
5.300000e-07	-4.317075e-06	-1.161513e-08	-3.030514e+01	-6.896015e+02
5.400000e-07	-4.185513e-06	-1.150932e-08	-2.938160e+01	-6.833737e+02
5.500000e-07	-4.052419e-06	-1.139947e-08	-2.844730e+01	-6.769518e+02
5.600000e-07	-3.917934e-06	-1.129276e-08	-2.750324e+01	-6.703492e+02
5.700000e-07	-3.782007e-06	-1.118361e-08	-2.654905e+01	-6.635814e+02
5.800000e-07	-3.644576e-06	-1.106641e-08	-2.558431e+01	-6.566572e+02
5.900000e-07	-3.505768e-06	-1.093930e-08	-2.460990e+01	-6.495728e+02
6.000000e-07	-3.365604e-06	-1.081755e-08	-2.362597e+01	-6.423117e+02
6.100000e-07	-3.224018e-06	-1.069663e-08	-2.263206e+01	-6.348484e+02
6.200000e-07	-3.081078e-06	-1.056946e-08	-2.162865e+01	-6.271575e+02
6.300000e-07	-2.937044e-06	-1.043374e-08	-2.061755e+01	-6.192211e+02
6.400000e-07	-2.792032e-06	-1.029628e-08	-1.959960e+01	-6.110347e+02
6.500000e-07	-2.646056e-06	-1.015505e-08	-1.857487e+01	-6.026065e+02
6.600000e-07	-2.499227e-06	-1.000684e-08	-1.754416e+01	-5.939517e+02
6.700000e-07	-2.351560e-06	-9.856076e-09	-1.650755e+01	-5.850843e+02
6.800000e-07	-2.203015e-06	-9.703994e-09	-1.546480e+01	-5.760084e+02
6.900000e-07	-2.053652e-06	-9.551160e-09	-1.441629e+01	-5.667140e+02
7.000000e-07	-1.903578e-06	-9.391130e-09	-1.336280e+01	-5.571773e+02
7.100000e-07	-1.752842e-06	-9.224707e-09	-1.230466e+01	-5.473669e+02
7.200000e-07	-1.601563e-06	-9.052540e-09	-1.124270e+01	-5.372520e+02
7.300000e-07	-1.449733e-06	-8.877773e-09	-1.017688e+01	-5.268106e+02
7.400000e-07	-1.297228e-06	-8.695452e-09	-9.106320e+00	-5.160329e+02
7.500000e-07	-1.144116e-06	-8.506367e-09	-8.031505e+00	-5.049203e+02
7.600000e-07	-9.905844e-07	-8.312947e-09	-6.953737e+00	-4.934780e+02
7.700000e-07	-8.367814e-07	-8.113192e-09	-5.874065e+00	-4.817060e+02
7.800000e-07	-6.827739e-07	-7.908310e-09	-4.792958e+00	-4.695900e+02
7.900000e-07	-5.285761e-07	-7.698490e-09	-3.710515e+00	-4.570962e+02
8.000000e-07	-3.742091e-07	-7.483419e-09	-2.626885e+00	-4.441713e+02
8.100000e-07	-2.197080e-07	-7.258559e-09	-1.542313e+00	-4.307483e+02
8.200000e-07	-6.512029e-08	-7.022842e-09	-4.571335e-01	-4.167548e+02
8.300000e-07	8.948957e-08	-6.775750e-09	6.282017e-01	-4.021231e+02
8.400000e-07	2.440556e-07	-6.515994e-09	1.713229e+00	-3.867974e+02
8.500000e-07	3.985181e-07	-6.240665e-09	2.797530e+00	-3.707382e+02
8.600000e-07	5.528541e-07	-5.951663e-09	3.880943e+00	-3.539216e+02
8.700000e-07	7.070066e-07	-5.653794e-09	4.963068e+00	-3.363359e+02
8.800000e-07	8.609597e-07	-5.348464e-09	6.043793e+00	-3.179753e+02
8.900000e-07	1.014702e-06	-5.030114e-09	7.123035e+00	-2.988330e+02
9.000000e-07	1.168120e-06	-4.694755e-09	8.200005e+00	-2.788939e+02
9.100000e-07	1.321093e-06	-4.346602e-09	9.273852e+00	-2.581277e+02
9.200000e-07	1.473515e-06	-3.983611e-09	1.034382e+01	-2.364827e+02
9.300000e-07	1.625277e-06	-3.599995e-09	1.140917e+01	-2.138820e+02
9.400000e-07	1.776404e-06	-3.192877e-09	1.247006e+01	-1.902219e+02
9.500000e-07	1.926949e-06	-2.769031e-09	1.352686e+01	-1.653760e+02
9.600000e-07	2.076689e-06	-2.331543e-09	1.457801e+01	-1.392043e+02
9.700000e-07	2.225575e-06	-1.871016e-09	1.562317e+01	-1.115701e+02
9.800000e-07	2.373744e-06	-1.380166e-09	1.666329e+01	-8.236078e+01
9.900000e-07	2.521046e-06	-8.600155e-10	1.769732e+01	-5.151146e+01
1.000000e-06	2.667468e-06	-3.131363e-10	1.872518e+01	-1.902644e+01
1.010000e-06	2.813098e-06	2.629557e-10	1.974747e+01	1.500603e+01
1.020000e-06	2.957750e-06	8.664687e-10	2.076291e+01	5.040873e+01
1.030000e-06	3.101305e-06	1.486833e-09	2.177064e+01	8.692163e+01
1.040000e-06	3.243650e-06	2.114265e-09	2.276988e+01	1.242184e+02
1.050000e-06	3.384655e-06	2.748797e-09	2.375971e+01	1.619297e+02
1.060000e-06	3.524415e-06	3.386814e-09	2.474080e+01	1.996698e+02
1.070000e-06	3.662897e-06	4.016480e-09	2.571292e+01	2.370611e+02
1.080000e-06	3.799979e-06	4.629400e-09	2.667522e+01	2.737549e+02
1.090000e-06	3.935605e-06	5.227673e-09	2.762728e+01	3.094457e+02
1.100000e-06	4.069746e-06	5.811715e-09	2.856894e+01	3.438805e+02
1.110000e-06	4.202454e-06	6.372749e-09	2.950052e+01	3.768626e+02
1.120000e-06	4.333725e-06	6.903767e-09	3.042202e+01	4.082526e+02
1.130000e-06	4.463483e-06	7.403349e-09	3.133290e+01	4.379664e+02
1.140000e-06	4.591579e-06	7.875401e-09	3.223212e+01	4.659718e+02
1.150000e-06	4.718014e-06	8.318438e-09	3.311967e+01	4.922812e+02
1.160000e-06	4.842814e-06	8.727906e-09	3.399574e+01	5.169431e+02
1.170000e-06	4.965927e-06	9.109806e-09	3.485998e+01	5.400303e+02
1.180000e-06	5.087320e-06	9.470824e-09	3.571213e+01	5.616288e+02
1.190000e-06	5.206828e-06	9.811542e-09	3.655106e+01	5.818264e+02
1.200000e-06	5.324389e-06	1.013000e-08	3.737632e+01	6.007056e+02
1.210000e-06	5.439999e-06	1.042487e-08	3.818788e+01	6.183404e+02
1.220000e-06	5.553489e-06	1.070147e-08	3.898456e+01	6.347968e+02
1.230000e-06	5.664784e-06	1.096319e-08	3.976583e+01	6.501365e+02
1.240000e-06	5.774086e-06	1.120391e-08	4.053312e+01	6.644216e+02
1.250000e-06	5.881466e-06	1.142188e-08	4.128691e+01	6.777169e+02
1.260000e-06	5.986777e-06	1.162630e-08	4.202617e+01	6.900904e+02
1.270000e-06	6.089902e-06	1.182172e-08	4.275009e+01	7.016105e+02
1.280000e-06	6.190779e-06	1.200351e-08	4.345823e+01	7.123417e+02
1.290000e-06	6.289445e-06	1.216926e-08	4.415085e+01	7.223407e+02
1.300000e-06	6.385780e-06	1.232336e-08	4.482710e+01	7.316552e+02
1.310000e-06	6.479742e-06	1.247012e-08	4.548670e+01	7.403243e+02
1.320000e-06	6.571520e-06	1.260663e-08	4.613096e+01	7.483829e+02
1.330000e-06	6.660985e-06	1.273015e-08	4.675900e+01	7.558659e+02
1.340000e-06	6.748083e-06	1.284401e-08	4.737041e+01	7.628116e+02
1.350000e-06	6.832894e-06	1.295289e-08	4.796577e+01	7.692630e+02
1.360000e-06	6.915330e-06	1.305533e-08	4.854445e+01	7.752656e+02
1.370000e-06	6.995263e-06	1.314749e-08	4.910557e+01	7.808631e+02
1.380000e-06	7.072665e-06	1.323222e-08	4.964892e+01	7.860936e+02
1.390000e-06	7.147459e-06	1.331490e-08	5.017396e+01	7.909864e+02
1.400000e-06	7.219504e-06	1.339375e-08	5.067970e+01	7.955622e+02
1.410000e-06	7.288950e-06	1.346515e-08	5.116720e+01	7.998359e+02
1.420000e-06	7.355842e-06	1.353212e-08	5.163678e+01	8.038207e+02
1.430000e-06	7.420078e-06	1.359634e-08	5.208770e+01	8.075315e+02
1.440000e-06	7.481723e-06	1.365705e-08	5.252044e+01	8.109868e+02
1.450000e-06	7.540798e-06	1.370941e-08	5.293514e+01	8.142074e+02
1.460000e-06	7.597187e-06	1.375503e-08	5.333098e+01	8.172122e+02
1.470000e-06	7.650753e-06	1.380058e-08	5.370700e+01	8.200147e+02
1.480000e-06	7.701218e-06	1.384521e-08	5.406126e+01	8.226200e+02
1.490000e-06	7.748634e-06	1.388883e-08	5.439411e+01	8.250257e+02
1.500000e-06	7.793315e-06	1.392763e-08	5.470776e+01	8.272250e+02
1.510000e-06	7.835206e-06	1.396108e-08	5.500183e+01	8.292132e+02
1.520000e-06	7.874289e-06	1.399020e-08	5.527619e+01	8.309923e+02
1.530000e-06	7.910713e-06	1.401296e-08	5.553188e+01	8.325744e+02
1.540000e-06	7.944330e-06	1.403073e-08	5.576786e+01	8.339798e+02
1.550000e-06	7.975104e-06	1.404843e-08	5.598389e+01	8.352327e+02
1.560000e-06	8.003175e-06	1.406799e-08	5.618094e+01	8.363538e+02
1.570000e-06	8.028359e-06	1.408742e-08	5.635773e+01	8.373550e+02
1.580000e-06	8.050666e-06	1.410283e-08	5.651432e+01	8.382364e+02
1.590000e-06	8.070275e-06	1.411515e-08	5.665198e+01	8.389885e+02
1.600000e-06	8.087044e-06	1.412510e-08	5.676969e+01	8.395981e+02
1.610000e-06	8.100795e-06	1.412993e-08	5.686622e+01	8.400563e+02
1.620000e-06	8.111434e-06	1.413017e-08	5.694091e+01	8.403638e+02
1.630000e-06	8.119029e-06	1.413065e-08	5.699422e+01	8.405341e+02
1.640000e-06	8.123821e-06	1.413380e-08	5.702786e+01	8.405899e+02
1.650000e-06	8.125764e-06	1.413493e-08	5.704150e+01	8.405564e+02
1.660000e-06	8.124869e-06	1.413627e-08	5.703521e+01	8.404525e+02
1.670000e-06	8.121347e-06	1.413546e-08	5.701050e+01	8.402853e+02
1.680000e-06	8.115160e-06	1.413281e-08	5.696706e+01	8.400470e+02
1.690000e-06	8.106275e-06	1.412666e-08	5.690469e+01	8.397192e+02
1.700000e-06	8.094642e-06	1.411553e-08	5.682303e+01	8.392803e+02
1.710000e-06	8.080131e-06	1.410113e-08	5.672116e+01	8.387139e+02
1.720000e-06	8.063025e-06	1.408612e-08	5.660108e+01	8.380158e+02
1.730000e-06	8.043698e-06	1.409709e-08	5.646541e+01	8.371957e+02
1.740000e-06	8.021692e-06	1.412006e-08	5.631093e+01	8.362737e+02
1.750000e-06	7.996173e-06	1.408358e-08	5.613179e+01	8.352731e+02
1.760000e-06	7.966959e-06	1.403287e-08	5.592671e+01	8.342120e+02
1.770000e-06	7.934548e-06	1.401010e-08	5.569920e+01	8.330974e+02
1.780000e-06	7.899563e-06	1.399330e-08	5.545361e+01	8.319241e+02
1.790000e-06	7.862138e-06	1.394683e-08	5.519089e+01	8.306776e+02
1.800000e-06	7.822507e-06	1.394972e-08	5.491268e+01	8.293414e+02
1.810000e-06	7.780667e-06	1.392177e-08	5.461898e+01	8.279034e+02
1.820000e-06	7.736207e-06	1.389123e-08	5.430688e+01	8.263601e+02
1.830000e-06	7.689122e-06	1.391669e-08	5.397635e+01	8.247168e+02
1.840000e-06	7.639093e-06	1.384143e-08	5.362515e+01	8.229831e+02
1.850000e-06	7.585973e-06	1.382887e-08	5.325226e+01	8.211668e+02
1.860000e-06	7.529990e-06	1.377069e-08	5.285926e+01	8.192681e+02
1.870000e-06	7.471290e-06	1.373364e-08	5.244720e+01	8.172781e+02
1.880000e-06	7.410009e-06	1.373313e-08	5.201702e+01	8.151810e+02
1.890000e-06	7.345966e-06	1.365709e-08	5.156745e+01	8.129602e+02
1.900000e-06	7.279285e-06	1.365766e-08	5.109936e+01	8.106051e+02
1.910000e-06	7.209864e-06	1.361209e-08	5.061204e+01	8.081161e+02
1.920000e-06	7.137539e-06	1.357190e-08	5.010433e+01	8.055053e+02
1.930000e-06	7.062541e-06	1.349299e-08	4.957785e+01	8.027919e+02
1.940000e-06	6.984801e-06	1.343887e-08	4.903213e+01	7.999948e+02
1.950000e-06	6.904445e-06	1.343105e-08	4.846805e+01	7.971248e+02
1.960000e-06	6.821656e-06	1.335586e-08	4.788688e+01	7.941797e+02
1.970000e-06	6.736400e-06	1.332993e-08	4.728840e+01	7.911440e+02
1.980000e-06	6.648669e-06	1.326268e-08	4.667254e+01	7.879944e+02
1.990000e-06	6.558580e-06	1.321270e-08	4.604013e+01	7.847077e+02
2.000000e-06	6.466227e-06	1.314654e-08	4.539183e+01	7.812691e+02
2.010000e-06	6.371536e-06	1.307473e-08	4.472711e+01	7.776762e+02
2.020000e-06	6.274617e-06	1.302623e-08	4.404676e+01	7.739391e+02
2.030000e-06	6.175493e-06	1.295931e-08	4.335093e+01	7.700745e+02
2.040000e-06	6.074077e-06	1.291291e-08	4.263900e+01	7.660975e+02
2.050000e-06	5.970423e-06	1.282338e-08	4.191136e+01	7.620143e+02
2.060000e-06	5.864691e-06	1.275224e-08	4.116915e+01	7.578193e+02
2.070000e-06	5.756950e-06	1.266900e-08	4.041282e+01	7.534962e+02
2.080000e-06	5.647104e-06	1.260180e-08	3.964173e+01	7.490251e+02
2.090000e-06	5.535199e-06	1.252619e-08	3.885617e+01	7.443903e+02
2.100000e-06	5.421217e-06	1.244650e-08	3.805603e+01	7.395871e+02
2.110000e-06	5.305079e-06	1.237047e-08	3.724076e+01	7.346240e+02
2.120000e-06	5.186844e-06	1.227782e-08	3.641078e+01	7.295192e+02
2.130000e-06	5.066675e-06	1.218564e-08	3.556721e+01	7.242933e+02
2.140000e-06	4.944640e-06	1.208512e-08	3.471054e+01	7.189601e+02
2.150000e-06	4.820767e-06	1.200683e-08	3.384097e+01	7.135205e+02
2.160000e-06	4.695155e-06	1.191606e-08	3.295920e+01	7.079608e+02
2.170000e-06	4.567903e-06	1.182942e-08	3.206591e+01	7.022569e+02
2.180000e-06	4.439092e-06	1.172667e-08	3.116168e+01	6.963823e+02
2.190000e-06	4.308767e-06	1.162762e-08	3.024682e+01	6.903170e+02
2.200000e-06	4.176905e-06	1.151865e-08	2.932117e+01	6.840537e+02
2.210000e-06	4.043469e-06	1.140472e-08	2.838447e+01	6.775981e+02
2.220000e-06	3.908576e-06	1.129330e-08	2.743755e+01	6.709648e+02
2.230000e-06	3.772253e-06	1.118209e-08	2.648059e+01	6.641685e+02
2.240000e-06	3.634479e-06	1.107261e-08	2.551343e+01	6.572161e+02
2.250000e-06	3.495302e-06	1.094717e-08	2.453643e+01	6.501015e+02
2.260000e-06	3.354797e-06	1.082423e-08	2.355011e+01	6.428060e+02
2.270000e-06	3.213041e-06	1.069421e-08	2.255501e+01	6.353036e+02
2.280000e-06	3.070146e-06	1.056548e-08	2.155191e+01	6.275696e+02
2.290000e-06	2.926143e-06	1.042733e-08	2.054103e+01	6.195883e+02
2.300000e-06	2.781099e-06	1.029043e-08	1.952285e+01	6.113576e+02
2.310000e-06	2.635117e-06	1.015104e-08	1.849808e+01	6.028875e+02
2.320000e-06	2.488213e-06	1.000639e-08	1.746684e+01	5.941936e+02
2.330000e-06	2.340440e-06	9.855275e-09	1.642950e+01	5.852888e+02
2.340000e-06	2.191706e-06	9.697963e-09	1.538541e+01	5.761749e+02
2.350000e-06	2.042110e-06	9.540206e-09	1.433527e+01	5.668391e+02
2.360000e-06	1.891908e-06	9.378769e-09	1.328088e+01	5.572557e+02
2.370000e-06	1.741127e-06	9.214598e-09	1.222242e+01	5.473928e+02
2.380000e-06	1.589693e-06	9.043338e-09	1.115938e+01	5.372206e+02
2.390000e-06	1.437711e-06	8.868985e-09	1.009249e+01	5.267193e+02
2.400000e-06	1.285293e-06	8.687302e-09	9.022543e+00	5.158812e+02
2.410000e-06	1.132466e-06	8.497445e-09	7.949720e+00	5.047091e+02
2.420000e-06	9.792287e-07	8.300495e-09	6.874021e+00	4.932081e+02
2.430000e-06	8.255828e-07	8.103620e-09	5.795453e+00	4.813760e+02
2.440000e-06	6.716120e-07	7.902119e-09	4.714603e+00	4.691954e+02
2.450000e-06	5.174070e-07	7.691815e-09	3.632111e+00	4.566287e+02
2.460000e-06	3.630686e-07	7.471284e-09	2.548681e+00	4.436199e+02
2.470000e-06	2.086038e-07	7.242683e-09	1.464364e+00	4.301001e+02
2.480000e-06	5.405538e-08	7.004494e-09	3.794597e-01	4.159971e+02
2.490000e-06	-1.004452e-07	6.754292e-09	-7.051084e-01	4.012449e+02
2.500000e-06	-2.548819e-07	6.494514e-09	-1.789228e+00	3.857904e+02
2.510000e-06	-4.092375e-07	6.225397e-09	-2.872779e+00	3.695971e+02
2.520000e-06	-5.634622e-07	5.946595e-09	-3.955410e+00	3.526435e+02
2.530000e-06	-7.175239e-07	5.648954e-09	-5.036897e+00	3.349195e+02
2.540000e-06	-8.712875e-07	5.333915e-09	-6.116292e+00	3.164198e+02
2.550000e-06	-1.024632e-06	5.005895e-09	-7.192748e+00	2.971364e+02
2.560000e-06	-1.177567e-06	4.667102e-09	-8.266325e+00	2.770522e+02
2.570000e-06	-1.330055e-06	4.314376e-09	-9.336763e+00	2.561333e+02
2.580000e-06	-1.482095e-06	3.948095e-09	-1.040406e+01	2.343238e+02
2.590000e-06	-1.633628e-06	3.568481e-09	-1.146779e+01	2.115421e+02
2.600000e-06	-1.784563e-06	3.171693e-09	-1.252733e+01	1.876799e+02
2.610000e-06	-1.934877e-06	2.751069e-09	-1.358251e+01	1.626074e+02
2.620000e-06	-2.084610e-06	2.303637e-09	-1.463362e+01	1.361839e+02
2.630000e-06	-2.233645e-06	1.832241e-09	-1.567981e+01	1.082754e+02
2.640000e-06	-2.381749e-06	1.337704e-09	-1.671948e+01	7.877602e+01
2.650000e-06	-2.528970e-06	8.149493e-10	-1.775295e+01	4.763180e+01
2.660000e-06	-2.675331e-06	2.639731e-10	-1.878037e+01	1.486119e+01
2.670000e-06	-2.820624e-06	-3.089706e-10	-1.980031e+01	-1.943173e+01
2.680000e-06	-2.964879e-06	-9.027038e-10	-2.081295e+01	-5.505414e+01
2.690000e-06	-3.108098e-06	-1.516377e-09	-2.181832e+01	-9.173276e+01
2.700000e-06	-3.250199e-06	-2.146334e-09	-2.281585e+01	-1.291317e+02
2.710000e-06	-3.391157e-06	-2.781204e-09	-2.380535e+01	-1.668767e+02
2.720000e-06	-3.530775e-06	-3.414067e-09	-2.478545e+01	-2.045819e+02
2.730000e-06	-3.668971e-06	-4.040647e-09	-2.575556e+01	-2.418733e+02
2.740000e-06	-3.805748e-06	-4.658506e-09	-2.671571e+01	-2.784092e+02
2.750000e-06	-3.941141e-06	-5.258446e-09	-2.766615e+01	-3.138929e+02
2.760000e-06	-4.075196e-06	-5.832401e-09	-2.860719e+01	-3.480813e+02
2.770000e-06	-4.207792e-06	-6.378880e-09	-2.953800e+01	-3.807879e+02
2.780000e-06	-4.338826e-06	-6.898179e-09	-3.045783e+01	-4.118834e+02
2.790000e-06	-4.468304e-06	-7.393041e-09	-3.136675e+01	-4.412934e+02
2.800000e-06	-4.596220e-06	-7.860261e-09	-3.226469e+01	-4.689941e+02
2.810000e-06	-4.722586e-06	-8.299342e-09	-3.315176e+01	-4.950051e+02
2.820000e-06	-4.847262e-06	-8.713453e-09	-3.402697e+01	-5.193801e+02
2.830000e-06	-4.970165e-06	-9.101908e-09	-3.488972e+01	-5.421952e+02
2.840000e-06	-5.091332e-06	-9.464027e-09	-3.574029e+01	-5.635374e+02
2.850000e-06	-5.210678e-06	-9.803526e-09	-3.657808e+01	-5.834940e+02
2.860000e-06	-5.327936e-06	-1.012053e-08	-3.740121e+01	-6.021461e+02
2.870000e-06	-5.442975e-06	-1.041453e-08	-3.820877e+01	-6.195660e+02
2.880000e-06	-5.555911e-06	-1.068556e-08	-3.900156e+01	-6.358187e+02
2.890000e-06	-5.666705e-06	-1.093783e-08	-3.977932e+01	-6.509657e+02
2.900000e-06	-5.775369e-06	-1.117609e-08	-4.054212e+01	-6.650694e+02
2.910000e-06	-5.882088e-06	-1.140061e-08	-4.129127e+01	-6.781953e+02
2.920000e-06	-5.986824e-06	-1.160897e-08	-4.202650e+01	-6.904117e+02
2.930000e-06	-6.089414e-06	-1.180181e-08	-4.274667e+01	-7.017866e+02
2.940000e-06	-6.189743e-06	-1.198190e-08	-4.345096e+01	-7.123833e+02
2.950000e-06	-6.287826e-06	-1.214978e-08	-4.413948e+01	-7.222571e+02
2.960000e-06	-6.383796e-06	-1.230509e-08	-4.481318e+01	-7.314539e+02
2.970000e-06	-6.477550e-06	-1.244814e-08	-4.547131e+01	-7.400117e+02
2.980000e-06	-6.568969e-06	-1.258291e-08	-4.611306e+01	-7.479651e+02
2.990000e-06	-6.658074e-06	-1.271106e-08	-4.673856e+01	-7.553494e+02
3.000000e-06	-6.744883e-06	-1.283133e-08	-4.734795e+01	-7.622038e+02
3.010000e-06	-6.829230e-06	-1.294023e-08	-4.794005e+01	-7.685720e+02
3.020000e-06	-6.911133e-06	-1.303892e-08	-4.851499e+01	-7.744993e+02
3.030000e-06	-6.990704e-06	-1.313233e-08	-4.907357e+01	-7.800290e+02
3.040000e-06	-7.067576e-06	-1.322128e-08	-4.961320e+01	-7.851975e+02
3.050000e-06	-7.141665e-06	-1.330276e-08	-5.013329e+01	-7.900326e+02
3.060000e-06	-7.213171e-06	-1.337735e-08	-5.063525e+01	-7.945538e+02
3.070000e-06	-7.282039e-06	-1.344878e-08	-5.111869e+01	-7.987751e+02
3.080000e-06	-7.348303e-06	-1.351753e-08	-5.158385e+01	-8.027100e+02
3.090000e-06	-7.412050e-06	-1.357886e-08	-5.203135e+01	-8.063739e+02
3.100000e-06	-7.473136e-06	-1.363438e-08	-5.246016e+01	-8.097861e+02
3.110000e-06	-7.531551e-06	-1.368920e-08	-5.287023e+01	-8.129670e+02
3.120000e-06	-7.587319e-06	-1.374091e-08	-5.326170e+01	-8.159352e+02
3.130000e-06	-7.640182e-06	-1.378728e-08	-5.363280e+01	-8.187026e+02
3.140000e-06	-7.689969e-06	-1.383024e-08	-5.398229e+01	-8.212728e+02
3.150000e-06	-7.736727e-06	-1.387198e-08	-5.431052e+01	-8.236424e+02
3.160000e-06	-7.780838e-06	-1.391054e-08	-5.462018e+01	-8.258044e+02
3.170000e-06	-7.822494e-06	-1.394387e-08	-5.491259e+01	-8.277551e+02
3.180000e-06	-7.861381e-06	-1.397141e-08	-5.518557e+01	-8.294981e+02
3.190000e-06	-7.897456e-06	-1.399742e-08	-5.543881e+01	-8.310472e+02
3.200000e-06	-7.930871e-06	-1.402472e-08	-5.567338e+01	-8.324238e+02
3.210000e-06	-7.961410e-06	-1.405179e-08	-5.588776e+01	-8.336520e+02
3.220000e-06	-7.988998e-06	-1.407329e-08	-5.608142e+01	-8.347514e+02
3.230000e-06	-8.013906e-06	-1.409021e-08	-5.625627e+01	-8.357318e+02
3.240000e-06	-8.036020e-06	-1.410576e-08	-5.641151e+01	-8.365912e+02
3.250000e-06	-8.055218e-06	-1.411589e-08	-5.654628e+01	-8.373190e+02
3.260000e-06	-8.071541e-06	-1.412240e-08	-5.666087e+01	-8.379023e+02
3.270000e-06	-8.084759e-06	-1.412996e-08	-5.675365e+01	-8.383333e+02
3.280000e-06	-8.094964e-06	-1.413903e-08	-5.682529e+01	-8.386153e+02
3.290000e-06	-8.102313e-06	-1.414553e-08	-5.687688e+01	-8.387636e+02
3.300000e-06	-8.106751e-06	-1.414804e-08	-5.690803e+01	-8.388018e+02
3.310000e-06	-8.108422e-06	-1.414919e-08	-5.691976e+01	-8.387548e+02
