# Temperatura_=_50.15
# Concentracion g/m^3_=_11780.0
# C_Vs_to_Am_M_A/Vsm_=_59384043850.047264
# pendiente_HvsI_1/m_=_3716.3
# ordenada_HvsI_A/m_=_1297.0
# frecuencia_Hz_=_301540.65747536515

Tiempo_(s)	Campo_(V.s)	Magnetizacion_(V.s)	Campo_(kA/m)	Magnetizacion_(A/m)
0.000000e+00	-8.059952e-06	-1.410845e-08	-5.692017e+01	-8.367513e+02
1.000000e-08	-8.056826e-06	-1.409915e-08	-5.689809e+01	-8.365833e+02
2.000000e-08	-8.051074e-06	-1.409041e-08	-5.685747e+01	-8.363505e+02
3.000000e-08	-8.042601e-06	-1.408268e-08	-5.679763e+01	-8.360513e+02
4.000000e-08	-8.031258e-06	-1.407660e-08	-5.671752e+01	-8.356722e+02
5.000000e-08	-8.017054e-06	-1.406924e-08	-5.661722e+01	-8.351930e+02
6.000000e-08	-8.000011e-06	-1.406819e-08	-5.649686e+01	-8.345937e+02
7.000000e-08	-7.980494e-06	-1.407001e-08	-5.635902e+01	-8.338627e+02
8.000000e-08	-7.958423e-06	-1.401049e-08	-5.620316e+01	-8.330012e+02
9.000000e-08	-7.933101e-06	-1.395923e-08	-5.602433e+01	-8.320243e+02
1.000000e-07	-7.904477e-06	-1.397895e-08	-5.582218e+01	-8.309558e+02
1.100000e-07	-7.873016e-06	-1.399602e-08	-5.560001e+01	-8.298210e+02
1.200000e-07	-7.838858e-06	-1.396599e-08	-5.535878e+01	-8.286383e+02
1.300000e-07	-7.802192e-06	-1.392559e-08	-5.509984e+01	-8.274131e+02
1.400000e-07	-7.763453e-06	-1.395646e-08	-5.482626e+01	-8.261360e+02
1.500000e-07	-7.722450e-06	-1.391262e-08	-5.453670e+01	-8.247864e+02
1.600000e-07	-7.678602e-06	-1.387865e-08	-5.422704e+01	-8.233387e+02
1.700000e-07	-7.632015e-06	-1.385042e-08	-5.389803e+01	-8.217706e+02
1.800000e-07	-7.582549e-06	-1.375223e-08	-5.354870e+01	-8.200690e+02
1.900000e-07	-7.529857e-06	-1.378559e-08	-5.317658e+01	-8.182328e+02
2.000000e-07	-7.474386e-06	-1.376128e-08	-5.278484e+01	-8.162716e+02
2.100000e-07	-7.416235e-06	-1.370645e-08	-5.237418e+01	-8.142007e+02
2.200000e-07	-7.355422e-06	-1.367448e-08	-5.194470e+01	-8.120352e+02
2.300000e-07	-7.292045e-06	-1.362523e-08	-5.149713e+01	-8.097850e+02
2.400000e-07	-7.225838e-06	-1.363437e-08	-5.102957e+01	-8.074521e+02
2.500000e-07	-7.156946e-06	-1.355213e-08	-5.054305e+01	-8.050309e+02
2.600000e-07	-7.085495e-06	-1.347931e-08	-5.003846e+01	-8.025117e+02
2.700000e-07	-7.011282e-06	-1.345808e-08	-4.951435e+01	-7.998839e+02
2.800000e-07	-6.934279e-06	-1.345016e-08	-4.897056e+01	-7.971400e+02
2.900000e-07	-6.854547e-06	-1.339065e-08	-4.840748e+01	-7.942767e+02
3.000000e-07	-6.772269e-06	-1.328936e-08	-4.782642e+01	-7.912950e+02
3.100000e-07	-6.687766e-06	-1.327827e-08	-4.722966e+01	-7.881981e+02
3.200000e-07	-6.601083e-06	-1.323018e-08	-4.661749e+01	-7.849896e+02
3.300000e-07	-6.512064e-06	-1.316643e-08	-4.598883e+01	-7.816713e+02
3.400000e-07	-6.420688e-06	-1.309519e-08	-4.534352e+01	-7.782432e+02
3.500000e-07	-6.327036e-06	-1.303400e-08	-4.468214e+01	-7.747036e+02
3.600000e-07	-6.231102e-06	-1.299645e-08	-4.400465e+01	-7.710499e+02
3.700000e-07	-6.132819e-06	-1.292632e-08	-4.331056e+01	-7.672797e+02
3.800000e-07	-6.032326e-06	-1.284656e-08	-4.260087e+01	-7.633908e+02
3.900000e-07	-5.929733e-06	-1.276529e-08	-4.187635e+01	-7.593806e+02
4.000000e-07	-5.824963e-06	-1.272776e-08	-4.113645e+01	-7.552455e+02
4.100000e-07	-5.718002e-06	-1.266176e-08	-4.038109e+01	-7.509805e+02
4.200000e-07	-5.609043e-06	-1.257049e-08	-3.961161e+01	-7.465798e+02
4.300000e-07	-5.498192e-06	-1.248523e-08	-3.882876e+01	-7.420373e+02
4.400000e-07	-5.385241e-06	-1.242009e-08	-3.803110e+01	-7.373488e+02
4.500000e-07	-5.270081e-06	-1.235010e-08	-3.721782e+01	-7.325128e+02
4.600000e-07	-5.152842e-06	-1.225071e-08	-3.638987e+01	-7.275308e+02
4.700000e-07	-5.033755e-06	-1.215974e-08	-3.554887e+01	-7.224063e+02
4.800000e-07	-4.912873e-06	-1.208162e-08	-3.469519e+01	-7.171431e+02
4.900000e-07	-4.790101e-06	-1.200601e-08	-3.382816e+01	-7.117431e+02
5.000000e-07	-4.665585e-06	-1.189730e-08	-3.294882e+01	-7.062046e+02
5.100000e-07	-4.539518e-06	-1.179064e-08	-3.205852e+01	-7.005226e+02
5.200000e-07	-4.411858e-06	-1.169888e-08	-3.115697e+01	-6.946894e+02
5.300000e-07	-4.282532e-06	-1.160739e-08	-3.024366e+01	-6.886965e+02
5.400000e-07	-4.151587e-06	-1.149659e-08	-2.931891e+01	-6.825370e+02
5.500000e-07	-4.019181e-06	-1.137965e-08	-2.838385e+01	-6.762061e+02
5.600000e-07	-3.885361e-06	-1.127864e-08	-2.743880e+01	-6.697010e+02
5.700000e-07	-3.750130e-06	-1.117619e-08	-2.648378e+01	-6.630197e+02
5.800000e-07	-3.613586e-06	-1.105796e-08	-2.551950e+01	-6.561590e+02
5.900000e-07	-3.475735e-06	-1.092733e-08	-2.454598e+01	-6.491132e+02
6.000000e-07	-3.336427e-06	-1.081088e-08	-2.356217e+01	-6.418739e+02
6.100000e-07	-3.195659e-06	-1.069462e-08	-2.256806e+01	-6.344310e+02
6.200000e-07	-3.053624e-06	-1.056358e-08	-2.156499e+01	-6.267752e+02
6.300000e-07	-2.910457e-06	-1.042096e-08	-2.055393e+01	-6.188997e+02
6.400000e-07	-2.766170e-06	-1.028458e-08	-1.953496e+01	-6.108013e+02
6.500000e-07	-2.620821e-06	-1.015204e-08	-1.850849e+01	-6.024793e+02
6.600000e-07	-2.474614e-06	-1.000799e-08	-1.747597e+01	-5.939339e+02
6.700000e-07	-2.327603e-06	-9.856369e-09	-1.643776e+01	-5.851624e+02
6.800000e-07	-2.179763e-06	-9.705543e-09	-1.539370e+01	-5.761571e+02
6.900000e-07	-2.031178e-06	-9.558146e-09	-1.434438e+01	-5.669042e+02
7.000000e-07	-1.881945e-06	-9.397490e-09	-1.329048e+01	-5.573857e+02
7.100000e-07	-1.732132e-06	-9.225822e-09	-1.223249e+01	-5.475822e+02
7.200000e-07	-1.581755e-06	-9.050544e-09	-1.117051e+01	-5.374771e+02
7.300000e-07	-1.430769e-06	-8.879438e-09	-1.010423e+01	-5.270592e+02
7.400000e-07	-1.279183e-06	-8.702912e-09	-9.033715e+00	-5.163232e+02
7.500000e-07	-1.127123e-06	-8.514452e-09	-7.959849e+00	-5.052671e+02
7.600000e-07	-9.746822e-07	-8.322049e-09	-6.883301e+00	-4.938871e+02
7.700000e-07	-8.219448e-07	-8.126802e-09	-5.804654e+00	-4.821714e+02
7.800000e-07	-6.689161e-07	-7.925059e-09	-4.723951e+00	-4.700952e+02
7.900000e-07	-5.155951e-07	-7.710850e-09	-3.641183e+00	-4.576180e+02
8.000000e-07	-3.621066e-07	-7.490785e-09	-2.557232e+00	-4.446850e+02
8.100000e-07	-2.084966e-07	-7.266502e-09	-1.472423e+00	-4.312320e+02
8.200000e-07	-5.481017e-08	-7.034287e-09	-3.870748e-01	-4.171919e+02
8.300000e-07	9.887222e-08	-6.786739e-09	6.982452e-01	-4.025024e+02
8.400000e-07	2.525218e-07	-6.525070e-09	1.783333e+00	-3.871118e+02
8.500000e-07	4.061327e-07	-6.252566e-09	2.868149e+00	-3.709824e+02
8.600000e-07	5.596225e-07	-5.967725e-09	3.952109e+00	-3.540900e+02
8.700000e-07	7.128903e-07	-5.667470e-09	5.034500e+00	-3.364208e+02
8.800000e-07	8.659087e-07	-5.353213e-09	6.115132e+00	-3.179661e+02
8.900000e-07	1.018618e-06	-5.030409e-09	7.193578e+00	-2.987152e+02
9.000000e-07	1.170938e-06	-4.697385e-09	8.269276e+00	-2.786477e+02
9.100000e-07	1.322820e-06	-4.348213e-09	9.341884e+00	-2.577264e+02
9.200000e-07	1.474133e-06	-3.977331e-09	1.041047e+01	-2.358908e+02
9.300000e-07	1.624799e-06	-3.589018e-09	1.147449e+01	-2.130531e+02
9.400000e-07	1.774896e-06	-3.183536e-09	1.253449e+01	-1.890983e+02
9.500000e-07	1.924456e-06	-2.756984e-09	1.359070e+01	-1.638890e+02
9.600000e-07	2.073375e-06	-2.306994e-09	1.464237e+01	-1.372775e+02
9.700000e-07	2.221535e-06	-1.833829e-09	1.568869e+01	-1.091233e+02
9.800000e-07	2.368891e-06	-1.335242e-09	1.672934e+01	-7.931658e+01
9.900000e-07	2.515408e-06	-8.043530e-10	1.776405e+01	-4.780192e+01
1.000000e-06	2.661058e-06	-2.400120e-10	1.879265e+01	-1.460038e+01
1.010000e-06	2.805789e-06	3.524243e-10	1.981476e+01	2.017639e+01
1.020000e-06	2.949462e-06	9.643215e-10	2.082939e+01	5.632260e+01
1.030000e-06	3.091980e-06	1.592102e-09	2.183586e+01	9.354681e+01
1.040000e-06	3.233348e-06	2.231914e-09	2.283422e+01	1.314913e+02
1.050000e-06	3.373490e-06	2.877867e-09	2.382391e+01	1.697591e+02
1.060000e-06	3.512299e-06	3.522615e-09	2.480420e+01	2.079432e+02
1.070000e-06	3.649808e-06	4.157915e-09	2.577530e+01	2.456540e+02
1.080000e-06	3.785963e-06	4.778230e-09	2.673684e+01	2.825409e+02
1.090000e-06	3.920659e-06	5.380953e-09	2.768808e+01	3.183054e+02
1.100000e-06	4.053952e-06	5.962263e-09	2.862940e+01	3.527080e+02
1.110000e-06	4.185831e-06	6.516944e-09	2.956075e+01	3.855686e+02
1.120000e-06	4.316234e-06	7.043381e-09	3.048166e+01	4.167637e+02
1.130000e-06	4.445054e-06	7.541319e-09	3.139141e+01	4.462227e+02
1.140000e-06	4.572237e-06	8.008619e-09	3.228958e+01	4.739225e+02
1.150000e-06	4.697863e-06	8.444243e-09	3.317676e+01	4.998825e+02
1.160000e-06	4.821890e-06	8.848672e-09	3.405266e+01	5.241572e+02
1.170000e-06	4.944204e-06	9.226669e-09	3.491645e+01	5.468269e+02
1.180000e-06	5.064721e-06	9.580257e-09	3.576755e+01	5.679875e+02
1.190000e-06	5.183389e-06	9.910069e-09	3.660560e+01	5.877391e+02
1.200000e-06	5.300123e-06	1.021928e-08	3.742999e+01	6.061764e+02
1.210000e-06	5.414795e-06	1.050917e-08	3.823981e+01	6.233831e+02
1.220000e-06	5.527350e-06	1.078154e-08	3.903468e+01	6.394298e+02
1.230000e-06	5.637879e-06	1.103589e-08	3.981525e+01	6.543778e+02
1.240000e-06	5.746521e-06	1.126963e-08	4.058249e+01	6.682839e+02
1.250000e-06	5.853174e-06	1.148404e-08	4.133569e+01	6.812065e+02
1.260000e-06	5.957661e-06	1.168403e-08	4.207358e+01	6.932089e+02
1.270000e-06	6.059998e-06	1.187064e-08	4.279630e+01	7.043592e+02
1.280000e-06	6.160161e-06	1.204276e-08	4.350366e+01	7.147271e+02
1.290000e-06	6.258029e-06	1.220257e-08	4.419481e+01	7.243780e+02
1.300000e-06	6.353571e-06	1.235462e-08	4.486953e+01	7.333681e+02
1.310000e-06	6.446901e-06	1.249790e-08	4.552865e+01	7.417418e+02
1.320000e-06	6.538063e-06	1.262909e-08	4.617244e+01	7.495331e+02
1.330000e-06	6.626911e-06	1.274843e-08	4.679989e+01	7.567699e+02
1.340000e-06	6.713381e-06	1.285953e-08	4.741055e+01	7.634806e+02
1.350000e-06	6.797564e-06	1.296351e-08	4.800506e+01	7.696983e+02
1.360000e-06	6.879354e-06	1.305888e-08	4.858267e+01	7.754639e+02
1.370000e-06	6.958606e-06	1.314646e-08	4.914235e+01	7.808240e+02
1.380000e-06	7.035322e-06	1.323072e-08	4.968413e+01	7.858260e+02
1.390000e-06	7.109369e-06	1.331270e-08	5.020706e+01	7.905116e+02
1.400000e-06	7.180765e-06	1.338683e-08	5.071126e+01	7.949119e+02
1.410000e-06	7.249704e-06	1.345319e-08	5.119812e+01	7.990454e+02
1.420000e-06	7.316097e-06	1.351781e-08	5.166699e+01	8.029195e+02
1.430000e-06	7.379797e-06	1.358131e-08	5.211685e+01	8.065354e+02
1.440000e-06	7.441014e-06	1.363865e-08	5.254917e+01	8.098944e+02
1.450000e-06	7.499676e-06	1.368747e-08	5.296344e+01	8.130025e+02
1.460000e-06	7.555597e-06	1.373392e-08	5.335837e+01	8.158723e+02
1.470000e-06	7.608650e-06	1.378069e-08	5.373303e+01	8.185218e+02
1.480000e-06	7.658534e-06	1.382417e-08	5.408531e+01	8.209702e+02
1.490000e-06	7.705392e-06	1.386430e-08	5.441623e+01	8.232339e+02
1.500000e-06	7.749575e-06	1.389989e-08	5.472825e+01	8.253232e+02
1.510000e-06	7.791006e-06	1.393206e-08	5.502084e+01	8.272419e+02
1.520000e-06	7.829622e-06	1.396063e-08	5.529355e+01	8.289900e+02
1.530000e-06	7.865616e-06	1.398400e-08	5.554775e+01	8.305675e+02
1.540000e-06	7.898859e-06	1.400429e-08	5.578251e+01	8.319781e+02
1.550000e-06	7.929263e-06	1.402539e-08	5.599723e+01	8.332307e+02
1.560000e-06	7.956944e-06	1.404622e-08	5.619271e+01	8.343385e+02
1.570000e-06	7.981795e-06	1.406445e-08	5.636821e+01	8.353151e+02
1.580000e-06	8.003860e-06	1.407915e-08	5.652404e+01	8.361705e+02
1.590000e-06	8.023251e-06	1.409125e-08	5.666098e+01	8.369080e+02
1.600000e-06	8.039740e-06	1.410041e-08	5.677742e+01	8.375243e+02
1.610000e-06	8.053211e-06	1.410551e-08	5.687256e+01	8.380120e+02
1.620000e-06	8.063567e-06	1.410880e-08	5.694570e+01	8.383650e+02
1.630000e-06	8.070889e-06	1.411215e-08	5.699740e+01	8.385829e+02
1.640000e-06	8.075433e-06	1.411495e-08	5.702949e+01	8.386745e+02
1.650000e-06	8.077133e-06	1.411194e-08	5.704150e+01	8.386562e+02
1.660000e-06	8.076075e-06	1.411286e-08	5.703403e+01	8.385483e+02
1.670000e-06	8.072411e-06	1.411205e-08	5.700815e+01	8.383680e+02
1.680000e-06	8.066037e-06	1.410925e-08	5.696314e+01	8.381237e+02
1.690000e-06	8.057028e-06	1.410341e-08	5.689952e+01	8.378112e+02
1.700000e-06	8.045352e-06	1.409259e-08	5.681706e+01	8.374156e+02
1.710000e-06	8.030802e-06	1.407812e-08	5.671431e+01	8.369160e+02
1.720000e-06	8.013634e-06	1.405178e-08	5.659307e+01	8.362935e+02
1.730000e-06	7.994226e-06	1.407283e-08	5.645600e+01	8.355384e+02
1.740000e-06	7.972110e-06	1.411855e-08	5.629982e+01	8.346547e+02
1.750000e-06	7.946461e-06	1.407257e-08	5.611868e+01	8.336592e+02
1.760000e-06	7.917084e-06	1.401144e-08	5.591122e+01	8.325769e+02
1.770000e-06	7.884577e-06	1.399825e-08	5.568165e+01	8.314323e+02
1.780000e-06	7.849656e-06	1.396688e-08	5.543504e+01	8.302418e+02
1.790000e-06	7.812376e-06	1.390697e-08	5.517176e+01	8.290082e+02
1.800000e-06	7.772889e-06	1.396275e-08	5.489290e+01	8.277197e+02
1.810000e-06	7.731183e-06	1.388559e-08	5.459837e+01	8.263542e+02
1.820000e-06	7.686903e-06	1.386492e-08	5.428566e+01	8.248862e+02
1.830000e-06	7.639987e-06	1.392771e-08	5.395434e+01	8.232946e+02
1.840000e-06	7.590088e-06	1.380708e-08	5.360194e+01	8.215685e+02
1.850000e-06	7.537144e-06	1.382969e-08	5.322805e+01	8.197088e+02
1.860000e-06	7.481375e-06	1.372646e-08	5.283420e+01	8.177266e+02
1.870000e-06	7.422924e-06	1.370874e-08	5.242141e+01	8.156375e+02
1.880000e-06	7.361955e-06	1.371813e-08	5.199084e+01	8.134562e+02
1.890000e-06	7.298158e-06	1.361043e-08	5.154030e+01	8.111911e+02
1.900000e-06	7.231597e-06	1.364965e-08	5.107025e+01	8.088427e+02
1.910000e-06	7.162279e-06	1.357470e-08	5.058071e+01	8.064046e+02
1.920000e-06	7.090149e-06	1.354758e-08	5.007132e+01	8.038664e+02
1.930000e-06	7.015452e-06	1.347062e-08	4.954381e+01	8.012181e+02
1.940000e-06	6.938016e-06	1.340753e-08	4.899694e+01	7.984527e+02
1.950000e-06	6.857971e-06	1.340745e-08	4.843166e+01	7.955679e+02
1.960000e-06	6.775530e-06	1.331631e-08	4.784945e+01	7.925651e+02
1.970000e-06	6.690720e-06	1.332035e-08	4.725051e+01	7.894478e+02
1.980000e-06	6.603414e-06	1.323139e-08	4.663396e+01	7.862194e+02
1.990000e-06	6.513666e-06	1.318426e-08	4.600015e+01	7.828813e+02
2.000000e-06	6.421755e-06	1.312180e-08	4.535106e+01	7.794332e+02
2.010000e-06	6.327514e-06	1.304446e-08	4.468552e+01	7.758732e+02
2.020000e-06	6.231024e-06	1.300110e-08	4.400410e+01	7.721986e+02
2.030000e-06	6.132344e-06	1.292135e-08	4.330721e+01	7.684072e+02
2.040000e-06	6.031448e-06	1.289059e-08	4.259467e+01	7.644966e+02
2.050000e-06	5.928299e-06	1.279715e-08	4.186623e+01	7.604641e+02
2.060000e-06	5.822974e-06	1.273565e-08	4.112241e+01	7.563060e+02
2.070000e-06	5.715669e-06	1.264805e-08	4.036461e+01	7.520170e+02
2.080000e-06	5.606393e-06	1.258376e-08	3.959290e+01	7.475911e+02
2.090000e-06	5.495102e-06	1.250676e-08	3.880694e+01	7.430225e+02
2.100000e-06	5.381686e-06	1.242169e-08	3.800599e+01	7.383075e+02
2.110000e-06	5.266218e-06	1.234795e-08	3.719054e+01	7.334450e+02
2.120000e-06	5.148665e-06	1.225689e-08	3.636037e+01	7.284370e+02
2.130000e-06	5.029084e-06	1.217341e-08	3.551588e+01	7.232873e+02
2.140000e-06	4.907679e-06	1.207093e-08	3.465851e+01	7.179994e+02
2.150000e-06	4.784549e-06	1.199187e-08	3.378895e+01	7.125746e+02
2.160000e-06	4.659709e-06	1.189577e-08	3.290732e+01	7.070108e+02
2.170000e-06	4.533134e-06	1.181048e-08	3.201343e+01	7.013021e+02
2.180000e-06	4.404887e-06	1.170419e-08	3.110774e+01	6.954407e+02
2.190000e-06	4.275122e-06	1.160528e-08	3.019132e+01	6.894183e+02
2.200000e-06	4.143933e-06	1.149911e-08	2.926486e+01	6.832283e+02
2.210000e-06	4.011274e-06	1.139089e-08	2.832801e+01	6.768661e+02
2.220000e-06	3.877179e-06	1.128030e-08	2.738102e+01	6.703295e+02
2.230000e-06	3.741603e-06	1.116572e-08	2.642357e+01	6.636162e+02
2.240000e-06	3.604634e-06	1.105791e-08	2.545628e+01	6.567228e+02
2.250000e-06	3.466407e-06	1.093587e-08	2.448011e+01	6.496429e+02
2.260000e-06	3.326882e-06	1.081549e-08	2.349476e+01	6.423677e+02
2.270000e-06	3.186066e-06	1.068307e-08	2.250031e+01	6.348872e+02
2.280000e-06	3.044024e-06	1.055745e-08	2.149719e+01	6.271923e+02
2.290000e-06	2.900795e-06	1.042303e-08	2.048570e+01	6.192769e+02
2.300000e-06	2.756468e-06	1.028769e-08	1.946644e+01	6.111383e+02
2.310000e-06	2.611209e-06	1.014569e-08	1.844061e+01	6.027762e+02
2.320000e-06	2.465096e-06	1.000066e-08	1.740875e+01	5.941905e+02
2.330000e-06	2.318161e-06	9.852166e-09	1.637108e+01	5.853778e+02
2.340000e-06	2.170370e-06	9.696386e-09	1.532737e+01	5.763291e+02
2.350000e-06	2.021789e-06	9.537761e-09	1.427807e+01	5.670300e+02
2.360000e-06	1.872564e-06	9.375012e-09	1.322423e+01	5.574618e+02
2.370000e-06	1.722728e-06	9.212552e-09	1.216607e+01	5.476053e+02
2.380000e-06	1.572221e-06	9.042360e-09	1.110318e+01	5.374447e+02
2.390000e-06	1.421061e-06	8.865983e-09	1.003567e+01	5.269700e+02
2.400000e-06	1.269357e-06	8.684376e-09	8.964325e+00	5.161767e+02
2.410000e-06	1.117173e-06	8.496807e-09	7.889586e+00	5.050629e+02
2.420000e-06	9.645805e-07	8.300883e-09	6.811961e+00	4.936240e+02
2.430000e-06	8.116764e-07	8.102632e-09	5.732138e+00	4.818459e+02
2.440000e-06	6.585052e-07	7.900142e-09	4.650428e+00	4.697013e+02
2.450000e-06	5.051400e-07	7.691253e-09	3.567348e+00	4.571468e+02
2.460000e-06	3.516241e-07	7.471635e-09	2.483204e+00	4.441257e+02
2.470000e-06	1.979835e-07	7.242870e-09	1.398178e+00	4.305724e+02
2.480000e-06	4.427600e-08	7.002679e-09	3.126814e-01	4.164204e+02
2.490000e-06	-1.094367e-07	6.751701e-09	-7.728527e-01	4.016089e+02
2.500000e-06	-2.630833e-07	6.489946e-09	-1.857920e+00	3.860886e+02
2.510000e-06	-4.166002e-07	6.217368e-09	-2.942071e+00	3.698241e+02
2.520000e-06	-5.700000e-07	5.935553e-09	-4.025396e+00	3.527935e+02
2.530000e-06	-7.232587e-07	5.637715e-09	-5.107724e+00	3.349844e+02
2.540000e-06	-8.762706e-07	5.324483e-09	-6.188308e+00	3.163882e+02
2.550000e-06	-1.028907e-06	4.995682e-09	-7.266243e+00	2.969932e+02
2.560000e-06	-1.181067e-06	4.654545e-09	-8.340809e+00	2.767763e+02
2.570000e-06	-1.332763e-06	4.299040e-09	-9.412100e+00	2.556967e+02
2.580000e-06	-1.483976e-06	3.928325e-09	-1.047998e+01	2.336891e+02
2.590000e-06	-1.634611e-06	3.542258e-09	-1.154378e+01	2.106609e+02
2.600000e-06	-1.784580e-06	3.138027e-09	-1.260288e+01	1.864924e+02
2.610000e-06	-1.933882e-06	2.711372e-09	-1.365726e+01	1.610434e+02
2.620000e-06	-2.082561e-06	2.258478e-09	-1.470725e+01	1.341659e+02
2.630000e-06	-2.230545e-06	1.780051e-09	-1.575232e+01	1.057232e+02
2.640000e-06	-2.377662e-06	1.276041e-09	-1.679128e+01	7.561332e+01
2.650000e-06	-2.523913e-06	7.425190e-10	-1.782412e+01	4.379317e+01
2.660000e-06	-2.669376e-06	1.798781e-10	-1.885140e+01	1.029918e+01
2.670000e-06	-2.813907e-06	-4.067991e-10	-1.987209e+01	-2.474011e+01
2.680000e-06	-2.957315e-06	-1.014952e-09	-2.088484e+01	-6.110265e+01
2.690000e-06	-3.099550e-06	-1.642305e-09	-2.188932e+01	-9.848347e+01
2.700000e-06	-3.240613e-06	-2.282233e-09	-2.288552e+01	-1.365157e+02
2.710000e-06	-3.380411e-06	-2.923916e-09	-2.387279e+01	-1.747985e+02
2.720000e-06	-3.518869e-06	-3.561913e-09	-2.485060e+01	-2.129260e+02
2.730000e-06	-3.656056e-06	-4.192840e-09	-2.581942e+01	-2.505143e+02
2.740000e-06	-3.791984e-06	-4.812562e-09	-2.677936e+01	-2.872212e+02
2.750000e-06	-3.926524e-06	-5.411728e-09	-2.772950e+01	-3.227586e+02
2.760000e-06	-4.059637e-06	-5.984948e-09	-2.866955e+01	-3.568976e+02
2.770000e-06	-4.191299e-06	-6.532616e-09	-2.959936e+01	-3.894685e+02
2.780000e-06	-4.321524e-06	-7.052178e-09	-3.051902e+01	-4.203576e+02
2.790000e-06	-4.450324e-06	-7.542737e-09	-3.142862e+01	-4.495030e+02
2.800000e-06	-4.577545e-06	-8.002806e-09	-3.232707e+01	-4.768899e+02
2.810000e-06	-4.703098e-06	-8.434288e-09	-3.321373e+01	-5.025443e+02
2.820000e-06	-4.826917e-06	-8.842223e-09	-3.408816e+01	-5.265261e+02
2.830000e-06	-4.949017e-06	-9.224784e-09	-3.495044e+01	-5.489193e+02
2.840000e-06	-5.069354e-06	-9.579241e-09	-3.580027e+01	-5.698213e+02
2.850000e-06	-5.187727e-06	-9.910553e-09	-3.663624e+01	-5.893317e+02
2.860000e-06	-5.304038e-06	-1.021913e-08	-3.745763e+01	-6.075438e+02
2.870000e-06	-5.418191e-06	-1.050482e-08	-3.826380e+01	-6.245387e+02
2.880000e-06	-5.530155e-06	-1.076933e-08	-3.905449e+01	-6.403852e+02
2.890000e-06	-5.640042e-06	-1.101567e-08	-3.983053e+01	-6.551432e+02
2.900000e-06	-5.748000e-06	-1.124797e-08	-4.059293e+01	-6.688695e+02
2.910000e-06	-5.854066e-06	-1.146530e-08	-4.134198e+01	-6.816232e+02
2.920000e-06	-5.958066e-06	-1.166584e-08	-4.207644e+01	-6.934685e+02
2.930000e-06	-6.059833e-06	-1.185245e-08	-4.279513e+01	-7.044744e+02
2.940000e-06	-6.159353e-06	-1.202746e-08	-4.349795e+01	-7.147099e+02
2.950000e-06	-6.256811e-06	-1.219030e-08	-4.418621e+01	-7.242392e+02
2.960000e-06	-6.352199e-06	-1.233994e-08	-4.485984e+01	-7.331165e+02
2.970000e-06	-6.445237e-06	-1.247819e-08	-4.551689e+01	-7.413842e+02
2.980000e-06	-6.535974e-06	-1.260794e-08	-4.615768e+01	-7.490748e+02
2.990000e-06	-6.624484e-06	-1.273029e-08	-4.678275e+01	-7.562157e+02
3.000000e-06	-6.710571e-06	-1.284471e-08	-4.739070e+01	-7.628359e+02
3.010000e-06	-6.794188e-06	-1.294870e-08	-4.798122e+01	-7.689699e+02
3.020000e-06	-6.875489e-06	-1.304567e-08	-4.855537e+01	-7.746599e+02
3.030000e-06	-6.954348e-06	-1.313519e-08	-4.911228e+01	-7.799529e+02
3.040000e-06	-7.030483e-06	-1.321743e-08	-4.964996e+01	-7.848958e+02
3.050000e-06	-7.103945e-06	-1.329444e-08	-5.016875e+01	-7.895287e+02
3.060000e-06	-7.174841e-06	-1.336866e-08	-5.066943e+01	-7.938807e+02
3.070000e-06	-7.243167e-06	-1.344017e-08	-5.115195e+01	-7.979678e+02
3.080000e-06	-7.308987e-06	-1.350585e-08	-5.161677e+01	-8.017960e+02
3.090000e-06	-7.372266e-06	-1.356392e-08	-5.206366e+01	-8.053661e+02
3.100000e-06	-7.432876e-06	-1.361891e-08	-5.249170e+01	-8.086799e+02
3.110000e-06	-7.490833e-06	-1.367122e-08	-5.290099e+01	-8.117446e+02
3.120000e-06	-7.546049e-06	-1.371747e-08	-5.329093e+01	-8.145739e+02
3.130000e-06	-7.598309e-06	-1.376003e-08	-5.366000e+01	-8.171863e+02
3.140000e-06	-7.647488e-06	-1.380269e-08	-5.400731e+01	-8.196009e+02
3.150000e-06	-7.693749e-06	-1.384400e-08	-5.433400e+01	-8.218332e+02
3.160000e-06	-7.737521e-06	-1.387806e-08	-5.464313e+01	-8.238921e+02
3.170000e-06	-7.778829e-06	-1.390552e-08	-5.493485e+01	-8.257806e+02
3.180000e-06	-7.817387e-06	-1.393290e-08	-5.520715e+01	-8.274984e+02
3.190000e-06	-7.853139e-06	-1.396097e-08	-5.545963e+01	-8.290460e+02
3.200000e-06	-7.886159e-06	-1.398657e-08	-5.569282e+01	-8.304278e+02
3.210000e-06	-7.916313e-06	-1.401024e-08	-5.590578e+01	-8.316538e+02
3.220000e-06	-7.943620e-06	-1.403320e-08	-5.609862e+01	-8.327374e+02
3.230000e-06	-7.968230e-06	-1.405272e-08	-5.627242e+01	-8.336920e+02
3.240000e-06	-7.989986e-06	-1.406520e-08	-5.642606e+01	-8.345265e+02
3.250000e-06	-8.008895e-06	-1.407154e-08	-5.655959e+01	-8.352431e+02
3.260000e-06	-8.024994e-06	-1.407810e-08	-5.667329e+01	-8.358372e+02
3.270000e-06	-8.038035e-06	-1.408881e-08	-5.676539e+01	-8.363015e+02
3.280000e-06	-8.048013e-06	-1.409898e-08	-5.683585e+01	-8.366303e+02
3.290000e-06	-8.055082e-06	-1.410473e-08	-5.688577e+01	-8.368250e+02
3.300000e-06	-8.059300e-06	-1.410989e-08	-5.691556e+01	-8.368958e+02
3.310000e-06	-8.060770e-06	-1.411520e-08	-5.692594e+01	-8.368603e+02
