# Temperatura_=_45.42
# Concentracion g/m^3_=_11780.0
# C_Vs_to_Am_M_A/Vsm_=_59384043850.047264
# pendiente_HvsI_1/m_=_3716.3
# ordenada_HvsI_A/m_=_1297.0
# frecuencia_Hz_=_301541.0764011587

Tiempo_(s)	Campo_(V.s)	Magnetizacion_(V.s)	Campo_(kA/m)	Magnetizacion_(A/m)
0.000000e+00	-8.080498e-06	-1.407619e-08	-5.691241e+01	-8.354409e+02
1.000000e-08	-8.077408e-06	-1.407558e-08	-5.689065e+01	-8.353194e+02
2.000000e-08	-8.071662e-06	-1.407181e-08	-5.685018e+01	-8.351020e+02
3.000000e-08	-8.063275e-06	-1.406486e-08	-5.679111e+01	-8.347844e+02
4.000000e-08	-8.052029e-06	-1.405631e-08	-5.671190e+01	-8.343637e+02
5.000000e-08	-8.037880e-06	-1.404727e-08	-5.661225e+01	-8.338398e+02
6.000000e-08	-8.020900e-06	-1.403699e-08	-5.649265e+01	-8.332163e+02
7.000000e-08	-8.001328e-06	-1.401635e-08	-5.635480e+01	-8.324996e+02
8.000000e-08	-7.979179e-06	-1.398977e-08	-5.619881e+01	-8.316971e+02
9.000000e-08	-7.953909e-06	-1.398389e-08	-5.602083e+01	-8.308152e+02
1.000000e-07	-7.925323e-06	-1.397527e-08	-5.581949e+01	-8.298572e+02
1.100000e-07	-7.893844e-06	-1.395934e-08	-5.559778e+01	-8.288226e+02
1.200000e-07	-7.859710e-06	-1.394553e-08	-5.535737e+01	-8.277073e+02
1.300000e-07	-7.823085e-06	-1.392766e-08	-5.509941e+01	-8.265050e+02
1.400000e-07	-7.784289e-06	-1.390203e-08	-5.482616e+01	-8.252091e+02
1.500000e-07	-7.743156e-06	-1.388739e-08	-5.453645e+01	-8.238143e+02
1.600000e-07	-7.699208e-06	-1.387568e-08	-5.422692e+01	-8.223171e+02
1.700000e-07	-7.652499e-06	-1.379696e-08	-5.389794e+01	-8.207158e+02
1.800000e-07	-7.602891e-06	-1.378556e-08	-5.354854e+01	-8.190098e+02
1.900000e-07	-7.550147e-06	-1.377273e-08	-5.317705e+01	-8.171990e+02
2.000000e-07	-7.494533e-06	-1.372181e-08	-5.278536e+01	-8.152827e+02
2.100000e-07	-7.436194e-06	-1.370841e-08	-5.237447e+01	-8.132604e+02
2.200000e-07	-7.375247e-06	-1.365639e-08	-5.194520e+01	-8.111319e+02
2.300000e-07	-7.311665e-06	-1.363449e-08	-5.149738e+01	-8.088984e+02
2.400000e-07	-7.245331e-06	-1.359443e-08	-5.103018e+01	-8.065620e+02
2.500000e-07	-7.176319e-06	-1.354107e-08	-5.054412e+01	-8.041256e+02
2.600000e-07	-7.104653e-06	-1.348835e-08	-5.003936e+01	-8.015910e+02
2.700000e-07	-7.030295e-06	-1.344304e-08	-4.951564e+01	-7.989579e+02
2.800000e-07	-6.953153e-06	-1.342367e-08	-4.897232e+01	-7.962226e+02
2.900000e-07	-6.873268e-06	-1.336515e-08	-4.840968e+01	-7.933779e+02
3.000000e-07	-6.790912e-06	-1.331445e-08	-4.782962e+01	-7.904155e+02
3.100000e-07	-6.706241e-06	-1.326506e-08	-4.723327e+01	-7.873271e+02
3.200000e-07	-6.619272e-06	-1.321126e-08	-4.662073e+01	-7.841080e+02
3.300000e-07	-6.530009e-06	-1.315387e-08	-4.599204e+01	-7.807576e+02
3.400000e-07	-6.438463e-06	-1.308190e-08	-4.534727e+01	-7.772801e+02
3.500000e-07	-6.344602e-06	-1.302623e-08	-4.468618e+01	-7.736821e+02
3.600000e-07	-6.248359e-06	-1.297124e-08	-4.400833e+01	-7.699700e+02
3.700000e-07	-6.149789e-06	-1.291236e-08	-4.331408e+01	-7.661466e+02
3.800000e-07	-6.049053e-06	-1.283812e-08	-4.260458e+01	-7.622102e+02
3.900000e-07	-5.946196e-06	-1.276845e-08	-4.188014e+01	-7.581537e+02
4.000000e-07	-5.841147e-06	-1.270561e-08	-4.114026e+01	-7.539675e+02
4.100000e-07	-5.733951e-06	-1.263362e-08	-4.038526e+01	-7.496423e+02
4.200000e-07	-5.624789e-06	-1.255186e-08	-3.961641e+01	-7.451722e+02
4.300000e-07	-5.513668e-06	-1.246791e-08	-3.883376e+01	-7.405567e+02
4.400000e-07	-5.400380e-06	-1.239690e-08	-3.803586e+01	-7.358001e+02
4.500000e-07	-5.284858e-06	-1.232261e-08	-3.722221e+01	-7.309090e+02
4.600000e-07	-5.167324e-06	-1.223550e-08	-3.639440e+01	-7.258893e+02
4.700000e-07	-5.047967e-06	-1.214307e-08	-3.555375e+01	-7.207426e+02
4.800000e-07	-4.926795e-06	-1.205788e-08	-3.470031e+01	-7.154651e+02
4.900000e-07	-4.803801e-06	-1.196920e-08	-3.383404e+01	-7.100484e+02
5.000000e-07	-4.679077e-06	-1.186924e-08	-3.295559e+01	-7.044823e+02
5.100000e-07	-4.552753e-06	-1.176742e-08	-3.206587e+01	-6.987582e+02
5.200000e-07	-4.424781e-06	-1.167108e-08	-3.116454e+01	-6.928721e+02
5.300000e-07	-4.295111e-06	-1.157307e-08	-3.025125e+01	-6.868255e+02
5.400000e-07	-4.163842e-06	-1.146821e-08	-2.932670e+01	-6.806232e+02
5.500000e-07	-4.031126e-06	-1.135833e-08	-2.839195e+01	-6.742701e+02
5.600000e-07	-3.896990e-06	-1.125131e-08	-2.744721e+01	-6.677672e+02
5.700000e-07	-3.761416e-06	-1.114346e-08	-2.649233e+01	-6.611081e+02
5.800000e-07	-3.624548e-06	-1.102608e-08	-2.552835e+01	-6.542793e+02
5.900000e-07	-3.486350e-06	-1.090050e-08	-2.455499e+01	-6.472627e+02
6.000000e-07	-3.346684e-06	-1.077780e-08	-2.357131e+01	-6.400399e+02
6.100000e-07	-3.205573e-06	-1.065829e-08	-2.257743e+01	-6.325975e+02
6.200000e-07	-3.063157e-06	-1.053233e-08	-2.157437e+01	-6.249302e+02
6.300000e-07	-2.919580e-06	-1.039877e-08	-2.056313e+01	-6.170413e+02
6.400000e-07	-2.774936e-06	-1.026055e-08	-1.954438e+01	-6.089395e+02
6.500000e-07	-2.629347e-06	-1.012042e-08	-1.851897e+01	-6.006334e+02
6.600000e-07	-2.482816e-06	-9.974619e-09	-1.748692e+01	-5.921262e+02
6.700000e-07	-2.335410e-06	-9.824523e-09	-1.644872e+01	-5.834116e+02
6.800000e-07	-2.187275e-06	-9.674199e-09	-1.540538e+01	-5.744732e+02
6.900000e-07	-2.038429e-06	-9.524306e-09	-1.435703e+01	-5.652873e+02
7.000000e-07	-1.888913e-06	-9.368664e-09	-1.330395e+01	-5.558287e+02
7.100000e-07	-1.738746e-06	-9.203078e-09	-1.224631e+01	-5.460761e+02
7.200000e-07	-1.587916e-06	-9.029810e-09	-1.118398e+01	-5.360170e+02
7.300000e-07	-1.436485e-06	-8.853881e-09	-1.011742e+01	-5.256478e+02
7.400000e-07	-1.284540e-06	-8.674673e-09	-9.047246e+00	-5.149709e+02
7.500000e-07	-1.132146e-06	-8.489530e-09	-7.973910e+00	-5.039888e+02
7.600000e-07	-9.793405e-07	-8.299248e-09	-6.897673e+00	-4.926973e+02
7.700000e-07	-8.261386e-07	-8.104569e-09	-5.818644e+00	-4.810790e+02
7.800000e-07	-6.726310e-07	-7.905159e-09	-4.737462e+00	-4.691014e+02
7.900000e-07	-5.189285e-07	-7.696824e-09	-3.654908e+00	-4.567168e+02
8.000000e-07	-3.650572e-07	-7.479456e-09	-2.571164e+00	-4.438667e+02
8.100000e-07	-2.110068e-07	-7.254509e-09	-1.486159e+00	-4.304873e+02
8.200000e-07	-5.683274e-08	-7.019919e-09	-4.002833e-01	-4.165159e+02
8.300000e-07	9.734394e-08	-6.774858e-09	6.856110e-01	-4.018952e+02
8.400000e-07	2.514486e-07	-6.514310e-09	1.770998e+00	-3.865773e+02
8.500000e-07	4.054508e-07	-6.239891e-09	2.855664e+00	-3.705244e+02
8.600000e-07	5.592942e-07	-5.954385e-09	3.939211e+00	-3.537091e+02
8.700000e-07	7.129327e-07	-5.657290e-09	5.021314e+00	-3.361129e+02
8.800000e-07	8.663034e-07	-5.348397e-09	6.101532e+00	-3.177235e+02
8.900000e-07	1.019332e-06	-5.026623e-09	7.179338e+00	-2.985303e+02
9.000000e-07	1.171969e-06	-4.693626e-09	8.254387e+00	-2.785182e+02
9.100000e-07	1.324184e-06	-4.345405e-09	9.326467e+00	-2.576597e+02
9.200000e-07	1.475909e-06	-3.977220e-09	1.039510e+01	-2.359061e+02
9.300000e-07	1.627033e-06	-3.589176e-09	1.145949e+01	-2.131808e+02
9.400000e-07	1.777569e-06	-3.183914e-09	1.251974e+01	-1.893762e+02
9.500000e-07	1.927485e-06	-2.761503e-09	1.357563e+01	-1.643580e+02
9.600000e-07	2.076733e-06	-2.319243e-09	1.462681e+01	-1.379772e+02
9.700000e-07	2.225313e-06	-1.851887e-09	1.567328e+01	-1.100901e+02
9.800000e-07	2.373105e-06	-1.355999e-09	1.671421e+01	-8.058274e+01
9.900000e-07	2.519993e-06	-8.306464e-10	1.774877e+01	-4.939643e+01
1.000000e-06	2.666019e-06	-2.732744e-10	1.877726e+01	-1.654901e+01
1.010000e-06	2.811074e-06	3.130454e-10	1.979890e+01	1.785261e+01
1.020000e-06	2.955064e-06	9.196375e-10	2.081305e+01	5.361106e+01
1.030000e-06	3.097994e-06	1.538896e-09	2.181973e+01	9.044830e+01
1.040000e-06	3.239770e-06	2.169711e-09	2.281829e+01	1.280247e+02
1.050000e-06	3.380327e-06	2.809341e-09	2.380826e+01	1.659634e+02
1.060000e-06	3.519607e-06	3.449758e-09	2.478923e+01	2.038760e+02
1.070000e-06	3.657572e-06	4.080892e-09	2.576094e+01	2.413856e+02
1.080000e-06	3.794118e-06	4.698572e-09	2.672266e+01	2.781454e+02
1.090000e-06	3.929251e-06	5.300793e-09	2.767443e+01	3.138519e+02
1.100000e-06	4.062999e-06	5.881313e-09	2.861644e+01	3.482536e+02
1.110000e-06	4.195300e-06	6.435299e-09	2.954826e+01	3.811555e+02
1.120000e-06	4.326055e-06	6.962074e-09	3.046919e+01	4.124211e+02
1.130000e-06	4.455181e-06	7.462763e-09	3.137865e+01	4.419712e+02
1.140000e-06	4.582743e-06	7.933272e-09	3.227709e+01	4.697807e+02
1.150000e-06	4.708712e-06	8.371041e-09	3.316431e+01	4.958707e+02
1.160000e-06	4.833049e-06	8.777898e-09	3.404004e+01	5.202988e+02
1.170000e-06	4.955709e-06	9.159893e-09	3.490396e+01	5.431458e+02
1.180000e-06	5.076524e-06	9.517349e-09	3.575488e+01	5.645033e+02
1.190000e-06	5.195537e-06	9.850692e-09	3.659311e+01	5.844616e+02
1.200000e-06	5.312713e-06	1.016337e-08	3.741841e+01	6.031031e+02
1.210000e-06	5.427814e-06	1.045689e-08	3.822908e+01	6.204992e+02
1.220000e-06	5.540752e-06	1.073254e-08	3.902452e+01	6.367127e+02
1.230000e-06	5.651616e-06	1.098773e-08	3.980535e+01	6.518026e+02
1.240000e-06	5.760495e-06	1.122074e-08	4.057221e+01	6.658301e+02
1.250000e-06	5.867379e-06	1.143610e-08	4.132502e+01	6.788619e+02
1.260000e-06	5.972177e-06	1.163802e-08	4.206313e+01	6.909704e+02
1.270000e-06	6.074793e-06	1.182663e-08	4.278587e+01	7.022309e+02
1.280000e-06	6.175280e-06	1.200135e-08	4.349362e+01	7.127151e+02
1.290000e-06	6.273458e-06	1.216517e-08	4.418511e+01	7.224863e+02
1.300000e-06	6.369262e-06	1.232164e-08	4.485987e+01	7.315948e+02
1.310000e-06	6.462858e-06	1.246730e-08	4.551908e+01	7.400781e+02
1.320000e-06	6.554230e-06	1.259847e-08	4.616263e+01	7.479641e+02
1.330000e-06	6.643294e-06	1.271895e-08	4.678993e+01	7.552770e+02
1.340000e-06	6.729977e-06	1.283243e-08	4.740045e+01	7.620434e+02
1.350000e-06	6.814361e-06	1.293690e-08	4.799478e+01	7.682972e+02
1.360000e-06	6.896414e-06	1.303116e-08	4.857269e+01	7.740805e+02
1.370000e-06	6.975968e-06	1.311711e-08	4.913301e+01	7.794418e+02
1.380000e-06	7.052928e-06	1.320175e-08	4.967505e+01	7.844310e+02
1.390000e-06	7.127223e-06	1.328439e-08	5.019833e+01	7.890938e+02
1.400000e-06	7.198907e-06	1.335864e-08	5.070321e+01	7.934672e+02
1.410000e-06	7.268052e-06	1.342553e-08	5.119021e+01	7.975764e+02
1.420000e-06	7.334600e-06	1.349098e-08	5.165892e+01	8.014359e+02
1.430000e-06	7.398537e-06	1.355396e-08	5.210924e+01	8.050519e+02
1.440000e-06	7.459932e-06	1.360970e-08	5.254166e+01	8.084265e+02
1.450000e-06	7.518752e-06	1.365853e-08	5.295594e+01	8.115618e+02
1.460000e-06	7.574836e-06	1.370608e-08	5.335094e+01	8.144623e+02
1.470000e-06	7.628052e-06	1.375420e-08	5.372575e+01	8.171363e+02
1.480000e-06	7.678210e-06	1.379664e-08	5.407903e+01	8.195954e+02
1.490000e-06	7.725371e-06	1.383477e-08	5.441119e+01	8.218526e+02
1.500000e-06	7.769757e-06	1.387030e-08	5.472381e+01	8.239214e+02
1.510000e-06	7.811337e-06	1.390224e-08	5.501666e+01	8.258137e+02
1.520000e-06	7.850111e-06	1.392932e-08	5.528975e+01	8.275397e+02
1.530000e-06	7.886208e-06	1.395179e-08	5.554399e+01	8.291076e+02
1.540000e-06	7.919581e-06	1.397414e-08	5.577905e+01	8.305236e+02
1.550000e-06	7.950171e-06	1.399840e-08	5.599450e+01	8.317926e+02
1.560000e-06	7.978049e-06	1.401989e-08	5.619085e+01	8.329180e+02
1.570000e-06	8.003064e-06	1.403547e-08	5.636703e+01	8.339030e+02
1.580000e-06	8.025203e-06	1.404787e-08	5.652296e+01	8.347503e+02
1.590000e-06	8.044618e-06	1.405827e-08	5.665971e+01	8.354634e+02
1.600000e-06	8.061163e-06	1.406435e-08	5.677623e+01	8.360471e+02
1.610000e-06	8.074663e-06	1.406646e-08	5.687132e+01	8.365078e+02
1.620000e-06	8.085070e-06	1.406915e-08	5.694461e+01	8.368534e+02
1.630000e-06	8.092478e-06	1.407608e-08	5.699679e+01	8.370924e+02
1.640000e-06	8.097080e-06	1.408351e-08	5.702921e+01	8.372324e+02
1.650000e-06	8.098826e-06	1.408544e-08	5.704150e+01	8.372788e+02
1.660000e-06	8.097779e-06	1.408378e-08	5.703413e+01	8.372334e+02
1.670000e-06	8.094100e-06	1.408063e-08	5.700821e+01	8.370951e+02
1.680000e-06	8.087710e-06	1.407548e-08	5.696321e+01	8.368600e+02
1.690000e-06	8.078676e-06	1.406584e-08	5.689958e+01	8.365240e+02
1.700000e-06	8.066909e-06	1.405424e-08	5.681671e+01	8.360846e+02
1.710000e-06	8.052312e-06	1.404561e-08	5.671390e+01	8.355425e+02
1.720000e-06	8.035162e-06	1.404168e-08	5.659310e+01	8.349017e+02
1.730000e-06	8.015668e-06	1.405397e-08	5.645581e+01	8.341691e+02
1.740000e-06	7.993398e-06	1.403416e-08	5.629895e+01	8.333519e+02
1.750000e-06	7.967680e-06	1.401341e-08	5.611782e+01	8.324562e+02
1.760000e-06	7.938373e-06	1.399864e-08	5.591140e+01	8.314846e+02
1.770000e-06	7.905919e-06	1.396792e-08	5.568282e+01	8.304359e+02
1.780000e-06	7.870906e-06	1.393746e-08	5.543622e+01	8.293054e+02
1.790000e-06	7.833507e-06	1.393331e-08	5.517281e+01	8.280868e+02
1.800000e-06	7.793919e-06	1.388114e-08	5.489398e+01	8.267735e+02
1.810000e-06	7.752121e-06	1.386269e-08	5.459960e+01	8.253605e+02
1.820000e-06	7.707745e-06	1.389275e-08	5.428705e+01	8.238446e+02
1.830000e-06	7.660661e-06	1.382586e-08	5.395542e+01	8.222246e+02
1.840000e-06	7.610636e-06	1.383333e-08	5.360309e+01	8.204998e+02
1.850000e-06	7.557574e-06	1.378385e-08	5.322936e+01	8.186701e+02
1.860000e-06	7.501635e-06	1.373134e-08	5.283538e+01	8.167348e+02
1.870000e-06	7.443035e-06	1.372604e-08	5.242265e+01	8.146935e+02
1.880000e-06	7.381858e-06	1.364858e-08	5.199176e+01	8.125460e+02
1.890000e-06	7.317906e-06	1.364395e-08	5.154134e+01	8.102938e+02
1.900000e-06	7.251245e-06	1.360238e-08	5.107184e+01	8.079393e+02
1.910000e-06	7.181824e-06	1.357839e-08	5.058289e+01	8.054851e+02
1.920000e-06	7.109587e-06	1.354084e-08	5.007411e+01	8.029330e+02
1.930000e-06	7.034710e-06	1.345230e-08	4.954674e+01	8.002819e+02
1.940000e-06	6.957145e-06	1.343193e-08	4.900044e+01	7.975275e+02
1.950000e-06	6.876956e-06	1.336058e-08	4.843565e+01	7.946624e+02
1.960000e-06	6.794305e-06	1.332989e-08	4.785353e+01	7.916779e+02
1.970000e-06	6.709223e-06	1.327529e-08	4.725427e+01	7.885663e+02
1.980000e-06	6.621651e-06	1.321873e-08	4.663749e+01	7.853235e+02
1.990000e-06	6.531716e-06	1.318263e-08	4.600406e+01	7.819500e+02
2.000000e-06	6.439553e-06	1.310026e-08	4.535494e+01	7.784504e+02
2.010000e-06	6.345092e-06	1.304985e-08	4.468963e+01	7.748315e+02
2.020000e-06	6.248395e-06	1.297081e-08	4.400858e+01	7.710993e+02
2.030000e-06	6.149499e-06	1.292453e-08	4.331204e+01	7.672560e+02
2.040000e-06	6.048407e-06	1.285391e-08	4.260003e+01	7.632986e+02
2.050000e-06	5.945075e-06	1.278267e-08	4.187224e+01	7.592196e+02
2.060000e-06	5.839604e-06	1.271041e-08	4.112939e+01	7.550091e+02
2.070000e-06	5.732126e-06	1.263349e-08	4.037240e+01	7.506582e+02
2.080000e-06	5.622569e-06	1.256903e-08	3.960078e+01	7.461620e+02
2.090000e-06	5.510927e-06	1.247967e-08	3.881446e+01	7.415208e+02
2.100000e-06	5.397158e-06	1.240209e-08	3.801316e+01	7.367395e+02
2.110000e-06	5.281230e-06	1.231452e-08	3.719666e+01	7.318250e+02
2.120000e-06	5.163217e-06	1.223492e-08	3.636547e+01	7.267825e+02
2.130000e-06	5.043298e-06	1.214112e-08	3.552086e+01	7.216128e+02
2.140000e-06	4.921584e-06	1.205521e-08	3.466361e+01	7.163111e+02
2.150000e-06	4.798117e-06	1.196932e-08	3.379401e+01	7.108684e+02
2.160000e-06	4.672906e-06	1.187726e-08	3.291212e+01	7.052745e+02
2.170000e-06	4.545997e-06	1.178017e-08	3.201828e+01	6.995215e+02
2.180000e-06	4.417492e-06	1.167365e-08	3.111320e+01	6.936064e+02
2.190000e-06	4.287489e-06	1.157360e-08	3.019756e+01	6.875314e+02
2.200000e-06	4.155973e-06	1.146794e-08	2.927127e+01	6.813018e+02
2.210000e-06	4.022921e-06	1.136252e-08	2.833417e+01	6.749220e+02
2.220000e-06	3.888415e-06	1.125033e-08	2.738681e+01	6.683918e+02
2.230000e-06	3.752459e-06	1.114074e-08	2.642925e+01	6.617035e+02
2.240000e-06	3.615078e-06	1.102691e-08	2.546165e+01	6.548425e+02
2.250000e-06	3.476343e-06	1.090488e-08	2.448451e+01	6.477902e+02
2.260000e-06	3.336360e-06	1.078017e-08	2.349859e+01	6.405289e+02
2.270000e-06	3.195134e-06	1.065328e-08	2.250391e+01	6.330463e+02
2.280000e-06	3.052667e-06	1.052783e-08	2.150049e+01	6.253390e+02
2.290000e-06	2.909052e-06	1.039430e-08	2.048898e+01	6.174112e+02
2.300000e-06	2.764385e-06	1.025619e-08	1.947006e+01	6.092722e+02
2.310000e-06	2.618797e-06	1.011433e-08	1.844466e+01	6.009301e+02
2.320000e-06	2.472333e-06	9.971722e-09	1.741309e+01	5.923866e+02
2.330000e-06	2.325006e-06	9.823832e-09	1.637544e+01	5.836334e+02
2.340000e-06	2.176818e-06	9.671971e-09	1.533172e+01	5.746525e+02
2.350000e-06	2.027852e-06	9.517609e-09	1.428253e+01	5.654197e+02
2.360000e-06	1.878235e-06	9.357278e-09	1.322875e+01	5.559098e+02
2.370000e-06	1.727953e-06	9.193761e-09	1.217028e+01	5.461031e+02
2.380000e-06	1.577004e-06	9.022198e-09	1.110712e+01	5.359886e+02
2.390000e-06	1.425464e-06	8.846423e-09	1.003980e+01	5.255640e+02
2.400000e-06	1.273428e-06	8.665062e-09	8.968986e+00	5.148324e+02
2.410000e-06	1.120966e-06	8.478853e-09	7.895169e+00	5.037956e+02
2.420000e-06	9.681209e-07	8.286877e-09	6.818651e+00	4.924473e+02
2.430000e-06	8.149554e-07	8.092468e-09	5.739879e+00	4.807676e+02
2.440000e-06	6.615091e-07	7.892913e-09	4.659128e+00	4.687211e+02
2.450000e-06	5.078509e-07	7.682000e-09	3.576886e+00	4.562578e+02
2.460000e-06	3.539868e-07	7.461446e-09	2.493194e+00	4.433178e+02
2.470000e-06	1.999772e-07	7.233664e-09	1.408476e+00	4.298372e+02
2.480000e-06	4.593632e-08	6.997091e-09	3.235379e-01	4.157537e+02
2.490000e-06	-1.081494e-07	6.748827e-09	-7.617158e-01	4.010116e+02
2.500000e-06	-2.622202e-07	6.489767e-09	-1.846864e+00	3.855648e+02
2.510000e-06	-4.161510e-07	6.222216e-09	-2.931027e+00	3.693774e+02
2.520000e-06	-5.698852e-07	5.941810e-09	-4.013805e+00	3.524237e+02
2.530000e-06	-7.233953e-07	5.641972e-09	-5.095004e+00	3.346866e+02
2.540000e-06	-8.766324e-07	5.325354e-09	-6.174281e+00	3.161543e+02
2.550000e-06	-1.029557e-06	4.997227e-09	-7.251355e+00	2.968162e+02
2.560000e-06	-1.182087e-06	4.659758e-09	-8.325653e+00	2.766553e+02
2.570000e-06	-1.334200e-06	4.306926e-09	-9.397011e+00	2.556412e+02
2.580000e-06	-1.485853e-06	3.939236e-09	-1.046514e+01	2.337205e+02
2.590000e-06	-1.636929e-06	3.556648e-09	-1.152918e+01	2.108111e+02
2.600000e-06	-1.787357e-06	3.156115e-09	-1.258868e+01	1.868001e+02
2.610000e-06	-1.937132e-06	2.730783e-09	-1.364357e+01	1.615496e+02
2.620000e-06	-2.086213e-06	2.279665e-09	-1.469357e+01	1.349098e+02
2.630000e-06	-2.234523e-06	1.805138e-09	-1.573815e+01	1.067403e+02
2.640000e-06	-2.382059e-06	1.305580e-09	-1.677727e+01	7.693539e+01
2.650000e-06	-2.528794e-06	7.782684e-10	-1.781075e+01	4.544859e+01
2.660000e-06	-2.674588e-06	2.229469e-10	-1.883761e+01	1.231304e+01
2.670000e-06	-2.819412e-06	-3.553142e-10	-1.985763e+01	-2.234796e+01
2.680000e-06	-2.963270e-06	-9.559051e-10	-2.087085e+01	-5.832160e+01
2.690000e-06	-3.106020e-06	-1.578072e-09	-2.187626e+01	-9.531725e+01
2.700000e-06	-3.247588e-06	-2.215199e-09	-2.287335e+01	-1.329867e+02
2.710000e-06	-3.387864e-06	-2.854037e-09	-2.386134e+01	-1.709493e+02
2.720000e-06	-3.526811e-06	-3.488363e-09	-2.483997e+01	-2.088171e+02
2.730000e-06	-3.664433e-06	-4.117431e-09	-2.580926e+01	-2.462172e+02
2.740000e-06	-3.800685e-06	-4.735925e-09	-2.676892e+01	-2.828098e+02
2.750000e-06	-3.935578e-06	-5.332764e-09	-2.771899e+01	-3.183003e+02
2.760000e-06	-4.069069e-06	-5.903061e-09	-2.865919e+01	-3.524469e+02
2.770000e-06	-4.201102e-06	-6.449937e-09	-2.958912e+01	-3.850650e+02
2.780000e-06	-4.331656e-06	-6.973884e-09	-3.050864e+01	-4.160285e+02
2.790000e-06	-4.460692e-06	-7.469427e-09	-3.141747e+01	-4.452684e+02
2.800000e-06	-4.588179e-06	-7.932026e-09	-3.231538e+01	-4.727681e+02
2.810000e-06	-4.714012e-06	-8.364653e-09	-3.320164e+01	-4.985564e+02
2.820000e-06	-4.838161e-06	-8.771771e-09	-3.407605e+01	-5.226958e+02
2.830000e-06	-4.960634e-06	-9.153949e-09	-3.493865e+01	-5.452702e+02
2.840000e-06	-5.081327e-06	-9.510509e-09	-3.578870e+01	-5.663714e+02
2.850000e-06	-5.200093e-06	-9.845627e-09	-3.662520e+01	-5.860890e+02
2.860000e-06	-5.316758e-06	-1.016078e-08	-3.744689e+01	-6.045032e+02
2.870000e-06	-5.431279e-06	-1.045427e-08	-3.825348e+01	-6.216838e+02
2.880000e-06	-5.543643e-06	-1.072291e-08	-3.904488e+01	-6.376924e+02
2.890000e-06	-5.653854e-06	-1.097065e-08	-3.982112e+01	-6.525881e+02
2.900000e-06	-5.762075e-06	-1.120482e-08	-4.058334e+01	-6.664328e+02
2.910000e-06	-5.868392e-06	-1.142438e-08	-4.133215e+01	-6.792944e+02
2.920000e-06	-5.972694e-06	-1.162650e-08	-4.206677e+01	-6.912461e+02
2.930000e-06	-6.074707e-06	-1.181365e-08	-4.278526e+01	-7.023629e+02
2.940000e-06	-6.174454e-06	-1.199064e-08	-4.348780e+01	-7.127157e+02
2.950000e-06	-6.272154e-06	-1.215518e-08	-4.417592e+01	-7.223653e+02
2.960000e-06	-6.367723e-06	-1.230567e-08	-4.484903e+01	-7.313598e+02
2.970000e-06	-6.460974e-06	-1.244583e-08	-4.550581e+01	-7.397347e+02
2.980000e-06	-6.551903e-06	-1.257803e-08	-4.614624e+01	-7.475167e+02
2.990000e-06	-6.640635e-06	-1.270276e-08	-4.677120e+01	-7.547300e+02
3.000000e-06	-6.727021e-06	-1.281837e-08	-4.737963e+01	-7.614023e+02
3.010000e-06	-6.810954e-06	-1.292185e-08	-4.797078e+01	-7.675688e+02
3.020000e-06	-6.892486e-06	-1.301837e-08	-4.854503e+01	-7.732732e+02
3.030000e-06	-6.971519e-06	-1.310970e-08	-4.910168e+01	-7.785644e+02
3.040000e-06	-7.047829e-06	-1.319308e-08	-4.963914e+01	-7.834923e+02
3.050000e-06	-7.121465e-06	-1.326930e-08	-5.015777e+01	-7.881012e+02
3.060000e-06	-7.192569e-06	-1.334201e-08	-5.065857e+01	-7.924260e+02
3.070000e-06	-7.261106e-06	-1.341324e-08	-5.114129e+01	-7.964899e+02
3.080000e-06	-7.327113e-06	-1.347945e-08	-5.160619e+01	-8.003058e+02
3.090000e-06	-7.390599e-06	-1.353813e-08	-5.205333e+01	-8.038786e+02
3.100000e-06	-7.451457e-06	-1.359068e-08	-5.248197e+01	-8.072104e+02
3.110000e-06	-7.509620e-06	-1.364178e-08	-5.289161e+01	-8.103034e+02
3.120000e-06	-7.565010e-06	-1.369020e-08	-5.328174e+01	-8.131629e+02
3.130000e-06	-7.617472e-06	-1.373492e-08	-5.365124e+01	-8.157977e+02
3.140000e-06	-7.666877e-06	-1.377632e-08	-5.399921e+01	-8.182198e+02
3.150000e-06	-7.713300e-06	-1.381607e-08	-5.432617e+01	-8.204425e+02
3.160000e-06	-7.757120e-06	-1.385255e-08	-5.463480e+01	-8.224790e+02
3.170000e-06	-7.798499e-06	-1.388278e-08	-5.492625e+01	-8.243410e+02
3.180000e-06	-7.837210e-06	-1.390770e-08	-5.519890e+01	-8.260384e+02
3.190000e-06	-7.873098e-06	-1.393220e-08	-5.545166e+01	-8.275789e+02
3.200000e-06	-7.906216e-06	-1.395738e-08	-5.568491e+01	-8.289684e+02
3.210000e-06	-7.936500e-06	-1.398058e-08	-5.589821e+01	-8.302116e+02
3.220000e-06	-7.963910e-06	-1.400055e-08	-5.609126e+01	-8.313118e+02
3.230000e-06	-7.988525e-06	-1.401855e-08	-5.626463e+01	-8.322721e+02
3.240000e-06	-8.010278e-06	-1.403598e-08	-5.641784e+01	-8.330953e+02
3.250000e-06	-8.029236e-06	-1.404744e-08	-5.655136e+01	-8.337850e+02
3.260000e-06	-8.045388e-06	-1.405537e-08	-5.666513e+01	-8.343463e+02
3.270000e-06	-8.058462e-06	-1.406320e-08	-5.675721e+01	-8.347859e+02
3.280000e-06	-8.068469e-06	-1.407137e-08	-5.682769e+01	-8.351119e+02
3.290000e-06	-8.075580e-06	-1.407617e-08	-5.687777e+01	-8.353329e+02
3.300000e-06	-8.079822e-06	-1.407903e-08	-5.690765e+01	-8.354559e+02
3.310000e-06	-8.081290e-06	-1.407967e-08	-5.691799e+01	-8.354860e+02
