# Temperatura_=_71.15
# Concentracion g/m^3_=_11780.0
# C_Vs_to_Am_M_A/Vsm_=_59384043850.047264
# pendiente_HvsI_1/m_=_3716.3
# ordenada_HvsI_A/m_=_1297.0
# frecuencia_Hz_=_301542.93401239614

Tiempo_(s)	Campo_(V.s)	Magnetizacion_(V.s)	Campo_(kA/m)	Magnetizacion_(A/m)
0.000000e+00	-8.094958e-06	-1.479442e-08	-5.691686e+01	-8.775239e+02
1.000000e-08	-8.091872e-06	-1.478722e-08	-5.689516e+01	-8.773241e+02
2.000000e-08	-8.086112e-06	-1.477984e-08	-5.685466e+01	-8.770800e+02
3.000000e-08	-8.077712e-06	-1.477148e-08	-5.679560e+01	-8.767740e+02
4.000000e-08	-8.066425e-06	-1.476308e-08	-5.671624e+01	-8.763720e+02
5.000000e-08	-8.052201e-06	-1.475350e-08	-5.661623e+01	-8.758368e+02
6.000000e-08	-8.035158e-06	-1.474882e-08	-5.649640e+01	-8.751429e+02
7.000000e-08	-8.015560e-06	-1.474314e-08	-5.635860e+01	-8.742863e+02
8.000000e-08	-7.993371e-06	-1.468752e-08	-5.620259e+01	-8.732871e+02
9.000000e-08	-7.968017e-06	-1.464597e-08	-5.602432e+01	-8.721827e+02
1.000000e-07	-7.939378e-06	-1.465646e-08	-5.582295e+01	-8.710140e+02
1.100000e-07	-7.907864e-06	-1.466458e-08	-5.560137e+01	-8.698109e+02
1.200000e-07	-7.873644e-06	-1.463971e-08	-5.536077e+01	-8.685820e+02
1.300000e-07	-7.836916e-06	-1.460027e-08	-5.510253e+01	-8.673119e+02
1.400000e-07	-7.798055e-06	-1.462171e-08	-5.482929e+01	-8.659676e+02
1.500000e-07	-7.756903e-06	-1.458546e-08	-5.453995e+01	-8.645107e+02
1.600000e-07	-7.712928e-06	-1.454698e-08	-5.423075e+01	-8.629111e+02
1.700000e-07	-7.666201e-06	-1.450235e-08	-5.390220e+01	-8.611561e+02
1.800000e-07	-7.616634e-06	-1.442419e-08	-5.355369e+01	-8.592534e+02
1.900000e-07	-7.563892e-06	-1.444890e-08	-5.318286e+01	-8.572247e+02
2.000000e-07	-7.508295e-06	-1.441411e-08	-5.279194e+01	-8.550960e+02
2.100000e-07	-7.449975e-06	-1.436340e-08	-5.238189e+01	-8.528852e+02
2.200000e-07	-7.388975e-06	-1.432323e-08	-5.195299e+01	-8.505957e+02
2.300000e-07	-7.325368e-06	-1.427790e-08	-5.150576e+01	-8.482148e+02
2.400000e-07	-7.259011e-06	-1.427332e-08	-5.103919e+01	-8.457197e+02
2.500000e-07	-7.189960e-06	-1.419277e-08	-5.055368e+01	-8.430875e+02
2.600000e-07	-7.118269e-06	-1.412010e-08	-5.004961e+01	-8.403042e+02
2.700000e-07	-7.043840e-06	-1.409127e-08	-4.952629e+01	-8.373704e+02
2.800000e-07	-6.966599e-06	-1.408190e-08	-4.898320e+01	-8.343004e+02
2.900000e-07	-6.886649e-06	-1.401228e-08	-4.842106e+01	-8.311154e+02
3.000000e-07	-6.804224e-06	-1.390934e-08	-4.784152e+01	-8.278343e+02
3.100000e-07	-6.719519e-06	-1.388667e-08	-4.724594e+01	-8.244655e+02
3.200000e-07	-6.632512e-06	-1.383819e-08	-4.663418e+01	-8.210032e+02
3.300000e-07	-6.543122e-06	-1.377032e-08	-4.600567e+01	-8.174292e+02
3.400000e-07	-6.451409e-06	-1.369169e-08	-4.536082e+01	-8.137203e+02
3.500000e-07	-6.357431e-06	-1.363317e-08	-4.470005e+01	-8.098572e+02
3.600000e-07	-6.261093e-06	-1.358889e-08	-4.402268e+01	-8.058319e+02
3.700000e-07	-6.162413e-06	-1.351162e-08	-4.332885e+01	-8.016498e+02
3.800000e-07	-6.061513e-06	-1.342117e-08	-4.261940e+01	-7.973268e+02
3.900000e-07	-5.958443e-06	-1.333404e-08	-4.189471e+01	-7.928819e+02
4.000000e-07	-5.853226e-06	-1.328401e-08	-4.115491e+01	-7.883287e+02
4.100000e-07	-5.745901e-06	-1.320978e-08	-4.040029e+01	-7.836690e+02
4.200000e-07	-5.636541e-06	-1.311601e-08	-3.963136e+01	-7.788916e+02
4.300000e-07	-5.525147e-06	-1.302780e-08	-3.884813e+01	-7.739759e+02
4.400000e-07	-5.411615e-06	-1.295743e-08	-3.804988e+01	-7.688992e+02
4.500000e-07	-5.295916e-06	-1.287809e-08	-3.723637e+01	-7.636452e+02
4.600000e-07	-5.178199e-06	-1.277185e-08	-3.640869e+01	-7.582090e+02
4.700000e-07	-5.058631e-06	-1.267163e-08	-3.556799e+01	-7.525978e+02
4.800000e-07	-4.937266e-06	-1.258557e-08	-3.471466e+01	-7.468274e+02
4.900000e-07	-4.814098e-06	-1.249946e-08	-3.384864e+01	-7.409143e+02
5.000000e-07	-4.689162e-06	-1.238385e-08	-3.297020e+01	-7.348694e+02
5.100000e-07	-4.562565e-06	-1.226955e-08	-3.208008e+01	-7.286926e+02
5.200000e-07	-4.434354e-06	-1.216928e-08	-3.117860e+01	-7.223730e+02
5.300000e-07	-4.304522e-06	-1.206952e-08	-3.026573e+01	-7.158930e+02
5.400000e-07	-4.173114e-06	-1.195060e-08	-2.934179e+01	-7.092339e+02
5.500000e-07	-4.040191e-06	-1.182579e-08	-2.840718e+01	-7.023825e+02
5.600000e-07	-3.905838e-06	-1.171636e-08	-2.746253e+01	-6.953342e+02
5.700000e-07	-3.770023e-06	-1.160475e-08	-2.650759e+01	-6.880924e+02
5.800000e-07	-3.632771e-06	-1.147472e-08	-2.554256e+01	-6.806645e+02
5.900000e-07	-3.494196e-06	-1.133249e-08	-2.456822e+01	-6.730563e+02
6.000000e-07	-3.354268e-06	-1.120649e-08	-2.358436e+01	-6.652672e+02
6.100000e-07	-3.212913e-06	-1.108343e-08	-2.259047e+01	-6.572883e+02
6.200000e-07	-3.070260e-06	-1.094364e-08	-2.158745e+01	-6.491031e+02
6.300000e-07	-2.926541e-06	-1.079250e-08	-2.057695e+01	-6.406922e+02
6.400000e-07	-2.781805e-06	-1.064642e-08	-1.955928e+01	-6.320385e+02
6.500000e-07	-2.635991e-06	-1.050258e-08	-1.853405e+01	-6.231305e+02
6.600000e-07	-2.489216e-06	-1.034518e-08	-1.750205e+01	-6.139646e+02
6.700000e-07	-2.341610e-06	-1.018065e-08	-1.646421e+01	-6.045421e+02
6.800000e-07	-2.193232e-06	-1.002089e-08	-1.542094e+01	-5.948659e+02
6.900000e-07	-2.044103e-06	-9.866447e-09	-1.437239e+01	-5.849352e+02
7.000000e-07	-1.894219e-06	-9.697106e-09	-1.331854e+01	-5.747426e+02
7.100000e-07	-1.743704e-06	-9.511681e-09	-1.226025e+01	-5.642726e+02
7.200000e-07	-1.592665e-06	-9.323439e-09	-1.119826e+01	-5.535042e+02
7.300000e-07	-1.441085e-06	-9.139276e-09	-1.013249e+01	-5.424145e+02
7.400000e-07	-1.288904e-06	-8.948679e-09	-9.062476e+00	-5.309829e+02
7.500000e-07	-1.136163e-06	-8.747271e-09	-7.988530e+00	-5.191928e+02
7.600000e-07	-9.829866e-07	-8.543846e-09	-6.911526e+00	-5.070315e+02
7.700000e-07	-8.295102e-07	-8.337986e-09	-5.832410e+00	-4.944862e+02
7.800000e-07	-6.757270e-07	-8.123290e-09	-4.751138e+00	-4.815386e+02
7.900000e-07	-5.216564e-07	-7.893138e-09	-3.667844e+00	-4.681590e+02
8.000000e-07	-3.674300e-07	-7.655655e-09	-2.583455e+00	-4.543027e+02
8.100000e-07	-2.131052e-07	-7.414698e-09	-1.498374e+00	-4.399090e+02
8.200000e-07	-5.873383e-08	-7.165962e-09	-4.129664e-01	-4.249054e+02
8.300000e-07	9.565898e-08	-6.901531e-09	6.725926e-01	-4.092142e+02
8.400000e-07	2.500327e-07	-6.621371e-09	1.758017e+00	-3.927616e+02
8.500000e-07	4.043231e-07	-6.330826e-09	2.842856e+00	-3.754865e+02
8.600000e-07	5.584767e-07	-6.026834e-09	3.926733e+00	-3.573462e+02
8.700000e-07	7.124270e-07	-5.704299e-09	5.009181e+00	-3.383178e+02
8.800000e-07	8.661104e-07	-5.365259e-09	6.089751e+00	-3.183929e+02
8.900000e-07	1.019465e-06	-5.016419e-09	7.168013e+00	-2.975673e+02
9.000000e-07	1.172415e-06	-4.654337e-09	8.243425e+00	-2.758266e+02
9.100000e-07	1.324930e-06	-4.272168e-09	9.315780e+00	-2.531303e+02
9.200000e-07	1.476944e-06	-3.867448e-09	1.038461e+01	-2.293993e+02
9.300000e-07	1.628390e-06	-3.445953e-09	1.144945e+01	-2.045098e+02
9.400000e-07	1.779254e-06	-3.005473e-09	1.251020e+01	-1.782973e+02
9.500000e-07	1.929528e-06	-2.537933e-09	1.356680e+01	-1.505719e+02
9.600000e-07	2.079131e-06	-2.040697e-09	1.461868e+01	-1.211432e+02
9.700000e-07	2.227920e-06	-1.512500e-09	1.566484e+01	-8.985249e+01
9.800000e-07	2.375882e-06	-9.516000e-10	1.670518e+01	-5.660557e+01
9.900000e-07	2.523005e-06	-3.547290e-10	1.773963e+01	-2.140117e+01
1.000000e-06	2.669275e-06	2.741780e-10	1.876807e+01	1.565164e+01
1.010000e-06	2.814628e-06	9.295118e-10	1.979007e+01	5.432961e+01
1.020000e-06	2.958924e-06	1.605033e-09	2.080463e+01	9.430624e+01
1.030000e-06	3.102123e-06	2.294629e-09	2.181149e+01	1.351748e+02
1.040000e-06	3.244168e-06	2.992649e-09	2.281023e+01	1.764793e+02
1.050000e-06	3.384957e-06	3.690050e-09	2.380014e+01	2.177473e+02
1.060000e-06	3.524433e-06	4.377675e-09	2.478081e+01	2.585209e+02
1.070000e-06	3.662580e-06	5.048085e-09	2.575215e+01	2.983813e+02
1.080000e-06	3.799306e-06	5.696945e-09	2.671349e+01	3.369659e+02
1.090000e-06	3.934607e-06	6.319676e-09	2.766481e+01	3.739795e+02
1.100000e-06	4.068568e-06	6.910481e-09	2.860671e+01	4.091997e+02
1.110000e-06	4.201080e-06	7.468716e-09	2.953842e+01	4.424778e+02
1.120000e-06	4.332012e-06	7.997735e-09	3.045903e+01	4.737377e+02
1.130000e-06	4.461411e-06	8.494935e-09	3.136885e+01	5.029700e+02
1.140000e-06	4.589276e-06	8.955185e-09	3.226789e+01	5.302227e+02
1.150000e-06	4.715538e-06	9.379016e-09	3.315565e+01	5.555875e+02
1.160000e-06	4.840161e-06	9.771555e-09	3.403190e+01	5.791833e+02
1.170000e-06	4.963086e-06	1.013822e-08	3.489620e+01	6.011382e+02
1.180000e-06	5.084234e-06	1.047714e-08	3.574801e+01	6.215742e+02
1.190000e-06	5.203533e-06	1.079215e-08	3.658682e+01	6.405974e+02
1.200000e-06	5.320884e-06	1.109100e-08	3.741193e+01	6.582951e+02
1.210000e-06	5.436146e-06	1.137308e-08	3.822236e+01	6.747398e+02
1.220000e-06	5.549250e-06	1.163406e-08	3.901761e+01	6.899983e+02
1.230000e-06	5.660339e-06	1.187247e-08	3.979869e+01	7.041406e+02
1.240000e-06	5.769524e-06	1.209088e-08	4.056638e+01	7.172459e+02
1.250000e-06	5.876688e-06	1.229242e-08	4.131987e+01	7.294032e+02
1.260000e-06	5.981690e-06	1.248018e-08	4.205816e+01	7.407043e+02
1.270000e-06	6.084491e-06	1.265516e-08	4.278097e+01	7.512348e+02
1.280000e-06	6.185124e-06	1.281921e-08	4.348853e+01	7.610641e+02
1.290000e-06	6.283484e-06	1.297514e-08	4.418011e+01	7.702402e+02
1.300000e-06	6.379492e-06	1.312216e-08	4.485516e+01	7.787911e+02
1.310000e-06	6.473280e-06	1.325605e-08	4.551460e+01	7.867333e+02
1.320000e-06	6.564832e-06	1.337658e-08	4.615831e+01	7.940836e+02
1.330000e-06	6.654042e-06	1.348836e-08	4.678557e+01	8.008700e+02
1.340000e-06	6.740922e-06	1.359418e-08	4.739643e+01	8.071387e+02
1.350000e-06	6.825510e-06	1.369144e-08	4.799118e+01	8.129518e+02
1.360000e-06	6.907688e-06	1.378076e-08	4.856899e+01	8.183791e+02
1.370000e-06	6.987318e-06	1.386596e-08	4.912888e+01	8.234845e+02
1.380000e-06	7.064405e-06	1.394868e-08	4.967088e+01	8.283144e+02
1.390000e-06	7.138810e-06	1.402654e-08	5.019404e+01	8.328909e+02
1.400000e-06	7.210557e-06	1.409566e-08	5.069850e+01	8.372129e+02
1.410000e-06	7.279844e-06	1.416009e-08	5.118567e+01	8.412652e+02
1.420000e-06	7.346518e-06	1.422533e-08	5.165446e+01	8.450320e+02
1.430000e-06	7.410517e-06	1.428627e-08	5.210446e+01	8.485087e+02
1.440000e-06	7.472047e-06	1.434031e-08	5.253708e+01	8.517092e+02
1.450000e-06	7.531012e-06	1.438870e-08	5.295167e+01	8.546643e+02
1.460000e-06	7.587240e-06	1.443375e-08	5.334702e+01	8.574132e+02
1.470000e-06	7.640628e-06	1.447750e-08	5.372240e+01	8.599911e+02
1.480000e-06	7.690896e-06	1.451819e-08	5.407584e+01	8.624187e+02
1.490000e-06	7.738128e-06	1.455643e-08	5.440794e+01	8.646968e+02
1.500000e-06	7.782692e-06	1.459268e-08	5.472127e+01	8.668092e+02
1.510000e-06	7.824449e-06	1.462544e-08	5.501487e+01	8.687328e+02
1.520000e-06	7.863335e-06	1.465245e-08	5.528828e+01	8.704497e+02
1.530000e-06	7.899570e-06	1.467472e-08	5.554306e+01	8.719579e+02
1.540000e-06	7.933002e-06	1.469509e-08	5.577813e+01	8.732746e+02
1.550000e-06	7.963595e-06	1.471506e-08	5.599323e+01	8.744322e+02
1.560000e-06	7.991501e-06	1.473274e-08	5.618944e+01	8.754673e+02
1.570000e-06	8.016543e-06	1.474807e-08	5.636551e+01	8.764080e+02
1.580000e-06	8.038702e-06	1.476278e-08	5.652132e+01	8.772643e+02
1.590000e-06	8.058158e-06	1.477544e-08	5.665811e+01	8.780256e+02
1.600000e-06	8.074783e-06	1.478325e-08	5.677501e+01	8.786664e+02
1.610000e-06	8.088442e-06	1.478807e-08	5.687104e+01	8.791585e+02
1.620000e-06	8.098940e-06	1.479260e-08	5.694485e+01	8.794839e+02
1.630000e-06	8.106337e-06	1.479682e-08	5.699687e+01	8.796440e+02
1.640000e-06	8.110936e-06	1.479850e-08	5.702920e+01	8.796612e+02
1.650000e-06	8.112685e-06	1.479418e-08	5.704150e+01	8.795712e+02
1.660000e-06	8.111637e-06	1.479352e-08	5.703413e+01	8.794107e+02
1.670000e-06	8.108051e-06	1.479217e-08	5.700892e+01	8.792030e+02
1.680000e-06	8.101818e-06	1.478804e-08	5.696509e+01	8.789494e+02
1.690000e-06	8.092858e-06	1.478059e-08	5.690209e+01	8.786286e+02
1.700000e-06	8.081125e-06	1.476931e-08	5.681960e+01	8.782051e+02
1.710000e-06	8.066527e-06	1.475674e-08	5.671696e+01	8.776426e+02
1.720000e-06	8.049392e-06	1.473450e-08	5.659648e+01	8.769188e+02
1.730000e-06	8.029988e-06	1.475327e-08	5.646004e+01	8.760342e+02
1.740000e-06	8.007860e-06	1.477936e-08	5.630446e+01	8.750129e+02
1.750000e-06	7.982240e-06	1.473726e-08	5.612432e+01	8.738938e+02
1.760000e-06	7.952892e-06	1.468608e-08	5.591797e+01	8.727169e+02
1.770000e-06	7.920376e-06	1.466525e-08	5.568935e+01	8.715089e+02
1.780000e-06	7.885322e-06	1.463185e-08	5.544288e+01	8.702740e+02
1.790000e-06	7.847912e-06	1.457592e-08	5.517984e+01	8.689931e+02
1.800000e-06	7.808349e-06	1.461057e-08	5.490167e+01	8.676311e+02
1.810000e-06	7.766486e-06	1.454778e-08	5.460732e+01	8.661502e+02
1.820000e-06	7.721973e-06	1.453593e-08	5.429435e+01	8.645228e+02
1.830000e-06	7.674827e-06	1.457413e-08	5.396285e+01	8.627400e+02
1.840000e-06	7.624702e-06	1.447822e-08	5.361042e+01	8.608126e+02
1.850000e-06	7.571545e-06	1.448248e-08	5.323667e+01	8.587639e+02
1.860000e-06	7.515624e-06	1.438982e-08	5.284348e+01	8.566191e+02
1.870000e-06	7.456931e-06	1.437031e-08	5.243079e+01	8.543942e+02
1.880000e-06	7.395632e-06	1.435682e-08	5.199980e+01	8.520894e+02
1.890000e-06	7.331616e-06	1.427385e-08	5.154969e+01	8.496895e+02
1.900000e-06	7.264848e-06	1.429057e-08	5.108023e+01	8.471712e+02
1.910000e-06	7.195342e-06	1.422911e-08	5.059152e+01	8.445122e+02
1.920000e-06	7.123079e-06	1.419648e-08	5.008343e+01	8.417012e+02
1.930000e-06	7.048152e-06	1.410047e-08	4.955661e+01	8.387414e+02
1.940000e-06	6.970486e-06	1.404911e-08	4.901053e+01	8.356489e+02
1.950000e-06	6.890221e-06	1.402814e-08	4.844617e+01	8.324451e+02
1.960000e-06	6.807480e-06	1.394240e-08	4.786441e+01	8.291478e+02
1.970000e-06	6.722315e-06	1.392228e-08	4.726560e+01	8.257629e+02
1.980000e-06	6.634683e-06	1.384269e-08	4.664945e+01	8.222818e+02
1.990000e-06	6.544621e-06	1.379888e-08	4.601621e+01	8.186851e+02
2.000000e-06	6.452336e-06	1.372001e-08	4.536734e+01	8.149494e+02
2.010000e-06	6.357772e-06	1.364484e-08	4.470245e+01	8.110573e+02
2.020000e-06	6.260942e-06	1.358619e-08	4.402162e+01	8.070029e+02
2.030000e-06	6.161816e-06	1.351166e-08	4.332465e+01	8.027939e+02
2.040000e-06	6.060456e-06	1.345821e-08	4.261197e+01	7.984474e+02
2.050000e-06	5.956969e-06	1.336435e-08	4.188434e+01	7.939821e+02
2.060000e-06	5.851381e-06	1.329574e-08	4.114194e+01	7.894098e+02
2.070000e-06	5.743718e-06	1.320669e-08	4.038494e+01	7.847299e+02
2.080000e-06	5.633975e-06	1.313670e-08	3.961332e+01	7.799291e+02
2.090000e-06	5.522154e-06	1.304939e-08	3.882709e+01	7.749858e+02
2.100000e-06	5.408185e-06	1.296074e-08	3.802576e+01	7.698781e+02
2.110000e-06	5.292158e-06	1.287383e-08	3.720995e+01	7.645912e+02
2.120000e-06	5.174128e-06	1.277911e-08	3.638006e+01	7.591225e+02
2.130000e-06	5.054114e-06	1.268161e-08	3.553623e+01	7.534813e+02
2.140000e-06	4.932219e-06	1.257544e-08	3.467917e+01	7.476839e+02
2.150000e-06	4.808530e-06	1.248708e-08	3.380949e+01	7.417464e+02
2.160000e-06	4.683100e-06	1.238658e-08	3.292758e+01	7.356779e+02
2.170000e-06	4.556011e-06	1.229052e-08	3.203400e+01	7.294763e+02
2.180000e-06	4.427293e-06	1.217605e-08	3.112896e+01	7.231291e+02
2.190000e-06	4.297033e-06	1.206889e-08	3.021308e+01	7.166180e+02
2.200000e-06	4.165320e-06	1.195337e-08	2.928699e+01	7.099250e+02
2.210000e-06	4.032063e-06	1.183345e-08	2.835004e+01	7.030382e+02
2.220000e-06	3.897360e-06	1.171083e-08	2.740292e+01	6.959546e+02
2.230000e-06	3.761233e-06	1.158964e-08	2.644579e+01	6.886786e+02
2.240000e-06	3.623662e-06	1.147209e-08	2.547851e+01	6.812178e+02
2.250000e-06	3.484728e-06	1.134100e-08	2.450164e+01	6.735772e+02
2.260000e-06	3.344447e-06	1.121126e-08	2.351530e+01	6.657549e+02
2.270000e-06	3.202910e-06	1.107391e-08	2.252014e+01	6.577401e+02
2.280000e-06	3.060266e-06	1.093862e-08	2.151719e+01	6.495156e+02
2.290000e-06	2.916496e-06	1.079398e-08	2.050632e+01	6.410622e+02
2.300000e-06	2.771585e-06	1.064796e-08	1.948743e+01	6.323633e+02
2.310000e-06	2.625723e-06	1.049767e-08	1.846185e+01	6.234090e+02
2.320000e-06	2.478994e-06	1.034284e-08	1.743018e+01	6.141967e+02
2.330000e-06	2.331382e-06	1.018220e-08	1.639229e+01	6.047283e+02
2.340000e-06	2.182891e-06	1.001454e-08	1.534823e+01	5.950066e+02
2.350000e-06	2.033627e-06	9.846091e-09	1.429874e+01	5.850296e+02
2.360000e-06	1.883686e-06	9.673295e-09	1.324448e+01	5.747884e+02
2.370000e-06	1.733101e-06	9.498312e-09	1.218569e+01	5.642664e+02
2.380000e-06	1.581937e-06	9.316568e-09	1.112284e+01	5.534420e+02
2.390000e-06	1.430250e-06	9.129978e-09	1.005630e+01	5.422923e+02
2.400000e-06	1.278029e-06	8.935890e-09	8.986011e+00	5.307974e+02
2.410000e-06	1.125289e-06	8.733884e-09	7.912077e+00	5.189415e+02
2.420000e-06	9.721177e-07	8.524612e-09	6.835105e+00	5.067123e+02
2.430000e-06	8.185860e-07	8.313486e-09	5.755600e+00	4.940964e+02
2.440000e-06	6.647824e-07	8.096886e-09	4.674184e+00	4.810739e+02
2.450000e-06	5.107882e-07	7.872310e-09	3.591428e+00	4.676126e+02
2.460000e-06	3.566275e-07	7.636553e-09	2.507501e+00	4.536648e+02
2.470000e-06	2.023264e-07	7.391885e-09	1.422587e+00	4.391675e+02
2.480000e-06	4.797353e-08	7.136354e-09	3.373091e-01	4.240464e+02
2.490000e-06	-1.063755e-07	6.867001e-09	-7.479420e-01	4.082240e+02
2.500000e-06	-2.606848e-07	6.586450e-09	-1.832914e+00	3.916282e+02
2.510000e-06	-4.148765e-07	6.294642e-09	-2.917059e+00	3.742008e+02
2.520000e-06	-5.689267e-07	5.992273e-09	-4.000209e+00	3.559027e+02
2.530000e-06	-7.228125e-07	5.670794e-09	-5.082203e+00	3.367142e+02
2.540000e-06	-8.764580e-07	5.331656e-09	-6.162507e+00	3.166285e+02
2.550000e-06	-1.029750e-06	4.976998e-09	-7.240326e+00	2.956408e+02
2.560000e-06	-1.182563e-06	4.608334e-09	-8.314776e+00	2.737330e+02
2.570000e-06	-1.334838e-06	4.222086e-09	-9.385446e+00	2.508586e+02
2.580000e-06	-1.486602e-06	3.819241e-09	-1.045252e+01	2.269307e+02
2.590000e-06	-1.637852e-06	3.400041e-09	-1.151598e+01	2.018177e+02
2.600000e-06	-1.788540e-06	2.958485e-09	-1.257550e+01	1.753491e+02
2.610000e-06	-1.938642e-06	2.488435e-09	-1.363088e+01	1.473326e+02
2.620000e-06	-2.088069e-06	1.986424e-09	-1.468152e+01	1.175813e+02
2.630000e-06	-2.236702e-06	1.454669e-09	-1.572658e+01	8.594542e+01
2.640000e-06	-2.384465e-06	8.924259e-10	-1.676553e+01	5.234567e+01
2.650000e-06	-2.531385e-06	2.963318e-10	-1.779855e+01	1.679951e+01
2.660000e-06	-2.677494e-06	-3.298368e-10	-1.882586e+01	-2.056343e+01
2.670000e-06	-2.822690e-06	-9.798872e-10	-1.984676e+01	-5.950028e+01
2.680000e-06	-2.966822e-06	-1.650832e-09	-2.086017e+01	-9.966822e+01
2.690000e-06	-3.109818e-06	-2.337832e-09	-2.186559e+01	-1.406493e+02
2.700000e-06	-3.251659e-06	-3.034027e-09	-2.286290e+01	-1.819822e+02
2.710000e-06	-3.392186e-06	-3.727262e-09	-2.385096e+01	-2.231951e+02
2.720000e-06	-3.531378e-06	-4.410995e-09	-2.482965e+01	-2.638353e+02
2.730000e-06	-3.669342e-06	-5.079177e-09	-2.579969e+01	-3.034929e+02
2.740000e-06	-3.805971e-06	-5.727072e-09	-2.676035e+01	-3.418170e+02
2.750000e-06	-3.941110e-06	-6.345779e-09	-2.771053e+01	-3.785249e+02
2.760000e-06	-4.074762e-06	-6.930543e-09	-2.865026e+01	-4.134073e+02
2.770000e-06	-4.206956e-06	-7.482751e-09	-2.957974e+01	-4.463290e+02
2.780000e-06	-4.337698e-06	-8.002253e-09	-3.049900e+01	-4.772261e+02
2.790000e-06	-4.467011e-06	-8.489148e-09	-3.140822e+01	-5.061002e+02
2.800000e-06	-4.594768e-06	-8.941682e-09	-3.230650e+01	-5.330084e+02
2.810000e-06	-4.720836e-06	-9.364382e-09	-3.319290e+01	-5.580485e+02
2.820000e-06	-4.845195e-06	-9.762151e-09	-3.406729e+01	-5.813422e+02
2.830000e-06	-4.967870e-06	-1.013362e-08	-3.492984e+01	-6.030176e+02
2.840000e-06	-5.088817e-06	-1.047634e-08	-3.578024e+01	-6.231945e+02
2.850000e-06	-5.207859e-06	-1.079291e-08	-3.661724e+01	-6.419755e+02
2.860000e-06	-5.324797e-06	-1.108711e-08	-3.743944e+01	-6.594447e+02
2.870000e-06	-5.439540e-06	-1.136097e-08	-3.824622e+01	-6.756731e+02
2.880000e-06	-5.552034e-06	-1.161340e-08	-3.903718e+01	-6.907273e+02
2.890000e-06	-5.662412e-06	-1.184657e-08	-3.981326e+01	-7.046786e+02
2.900000e-06	-5.770869e-06	-1.206686e-08	-4.057584e+01	-7.176083e+02
2.910000e-06	-5.877441e-06	-1.227425e-08	-4.132517e+01	-7.296063e+02
2.920000e-06	-5.982026e-06	-1.246253e-08	-4.206052e+01	-7.407642e+02
2.930000e-06	-6.084353e-06	-1.263560e-08	-4.277999e+01	-7.511654e+02
2.940000e-06	-6.184378e-06	-1.279953e-08	-4.348328e+01	-7.608755e+02
2.950000e-06	-6.282291e-06	-1.295557e-08	-4.417173e+01	-7.699387e+02
2.960000e-06	-6.378074e-06	-1.309978e-08	-4.484519e+01	-7.783802e+02
2.970000e-06	-6.471510e-06	-1.323118e-08	-4.550215e+01	-7.862157e+02
2.980000e-06	-6.562611e-06	-1.335423e-08	-4.614270e+01	-7.934631e+02
2.990000e-06	-6.651517e-06	-1.346934e-08	-4.676781e+01	-8.001535e+02
3.000000e-06	-6.738105e-06	-1.357400e-08	-4.737663e+01	-8.063363e+02
3.010000e-06	-6.822214e-06	-1.366876e-08	-4.796800e+01	-8.120757e+02
3.020000e-06	-6.903947e-06	-1.375919e-08	-4.854268e+01	-8.174415e+02
3.030000e-06	-6.983257e-06	-1.384768e-08	-4.910032e+01	-8.224953e+02
3.040000e-06	-7.059820e-06	-1.393103e-08	-4.963865e+01	-8.272795e+02
3.050000e-06	-7.133711e-06	-1.400580e-08	-5.015819e+01	-8.318116e+02
3.060000e-06	-7.205017e-06	-1.407702e-08	-5.065955e+01	-8.360870e+02
3.070000e-06	-7.273630e-06	-1.414622e-08	-5.114198e+01	-8.400897e+02
3.080000e-06	-7.339699e-06	-1.421072e-08	-5.160652e+01	-8.438048e+02
3.090000e-06	-7.403253e-06	-1.426674e-08	-5.205338e+01	-8.472310e+02
3.100000e-06	-7.464146e-06	-1.431874e-08	-5.248153e+01	-8.503854e+02
3.110000e-06	-7.522381e-06	-1.436954e-08	-5.289098e+01	-8.533011e+02
3.120000e-06	-7.577917e-06	-1.441544e-08	-5.328146e+01	-8.560175e+02
3.130000e-06	-7.630551e-06	-1.445706e-08	-5.365154e+01	-8.585680e+02
3.140000e-06	-7.680072e-06	-1.449829e-08	-5.399973e+01	-8.609698e+02
3.150000e-06	-7.726551e-06	-1.454024e-08	-5.432653e+01	-8.632202e+02
3.160000e-06	-7.770484e-06	-1.457824e-08	-5.463543e+01	-8.653009e+02
3.170000e-06	-7.812003e-06	-1.460767e-08	-5.492736e+01	-8.671889e+02
3.180000e-06	-7.850792e-06	-1.463165e-08	-5.520009e+01	-8.688685e+02
3.190000e-06	-7.886748e-06	-1.465745e-08	-5.545290e+01	-8.703411e+02
3.200000e-06	-7.919973e-06	-1.468348e-08	-5.568651e+01	-8.716271e+02
3.210000e-06	-7.950332e-06	-1.470503e-08	-5.589997e+01	-8.727605e+02
3.220000e-06	-7.977767e-06	-1.472248e-08	-5.609287e+01	-8.737775e+02
3.230000e-06	-8.002471e-06	-1.474052e-08	-5.626657e+01	-8.747034e+02
3.240000e-06	-8.024311e-06	-1.475723e-08	-5.642013e+01	-8.755444e+02
3.250000e-06	-8.043274e-06	-1.476711e-08	-5.655346e+01	-8.762866e+02
3.260000e-06	-8.059477e-06	-1.477336e-08	-5.666739e+01	-8.769032e+02
3.270000e-06	-8.072626e-06	-1.478142e-08	-5.675984e+01	-8.773667e+02
3.280000e-06	-8.082727e-06	-1.479074e-08	-5.683086e+01	-8.776622e+02
3.290000e-06	-8.089904e-06	-1.479585e-08	-5.688132e+01	-8.777949e+02
3.300000e-06	-8.094152e-06	-1.479785e-08	-5.691119e+01	-8.777905e+02
3.310000e-06	-8.095682e-06	-1.480019e-08	-5.692195e+01	-8.776859e+02
