# Temperatura_=_65.17
# Concentracion g/m^3_=_11780.0
# C_Vs_to_Am_M_A/Vsm_=_59384043850.047264
# pendiente_HvsI_1/m_=_3716.3
# ordenada_HvsI_A/m_=_1297.0
# frecuencia_Hz_=_301541.9431839242

Tiempo_(s)	Campo_(V.s)	Magnetizacion_(V.s)	Campo_(kA/m)	Magnetizacion_(A/m)
0.000000e+00	-8.069599e-06	-1.452754e-08	-5.691443e+01	-8.621533e+02
1.000000e-08	-8.066274e-06	-1.451978e-08	-5.689098e+01	-8.619734e+02
2.000000e-08	-8.060356e-06	-1.451323e-08	-5.684924e+01	-8.616878e+02
3.000000e-08	-8.051823e-06	-1.450679e-08	-5.678906e+01	-8.612969e+02
4.000000e-08	-8.040426e-06	-1.449914e-08	-5.670868e+01	-8.608044e+02
5.000000e-08	-8.026116e-06	-1.449000e-08	-5.660775e+01	-8.602158e+02
6.000000e-08	-8.008940e-06	-1.448696e-08	-5.648661e+01	-8.595356e+02
7.000000e-08	-7.989273e-06	-1.447884e-08	-5.634790e+01	-8.587662e+02
8.000000e-08	-7.967037e-06	-1.441986e-08	-5.619107e+01	-8.579070e+02
9.000000e-08	-7.941540e-06	-1.438484e-08	-5.601124e+01	-8.569557e+02
1.000000e-07	-7.912726e-06	-1.440355e-08	-5.580802e+01	-8.559106e+02
1.100000e-07	-7.881053e-06	-1.441105e-08	-5.558463e+01	-8.547723e+02
1.200000e-07	-7.846680e-06	-1.438089e-08	-5.534220e+01	-8.535444e+02
1.300000e-07	-7.809856e-06	-1.435038e-08	-5.508248e+01	-8.522323e+02
1.400000e-07	-7.770950e-06	-1.436719e-08	-5.480808e+01	-8.508405e+02
1.500000e-07	-7.729752e-06	-1.431067e-08	-5.451752e+01	-8.493700e+02
1.600000e-07	-7.685741e-06	-1.429276e-08	-5.420711e+01	-8.478161e+02
1.700000e-07	-7.638971e-06	-1.424052e-08	-5.387724e+01	-8.461688e+02
1.800000e-07	-7.589343e-06	-1.417116e-08	-5.352722e+01	-8.444147e+02
1.900000e-07	-7.536571e-06	-1.420642e-08	-5.315502e+01	-8.425407e+02
2.000000e-07	-7.480962e-06	-1.415874e-08	-5.276281e+01	-8.405381e+02
2.100000e-07	-7.422599e-06	-1.411981e-08	-5.235118e+01	-8.384050e+02
2.200000e-07	-7.361532e-06	-1.407051e-08	-5.192048e+01	-8.361466e+02
2.300000e-07	-7.297846e-06	-1.403619e-08	-5.147131e+01	-8.337725e+02
2.400000e-07	-7.231400e-06	-1.402408e-08	-5.100266e+01	-8.312932e+02
2.500000e-07	-7.162291e-06	-1.393965e-08	-5.051524e+01	-8.287160e+02
2.600000e-07	-7.090531e-06	-1.388374e-08	-5.000912e+01	-8.260419e+02
2.700000e-07	-7.015997e-06	-1.385734e-08	-4.948344e+01	-8.232659e+02
2.800000e-07	-6.938730e-06	-1.383764e-08	-4.893848e+01	-8.203784e+02
2.900000e-07	-6.858784e-06	-1.376507e-08	-4.837462e+01	-8.173691e+02
3.000000e-07	-6.776334e-06	-1.368332e-08	-4.779311e+01	-8.142305e+02
3.100000e-07	-6.691618e-06	-1.366027e-08	-4.719561e+01	-8.109600e+02
3.200000e-07	-6.604687e-06	-1.360792e-08	-4.658249e+01	-8.075600e+02
3.300000e-07	-6.515444e-06	-1.354581e-08	-4.595307e+01	-8.040361e+02
3.400000e-07	-6.423842e-06	-1.347042e-08	-4.530700e+01	-8.003940e+02
3.500000e-07	-6.329967e-06	-1.341340e-08	-4.464491e+01	-7.966364e+02
3.600000e-07	-6.233833e-06	-1.336551e-08	-4.396688e+01	-7.927620e+02
3.700000e-07	-6.135363e-06	-1.328462e-08	-4.327238e+01	-7.887653e+02
3.800000e-07	-6.034639e-06	-1.319851e-08	-4.256197e+01	-7.846390e+02
3.900000e-07	-5.931797e-06	-1.312442e-08	-4.183663e+01	-7.803762e+02
4.000000e-07	-5.826781e-06	-1.308057e-08	-4.109597e+01	-7.759726e+02
4.100000e-07	-5.719626e-06	-1.300774e-08	-4.034021e+01	-7.714273e+02
4.200000e-07	-5.610493e-06	-1.291749e-08	-3.957050e+01	-7.667419e+02
4.300000e-07	-5.499400e-06	-1.283122e-08	-3.878696e+01	-7.619182e+02
4.400000e-07	-5.386210e-06	-1.275729e-08	-3.798864e+01	-7.569567e+02
4.500000e-07	-5.270832e-06	-1.267326e-08	-3.717489e+01	-7.518547e+02
4.600000e-07	-5.153363e-06	-1.256939e-08	-3.634638e+01	-7.466071e+02
4.700000e-07	-5.033974e-06	-1.247782e-08	-3.550434e+01	-7.412073e+02
4.800000e-07	-4.912812e-06	-1.239751e-08	-3.464979e+01	-7.356499e+02
4.900000e-07	-4.789859e-06	-1.231253e-08	-3.378261e+01	-7.299322e+02
5.000000e-07	-4.665132e-06	-1.220137e-08	-3.290292e+01	-7.240549e+02
5.100000e-07	-4.538773e-06	-1.209188e-08	-3.201172e+01	-7.180211e+02
5.200000e-07	-4.410844e-06	-1.199429e-08	-3.110944e+01	-7.118340e+02
5.300000e-07	-4.281300e-06	-1.189358e-08	-3.019577e+01	-7.054947e+02
5.400000e-07	-4.150160e-06	-1.177570e-08	-2.927085e+01	-6.990003e+02
5.500000e-07	-4.017554e-06	-1.165604e-08	-2.833558e+01	-6.923434e+02
5.600000e-07	-3.883492e-06	-1.155011e-08	-2.739005e+01	-6.855134e+02
5.700000e-07	-3.747960e-06	-1.144004e-08	-2.643416e+01	-6.784987e+02
5.800000e-07	-3.611104e-06	-1.131428e-08	-2.546892e+01	-6.712888e+02
5.900000e-07	-3.472952e-06	-1.118049e-08	-2.449454e+01	-6.638764e+02
6.000000e-07	-3.333371e-06	-1.105834e-08	-2.351008e+01	-6.562571e+02
6.100000e-07	-3.192372e-06	-1.093583e-08	-2.251562e+01	-6.484288e+02
6.200000e-07	-3.050127e-06	-1.079781e-08	-2.151238e+01	-6.403895e+02
6.300000e-07	-2.906785e-06	-1.065019e-08	-2.050140e+01	-6.321360e+02
6.400000e-07	-2.762352e-06	-1.050611e-08	-1.948272e+01	-6.236629e+02
6.500000e-07	-2.616843e-06	-1.036460e-08	-1.845645e+01	-6.149624e+02
6.600000e-07	-2.470391e-06	-1.021223e-08	-1.742353e+01	-6.060259e+02
6.700000e-07	-2.323095e-06	-1.005399e-08	-1.638466e+01	-5.968442e+02
6.800000e-07	-2.175041e-06	-9.899542e-09	-1.534044e+01	-5.874088e+02
6.900000e-07	-2.026265e-06	-9.746859e-09	-1.429113e+01	-5.777114e+02
7.000000e-07	-1.876795e-06	-9.579552e-09	-1.323693e+01	-5.677432e+02
7.100000e-07	-1.726716e-06	-9.398086e-09	-1.217843e+01	-5.574937e+02
7.200000e-07	-1.576084e-06	-9.214743e-09	-1.111604e+01	-5.469504e+02
7.300000e-07	-1.424899e-06	-9.034943e-09	-1.004973e+01	-5.360991e+02
7.400000e-07	-1.273140e-06	-8.848973e-09	-8.979386e+00	-5.249249e+02
7.500000e-07	-1.120915e-06	-8.651359e-09	-7.905751e+00	-5.134126e+02
7.600000e-07	-9.683333e-07	-8.451961e-09	-6.829601e+00	-5.015473e+02
7.700000e-07	-8.153885e-07	-8.250665e-09	-5.750890e+00	-4.893114e+02
7.800000e-07	-6.621389e-07	-8.040402e-09	-4.670029e+00	-4.766820e+02
7.900000e-07	-5.086626e-07	-7.816224e-09	-3.587569e+00	-4.636255e+02
8.000000e-07	-3.549948e-07	-7.585469e-09	-2.503758e+00	-4.500950e+02
8.100000e-07	-2.011883e-07	-7.350971e-09	-1.418970e+00	-4.360295e+02
8.200000e-07	-4.730630e-08	-7.106126e-09	-3.336487e-01	-4.213568e+02
8.300000e-07	1.066258e-07	-6.844843e-09	7.520257e-01	-4.060013e+02
8.400000e-07	2.605213e-07	-6.568854e-09	1.837442e+00	-3.898938e+02
8.500000e-07	4.142610e-07	-6.284326e-09	2.921760e+00	-3.729803e+02
8.600000e-07	5.678377e-07	-5.985859e-09	4.004928e+00	-3.552283e+02
8.700000e-07	7.212178e-07	-5.669049e-09	5.086709e+00	-3.366261e+02
8.800000e-07	8.743382e-07	-5.338467e-09	6.166659e+00	-3.171760e+02
8.900000e-07	1.027095e-06	-4.999971e-09	7.244048e+00	-2.968801e+02
9.000000e-07	1.179440e-06	-4.649897e-09	8.318524e+00	-2.757249e+02
9.100000e-07	1.331371e-06	-4.279318e-09	9.390089e+00	-2.536658e+02
9.200000e-07	1.482862e-06	-3.886500e-09	1.045855e+01	-2.306175e+02
9.300000e-07	1.633879e-06	-3.475709e-09	1.152366e+01	-2.064530e+02
9.400000e-07	1.784293e-06	-3.046206e-09	1.258452e+01	-1.810121e+02
9.500000e-07	1.934013e-06	-2.590996e-09	1.364049e+01	-1.541186e+02
9.600000e-07	2.083063e-06	-2.108250e-09	1.469173e+01	-1.256030e+02
9.700000e-07	2.231457e-06	-1.599886e-09	1.573835e+01	-9.532837e+01
9.800000e-07	2.379020e-06	-1.062686e-09	1.677910e+01	-6.321391e+01
9.900000e-07	2.525649e-06	-4.893656e-10	1.781326e+01	-2.925465e+01
1.000000e-06	2.671379e-06	1.185260e-10	1.884108e+01	6.465755e+00
1.010000e-06	2.816114e-06	7.521944e-10	1.986190e+01	4.376993e+01
1.020000e-06	2.959820e-06	1.403953e-09	2.087545e+01	8.238971e+01
1.030000e-06	3.102472e-06	2.070645e-09	2.188156e+01	1.219772e+02
1.040000e-06	3.243976e-06	2.748621e-09	2.287959e+01	1.621230e+02
1.050000e-06	3.384234e-06	3.427997e-09	2.386881e+01	2.023812e+02
1.060000e-06	3.523151e-06	4.100287e-09	2.484859e+01	2.422974e+02
1.070000e-06	3.660693e-06	4.759880e-09	2.581866e+01	2.814394e+02
1.080000e-06	3.796889e-06	5.401344e-09	2.677925e+01	3.194246e+02
1.090000e-06	3.931722e-06	6.017346e-09	2.773021e+01	3.559412e+02
1.100000e-06	4.065190e-06	6.603139e-09	2.867156e+01	3.907612e+02
1.110000e-06	4.197267e-06	7.158148e-09	2.960309e+01	4.237424e+02
1.120000e-06	4.327724e-06	7.682679e-09	3.052319e+01	4.548203e+02
1.130000e-06	4.456626e-06	8.176977e-09	3.143234e+01	4.839932e+02
1.140000e-06	4.584004e-06	8.637557e-09	3.233073e+01	5.113033e+02
1.150000e-06	4.709744e-06	9.064851e-09	3.321757e+01	5.368194e+02
1.160000e-06	4.833844e-06	9.462326e-09	3.409283e+01	5.606229e+02
1.170000e-06	4.956172e-06	9.833081e-09	3.495561e+01	5.827994e+02
1.180000e-06	5.076755e-06	1.017724e-08	3.580607e+01	6.034363e+02
1.190000e-06	5.195558e-06	1.049671e-08	3.664399e+01	6.226228e+02
1.200000e-06	5.312350e-06	1.079644e-08	3.746771e+01	6.404513e+02
1.210000e-06	5.426996e-06	1.107734e-08	3.827630e+01	6.570169e+02
1.220000e-06	5.539602e-06	1.134039e-08	3.907051e+01	6.724152e+02
1.230000e-06	5.650240e-06	1.158281e-08	3.985083e+01	6.867374e+02
1.240000e-06	5.758922e-06	1.180519e-08	4.061736e+01	7.000659e+02
1.250000e-06	5.865584e-06	1.201125e-08	4.136964e+01	7.124717e+02
1.260000e-06	5.970097e-06	1.220383e-08	4.210676e+01	7.240139e+02
1.270000e-06	6.072491e-06	1.238317e-08	4.282894e+01	7.347428e+02
1.280000e-06	6.172681e-06	1.254934e-08	4.353557e+01	7.447053e+02
1.290000e-06	6.270551e-06	1.270597e-08	4.422585e+01	7.539490e+02
1.300000e-06	6.366115e-06	1.285402e-08	4.489986e+01	7.625258e+02
1.310000e-06	6.459512e-06	1.298903e-08	4.555858e+01	7.704906e+02
1.320000e-06	6.550698e-06	1.310926e-08	4.620171e+01	7.778991e+02
1.330000e-06	6.639531e-06	1.322048e-08	4.682824e+01	7.848027e+02
1.340000e-06	6.726061e-06	1.332740e-08	4.743853e+01	7.912443e+02
1.350000e-06	6.810288e-06	1.342951e-08	4.803259e+01	7.972571e+02
1.360000e-06	6.892089e-06	1.352335e-08	4.860952e+01	8.028661e+02
1.370000e-06	6.971358e-06	1.361058e-08	4.916860e+01	8.080917e+02
1.380000e-06	7.048026e-06	1.369396e-08	4.970934e+01	8.129552e+02
1.390000e-06	7.122044e-06	1.377226e-08	5.023138e+01	8.174823e+02
1.400000e-06	7.193476e-06	1.384123e-08	5.073519e+01	8.217037e+02
1.410000e-06	7.262374e-06	1.390289e-08	5.122112e+01	8.256529e+02
1.420000e-06	7.328621e-06	1.396412e-08	5.168835e+01	8.293611e+02
1.430000e-06	7.392239e-06	1.402537e-08	5.213705e+01	8.328519e+02
1.440000e-06	7.453450e-06	1.408178e-08	5.256877e+01	8.361374e+02
1.450000e-06	7.512143e-06	1.413164e-08	5.298273e+01	8.392184e+02
1.460000e-06	7.568068e-06	1.418007e-08	5.337716e+01	8.420879e+02
1.470000e-06	7.621040e-06	1.422756e-08	5.375077e+01	8.447369e+02
1.480000e-06	7.670876e-06	1.426938e-08	5.410226e+01	8.471611e+02
1.490000e-06	7.717754e-06	1.430459e-08	5.443289e+01	8.493655e+02
1.500000e-06	7.761913e-06	1.433637e-08	5.474434e+01	8.513648e+02
1.510000e-06	7.803266e-06	1.436674e-08	5.503601e+01	8.531809e+02
1.520000e-06	7.841852e-06	1.439288e-08	5.530815e+01	8.548372e+02
1.530000e-06	7.877754e-06	1.441469e-08	5.556136e+01	8.563526e+02
1.540000e-06	7.910854e-06	1.443670e-08	5.579481e+01	8.577372e+02
1.550000e-06	7.941180e-06	1.446019e-08	5.600870e+01	8.589917e+02
1.560000e-06	7.968795e-06	1.448069e-08	5.620347e+01	8.601095e+02
1.570000e-06	7.993512e-06	1.449657e-08	5.637780e+01	8.610822e+02
1.580000e-06	8.015391e-06	1.450989e-08	5.653211e+01	8.619042e+02
1.590000e-06	8.034567e-06	1.452043e-08	5.666736e+01	8.625768e+02
1.600000e-06	8.050846e-06	1.452658e-08	5.678217e+01	8.631086e+02
1.610000e-06	8.064127e-06	1.452872e-08	5.687584e+01	8.635133e+02
1.620000e-06	8.074376e-06	1.453147e-08	5.694813e+01	8.638058e+02
1.630000e-06	8.081631e-06	1.453712e-08	5.699930e+01	8.639978e+02
1.640000e-06	8.086058e-06	1.454128e-08	5.703052e+01	8.640952e+02
1.650000e-06	8.087615e-06	1.453941e-08	5.704150e+01	8.640982e+02
1.660000e-06	8.086414e-06	1.453972e-08	5.703303e+01	8.640026e+02
1.670000e-06	8.082643e-06	1.453755e-08	5.700644e+01	8.638038e+02
1.680000e-06	8.076181e-06	1.453167e-08	5.696086e+01	8.634990e+02
1.690000e-06	8.067010e-06	1.452214e-08	5.689618e+01	8.630894e+02
1.700000e-06	8.055046e-06	1.450860e-08	5.681179e+01	8.625792e+02
1.710000e-06	8.040270e-06	1.449407e-08	5.670758e+01	8.619737e+02
1.720000e-06	8.023002e-06	1.447222e-08	5.658579e+01	8.612773e+02
1.730000e-06	8.003434e-06	1.450200e-08	5.644777e+01	8.604918e+02
1.740000e-06	7.981096e-06	1.452270e-08	5.629022e+01	8.596161e+02
1.750000e-06	7.955262e-06	1.447576e-08	5.610802e+01	8.586479e+02
1.760000e-06	7.925780e-06	1.443060e-08	5.590009e+01	8.575858e+02
1.770000e-06	7.893209e-06	1.441319e-08	5.567036e+01	8.564310e+02
1.780000e-06	7.858161e-06	1.436703e-08	5.542317e+01	8.551875e+02
1.790000e-06	7.820739e-06	1.433861e-08	5.515924e+01	8.538607e+02
1.800000e-06	7.781124e-06	1.436894e-08	5.487984e+01	8.524547e+02
1.810000e-06	7.739207e-06	1.428308e-08	5.458420e+01	8.509696e+02
1.820000e-06	7.694635e-06	1.430433e-08	5.426983e+01	8.493997e+02
1.830000e-06	7.647403e-06	1.430420e-08	5.393671e+01	8.477342e+02
1.840000e-06	7.597223e-06	1.422799e-08	5.358279e+01	8.459593e+02
1.850000e-06	7.544023e-06	1.423446e-08	5.320758e+01	8.440625e+02
1.860000e-06	7.488001e-06	1.413256e-08	5.281245e+01	8.420364e+02
1.870000e-06	7.429307e-06	1.414616e-08	5.239849e+01	8.398802e+02
1.880000e-06	7.368065e-06	1.410469e-08	5.196655e+01	8.376001e+02
1.890000e-06	7.304040e-06	1.403598e-08	5.151499e+01	8.352063e+02
1.900000e-06	7.237292e-06	1.404466e-08	5.104422e+01	8.327090e+02
1.910000e-06	7.167793e-06	1.397046e-08	5.055405e+01	8.301144e+02
1.920000e-06	7.095501e-06	1.395012e-08	5.004417e+01	8.274224e+02
1.930000e-06	7.020604e-06	1.386223e-08	4.951593e+01	8.246270e+02
1.940000e-06	6.942986e-06	1.382598e-08	4.896850e+01	8.217183e+02
1.950000e-06	6.862778e-06	1.379025e-08	4.840280e+01	8.186861e+02
1.960000e-06	6.780118e-06	1.371499e-08	4.781980e+01	8.155238e+02
1.970000e-06	6.695023e-06	1.369342e-08	4.721963e+01	8.122297e+02
1.980000e-06	6.607479e-06	1.360164e-08	4.660219e+01	8.088069e+02
1.990000e-06	6.517570e-06	1.356342e-08	4.596806e+01	8.052613e+02
2.000000e-06	6.425451e-06	1.348740e-08	4.531835e+01	8.015983e+02
2.010000e-06	6.331006e-06	1.342632e-08	4.465223e+01	7.978199e+02
2.020000e-06	6.234300e-06	1.336589e-08	4.397017e+01	7.939239e+02
2.030000e-06	6.135395e-06	1.329549e-08	4.327260e+01	7.899045e+02
2.040000e-06	6.034249e-06	1.324111e-08	4.255922e+01	7.857540e+02
2.050000e-06	5.930882e-06	1.314757e-08	4.183019e+01	7.814661e+02
2.060000e-06	5.825414e-06	1.307853e-08	4.108632e+01	7.770370e+02
2.070000e-06	5.717918e-06	1.298929e-08	4.032816e+01	7.724663e+02
2.080000e-06	5.608395e-06	1.292392e-08	3.955570e+01	7.677558e+02
2.090000e-06	5.496818e-06	1.284098e-08	3.876875e+01	7.629074e+02
2.100000e-06	5.383093e-06	1.275966e-08	3.796665e+01	7.579208e+02
2.110000e-06	5.267298e-06	1.267317e-08	3.714996e+01	7.527931e+02
2.120000e-06	5.149437e-06	1.257985e-08	3.631869e+01	7.475186e+02
2.130000e-06	5.029580e-06	1.248455e-08	3.547335e+01	7.420908e+02
2.140000e-06	4.907843e-06	1.238300e-08	3.461474e+01	7.365047e+02
2.150000e-06	4.784337e-06	1.229404e-08	3.374367e+01	7.307582e+02
2.160000e-06	4.659183e-06	1.219814e-08	3.286096e+01	7.248525e+02
2.170000e-06	4.532339e-06	1.210377e-08	3.196633e+01	7.187908e+02
2.180000e-06	4.403850e-06	1.199248e-08	3.106011e+01	7.125764e+02
2.190000e-06	4.273808e-06	1.188575e-08	3.014293e+01	7.062095e+02
2.200000e-06	4.142277e-06	1.177250e-08	2.921525e+01	6.996866e+02
2.210000e-06	4.009324e-06	1.165852e-08	2.827754e+01	6.929994e+02
2.220000e-06	3.874985e-06	1.154136e-08	2.733006e+01	6.861371e+02
2.230000e-06	3.739220e-06	1.142401e-08	2.637251e+01	6.790879e+02
2.240000e-06	3.601999e-06	1.130682e-08	2.540470e+01	6.718421e+02
2.250000e-06	3.463379e-06	1.117961e-08	2.442702e+01	6.643928e+02
2.260000e-06	3.323538e-06	1.105021e-08	2.344073e+01	6.567361e+02
2.270000e-06	3.182508e-06	1.091509e-08	2.244606e+01	6.488701e+02
2.280000e-06	3.040229e-06	1.078206e-08	2.144256e+01	6.407926e+02
2.290000e-06	2.896742e-06	1.064308e-08	2.043056e+01	6.325002e+02
2.300000e-06	2.752170e-06	1.050071e-08	1.941090e+01	6.239869e+02
2.310000e-06	2.606668e-06	1.035323e-08	1.838468e+01	6.152448e+02
2.320000e-06	2.460280e-06	1.020104e-08	1.735222e+01	6.062649e+02
2.330000e-06	2.313003e-06	1.004496e-08	1.631348e+01	5.970383e+02
2.340000e-06	2.164901e-06	9.881663e-09	1.526893e+01	5.875565e+02
2.350000e-06	2.016117e-06	9.715960e-09	1.421956e+01	5.778113e+02
2.360000e-06	1.866679e-06	9.547021e-09	1.316559e+01	5.677934e+02
2.370000e-06	1.716573e-06	9.376967e-09	1.210690e+01	5.574922e+02
2.380000e-06	1.565892e-06	9.200955e-09	1.104415e+01	5.468948e+02
2.390000e-06	1.414658e-06	9.016826e-09	9.977507e+00	5.359868e+02
2.400000e-06	1.262806e-06	8.825816e-09	8.906498e+00	5.247530e+02
2.410000e-06	1.110375e-06	8.628819e-09	7.831416e+00	5.131787e+02
2.420000e-06	9.575564e-07	8.427275e-09	6.753592e+00	5.012484e+02
2.430000e-06	8.044820e-07	8.221186e-09	5.673967e+00	4.889440e+02
2.440000e-06	6.511794e-07	8.009174e-09	4.592732e+00	4.762408e+02
2.450000e-06	4.976422e-07	7.789259e-09	3.509843e+00	4.631034e+02
2.460000e-06	3.439230e-07	7.559417e-09	2.425670e+00	4.494820e+02
2.470000e-06	1.901129e-07	7.318875e-09	1.340856e+00	4.353134e+02
2.480000e-06	3.624615e-08	7.066571e-09	2.556421e-01	4.205240e+02
2.490000e-06	-1.176391e-07	6.805333e-09	-8.297018e-01	4.050388e+02
2.500000e-06	-2.714780e-07	6.535892e-09	-1.914719e+00	3.887906e+02
2.510000e-06	-4.251603e-07	6.253916e-09	-2.998632e+00	3.717288e+02
2.520000e-06	-5.786314e-07	5.957134e-09	-4.081056e+00	3.538251e+02
2.530000e-06	-7.318940e-07	5.640484e-09	-5.162008e+00	3.350710e+02
2.540000e-06	-8.849215e-07	5.307086e-09	-6.241302e+00	3.154697e+02
2.550000e-06	-1.037680e-06	4.959133e-09	-7.318701e+00	2.950219e+02
2.560000e-06	-1.190080e-06	4.598268e-09	-8.393566e+00	2.737094e+02
2.570000e-06	-1.342033e-06	4.224308e-09	-9.465283e+00	2.514809e+02
2.580000e-06	-1.493470e-06	3.837020e-09	-1.053336e+01	2.282435e+02
2.590000e-06	-1.644276e-06	3.432132e-09	-1.159699e+01	2.038634e+02
2.600000e-06	-1.794392e-06	3.002488e-09	-1.265575e+01	1.781760e+02
2.610000e-06	-1.943819e-06	2.544953e-09	-1.370965e+01	1.510045e+02
2.620000e-06	-2.092604e-06	2.058290e-09	-1.475902e+01	1.221833e+02
2.630000e-06	-2.240689e-06	1.542484e-09	-1.580345e+01	9.158385e+01
2.640000e-06	-2.388021e-06	9.968736e-10	-1.684258e+01	5.913770e+01
2.650000e-06	-2.534576e-06	4.217194e-10	-1.787622e+01	2.485493e+01
2.660000e-06	-2.680152e-06	-1.807790e-10	-1.890296e+01	-1.116421e+01
2.670000e-06	-2.824763e-06	-8.069640e-10	-1.992290e+01	-4.872567e+01
2.680000e-06	-2.968380e-06	-1.456339e-09	-2.093582e+01	-8.754602e+01
2.690000e-06	-3.110771e-06	-2.123640e-09	-2.194010e+01	-1.272648e+02
2.700000e-06	-3.251962e-06	-2.799054e-09	-2.293591e+01	-1.674643e+02
2.710000e-06	-3.391937e-06	-3.473406e-09	-2.392315e+01	-2.076946e+02
2.720000e-06	-3.530623e-06	-4.142376e-09	-2.490129e+01	-2.475034e+02
2.730000e-06	-3.667996e-06	-4.798723e-09	-2.587017e+01	-2.864653e+02
2.740000e-06	-3.804017e-06	-5.435749e-09	-2.682952e+01	-3.242090e+02
2.750000e-06	-3.938585e-06	-6.045341e-09	-2.777862e+01	-3.604371e+02
2.760000e-06	-4.071685e-06	-6.623972e-09	-2.871737e+01	-3.949370e+02
2.770000e-06	-4.203380e-06	-7.171903e-09	-2.964621e+01	-4.275812e+02
2.780000e-06	-4.333611e-06	-7.688450e-09	-3.056472e+01	-4.583178e+02
2.790000e-06	-4.462368e-06	-8.173660e-09	-3.147284e+01	-4.871541e+02
2.800000e-06	-4.589590e-06	-8.627030e-09	-3.237012e+01	-5.141385e+02
2.810000e-06	-4.715137e-06	-9.052016e-09	-3.325560e+01	-5.393428e+02
2.820000e-06	-4.838993e-06	-9.450256e-09	-3.412915e+01	-5.628496e+02
2.830000e-06	-4.961137e-06	-9.822110e-09	-3.499063e+01	-5.847450e+02
2.840000e-06	-5.081518e-06	-1.016841e-08	-3.583967e+01	-6.051164e+02
2.850000e-06	-5.199962e-06	-1.049158e-08	-3.667504e+01	-6.240538e+02
2.860000e-06	-5.316370e-06	-1.079023e-08	-3.749606e+01	-6.416499e+02
2.870000e-06	-5.430675e-06	-1.106460e-08	-3.830225e+01	-6.580004e+02
2.880000e-06	-5.542758e-06	-1.131691e-08	-3.909276e+01	-6.732002e+02
2.890000e-06	-5.652695e-06	-1.155246e-08	-3.986815e+01	-6.873394e+02
2.900000e-06	-5.760685e-06	-1.177610e-08	-4.062979e+01	-7.004985e+02
2.910000e-06	-5.866759e-06	-1.198589e-08	-4.137792e+01	-7.127463e+02
2.920000e-06	-5.970706e-06	-1.218050e-08	-4.211106e+01	-7.241399e+02
2.930000e-06	-6.072420e-06	-1.236042e-08	-4.282844e+01	-7.347288e+02
2.940000e-06	-6.171967e-06	-1.252708e-08	-4.353054e+01	-7.445595e+02
2.950000e-06	-6.269409e-06	-1.267991e-08	-4.421779e+01	-7.536804e+02
2.960000e-06	-6.364695e-06	-1.281959e-08	-4.488984e+01	-7.621440e+02
2.970000e-06	-6.457700e-06	-1.295159e-08	-4.554580e+01	-7.700057e+02
2.980000e-06	-6.548431e-06	-1.307892e-08	-4.618572e+01	-7.773207e+02
2.990000e-06	-6.636912e-06	-1.319912e-08	-4.680977e+01	-7.841390e+02
3.000000e-06	-6.722999e-06	-1.330965e-08	-4.741694e+01	-7.905021e+02
3.010000e-06	-6.806671e-06	-1.340980e-08	-4.800708e+01	-7.964414e+02
3.020000e-06	-6.888019e-06	-1.350157e-08	-4.858082e+01	-8.019807e+02
3.030000e-06	-6.966830e-06	-1.358649e-08	-4.913666e+01	-8.071402e+02
3.040000e-06	-7.042938e-06	-1.366539e-08	-4.967345e+01	-8.119418e+02
3.050000e-06	-7.116453e-06	-1.374115e-08	-5.019195e+01	-8.164121e+02
3.060000e-06	-7.187340e-06	-1.381464e-08	-5.069191e+01	-8.205826e+02
3.070000e-06	-7.255601e-06	-1.388425e-08	-5.117335e+01	-8.244869e+02
3.080000e-06	-7.321366e-06	-1.394760e-08	-5.163719e+01	-8.281551e+02
3.090000e-06	-7.384618e-06	-1.400428e-08	-5.208330e+01	-8.316088e+02
3.100000e-06	-7.445208e-06	-1.405791e-08	-5.251064e+01	-8.348583e+02
3.110000e-06	-7.503117e-06	-1.410873e-08	-5.291907e+01	-8.379024e+02
3.120000e-06	-7.558304e-06	-1.415480e-08	-5.330830e+01	-8.407332e+02
3.130000e-06	-7.610554e-06	-1.419730e-08	-5.367681e+01	-8.433424e+02
3.140000e-06	-7.659686e-06	-1.423878e-08	-5.402334e+01	-8.457269e+02
3.150000e-06	-7.705847e-06	-1.427902e-08	-5.434891e+01	-8.478935e+02
3.160000e-06	-7.749489e-06	-1.431466e-08	-5.465672e+01	-8.498586e+02
3.170000e-06	-7.790657e-06	-1.434415e-08	-5.494707e+01	-8.516447e+02
3.180000e-06	-7.829078e-06	-1.437140e-08	-5.521805e+01	-8.532749e+02
3.190000e-06	-7.864726e-06	-1.439699e-08	-5.546947e+01	-8.547667e+02
3.200000e-06	-7.897618e-06	-1.441998e-08	-5.570146e+01	-8.561285e+02
3.210000e-06	-7.927653e-06	-1.444150e-08	-5.591330e+01	-8.573593e+02
3.220000e-06	-7.954837e-06	-1.446194e-08	-5.610502e+01	-8.584521e+02
3.230000e-06	-7.979260e-06	-1.448032e-08	-5.627728e+01	-8.593983e+02
3.240000e-06	-8.000831e-06	-1.449421e-08	-5.642942e+01	-8.601935e+02
3.250000e-06	-8.019599e-06	-1.450388e-08	-5.656179e+01	-8.608403e+02
3.260000e-06	-8.035579e-06	-1.451165e-08	-5.667449e+01	-8.613485e+02
3.270000e-06	-8.048456e-06	-1.451901e-08	-5.676531e+01	-8.617324e+02
3.280000e-06	-8.058262e-06	-1.452569e-08	-5.683448e+01	-8.620064e+02
3.290000e-06	-8.065180e-06	-1.453031e-08	-5.688327e+01	-8.621814e+02
3.300000e-06	-8.069255e-06	-1.453510e-08	-5.691201e+01	-8.622624e+02
3.310000e-06	-8.070578e-06	-1.453670e-08	-5.692134e+01	-8.622483e+02
