# Temperatura_=_63.9
# Concentracion g/m^3_=_11780.0
# C_Vs_to_Am_M_A/Vsm_=_59384043850.047264
# pendiente_HvsI_1/m_=_3716.3
# ordenada_HvsI_A/m_=_1297.0
# frecuencia_Hz_=_301541.8739376421

Tiempo_(s)	Campo_(V.s)	Magnetizacion_(V.s)	Campo_(kA/m)	Magnetizacion_(A/m)
0.000000e+00	-8.064671e-06	-1.449276e-08	-5.691496e+01	-8.595657e+02
1.000000e-08	-8.061729e-06	-1.448771e-08	-5.689420e+01	-8.593718e+02
2.000000e-08	-8.056100e-06	-1.447816e-08	-5.685448e+01	-8.590622e+02
3.000000e-08	-8.047807e-06	-1.446853e-08	-5.679595e+01	-8.586475e+02
4.000000e-08	-8.036656e-06	-1.446004e-08	-5.671725e+01	-8.581404e+02
5.000000e-08	-8.022614e-06	-1.444927e-08	-5.661816e+01	-8.575509e+02
6.000000e-08	-8.005732e-06	-1.443869e-08	-5.649901e+01	-8.568829e+02
7.000000e-08	-7.986277e-06	-1.442713e-08	-5.636171e+01	-8.561329e+02
8.000000e-08	-7.964277e-06	-1.439739e-08	-5.620645e+01	-8.552921e+02
9.000000e-08	-7.939124e-06	-1.436640e-08	-5.602894e+01	-8.543508e+02
1.000000e-07	-7.910657e-06	-1.435735e-08	-5.582804e+01	-8.533031e+02
1.100000e-07	-7.879326e-06	-1.435762e-08	-5.560693e+01	-8.521499e+02
1.200000e-07	-7.845294e-06	-1.434330e-08	-5.536675e+01	-8.508992e+02
1.300000e-07	-7.808725e-06	-1.431370e-08	-5.510867e+01	-8.495634e+02
1.400000e-07	-7.770054e-06	-1.430134e-08	-5.483576e+01	-8.481539e+02
1.500000e-07	-7.729185e-06	-1.428286e-08	-5.454733e+01	-8.466765e+02
1.600000e-07	-7.685502e-06	-1.425027e-08	-5.423905e+01	-8.451280e+02
1.700000e-07	-7.638987e-06	-1.420232e-08	-5.391078e+01	-8.434955e+02
1.800000e-07	-7.589661e-06	-1.415253e-08	-5.356267e+01	-8.417604e+02
1.900000e-07	-7.537164e-06	-1.414168e-08	-5.319218e+01	-8.399033e+02
2.000000e-07	-7.481816e-06	-1.412123e-08	-5.280157e+01	-8.379101e+02
2.100000e-07	-7.423778e-06	-1.408357e-08	-5.239198e+01	-8.357765e+02
2.200000e-07	-7.363028e-06	-1.404191e-08	-5.196324e+01	-8.335091e+02
2.300000e-07	-7.299674e-06	-1.400185e-08	-5.151614e+01	-8.311230e+02
2.400000e-07	-7.233551e-06	-1.397367e-08	-5.104948e+01	-8.286370e+02
2.500000e-07	-7.164779e-06	-1.391542e-08	-5.056414e+01	-8.260674e+02
2.600000e-07	-7.093462e-06	-1.384865e-08	-5.006083e+01	-8.234225e+02
2.700000e-07	-7.019407e-06	-1.380889e-08	-4.953820e+01	-8.207002e+02
2.800000e-07	-6.942572e-06	-1.378817e-08	-4.899596e+01	-8.178883e+02
2.900000e-07	-6.863003e-06	-1.374460e-08	-4.843441e+01	-8.149685e+02
3.000000e-07	-6.780881e-06	-1.367038e-08	-4.785485e+01	-8.119216e+02
3.100000e-07	-6.696488e-06	-1.362107e-08	-4.725926e+01	-8.087330e+02
3.200000e-07	-6.609897e-06	-1.357540e-08	-4.664816e+01	-8.053966e+02
3.300000e-07	-6.520992e-06	-1.351253e-08	-4.602073e+01	-8.019158e+02
3.400000e-07	-6.429728e-06	-1.343749e-08	-4.537665e+01	-7.983021e+02
3.500000e-07	-6.336193e-06	-1.337311e-08	-4.471655e+01	-7.945701e+02
3.600000e-07	-6.240364e-06	-1.332478e-08	-4.404025e+01	-7.907330e+02
3.700000e-07	-6.142186e-06	-1.326063e-08	-4.334737e+01	-7.867973e+02
3.800000e-07	-6.041750e-06	-1.318372e-08	-4.263856e+01	-7.827602e+02
3.900000e-07	-5.939162e-06	-1.310693e-08	-4.191457e+01	-7.786100e+02
4.000000e-07	-5.834416e-06	-1.304812e-08	-4.117534e+01	-7.743282e+02
4.100000e-07	-5.727527e-06	-1.298069e-08	-4.042099e+01	-7.698950e+02
4.200000e-07	-5.618645e-06	-1.289364e-08	-3.965258e+01	-7.652942e+02
4.300000e-07	-5.507841e-06	-1.280569e-08	-3.887060e+01	-7.605179e+02
4.400000e-07	-5.394960e-06	-1.272957e-08	-3.807396e+01	-7.555682e+02
4.500000e-07	-5.279897e-06	-1.265441e-08	-3.726193e+01	-7.504564e+02
4.600000e-07	-5.162755e-06	-1.256148e-08	-3.643522e+01	-7.451991e+02
4.700000e-07	-5.043720e-06	-1.246504e-08	-3.559514e+01	-7.398130e+02
4.800000e-07	-4.922827e-06	-1.237604e-08	-3.474197e+01	-7.343090e+02
4.900000e-07	-4.800066e-06	-1.228967e-08	-3.387560e+01	-7.286889e+02
5.000000e-07	-4.675550e-06	-1.218777e-08	-3.299685e+01	-7.229440e+02
5.100000e-07	-4.549458e-06	-1.208067e-08	-3.210698e+01	-7.170574e+02
5.200000e-07	-4.421862e-06	-1.198058e-08	-3.120649e+01	-7.110087e+02
5.300000e-07	-4.292622e-06	-1.188078e-08	-3.029441e+01	-7.047794e+02
5.400000e-07	-4.161718e-06	-1.177006e-08	-2.937058e+01	-6.983575e+02
5.500000e-07	-4.029319e-06	-1.165105e-08	-2.843619e+01	-6.917391e+02
5.600000e-07	-3.895467e-06	-1.153832e-08	-2.749156e+01	-6.849275e+02
5.700000e-07	-3.760146e-06	-1.142815e-08	-2.653655e+01	-6.779291e+02
5.800000e-07	-3.623508e-06	-1.130928e-08	-2.557225e+01	-6.707487e+02
5.900000e-07	-3.485582e-06	-1.118052e-08	-2.459887e+01	-6.633851e+02
6.000000e-07	-3.346207e-06	-1.105479e-08	-2.361526e+01	-6.558302e+02
6.100000e-07	-3.205419e-06	-1.092888e-08	-2.262167e+01	-6.480695e+02
6.200000e-07	-3.063386e-06	-1.079332e-08	-2.161930e+01	-6.400873e+02
6.300000e-07	-2.920224e-06	-1.064859e-08	-2.060895e+01	-6.318707e+02
6.400000e-07	-2.775945e-06	-1.050341e-08	-1.959073e+01	-6.234142e+02
6.500000e-07	-2.630598e-06	-1.036005e-08	-1.856497e+01	-6.147199e+02
6.600000e-07	-2.484297e-06	-1.021169e-08	-1.753248e+01	-6.057949e+02
6.700000e-07	-2.337182e-06	-1.005749e-08	-1.649425e+01	-5.966462e+02
6.800000e-07	-2.189337e-06	-9.901345e-09	-1.545085e+01	-5.872740e+02
6.900000e-07	-2.040735e-06	-9.743315e-09	-1.440212e+01	-5.776673e+02
7.000000e-07	-1.891451e-06	-9.577661e-09	-1.334858e+01	-5.678040e+02
7.100000e-07	-1.741532e-06	-9.403390e-09	-1.229055e+01	-5.576539e+02
7.200000e-07	-1.590987e-06	-9.223520e-09	-1.122810e+01	-5.471860e+02
7.300000e-07	-1.439925e-06	-9.042378e-09	-1.016201e+01	-5.363761e+02
7.400000e-07	-1.288449e-06	-8.856279e-09	-9.092998e+00	-5.252123e+02
7.500000e-07	-1.136536e-06	-8.662053e-09	-8.020901e+00	-5.136949e+02
7.600000e-07	-9.841604e-07	-8.460080e-09	-6.945535e+00	-5.018314e+02
7.700000e-07	-8.313328e-07	-8.252746e-09	-5.866982e+00	-4.896264e+02
7.800000e-07	-6.781006e-07	-8.042055e-09	-4.785573e+00	-4.770708e+02
7.900000e-07	-5.246201e-07	-7.823658e-09	-3.702412e+00	-4.641326e+02
8.000000e-07	-3.710099e-07	-7.596865e-09	-2.618336e+00	-4.507545e+02
8.100000e-07	-2.172689e-07	-7.362226e-09	-1.533336e+00	-4.368581e+02
8.200000e-07	-6.340625e-08	-7.118788e-09	-4.474782e-01	-4.223541e+02
8.300000e-07	9.050543e-08	-6.862177e-09	6.387258e-01	-4.071570e+02
8.400000e-07	2.443864e-07	-6.589976e-09	1.724713e+00	-3.911978e+02
8.500000e-07	3.981503e-07	-6.304363e-09	2.809874e+00	-3.744324e+02
8.600000e-07	5.517340e-07	-6.006544e-09	3.893763e+00	-3.568426e+02
8.700000e-07	7.050771e-07	-5.697064e-09	4.975955e+00	-3.384286e+02
8.800000e-07	8.580989e-07	-5.373004e-09	6.055879e+00	-3.191969e+02
8.900000e-07	1.010719e-06	-5.034895e-09	7.132964e+00	-2.991448e+02
9.000000e-07	1.162902e-06	-4.685044e-09	8.206969e+00	-2.782466e+02
9.100000e-07	1.314667e-06	-4.321059e-09	9.278023e+00	-2.564451e+02
9.200000e-07	1.466053e-06	-3.936468e-09	1.034641e+01	-2.336486e+02
9.300000e-07	1.616983e-06	-3.529594e-09	1.141156e+01	-2.097344e+02
9.400000e-07	1.767383e-06	-3.100669e-09	1.247299e+01	-1.845572e+02
9.500000e-07	1.917236e-06	-2.651122e-09	1.353055e+01	-1.579621e+02
9.600000e-07	2.066374e-06	-2.177573e-09	1.458306e+01	-1.297995e+02
9.700000e-07	2.214653e-06	-1.674001e-09	1.562951e+01	-9.994179e+01
9.800000e-07	2.362162e-06	-1.139761e-09	1.667054e+01	-6.830219e+01
9.900000e-07	2.508916e-06	-5.750381e-10	1.770622e+01	-3.485340e+01
1.000000e-06	2.654715e-06	1.970659e-11	1.873518e+01	3.546750e-01
1.010000e-06	2.799473e-06	6.444703e-10	1.975678e+01	3.718127e+01
1.020000e-06	2.943248e-06	1.291847e-09	2.077145e+01	7.538864e+01
1.030000e-06	3.086010e-06	1.954786e-09	2.177896e+01	1.146465e+02
1.040000e-06	3.227617e-06	2.627633e-09	2.277833e+01	1.545484e+02
1.050000e-06	3.367980e-06	3.304798e-09	2.376892e+01	1.946396e+02
1.060000e-06	3.507014e-06	3.977999e-09	2.475012e+01	2.344519e+02
1.070000e-06	3.644654e-06	4.637978e-09	2.572149e+01	2.735408e+02
1.080000e-06	3.780923e-06	5.276028e-09	2.668319e+01	3.115178e+02
1.090000e-06	3.915833e-06	5.889433e-09	2.763529e+01	3.480723e+02
1.100000e-06	4.049343e-06	6.477235e-09	2.857751e+01	3.829809e+02
1.110000e-06	4.181461e-06	7.035868e-09	2.950991e+01	4.161040e+02
1.120000e-06	4.312077e-06	7.564293e-09	3.043171e+01	4.473727e+02
1.130000e-06	4.441064e-06	8.062106e-09	3.134201e+01	4.767718e+02
1.140000e-06	4.568489e-06	8.528601e-09	3.224129e+01	5.043227e+02
1.150000e-06	4.694365e-06	8.960409e-09	3.312964e+01	5.300711e+02
1.160000e-06	4.818586e-06	9.358179e-09	3.400631e+01	5.540804e+02
1.170000e-06	4.941005e-06	9.728463e-09	3.487026e+01	5.764284e+02
1.180000e-06	5.061635e-06	1.007460e-08	3.572158e+01	5.972066e+02
1.190000e-06	5.180521e-06	1.039738e-08	3.656060e+01	6.165183e+02
1.200000e-06	5.297441e-06	1.069958e-08	3.738574e+01	6.344730e+02
1.210000e-06	5.412234e-06	1.098216e-08	3.819587e+01	6.511801e+02
1.220000e-06	5.524962e-06	1.124790e-08	3.899142e+01	6.667400e+02
1.230000e-06	5.635750e-06	1.149416e-08	3.977329e+01	6.812385e+02
1.240000e-06	5.744603e-06	1.171749e-08	4.054150e+01	6.947450e+02
1.250000e-06	5.851376e-06	1.192214e-08	4.129503e+01	7.073148e+02
1.260000e-06	5.956038e-06	1.211536e-08	4.203367e+01	7.189960e+02
1.270000e-06	6.058590e-06	1.229855e-08	4.275741e+01	7.298371e+02
1.280000e-06	6.158934e-06	1.246725e-08	4.346557e+01	7.398922e+02
1.290000e-06	6.256980e-06	1.262375e-08	4.415751e+01	7.492231e+02
1.300000e-06	6.352741e-06	1.277206e-08	4.483333e+01	7.578960e+02
1.310000e-06	6.446318e-06	1.290930e-08	4.549373e+01	7.659752e+02
1.320000e-06	6.537625e-06	1.303360e-08	4.613811e+01	7.735161e+02
1.330000e-06	6.626578e-06	1.314732e-08	4.676588e+01	7.805607e+02
1.340000e-06	6.713258e-06	1.325582e-08	4.737761e+01	7.871378e+02
1.350000e-06	6.797669e-06	1.335970e-08	4.797333e+01	7.932668e+02
1.360000e-06	6.879673e-06	1.345503e-08	4.855206e+01	7.989651e+02
1.370000e-06	6.959163e-06	1.354182e-08	4.911304e+01	8.042553e+02
1.380000e-06	7.036103e-06	1.362362e-08	4.965603e+01	8.091690e+02
1.390000e-06	7.110359e-06	1.370254e-08	5.018008e+01	8.137467e+02
1.400000e-06	7.181966e-06	1.377499e-08	5.068543e+01	8.180317e+02
1.410000e-06	7.251086e-06	1.384052e-08	5.117324e+01	8.220633e+02
1.420000e-06	7.317632e-06	1.390464e-08	5.164287e+01	8.258686e+02
1.430000e-06	7.381546e-06	1.396798e-08	5.209394e+01	8.294591e+02
1.440000e-06	7.442926e-06	1.402664e-08	5.252711e+01	8.328318e+02
1.450000e-06	7.501727e-06	1.407657e-08	5.294209e+01	8.359749e+02
1.460000e-06	7.557851e-06	1.412199e-08	5.333817e+01	8.388770e+02
1.470000e-06	7.611128e-06	1.416887e-08	5.371416e+01	8.415346e+02
1.480000e-06	7.661272e-06	1.421224e-08	5.406805e+01	8.439568e+02
1.490000e-06	7.708359e-06	1.424981e-08	5.440036e+01	8.461652e+02
1.500000e-06	7.752732e-06	1.428322e-08	5.471351e+01	8.481882e+02
1.510000e-06	7.794353e-06	1.431468e-08	5.500725e+01	8.500534e+02
1.520000e-06	7.833137e-06	1.434256e-08	5.528096e+01	8.517804e+02
1.530000e-06	7.869270e-06	1.436532e-08	5.553596e+01	8.533763e+02
1.540000e-06	7.902695e-06	1.438606e-08	5.577185e+01	8.548364e+02
1.550000e-06	7.933338e-06	1.440838e-08	5.598810e+01	8.561486e+02
1.560000e-06	7.961270e-06	1.443129e-08	5.618523e+01	8.573010e+02
1.570000e-06	7.986311e-06	1.444971e-08	5.636195e+01	8.582876e+02
1.580000e-06	8.008479e-06	1.446303e-08	5.651840e+01	8.591127e+02
1.590000e-06	8.027938e-06	1.447334e-08	5.665573e+01	8.597897e+02
1.600000e-06	8.044504e-06	1.448017e-08	5.677264e+01	8.603372e+02
1.610000e-06	8.058078e-06	1.448362e-08	5.686843e+01	8.607729e+02
1.620000e-06	8.068576e-06	1.448645e-08	5.694252e+01	8.611081e+02
1.630000e-06	8.076057e-06	1.449088e-08	5.699532e+01	8.613456e+02
1.640000e-06	8.080738e-06	1.449533e-08	5.702836e+01	8.614803e+02
1.650000e-06	8.082601e-06	1.449477e-08	5.704150e+01	8.615035e+02
1.660000e-06	8.081731e-06	1.449246e-08	5.703536e+01	8.614081e+02
1.670000e-06	8.078275e-06	1.448956e-08	5.701097e+01	8.611928e+02
1.680000e-06	8.072122e-06	1.448645e-08	5.696755e+01	8.608633e+02
1.690000e-06	8.063271e-06	1.447973e-08	5.690508e+01	8.604310e+02
1.700000e-06	8.051707e-06	1.446814e-08	5.682348e+01	8.599084e+02
1.710000e-06	8.037298e-06	1.445649e-08	5.672179e+01	8.593047e+02
1.720000e-06	8.020295e-06	1.444338e-08	5.660179e+01	8.586223e+02
1.730000e-06	8.000992e-06	1.444368e-08	5.646556e+01	8.578565e+02
1.740000e-06	7.978996e-06	1.445388e-08	5.631033e+01	8.569982e+02
1.750000e-06	7.953573e-06	1.443400e-08	5.613091e+01	8.560380e+02
1.760000e-06	7.924476e-06	1.439525e-08	5.592556e+01	8.549710e+02
1.770000e-06	7.892180e-06	1.436636e-08	5.569764e+01	8.537994e+02
1.780000e-06	7.857312e-06	1.433912e-08	5.545156e+01	8.525324e+02
1.790000e-06	7.820069e-06	1.430524e-08	5.518873e+01	8.511824e+02
1.800000e-06	7.780656e-06	1.429165e-08	5.491058e+01	8.497604e+02
1.810000e-06	7.739049e-06	1.426513e-08	5.461694e+01	8.482707e+02
1.820000e-06	7.694878e-06	1.424673e-08	5.430522e+01	8.467081e+02
1.830000e-06	7.648026e-06	1.424939e-08	5.397457e+01	8.450586e+02
1.840000e-06	7.598221e-06	1.420855e-08	5.362308e+01	8.433029e+02
1.850000e-06	7.545369e-06	1.416993e-08	5.325009e+01	8.414220e+02
1.860000e-06	7.489630e-06	1.411414e-08	5.285672e+01	8.394036e+02
1.870000e-06	7.431171e-06	1.407526e-08	5.244415e+01	8.372451e+02
1.880000e-06	7.370177e-06	1.405019e-08	5.201370e+01	8.349549e+02
1.890000e-06	7.306452e-06	1.399934e-08	5.156397e+01	8.325494e+02
1.900000e-06	7.240027e-06	1.398350e-08	5.109519e+01	8.300473e+02
1.910000e-06	7.170859e-06	1.394604e-08	5.060704e+01	8.274637e+02
1.920000e-06	7.098852e-06	1.389685e-08	5.009887e+01	8.248053e+02
1.930000e-06	7.024241e-06	1.382912e-08	4.957232e+01	8.220679e+02
1.940000e-06	6.946897e-06	1.376379e-08	4.902647e+01	8.192379e+02
1.950000e-06	6.866914e-06	1.373180e-08	4.846201e+01	8.162966e+02
1.960000e-06	6.784527e-06	1.367841e-08	4.788058e+01	8.132251e+02
1.970000e-06	6.699755e-06	1.364077e-08	4.728231e+01	8.100100e+02
1.980000e-06	6.612500e-06	1.358389e-08	4.666653e+01	8.066471e+02
1.990000e-06	6.522821e-06	1.352904e-08	4.603364e+01	8.031414e+02
2.000000e-06	6.430973e-06	1.346344e-08	4.538543e+01	7.995052e+02
2.010000e-06	6.336844e-06	1.338515e-08	4.472113e+01	7.957535e+02
2.020000e-06	6.240410e-06	1.332288e-08	4.404057e+01	7.918983e+02
2.030000e-06	6.141790e-06	1.325402e-08	4.334458e+01	7.879447e+02
2.040000e-06	6.041027e-06	1.319768e-08	4.263346e+01	7.838884e+02
2.050000e-06	5.938005e-06	1.312254e-08	4.190640e+01	7.797159e+02
2.060000e-06	5.832779e-06	1.305174e-08	4.116379e+01	7.754083e+02
2.070000e-06	5.725572e-06	1.297572e-08	4.040719e+01	7.709460e+02
2.080000e-06	5.616317e-06	1.289956e-08	3.963615e+01	7.663140e+02
2.090000e-06	5.504962e-06	1.281951e-08	3.885028e+01	7.615061e+02
2.100000e-06	5.391547e-06	1.272975e-08	3.804987e+01	7.565261e+02
2.110000e-06	5.276122e-06	1.264239e-08	3.723529e+01	7.513868e+02
2.120000e-06	5.158606e-06	1.255035e-08	3.640594e+01	7.461052e+02
2.130000e-06	5.039073e-06	1.246099e-08	3.556235e+01	7.406973e+02
2.140000e-06	4.917705e-06	1.236612e-08	3.470582e+01	7.351726e+02
2.150000e-06	4.794563e-06	1.227570e-08	3.383677e+01	7.295309e+02
2.160000e-06	4.669666e-06	1.218055e-08	3.295533e+01	7.237618e+02
2.170000e-06	4.543074e-06	1.208430e-08	3.206193e+01	7.178476e+02
2.180000e-06	4.414892e-06	1.197865e-08	3.115731e+01	7.117676e+02
2.190000e-06	4.285137e-06	1.187262e-08	3.024158e+01	7.055044e+02
2.200000e-06	4.153873e-06	1.176519e-08	2.931521e+01	6.990473e+02
2.210000e-06	4.021148e-06	1.165254e-08	2.837853e+01	6.923938e+02
2.220000e-06	3.886982e-06	1.153702e-08	2.743168e+01	6.855482e+02
2.230000e-06	3.751362e-06	1.141671e-08	2.647456e+01	6.785168e+02
2.240000e-06	3.614331e-06	1.129726e-08	2.550749e+01	6.713037e+02
2.250000e-06	3.475941e-06	1.117189e-08	2.453083e+01	6.639066e+02
2.260000e-06	3.336310e-06	1.104497e-08	2.354541e+01	6.563159e+02
2.270000e-06	3.195465e-06	1.091400e-08	2.255142e+01	6.485166e+02
2.280000e-06	3.053343e-06	1.078174e-08	2.154842e+01	6.404931e+02
2.290000e-06	2.910031e-06	1.064424e-08	2.053702e+01	6.322337e+02
2.300000e-06	2.765657e-06	1.049969e-08	1.951812e+01	6.237341e+02
2.310000e-06	2.620358e-06	1.034953e-08	1.849271e+01	6.149978e+02
2.320000e-06	2.474134e-06	1.019676e-08	1.746076e+01	6.060323e+02
2.330000e-06	2.327041e-06	1.004289e-08	1.642268e+01	5.968437e+02
2.340000e-06	2.179173e-06	9.884595e-09	1.537912e+01	5.874306e+02
2.350000e-06	2.030506e-06	9.721500e-09	1.432993e+01	5.777798e+02
2.360000e-06	1.881112e-06	9.554899e-09	1.327561e+01	5.678675e+02
2.370000e-06	1.731086e-06	9.383903e-09	1.221683e+01	5.576625e+02
2.380000e-06	1.580510e-06	9.206138e-09	1.115417e+01	5.471348e+02
2.390000e-06	1.429419e-06	9.021126e-09	1.008787e+01	5.362620e+02
2.400000e-06	1.277793e-06	8.830863e-09	9.017793e+00	5.250345e+02
2.410000e-06	1.125638e-06	8.636670e-09	7.943989e+00	5.134546e+02
2.420000e-06	9.730011e-07	8.436566e-09	6.866780e+00	5.015298e+02
2.430000e-06	8.199807e-07	8.232623e-09	5.786866e+00	4.892632e+02
2.440000e-06	6.666962e-07	8.022416e-09	4.705089e+00	4.766421e+02
2.450000e-06	5.132222e-07	7.804355e-09	3.621973e+00	4.636300e+02
2.460000e-06	3.595519e-07	7.576584e-09	2.537473e+00	4.501655e+02
2.470000e-06	2.057314e-07	7.339858e-09	1.451912e+00	4.361669e+02
2.480000e-06	5.186051e-08	7.093248e-09	3.659963e-01	4.215449e+02
2.490000e-06	-1.020399e-07	6.834953e-09	-7.201284e-01	4.062160e+02
2.500000e-06	-2.558882e-07	6.566416e-09	-1.805885e+00	3.901150e+02
2.510000e-06	-4.095857e-07	6.285399e-09	-2.890578e+00	3.732029e+02
2.520000e-06	-5.631006e-07	5.990723e-09	-3.973981e+00	3.554653e+02
2.530000e-06	-7.164004e-07	5.677895e-09	-5.055867e+00	3.369047e+02
2.540000e-06	-8.694486e-07	5.347759e-09	-6.135977e+00	3.175270e+02
2.550000e-06	-1.022132e-06	5.004976e-09	-7.213513e+00	2.973263e+02
2.560000e-06	-1.174409e-06	4.649166e-09	-8.288179e+00	2.762718e+02
2.570000e-06	-1.326261e-06	4.278466e-09	-9.359850e+00	2.543001e+02
2.580000e-06	-1.477574e-06	3.893856e-09	-1.042771e+01	2.313136e+02
2.590000e-06	-1.628321e-06	3.493393e-09	-1.149158e+01	2.071847e+02
2.600000e-06	-1.778507e-06	3.069739e-09	-1.255150e+01	1.817656e+02
2.610000e-06	-1.928025e-06	2.617691e-09	-1.360669e+01	1.549010e+02
2.620000e-06	-2.076751e-06	2.136092e-09	-1.465630e+01	1.264439e+02
2.630000e-06	-2.224678e-06	1.626687e-09	-1.570026e+01	9.627268e+01
2.640000e-06	-2.371901e-06	1.090155e-09	-1.673926e+01	6.430981e+01
2.650000e-06	-2.518386e-06	5.242773e-10	-1.777305e+01	3.054052e+01
2.660000e-06	-2.663969e-06	-6.985319e-11	-1.880048e+01	-4.969873e+00
2.670000e-06	-2.808544e-06	-6.892199e-10	-1.982080e+01	-4.206347e+01
2.680000e-06	-2.952054e-06	-1.332021e-09	-2.083359e+01	-8.048533e+01
2.690000e-06	-3.094457e-06	-1.992839e-09	-2.183857e+01	-1.198900e+02
2.700000e-06	-3.235619e-06	-2.664556e-09	-2.283480e+01	-1.598602e+02
2.710000e-06	-3.375485e-06	-3.337518e-09	-2.382188e+01	-1.999359e+02
2.720000e-06	-3.514087e-06	-4.004599e-09	-2.480004e+01	-2.396506e+02
2.730000e-06	-3.651488e-06	-4.660513e-09	-2.576972e+01	-2.785676e+02
2.740000e-06	-3.787605e-06	-5.299129e-09	-2.673034e+01	-3.163111e+02
2.750000e-06	-3.922287e-06	-5.910315e-09	-2.768084e+01	-3.525858e+02
2.760000e-06	-4.055482e-06	-6.490178e-09	-2.862084e+01	-3.871837e+02
2.770000e-06	-4.187275e-06	-7.039634e-09	-2.955094e+01	-4.199791e+02
2.780000e-06	-4.317686e-06	-7.559252e-09	-3.047129e+01	-4.509141e+02
2.790000e-06	-4.446592e-06	-8.049825e-09	-3.138102e+01	-4.799809e+02
2.800000e-06	-4.573950e-06	-8.508569e-09	-3.227983e+01	-5.072062e+02
2.810000e-06	-4.699612e-06	-8.936970e-09	-3.316667e+01	-5.326392e+02
2.820000e-06	-4.823633e-06	-9.338202e-09	-3.404193e+01	-5.563459e+02
2.830000e-06	-4.946008e-06	-9.713830e-09	-3.490556e+01	-5.784067e+02
2.840000e-06	-5.066514e-06	-1.006364e-08	-3.575601e+01	-5.989154e+02
2.850000e-06	-5.185009e-06	-1.038836e-08	-3.659227e+01	-6.179768e+02
2.860000e-06	-5.301404e-06	-1.068852e-08	-3.741370e+01	-6.357011e+02
2.870000e-06	-5.415727e-06	-1.096626e-08	-3.822052e+01	-6.521965e+02
2.880000e-06	-5.527885e-06	-1.122248e-08	-3.901205e+01	-6.675613e+02
2.890000e-06	-5.637951e-06	-1.146041e-08	-3.978882e+01	-6.818783e+02
2.900000e-06	-5.746115e-06	-1.168650e-08	-4.055217e+01	-6.952139e+02
2.910000e-06	-5.852356e-06	-1.189967e-08	-4.130195e+01	-7.076218e+02
2.920000e-06	-5.956591e-06	-1.209643e-08	-4.203757e+01	-7.191496e+02
2.930000e-06	-6.058571e-06	-1.227933e-08	-4.275727e+01	-7.298463e+02
2.940000e-06	-6.158310e-06	-1.244926e-08	-4.346116e+01	-7.397675e+02
2.950000e-06	-6.255945e-06	-1.260459e-08	-4.415021e+01	-7.489763e+02
2.960000e-06	-6.351363e-06	-1.274626e-08	-4.482360e+01	-7.575388e+02
2.970000e-06	-6.444471e-06	-1.287870e-08	-4.548070e+01	-7.655184e+02
2.980000e-06	-6.535320e-06	-1.300611e-08	-4.612185e+01	-7.729681e+02
2.990000e-06	-6.623978e-06	-1.312747e-08	-4.674753e+01	-7.799278e+02
3.000000e-06	-6.710268e-06	-1.324121e-08	-4.735651e+01	-7.864238e+02
3.010000e-06	-6.794101e-06	-1.334632e-08	-4.794814e+01	-7.924747e+02
3.020000e-06	-6.875599e-06	-1.344276e-08	-4.852331e+01	-7.980984e+02
3.030000e-06	-6.954629e-06	-1.353025e-08	-4.908105e+01	-8.033190e+02
3.040000e-06	-7.030934e-06	-1.360894e-08	-4.961955e+01	-8.081698e+02
3.050000e-06	-7.104600e-06	-1.368218e-08	-5.013944e+01	-8.126922e+02
3.060000e-06	-7.175675e-06	-1.375381e-08	-5.064104e+01	-8.169296e+02
3.070000e-06	-7.244140e-06	-1.382354e-08	-5.112421e+01	-8.209194e+02
3.080000e-06	-7.310094e-06	-1.388920e-08	-5.158967e+01	-8.246862e+02
3.090000e-06	-7.373539e-06	-1.394987e-08	-5.203742e+01	-8.282386e+02
3.100000e-06	-7.434341e-06	-1.400680e-08	-5.246652e+01	-8.315714e+02
3.110000e-06	-7.492450e-06	-1.405917e-08	-5.287662e+01	-8.346724e+02
3.120000e-06	-7.547849e-06	-1.410558e-08	-5.326759e+01	-8.375310e+02
3.130000e-06	-7.600373e-06	-1.414721e-08	-5.363827e+01	-8.401457e+02
3.140000e-06	-7.649845e-06	-1.418578e-08	-5.398740e+01	-8.425281e+02
3.150000e-06	-7.696282e-06	-1.422417e-08	-5.431513e+01	-8.447014e+02
3.160000e-06	-7.740114e-06	-1.426134e-08	-5.462446e+01	-8.466945e+02
3.170000e-06	-7.781501e-06	-1.429400e-08	-5.491655e+01	-8.485341e+02
3.180000e-06	-7.820163e-06	-1.432220e-08	-5.518940e+01	-8.502378e+02
3.190000e-06	-7.856050e-06	-1.434771e-08	-5.544266e+01	-8.518103e+02
3.200000e-06	-7.889284e-06	-1.437222e-08	-5.567721e+01	-8.532451e+02
3.210000e-06	-7.919668e-06	-1.439608e-08	-5.589163e+01	-8.545298e+02
3.220000e-06	-7.947110e-06	-1.441703e-08	-5.608530e+01	-8.556529e+02
3.230000e-06	-7.971819e-06	-1.443428e-08	-5.625968e+01	-8.566103e+02
3.240000e-06	-7.993734e-06	-1.444830e-08	-5.641434e+01	-8.574080e+02
3.250000e-06	-8.012815e-06	-1.445818e-08	-5.654900e+01	-8.580607e+02
3.260000e-06	-8.029020e-06	-1.446560e-08	-5.666336e+01	-8.585872e+02
3.270000e-06	-8.042093e-06	-1.447304e-08	-5.675563e+01	-8.590045e+02
3.280000e-06	-8.052146e-06	-1.448167e-08	-5.682658e+01	-8.593226e+02
3.290000e-06	-8.059361e-06	-1.448813e-08	-5.687749e+01	-8.595425e+02
3.300000e-06	-8.063711e-06	-1.449246e-08	-5.690819e+01	-8.596581e+02
3.310000e-06	-8.065310e-06	-1.449478e-08	-5.691947e+01	-8.596608e+02
