# Temperatura_=_58.55
# Concentracion g/m^3_=_11780.0
# C_Vs_to_Am_M_A/Vsm_=_59384043850.047264
# pendiente_HvsI_1/m_=_3716.3
# ordenada_HvsI_A/m_=_1297.0
# frecuencia_Hz_=_301545.41855916305

Tiempo_(s)	Campo_(V.s)	Magnetizacion_(V.s)	Campo_(kA/m)	Magnetizacion_(A/m)
0.000000e+00	-8.171858e-06	-1.440351e-08	-5.691105e+01	-8.543279e+02
1.000000e-08	-8.168442e-06	-1.439453e-08	-5.688726e+01	-8.541414e+02
2.000000e-08	-8.162341e-06	-1.438695e-08	-5.684477e+01	-8.538644e+02
3.000000e-08	-8.153582e-06	-1.437834e-08	-5.678377e+01	-8.535036e+02
4.000000e-08	-8.141938e-06	-1.437049e-08	-5.670268e+01	-8.530590e+02
5.000000e-08	-8.127312e-06	-1.436273e-08	-5.660082e+01	-8.525233e+02
6.000000e-08	-8.109857e-06	-1.436439e-08	-5.647926e+01	-8.518845e+02
7.000000e-08	-8.089872e-06	-1.436082e-08	-5.634008e+01	-8.511308e+02
8.000000e-08	-8.067168e-06	-1.426853e-08	-5.618196e+01	-8.502565e+02
9.000000e-08	-8.041130e-06	-1.422832e-08	-5.600062e+01	-8.492654e+02
1.000000e-07	-8.011808e-06	-1.428426e-08	-5.579642e+01	-8.481711e+02
1.100000e-07	-7.979677e-06	-1.430010e-08	-5.557265e+01	-8.469934e+02
1.200000e-07	-7.944847e-06	-1.425074e-08	-5.533008e+01	-8.457512e+02
1.300000e-07	-7.907530e-06	-1.420932e-08	-5.507019e+01	-8.444557e+02
1.400000e-07	-7.868051e-06	-1.426821e-08	-5.479525e+01	-8.431050e+02
1.500000e-07	-7.826129e-06	-1.419501e-08	-5.450330e+01	-8.416837e+02
1.600000e-07	-7.781302e-06	-1.416959e-08	-5.419111e+01	-8.401671e+02
1.700000e-07	-7.733695e-06	-1.411630e-08	-5.385956e+01	-8.385288e+02
1.800000e-07	-7.683147e-06	-1.400446e-08	-5.350753e+01	-8.367498e+02
1.900000e-07	-7.629478e-06	-1.409544e-08	-5.313377e+01	-8.348245e+02
2.000000e-07	-7.573025e-06	-1.404697e-08	-5.274061e+01	-8.327631e+02
2.100000e-07	-7.513860e-06	-1.398005e-08	-5.232857e+01	-8.305873e+02
2.200000e-07	-7.452015e-06	-1.393651e-08	-5.189786e+01	-8.283229e+02
2.300000e-07	-7.387431e-06	-1.390480e-08	-5.144808e+01	-8.259899e+02
2.400000e-07	-7.320017e-06	-1.391543e-08	-5.097860e+01	-8.235954e+02
2.500000e-07	-7.249930e-06	-1.379603e-08	-5.049049e+01	-8.211305e+02
2.600000e-07	-7.177143e-06	-1.373398e-08	-4.998358e+01	-8.185731e+02
2.700000e-07	-7.101554e-06	-1.372500e-08	-4.945716e+01	-8.158953e+02
2.800000e-07	-7.023170e-06	-1.373130e-08	-4.891127e+01	-8.130726e+02
2.900000e-07	-6.942133e-06	-1.364891e-08	-4.834691e+01	-8.100921e+02
3.000000e-07	-6.858702e-06	-1.353303e-08	-4.776587e+01	-8.069556e+02
3.100000e-07	-6.772993e-06	-1.354073e-08	-4.716897e+01	-8.036783e+02
3.200000e-07	-6.684924e-06	-1.349065e-08	-4.655564e+01	-8.002822e+02
3.300000e-07	-6.594440e-06	-1.341677e-08	-4.592548e+01	-7.967879e+02
3.400000e-07	-6.501709e-06	-1.332549e-08	-4.527967e+01	-7.932068e+02
3.500000e-07	-6.406656e-06	-1.327653e-08	-4.461770e+01	-7.895378e+02
3.600000e-07	-6.309114e-06	-1.324914e-08	-4.393839e+01	-7.857684e+02
3.700000e-07	-6.209234e-06	-1.316618e-08	-4.324280e+01	-7.818798e+02
3.800000e-07	-6.107162e-06	-1.307478e-08	-4.253194e+01	-7.778537e+02
3.900000e-07	-6.002884e-06	-1.299525e-08	-4.180572e+01	-7.736794e+02
4.000000e-07	-5.896391e-06	-1.297057e-08	-4.106407e+01	-7.693555e+02
4.100000e-07	-5.787812e-06	-1.289192e-08	-4.030790e+01	-7.648897e+02
4.200000e-07	-5.677224e-06	-1.278907e-08	-3.953773e+01	-7.602934e+02
4.300000e-07	-5.564523e-06	-1.270233e-08	-3.875286e+01	-7.555760e+02
4.400000e-07	-5.449594e-06	-1.264410e-08	-3.795246e+01	-7.507397e+02
4.500000e-07	-5.332569e-06	-1.256974e-08	-3.713746e+01	-7.457780e+02
4.600000e-07	-5.213583e-06	-1.245744e-08	-3.630882e+01	-7.406774e+02
4.700000e-07	-5.092635e-06	-1.236378e-08	-3.546650e+01	-7.354226e+02
4.800000e-07	-4.969848e-06	-1.229167e-08	-3.461138e+01	-7.300016e+02
4.900000e-07	-4.845293e-06	-1.221632e-08	-3.374394e+01	-7.244101e+02
5.000000e-07	-4.718986e-06	-1.209567e-08	-3.286430e+01	-7.186523e+02
5.100000e-07	-4.590987e-06	-1.198578e-08	-3.197289e+01	-7.127379e+02
5.200000e-07	-4.461347e-06	-1.189693e-08	-3.107004e+01	-7.066770e+02
5.300000e-07	-4.330028e-06	-1.180329e-08	-3.015550e+01	-7.004745e+02
5.400000e-07	-4.197189e-06	-1.168160e-08	-2.923037e+01	-6.941260e+02
5.500000e-07	-4.062954e-06	-1.156141e-08	-2.829552e+01	-6.876177e+02
5.600000e-07	-3.927177e-06	-1.146407e-08	-2.734993e+01	-6.809298e+02
5.700000e-07	-3.789794e-06	-1.135909e-08	-2.639316e+01	-6.740413e+02
5.800000e-07	-3.650948e-06	-1.122991e-08	-2.542619e+01	-6.669367e+02
5.900000e-07	-3.510739e-06	-1.109090e-08	-2.444975e+01	-6.596096e+02
6.000000e-07	-3.369097e-06	-1.097406e-08	-2.346331e+01	-6.520634e+02
6.100000e-07	-3.226083e-06	-1.085561e-08	-2.246732e+01	-6.443084e+02
6.200000e-07	-3.081851e-06	-1.071579e-08	-2.146285e+01	-6.363563e+02
6.300000e-07	-2.936557e-06	-1.056715e-08	-2.045098e+01	-6.282145e+02
6.400000e-07	-2.790279e-06	-1.043253e-08	-1.943226e+01	-6.198818e+02
6.500000e-07	-2.643094e-06	-1.029952e-08	-1.840723e+01	-6.113471e+02
6.600000e-07	-2.495070e-06	-1.014718e-08	-1.737635e+01	-6.025910e+02
6.700000e-07	-2.346183e-06	-9.987532e-09	-1.633946e+01	-5.935904e+02
6.800000e-07	-2.196450e-06	-9.836338e-09	-1.529667e+01	-5.843229e+02
6.900000e-07	-2.045858e-06	-9.688011e-09	-1.424792e+01	-5.747710e+02
7.000000e-07	-1.894464e-06	-9.520220e-09	-1.319357e+01	-5.649232e+02
7.100000e-07	-1.742448e-06	-9.338352e-09	-1.213488e+01	-5.547736e+02
7.200000e-07	-1.589844e-06	-9.160467e-09	-1.107211e+01	-5.443187e+02
7.300000e-07	-1.436622e-06	-8.988305e-09	-1.000503e+01	-5.335542e+02
7.400000e-07	-1.282785e-06	-8.802170e-09	-8.933665e+00	-5.224719e+02
7.500000e-07	-1.128396e-06	-8.601580e-09	-7.858460e+00	-5.110580e+02
7.600000e-07	-9.736220e-07	-8.403406e-09	-6.780569e+00	-4.992924e+02
7.700000e-07	-8.185443e-07	-8.206477e-09	-5.700566e+00	-4.871490e+02
7.800000e-07	-6.632279e-07	-7.997338e-09	-4.618900e+00	-4.745959e+02
7.900000e-07	-5.077101e-07	-7.771780e-09	-3.535832e+00	-4.615947e+02
8.000000e-07	-3.520208e-07	-7.544435e-09	-2.451569e+00	-4.481001e+02
8.100000e-07	-1.962190e-07	-7.315534e-09	-1.366523e+00	-4.340591e+02
8.200000e-07	-4.031957e-08	-7.071724e-09	-2.807965e-01	-4.194124e+02
8.300000e-07	1.156329e-07	-6.806149e-09	8.052989e-01	-4.040964e+02
8.400000e-07	2.715566e-07	-6.529113e-09	1.891194e+00	-3.880489e+02
8.500000e-07	4.273741e-07	-6.247687e-09	2.976350e+00	-3.712145e+02
8.600000e-07	5.830363e-07	-5.951866e-09	4.060424e+00	-3.535502e+02
8.700000e-07	7.384693e-07	-5.636889e-09	5.142902e+00	-3.350278e+02
8.800000e-07	8.936622e-07	-5.309224e-09	6.223707e+00	-3.156319e+02
8.900000e-07	1.048565e-06	-4.973955e-09	7.302495e+00	-2.953523e+02
9.000000e-07	1.203070e-06	-4.623206e-09	8.378508e+00	-2.741726e+02
9.100000e-07	1.357162e-06	-4.247570e-09	9.451643e+00	-2.520563e+02
9.200000e-07	1.510746e-06	-3.849974e-09	1.052125e+01	-2.289351e+02
9.300000e-07	1.663666e-06	-3.439311e-09	1.158622e+01	-2.047020e+02
9.400000e-07	1.815955e-06	-3.011191e-09	1.264681e+01	-1.792136e+02
9.500000e-07	1.967592e-06	-2.556372e-09	1.370285e+01	-1.523023e+02
9.600000e-07	2.118436e-06	-2.075171e-09	1.475337e+01	-1.237971e+02
9.700000e-07	2.268422e-06	-1.568528e-09	1.579791e+01	-9.355189e+01
9.800000e-07	2.417537e-06	-1.031315e-09	1.683639e+01	-6.147433e+01
9.900000e-07	2.565817e-06	-4.564348e-10	1.786905e+01	-2.755222e+01
1.000000e-06	2.713251e-06	1.524908e-10	1.889582e+01	8.128388e+00
1.010000e-06	2.859791e-06	7.836185e-10	1.991637e+01	4.537658e+01
1.020000e-06	3.005301e-06	1.432791e-09	2.092973e+01	8.390251e+01
1.030000e-06	3.149680e-06	2.097495e-09	2.193523e+01	1.233351e+02
1.040000e-06	3.292891e-06	2.772465e-09	2.293259e+01	1.632486e+02
1.050000e-06	3.434868e-06	3.446317e-09	2.392136e+01	2.031936e+02
1.060000e-06	3.575608e-06	4.112225e-09	2.490151e+01	2.427283e+02
1.070000e-06	3.715065e-06	4.764426e-09	2.587272e+01	2.814461e+02
1.080000e-06	3.853100e-06	5.397226e-09	2.683404e+01	3.189956e+02
1.090000e-06	3.989637e-06	6.005080e-09	2.778492e+01	3.550934e+02
1.100000e-06	4.124634e-06	6.583351e-09	2.872508e+01	3.895287e+02
1.110000e-06	4.258137e-06	7.132845e-09	2.965483e+01	4.221614e+02
1.120000e-06	4.390187e-06	7.654047e-09	3.057446e+01	4.529152e+02
1.130000e-06	4.520706e-06	8.143583e-09	3.148343e+01	4.817693e+02
1.140000e-06	4.649589e-06	8.596703e-09	3.238101e+01	5.087478e+02
1.150000e-06	4.776752e-06	9.017672e-09	3.326661e+01	5.339098e+02
1.160000e-06	4.902213e-06	9.409101e-09	3.414035e+01	5.573399e+02
1.170000e-06	5.026058e-06	9.773699e-09	3.500284e+01	5.791390e+02
1.180000e-06	5.148188e-06	1.010965e-08	3.585338e+01	5.994159e+02
1.190000e-06	5.268392e-06	1.042215e-08	3.669052e+01	6.182793e+02
1.200000e-06	5.386585e-06	1.071825e-08	3.751365e+01	6.358324e+02
1.210000e-06	5.502801e-06	1.099633e-08	3.832301e+01	6.521686e+02
1.220000e-06	5.616973e-06	1.125454e-08	3.911813e+01	6.673698e+02
1.230000e-06	5.728987e-06	1.149319e-08	3.989823e+01	6.815078e+02
1.240000e-06	5.838874e-06	1.171301e-08	4.066351e+01	6.946470e+02
1.250000e-06	5.946725e-06	1.191483e-08	4.141461e+01	7.068484e+02
1.260000e-06	6.052464e-06	1.210176e-08	4.215101e+01	7.181725e+02
1.270000e-06	6.155976e-06	1.227488e-08	4.287189e+01	7.286812e+02
1.280000e-06	6.257267e-06	1.243705e-08	4.357732e+01	7.384373e+02
1.290000e-06	6.356291e-06	1.258920e-08	4.426694e+01	7.475020e+02
1.300000e-06	6.452991e-06	1.273365e-08	4.494039e+01	7.559322e+02
1.310000e-06	6.547343e-06	1.286899e-08	4.559748e+01	7.637776e+02
1.320000e-06	6.639451e-06	1.299154e-08	4.623895e+01	7.710798e+02
1.330000e-06	6.729276e-06	1.310212e-08	4.686451e+01	7.778737e+02
1.340000e-06	6.816659e-06	1.320436e-08	4.747308e+01	7.841901e+02
1.350000e-06	6.901673e-06	1.330009e-08	4.806513e+01	7.900596e+02
1.360000e-06	6.984364e-06	1.338985e-08	4.864102e+01	7.955152e+02
1.370000e-06	7.064556e-06	1.347406e-08	4.919949e+01	8.005936e+02
1.380000e-06	7.142075e-06	1.355349e-08	4.973936e+01	8.053332e+02
1.390000e-06	7.216867e-06	1.363004e-08	5.026023e+01	8.097715e+02
1.400000e-06	7.288989e-06	1.370019e-08	5.076250e+01	8.139400e+02
1.410000e-06	7.358556e-06	1.376429e-08	5.124699e+01	8.178615e+02
1.420000e-06	7.425542e-06	1.382617e-08	5.171350e+01	8.215491e+02
1.430000e-06	7.489837e-06	1.388482e-08	5.216127e+01	8.250072e+02
1.440000e-06	7.551509e-06	1.393850e-08	5.259077e+01	8.282363e+02
1.450000e-06	7.610638e-06	1.398682e-08	5.300256e+01	8.312368e+02
1.460000e-06	7.667086e-06	1.403216e-08	5.339568e+01	8.340136e+02
1.470000e-06	7.720619e-06	1.407549e-08	5.376850e+01	8.365773e+02
1.480000e-06	7.770994e-06	1.411491e-08	5.411932e+01	8.389437e+02
1.490000e-06	7.818300e-06	1.415220e-08	5.444877e+01	8.411304e+02
1.500000e-06	7.862799e-06	1.418782e-08	5.475868e+01	8.431527e+02
1.510000e-06	7.904473e-06	1.421906e-08	5.504890e+01	8.450205e+02
1.520000e-06	7.943346e-06	1.424483e-08	5.531963e+01	8.467373e+02
1.530000e-06	7.979527e-06	1.426715e-08	5.557160e+01	8.483012e+02
1.540000e-06	8.012913e-06	1.428827e-08	5.580411e+01	8.497087e+02
1.550000e-06	8.043543e-06	1.430924e-08	5.601743e+01	8.509582e+02
1.560000e-06	8.071436e-06	1.432810e-08	5.621168e+01	8.520528e+02
1.570000e-06	8.096351e-06	1.434419e-08	5.638519e+01	8.530008e+02
1.580000e-06	8.118383e-06	1.435828e-08	5.653864e+01	8.538140e+02
1.590000e-06	8.137700e-06	1.436947e-08	5.667316e+01	8.545045e+02
1.600000e-06	8.154146e-06	1.437686e-08	5.678770e+01	8.550809e+02
1.610000e-06	8.167549e-06	1.438105e-08	5.688104e+01	8.555468e+02
1.620000e-06	8.177725e-06	1.438529e-08	5.695190e+01	8.559010e+02
1.630000e-06	8.184818e-06	1.439024e-08	5.700130e+01	8.561397e+02
1.640000e-06	8.189134e-06	1.439220e-08	5.703136e+01	8.562605e+02
1.650000e-06	8.190590e-06	1.438904e-08	5.704150e+01	8.562653e+02
1.660000e-06	8.189248e-06	1.439477e-08	5.703216e+01	8.561607e+02
1.670000e-06	8.185302e-06	1.439607e-08	5.700468e+01	8.559571e+02
1.680000e-06	8.178614e-06	1.439033e-08	5.695810e+01	8.556646e+02
1.690000e-06	8.169214e-06	1.438049e-08	5.689264e+01	8.552888e+02
1.700000e-06	8.157008e-06	1.436732e-08	5.680763e+01	8.548285e+02
1.710000e-06	8.141911e-06	1.435084e-08	5.670249e+01	8.542750e+02
1.720000e-06	8.124325e-06	1.431860e-08	5.658002e+01	8.536162e+02
1.730000e-06	8.104397e-06	1.438130e-08	5.644123e+01	8.528409e+02
1.740000e-06	8.081553e-06	1.442854e-08	5.628214e+01	8.519450e+02
1.750000e-06	8.055129e-06	1.434153e-08	5.609811e+01	8.509339e+02
1.760000e-06	8.025072e-06	1.427535e-08	5.588879e+01	8.498230e+02
1.770000e-06	7.991964e-06	1.427546e-08	5.565821e+01	8.486323e+02
1.780000e-06	7.956337e-06	1.422481e-08	5.541010e+01	8.473799e+02
1.790000e-06	7.918262e-06	1.416575e-08	5.514494e+01	8.460748e+02
1.800000e-06	7.877998e-06	1.425116e-08	5.486453e+01	8.447128e+02
1.810000e-06	7.835381e-06	1.412894e-08	5.456773e+01	8.432762e+02
1.820000e-06	7.790032e-06	1.416509e-08	5.425191e+01	8.417395e+02
1.830000e-06	7.742015e-06	1.421317e-08	5.391750e+01	8.400769e+02
1.840000e-06	7.690930e-06	1.405709e-08	5.356173e+01	8.382715e+02
1.850000e-06	7.636789e-06	1.410748e-08	5.318468e+01	8.363205e+02
1.860000e-06	7.579925e-06	1.397424e-08	5.278866e+01	8.342366e+02
1.870000e-06	7.520375e-06	1.401449e-08	5.237394e+01	8.320429e+02
1.880000e-06	7.458151e-06	1.398504e-08	5.194060e+01	8.297648e+02
1.890000e-06	7.393137e-06	1.388053e-08	5.148782e+01	8.274206e+02
1.900000e-06	7.325438e-06	1.394521e-08	5.101635e+01	8.250144e+02
1.910000e-06	7.254857e-06	1.383883e-08	5.052481e+01	8.225347e+02
1.920000e-06	7.181456e-06	1.383536e-08	5.001362e+01	8.199576e+02
1.930000e-06	7.105412e-06	1.371455e-08	4.948403e+01	8.172552e+02
1.940000e-06	7.026565e-06	1.369099e-08	4.893492e+01	8.144047e+02
1.950000e-06	6.945189e-06	1.369345e-08	4.836819e+01	8.113955e+02
1.960000e-06	6.861365e-06	1.358422e-08	4.778442e+01	8.082322e+02
1.970000e-06	6.775044e-06	1.358693e-08	4.718326e+01	8.049318e+02
1.980000e-06	6.686293e-06	1.347308e-08	4.656517e+01	8.015167e+02
1.990000e-06	6.595154e-06	1.345959e-08	4.593045e+01	7.980061e+02
2.000000e-06	6.501730e-06	1.336733e-08	4.527982e+01	7.944095e+02
2.010000e-06	6.406000e-06	1.329816e-08	4.461313e+01	7.907236e+02
2.020000e-06	6.308068e-06	1.324936e-08	4.393111e+01	7.869341e+02
2.030000e-06	6.207850e-06	1.318110e-08	4.323316e+01	7.830219e+02
2.040000e-06	6.105270e-06	1.314443e-08	4.251877e+01	7.789697e+02
2.050000e-06	6.000458e-06	1.303115e-08	4.178882e+01	7.747682e+02
2.060000e-06	5.893581e-06	1.297908e-08	4.104450e+01	7.704180e+02
2.070000e-06	5.784603e-06	1.288456e-08	4.028555e+01	7.659278e+02
2.080000e-06	5.673452e-06	1.282658e-08	3.951147e+01	7.613091e+02
2.090000e-06	5.560192e-06	1.272808e-08	3.872269e+01	7.565703e+02
2.100000e-06	5.444763e-06	1.264986e-08	3.791881e+01	7.517122e+02
2.110000e-06	5.327226e-06	1.257619e-08	3.710026e+01	7.467265e+02
2.120000e-06	5.207677e-06	1.249295e-08	3.626768e+01	7.415993e+02
2.130000e-06	5.086274e-06	1.239525e-08	3.542220e+01	7.363153e+02
2.140000e-06	4.963038e-06	1.228947e-08	3.456395e+01	7.308636e+02
2.150000e-06	4.837937e-06	1.221310e-08	3.369271e+01	7.252417e+02
2.160000e-06	4.711071e-06	1.211414e-08	3.280919e+01	7.194549e+02
2.170000e-06	4.582635e-06	1.201805e-08	3.191472e+01	7.135135e+02
2.180000e-06	4.452642e-06	1.189992e-08	3.100942e+01	7.074269e+02
2.190000e-06	4.320977e-06	1.180828e-08	3.009246e+01	7.011987e+02
2.200000e-06	4.187686e-06	1.169836e-08	2.916419e+01	6.948227e+02
2.210000e-06	4.052887e-06	1.158618e-08	2.822541e+01	6.882837e+02
2.220000e-06	3.916660e-06	1.146288e-08	2.727669e+01	6.815611e+02
2.230000e-06	3.778973e-06	1.135225e-08	2.631780e+01	6.746348e+02
2.240000e-06	3.639835e-06	1.124109e-08	2.534880e+01	6.674904e+02
2.250000e-06	3.499270e-06	1.111297e-08	2.436987e+01	6.601234e+02
2.260000e-06	3.357363e-06	1.098196e-08	2.338159e+01	6.525388e+02
2.270000e-06	3.214299e-06	1.084908e-08	2.238525e+01	6.447476e+02
2.280000e-06	3.070144e-06	1.072297e-08	2.138132e+01	6.367610e+02
2.290000e-06	2.924907e-06	1.058104e-08	2.036985e+01	6.285853e+02
2.300000e-06	2.778639e-06	1.043655e-08	1.935120e+01	6.202174e+02
2.310000e-06	2.631370e-06	1.029048e-08	1.832558e+01	6.116446e+02
2.320000e-06	2.483204e-06	1.014692e-08	1.729371e+01	6.028463e+02
2.330000e-06	2.334132e-06	9.992530e-09	1.625553e+01	5.937994e+02
2.340000e-06	2.184084e-06	9.830881e-09	1.521056e+01	5.844820e+02
2.350000e-06	2.033258e-06	9.669727e-09	1.416017e+01	5.748776e+02
2.360000e-06	1.881811e-06	9.508480e-09	1.310545e+01	5.649760e+02
2.370000e-06	1.729747e-06	9.337556e-09	1.204643e+01	5.547719e+02
2.380000e-06	1.577131e-06	9.156558e-09	1.098357e+01	5.442619e+02
2.390000e-06	1.423990e-06	8.972308e-09	9.917055e+00	5.334412e+02
2.400000e-06	1.270323e-06	8.789110e-09	8.846873e+00	5.223006e+02
2.410000e-06	1.116112e-06	8.596427e-09	7.772912e+00	5.108253e+02
2.420000e-06	9.614690e-07	8.392715e-09	6.695932e+00	4.989941e+02
2.430000e-06	8.065190e-07	8.186911e-09	5.616819e+00	4.867799e+02
2.440000e-06	6.512649e-07	7.978131e-09	4.535586e+00	4.741495e+02
2.450000e-06	4.957898e-07	7.759019e-09	3.452816e+00	4.610635e+02
2.460000e-06	3.402088e-07	7.523838e-09	2.369307e+00	4.474752e+02
2.470000e-06	1.845386e-07	7.283450e-09	1.285177e+00	4.333304e+02
2.480000e-06	2.879165e-08	7.036563e-09	2.005129e-01	4.185686e+02
2.490000e-06	-1.269949e-07	6.778581e-09	-8.844273e-01	4.031262e+02
2.500000e-06	-2.827387e-07	6.505876e-09	-1.969070e+00	3.869417e+02
2.510000e-06	-4.383369e-07	6.221482e-09	-3.052698e+00	3.699616e+02
2.520000e-06	-5.937951e-07	5.927315e-09	-4.135351e+00	3.521455e+02
2.530000e-06	-7.490619e-07	5.614172e-09	-5.216671e+00	3.334678e+02
2.540000e-06	-9.039726e-07	5.279571e-09	-6.295512e+00	3.139145e+02
2.550000e-06	-1.058537e-06	4.929256e-09	-7.371943e+00	2.934756e+02
2.560000e-06	-1.212685e-06	4.570908e-09	-8.445468e+00	2.721319e+02
2.570000e-06	-1.366278e-06	4.198996e-09	-9.515134e+00	2.498420e+02
2.580000e-06	-1.519364e-06	3.808402e-09	-1.058126e+01	2.265310e+02
2.590000e-06	-1.671921e-06	3.399420e-09	-1.164371e+01	2.020849e+02
2.600000e-06	-1.823908e-06	2.969407e-09	-1.270219e+01	1.763549e+02
2.610000e-06	-1.975342e-06	2.514974e-09	-1.375682e+01	1.491709e+02
2.620000e-06	-2.126124e-06	2.028517e-09	-1.480691e+01	1.203644e+02
2.630000e-06	-2.276082e-06	1.510926e-09	-1.585126e+01	8.979651e+01
2.640000e-06	-2.425171e-06	9.667740e-10	-1.688955e+01	5.738758e+01
2.650000e-06	-2.573347e-06	3.943362e-10	-1.792149e+01	2.314191e+01
2.660000e-06	-2.720612e-06	-2.073922e-10	-1.894708e+01	-1.283586e+01
2.670000e-06	-2.866934e-06	-8.363162e-10	-1.996611e+01	-5.033634e+01
2.680000e-06	-3.012161e-06	-1.485165e-09	-2.097751e+01	-8.905358e+01
2.690000e-06	-3.156317e-06	-2.146792e-09	-2.198145e+01	-1.286046e+02
2.700000e-06	-3.299396e-06	-2.816027e-09	-2.297789e+01	-1.685571e+02
2.710000e-06	-3.441270e-06	-3.485441e-09	-2.396595e+01	-2.084607e+02
2.720000e-06	-3.581813e-06	-4.149084e-09	-2.494472e+01	-2.478783e+02
2.730000e-06	-3.720935e-06	-4.798363e-09	-2.591360e+01	-2.864116e+02
2.740000e-06	-3.858620e-06	-5.429020e-09	-2.687248e+01	-3.237208e+02
2.750000e-06	-3.994890e-06	-6.034419e-09	-2.782150e+01	-3.595353e+02
2.760000e-06	-4.129717e-06	-6.607801e-09	-2.876048e+01	-3.936573e+02
2.770000e-06	-4.263069e-06	-7.147713e-09	-2.968917e+01	-4.259585e+02
2.780000e-06	-4.394911e-06	-7.655004e-09	-3.060736e+01	-4.563735e+02
2.790000e-06	-4.525155e-06	-8.133831e-09	-3.151441e+01	-4.848900e+02
2.800000e-06	-4.653835e-06	-8.583528e-09	-3.241057e+01	-5.115391e+02
2.810000e-06	-4.780927e-06	-9.004308e-09	-3.329568e+01	-5.363853e+02
2.820000e-06	-4.906277e-06	-9.398651e-09	-3.416865e+01	-5.595167e+02
2.830000e-06	-5.029797e-06	-9.766848e-09	-3.502888e+01	-5.810361e+02
2.840000e-06	-5.151486e-06	-1.010703e-08	-3.587635e+01	-6.010529e+02
2.850000e-06	-5.271374e-06	-1.042084e-08	-3.671129e+01	-6.196752e+02
2.860000e-06	-5.389288e-06	-1.071144e-08	-3.753247e+01	-6.370048e+02
2.870000e-06	-5.504959e-06	-1.098264e-08	-3.833804e+01	-6.531328e+02
2.880000e-06	-5.618437e-06	-1.123434e-08	-3.912833e+01	-6.681394e+02
2.890000e-06	-5.729792e-06	-1.146725e-08	-3.990384e+01	-6.820947e+02
2.900000e-06	-5.839013e-06	-1.168748e-08	-4.066448e+01	-6.950622e+02
2.910000e-06	-5.946222e-06	-1.189491e-08	-4.141111e+01	-7.071027e+02
2.920000e-06	-6.051416e-06	-1.208546e-08	-4.214371e+01	-7.182768e+02
2.930000e-06	-6.154474e-06	-1.226037e-08	-4.286144e+01	-7.286468e+02
2.940000e-06	-6.255234e-06	-1.242329e-08	-4.356316e+01	-7.382752e+02
2.950000e-06	-6.353715e-06	-1.257536e-08	-4.424901e+01	-7.472229e+02
2.960000e-06	-6.450052e-06	-1.271555e-08	-4.491992e+01	-7.555455e+02
2.970000e-06	-6.544133e-06	-1.284400e-08	-4.557513e+01	-7.632912e+02
2.980000e-06	-6.635841e-06	-1.296447e-08	-4.621381e+01	-7.705005e+02
2.990000e-06	-6.725226e-06	-1.307934e-08	-4.683631e+01	-7.772072e+02
3.000000e-06	-6.812289e-06	-1.318793e-08	-4.744264e+01	-7.834417e+02
3.010000e-06	-6.896902e-06	-1.328761e-08	-4.803191e+01	-7.892350e+02
3.020000e-06	-6.979091e-06	-1.337970e-08	-4.860429e+01	-7.946207e+02
3.030000e-06	-7.058839e-06	-1.346577e-08	-4.915968e+01	-7.996360e+02
3.040000e-06	-7.135902e-06	-1.354561e-08	-4.969637e+01	-8.043194e+02
3.050000e-06	-7.210198e-06	-1.361921e-08	-5.021379e+01	-8.087076e+02
3.060000e-06	-7.281869e-06	-1.368688e-08	-5.071292e+01	-8.128308e+02
3.070000e-06	-7.350893e-06	-1.375213e-08	-5.119362e+01	-8.167102e+02
3.080000e-06	-7.417279e-06	-1.381553e-08	-5.165596e+01	-8.203568e+02
3.090000e-06	-7.481122e-06	-1.387308e-08	-5.210057e+01	-8.237744e+02
3.100000e-06	-7.542307e-06	-1.392673e-08	-5.252668e+01	-8.269627e+02
3.110000e-06	-7.600786e-06	-1.397819e-08	-5.293395e+01	-8.299230e+02
3.120000e-06	-7.656502e-06	-1.402422e-08	-5.332197e+01	-8.326610e+02
3.130000e-06	-7.709282e-06	-1.406558e-08	-5.368954e+01	-8.351884e+02
3.140000e-06	-7.759009e-06	-1.410549e-08	-5.403585e+01	-8.375217e+02
3.150000e-06	-7.805705e-06	-1.414387e-08	-5.436106e+01	-8.396782e+02
3.160000e-06	-7.849744e-06	-1.417824e-08	-5.466776e+01	-8.416726e+02
3.170000e-06	-7.891290e-06	-1.420825e-08	-5.495710e+01	-8.435137e+02
3.180000e-06	-7.930046e-06	-1.423508e-08	-5.522701e+01	-8.452036e+02
3.190000e-06	-7.965971e-06	-1.426165e-08	-5.547719e+01	-8.467401e+02
3.200000e-06	-7.999195e-06	-1.428891e-08	-5.570858e+01	-8.481196e+02
3.210000e-06	-8.029558e-06	-1.431358e-08	-5.592003e+01	-8.493413e+02
3.220000e-06	-8.056978e-06	-1.433419e-08	-5.611099e+01	-8.504092e+02
3.230000e-06	-8.081605e-06	-1.435087e-08	-5.628250e+01	-8.513324e+02
3.240000e-06	-8.103382e-06	-1.436315e-08	-5.643416e+01	-8.521231e+02
3.250000e-06	-8.122257e-06	-1.437087e-08	-5.656561e+01	-8.527929e+02
3.260000e-06	-8.138206e-06	-1.437676e-08	-5.667668e+01	-8.533498e+02
3.270000e-06	-8.151050e-06	-1.438432e-08	-5.676613e+01	-8.537962e+02
3.280000e-06	-8.160844e-06	-1.439352e-08	-5.683434e+01	-8.541302e+02
3.290000e-06	-8.167732e-06	-1.440195e-08	-5.688232e+01	-8.543482e+02
3.300000e-06	-8.171762e-06	-1.441041e-08	-5.691038e+01	-8.544483e+02
3.310000e-06	-8.172965e-06	-1.441492e-08	-5.691875e+01	-8.544331e+02
