# Temperatura_=_32.08
# Concentracion g/m^3_=_11780.0
# C_Vs_to_Am_M_A/Vsm_=_59384043850.047264
# pendiente_HvsI_1/m_=_3716.3
# ordenada_HvsI_A/m_=_1297.0
# frecuencia_Hz_=_301542.3042284374

Tiempo_(s)	Campo_(V.s)	Magnetizacion_(V.s)	Campo_(kA/m)	Magnetizacion_(A/m)
0.000000e+00	-8.101669e-06	-1.402329e-08	-5.691792e+01	-8.320194e+02
1.000000e-08	-8.098462e-06	-1.401571e-08	-5.689539e+01	-8.318981e+02
2.000000e-08	-8.092610e-06	-1.400907e-08	-5.685428e+01	-8.316872e+02
3.000000e-08	-8.084123e-06	-1.400242e-08	-5.679466e+01	-8.313764e+02
4.000000e-08	-8.072798e-06	-1.399583e-08	-5.671509e+01	-8.309549e+02
5.000000e-08	-8.058497e-06	-1.398814e-08	-5.661462e+01	-8.304159e+02
6.000000e-08	-8.041288e-06	-1.398628e-08	-5.649372e+01	-8.297595e+02
7.000000e-08	-8.021595e-06	-1.398227e-08	-5.635537e+01	-8.289937e+02
8.000000e-08	-7.999340e-06	-1.391734e-08	-5.619902e+01	-8.281323e+02
9.000000e-08	-7.973861e-06	-1.388010e-08	-5.602001e+01	-8.271910e+02
1.000000e-07	-7.945086e-06	-1.391199e-08	-5.581786e+01	-8.261829e+02
1.100000e-07	-7.913461e-06	-1.392264e-08	-5.559568e+01	-8.251141e+02
1.200000e-07	-7.879117e-06	-1.388561e-08	-5.535439e+01	-8.239828e+02
1.300000e-07	-7.842229e-06	-1.384940e-08	-5.509524e+01	-8.227797e+02
1.400000e-07	-7.803252e-06	-1.388328e-08	-5.482141e+01	-8.214918e+02
1.500000e-07	-7.762025e-06	-1.383102e-08	-5.453177e+01	-8.201064e+02
1.600000e-07	-7.717911e-06	-1.380262e-08	-5.422185e+01	-8.186152e+02
1.700000e-07	-7.671001e-06	-1.376393e-08	-5.389229e+01	-8.170161e+02
1.800000e-07	-7.621175e-06	-1.367229e-08	-5.354224e+01	-8.153128e+02
1.900000e-07	-7.568113e-06	-1.371349e-08	-5.316945e+01	-8.135121e+02
2.000000e-07	-7.512239e-06	-1.366969e-08	-5.277691e+01	-8.116200e+02
2.100000e-07	-7.453671e-06	-1.362281e-08	-5.236544e+01	-8.096389e+02
2.200000e-07	-7.392493e-06	-1.359834e-08	-5.193564e+01	-8.075655e+02
2.300000e-07	-7.328749e-06	-1.355563e-08	-5.148781e+01	-8.053919e+02
2.400000e-07	-7.262200e-06	-1.355566e-08	-5.102027e+01	-8.031079e+02
2.500000e-07	-7.192960e-06	-1.347565e-08	-5.053383e+01	-8.007048e+02
2.600000e-07	-7.121109e-06	-1.341139e-08	-5.002904e+01	-7.981777e+02
2.700000e-07	-7.046491e-06	-1.337887e-08	-4.950481e+01	-7.955276e+02
2.800000e-07	-6.969052e-06	-1.337151e-08	-4.896077e+01	-7.927597e+02
2.900000e-07	-6.888880e-06	-1.331043e-08	-4.839753e+01	-7.898816e+02
3.000000e-07	-6.806192e-06	-1.321738e-08	-4.781661e+01	-7.868996e+02
3.100000e-07	-6.721241e-06	-1.321200e-08	-4.721979e+01	-7.838168e+02
3.200000e-07	-6.634052e-06	-1.316198e-08	-4.660724e+01	-7.806315e+02
3.300000e-07	-6.544560e-06	-1.309650e-08	-4.597853e+01	-7.773382e+02
3.400000e-07	-6.452715e-06	-1.302203e-08	-4.533327e+01	-7.739300e+02
3.500000e-07	-6.358507e-06	-1.296222e-08	-4.467142e+01	-7.704007e+02
3.600000e-07	-6.262017e-06	-1.291898e-08	-4.399353e+01	-7.667467e+02
3.700000e-07	-6.163183e-06	-1.284904e-08	-4.329918e+01	-7.629674e+02
3.800000e-07	-6.062076e-06	-1.277468e-08	-4.258886e+01	-7.590640e+02
3.900000e-07	-5.958864e-06	-1.269782e-08	-4.186374e+01	-7.550374e+02
4.000000e-07	-5.853525e-06	-1.265964e-08	-4.112369e+01	-7.508866e+02
4.100000e-07	-5.746069e-06	-1.258980e-08	-4.036876e+01	-7.466077e+02
4.200000e-07	-5.636552e-06	-1.250085e-08	-3.959935e+01	-7.421945e+02
4.300000e-07	-5.524991e-06	-1.241627e-08	-3.881558e+01	-7.376403e+02
4.400000e-07	-5.411350e-06	-1.235037e-08	-3.801720e+01	-7.329401e+02
4.500000e-07	-5.295532e-06	-1.228005e-08	-3.720353e+01	-7.280920e+02
4.600000e-07	-5.177615e-06	-1.218029e-08	-3.637511e+01	-7.230977e+02
4.700000e-07	-5.057847e-06	-1.208691e-08	-3.553368e+01	-7.179610e+02
4.800000e-07	-4.936253e-06	-1.200722e-08	-3.467943e+01	-7.126852e+02
4.900000e-07	-4.812801e-06	-1.193186e-08	-3.381212e+01	-7.072712e+02
5.000000e-07	-4.687633e-06	-1.182558e-08	-3.293276e+01	-7.017159e+02
5.100000e-07	-4.560855e-06	-1.172250e-08	-3.204209e+01	-6.960124e+02
5.200000e-07	-4.432536e-06	-1.163128e-08	-3.114059e+01	-6.901518e+02
5.300000e-07	-4.302577e-06	-1.153817e-08	-3.022757e+01	-6.841262e+02
5.400000e-07	-4.170937e-06	-1.142516e-08	-2.930274e+01	-6.779304e+02
5.500000e-07	-4.037801e-06	-1.130698e-08	-2.836739e+01	-6.715629e+02
5.600000e-07	-3.903213e-06	-1.120270e-08	-2.742186e+01	-6.650254e+02
5.700000e-07	-3.767240e-06	-1.109933e-08	-2.646658e+01	-6.583193e+02
5.800000e-07	-3.629945e-06	-1.098455e-08	-2.550202e+01	-6.514438e+02
5.900000e-07	-3.491222e-06	-1.085725e-08	-2.452743e+01	-6.443928e+02
6.000000e-07	-3.351041e-06	-1.073989e-08	-2.354259e+01	-6.371557e+02
6.100000e-07	-3.209529e-06	-1.062081e-08	-2.254840e+01	-6.297184e+02
6.200000e-07	-3.066785e-06	-1.048914e-08	-2.154557e+01	-6.220674e+02
6.300000e-07	-2.922859e-06	-1.034544e-08	-2.053442e+01	-6.141934e+02
6.400000e-07	-2.777838e-06	-1.020673e-08	-1.951558e+01	-6.060932e+02
6.500000e-07	-2.631855e-06	-1.007333e-08	-1.848998e+01	-5.977696e+02
6.600000e-07	-2.484927e-06	-9.932446e-09	-1.745774e+01	-5.892287e+02
6.700000e-07	-2.337129e-06	-9.783100e-09	-1.641940e+01	-5.804747e+02
6.800000e-07	-2.188659e-06	-9.631613e-09	-1.537633e+01	-5.715056e+02
6.900000e-07	-2.039451e-06	-9.482039e-09	-1.432807e+01	-5.623102e+02
7.000000e-07	-1.889448e-06	-9.320571e-09	-1.327424e+01	-5.528683e+02
7.100000e-07	-1.738765e-06	-9.148852e-09	-1.221562e+01	-5.431543e+02
7.200000e-07	-1.587454e-06	-8.975002e-09	-1.115259e+01	-5.331430e+02
7.300000e-07	-1.435655e-06	-8.805974e-09	-1.008613e+01	-5.228146e+02
7.400000e-07	-1.283418e-06	-8.631257e-09	-9.016598e+00	-5.121586e+02
7.500000e-07	-1.130690e-06	-8.444404e-09	-7.943617e+00	-5.011729e+02
7.600000e-07	-9.775155e-07	-8.251975e-09	-6.867493e+00	-4.898598e+02
7.700000e-07	-8.239325e-07	-8.056635e-09	-5.788502e+00	-4.782178e+02
7.800000e-07	-6.699800e-07	-7.855064e-09	-4.706915e+00	-4.662340e+02
7.900000e-07	-5.158049e-07	-7.642300e-09	-3.623765e+00	-4.538781e+02
8.000000e-07	-3.614763e-07	-7.424896e-09	-2.539536e+00	-4.411007e+02
8.100000e-07	-2.069234e-07	-7.205647e-09	-1.453732e+00	-4.278366e+02
8.200000e-07	-5.220686e-08	-6.978191e-09	-3.667770e-01	-4.140125e+02
8.300000e-07	1.024722e-07	-6.735333e-09	7.199140e-01	-3.995578e+02
8.400000e-07	2.570347e-07	-6.476409e-09	1.805786e+00	-3.844132e+02
8.500000e-07	4.115316e-07	-6.205194e-09	2.891197e+00	-3.685383e+02
8.600000e-07	5.658618e-07	-5.922064e-09	3.975437e+00	-3.519129e+02
8.700000e-07	7.199021e-07	-5.625122e-09	5.057641e+00	-3.345332e+02
8.800000e-07	8.736312e-07	-5.318179e-09	6.137658e+00	-3.164045e+02
8.900000e-07	1.027001e-06	-5.004462e-09	7.215151e+00	-2.975308e+02
9.000000e-07	1.179965e-06	-4.680712e-09	8.289794e+00	-2.779042e+02
9.100000e-07	1.332516e-06	-4.340498e-09	9.361533e+00	-2.574966e+02
9.200000e-07	1.484621e-06	-3.978653e-09	1.043014e+01	-2.362541e+02
9.300000e-07	1.636199e-06	-3.599118e-09	1.149504e+01	-2.140960e+02
9.400000e-07	1.787214e-06	-3.205269e-09	1.255599e+01	-1.909178e+02
9.500000e-07	1.937611e-06	-2.794224e-09	1.361260e+01	-1.665982e+02
9.600000e-07	2.087243e-06	-2.363301e-09	1.466383e+01	-1.410099e+02
9.700000e-07	2.236073e-06	-1.910815e-09	1.570943e+01	-1.140338e+02
9.800000e-07	2.384109e-06	-1.435935e-09	1.674946e+01	-8.557486e+01
9.900000e-07	2.531281e-06	-9.334018e-10	1.778341e+01	-5.557915e+01
1.000000e-06	2.677548e-06	-3.992770e-10	1.881100e+01	-2.404908e+01
1.010000e-06	2.822869e-06	1.625994e-10	1.983194e+01	8.944442e+00
1.020000e-06	2.967260e-06	7.437216e-10	2.084636e+01	4.325591e+01
1.030000e-06	3.110580e-06	1.340550e-09	2.185325e+01	7.866657e+01
1.040000e-06	3.252622e-06	1.953551e-09	2.285116e+01	1.148937e+02
1.050000e-06	3.393443e-06	2.576259e-09	2.384049e+01	1.516070e+02
1.060000e-06	3.533041e-06	3.198014e-09	2.482123e+01	1.884502e+02
1.070000e-06	3.671304e-06	3.811923e-09	2.579259e+01	2.250641e+02
1.080000e-06	3.808167e-06	4.416411e-09	2.675411e+01	2.611088e+02
1.090000e-06	3.943604e-06	5.009335e-09	2.770562e+01	2.962815e+02
1.100000e-06	4.077566e-06	5.583856e-09	2.864676e+01	3.303290e+02
1.110000e-06	4.210047e-06	6.135277e-09	2.957750e+01	3.630533e+02
1.120000e-06	4.341088e-06	6.664909e-09	3.049812e+01	3.943118e+02
1.130000e-06	4.470597e-06	7.170938e-09	3.140799e+01	4.240142e+02
1.140000e-06	4.598480e-06	7.646332e-09	3.230642e+01	4.521157e+02
1.150000e-06	4.724698e-06	8.089013e-09	3.319316e+01	4.786093e+02
1.160000e-06	4.849271e-06	8.502975e-09	3.406834e+01	5.035188e+02
1.170000e-06	4.972164e-06	8.893620e-09	3.493172e+01	5.268908e+02
1.180000e-06	5.093249e-06	9.258603e-09	3.578240e+01	5.487879e+02
1.190000e-06	5.212473e-06	9.599734e-09	3.662000e+01	5.692822e+02
1.200000e-06	5.329757e-06	9.922967e-09	3.744398e+01	5.884501e+02
1.210000e-06	5.444970e-06	1.022829e-08	3.825340e+01	6.063674e+02
1.220000e-06	5.558134e-06	1.051328e-08	3.904843e+01	6.231066e+02
1.230000e-06	5.669296e-06	1.077535e-08	3.982939e+01	6.387360e+02
1.240000e-06	5.778435e-06	1.101690e-08	4.059614e+01	6.533197e+02
1.250000e-06	5.885594e-06	1.124214e-08	4.134899e+01	6.669188e+02
1.260000e-06	5.990637e-06	1.145414e-08	4.208696e+01	6.795931e+02
1.270000e-06	6.093434e-06	1.165185e-08	4.280916e+01	6.914016e+02
1.280000e-06	6.194070e-06	1.183618e-08	4.351617e+01	7.024027e+02
1.290000e-06	6.292435e-06	1.201009e-08	4.420723e+01	7.126526e+02
1.300000e-06	6.388443e-06	1.217304e-08	4.488173e+01	7.222042e+02
1.310000e-06	6.482170e-06	1.232193e-08	4.554021e+01	7.311049e+02
1.320000e-06	6.573668e-06	1.245783e-08	4.618302e+01	7.393964e+02
1.330000e-06	6.662873e-06	1.258571e-08	4.680972e+01	7.471151e+02
1.340000e-06	6.749711e-06	1.270633e-08	4.741980e+01	7.542938e+02
1.350000e-06	6.834266e-06	1.281689e-08	4.801384e+01	7.609639e+02
1.360000e-06	6.916437e-06	1.291693e-08	4.859113e+01	7.671578e+02
1.370000e-06	6.996062e-06	1.301105e-08	4.915053e+01	7.729102e+02
1.380000e-06	7.073162e-06	1.310291e-08	4.969220e+01	7.782576e+02
1.390000e-06	7.147646e-06	1.318944e-08	5.021548e+01	7.832375e+02
1.400000e-06	7.219405e-06	1.326664e-08	5.071962e+01	7.878854e+02
1.410000e-06	7.288597e-06	1.333798e-08	5.120572e+01	7.922325e+02
1.420000e-06	7.355263e-06	1.340842e-08	5.167408e+01	7.963033e+02
1.430000e-06	7.419268e-06	1.347476e-08	5.212375e+01	8.001146e+02
1.440000e-06	7.480658e-06	1.353283e-08	5.255504e+01	8.036765e+02
1.450000e-06	7.539488e-06	1.358399e-08	5.296835e+01	8.069933e+02
1.460000e-06	7.595658e-06	1.363397e-08	5.336297e+01	8.100670e+02
1.470000e-06	7.649027e-06	1.368334e-08	5.373791e+01	8.128994e+02
1.480000e-06	7.699312e-06	1.372724e-08	5.409118e+01	8.154952e+02
1.490000e-06	7.746541e-06	1.376672e-08	5.442299e+01	8.178629e+02
1.500000e-06	7.790993e-06	1.380455e-08	5.473528e+01	8.200156e+02
1.510000e-06	7.832581e-06	1.383898e-08	5.502746e+01	8.219698e+02
1.520000e-06	7.871339e-06	1.386662e-08	5.529975e+01	8.237438e+02
1.530000e-06	7.907503e-06	1.388892e-08	5.555382e+01	8.253549e+02
1.540000e-06	7.940907e-06	1.391070e-08	5.578850e+01	8.268173e+02
1.550000e-06	7.971454e-06	1.393359e-08	5.600310e+01	8.281401e+02
1.560000e-06	7.999211e-06	1.395446e-08	5.619811e+01	8.293270e+02
1.570000e-06	8.024050e-06	1.397196e-08	5.637262e+01	8.303766e+02
1.580000e-06	8.046106e-06	1.398848e-08	5.652757e+01	8.312849e+02
1.590000e-06	8.065515e-06	1.400318e-08	5.666392e+01	8.320478e+02
1.600000e-06	8.082033e-06	1.401112e-08	5.677997e+01	8.326645e+02
1.610000e-06	8.095497e-06	1.401262e-08	5.687457e+01	8.331392e+02
1.620000e-06	8.105803e-06	1.401417e-08	5.694697e+01	8.334818e+02
1.630000e-06	8.113086e-06	1.401857e-08	5.699813e+01	8.337061e+02
1.640000e-06	8.117610e-06	1.402279e-08	5.702992e+01	8.338274e+02
1.650000e-06	8.119259e-06	1.402192e-08	5.704150e+01	8.338582e+02
1.660000e-06	8.118114e-06	1.402458e-08	5.703346e+01	8.338054e+02
1.670000e-06	8.114429e-06	1.402494e-08	5.700757e+01	8.336685e+02
1.680000e-06	8.108047e-06	1.402012e-08	5.696273e+01	8.334405e+02
1.690000e-06	8.098924e-06	1.400967e-08	5.689864e+01	8.331106e+02
1.700000e-06	8.087043e-06	1.399601e-08	5.681517e+01	8.326683e+02
1.710000e-06	8.072321e-06	1.398086e-08	5.671174e+01	8.321080e+02
1.720000e-06	8.055096e-06	1.395729e-08	5.659073e+01	8.314311e+02
1.730000e-06	8.035587e-06	1.398941e-08	5.645367e+01	8.306470e+02
1.740000e-06	8.013302e-06	1.402469e-08	5.629711e+01	8.297701e+02
1.750000e-06	7.987486e-06	1.396724e-08	5.611573e+01	8.288160e+02
1.760000e-06	7.957958e-06	1.391247e-08	5.590829e+01	8.277967e+02
1.770000e-06	7.925316e-06	1.390769e-08	5.567897e+01	8.267170e+02
1.780000e-06	7.890185e-06	1.387327e-08	5.543215e+01	8.255736e+02
1.790000e-06	7.852657e-06	1.381649e-08	5.516850e+01	8.243563e+02
1.800000e-06	7.812981e-06	1.386677e-08	5.488976e+01	8.230517e+02
1.810000e-06	7.771044e-06	1.378416e-08	5.459513e+01	8.216477e+02
1.820000e-06	7.726448e-06	1.378597e-08	5.428183e+01	8.201371e+02
1.830000e-06	7.679203e-06	1.383608e-08	5.394990e+01	8.185189e+02
1.840000e-06	7.628904e-06	1.372282e-08	5.359653e+01	8.167976e+02
1.850000e-06	7.575531e-06	1.375063e-08	5.322156e+01	8.149800e+02
1.860000e-06	7.519332e-06	1.365160e-08	5.282674e+01	8.130720e+02
1.870000e-06	7.460388e-06	1.364112e-08	5.241263e+01	8.110746e+02
1.880000e-06	7.398904e-06	1.362723e-08	5.198068e+01	8.089839e+02
1.890000e-06	7.334710e-06	1.354182e-08	5.152969e+01	8.067912e+02
1.900000e-06	7.267806e-06	1.357336e-08	5.105966e+01	8.044864e+02
1.910000e-06	7.198122e-06	1.349935e-08	5.057009e+01	8.020612e+02
1.920000e-06	7.125653e-06	1.348612e-08	5.006096e+01	7.995119e+02
1.930000e-06	7.050538e-06	1.339234e-08	4.953325e+01	7.968401e+02
1.940000e-06	6.972649e-06	1.334237e-08	4.898605e+01	7.940519e+02
1.950000e-06	6.892188e-06	1.333169e-08	4.842077e+01	7.911547e+02
1.960000e-06	6.809279e-06	1.324029e-08	4.783830e+01	7.881545e+02
1.970000e-06	6.723957e-06	1.323089e-08	4.723887e+01	7.850535e+02
1.980000e-06	6.636173e-06	1.314781e-08	4.662214e+01	7.818493e+02
1.990000e-06	6.545953e-06	1.311961e-08	4.598831e+01	7.785359e+02
2.000000e-06	6.453519e-06	1.304849e-08	4.533892e+01	7.751063e+02
2.010000e-06	6.358752e-06	1.297867e-08	4.467314e+01	7.715548e+02
2.020000e-06	6.261695e-06	1.292602e-08	4.399127e+01	7.678783e+02
2.030000e-06	6.162422e-06	1.285122e-08	4.329383e+01	7.640766e+02
2.040000e-06	6.060990e-06	1.280656e-08	4.258122e+01	7.601511e+02
2.050000e-06	5.957358e-06	1.271288e-08	4.185316e+01	7.561024e+02
2.060000e-06	5.851554e-06	1.265878e-08	4.110984e+01	7.519289e+02
2.070000e-06	5.743704e-06	1.257242e-08	4.035215e+01	7.476264e+02
2.080000e-06	5.633763e-06	1.251234e-08	3.957976e+01	7.431884e+02
2.090000e-06	5.521706e-06	1.242542e-08	3.879250e+01	7.386083e+02
2.100000e-06	5.407496e-06	1.234106e-08	3.799013e+01	7.338816e+02
2.110000e-06	5.291275e-06	1.226224e-08	3.717362e+01	7.290071e+02
2.120000e-06	5.172992e-06	1.217717e-08	3.634263e+01	7.239870e+02
2.130000e-06	5.052751e-06	1.209220e-08	3.549789e+01	7.188251e+02
2.140000e-06	4.930728e-06	1.199419e-08	3.464061e+01	7.135246e+02
2.150000e-06	4.806928e-06	1.191690e-08	3.377087e+01	7.080856e+02
2.160000e-06	4.681392e-06	1.181744e-08	3.288892e+01	7.025043e+02
2.170000e-06	4.554164e-06	1.172740e-08	3.199508e+01	6.967732e+02
2.180000e-06	4.425303e-06	1.161790e-08	3.108978e+01	6.908836e+02
2.190000e-06	4.294821e-06	1.152144e-08	3.017308e+01	6.848278e+02
2.200000e-06	4.162856e-06	1.141319e-08	2.924596e+01	6.786012e+02
2.210000e-06	4.029443e-06	1.130584e-08	2.830868e+01	6.722031e+02
2.220000e-06	3.894559e-06	1.119159e-08	2.736105e+01	6.656352e+02
2.230000e-06	3.758191e-06	1.107839e-08	2.640301e+01	6.588990e+02
2.240000e-06	3.620438e-06	1.096741e-08	2.543523e+01	6.519926e+02
2.250000e-06	3.481373e-06	1.084588e-08	2.445823e+01	6.449092e+02
2.260000e-06	3.341015e-06	1.072648e-08	2.347216e+01	6.376373e+02
2.270000e-06	3.199355e-06	1.059645e-08	2.247693e+01	6.301627e+02
2.280000e-06	3.056465e-06	1.047072e-08	2.147307e+01	6.224723e+02
2.290000e-06	2.912518e-06	1.033454e-08	2.046177e+01	6.145578e+02
2.300000e-06	2.767520e-06	1.020042e-08	1.944309e+01	6.064172e+02
2.310000e-06	2.621458e-06	1.005774e-08	1.841694e+01	5.980543e+02
2.320000e-06	2.474407e-06	9.915107e-09	1.738384e+01	5.894750e+02
2.330000e-06	2.326566e-06	9.766846e-09	1.634519e+01	5.806829e+02
2.340000e-06	2.177998e-06	9.615234e-09	1.530143e+01	5.716744e+02
2.350000e-06	2.028668e-06	9.460872e-09	1.425232e+01	5.624365e+02
2.360000e-06	1.878612e-06	9.301200e-09	1.319811e+01	5.529478e+02
2.370000e-06	1.727846e-06	9.138728e-09	1.213891e+01	5.431824e+02
2.380000e-06	1.576464e-06	8.967916e-09	1.107538e+01	5.331156e+02
2.390000e-06	1.424602e-06	8.791817e-09	1.000848e+01	5.227290e+02
2.400000e-06	1.272264e-06	8.609951e-09	8.938237e+00	5.120140e+02
2.410000e-06	1.119453e-06	8.424864e-09	7.864666e+00	5.009696e+02
2.420000e-06	9.662208e-07	8.234364e-09	6.788143e+00	4.895979e+02
2.430000e-06	8.126318e-07	8.041665e-09	5.709109e+00	4.778962e+02
2.440000e-06	6.587787e-07	7.842570e-09	4.628221e+00	4.658486e+02
2.450000e-06	5.046475e-07	7.634593e-09	3.545379e+00	4.534215e+02
2.460000e-06	3.502762e-07	7.413749e-09	2.460850e+00	4.405622e+02
2.470000e-06	1.958081e-07	7.185479e-09	1.375641e+00	4.272034e+02
2.480000e-06	4.128081e-08	6.949159e-09	2.900166e-01	4.132716e+02
2.490000e-06	-1.132607e-07	6.704597e-09	-7.957083e-01	3.986974e+02
2.500000e-06	-2.677132e-07	6.451130e-09	-1.880808e+00	3.834247e+02
2.510000e-06	-4.219838e-07	6.186455e-09	-2.964629e+00	3.674166e+02
2.520000e-06	-5.760326e-07	5.908544e-09	-4.046892e+00	3.506562e+02
2.530000e-06	-7.299049e-07	5.612632e-09	-5.127915e+00	3.331422e+02
2.540000e-06	-8.834842e-07	5.301142e-09	-6.206880e+00	3.148803e+02
2.550000e-06	-1.036694e-06	4.976950e-09	-7.283252e+00	2.958731e+02
2.560000e-06	-1.189547e-06	4.644124e-09	-8.357111e+00	2.761096e+02
2.570000e-06	-1.341956e-06	4.300397e-09	-9.427855e+00	2.555576e+02
2.580000e-06	-1.493883e-06	3.944058e-09	-1.049521e+01	2.341581e+02
2.590000e-06	-1.645295e-06	3.571336e-09	-1.155895e+01	2.118261e+02
2.600000e-06	-1.796132e-06	3.178300e-09	-1.261865e+01	1.884532e+02
2.610000e-06	-1.946300e-06	2.764023e-09	-1.367365e+01	1.639161e+02
2.620000e-06	-2.095716e-06	2.327582e-09	-1.472336e+01	1.380882e+02
2.630000e-06	-2.244346e-06	1.868752e-09	-1.576756e+01	1.108532e+02
2.640000e-06	-2.392236e-06	1.387127e-09	-1.680655e+01	8.212224e+01
2.650000e-06	-2.539342e-06	8.793359e-10	-1.784004e+01	5.185040e+01
2.660000e-06	-2.685486e-06	3.466868e-10	-1.886677e+01	2.005157e+01
2.670000e-06	-2.830614e-06	-2.089583e-10	-1.988636e+01	-1.319025e+01
2.680000e-06	-2.974696e-06	-7.868994e-10	-2.089860e+01	-4.771617e+01
2.690000e-06	-3.117713e-06	-1.383486e-09	-2.190336e+01	-8.329510e+01
2.700000e-06	-3.259590e-06	-1.992690e-09	-2.290011e+01	-1.196344e+02
2.710000e-06	-3.400210e-06	-2.607821e-09	-2.388803e+01	-1.563976e+02
2.720000e-06	-3.539554e-06	-3.226348e-09	-2.486698e+01	-1.932260e+02
2.730000e-06	-3.677543e-06	-3.842192e-09	-2.583642e+01	-2.297624e+02
2.740000e-06	-3.814126e-06	-4.448665e-09	-2.679598e+01	-2.656724e+02
2.750000e-06	-3.949345e-06	-5.037242e-09	-2.774595e+01	-3.006614e+02
2.760000e-06	-4.083162e-06	-5.604305e-09	-2.868608e+01	-3.344856e+02
2.770000e-06	-4.215505e-06	-6.149154e-09	-2.961585e+01	-3.669571e+02
2.780000e-06	-4.346342e-06	-6.668730e-09	-3.053504e+01	-3.979431e+02
2.790000e-06	-4.475664e-06	-7.161970e-09	-3.144358e+01	-4.273618e+02
2.800000e-06	-4.603428e-06	-7.628629e-09	-3.234118e+01	-4.551758e+02
2.810000e-06	-4.729517e-06	-8.070727e-09	-3.322702e+01	-4.813842e+02
2.820000e-06	-4.853915e-06	-8.488205e-09	-3.410097e+01	-5.060152e+02
2.830000e-06	-4.976613e-06	-8.880662e-09	-3.496298e+01	-5.291190e+02
2.840000e-06	-5.097512e-06	-9.248212e-09	-3.581235e+01	-5.507602e+02
2.850000e-06	-5.216534e-06	-9.593233e-09	-3.664854e+01	-5.710122e+02
2.860000e-06	-5.333490e-06	-9.914121e-09	-3.747020e+01	-5.899514e+02
2.870000e-06	-5.448290e-06	-1.021106e-08	-3.827672e+01	-6.076532e+02
2.880000e-06	-5.560924e-06	-1.048540e-08	-3.906803e+01	-6.241895e+02
2.890000e-06	-5.671348e-06	-1.074174e-08	-3.984381e+01	-6.396277e+02
2.900000e-06	-5.779744e-06	-1.098666e-08	-4.060534e+01	-6.540312e+02
2.910000e-06	-5.886223e-06	-1.121811e-08	-4.135341e+01	-6.674610e+02
2.920000e-06	-5.990699e-06	-1.143185e-08	-4.208740e+01	-6.799764e+02
2.930000e-06	-6.093037e-06	-1.162909e-08	-4.280637e+01	-6.916367e+02
2.940000e-06	-6.193147e-06	-1.181293e-08	-4.350969e+01	-7.024997e+02
2.950000e-06	-6.291037e-06	-1.198325e-08	-4.419741e+01	-7.126213e+02
2.960000e-06	-6.386717e-06	-1.213979e-08	-4.486960e+01	-7.220534e+02
2.970000e-06	-6.480161e-06	-1.228619e-08	-4.552609e+01	-7.308425e+02
2.980000e-06	-6.571344e-06	-1.242628e-08	-4.616669e+01	-7.390293e+02
2.990000e-06	-6.660208e-06	-1.255892e-08	-4.679100e+01	-7.466494e+02
3.000000e-06	-6.746672e-06	-1.268245e-08	-4.739846e+01	-7.537350e+02
3.010000e-06	-6.830690e-06	-1.279489e-08	-4.798872e+01	-7.603178e+02
3.020000e-06	-6.912297e-06	-1.289930e-08	-4.856204e+01	-7.664304e+02
3.030000e-06	-6.991484e-06	-1.299688e-08	-4.911837e+01	-7.721078e+02
3.040000e-06	-7.068029e-06	-1.308566e-08	-4.965613e+01	-7.773870e+02
3.050000e-06	-7.141876e-06	-1.316633e-08	-5.017494e+01	-7.823052e+02
3.060000e-06	-7.213187e-06	-1.324298e-08	-5.067593e+01	-7.868974e+02
3.070000e-06	-7.281888e-06	-1.331717e-08	-5.115859e+01	-7.911937e+02
3.080000e-06	-7.347962e-06	-1.338525e-08	-5.162279e+01	-7.952172e+02
3.090000e-06	-7.411456e-06	-1.344713e-08	-5.206886e+01	-7.989836e+02
3.100000e-06	-7.472289e-06	-1.350692e-08	-5.249624e+01	-8.025016e+02
3.110000e-06	-7.530473e-06	-1.356525e-08	-5.290501e+01	-8.057750e+02
3.120000e-06	-7.585969e-06	-1.361835e-08	-5.329490e+01	-8.088055e+02
3.130000e-06	-7.638564e-06	-1.366506e-08	-5.366440e+01	-8.115954e+02
3.140000e-06	-7.688093e-06	-1.370894e-08	-5.401236e+01	-8.141498e+02
3.150000e-06	-7.734588e-06	-1.374920e-08	-5.433901e+01	-8.164781e+02
3.160000e-06	-7.778433e-06	-1.378356e-08	-5.464705e+01	-8.185942e+02
3.170000e-06	-7.819827e-06	-1.381255e-08	-5.493785e+01	-8.205150e+02
3.180000e-06	-7.858524e-06	-1.384086e-08	-5.520972e+01	-8.222588e+02
3.190000e-06	-7.894441e-06	-1.387103e-08	-5.546205e+01	-8.238425e+02
3.200000e-06	-7.927634e-06	-1.389978e-08	-5.569525e+01	-8.252796e+02
3.210000e-06	-7.957931e-06	-1.392418e-08	-5.590810e+01	-8.265782e+02
3.220000e-06	-7.985288e-06	-1.394527e-08	-5.610030e+01	-8.277409e+02
3.230000e-06	-8.009945e-06	-1.396362e-08	-5.627352e+01	-8.287657e+02
3.240000e-06	-8.031764e-06	-1.397716e-08	-5.642681e+01	-8.296483e+02
3.250000e-06	-8.050686e-06	-1.398504e-08	-5.655975e+01	-8.303852e+02
3.260000e-06	-8.066805e-06	-1.399231e-08	-5.667299e+01	-8.309762e+02
3.270000e-06	-8.079843e-06	-1.400314e-08	-5.676458e+01	-8.314266e+02
3.280000e-06	-8.089813e-06	-1.401402e-08	-5.683463e+01	-8.317470e+02
3.290000e-06	-8.096904e-06	-1.402047e-08	-5.688445e+01	-8.319520e+02
3.300000e-06	-8.101108e-06	-1.402531e-08	-5.691398e+01	-8.320564e+02
3.310000e-06	-8.102531e-06	-1.402985e-08	-5.692398e+01	-8.320721e+02
