# Temperatura_=_33.83
# Concentracion g/m^3_=_11780.0
# C_Vs_to_Am_M_A/Vsm_=_59384043850.047264
# pendiente_HvsI_1/m_=_3716.3
# ordenada_HvsI_A/m_=_1297.0
# frecuencia_Hz_=_301543.18076334393

Tiempo_(s)	Campo_(V.s)	Magnetizacion_(V.s)	Campo_(kA/m)	Magnetizacion_(A/m)
0.000000e+00	-8.089840e-06	-1.396124e-08	-5.691653e+01	-8.282131e+02
1.000000e-08	-8.086713e-06	-1.395383e-08	-5.689453e+01	-8.280550e+02
2.000000e-08	-8.080918e-06	-1.394653e-08	-5.685375e+01	-8.278106e+02
3.000000e-08	-8.072494e-06	-1.393915e-08	-5.679449e+01	-8.274791e+02
4.000000e-08	-8.061241e-06	-1.393107e-08	-5.671532e+01	-8.270543e+02
5.000000e-08	-8.047033e-06	-1.392198e-08	-5.661536e+01	-8.265274e+02
6.000000e-08	-8.029943e-06	-1.391689e-08	-5.649512e+01	-8.258920e+02
7.000000e-08	-8.010334e-06	-1.390888e-08	-5.635715e+01	-8.251473e+02
8.000000e-08	-7.988138e-06	-1.385689e-08	-5.620100e+01	-8.242995e+02
9.000000e-08	-7.962765e-06	-1.382480e-08	-5.602248e+01	-8.233603e+02
1.000000e-07	-7.934061e-06	-1.384113e-08	-5.582053e+01	-8.223425e+02
1.100000e-07	-7.902467e-06	-1.384660e-08	-5.559825e+01	-8.212554e+02
1.200000e-07	-7.868233e-06	-1.381955e-08	-5.535740e+01	-8.201003e+02
1.300000e-07	-7.831494e-06	-1.378703e-08	-5.509892e+01	-8.188700e+02
1.400000e-07	-7.792586e-06	-1.380347e-08	-5.482518e+01	-8.175509e+02
1.500000e-07	-7.751373e-06	-1.376566e-08	-5.453522e+01	-8.161277e+02
1.600000e-07	-7.707310e-06	-1.373545e-08	-5.422522e+01	-8.145890e+02
1.700000e-07	-7.660445e-06	-1.369049e-08	-5.389549e+01	-8.129317e+02
1.800000e-07	-7.610731e-06	-1.361779e-08	-5.354572e+01	-8.111620e+02
1.900000e-07	-7.557862e-06	-1.364173e-08	-5.317376e+01	-8.092933e+02
2.000000e-07	-7.502140e-06	-1.360963e-08	-5.278173e+01	-8.073411e+02
2.100000e-07	-7.443724e-06	-1.356268e-08	-5.237074e+01	-8.053175e+02
2.200000e-07	-7.382675e-06	-1.352678e-08	-5.194123e+01	-8.032269e+02
2.300000e-07	-7.319040e-06	-1.349473e-08	-5.149352e+01	-8.010638e+02
2.400000e-07	-7.252637e-06	-1.348292e-08	-5.102634e+01	-7.988152e+02
2.500000e-07	-7.183508e-06	-1.340121e-08	-5.053998e+01	-7.964646e+02
2.600000e-07	-7.111748e-06	-1.334286e-08	-5.003510e+01	-7.939972e+02
2.700000e-07	-7.037275e-06	-1.331935e-08	-4.951115e+01	-7.914038e+02
2.800000e-07	-6.960030e-06	-1.331067e-08	-4.896768e+01	-7.886831e+02
2.900000e-07	-6.880089e-06	-1.325234e-08	-4.840525e+01	-7.858402e+02
3.000000e-07	-6.797655e-06	-1.316503e-08	-4.782528e+01	-7.828839e+02
3.100000e-07	-6.712962e-06	-1.313828e-08	-4.722942e+01	-7.798223e+02
3.200000e-07	-6.626013e-06	-1.308751e-08	-4.661769e+01	-7.766604e+02
3.300000e-07	-6.536682e-06	-1.302488e-08	-4.598920e+01	-7.733985e+02
3.400000e-07	-6.444996e-06	-1.295236e-08	-4.534413e+01	-7.700330e+02
3.500000e-07	-6.351027e-06	-1.290351e-08	-4.468300e+01	-7.665584e+02
3.600000e-07	-6.254702e-06	-1.286719e-08	-4.400531e+01	-7.629695e+02
3.700000e-07	-6.156002e-06	-1.280103e-08	-4.331090e+01	-7.592628e+02
3.800000e-07	-6.055067e-06	-1.272147e-08	-4.260077e+01	-7.554361e+02
3.900000e-07	-5.951991e-06	-1.264433e-08	-4.187556e+01	-7.514877e+02
4.000000e-07	-5.846763e-06	-1.259965e-08	-4.113523e+01	-7.474147e+02
4.100000e-07	-5.739401e-06	-1.253139e-08	-4.037988e+01	-7.432122e+02
4.200000e-07	-5.630034e-06	-1.244569e-08	-3.961042e+01	-7.388737e+02
4.300000e-07	-5.518676e-06	-1.236424e-08	-3.882696e+01	-7.343928e+02
4.400000e-07	-5.405236e-06	-1.230059e-08	-3.802884e+01	-7.297651e+02
4.500000e-07	-5.289670e-06	-1.222792e-08	-3.721577e+01	-7.249901e+02
4.600000e-07	-5.172014e-06	-1.213183e-08	-3.638800e+01	-7.200715e+02
4.700000e-07	-5.052427e-06	-1.204138e-08	-3.554663e+01	-7.150156e+02
4.800000e-07	-4.931014e-06	-1.196345e-08	-3.469243e+01	-7.098288e+02
4.900000e-07	-4.807804e-06	-1.188572e-08	-3.382558e+01	-7.045144e+02
5.000000e-07	-4.682860e-06	-1.177950e-08	-3.294652e+01	-6.990705e+02
5.100000e-07	-4.556248e-06	-1.167549e-08	-3.205574e+01	-6.934896e+02
5.200000e-07	-4.428035e-06	-1.158552e-08	-3.115369e+01	-6.877601e+02
5.300000e-07	-4.298193e-06	-1.149458e-08	-3.024018e+01	-6.818693e+02
5.400000e-07	-4.166732e-06	-1.138490e-08	-2.931528e+01	-6.758066e+02
5.500000e-07	-4.033862e-06	-1.127239e-08	-2.838046e+01	-6.695654e+02
5.600000e-07	-3.899538e-06	-1.117313e-08	-2.743542e+01	-6.631433e+02
5.700000e-07	-3.763730e-06	-1.107038e-08	-2.647994e+01	-6.565408e+02
5.800000e-07	-3.626568e-06	-1.095125e-08	-2.551492e+01	-6.497581e+02
5.900000e-07	-3.488078e-06	-1.082258e-08	-2.454057e+01	-6.427930e+02
6.000000e-07	-3.348186e-06	-1.070656e-08	-2.355635e+01	-6.356396e+02
6.100000e-07	-3.206838e-06	-1.059105e-08	-2.256189e+01	-6.282884e+02
6.200000e-07	-3.064229e-06	-1.046146e-08	-2.155855e+01	-6.207290e+02
6.300000e-07	-2.920518e-06	-1.032192e-08	-2.054747e+01	-6.129522e+02
6.400000e-07	-2.775738e-06	-1.018849e-08	-1.952886e+01	-6.049525e+02
6.500000e-07	-2.629935e-06	-1.005837e-08	-1.850305e+01	-5.967283e+02
6.600000e-07	-2.483199e-06	-9.916812e-09	-1.747069e+01	-5.882802e+02
6.700000e-07	-2.335652e-06	-9.765750e-09	-1.643261e+01	-5.796079e+02
6.800000e-07	-2.187304e-06	-9.616085e-09	-1.538890e+01	-5.707074e+02
6.900000e-07	-2.038273e-06	-9.468349e-09	-1.434038e+01	-5.615687e+02
7.000000e-07	-1.888618e-06	-9.308140e-09	-1.328748e+01	-5.521765e+02
7.100000e-07	-1.738252e-06	-9.137211e-09	-1.222957e+01	-5.425122e+02
7.200000e-07	-1.587241e-06	-8.965538e-09	-1.116713e+01	-5.325579e+02
7.300000e-07	-1.435674e-06	-8.799649e-09	-1.010077e+01	-5.223000e+02
7.400000e-07	-1.283604e-06	-8.628540e-09	-9.030867e+00	-5.117300e+02
7.500000e-07	-1.131061e-06	-8.443960e-09	-7.957643e+00	-5.008443e+02
7.600000e-07	-9.781145e-07	-8.252837e-09	-6.881579e+00	-4.896392e+02
7.700000e-07	-8.247524e-07	-8.059256e-09	-5.802592e+00	-4.781055e+02
7.800000e-07	-6.710556e-07	-7.859155e-09	-4.721250e+00	-4.662227e+02
7.900000e-07	-5.171637e-07	-7.647827e-09	-3.638534e+00	-4.539558e+02
8.000000e-07	-3.630806e-07	-7.432823e-09	-2.554474e+00	-4.412547e+02
8.100000e-07	-2.088484e-07	-7.216072e-09	-1.469364e+00	-4.280580e+02
8.200000e-07	-5.452833e-08	-6.990064e-09	-3.836371e-01	-4.142994e+02
8.300000e-07	9.979455e-08	-6.747068e-09	7.021101e-01	-3.999157e+02
8.400000e-07	2.540752e-07	-6.488210e-09	1.787560e+00	-3.848534e+02
8.500000e-07	4.082911e-07	-6.219767e-09	2.872555e+00	-3.690734e+02
8.600000e-07	5.623460e-07	-5.940231e-09	3.956417e+00	-3.525524e+02
8.700000e-07	7.161506e-07	-5.645990e-09	5.038518e+00	-3.352801e+02
8.800000e-07	8.696705e-07	-5.340001e-09	6.118616e+00	-3.172538e+02
8.900000e-07	1.022841e-06	-5.026730e-09	7.196253e+00	-2.984708e+02
9.000000e-07	1.175573e-06	-4.702775e-09	8.270813e+00	-2.789205e+02
9.100000e-07	1.327901e-06	-4.362213e-09	9.342519e+00	-2.585761e+02
9.200000e-07	1.479835e-06	-4.001892e-09	1.041146e+01	-2.373889e+02
9.300000e-07	1.631224e-06	-3.625862e-09	1.147657e+01	-2.152844e+02
9.400000e-07	1.781940e-06	-3.234427e-09	1.253694e+01	-1.921626e+02
9.500000e-07	1.932018e-06	-2.823217e-09	1.359282e+01	-1.679032e+02
9.600000e-07	2.081453e-06	-2.392023e-09	1.464418e+01	-1.423754e+02
9.700000e-07	2.230194e-06	-1.941089e-09	1.569066e+01	-1.154531e+02
9.800000e-07	2.378179e-06	-1.467514e-09	1.673181e+01	-8.703321e+01
9.900000e-07	2.525241e-06	-9.628520e-10	1.776647e+01	-5.705531e+01
1.000000e-06	2.671317e-06	-4.266075e-10	1.879420e+01	-2.551960e+01
1.010000e-06	2.816473e-06	1.348828e-10	1.981546e+01	7.500499e+00
1.020000e-06	2.960625e-06	7.175411e-10	2.082964e+01	4.185304e+01
1.030000e-06	3.103654e-06	1.318778e-09	2.183593e+01	7.731109e+01
1.040000e-06	3.245568e-06	1.933409e-09	2.283438e+01	1.135845e+02
1.050000e-06	3.386265e-06	2.553009e-09	2.382426e+01	1.503384e+02
1.060000e-06	3.525605e-06	3.171842e-09	2.480459e+01	1.872146e+02
1.070000e-06	3.663579e-06	3.786432e-09	2.577532e+01	2.238543e+02
1.080000e-06	3.800205e-06	4.393284e-09	2.673655e+01	2.599176e+02
1.090000e-06	3.935432e-06	4.986038e-09	2.768795e+01	2.950998e+02
1.100000e-06	4.069236e-06	5.559479e-09	2.862934e+01	3.291426e+02
1.110000e-06	4.201643e-06	6.111950e-09	2.956090e+01	3.618413e+02
1.120000e-06	4.332511e-06	6.640972e-09	3.048162e+01	3.930471e+02
1.130000e-06	4.461765e-06	7.143353e-09	3.139100e+01	4.226667e+02
1.140000e-06	4.589449e-06	7.615562e-09	3.228933e+01	4.506585e+02
1.150000e-06	4.715580e-06	8.057564e-09	3.317673e+01	4.770250e+02
1.160000e-06	4.840164e-06	8.470545e-09	3.405325e+01	5.018040e+02
1.170000e-06	4.962997e-06	8.858103e-09	3.491745e+01	5.250565e+02
1.180000e-06	5.083954e-06	9.221107e-09	3.576844e+01	5.468557e+02
1.190000e-06	5.203090e-06	9.562445e-09	3.660663e+01	5.672763e+02
1.200000e-06	5.320304e-06	9.885557e-09	3.743130e+01	5.863888e+02
1.210000e-06	5.435390e-06	1.018925e-08	3.824099e+01	6.042561e+02
1.220000e-06	5.548401e-06	1.047181e-08	3.903608e+01	6.209359e+02
1.230000e-06	5.659418e-06	1.073367e-08	3.981715e+01	6.364845e+02
1.240000e-06	5.768468e-06	1.097534e-08	4.058438e+01	6.509619e+02
1.250000e-06	5.875501e-06	1.119764e-08	4.133742e+01	6.644347e+02
1.260000e-06	5.980363e-06	1.140584e-08	4.207518e+01	6.769762e+02
1.270000e-06	6.083061e-06	1.160137e-08	4.279772e+01	6.886619e+02
1.280000e-06	6.183579e-06	1.178550e-08	4.350492e+01	6.995637e+02
1.290000e-06	6.281772e-06	1.195890e-08	4.419576e+01	7.097440e+02
1.300000e-06	6.377644e-06	1.212098e-08	4.487028e+01	7.192513e+02
1.310000e-06	6.471366e-06	1.226944e-08	4.552966e+01	7.281204e+02
1.320000e-06	6.562860e-06	1.240508e-08	4.617337e+01	7.363764e+02
1.330000e-06	6.651992e-06	1.253056e-08	4.680046e+01	7.440416e+02
1.340000e-06	6.738786e-06	1.264815e-08	4.741111e+01	7.511429e+02
1.350000e-06	6.823292e-06	1.275878e-08	4.800565e+01	7.577161e+02
1.360000e-06	6.905416e-06	1.286180e-08	4.858344e+01	7.638073e+02
1.370000e-06	6.984996e-06	1.295658e-08	4.914333e+01	7.694692e+02
1.380000e-06	7.062022e-06	1.304442e-08	4.968525e+01	7.747542e+02
1.390000e-06	7.136392e-06	1.312664e-08	5.020849e+01	7.797075e+02
1.400000e-06	7.208099e-06	1.320260e-08	5.071299e+01	7.843612e+02
1.410000e-06	7.277268e-06	1.327460e-08	5.119963e+01	7.887334e+02
1.420000e-06	7.343784e-06	1.334484e-08	5.166761e+01	7.928297e+02
1.430000e-06	7.407668e-06	1.341136e-08	5.211707e+01	7.966501e+02
1.440000e-06	7.469085e-06	1.347196e-08	5.254917e+01	8.001943e+02
1.450000e-06	7.527946e-06	1.352653e-08	5.296329e+01	8.034676e+02
1.460000e-06	7.584104e-06	1.357566e-08	5.335839e+01	8.064825e+02
1.470000e-06	7.637384e-06	1.362192e-08	5.373324e+01	8.092574e+02
1.480000e-06	7.687485e-06	1.366584e-08	5.408574e+01	8.118124e+02
1.490000e-06	7.734542e-06	1.370790e-08	5.441680e+01	8.141652e+02
1.500000e-06	7.778912e-06	1.374651e-08	5.472897e+01	8.163281e+02
1.510000e-06	7.820507e-06	1.377966e-08	5.502162e+01	8.183072e+02
1.520000e-06	7.859291e-06	1.380779e-08	5.529448e+01	8.201047e+02
1.530000e-06	7.895396e-06	1.383260e-08	5.554850e+01	8.217226e+02
1.540000e-06	7.928712e-06	1.385541e-08	5.578290e+01	8.231659e+02
1.550000e-06	7.959255e-06	1.387634e-08	5.599779e+01	8.244441e+02
1.560000e-06	7.987117e-06	1.389522e-08	5.619381e+01	8.255708e+02
1.570000e-06	8.012067e-06	1.391269e-08	5.636935e+01	8.265601e+02
1.580000e-06	8.034153e-06	1.392851e-08	5.652474e+01	8.274238e+02
1.590000e-06	8.053561e-06	1.394026e-08	5.666128e+01	8.281682e+02
1.600000e-06	8.070117e-06	1.394775e-08	5.677776e+01	8.287938e+02
1.610000e-06	8.083658e-06	1.395381e-08	5.687303e+01	8.292974e+02
1.620000e-06	8.094082e-06	1.395987e-08	5.694637e+01	8.296751e+02
1.630000e-06	8.101427e-06	1.396449e-08	5.699805e+01	8.299265e+02
1.640000e-06	8.105932e-06	1.396672e-08	5.702974e+01	8.300561e+02
1.650000e-06	8.107603e-06	1.396537e-08	5.704150e+01	8.300735e+02
1.660000e-06	8.106523e-06	1.396725e-08	5.703390e+01	8.299903e+02
1.670000e-06	8.102884e-06	1.396581e-08	5.700830e+01	8.298164e+02
1.680000e-06	8.096523e-06	1.396009e-08	5.696354e+01	8.295565e+02
1.690000e-06	8.087437e-06	1.395313e-08	5.689962e+01	8.292087e+02
1.700000e-06	8.075621e-06	1.394419e-08	5.681649e+01	8.287661e+02
1.710000e-06	8.060989e-06	1.393188e-08	5.671354e+01	8.282200e+02
1.720000e-06	8.043782e-06	1.391199e-08	5.659248e+01	8.275648e+02
1.730000e-06	8.024261e-06	1.393493e-08	5.645514e+01	8.268008e+02
1.740000e-06	8.002046e-06	1.395846e-08	5.629884e+01	8.259356e+02
1.750000e-06	7.976346e-06	1.391599e-08	5.611803e+01	8.249813e+02
1.760000e-06	7.946950e-06	1.386871e-08	5.591121e+01	8.239505e+02
1.770000e-06	7.914426e-06	1.385089e-08	5.568239e+01	8.228511e+02
1.780000e-06	7.879372e-06	1.382013e-08	5.543576e+01	8.216831e+02
1.790000e-06	7.841908e-06	1.377284e-08	5.517218e+01	8.204379e+02
1.800000e-06	7.802277e-06	1.379605e-08	5.489336e+01	8.191011e+02
1.810000e-06	7.760397e-06	1.373805e-08	5.459871e+01	8.176578e+02
1.820000e-06	7.715907e-06	1.373277e-08	5.428570e+01	8.160977e+02
1.830000e-06	7.668784e-06	1.375916e-08	5.395416e+01	8.144195e+02
1.840000e-06	7.618690e-06	1.367799e-08	5.360172e+01	8.126308e+02
1.850000e-06	7.565522e-06	1.366980e-08	5.322765e+01	8.107458e+02
1.860000e-06	7.509470e-06	1.358562e-08	5.283330e+01	8.087800e+02
1.870000e-06	7.450690e-06	1.357362e-08	5.241975e+01	8.067442e+02
1.880000e-06	7.389358e-06	1.354451e-08	5.198825e+01	8.046411e+02
1.890000e-06	7.325283e-06	1.348082e-08	5.153744e+01	8.024637e+02
1.900000e-06	7.258494e-06	1.350262e-08	5.106754e+01	8.001980e+02
1.910000e-06	7.188952e-06	1.344385e-08	5.057828e+01	7.978273e+02
1.920000e-06	7.116629e-06	1.341610e-08	5.006945e+01	7.953376e+02
1.930000e-06	7.041649e-06	1.332918e-08	4.954192e+01	7.927212e+02
1.940000e-06	6.963878e-06	1.328035e-08	4.899476e+01	7.899780e+02
1.950000e-06	6.883498e-06	1.325332e-08	4.842924e+01	7.871140e+02
1.960000e-06	6.800677e-06	1.318588e-08	4.784655e+01	7.841382e+02
1.970000e-06	6.715430e-06	1.316618e-08	4.724678e+01	7.810583e+02
1.980000e-06	6.627785e-06	1.309187e-08	4.663015e+01	7.778784e+02
1.990000e-06	6.537785e-06	1.305788e-08	4.599696e+01	7.745982e+02
2.000000e-06	6.445521e-06	1.298525e-08	4.534782e+01	7.712134e+02
2.010000e-06	6.350955e-06	1.292030e-08	4.468250e+01	7.677186e+02
2.020000e-06	6.254119e-06	1.286097e-08	4.400121e+01	7.641087e+02
2.030000e-06	6.155060e-06	1.279760e-08	4.330427e+01	7.603805e+02
2.040000e-06	6.053776e-06	1.274739e-08	4.259168e+01	7.565320e+02
2.050000e-06	5.950218e-06	1.265893e-08	4.186310e+01	7.525614e+02
2.060000e-06	5.844538e-06	1.259811e-08	4.111957e+01	7.484655e+02
2.070000e-06	5.736890e-06	1.251867e-08	4.036221e+01	7.442391e+02
2.080000e-06	5.627144e-06	1.246081e-08	3.959009e+01	7.398754e+02
2.090000e-06	5.515302e-06	1.237862e-08	3.880322e+01	7.353683e+02
2.100000e-06	5.401403e-06	1.229963e-08	3.800187e+01	7.307141e+02
2.110000e-06	5.285438e-06	1.221835e-08	3.718600e+01	7.259129e+02
2.120000e-06	5.167343e-06	1.213275e-08	3.635513e+01	7.209691e+02
2.130000e-06	5.047294e-06	1.204445e-08	3.551052e+01	7.158892e+02
2.140000e-06	4.925496e-06	1.194975e-08	3.465361e+01	7.106793e+02
2.150000e-06	4.801944e-06	1.187292e-08	3.378435e+01	7.053419e+02
2.160000e-06	4.676558e-06	1.178344e-08	3.290219e+01	6.998741e+02
2.170000e-06	4.549440e-06	1.169545e-08	3.200784e+01	6.942674e+02
2.180000e-06	4.420817e-06	1.158939e-08	3.110291e+01	6.885098e+02
2.190000e-06	4.290621e-06	1.149401e-08	3.018690e+01	6.825888e+02
2.200000e-06	4.158908e-06	1.138895e-08	2.926023e+01	6.764944e+02
2.210000e-06	4.025724e-06	1.128145e-08	2.832321e+01	6.702208e+02
2.220000e-06	3.891009e-06	1.116753e-08	2.737541e+01	6.637662e+02
2.230000e-06	3.754819e-06	1.105746e-08	2.641724e+01	6.571313e+02
2.240000e-06	3.617277e-06	1.095087e-08	2.544956e+01	6.503161e+02
2.250000e-06	3.478464e-06	1.083191e-08	2.447293e+01	6.433178e+02
2.260000e-06	3.338352e-06	1.071051e-08	2.348717e+01	6.361297e+02
2.270000e-06	3.196907e-06	1.058272e-08	2.249202e+01	6.287419e+02
2.280000e-06	3.054227e-06	1.046082e-08	2.148818e+01	6.211440e+02
2.290000e-06	2.910441e-06	1.032798e-08	2.047657e+01	6.133275e+02
2.300000e-06	2.765647e-06	1.019008e-08	1.945786e+01	6.052876e+02
2.310000e-06	2.619866e-06	1.004650e-08	1.843222e+01	5.970232e+02
2.320000e-06	2.473160e-06	9.905732e-09	1.740006e+01	5.885350e+02
2.330000e-06	2.325605e-06	9.761153e-09	1.636193e+01	5.798222e+02
2.340000e-06	2.177260e-06	9.608335e-09	1.531823e+01	5.708799e+02
2.350000e-06	2.028241e-06	9.452961e-09	1.426980e+01	5.616970e+02
2.360000e-06	1.878487e-06	9.295668e-09	1.321620e+01	5.522574e+02
2.370000e-06	1.727944e-06	9.136757e-09	1.215705e+01	5.425423e+02
2.380000e-06	1.576738e-06	8.966200e-09	1.109323e+01	5.325345e+02
2.390000e-06	1.425001e-06	8.788352e-09	1.002567e+01	5.222211e+02
2.400000e-06	1.272812e-06	8.607132e-09	8.954938e+00	5.115948e+02
2.410000e-06	1.120203e-06	8.424065e-09	7.881251e+00	5.006523e+02
2.420000e-06	9.671980e-07	8.233887e-09	6.804776e+00	4.893892e+02
2.430000e-06	8.138584e-07	8.038698e-09	5.725947e+00	4.777949e+02
2.440000e-06	6.602186e-07	7.840582e-09	4.645005e+00	4.658464e+02
2.450000e-06	5.063606e-07	7.636207e-09	3.562529e+00	4.535058e+02
2.460000e-06	3.523234e-07	7.419087e-09	2.478791e+00	4.407207e+02
2.470000e-06	1.981229e-07	7.190045e-09	1.393905e+00	4.274284e+02
2.480000e-06	4.385845e-08	6.953541e-09	3.085686e-01	4.135624e+02
2.490000e-06	-1.104191e-07	6.710486e-09	-7.768596e-01	3.990609e+02
2.500000e-06	-2.646286e-07	6.456655e-09	-1.861809e+00	3.838726e+02
2.510000e-06	-4.186791e-07	6.190690e-09	-2.945640e+00	3.679615e+02
2.520000e-06	-5.725256e-07	5.915194e-09	-4.028036e+00	3.513066e+02
2.530000e-06	-7.261765e-07	5.625336e-09	-5.109055e+00	3.338995e+02
2.540000e-06	-8.796238e-07	5.318502e-09	-6.188643e+00	3.157382e+02
2.550000e-06	-1.032761e-06	4.995379e-09	-7.266046e+00	2.968191e+02
2.560000e-06	-1.185491e-06	4.661258e-09	-8.340591e+00	2.771294e+02
2.570000e-06	-1.337817e-06	4.316244e-09	-9.412284e+00	2.566386e+02
2.580000e-06	-1.489691e-06	3.958666e-09	-1.048080e+01	2.352937e+02
2.590000e-06	-1.640961e-06	3.584762e-09	-1.154507e+01	2.130154e+02
2.600000e-06	-1.791541e-06	3.193010e-09	-1.260449e+01	1.896995e+02
2.610000e-06	-1.941424e-06	2.783493e-09	-1.365900e+01	1.652231e+02
2.620000e-06	-2.090607e-06	2.351765e-09	-1.470858e+01	1.394550e+02
2.630000e-06	-2.239074e-06	1.894290e-09	-1.575313e+01	1.122716e+02
2.640000e-06	-2.386766e-06	1.411154e-09	-1.679223e+01	8.357621e+01
2.650000e-06	-2.533623e-06	9.024438e-10	-1.782545e+01	5.331796e+01
2.660000e-06	-2.679615e-06	3.678744e-10	-1.885258e+01	2.150936e+01
2.670000e-06	-2.824694e-06	-1.907696e-10	-1.987329e+01	-1.176225e+01
2.680000e-06	-2.968722e-06	-7.695240e-10	-2.088661e+01	-4.633106e+01
2.690000e-06	-3.111588e-06	-1.364296e-09	-2.189175e+01	-8.195773e+01
2.700000e-06	-3.253230e-06	-1.971011e-09	-2.288828e+01	-1.183427e+02
2.710000e-06	-3.393627e-06	-2.586247e-09	-2.387605e+01	-1.551451e+02
2.720000e-06	-3.532763e-06	-3.206849e-09	-2.485495e+01	-1.920053e+02
2.730000e-06	-3.670561e-06	-3.824233e-09	-2.582444e+01	-2.285663e+02
2.740000e-06	-3.807012e-06	-4.432279e-09	-2.678445e+01	-2.644936e+02
2.750000e-06	-3.942058e-06	-5.024011e-09	-2.773457e+01	-2.994900e+02
2.760000e-06	-4.075615e-06	-5.593914e-09	-2.867422e+01	-3.333064e+02
2.770000e-06	-4.207751e-06	-6.137253e-09	-2.960387e+01	-3.657480e+02
2.780000e-06	-4.338421e-06	-6.652745e-09	-3.052321e+01	-3.966760e+02
2.790000e-06	-4.467593e-06	-7.144087e-09	-3.143201e+01	-4.260068e+02
2.800000e-06	-4.595205e-06	-7.610699e-09	-3.232982e+01	-4.537071e+02
2.810000e-06	-4.721100e-06	-8.050435e-09	-3.321556e+01	-4.797868e+02
2.820000e-06	-4.845351e-06	-8.464505e-09	-3.408974e+01	-5.042884e+02
2.830000e-06	-4.967932e-06	-8.855597e-09	-3.495216e+01	-5.272761e+02
2.840000e-06	-5.088715e-06	-9.223857e-09	-3.580194e+01	-5.488238e+02
2.850000e-06	-5.207527e-06	-9.567688e-09	-3.663785e+01	-5.690061e+02
2.860000e-06	-5.324218e-06	-9.886104e-09	-3.745883e+01	-5.878919e+02
2.870000e-06	-5.438817e-06	-1.018211e-08	-3.826510e+01	-6.055433e+02
2.880000e-06	-5.551270e-06	-1.045819e-08	-3.905627e+01	-6.220171e+02
2.890000e-06	-5.661532e-06	-1.071602e-08	-3.983203e+01	-6.373700e+02
2.900000e-06	-5.769787e-06	-1.095814e-08	-4.059366e+01	-6.516631e+02
2.910000e-06	-5.876170e-06	-1.118407e-08	-4.134212e+01	-6.649643e+02
2.920000e-06	-5.980581e-06	-1.139340e-08	-4.207671e+01	-6.773476e+02
2.930000e-06	-6.082777e-06	-1.158884e-08	-4.279572e+01	-6.888884e+02
2.940000e-06	-6.182679e-06	-1.177035e-08	-4.349858e+01	-6.996574e+02
2.950000e-06	-6.280442e-06	-1.193909e-08	-4.418641e+01	-7.097145e+02
2.960000e-06	-6.376037e-06	-1.209713e-08	-4.485897e+01	-7.191058e+02
2.970000e-06	-6.469329e-06	-1.224659e-08	-4.551533e+01	-7.278639e+02
2.980000e-06	-6.560377e-06	-1.238614e-08	-4.615590e+01	-7.360130e+02
2.990000e-06	-6.649197e-06	-1.251384e-08	-4.678080e+01	-7.435755e+02
3.000000e-06	-6.735613e-06	-1.263318e-08	-4.738878e+01	-7.505797e+02
3.010000e-06	-6.819569e-06	-1.274363e-08	-4.797946e+01	-7.570634e+02
3.020000e-06	-6.901188e-06	-1.284528e-08	-4.855370e+01	-7.630742e+02
3.030000e-06	-6.980362e-06	-1.294032e-08	-4.911073e+01	-7.686652e+02
3.040000e-06	-7.056800e-06	-1.303060e-08	-4.964851e+01	-7.738882e+02
3.050000e-06	-7.130544e-06	-1.311546e-08	-5.016734e+01	-7.787862e+02
3.060000e-06	-7.201724e-06	-1.319364e-08	-5.066813e+01	-7.833889e+02
3.070000e-06	-7.270304e-06	-1.326546e-08	-5.115063e+01	-7.877118e+02
3.080000e-06	-7.336294e-06	-1.333263e-08	-5.161491e+01	-7.917592e+02
3.090000e-06	-7.399713e-06	-1.339553e-08	-5.206110e+01	-7.955303e+02
3.100000e-06	-7.460507e-06	-1.345469e-08	-5.248882e+01	-7.990257e+02
3.110000e-06	-7.518634e-06	-1.350922e-08	-5.289777e+01	-8.022520e+02
3.120000e-06	-7.573987e-06	-1.355825e-08	-5.328721e+01	-8.052228e+02
3.130000e-06	-7.626406e-06	-1.360382e-08	-5.365601e+01	-8.079571e+02
3.140000e-06	-7.675819e-06	-1.364668e-08	-5.400365e+01	-8.104750e+02
3.150000e-06	-7.722290e-06	-1.368553e-08	-5.433060e+01	-8.127934e+02
3.160000e-06	-7.766167e-06	-1.372020e-08	-5.463931e+01	-8.149233e+02
3.170000e-06	-7.807572e-06	-1.375252e-08	-5.493062e+01	-8.168700e+02
3.180000e-06	-7.846234e-06	-1.378331e-08	-5.520262e+01	-8.186355e+02
3.190000e-06	-7.882105e-06	-1.381166e-08	-5.545499e+01	-8.202219e+02
3.200000e-06	-7.915279e-06	-1.383660e-08	-5.568839e+01	-8.216351e+02
3.210000e-06	-7.945604e-06	-1.385992e-08	-5.590175e+01	-8.228854e+02
3.220000e-06	-7.973024e-06	-1.388202e-08	-5.609466e+01	-8.239867e+02
3.230000e-06	-7.997734e-06	-1.390013e-08	-5.626851e+01	-8.249530e+02
3.240000e-06	-8.019613e-06	-1.391345e-08	-5.642244e+01	-8.257953e+02
3.250000e-06	-8.038576e-06	-1.392311e-08	-5.655585e+01	-8.265187e+02
3.260000e-06	-8.054698e-06	-1.393233e-08	-5.666928e+01	-8.271231e+02
3.270000e-06	-8.067709e-06	-1.394231e-08	-5.676082e+01	-8.276046e+02
3.280000e-06	-8.077692e-06	-1.395021e-08	-5.683106e+01	-8.279599e+02
3.290000e-06	-8.084848e-06	-1.395574e-08	-5.688140e+01	-8.281892e+02
3.300000e-06	-8.089126e-06	-1.396187e-08	-5.691150e+01	-8.282981e+02
3.310000e-06	-8.090623e-06	-1.396659e-08	-5.692203e+01	-8.282969e+02
