# Temperatura_=_55.88
# Concentracion g/m^3_=_11780.0
# C_Vs_to_Am_M_A/Vsm_=_59384043850.047264
# pendiente_HvsI_1/m_=_3716.3
# ordenada_HvsI_A/m_=_1297.0
# frecuencia_Hz_=_301540.7629512479

Tiempo_(s)	Campo_(V.s)	Magnetizacion_(V.s)	Campo_(kA/m)	Magnetizacion_(A/m)
0.000000e+00	-8.066118e-06	-1.429972e-08	-5.691713e+01	-8.485115e+02
1.000000e-08	-8.062883e-06	-1.429527e-08	-5.689430e+01	-8.484231e+02
2.000000e-08	-8.057038e-06	-1.429023e-08	-5.685306e+01	-8.482411e+02
3.000000e-08	-8.048533e-06	-1.428260e-08	-5.679304e+01	-8.479423e+02
4.000000e-08	-8.037149e-06	-1.427465e-08	-5.671271e+01	-8.475089e+02
5.000000e-08	-8.022834e-06	-1.426658e-08	-5.661170e+01	-8.469363e+02
6.000000e-08	-8.005679e-06	-1.426602e-08	-5.649065e+01	-8.462347e+02
7.000000e-08	-7.986031e-06	-1.426288e-08	-5.635201e+01	-8.454258e+02
8.000000e-08	-7.963832e-06	-1.419648e-08	-5.619537e+01	-8.445348e+02
9.000000e-08	-7.938409e-06	-1.415229e-08	-5.601597e+01	-8.435812e+02
1.000000e-07	-7.909649e-06	-1.417668e-08	-5.581303e+01	-8.425725e+02
1.100000e-07	-7.878057e-06	-1.419055e-08	-5.559011e+01	-8.415014e+02
1.200000e-07	-7.843791e-06	-1.416190e-08	-5.534832e+01	-8.403493e+02
1.300000e-07	-7.807036e-06	-1.412951e-08	-5.508896e+01	-8.390940e+02
1.400000e-07	-7.768182e-06	-1.415638e-08	-5.481479e+01	-8.377172e+02
1.500000e-07	-7.726960e-06	-1.409491e-08	-5.452392e+01	-8.362118e+02
1.600000e-07	-7.682903e-06	-1.407767e-08	-5.421304e+01	-8.345833e+02
1.700000e-07	-7.636165e-06	-1.402600e-08	-5.388324e+01	-8.328470e+02
1.800000e-07	-7.586536e-06	-1.393446e-08	-5.353304e+01	-8.310214e+02
1.900000e-07	-7.533708e-06	-1.397935e-08	-5.316027e+01	-8.291206e+02
2.000000e-07	-7.478050e-06	-1.394077e-08	-5.276753e+01	-8.271488e+02
2.100000e-07	-7.419678e-06	-1.390528e-08	-5.235564e+01	-8.250990e+02
2.200000e-07	-7.358668e-06	-1.385799e-08	-5.192513e+01	-8.229554e+02
2.300000e-07	-7.295078e-06	-1.382072e-08	-5.147642e+01	-8.206997e+02
2.400000e-07	-7.228737e-06	-1.381897e-08	-5.100830e+01	-8.183173e+02
2.500000e-07	-7.159728e-06	-1.372418e-08	-5.052135e+01	-8.158022e+02
2.600000e-07	-7.088115e-06	-1.366285e-08	-5.001602e+01	-8.131574e+02
2.700000e-07	-7.013762e-06	-1.364101e-08	-4.949136e+01	-8.103923e+02
2.800000e-07	-6.936612e-06	-1.362687e-08	-4.894697e+01	-8.075179e+02
2.900000e-07	-6.856703e-06	-1.356019e-08	-4.838310e+01	-8.045415e+02
3.000000e-07	-6.774314e-06	-1.347445e-08	-4.780174e+01	-8.014635e+02
3.100000e-07	-6.689711e-06	-1.345431e-08	-4.720476e+01	-7.982779e+02
3.200000e-07	-6.602878e-06	-1.339683e-08	-4.659204e+01	-7.949750e+02
3.300000e-07	-6.513706e-06	-1.333726e-08	-4.596281e+01	-7.915463e+02
3.400000e-07	-6.422146e-06	-1.326238e-08	-4.531673e+01	-7.879878e+02
3.500000e-07	-6.328287e-06	-1.320210e-08	-4.465443e+01	-7.843019e+02
3.600000e-07	-6.232099e-06	-1.315952e-08	-4.397570e+01	-7.804958e+02
3.700000e-07	-6.133616e-06	-1.308330e-08	-4.328077e+01	-7.765777e+02
3.800000e-07	-6.032961e-06	-1.300051e-08	-4.257052e+01	-7.725524e+02
3.900000e-07	-5.930132e-06	-1.292200e-08	-4.184492e+01	-7.684184e+02
4.000000e-07	-5.825099e-06	-1.288194e-08	-4.110377e+01	-7.641670e+02
4.100000e-07	-5.717927e-06	-1.281141e-08	-4.034754e+01	-7.597856e+02
4.200000e-07	-5.608808e-06	-1.272257e-08	-3.957756e+01	-7.552614e+02
4.300000e-07	-5.497792e-06	-1.263755e-08	-3.879419e+01	-7.505861e+02
4.400000e-07	-5.384707e-06	-1.256593e-08	-3.799623e+01	-7.457586e+02
4.500000e-07	-5.269419e-06	-1.248630e-08	-3.718272e+01	-7.407846e+02
4.600000e-07	-5.151997e-06	-1.238356e-08	-3.635415e+01	-7.356734e+02
4.700000e-07	-5.032673e-06	-1.229494e-08	-3.551216e+01	-7.304334e+02
4.800000e-07	-4.911528e-06	-1.221707e-08	-3.465732e+01	-7.250675e+02
4.900000e-07	-4.788570e-06	-1.213749e-08	-3.378969e+01	-7.195716e+02
5.000000e-07	-4.663917e-06	-1.202913e-08	-3.291010e+01	-7.139346e+02
5.100000e-07	-4.537641e-06	-1.192219e-08	-3.201906e+01	-7.081425e+02
5.200000e-07	-4.409820e-06	-1.182664e-08	-3.111711e+01	-7.021823e+02
5.300000e-07	-4.280359e-06	-1.172896e-08	-3.020359e+01	-6.960462e+02
5.400000e-07	-4.149278e-06	-1.161435e-08	-2.927864e+01	-6.897326e+02
5.500000e-07	-4.016781e-06	-1.149826e-08	-2.834370e+01	-6.832448e+02
5.600000e-07	-3.882808e-06	-1.139712e-08	-2.739835e+01	-6.765874e+02
5.700000e-07	-3.747394e-06	-1.129010e-08	-2.644282e+01	-6.697615e+02
5.800000e-07	-3.610670e-06	-1.116834e-08	-2.547805e+01	-6.627623e+02
5.900000e-07	-3.472551e-06	-1.103737e-08	-2.450344e+01	-6.555784e+02
6.000000e-07	-3.333011e-06	-1.091861e-08	-2.351880e+01	-6.481943e+02
6.100000e-07	-3.192123e-06	-1.079768e-08	-2.252465e+01	-6.405950e+02
6.200000e-07	-3.049976e-06	-1.066173e-08	-2.152161e+01	-6.327701e+02
6.300000e-07	-2.906647e-06	-1.051694e-08	-2.051023e+01	-6.247167e+02
6.400000e-07	-2.762158e-06	-1.037799e-08	-1.949068e+01	-6.164384e+02
6.500000e-07	-2.616667e-06	-1.024213e-08	-1.846405e+01	-6.079422e+02
6.600000e-07	-2.470290e-06	-1.009493e-08	-1.743117e+01	-5.992330e+02
6.700000e-07	-2.323065e-06	-9.943538e-09	-1.639229e+01	-5.903082e+02
6.800000e-07	-2.175107e-06	-9.793289e-09	-1.534826e+01	-5.811556e+02
6.900000e-07	-2.026442e-06	-9.641117e-09	-1.429922e+01	-5.717533e+02
7.000000e-07	-1.877062e-06	-9.474865e-09	-1.324516e+01	-5.620744e+02
7.100000e-07	-1.727051e-06	-9.298974e-09	-1.218663e+01	-5.520927e+02
7.200000e-07	-1.576496e-06	-9.122202e-09	-1.112426e+01	-5.417890e+02
7.300000e-07	-1.425445e-06	-8.947570e-09	-1.005840e+01	-5.311537e+02
7.400000e-07	-1.273865e-06	-8.765343e-09	-8.988803e+00	-5.201868e+02
7.500000e-07	-1.121769e-06	-8.572908e-09	-7.915561e+00	-5.088932e+02
7.600000e-07	-9.692753e-07	-8.379371e-09	-6.839519e+00	-4.972751e+02
7.700000e-07	-8.164485e-07	-8.180345e-09	-5.761124e+00	-4.853240e+02
7.800000e-07	-6.633100e-07	-7.972149e-09	-4.680529e+00	-4.730149e+02
7.900000e-07	-5.099455e-07	-7.753298e-09	-3.598339e+00	-4.603034e+02
8.000000e-07	-3.564051e-07	-7.530746e-09	-2.514910e+00	-4.471281e+02
8.100000e-07	-2.027090e-07	-7.303703e-09	-1.430380e+00	-4.334163e+02
8.200000e-07	-4.893000e-08	-7.064538e-09	-3.452658e-01	-4.190927e+02
8.300000e-07	1.048739e-07	-6.810266e-09	7.400243e-01	-4.040880e+02
8.400000e-07	2.586673e-07	-6.541601e-09	1.825240e+00	-3.883466e+02
8.500000e-07	4.123421e-07	-6.262665e-09	2.909619e+00	-3.718303e+02
8.600000e-07	5.658204e-07	-5.970404e-09	3.992611e+00	-3.545187e+02
8.700000e-07	7.190775e-07	-5.663258e-09	5.074043e+00	-3.364049e+02
8.800000e-07	8.720858e-07	-5.345704e-09	6.153719e+00	-3.174882e+02
8.900000e-07	1.024797e-06	-5.019066e-09	7.231296e+00	-2.977645e+02
9.000000e-07	1.177093e-06	-4.675724e-09	8.305945e+00	-2.772155e+02
9.100000e-07	1.328911e-06	-4.312422e-09	9.377222e+00	-2.557994e+02
9.200000e-07	1.480255e-06	-3.930622e-09	1.044516e+01	-2.334437e+02
9.300000e-07	1.631057e-06	-3.533366e-09	1.150926e+01	-2.100432e+02
9.400000e-07	1.781296e-06	-3.118896e-09	1.256940e+01	-1.854632e+02
9.500000e-07	1.930961e-06	-2.681975e-09	1.362548e+01	-1.595503e+02
9.600000e-07	2.079954e-06	-2.222853e-09	1.467683e+01	-1.321480e+02
9.700000e-07	2.228240e-06	-1.737390e-09	1.572318e+01	-1.031186e+02
9.800000e-07	2.375749e-06	-1.219770e-09	1.676405e+01	-7.236575e+01
9.900000e-07	2.522383e-06	-6.668094e-10	1.779875e+01	-3.985674e+01
1.000000e-06	2.668128e-06	-8.255243e-11	1.882717e+01	-5.639406e+00
1.010000e-06	2.812918e-06	5.236944e-10	1.984885e+01	3.014834e+01
1.020000e-06	2.956603e-06	1.149488e-09	2.086274e+01	6.727831e+01
1.030000e-06	3.099201e-06	1.791628e-09	2.186896e+01	1.054415e+02
1.040000e-06	3.240730e-06	2.445159e-09	2.286763e+01	1.442660e+02
1.050000e-06	3.380990e-06	3.104571e-09	2.385736e+01	1.833407e+02
1.060000e-06	3.519879e-06	3.763016e-09	2.483740e+01	2.222423e+02
1.070000e-06	3.657386e-06	4.412165e-09	2.580769e+01	2.605619e+02
1.080000e-06	3.793512e-06	5.042701e-09	2.676824e+01	2.979289e+02
1.090000e-06	3.928333e-06	5.648513e-09	2.771958e+01	3.340295e+02
1.100000e-06	4.061817e-06	6.228093e-09	2.866149e+01	3.686189e+02
1.110000e-06	4.193842e-06	6.781490e-09	2.959310e+01	4.015256e+02
1.120000e-06	4.324302e-06	7.308281e-09	3.051367e+01	4.326496e+02
1.130000e-06	4.453153e-06	7.805692e-09	3.142288e+01	4.619543e+02
1.140000e-06	4.580433e-06	8.270679e-09	3.232101e+01	4.894543e+02
1.150000e-06	4.706177e-06	8.703736e-09	3.320830e+01	5.152005e+02
1.160000e-06	4.830310e-06	9.105280e-09	3.408423e+01	5.392667e+02
1.170000e-06	4.952670e-06	9.479085e-09	3.494763e+01	5.617368e+02
1.180000e-06	5.073166e-06	9.825974e-09	3.579789e+01	5.826974e+02
1.190000e-06	5.191864e-06	1.015141e-08	3.663546e+01	6.022326e+02
1.200000e-06	5.308646e-06	1.046013e-08	3.745951e+01	6.204240e+02
1.210000e-06	5.423303e-06	1.074938e-08	3.826857e+01	6.373514e+02
1.220000e-06	5.535913e-06	1.101701e-08	3.906319e+01	6.530948e+02
1.230000e-06	5.646598e-06	1.126384e-08	3.984422e+01	6.677347e+02
1.240000e-06	5.755334e-06	1.149179e-08	4.061149e+01	6.813515e+02
1.250000e-06	5.861969e-06	1.170082e-08	4.136394e+01	6.940225e+02
1.260000e-06	5.966408e-06	1.189512e-08	4.210089e+01	7.058187e+02
1.270000e-06	6.068733e-06	1.207803e-08	4.282294e+01	7.168032e+02
1.280000e-06	6.168888e-06	1.224984e-08	4.352966e+01	7.270295e+02
1.290000e-06	6.266684e-06	1.241091e-08	4.421974e+01	7.365441e+02
1.300000e-06	6.362236e-06	1.256079e-08	4.489399e+01	7.453888e+02
1.310000e-06	6.455648e-06	1.269873e-08	4.555313e+01	7.536049e+02
1.320000e-06	6.546756e-06	1.282498e-08	4.619602e+01	7.612352e+02
1.330000e-06	6.635488e-06	1.294196e-08	4.682214e+01	7.683251e+02
1.340000e-06	6.721920e-06	1.305088e-08	4.743203e+01	7.749207e+02
1.350000e-06	6.806089e-06	1.315188e-08	4.802596e+01	7.810662e+02
1.360000e-06	6.887859e-06	1.324682e-08	4.860295e+01	7.868009e+02
1.370000e-06	6.967137e-06	1.333613e-08	4.916236e+01	7.921576e+02
1.380000e-06	7.043859e-06	1.342030e-08	4.970374e+01	7.971626e+02
1.390000e-06	7.117846e-06	1.349939e-08	5.022582e+01	8.018383e+02
1.400000e-06	7.189209e-06	1.357197e-08	5.072937e+01	8.062058e+02
1.410000e-06	7.258109e-06	1.363990e-08	5.121556e+01	8.102875e+02
1.420000e-06	7.324383e-06	1.370500e-08	5.168321e+01	8.141075e+02
1.430000e-06	7.388033e-06	1.376530e-08	5.213234e+01	8.176893e+02
1.440000e-06	7.449254e-06	1.382042e-08	5.256433e+01	8.210529e+02
1.450000e-06	7.507834e-06	1.387084e-08	5.297769e+01	8.242107e+02
1.460000e-06	7.563727e-06	1.391924e-08	5.337209e+01	8.271657e+02
1.470000e-06	7.616783e-06	1.396562e-08	5.374647e+01	8.299128e+02
1.480000e-06	7.666618e-06	1.400789e-08	5.409813e+01	8.324430e+02
1.490000e-06	7.713449e-06	1.404789e-08	5.442858e+01	8.347494e+02
1.500000e-06	7.757600e-06	1.408509e-08	5.474013e+01	8.368335e+02
1.510000e-06	7.798989e-06	1.411660e-08	5.503217e+01	8.387085e+02
1.520000e-06	7.837577e-06	1.414098e-08	5.530447e+01	8.403981e+02
1.530000e-06	7.873479e-06	1.416282e-08	5.555780e+01	8.419319e+02
1.540000e-06	7.906588e-06	1.418601e-08	5.579143e+01	8.433375e+02
1.550000e-06	7.936950e-06	1.420891e-08	5.600568e+01	8.446331e+02
1.560000e-06	7.964568e-06	1.422903e-08	5.620055e+01	8.458225e+02
1.570000e-06	7.989265e-06	1.424710e-08	5.637483e+01	8.468959e+02
1.580000e-06	8.011171e-06	1.426373e-08	5.652940e+01	8.478344e+02
1.590000e-06	8.030460e-06	1.427605e-08	5.666551e+01	8.486192e+02
1.600000e-06	8.046910e-06	1.428261e-08	5.678159e+01	8.492395e+02
1.610000e-06	8.060301e-06	1.428744e-08	5.687608e+01	8.496986e+02
1.620000e-06	8.070508e-06	1.429394e-08	5.694810e+01	8.500140e+02
1.630000e-06	8.077672e-06	1.429973e-08	5.699865e+01	8.502125e+02
1.640000e-06	8.082111e-06	1.430121e-08	5.702998e+01	8.503217e+02
1.650000e-06	8.083744e-06	1.429734e-08	5.704150e+01	8.503605e+02
1.660000e-06	8.082571e-06	1.430002e-08	5.703322e+01	8.503335e+02
1.670000e-06	8.078774e-06	1.430069e-08	5.700643e+01	8.502301e+02
1.680000e-06	8.072311e-06	1.429620e-08	5.696082e+01	8.500289e+02
1.690000e-06	8.063167e-06	1.428881e-08	5.689630e+01	8.497069e+02
1.700000e-06	8.051268e-06	1.427851e-08	5.681234e+01	8.492485e+02
1.710000e-06	8.036584e-06	1.426371e-08	5.670873e+01	8.486517e+02
1.720000e-06	8.019359e-06	1.423363e-08	5.658718e+01	8.479291e+02
1.730000e-06	7.999797e-06	1.426431e-08	5.644914e+01	8.471037e+02
1.740000e-06	7.977486e-06	1.429909e-08	5.629171e+01	8.462002e+02
1.750000e-06	7.951709e-06	1.424896e-08	5.610982e+01	8.452367e+02
1.760000e-06	7.922232e-06	1.419549e-08	5.590182e+01	8.442176e+02
1.770000e-06	7.889604e-06	1.418131e-08	5.567159e+01	8.431336e+02
1.780000e-06	7.854521e-06	1.413785e-08	5.542403e+01	8.419647e+02
1.790000e-06	7.817029e-06	1.410084e-08	5.515948e+01	8.406887e+02
1.800000e-06	7.777360e-06	1.414641e-08	5.487956e+01	8.392890e+02
1.810000e-06	7.735484e-06	1.404795e-08	5.458407e+01	8.377608e+02
1.820000e-06	7.691057e-06	1.406766e-08	5.427058e+01	8.361117e+02
1.830000e-06	7.644019e-06	1.409082e-08	5.393866e+01	8.343581e+02
1.840000e-06	7.594037e-06	1.399419e-08	5.358597e+01	8.325182e+02
1.850000e-06	7.541029e-06	1.400912e-08	5.321193e+01	8.306047e+02
1.860000e-06	7.485095e-06	1.389264e-08	5.281724e+01	8.286198e+02
1.870000e-06	7.426444e-06	1.391712e-08	5.240338e+01	8.265545e+02
1.880000e-06	7.365267e-06	1.388570e-08	5.197170e+01	8.243921e+02
1.890000e-06	7.301299e-06	1.380298e-08	5.152031e+01	8.221146e+02
1.900000e-06	7.234595e-06	1.383763e-08	5.104963e+01	8.197087e+02
1.910000e-06	7.165159e-06	1.375546e-08	5.055967e+01	8.171699e+02
1.920000e-06	7.092914e-06	1.373808e-08	5.004989e+01	8.145027e+02
1.930000e-06	7.017987e-06	1.364170e-08	4.952117e+01	8.117173e+02
1.940000e-06	6.940299e-06	1.359552e-08	4.897299e+01	8.088242e+02
1.950000e-06	6.860053e-06	1.357057e-08	4.840674e+01	8.058298e+02
1.960000e-06	6.777445e-06	1.349373e-08	4.782383e+01	8.027332e+02
1.970000e-06	6.692458e-06	1.348849e-08	4.722414e+01	7.995273e+02
1.980000e-06	6.604984e-06	1.338830e-08	4.660689e+01	7.962024e+02
1.990000e-06	6.515108e-06	1.335892e-08	4.597270e+01	7.927506e+02
2.000000e-06	6.423030e-06	1.328390e-08	4.532297e+01	7.891689e+02
2.010000e-06	6.328612e-06	1.321375e-08	4.465673e+01	7.854609e+02
2.020000e-06	6.231949e-06	1.315436e-08	4.397464e+01	7.816342e+02
2.030000e-06	6.133171e-06	1.308419e-08	4.327763e+01	7.776967e+02
2.040000e-06	6.032151e-06	1.304671e-08	4.256480e+01	7.736523e+02
2.050000e-06	5.928809e-06	1.294870e-08	4.183558e+01	7.694980e+02
2.060000e-06	5.823345e-06	1.288407e-08	4.109140e+01	7.652244e+02
2.070000e-06	5.715912e-06	1.279398e-08	4.033332e+01	7.608183e+02
2.080000e-06	5.606438e-06	1.273556e-08	3.956083e+01	7.562675e+02
2.090000e-06	5.494907e-06	1.265186e-08	3.877383e+01	7.515648e+02
2.100000e-06	5.381284e-06	1.256917e-08	3.797207e+01	7.467105e+02
2.110000e-06	5.265587e-06	1.248878e-08	3.715568e+01	7.417113e+02
2.120000e-06	5.147776e-06	1.240090e-08	3.632437e+01	7.365765e+02
2.130000e-06	5.028004e-06	1.231181e-08	3.547921e+01	7.313139e+02
2.140000e-06	4.906443e-06	1.220667e-08	3.462144e+01	7.259253e+02
2.150000e-06	4.783146e-06	1.212419e-08	3.375142e+01	7.204051e+02
2.160000e-06	4.658142e-06	1.203127e-08	3.286935e+01	7.147414e+02
2.170000e-06	4.531414e-06	1.194512e-08	3.197511e+01	7.089200e+02
2.180000e-06	4.403087e-06	1.183416e-08	3.106960e+01	7.029288e+02
2.190000e-06	4.273233e-06	1.173265e-08	3.015331e+01	6.967608e+02
2.200000e-06	4.141911e-06	1.162289e-08	2.922666e+01	6.904158e+02
2.210000e-06	4.009113e-06	1.151180e-08	2.828959e+01	6.838974e+02
2.220000e-06	3.874827e-06	1.139323e-08	2.734203e+01	6.772098e+02
2.230000e-06	3.739094e-06	1.127662e-08	2.638425e+01	6.703535e+02
2.240000e-06	3.601971e-06	1.116806e-08	2.541667e+01	6.633223e+02
2.250000e-06	3.463504e-06	1.104670e-08	2.443960e+01	6.561037e+02
2.260000e-06	3.323770e-06	1.092313e-08	2.345359e+01	6.486822e+02
2.270000e-06	3.182789e-06	1.078797e-08	2.245878e+01	6.410431e+02
2.280000e-06	3.040525e-06	1.066060e-08	2.145493e+01	6.331774e+02
2.290000e-06	2.897113e-06	1.052309e-08	2.044296e+01	6.250833e+02
2.300000e-06	2.752703e-06	1.038157e-08	1.942396e+01	6.167655e+02
2.310000e-06	2.607308e-06	1.023460e-08	1.839800e+01	6.082311e+02
2.320000e-06	2.460970e-06	1.008943e-08	1.736539e+01	5.994837e+02
2.330000e-06	2.313799e-06	9.941089e-09	1.632691e+01	5.905195e+02
2.340000e-06	2.165846e-06	9.782773e-09	1.528291e+01	5.813240e+02
2.350000e-06	2.017188e-06	9.621433e-09	1.423393e+01	5.718743e+02
2.360000e-06	1.867821e-06	9.457032e-09	1.317994e+01	5.621430e+02
2.370000e-06	1.717726e-06	9.293260e-09	1.212083e+01	5.521050e+02
2.380000e-06	1.567006e-06	9.119439e-09	1.105730e+01	5.417423e+02
2.390000e-06	1.415748e-06	8.936827e-09	9.989973e+00	5.310476e+02
2.400000e-06	1.264017e-06	8.749750e-09	8.919309e+00	5.200219e+02
2.410000e-06	1.111796e-06	8.558986e-09	7.845191e+00	5.086704e+02
2.420000e-06	9.591242e-07	8.361841e-09	6.767889e+00	4.969937e+02
2.430000e-06	8.061363e-07	8.160572e-09	5.688357e+00	4.849811e+02
2.440000e-06	6.528806e-07	7.955011e-09	4.606936e+00	4.726038e+02
2.450000e-06	4.993700e-07	7.743641e-09	3.523716e+00	4.598144e+02
2.460000e-06	3.457101e-07	7.520055e-09	2.439441e+00	4.465488e+02
2.470000e-06	1.919743e-07	7.284821e-09	1.354633e+00	4.327332e+02
2.480000e-06	3.818819e-08	7.037937e-09	2.694682e-01	4.182926e+02
2.490000e-06	-1.156358e-07	6.783019e-09	-8.159637e-01	4.031599e+02
2.500000e-06	-2.694307e-07	6.518616e-09	-1.901190e+00	3.872823e+02
2.510000e-06	-4.230912e-07	6.241260e-09	-2.985468e+00	3.706250e+02
2.520000e-06	-5.766098e-07	5.951846e-09	-4.068744e+00	3.531703e+02
2.530000e-06	-7.299110e-07	5.646200e-09	-5.150487e+00	3.349131e+02
2.540000e-06	-8.829296e-07	5.323421e-09	-6.230235e+00	3.158528e+02
2.550000e-06	-1.035609e-06	4.982641e-09	-7.307587e+00	2.959836e+02
2.560000e-06	-1.187871e-06	4.630920e-09	-8.381997e+00	2.752836e+02
2.570000e-06	-1.339678e-06	4.268763e-09	-9.453200e+00	2.537059e+02
2.580000e-06	-1.490959e-06	3.893304e-09	-1.052069e+01	2.311722e+02
2.590000e-06	-1.641665e-06	3.499051e-09	-1.158412e+01	2.075716e+02
2.600000e-06	-1.791740e-06	3.084106e-09	-1.264310e+01	1.827652e+02
2.610000e-06	-1.941137e-06	2.645756e-09	-1.369729e+01	1.565975e+02
2.620000e-06	-2.089844e-06	2.178742e-09	-1.474661e+01	1.289138e+02
2.630000e-06	-2.237827e-06	1.681435e-09	-1.579083e+01	9.958206e+01
2.640000e-06	-2.385013e-06	1.156541e-09	-1.682942e+01	6.851584e+01
2.650000e-06	-2.531404e-06	6.060293e-10	-1.786240e+01	3.569569e+01
2.660000e-06	-2.676987e-06	3.040436e-11	-1.888968e+01	1.185096e+00
2.670000e-06	-2.821624e-06	-5.705702e-10	-1.991029e+01	-3.486163e+01
2.680000e-06	-2.965167e-06	-1.195362e-09	-2.092317e+01	-7.220091e+01
2.690000e-06	-3.107470e-06	-1.837013e-09	-2.192731e+01	-1.105110e+02
2.700000e-06	-3.248515e-06	-2.490690e-09	-2.292257e+01	-1.494111e+02
2.710000e-06	-3.388327e-06	-3.148700e-09	-2.390913e+01	-1.884859e+02
2.720000e-06	-3.526894e-06	-3.803038e-09	-2.488690e+01	-2.273128e+02
2.730000e-06	-3.664245e-06	-4.445191e-09	-2.585609e+01	-2.654880e+02
2.740000e-06	-3.800278e-06	-5.070270e-09	-2.681599e+01	-3.026501e+02
2.750000e-06	-3.934865e-06	-5.672396e-09	-2.776568e+01	-3.384969e+02
2.760000e-06	-4.067983e-06	-6.248312e-09	-2.870500e+01	-3.727962e+02
2.770000e-06	-4.199657e-06	-6.795365e-09	-2.963413e+01	-4.053900e+02
2.780000e-06	-4.329907e-06	-7.312215e-09	-3.055322e+01	-4.361902e+02
2.790000e-06	-4.458697e-06	-7.801536e-09	-3.146200e+01	-4.651704e+02
2.800000e-06	-4.585892e-06	-8.261454e-09	-3.235953e+01	-4.923527e+02
2.810000e-06	-4.711408e-06	-8.691209e-09	-3.324521e+01	-5.177931e+02
2.820000e-06	-4.835276e-06	-9.092331e-09	-3.411926e+01	-5.415680e+02
2.830000e-06	-4.957455e-06	-9.468545e-09	-3.498140e+01	-5.637624e+02
2.840000e-06	-5.077788e-06	-9.821122e-09	-3.583051e+01	-5.844623e+02
2.850000e-06	-5.196108e-06	-1.014878e-08	-3.666541e+01	-6.037517e+02
2.860000e-06	-5.312381e-06	-1.045026e-08	-3.748587e+01	-6.217116e+02
2.870000e-06	-5.426567e-06	-1.072920e-08	-3.829161e+01	-6.384218e+02
2.880000e-06	-5.538560e-06	-1.099033e-08	-3.908187e+01	-6.539622e+02
2.890000e-06	-5.648467e-06	-1.123428e-08	-3.985740e+01	-6.684137e+02
2.900000e-06	-5.756472e-06	-1.146182e-08	-4.061952e+01	-6.818561e+02
2.910000e-06	-5.862560e-06	-1.167424e-08	-4.136811e+01	-6.943659e+02
2.920000e-06	-5.966532e-06	-1.187209e-08	-4.210177e+01	-7.060129e+02
2.930000e-06	-6.068204e-06	-1.205618e-08	-4.281920e+01	-7.168583e+02
2.940000e-06	-6.167726e-06	-1.222729e-08	-4.352146e+01	-7.269544e+02
2.950000e-06	-6.265192e-06	-1.238653e-08	-4.420921e+01	-7.363464e+02
2.960000e-06	-6.360440e-06	-1.253470e-08	-4.488132e+01	-7.450759e+02
2.970000e-06	-6.453390e-06	-1.267170e-08	-4.553719e+01	-7.531842e+02
2.980000e-06	-6.544123e-06	-1.279783e-08	-4.617744e+01	-7.607147e+02
2.990000e-06	-6.632687e-06	-1.291557e-08	-4.680237e+01	-7.677130e+02
3.000000e-06	-6.718817e-06	-1.302801e-08	-4.741013e+01	-7.742251e+02
3.010000e-06	-6.802514e-06	-1.313290e-08	-4.800073e+01	-7.802947e+02
3.020000e-06	-6.883935e-06	-1.323081e-08	-4.857526e+01	-7.859597e+02
3.030000e-06	-6.962760e-06	-1.332323e-08	-4.913148e+01	-7.912518e+02
3.040000e-06	-7.038809e-06	-1.340840e-08	-4.966810e+01	-7.961965e+02
3.050000e-06	-7.112250e-06	-1.348549e-08	-5.018632e+01	-8.008157e+02
3.060000e-06	-7.183152e-06	-1.355527e-08	-5.068663e+01	-8.051305e+02
3.070000e-06	-7.251472e-06	-1.362050e-08	-5.116872e+01	-8.091638e+02
3.080000e-06	-7.317250e-06	-1.368424e-08	-5.163287e+01	-8.129396e+02
3.090000e-06	-7.380448e-06	-1.374521e-08	-5.207882e+01	-8.164812e+02
3.100000e-06	-7.440970e-06	-1.380352e-08	-5.250588e+01	-8.198075e+02
3.110000e-06	-7.498838e-06	-1.385915e-08	-5.291422e+01	-8.229291e+02
3.120000e-06	-7.553966e-06	-1.391036e-08	-5.330322e+01	-8.258476e+02
3.130000e-06	-7.606204e-06	-1.395642e-08	-5.367182e+01	-8.285567e+02
3.140000e-06	-7.655335e-06	-1.399663e-08	-5.401851e+01	-8.310473e+02
3.150000e-06	-7.701558e-06	-1.403295e-08	-5.434467e+01	-8.333137e+02
3.160000e-06	-7.745304e-06	-1.406583e-08	-5.465336e+01	-8.353592e+02
3.170000e-06	-7.786536e-06	-1.409500e-08	-5.494431e+01	-8.371991e+02
3.180000e-06	-7.825029e-06	-1.412373e-08	-5.521592e+01	-8.388587e+02
3.190000e-06	-7.860730e-06	-1.415224e-08	-5.546784e+01	-8.403679e+02
3.200000e-06	-7.893681e-06	-1.417934e-08	-5.570035e+01	-8.417529e+02
3.210000e-06	-7.923787e-06	-1.420451e-08	-5.591279e+01	-8.430297e+02
3.220000e-06	-7.951028e-06	-1.422625e-08	-5.610502e+01	-8.441996e+02
3.230000e-06	-7.975459e-06	-1.424358e-08	-5.627740e+01	-8.452504e+02
3.240000e-06	-7.997048e-06	-1.425746e-08	-5.642975e+01	-8.461628e+02
3.250000e-06	-8.015818e-06	-1.426777e-08	-5.656219e+01	-8.469187e+02
3.260000e-06	-8.031744e-06	-1.427614e-08	-5.667457e+01	-8.475096e+02
3.270000e-06	-8.044618e-06	-1.428505e-08	-5.676541e+01	-8.479414e+02
3.280000e-06	-8.054497e-06	-1.429415e-08	-5.683512e+01	-8.482339e+02
3.290000e-06	-8.061531e-06	-1.430094e-08	-5.688476e+01	-8.484146e+02
3.300000e-06	-8.065699e-06	-1.430646e-08	-5.691417e+01	-8.485103e+02
3.310000e-06	-8.067060e-06	-1.430869e-08	-5.692377e+01	-8.485375e+02
