# Temperatura_=_69.93
# Concentracion g/m^3_=_11780.0
# C_Vs_to_Am_M_A/Vsm_=_59384043850.047264
# pendiente_HvsI_1/m_=_3716.3
# ordenada_HvsI_A/m_=_1297.0
# frecuencia_Hz_=_301542.8470500284

Tiempo_(s)	Campo_(V.s)	Magnetizacion_(V.s)	Campo_(kA/m)	Magnetizacion_(A/m)
0.000000e+00	-8.101900e-06	-1.478533e-08	-5.691460e+01	-8.768427e+02
1.000000e-08	-8.098594e-06	-1.477702e-08	-5.689138e+01	-8.766580e+02
2.000000e-08	-8.092633e-06	-1.476850e-08	-5.684950e+01	-8.763814e+02
3.000000e-08	-8.084006e-06	-1.475963e-08	-5.678890e+01	-8.759971e+02
4.000000e-08	-8.072506e-06	-1.475285e-08	-5.670811e+01	-8.754875e+02
5.000000e-08	-8.058046e-06	-1.474534e-08	-5.660653e+01	-8.748394e+02
6.000000e-08	-8.040727e-06	-1.474122e-08	-5.648487e+01	-8.740495e+02
7.000000e-08	-8.020905e-06	-1.473184e-08	-5.634562e+01	-8.731270e+02
8.000000e-08	-7.998438e-06	-1.465187e-08	-5.618779e+01	-8.720928e+02
9.000000e-08	-7.972748e-06	-1.461034e-08	-5.600733e+01	-8.709735e+02
1.000000e-07	-7.943813e-06	-1.464435e-08	-5.580406e+01	-8.697946e+02
1.100000e-07	-7.912076e-06	-1.465626e-08	-5.558112e+01	-8.685724e+02
1.200000e-07	-7.877663e-06	-1.462060e-08	-5.533937e+01	-8.673092e+02
1.300000e-07	-7.840729e-06	-1.458500e-08	-5.507991e+01	-8.659923e+02
1.400000e-07	-7.801628e-06	-1.462533e-08	-5.480524e+01	-8.645977e+02
1.500000e-07	-7.760163e-06	-1.455643e-08	-5.451395e+01	-8.630978e+02
1.600000e-07	-7.715899e-06	-1.452619e-08	-5.420300e+01	-8.614691e+02
1.700000e-07	-7.668885e-06	-1.447780e-08	-5.387274e+01	-8.596986e+02
1.800000e-07	-7.618921e-06	-1.437990e-08	-5.352175e+01	-8.577868e+02
1.900000e-07	-7.565804e-06	-1.443703e-08	-5.314861e+01	-8.557455e+02
2.000000e-07	-7.509832e-06	-1.439384e-08	-5.275541e+01	-8.535923e+02
2.100000e-07	-7.451142e-06	-1.434586e-08	-5.234312e+01	-8.513434e+02
2.200000e-07	-7.389832e-06	-1.429976e-08	-5.191243e+01	-8.490081e+02
2.300000e-07	-7.325903e-06	-1.425697e-08	-5.146334e+01	-8.465852e+02
2.400000e-07	-7.259197e-06	-1.425535e-08	-5.099474e+01	-8.440647e+02
2.500000e-07	-7.189781e-06	-1.414970e-08	-5.050710e+01	-8.414322e+02
2.600000e-07	-7.117710e-06	-1.408412e-08	-5.000082e+01	-8.386737e+02
2.700000e-07	-7.042912e-06	-1.406482e-08	-4.947537e+01	-8.357811e+02
2.800000e-07	-6.965370e-06	-1.406448e-08	-4.893065e+01	-8.327540e+02
2.900000e-07	-6.885134e-06	-1.398773e-08	-4.836701e+01	-8.295982e+02
3.000000e-07	-6.802427e-06	-1.388201e-08	-4.778600e+01	-8.263222e+02
3.100000e-07	-6.717432e-06	-1.386881e-08	-4.718893e+01	-8.229327e+02
3.200000e-07	-6.630112e-06	-1.381031e-08	-4.657551e+01	-8.194316e+02
3.300000e-07	-6.540429e-06	-1.373916e-08	-4.594551e+01	-8.158148e+02
3.400000e-07	-6.448449e-06	-1.365487e-08	-4.529936e+01	-8.120745e+02
3.500000e-07	-6.354194e-06	-1.360185e-08	-4.463723e+01	-8.082021e+02
3.600000e-07	-6.257600e-06	-1.356285e-08	-4.395867e+01	-8.041927e+02
3.700000e-07	-6.158692e-06	-1.348066e-08	-4.326386e+01	-8.000462e+02
3.800000e-07	-6.057578e-06	-1.338854e-08	-4.255355e+01	-7.957671e+02
3.900000e-07	-5.954274e-06	-1.330417e-08	-4.182786e+01	-7.913616e+02
4.000000e-07	-5.848765e-06	-1.326394e-08	-4.108667e+01	-7.868338e+02
4.100000e-07	-5.741155e-06	-1.318410e-08	-4.033073e+01	-7.821829e+02
4.200000e-07	-5.631568e-06	-1.308569e-08	-3.956090e+01	-7.774017e+02
4.300000e-07	-5.519951e-06	-1.299638e-08	-3.877681e+01	-7.724788e+02
4.400000e-07	-5.406165e-06	-1.292653e-08	-3.797747e+01	-7.674022e+02
4.500000e-07	-5.290244e-06	-1.284504e-08	-3.716315e+01	-7.621630e+02
4.600000e-07	-5.172339e-06	-1.273684e-08	-3.633489e+01	-7.567585e+02
4.700000e-07	-5.052531e-06	-1.264193e-08	-3.549325e+01	-7.511923e+02
4.800000e-07	-4.930875e-06	-1.255899e-08	-3.463863e+01	-7.454716e+02
4.900000e-07	-4.807460e-06	-1.247426e-08	-3.377166e+01	-7.396033e+02
5.000000e-07	-4.682299e-06	-1.235488e-08	-3.289243e+01	-7.335899e+02
5.100000e-07	-4.555467e-06	-1.223889e-08	-3.200146e+01	-7.274270e+02
5.200000e-07	-4.427016e-06	-1.213815e-08	-3.109910e+01	-7.211043e+02
5.300000e-07	-4.296875e-06	-1.203811e-08	-3.018489e+01	-7.146083e+02
5.400000e-07	-4.165191e-06	-1.191784e-08	-2.925983e+01	-7.079271e+02
5.500000e-07	-4.032077e-06	-1.179525e-08	-2.832472e+01	-7.010537e+02
5.600000e-07	-3.897448e-06	-1.168895e-08	-2.737897e+01	-6.939874e+02
5.700000e-07	-3.761359e-06	-1.157566e-08	-2.642297e+01	-6.867323e+02
5.800000e-07	-3.623882e-06	-1.144308e-08	-2.545721e+01	-6.792932e+02
5.900000e-07	-3.485018e-06	-1.130018e-08	-2.448171e+01	-6.716709e+02
6.000000e-07	-3.344759e-06	-1.117257e-08	-2.349642e+01	-6.638594e+02
6.100000e-07	-3.203138e-06	-1.104497e-08	-2.250155e+01	-6.558453e+02
6.200000e-07	-3.060282e-06	-1.090559e-08	-2.149801e+01	-6.476110e+02
6.300000e-07	-2.916283e-06	-1.075789e-08	-2.048644e+01	-6.391396e+02
6.400000e-07	-2.771255e-06	-1.061533e-08	-1.946764e+01	-6.304198e+02
6.500000e-07	-2.625214e-06	-1.047128e-08	-1.844172e+01	-6.214487e+02
6.600000e-07	-2.478252e-06	-1.031103e-08	-1.740934e+01	-6.122303e+02
6.700000e-07	-2.330538e-06	-1.014413e-08	-1.637167e+01	-6.027711e+02
6.800000e-07	-2.181973e-06	-9.980661e-09	-1.532803e+01	-5.930738e+02
6.900000e-07	-2.032568e-06	-9.821001e-09	-1.427848e+01	-5.831319e+02
7.000000e-07	-1.882537e-06	-9.649784e-09	-1.322453e+01	-5.729268e+02
7.100000e-07	-1.731889e-06	-9.468993e-09	-1.216625e+01	-5.624307e+02
7.200000e-07	-1.580525e-06	-9.285966e-09	-1.110295e+01	-5.516128e+02
7.300000e-07	-1.428587e-06	-9.102131e-09	-1.003561e+01	-5.404464e+02
7.400000e-07	-1.276263e-06	-8.908540e-09	-8.965550e+00	-5.289161e+02
7.500000e-07	-1.123486e-06	-8.703124e-09	-7.892313e+00	-5.170185e+02
7.600000e-07	-9.701898e-07	-8.494174e-09	-6.815433e+00	-5.047583e+02
7.700000e-07	-8.164898e-07	-8.282750e-09	-5.735715e+00	-4.921390e+02
7.800000e-07	-6.624635e-07	-8.066191e-09	-4.653704e+00	-4.791511e+02
7.900000e-07	-5.081956e-07	-7.840321e-09	-3.569996e+00	-4.657626e+02
8.000000e-07	-3.537905e-07	-7.608906e-09	-2.485324e+00	-4.519148e+02
8.100000e-07	-1.992323e-07	-7.371179e-09	-1.399576e+00	-4.375260e+02
8.200000e-07	-4.455706e-08	-7.120736e-09	-3.130064e-01	-4.225021e+02
8.300000e-07	1.101188e-07	-6.852483e-09	7.735676e-01	-4.067514e+02
8.400000e-07	2.647263e-07	-6.567751e-09	1.859661e+00	-3.901996e+02
8.500000e-07	4.192392e-07	-6.270821e-09	2.945091e+00	-3.727990e+02
8.600000e-07	5.735667e-07	-5.959785e-09	4.029217e+00	-3.545308e+02
8.700000e-07	7.276644e-07	-5.634180e-09	5.111730e+00	-3.353976e+02
8.800000e-07	8.815291e-07	-5.297684e-09	6.192606e+00	-3.154095e+02
8.900000e-07	1.035014e-06	-4.952342e-09	7.270811e+00	-2.945665e+02
9.000000e-07	1.188008e-06	-4.592510e-09	8.345571e+00	-2.728420e+02
9.100000e-07	1.340558e-06	-4.212558e-09	9.417212e+00	-2.501717e+02
9.200000e-07	1.492681e-06	-3.809500e-09	1.048585e+01	-2.264496e+02
9.300000e-07	1.644280e-06	-3.384109e-09	1.155081e+01	-2.015330e+02
9.400000e-07	1.795219e-06	-2.935861e-09	1.261113e+01	-1.752537e+02
9.500000e-07	1.945503e-06	-2.462377e-09	1.366686e+01	-1.474362e+02
9.600000e-07	2.095131e-06	-1.964650e-09	1.471797e+01	-1.179177e+02
9.700000e-07	2.243951e-06	-1.439922e-09	1.576341e+01	-8.657086e+01
9.800000e-07	2.391935e-06	-8.839763e-10	1.680298e+01	-5.332523e+01
9.900000e-07	2.539144e-06	-2.934566e-10	1.783709e+01	-1.818700e+01
1.000000e-06	2.685472e-06	3.309827e-10	1.886503e+01	1.874557e+01
1.010000e-06	2.830785e-06	9.848528e-10	1.988583e+01	5.727345e+01
1.020000e-06	2.975100e-06	1.662239e-09	2.089962e+01	9.709734e+01
1.030000e-06	3.118414e-06	2.353706e-09	2.190638e+01	1.378291e+02
1.040000e-06	3.260572e-06	3.048917e-09	2.290502e+01	1.790143e+02
1.050000e-06	3.401449e-06	3.740735e-09	2.389465e+01	2.201643e+02
1.060000e-06	3.540992e-06	4.424740e-09	2.487492e+01	2.607930e+02
1.070000e-06	3.679142e-06	5.091205e-09	2.584540e+01	3.004536e+02
1.080000e-06	3.815865e-06	5.732837e-09	2.680586e+01	3.387690e+02
1.090000e-06	3.951206e-06	6.347997e-09	2.775662e+01	3.754506e+02
1.100000e-06	4.085123e-06	6.935889e-09	2.869736e+01	4.103046e+02
1.110000e-06	4.217513e-06	7.493381e-09	2.962738e+01	4.432254e+02
1.120000e-06	4.348434e-06	8.016880e-09	3.054708e+01	4.741792e+02
1.130000e-06	4.477861e-06	8.507098e-09	3.145628e+01	5.031849e+02
1.140000e-06	4.605674e-06	8.964695e-09	3.235415e+01	5.302942e+02
1.150000e-06	4.731830e-06	9.388740e-09	3.324038e+01	5.555776e+02
1.160000e-06	4.856349e-06	9.777785e-09	3.411510e+01	5.791156e+02
1.170000e-06	4.979232e-06	1.013926e-08	3.497834e+01	6.009958e+02
1.180000e-06	5.100308e-06	1.047711e-08	3.582888e+01	6.213130e+02
1.190000e-06	5.219467e-06	1.079251e-08	3.666595e+01	6.401693e+02
1.200000e-06	5.336654e-06	1.108636e-08	3.748917e+01	6.576725e+02
1.210000e-06	5.451774e-06	1.136056e-08	3.829787e+01	6.739315e+02
1.220000e-06	5.564797e-06	1.161960e-08	3.909184e+01	6.890509e+02
1.230000e-06	5.675768e-06	1.186080e-08	3.987140e+01	7.031245e+02
1.240000e-06	5.784780e-06	1.207882e-08	4.063719e+01	7.162318e+02
1.250000e-06	5.891787e-06	1.227567e-08	4.138889e+01	7.284374e+02
1.260000e-06	5.996636e-06	1.246095e-08	4.212544e+01	7.397941e+02
1.270000e-06	6.099298e-06	1.263690e-08	4.284663e+01	7.503484e+02
1.280000e-06	6.199815e-06	1.280013e-08	4.355275e+01	7.601458e+02
1.290000e-06	6.298054e-06	1.295172e-08	4.424286e+01	7.692351e+02
1.300000e-06	6.393918e-06	1.309643e-08	4.491628e+01	7.776700e+02
1.310000e-06	6.487547e-06	1.323280e-08	4.557401e+01	7.855068e+02
1.320000e-06	6.578960e-06	1.335524e-08	4.621618e+01	7.928013e+02
1.330000e-06	6.667968e-06	1.346479e-08	4.684145e+01	7.996044e+02
1.340000e-06	6.754597e-06	1.356786e-08	4.745000e+01	8.059592e+02
1.350000e-06	6.839014e-06	1.366759e-08	4.804302e+01	8.119001e+02
1.360000e-06	6.921078e-06	1.376033e-08	4.861951e+01	8.174542e+02
1.370000e-06	7.000587e-06	1.384372e-08	4.917805e+01	8.226439e+02
1.380000e-06	7.077544e-06	1.392359e-08	4.971865e+01	8.274906e+02
1.390000e-06	7.151824e-06	1.400379e-08	5.024046e+01	8.320164e+02
1.400000e-06	7.223411e-06	1.407641e-08	5.074335e+01	8.362452e+02
1.410000e-06	7.292500e-06	1.413924e-08	5.122869e+01	8.402015e+02
1.420000e-06	7.358986e-06	1.419974e-08	5.169574e+01	8.439083e+02
1.430000e-06	7.422824e-06	1.426053e-08	5.214419e+01	8.473851e+02
1.440000e-06	7.484170e-06	1.431733e-08	5.257514e+01	8.506456e+02
1.450000e-06	7.542922e-06	1.436498e-08	5.298787e+01	8.536984e+02
1.460000e-06	7.598987e-06	1.440897e-08	5.338171e+01	8.565470e+02
1.470000e-06	7.652161e-06	1.445535e-08	5.375525e+01	8.591924e+02
1.480000e-06	7.702150e-06	1.449945e-08	5.410642e+01	8.616358e+02
1.490000e-06	7.749149e-06	1.453667e-08	5.443658e+01	8.638802e+02
1.500000e-06	7.793421e-06	1.456883e-08	5.474758e+01	8.659321e+02
1.510000e-06	7.834866e-06	1.459979e-08	5.503873e+01	8.678015e+02
1.520000e-06	7.873529e-06	1.462749e-08	5.531032e+01	8.695009e+02
1.530000e-06	7.909510e-06	1.464971e-08	5.556309e+01	8.710436e+02
1.540000e-06	7.942662e-06	1.467012e-08	5.579597e+01	8.724411e+02
1.550000e-06	7.973028e-06	1.469293e-08	5.600929e+01	8.737018e+02
1.560000e-06	8.000675e-06	1.471448e-08	5.620351e+01	8.748289e+02
1.570000e-06	8.025437e-06	1.473025e-08	5.637746e+01	8.758215e+02
1.580000e-06	8.047412e-06	1.474184e-08	5.653183e+01	8.766753e+02
1.590000e-06	8.066720e-06	1.475274e-08	5.666747e+01	8.773853e+02
1.600000e-06	8.083136e-06	1.476132e-08	5.678278e+01	8.779490e+02
1.610000e-06	8.096523e-06	1.476509e-08	5.687683e+01	8.783690e+02
1.620000e-06	8.106795e-06	1.476708e-08	5.694899e+01	8.786537e+02
1.630000e-06	8.114015e-06	1.477127e-08	5.699970e+01	8.788169e+02
1.640000e-06	8.118434e-06	1.477569e-08	5.703075e+01	8.788748e+02
1.650000e-06	8.119965e-06	1.477337e-08	5.704150e+01	8.788416e+02
1.660000e-06	8.118672e-06	1.477495e-08	5.703242e+01	8.787252e+02
1.670000e-06	8.114748e-06	1.477339e-08	5.700486e+01	8.785248e+02
1.680000e-06	8.108123e-06	1.476893e-08	5.695832e+01	8.782299e+02
1.690000e-06	8.098860e-06	1.476013e-08	5.689324e+01	8.778243e+02
1.700000e-06	8.086880e-06	1.474533e-08	5.680908e+01	8.772904e+02
1.710000e-06	8.072062e-06	1.472698e-08	5.670499e+01	8.766166e+02
1.720000e-06	8.054698e-06	1.469676e-08	5.658301e+01	8.758017e+02
1.730000e-06	8.035024e-06	1.474318e-08	5.644481e+01	8.748573e+02
1.740000e-06	8.012522e-06	1.477766e-08	5.628673e+01	8.738056e+02
1.750000e-06	7.986469e-06	1.470931e-08	5.610371e+01	8.726737e+02
1.760000e-06	7.956768e-06	1.465204e-08	5.589507e+01	8.714860e+02
1.770000e-06	7.923998e-06	1.464223e-08	5.566486e+01	8.702565e+02
1.780000e-06	7.888714e-06	1.459177e-08	5.541700e+01	8.689848e+02
1.790000e-06	7.851058e-06	1.453450e-08	5.515247e+01	8.676557e+02
1.800000e-06	7.811276e-06	1.459982e-08	5.487301e+01	8.662441e+02
1.810000e-06	7.769160e-06	1.449833e-08	5.457715e+01	8.647225e+02
1.820000e-06	7.724341e-06	1.452153e-08	5.426230e+01	8.630687e+02
1.830000e-06	7.676870e-06	1.455635e-08	5.392883e+01	8.612723e+02
1.840000e-06	7.626421e-06	1.443265e-08	5.357444e+01	8.593360e+02
1.850000e-06	7.572994e-06	1.446074e-08	5.319911e+01	8.572731e+02
1.860000e-06	7.516774e-06	1.433011e-08	5.280418e+01	8.551016e+02
1.870000e-06	7.457795e-06	1.434852e-08	5.238986e+01	8.528366e+02
1.880000e-06	7.396190e-06	1.431779e-08	5.195709e+01	8.504858e+02
1.890000e-06	7.331790e-06	1.423196e-08	5.150469e+01	8.480461e+02
1.900000e-06	7.264681e-06	1.427783e-08	5.103326e+01	8.455066e+02
1.910000e-06	7.194832e-06	1.418790e-08	5.054258e+01	8.428521e+02
1.920000e-06	7.122197e-06	1.416622e-08	5.003233e+01	8.400698e+02
1.930000e-06	7.046901e-06	1.405106e-08	4.950340e+01	8.371529e+02
1.940000e-06	6.968878e-06	1.401930e-08	4.895530e+01	8.341020e+02
1.950000e-06	6.888288e-06	1.399652e-08	4.838916e+01	8.309238e+02
1.960000e-06	6.805207e-06	1.390576e-08	4.780553e+01	8.276269e+02
1.970000e-06	6.719661e-06	1.390516e-08	4.720458e+01	8.242173e+02
1.980000e-06	6.631698e-06	1.380786e-08	4.658666e+01	8.206957e+02
1.990000e-06	6.541388e-06	1.377589e-08	4.595224e+01	8.170573e+02
2.000000e-06	6.448856e-06	1.367860e-08	4.530222e+01	8.132936e+02
2.010000e-06	6.354009e-06	1.360903e-08	4.463593e+01	8.093968e+02
2.020000e-06	6.256881e-06	1.354986e-08	4.395362e+01	8.053625e+02
2.030000e-06	6.157497e-06	1.348195e-08	4.325547e+01	8.011916e+02
2.040000e-06	6.055847e-06	1.343620e-08	4.254139e+01	7.968892e+02
2.050000e-06	5.952023e-06	1.333571e-08	4.181204e+01	7.924615e+02
2.060000e-06	5.846133e-06	1.327468e-08	4.106818e+01	7.879117e+02
2.070000e-06	5.738185e-06	1.317447e-08	4.030986e+01	7.832379e+02
2.080000e-06	5.628140e-06	1.310730e-08	3.953681e+01	7.784321e+02
2.090000e-06	5.516008e-06	1.301070e-08	3.874910e+01	7.734824e+02
2.100000e-06	5.401786e-06	1.293212e-08	3.794671e+01	7.683770e+02
2.110000e-06	5.285509e-06	1.284873e-08	3.712989e+01	7.631080e+02
2.120000e-06	5.167112e-06	1.275830e-08	3.629816e+01	7.576740e+02
2.130000e-06	5.046769e-06	1.265849e-08	3.545277e+01	7.520793e+02
2.140000e-06	4.924639e-06	1.255178e-08	3.459483e+01	7.463316e+02
2.150000e-06	4.800735e-06	1.246499e-08	3.372443e+01	7.404372e+02
2.160000e-06	4.675103e-06	1.236065e-08	3.284188e+01	7.343973e+02
2.170000e-06	4.547815e-06	1.226458e-08	3.194770e+01	7.282066e+02
2.180000e-06	4.418900e-06	1.214925e-08	3.104209e+01	7.218536e+02
2.190000e-06	4.288388e-06	1.205041e-08	3.012526e+01	7.153251e+02
2.200000e-06	4.156338e-06	1.193044e-08	2.919764e+01	7.086097e+02
2.210000e-06	4.022732e-06	1.181076e-08	2.825907e+01	7.017014e+02
2.220000e-06	3.887679e-06	1.168483e-08	2.731035e+01	6.946008e+02
2.230000e-06	3.751206e-06	1.156847e-08	2.635165e+01	6.873123e+02
2.240000e-06	3.613360e-06	1.144913e-08	2.538330e+01	6.798403e+02
2.250000e-06	3.474202e-06	1.131608e-08	2.440573e+01	6.721847e+02
2.260000e-06	3.333712e-06	1.118598e-08	2.341881e+01	6.643379e+02
2.270000e-06	3.191892e-06	1.104959e-08	2.242255e+01	6.562856e+02
2.280000e-06	3.048952e-06	1.091437e-08	2.141842e+01	6.480098e+02
2.290000e-06	2.904927e-06	1.076440e-08	2.040666e+01	6.394944e+02
2.300000e-06	2.759810e-06	1.061672e-08	1.938724e+01	6.307295e+02
2.310000e-06	2.613759e-06	1.046613e-08	1.836125e+01	6.217135e+02
2.320000e-06	2.466774e-06	1.031476e-08	1.732871e+01	6.124514e+02
2.330000e-06	2.318963e-06	1.015306e-08	1.629036e+01	6.029495e+02
2.340000e-06	2.170391e-06	9.987736e-09	1.524666e+01	5.932091e+02
2.350000e-06	2.020961e-06	9.821053e-09	1.419694e+01	5.832215e+02
2.360000e-06	1.870783e-06	9.648645e-09	1.314196e+01	5.729665e+02
2.370000e-06	1.720033e-06	9.469156e-09	1.208296e+01	5.624149e+02
2.380000e-06	1.568713e-06	9.283861e-09	1.101997e+01	5.515362e+02
2.390000e-06	1.416791e-06	9.096695e-09	9.952741e+00	5.403054e+02
2.400000e-06	1.264316e-06	8.903906e-09	8.881623e+00	5.287092e+02
2.410000e-06	1.111405e-06	8.701933e-09	7.807448e+00	5.167461e+02
2.420000e-06	9.581538e-07	8.491567e-09	6.730883e+00	5.044215e+02
2.430000e-06	8.046103e-07	8.279831e-09	5.652264e+00	4.917374e+02
2.440000e-06	6.507816e-07	8.062320e-09	4.571640e+00	4.786808e+02
2.450000e-06	4.967462e-07	7.835272e-09	3.489565e+00	4.652151e+02
2.460000e-06	3.425090e-07	7.595559e-09	2.406073e+00	4.512769e+02
2.470000e-06	1.881106e-07	7.350446e-09	1.321448e+00	4.367815e+02
2.480000e-06	3.361980e-08	7.096517e-09	2.361739e-01	4.216340e+02
2.490000e-06	-1.209270e-07	6.828937e-09	-8.494936e-01	4.057448e+02
2.500000e-06	-2.753796e-07	6.547091e-09	-1.934499e+00	3.890437e+02
2.510000e-06	-4.296492e-07	6.255265e-09	-3.018219e+00	3.714886e+02
2.520000e-06	-5.837236e-07	5.952457e-09	-4.100568e+00	3.530650e+02
2.530000e-06	-7.375704e-07	5.629191e-09	-5.181319e+00	3.337783e+02
2.540000e-06	-8.911578e-07	5.286021e-09	-6.260246e+00	3.136378e+02
2.550000e-06	-1.044453e-06	4.927866e-09	-7.337122e+00	2.926401e+02
2.560000e-06	-1.197338e-06	4.558837e-09	-8.411115e+00	2.707524e+02
2.570000e-06	-1.349761e-06	4.173654e-09	-9.481863e+00	2.479029e+02
2.580000e-06	-1.501658e-06	3.771502e-09	-1.054892e+01	2.239787e+02
2.590000e-06	-1.652990e-06	3.352001e-09	-1.161200e+01	1.988313e+02
2.600000e-06	-1.803820e-06	2.910611e-09	-1.267155e+01	1.722899e+02
2.610000e-06	-1.954034e-06	2.439138e-09	-1.372679e+01	1.441795e+02
2.620000e-06	-2.103483e-06	1.934380e-09	-1.477664e+01	1.143423e+02
2.630000e-06	-2.252080e-06	1.400454e-09	-1.582051e+01	8.265935e+01
2.640000e-06	-2.399827e-06	8.379663e-10	-1.685841e+01	4.907257e+01
2.650000e-06	-2.546790e-06	2.431120e-10	-1.789081e+01	1.360364e+01
2.660000e-06	-2.692880e-06	-3.828378e-10	-1.891707e+01	-2.363161e+01
2.670000e-06	-2.837963e-06	-1.033253e-09	-1.993625e+01	-6.241590e+01
2.680000e-06	-2.981991e-06	-1.701386e-09	-2.094803e+01	-1.024329e+02
2.690000e-06	-3.124971e-06	-2.384491e-09	-2.195244e+01	-1.432807e+02
2.700000e-06	-3.266802e-06	-3.077506e-09	-2.294878e+01	-1.844961e+02
2.710000e-06	-3.407307e-06	-3.768376e-09	-2.393580e+01	-2.255882e+02
2.720000e-06	-3.546489e-06	-4.448041e-09	-2.491354e+01	-2.660754e+02
2.730000e-06	-3.684350e-06	-5.112088e-09	-2.588199e+01	-3.055214e+02
2.740000e-06	-3.820824e-06	-5.756966e-09	-2.684070e+01	-3.435637e+02
2.750000e-06	-3.955916e-06	-6.371946e-09	-2.778970e+01	-3.799307e+02
2.760000e-06	-4.089597e-06	-6.949966e-09	-2.872879e+01	-4.144452e+02
2.770000e-06	-4.221854e-06	-7.494026e-09	-2.965788e+01	-4.470156e+02
2.780000e-06	-4.352645e-06	-8.008454e-09	-3.057666e+01	-4.776192e+02
2.790000e-06	-4.481883e-06	-8.493029e-09	-3.148454e+01	-5.062821e+02
2.800000e-06	-4.609544e-06	-8.943555e-09	-3.238134e+01	-5.330600e+02
2.810000e-06	-4.735603e-06	-9.364303e-09	-3.326688e+01	-5.580259e+02
2.820000e-06	-4.859998e-06	-9.760502e-09	-3.414074e+01	-5.812614e+02
2.830000e-06	-4.982618e-06	-1.012997e-08	-3.500212e+01	-6.028556e+02
2.840000e-06	-5.103424e-06	-1.047006e-08	-3.585077e+01	-6.229045e+02
2.850000e-06	-5.222366e-06	-1.078441e-08	-3.668632e+01	-6.415115e+02
2.860000e-06	-5.339235e-06	-1.107698e-08	-3.750730e+01	-6.587847e+02
2.870000e-06	-5.453884e-06	-1.134893e-08	-3.831269e+01	-6.748331e+02
2.880000e-06	-5.566375e-06	-1.159892e-08	-3.910292e+01	-6.897594e+02
2.890000e-06	-5.676760e-06	-1.183021e-08	-3.987837e+01	-7.036553e+02
2.900000e-06	-5.785098e-06	-1.205009e-08	-4.063942e+01	-7.165975e+02
2.910000e-06	-5.891475e-06	-1.225752e-08	-4.138670e+01	-7.286482e+02
2.920000e-06	-5.995861e-06	-1.244923e-08	-4.212000e+01	-7.398586e+02
2.930000e-06	-6.098054e-06	-1.262552e-08	-4.283789e+01	-7.502746e+02
2.940000e-06	-6.198018e-06	-1.279021e-08	-4.354012e+01	-7.599420e+02
2.950000e-06	-6.295851e-06	-1.294313e-08	-4.422738e+01	-7.689107e+02
2.960000e-06	-6.391502e-06	-1.308292e-08	-4.489931e+01	-7.772348e+02
2.970000e-06	-6.484844e-06	-1.321151e-08	-4.555503e+01	-7.849711e+02
2.980000e-06	-6.575888e-06	-1.333239e-08	-4.619460e+01	-7.921745e+02
2.990000e-06	-6.664701e-06	-1.344847e-08	-4.681850e+01	-7.988949e+02
3.000000e-06	-6.751148e-06	-1.355775e-08	-4.742577e+01	-8.051738e+02
3.010000e-06	-6.835123e-06	-1.365744e-08	-4.801569e+01	-8.110441e+02
3.020000e-06	-6.916718e-06	-1.375031e-08	-4.858887e+01	-8.165317e+02
3.030000e-06	-6.995890e-06	-1.383848e-08	-4.914505e+01	-8.216589e+02
3.040000e-06	-7.072349e-06	-1.391999e-08	-4.968216e+01	-8.264469e+02
3.050000e-06	-7.146090e-06	-1.399413e-08	-5.020018e+01	-8.309181e+02
3.060000e-06	-7.217253e-06	-1.406430e-08	-5.070009e+01	-8.350967e+02
3.070000e-06	-7.285750e-06	-1.413352e-08	-5.118127e+01	-8.390071e+02
3.080000e-06	-7.351633e-06	-1.419845e-08	-5.164409e+01	-8.426718e+02
3.090000e-06	-7.414986e-06	-1.425478e-08	-5.208913e+01	-8.461093e+02
3.100000e-06	-7.475690e-06	-1.430715e-08	-5.251557e+01	-8.493326e+02
3.110000e-06	-7.533728e-06	-1.435815e-08	-5.292328e+01	-8.523489e+02
3.120000e-06	-7.589067e-06	-1.440636e-08	-5.331202e+01	-8.551614e+02
3.130000e-06	-7.641464e-06	-1.444994e-08	-5.368011e+01	-8.577710e+02
3.140000e-06	-7.690729e-06	-1.449120e-08	-5.402619e+01	-8.601788e+02
3.150000e-06	-7.737035e-06	-1.453188e-08	-5.435148e+01	-8.623885e+02
3.160000e-06	-7.780790e-06	-1.456875e-08	-5.465885e+01	-8.644072e+02
3.170000e-06	-7.822065e-06	-1.459812e-08	-5.494880e+01	-8.662455e+02
3.180000e-06	-7.860624e-06	-1.462297e-08	-5.521967e+01	-8.679162e+02
3.190000e-06	-7.896413e-06	-1.464907e-08	-5.547108e+01	-8.694325e+02
3.200000e-06	-7.929482e-06	-1.467565e-08	-5.570339e+01	-8.708053e+02
3.210000e-06	-7.959673e-06	-1.469926e-08	-5.591547e+01	-8.720423e+02
3.220000e-06	-7.986948e-06	-1.471976e-08	-5.610708e+01	-8.731459e+02
3.230000e-06	-8.011437e-06	-1.473919e-08	-5.627911e+01	-8.741143e+02
3.240000e-06	-8.033068e-06	-1.475495e-08	-5.643107e+01	-8.749429e+02
3.250000e-06	-8.051876e-06	-1.476342e-08	-5.656319e+01	-8.756271e+02
3.260000e-06	-8.067830e-06	-1.476839e-08	-5.667526e+01	-8.761651e+02
3.270000e-06	-8.080661e-06	-1.477595e-08	-5.676540e+01	-8.765604e+02
3.280000e-06	-8.090491e-06	-1.478436e-08	-5.683445e+01	-8.768225e+02
3.290000e-06	-8.097480e-06	-1.478860e-08	-5.688355e+01	-8.769660e+02
3.300000e-06	-8.101550e-06	-1.479170e-08	-5.691214e+01	-8.770069e+02
3.310000e-06	-8.102849e-06	-1.479414e-08	-5.692126e+01	-8.769587e+02
