# Temperatura_=_48.61
# Concentracion g/m^3_=_11780.0
# C_Vs_to_Am_M_A/Vsm_=_59384043850.047264
# pendiente_HvsI_1/m_=_3716.3
# ordenada_HvsI_A/m_=_1297.0
# frecuencia_Hz_=_301542.29658701207

Tiempo_(s)	Campo_(V.s)	Magnetizacion_(V.s)	Campo_(kA/m)	Magnetizacion_(A/m)
0.000000e+00	-8.095741e-06	-1.419060e-08	-5.691512e+01	-8.416881e+02
1.000000e-08	-8.092685e-06	-1.418367e-08	-5.689363e+01	-8.414671e+02
2.000000e-08	-8.086960e-06	-1.417498e-08	-5.685338e+01	-8.411469e+02
3.000000e-08	-8.078553e-06	-1.416563e-08	-5.679428e+01	-8.407512e+02
4.000000e-08	-8.067271e-06	-1.415836e-08	-5.671496e+01	-8.402941e+02
5.000000e-08	-8.053046e-06	-1.415099e-08	-5.661496e+01	-8.397753e+02
6.000000e-08	-8.035962e-06	-1.414744e-08	-5.649485e+01	-8.391801e+02
7.000000e-08	-8.016380e-06	-1.414239e-08	-5.635719e+01	-8.384861e+02
8.000000e-08	-7.994259e-06	-1.408780e-08	-5.620167e+01	-8.376721e+02
9.000000e-08	-7.968940e-06	-1.405498e-08	-5.602367e+01	-8.367277e+02
1.000000e-07	-7.940251e-06	-1.407152e-08	-5.582198e+01	-8.356582e+02
1.100000e-07	-7.908615e-06	-1.407387e-08	-5.559957e+01	-8.344833e+02
1.200000e-07	-7.874275e-06	-1.404467e-08	-5.535815e+01	-8.332299e+02
1.300000e-07	-7.837518e-06	-1.401142e-08	-5.509974e+01	-8.319219e+02
1.400000e-07	-7.798708e-06	-1.403819e-08	-5.482690e+01	-8.305702e+02
1.500000e-07	-7.757579e-06	-1.399287e-08	-5.453775e+01	-8.291679e+02
1.600000e-07	-7.713544e-06	-1.395951e-08	-5.422818e+01	-8.276915e+02
1.700000e-07	-7.666747e-06	-1.391958e-08	-5.389918e+01	-8.261091e+02
1.800000e-07	-7.617123e-06	-1.384176e-08	-5.355031e+01	-8.243915e+02
1.900000e-07	-7.564337e-06	-1.387202e-08	-5.317921e+01	-8.225226e+02
2.000000e-07	-7.508696e-06	-1.383584e-08	-5.278804e+01	-8.205051e+02
2.100000e-07	-7.450329e-06	-1.378923e-08	-5.237770e+01	-8.183591e+02
2.200000e-07	-7.389305e-06	-1.375446e-08	-5.194869e+01	-8.161145e+02
2.300000e-07	-7.325627e-06	-1.371430e-08	-5.150102e+01	-8.137994e+02
2.400000e-07	-7.259148e-06	-1.369969e-08	-5.103366e+01	-8.114293e+02
2.500000e-07	-7.189959e-06	-1.361821e-08	-5.054724e+01	-8.090016e+02
2.600000e-07	-7.118134e-06	-1.355920e-08	-5.004229e+01	-8.064962e+02
2.700000e-07	-7.043596e-06	-1.353251e-08	-4.951827e+01	-8.038829e+02
2.800000e-07	-6.966244e-06	-1.352836e-08	-4.897446e+01	-8.011331e+02
2.900000e-07	-6.886238e-06	-1.346908e-08	-4.841200e+01	-7.982293e+02
3.000000e-07	-6.803813e-06	-1.337624e-08	-4.783254e+01	-7.951717e+02
3.100000e-07	-6.719082e-06	-1.335177e-08	-4.723685e+01	-7.919772e+02
3.200000e-07	-6.632038e-06	-1.329750e-08	-4.662491e+01	-7.886720e+02
3.300000e-07	-6.542643e-06	-1.322866e-08	-4.599644e+01	-7.852814e+02
3.400000e-07	-6.450919e-06	-1.315329e-08	-4.535160e+01	-7.818197e+02
3.500000e-07	-6.356862e-06	-1.310233e-08	-4.469036e+01	-7.782846e+02
3.600000e-07	-6.260485e-06	-1.306457e-08	-4.401280e+01	-7.746581e+02
3.700000e-07	-6.161835e-06	-1.299929e-08	-4.331927e+01	-7.709127e+02
3.800000e-07	-6.060975e-06	-1.292137e-08	-4.261019e+01	-7.670216e+02
3.900000e-07	-5.957959e-06	-1.284122e-08	-4.188597e+01	-7.629675e+02
4.000000e-07	-5.852783e-06	-1.279339e-08	-4.114655e+01	-7.587478e+02
4.100000e-07	-5.745434e-06	-1.272030e-08	-4.039186e+01	-7.543741e+02
4.200000e-07	-5.636017e-06	-1.263121e-08	-3.962263e+01	-7.498653e+02
4.300000e-07	-5.524611e-06	-1.254669e-08	-3.883942e+01	-7.452396e+02
4.400000e-07	-5.411137e-06	-1.248171e-08	-3.804167e+01	-7.405061e+02
4.500000e-07	-5.295470e-06	-1.241015e-08	-3.722850e+01	-7.356605e+02
4.600000e-07	-5.177716e-06	-1.231303e-08	-3.640066e+01	-7.306869e+02
4.700000e-07	-5.058065e-06	-1.222023e-08	-3.555948e+01	-7.255638e+02
4.800000e-07	-4.936638e-06	-1.213968e-08	-3.470582e+01	-7.202724e+02
4.900000e-07	-4.813437e-06	-1.206067e-08	-3.383968e+01	-7.148037e+02
5.000000e-07	-4.688447e-06	-1.195211e-08	-3.296097e+01	-7.091615e+02
5.100000e-07	-4.561782e-06	-1.184526e-08	-3.207049e+01	-7.033603e+02
5.200000e-07	-4.433545e-06	-1.175069e-08	-3.116895e+01	-6.974185e+02
5.300000e-07	-4.303739e-06	-1.165681e-08	-3.025638e+01	-6.913500e+02
5.400000e-07	-4.172313e-06	-1.154624e-08	-2.933242e+01	-6.851570e+02
5.500000e-07	-4.039392e-06	-1.143158e-08	-2.839795e+01	-6.788273e+02
5.600000e-07	-3.904951e-06	-1.132958e-08	-2.745280e+01	-6.723366e+02
5.700000e-07	-3.769054e-06	-1.122658e-08	-2.649741e+01	-6.656555e+02
5.800000e-07	-3.631853e-06	-1.110916e-08	-2.553285e+01	-6.587582e+02
5.900000e-07	-3.493253e-06	-1.097870e-08	-2.455846e+01	-6.516297e+02
6.000000e-07	-3.353156e-06	-1.085771e-08	-2.357354e+01	-6.442691e+02
6.100000e-07	-3.211668e-06	-1.073712e-08	-2.257884e+01	-6.366879e+02
6.200000e-07	-3.068979e-06	-1.060510e-08	-2.157570e+01	-6.289038e+02
6.300000e-07	-2.925167e-06	-1.046442e-08	-2.056466e+01	-6.209323e+02
6.400000e-07	-2.780286e-06	-1.032746e-08	-1.954612e+01	-6.127794e+02
6.500000e-07	-2.634390e-06	-1.019256e-08	-1.852043e+01	-6.044380e+02
6.600000e-07	-2.487558e-06	-1.004872e-08	-1.748816e+01	-5.958885e+02
6.700000e-07	-2.339849e-06	-9.897081e-09	-1.644973e+01	-5.871036e+02
6.800000e-07	-2.191361e-06	-9.744858e-09	-1.540582e+01	-5.780555e+02
6.900000e-07	-2.042219e-06	-9.592840e-09	-1.435732e+01	-5.687222e+02
7.000000e-07	-1.892422e-06	-9.430034e-09	-1.330421e+01	-5.590916e+02
7.100000e-07	-1.741925e-06	-9.257165e-09	-1.224617e+01	-5.491612e+02
7.200000e-07	-1.590747e-06	-9.081338e-09	-1.118336e+01	-5.389347e+02
7.300000e-07	-1.438997e-06	-8.908927e-09	-1.011651e+01	-5.284163e+02
7.400000e-07	-1.286774e-06	-8.731206e-09	-9.046350e+00	-5.176047e+02
7.500000e-07	-1.134100e-06	-8.541854e-09	-7.973012e+00	-5.064894e+02
7.600000e-07	-9.810112e-07	-8.346422e-09	-6.896758e+00	-4.950494e+02
7.700000e-07	-8.275329e-07	-8.147789e-09	-5.817767e+00	-4.832541e+02
7.800000e-07	-6.737252e-07	-7.943961e-09	-4.736459e+00	-4.710664e+02
7.900000e-07	-5.197148e-07	-7.729380e-09	-3.653727e+00	-4.584448e+02
8.000000e-07	-3.655450e-07	-7.507216e-09	-2.569874e+00	-4.453459e+02
8.100000e-07	-2.112348e-07	-7.281132e-09	-1.485035e+00	-4.317241e+02
8.200000e-07	-5.682877e-08	-7.048241e-09	-3.995207e-01	-4.175316e+02
8.300000e-07	9.759053e-08	-6.800212e-09	6.860862e-01	-4.027185e+02
8.400000e-07	2.519287e-07	-6.534470e-09	1.771123e+00	-3.872340e+02
8.500000e-07	4.061844e-07	-6.256790e-09	2.855579e+00	-3.710292e+02
8.600000e-07	5.603205e-07	-5.968357e-09	3.939196e+00	-3.540615e+02
8.700000e-07	7.142482e-07	-5.667066e-09	5.021347e+00	-3.362980e+02
8.800000e-07	8.679268e-07	-5.352759e-09	6.101746e+00	-3.177165e+02
8.900000e-07	1.021295e-06	-5.027738e-09	7.179960e+00	-2.983032e+02
9.000000e-07	1.174269e-06	-4.691050e-09	8.255409e+00	-2.780448e+02
9.100000e-07	1.326825e-06	-4.337373e-09	9.327919e+00	-2.569178e+02
9.200000e-07	1.478876e-06	-3.961947e-09	1.039687e+01	-2.348762e+02
9.300000e-07	1.630364e-06	-3.568148e-09	1.146188e+01	-2.118423e+02
9.400000e-07	1.781297e-06	-3.157255e-09	1.252297e+01	-1.877031e+02
9.500000e-07	1.931585e-06	-2.727751e-09	1.357954e+01	-1.623160e+02
9.600000e-07	2.081149e-06	-2.277608e-09	1.463101e+01	-1.355233e+02
9.700000e-07	2.230005e-06	-1.801939e-09	1.567750e+01	-1.071754e+02
9.800000e-07	2.378067e-06	-1.296895e-09	1.671841e+01	-7.715812e+01
9.900000e-07	2.525253e-06	-7.605729e-10	1.775317e+01	-4.541932e+01
1.000000e-06	2.671537e-06	-1.940687e-10	1.878159e+01	-1.198993e+01
1.010000e-06	2.816902e-06	4.002120e-10	1.980354e+01	2.300480e+01
1.020000e-06	2.961244e-06	1.017358e-09	2.081830e+01	5.934603e+01
1.030000e-06	3.104438e-06	1.650794e-09	2.182499e+01	9.673364e+01
1.040000e-06	3.246499e-06	2.295306e-09	2.282372e+01	1.348077e+02
1.050000e-06	3.387314e-06	2.943884e-09	2.381368e+01	1.731749e+02
1.060000e-06	3.526757e-06	3.589651e-09	2.479400e+01	2.114362e+02
1.070000e-06	3.664930e-06	4.225752e-09	2.576539e+01	2.492106e+02
1.080000e-06	3.801727e-06	4.846050e-09	2.672710e+01	2.861540e+02
1.090000e-06	3.937023e-06	5.447217e-09	2.767827e+01	3.219714e+02
1.100000e-06	4.070955e-06	6.027162e-09	2.861984e+01	3.564230e+02
1.110000e-06	4.203457e-06	6.583540e-09	2.955137e+01	3.893269e+02
1.120000e-06	4.334396e-06	7.113594e-09	3.047191e+01	4.205577e+02
1.130000e-06	4.463780e-06	7.615175e-09	3.138151e+01	4.500441e+02
1.140000e-06	4.591615e-06	8.083925e-09	3.228022e+01	4.777649e+02
1.150000e-06	4.717908e-06	8.519834e-09	3.316809e+01	5.037424e+02
1.160000e-06	4.842585e-06	8.923428e-09	3.404461e+01	5.280350e+02
1.170000e-06	4.965506e-06	9.299873e-09	3.490877e+01	5.507262e+02
1.180000e-06	5.086614e-06	9.651125e-09	3.576019e+01	5.719131e+02
1.190000e-06	5.205863e-06	9.979998e-09	3.659854e+01	5.916946e+02
1.200000e-06	5.323179e-06	1.029186e-08	3.742330e+01	6.101628e+02
1.210000e-06	5.438434e-06	1.058596e-08	3.823357e+01	6.273970e+02
1.220000e-06	5.551537e-06	1.086121e-08	3.902871e+01	6.434637e+02
1.230000e-06	5.662555e-06	1.111498e-08	3.980920e+01	6.584210e+02
1.240000e-06	5.771621e-06	1.134651e-08	4.057596e+01	6.723243e+02
1.250000e-06	5.878718e-06	1.155862e-08	4.132888e+01	6.852333e+02
1.260000e-06	5.983684e-06	1.175690e-08	4.206682e+01	6.972156e+02
1.270000e-06	6.086465e-06	1.194337e-08	4.278939e+01	7.083459e+02
1.280000e-06	6.187098e-06	1.211737e-08	4.349687e+01	7.187016e+02
1.290000e-06	6.285406e-06	1.228077e-08	4.418800e+01	7.283550e+02
1.300000e-06	6.381298e-06	1.243437e-08	4.486215e+01	7.373668e+02
1.310000e-06	6.475019e-06	1.257625e-08	4.552103e+01	7.457814e+02
1.320000e-06	6.566596e-06	1.270563e-08	4.616484e+01	7.536276e+02
1.330000e-06	6.655815e-06	1.282445e-08	4.679207e+01	7.609242e+02
1.340000e-06	6.742654e-06	1.293525e-08	4.740257e+01	7.676884e+02
1.350000e-06	6.827197e-06	1.303911e-08	4.799693e+01	7.739439e+02
1.360000e-06	6.909368e-06	1.313591e-08	4.857461e+01	7.797272e+02
1.370000e-06	6.989042e-06	1.322492e-08	4.913474e+01	7.850870e+02
1.380000e-06	7.066196e-06	1.330892e-08	4.967715e+01	7.900795e+02
1.390000e-06	7.140615e-06	1.338912e-08	5.020033e+01	7.947590e+02
1.400000e-06	7.212303e-06	1.346232e-08	5.070432e+01	7.991687e+02
1.410000e-06	7.281525e-06	1.352933e-08	5.119097e+01	8.033338e+02
1.420000e-06	7.348188e-06	1.359412e-08	5.165963e+01	8.072605e+02
1.430000e-06	7.412201e-06	1.365711e-08	5.210966e+01	8.109412e+02
1.440000e-06	7.473688e-06	1.371580e-08	5.254193e+01	8.143630e+02
1.450000e-06	7.532628e-06	1.376747e-08	5.295629e+01	8.175179e+02
1.460000e-06	7.588857e-06	1.381497e-08	5.335159e+01	8.204105e+02
1.470000e-06	7.642282e-06	1.386071e-08	5.372718e+01	8.230597e+02
1.480000e-06	7.692556e-06	1.390247e-08	5.408062e+01	8.254953e+02
1.490000e-06	7.739725e-06	1.394026e-08	5.441224e+01	8.277498e+02
1.500000e-06	7.784207e-06	1.397353e-08	5.472495e+01	8.298491e+02
1.510000e-06	7.825851e-06	1.400451e-08	5.501772e+01	8.318059e+02
1.520000e-06	7.864640e-06	1.403324e-08	5.529042e+01	8.336179e+02
1.530000e-06	7.900823e-06	1.405909e-08	5.554479e+01	8.352722e+02
1.540000e-06	7.934226e-06	1.408291e-08	5.577962e+01	8.367529e+02
1.550000e-06	7.964796e-06	1.410619e-08	5.599454e+01	8.380502e+02
1.560000e-06	7.992694e-06	1.412784e-08	5.619067e+01	8.391666e+02
1.570000e-06	8.017708e-06	1.414516e-08	5.636653e+01	8.401181e+02
1.580000e-06	8.039847e-06	1.415742e-08	5.652217e+01	8.409295e+02
1.590000e-06	8.059338e-06	1.416487e-08	5.665919e+01	8.416267e+02
1.600000e-06	8.075970e-06	1.417018e-08	5.677612e+01	8.422277e+02
1.610000e-06	8.089550e-06	1.417622e-08	5.687159e+01	8.427373e+02
1.620000e-06	8.099996e-06	1.418349e-08	5.694503e+01	8.431468e+02
1.630000e-06	8.107377e-06	1.419086e-08	5.699692e+01	8.434392e+02
1.640000e-06	8.111967e-06	1.419771e-08	5.702919e+01	8.435975e+02
1.650000e-06	8.113718e-06	1.419732e-08	5.704150e+01	8.436135e+02
1.660000e-06	8.112695e-06	1.419606e-08	5.703431e+01	8.434920e+02
1.670000e-06	8.109081e-06	1.418997e-08	5.700890e+01	8.432512e+02
1.680000e-06	8.102776e-06	1.418178e-08	5.696457e+01	8.429157e+02
1.690000e-06	8.093781e-06	1.417251e-08	5.690134e+01	8.425081e+02
1.700000e-06	8.081996e-06	1.416168e-08	5.681848e+01	8.420402e+02
1.710000e-06	8.067335e-06	1.415092e-08	5.671542e+01	8.415089e+02
1.720000e-06	8.050122e-06	1.413188e-08	5.659440e+01	8.408975e+02
1.730000e-06	8.030610e-06	1.416117e-08	5.645723e+01	8.401831e+02
1.740000e-06	8.008370e-06	1.418332e-08	5.630087e+01	8.393460e+02
1.750000e-06	7.982661e-06	1.413293e-08	5.612014e+01	8.383781e+02
1.760000e-06	7.953235e-06	1.408484e-08	5.591326e+01	8.372878e+02
1.770000e-06	7.920640e-06	1.407023e-08	5.568411e+01	8.360965e+02
1.780000e-06	7.885544e-06	1.403410e-08	5.543738e+01	8.348316e+02
1.790000e-06	7.848099e-06	1.397771e-08	5.517413e+01	8.335152e+02
1.800000e-06	7.808497e-06	1.401897e-08	5.489572e+01	8.321553e+02
1.810000e-06	7.766628e-06	1.395277e-08	5.460137e+01	8.307415e+02
1.820000e-06	7.722091e-06	1.394915e-08	5.428826e+01	8.292484e+02
1.830000e-06	7.674900e-06	1.398050e-08	5.395650e+01	8.276435e+02
1.840000e-06	7.624763e-06	1.388554e-08	5.360402e+01	8.258993e+02
1.850000e-06	7.571608e-06	1.389516e-08	5.323033e+01	8.240028e+02
1.860000e-06	7.515647e-06	1.380182e-08	5.283691e+01	8.219602e+02
1.870000e-06	7.456913e-06	1.379142e-08	5.242399e+01	8.197940e+02
1.880000e-06	7.395612e-06	1.376956e-08	5.199303e+01	8.175347e+02
1.890000e-06	7.331574e-06	1.369949e-08	5.154283e+01	8.152089e+02
1.900000e-06	7.264783e-06	1.372066e-08	5.107327e+01	8.128290e+02
1.910000e-06	7.195251e-06	1.365502e-08	5.058444e+01	8.103891e+02
1.920000e-06	7.122918e-06	1.362436e-08	5.007592e+01	8.078664e+02
1.930000e-06	7.047928e-06	1.352917e-08	4.954872e+01	8.052304e+02
1.940000e-06	6.970183e-06	1.348978e-08	4.900216e+01	8.024536e+02
1.950000e-06	6.889829e-06	1.346725e-08	4.843725e+01	7.995215e+02
1.960000e-06	6.807030e-06	1.339024e-08	4.785515e+01	7.964376e+02
1.970000e-06	6.721846e-06	1.337561e-08	4.725628e+01	7.932210e+02
1.980000e-06	6.634228e-06	1.329983e-08	4.664031e+01	7.898986e+02
1.990000e-06	6.544156e-06	1.326115e-08	4.600708e+01	7.864945e+02
2.000000e-06	6.451843e-06	1.317991e-08	4.535810e+01	7.830201e+02
2.010000e-06	6.357227e-06	1.311369e-08	4.469292e+01	7.794701e+02
2.020000e-06	6.260343e-06	1.305820e-08	4.401180e+01	7.758242e+02
2.030000e-06	6.161224e-06	1.299553e-08	4.331497e+01	7.720543e+02
2.040000e-06	6.059921e-06	1.294668e-08	4.260278e+01	7.681347e+02
2.050000e-06	5.956424e-06	1.286014e-08	4.187517e+01	7.640505e+02
2.060000e-06	5.850759e-06	1.279951e-08	4.113232e+01	7.598019e+02
2.070000e-06	5.743052e-06	1.271366e-08	4.037511e+01	7.554023e+02
2.080000e-06	5.633256e-06	1.264727e-08	3.960322e+01	7.508712e+02
2.090000e-06	5.521356e-06	1.255961e-08	3.881653e+01	7.462257e+02
2.100000e-06	5.407327e-06	1.248285e-08	3.801488e+01	7.414726e+02
2.110000e-06	5.291236e-06	1.240408e-08	3.719873e+01	7.366053e+02
2.120000e-06	5.173061e-06	1.232000e-08	3.636793e+01	7.316063e+02
2.130000e-06	5.052925e-06	1.222708e-08	3.552335e+01	7.264541e+02
2.140000e-06	4.930984e-06	1.213137e-08	3.466607e+01	7.211311e+02
2.150000e-06	4.807265e-06	1.204998e-08	3.379629e+01	7.156304e+02
2.160000e-06	4.681849e-06	1.195390e-08	3.291459e+01	7.099583e+02
2.170000e-06	4.554742e-06	1.186139e-08	3.202099e+01	7.041304e+02
2.180000e-06	4.426030e-06	1.175399e-08	3.111611e+01	6.981650e+02
2.190000e-06	4.295768e-06	1.165779e-08	3.020034e+01	6.920743e+02
2.200000e-06	4.163961e-06	1.155031e-08	2.927370e+01	6.858579e+02
2.210000e-06	4.030704e-06	1.144127e-08	2.833687e+01	6.795012e+02
2.220000e-06	3.895984e-06	1.132583e-08	2.738976e+01	6.729783e+02
2.230000e-06	3.759774e-06	1.121471e-08	2.643217e+01	6.662600e+02
2.240000e-06	3.622192e-06	1.110183e-08	2.546493e+01	6.593219e+02
2.250000e-06	3.483244e-06	1.097895e-08	2.448809e+01	6.521513e+02
2.260000e-06	3.342979e-06	1.085520e-08	2.350199e+01	6.447500e+02
2.270000e-06	3.201485e-06	1.072543e-08	2.250725e+01	6.371310e+02
2.280000e-06	3.058734e-06	1.059608e-08	2.150368e+01	6.293122e+02
2.290000e-06	2.914820e-06	1.045829e-08	2.049192e+01	6.213079e+02
2.300000e-06	2.769892e-06	1.031830e-08	1.947304e+01	6.131220e+02
2.310000e-06	2.624021e-06	1.017399e-08	1.844754e+01	6.047449e+02
2.320000e-06	2.477226e-06	1.003096e-08	1.741553e+01	5.961552e+02
2.330000e-06	2.329528e-06	9.883977e-09	1.637718e+01	5.873250e+02
2.340000e-06	2.180993e-06	9.731973e-09	1.533293e+01	5.782270e+02
2.350000e-06	2.031771e-06	9.574677e-09	1.428387e+01	5.688410e+02
2.360000e-06	1.881906e-06	9.411574e-09	1.323028e+01	5.591565e+02
2.370000e-06	1.731355e-06	9.242350e-09	1.217186e+01	5.491726e+02
2.380000e-06	1.580146e-06	9.066002e-09	1.110883e+01	5.388936e+02
2.390000e-06	1.428282e-06	8.885475e-09	1.004118e+01	5.283228e+02
2.400000e-06	1.275855e-06	8.703371e-09	8.969585e+00	5.174578e+02
2.410000e-06	1.123021e-06	8.517222e-09	7.895121e+00	5.062861e+02
2.420000e-06	9.698152e-07	8.324324e-09	6.818047e+00	4.947848e+02
2.430000e-06	8.162884e-07	8.126884e-09	5.738715e+00	4.829221e+02
2.440000e-06	6.625312e-07	7.921948e-09	4.657763e+00	4.706597e+02
2.450000e-06	5.085609e-07	7.707090e-09	3.575312e+00	4.579559e+02
2.460000e-06	3.543607e-07	7.479847e-09	2.491246e+00	4.447667e+02
2.470000e-06	2.000513e-07	7.245477e-09	1.406411e+00	4.310463e+02
2.480000e-06	4.571028e-08	7.003863e-09	3.213549e-01	4.167465e+02
2.490000e-06	-1.086764e-07	6.754231e-09	-7.640226e-01	4.018169e+02
2.500000e-06	-2.629999e-07	6.493440e-09	-1.848956e+00	3.862070e+02
2.510000e-06	-4.171770e-07	6.221143e-09	-2.932860e+00	3.698686e+02
2.520000e-06	-5.711783e-07	5.938257e-09	-4.015528e+00	3.527606e+02
2.530000e-06	-7.249892e-07	5.637247e-09	-5.096858e+00	3.348521e+02
2.540000e-06	-8.785952e-07	5.318131e-09	-6.176747e+00	3.161227e+02
2.550000e-06	-1.031855e-06	4.984202e-09	-7.254203e+00	2.965593e+02
2.560000e-06	-1.184689e-06	4.640325e-09	-8.328667e+00	2.761478e+02
2.570000e-06	-1.337117e-06	4.284567e-09	-9.400275e+00	2.548613e+02
2.580000e-06	-1.489002e-06	3.913160e-09	-1.046806e+01	2.326490e+02
2.590000e-06	-1.640284e-06	3.525224e-09	-1.153161e+01	2.094267e+02
2.600000e-06	-1.790962e-06	3.118542e-09	-1.259091e+01	1.850756e+02
2.610000e-06	-1.940961e-06	2.689336e-09	-1.364545e+01	1.594489e+02
2.620000e-06	-2.090360e-06	2.232177e-09	-1.469576e+01	1.323885e+02
2.630000e-06	-2.239085e-06	1.747601e-09	-1.574134e+01	1.037491e+02
2.640000e-06	-2.386891e-06	1.238425e-09	-1.678045e+01	7.342582e+01
2.650000e-06	-2.533782e-06	7.017611e-10	-1.781313e+01	4.137996e+01
2.660000e-06	-2.679820e-06	1.373740e-10	-1.883981e+01	7.658822e+00
2.670000e-06	-2.824935e-06	-4.518616e-10	-1.986001e+01	-2.759524e+01
2.680000e-06	-2.969043e-06	-1.062164e-09	-2.087313e+01	-6.414765e+01
2.690000e-06	-3.111999e-06	-1.690269e-09	-2.187815e+01	-1.016858e+02
2.700000e-06	-3.253713e-06	-2.331065e-09	-2.287443e+01	-1.398419e+02
2.710000e-06	-3.394111e-06	-2.975457e-09	-2.386146e+01	-1.782195e+02
2.720000e-06	-3.533242e-06	-3.616985e-09	-2.483959e+01	-2.164212e+02
2.730000e-06	-3.671139e-06	-4.249831e-09	-2.580904e+01	-2.540714e+02
2.740000e-06	-3.807680e-06	-4.871828e-09	-2.676896e+01	-2.908341e+02
2.750000e-06	-3.942780e-06	-5.474277e-09	-2.771875e+01	-3.264237e+02
2.760000e-06	-4.076454e-06	-6.048512e-09	-2.865851e+01	-3.606110e+02
2.770000e-06	-4.208707e-06	-6.593740e-09	-2.958828e+01	-3.932239e+02
2.780000e-06	-4.339487e-06	-7.111100e-09	-3.050769e+01	-4.241472e+02
2.790000e-06	-4.468774e-06	-7.602499e-09	-3.141662e+01	-4.533189e+02
2.800000e-06	-4.596450e-06	-8.064561e-09	-3.231421e+01	-4.807258e+02
2.810000e-06	-4.722485e-06	-8.496854e-09	-3.320027e+01	-5.063976e+02
2.820000e-06	-4.846895e-06	-8.903365e-09	-3.407490e+01	-5.303978e+02
2.830000e-06	-4.969623e-06	-9.285750e-09	-3.493771e+01	-5.528133e+02
2.840000e-06	-5.090542e-06	-9.641902e-09	-3.578780e+01	-5.737423e+02
2.850000e-06	-5.209521e-06	-9.972220e-09	-3.662426e+01	-5.932832e+02
2.860000e-06	-5.326450e-06	-1.027960e-08	-3.744630e+01	-6.115259e+02
2.870000e-06	-5.441209e-06	-1.056623e-08	-3.825308e+01	-6.285473e+02
2.880000e-06	-5.553745e-06	-1.083299e-08	-3.904424e+01	-6.444121e+02
2.890000e-06	-5.664128e-06	-1.108078e-08	-3.982026e+01	-6.591773e+02
2.900000e-06	-5.772565e-06	-1.131208e-08	-4.058260e+01	-6.728987e+02
2.910000e-06	-5.879108e-06	-1.152781e-08	-4.133162e+01	-6.856373e+02
2.920000e-06	-5.983584e-06	-1.172700e-08	-4.206611e+01	-6.974621e+02
2.930000e-06	-6.085798e-06	-1.191144e-08	-4.278471e+01	-7.084487e+02
2.940000e-06	-6.185777e-06	-1.208437e-08	-4.348758e+01	-7.186742e+02
2.950000e-06	-6.283676e-06	-1.224715e-08	-4.417584e+01	-7.282093e+02
2.960000e-06	-6.379465e-06	-1.239969e-08	-4.484926e+01	-7.371120e+02
2.970000e-06	-6.472934e-06	-1.254163e-08	-4.550637e+01	-7.454236e+02
2.980000e-06	-6.564065e-06	-1.267411e-08	-4.614705e+01	-7.531707e+02
2.990000e-06	-6.652998e-06	-1.279675e-08	-4.677226e+01	-7.603712e+02
3.000000e-06	-6.739565e-06	-1.290997e-08	-4.738085e+01	-7.670427e+02
3.010000e-06	-6.823642e-06	-1.301302e-08	-4.797194e+01	-7.732111e+02
3.020000e-06	-6.905367e-06	-1.310898e-08	-4.854648e+01	-7.789151e+02
3.030000e-06	-6.984615e-06	-1.319995e-08	-4.910362e+01	-7.842055e+02
3.040000e-06	-7.061105e-06	-1.328584e-08	-4.964136e+01	-7.891386e+02
3.050000e-06	-7.134939e-06	-1.336571e-08	-5.016043e+01	-7.937675e+02
3.060000e-06	-7.206219e-06	-1.344008e-08	-5.066155e+01	-7.981324e+02
3.070000e-06	-7.274858e-06	-1.351008e-08	-5.114410e+01	-8.022552e+02
3.080000e-06	-7.340946e-06	-1.357465e-08	-5.160871e+01	-8.061392e+02
3.090000e-06	-7.404516e-06	-1.363354e-08	-5.205563e+01	-8.097749e+02
3.100000e-06	-7.465416e-06	-1.369034e-08	-5.248377e+01	-8.131495e+02
3.110000e-06	-7.523608e-06	-1.374421e-08	-5.289287e+01	-8.162571e+02
3.120000e-06	-7.579116e-06	-1.379194e-08	-5.328311e+01	-8.191047e+02
3.130000e-06	-7.631780e-06	-1.383561e-08	-5.365335e+01	-8.217137e+02
3.140000e-06	-7.681293e-06	-1.387758e-08	-5.400144e+01	-8.241149e+02
3.150000e-06	-7.727720e-06	-1.391715e-08	-5.432783e+01	-8.263404e+02
3.160000e-06	-7.771609e-06	-1.395149e-08	-5.463639e+01	-8.284140e+02
3.170000e-06	-7.813085e-06	-1.398162e-08	-5.492797e+01	-8.303457e+02
3.180000e-06	-7.851835e-06	-1.401082e-08	-5.520039e+01	-8.321310e+02
3.190000e-06	-7.887784e-06	-1.404003e-08	-5.545312e+01	-8.337557e+02
3.200000e-06	-7.921035e-06	-1.406596e-08	-5.568689e+01	-8.352043e+02
3.210000e-06	-7.951447e-06	-1.408836e-08	-5.590069e+01	-8.364690e+02
3.220000e-06	-7.978932e-06	-1.410936e-08	-5.609392e+01	-8.375547e+02
3.230000e-06	-8.003634e-06	-1.412794e-08	-5.626758e+01	-8.384794e+02
3.240000e-06	-8.025466e-06	-1.414167e-08	-5.642106e+01	-8.392690e+02
3.250000e-06	-8.044437e-06	-1.415070e-08	-5.655443e+01	-8.399483e+02
3.260000e-06	-8.060593e-06	-1.415928e-08	-5.666802e+01	-8.405333e+02
3.270000e-06	-8.073635e-06	-1.416926e-08	-5.675970e+01	-8.410263e+02
3.280000e-06	-8.083583e-06	-1.417763e-08	-5.682964e+01	-8.414165e+02
3.290000e-06	-8.090657e-06	-1.418342e-08	-5.687937e+01	-8.416863e+02
3.300000e-06	-8.094907e-06	-1.419027e-08	-5.690925e+01	-8.418197e+02
3.310000e-06	-8.096451e-06	-1.419603e-08	-5.692011e+01	-8.418106e+02
