# Temperatura_=_53.06
# Concentracion g/m^3_=_11780.0
# C_Vs_to_Am_M_A/Vsm_=_59384043850.047264
# pendiente_HvsI_1/m_=_3716.3
# ordenada_HvsI_A/m_=_1297.0
# frecuencia_Hz_=_301541.686902842

Tiempo_(s)	Campo_(V.s)	Magnetizacion_(V.s)	Campo_(kA/m)	Magnetizacion_(A/m)
0.000000e+00	-8.075324e-06	-1.418342e-08	-5.692077e+01	-8.408797e+02
1.000000e-08	-8.072542e-06	-1.417817e-08	-5.690116e+01	-8.407569e+02
2.000000e-08	-8.067063e-06	-1.417101e-08	-5.686254e+01	-8.405487e+02
3.000000e-08	-8.058949e-06	-1.416445e-08	-5.680534e+01	-8.402528e+02
4.000000e-08	-8.048020e-06	-1.415749e-08	-5.672831e+01	-8.398622e+02
5.000000e-08	-8.034223e-06	-1.414932e-08	-5.663106e+01	-8.393682e+02
6.000000e-08	-8.017552e-06	-1.414062e-08	-5.651355e+01	-8.387645e+02
7.000000e-08	-7.998298e-06	-1.413129e-08	-5.637783e+01	-8.380498e+02
8.000000e-08	-7.976530e-06	-1.410642e-08	-5.622439e+01	-8.372292e+02
9.000000e-08	-7.951576e-06	-1.406698e-08	-5.604850e+01	-8.363129e+02
1.000000e-07	-7.923253e-06	-1.405231e-08	-5.584886e+01	-8.353124e+02
1.100000e-07	-7.892089e-06	-1.406140e-08	-5.562919e+01	-8.342367e+02
1.200000e-07	-7.858271e-06	-1.405526e-08	-5.539082e+01	-8.330890e+02
1.300000e-07	-7.821861e-06	-1.402068e-08	-5.513417e+01	-8.318652e+02
1.400000e-07	-7.783292e-06	-1.400370e-08	-5.486231e+01	-8.305557e+02
1.500000e-07	-7.742542e-06	-1.400602e-08	-5.457508e+01	-8.291483e+02
1.600000e-07	-7.699007e-06	-1.396311e-08	-5.426821e+01	-8.276328e+02
1.700000e-07	-7.652645e-06	-1.391546e-08	-5.394142e+01	-8.260037e+02
1.800000e-07	-7.603438e-06	-1.386683e-08	-5.359457e+01	-8.242617e+02
1.900000e-07	-7.550993e-06	-1.383876e-08	-5.322490e+01	-8.224125e+02
2.000000e-07	-7.495646e-06	-1.383013e-08	-5.283477e+01	-8.204635e+02
2.100000e-07	-7.437640e-06	-1.379036e-08	-5.242591e+01	-8.184208e+02
2.200000e-07	-7.376995e-06	-1.375646e-08	-5.199843e+01	-8.162866e+02
2.300000e-07	-7.313795e-06	-1.371711e-08	-5.155296e+01	-8.140586e+02
2.400000e-07	-7.247822e-06	-1.369538e-08	-5.108793e+01	-8.117312e+02
2.500000e-07	-7.179158e-06	-1.365050e-08	-5.060394e+01	-8.092983e+02
2.600000e-07	-7.107920e-06	-1.356473e-08	-5.010180e+01	-8.067551e+02
2.700000e-07	-7.033921e-06	-1.351705e-08	-4.958020e+01	-8.041002e+02
2.800000e-07	-6.957130e-06	-1.350391e-08	-4.903892e+01	-8.013348e+02
2.900000e-07	-6.877659e-06	-1.346700e-08	-4.847875e+01	-7.984607e+02
3.000000e-07	-6.795658e-06	-1.339350e-08	-4.790075e+01	-7.954783e+02
3.100000e-07	-6.711329e-06	-1.335094e-08	-4.730634e+01	-7.923853e+02
3.200000e-07	-6.624701e-06	-1.331591e-08	-4.669572e+01	-7.891763e+02
3.300000e-07	-6.535753e-06	-1.324817e-08	-4.606875e+01	-7.858449e+02
3.400000e-07	-6.444523e-06	-1.317083e-08	-4.542569e+01	-7.823864e+02
3.500000e-07	-6.351018e-06	-1.309855e-08	-4.476660e+01	-7.787998e+02
3.600000e-07	-6.255167e-06	-1.304647e-08	-4.409097e+01	-7.750892e+02
3.700000e-07	-6.156951e-06	-1.299393e-08	-4.339867e+01	-7.712616e+02
3.800000e-07	-6.056534e-06	-1.292536e-08	-4.269087e+01	-7.673244e+02
3.900000e-07	-5.954045e-06	-1.285355e-08	-4.196845e+01	-7.632809e+02
4.000000e-07	-5.849401e-06	-1.279660e-08	-4.123084e+01	-7.591284e+02
4.100000e-07	-5.742545e-06	-1.273495e-08	-4.047764e+01	-7.548565e+02
4.200000e-07	-5.633650e-06	-1.264295e-08	-3.971007e+01	-7.504507e+02
4.300000e-07	-5.522840e-06	-1.254676e-08	-3.892900e+01	-7.458960e+02
4.400000e-07	-5.409975e-06	-1.246948e-08	-3.813345e+01	-7.411819e+02
4.500000e-07	-5.294884e-06	-1.240259e-08	-3.732220e+01	-7.363059e+02
4.600000e-07	-5.177711e-06	-1.231961e-08	-3.649628e+01	-7.312742e+02
4.700000e-07	-5.058693e-06	-1.222849e-08	-3.565736e+01	-7.260985e+02
4.800000e-07	-4.937801e-06	-1.214641e-08	-3.480522e+01	-7.207910e+02
4.900000e-07	-4.815001e-06	-1.206365e-08	-3.393964e+01	-7.153596e+02
5.000000e-07	-4.690446e-06	-1.196183e-08	-3.306168e+01	-7.098035e+02
5.100000e-07	-4.564350e-06	-1.184924e-08	-3.217286e+01	-7.041134e+02
5.200000e-07	-4.436724e-06	-1.174836e-08	-3.127327e+01	-6.982740e+02
5.300000e-07	-4.307395e-06	-1.165524e-08	-3.036166e+01	-6.922693e+02
5.400000e-07	-4.176401e-06	-1.155439e-08	-2.943832e+01	-6.860877e+02
5.500000e-07	-4.043873e-06	-1.144244e-08	-2.850417e+01	-6.797253e+02
5.600000e-07	-3.909981e-06	-1.133618e-08	-2.756040e+01	-6.731852e+02
5.700000e-07	-3.774778e-06	-1.123254e-08	-2.660738e+01	-6.664742e+02
5.800000e-07	-3.638138e-06	-1.111660e-08	-2.564425e+01	-6.595970e+02
5.900000e-07	-3.500064e-06	-1.098708e-08	-2.467100e+01	-6.525516e+02
6.000000e-07	-3.360600e-06	-1.086191e-08	-2.368795e+01	-6.453265e+02
6.100000e-07	-3.219734e-06	-1.074438e-08	-2.269503e+01	-6.379027e+02
6.200000e-07	-3.077509e-06	-1.061833e-08	-2.169253e+01	-6.302582e+02
6.300000e-07	-2.934107e-06	-1.047997e-08	-2.068173e+01	-6.223751e+02
6.400000e-07	-2.789655e-06	-1.034008e-08	-1.966352e+01	-6.142441e+02
6.500000e-07	-2.644218e-06	-1.020410e-08	-1.863837e+01	-6.058675e+02
6.600000e-07	-2.497888e-06	-1.006195e-08	-1.760693e+01	-5.972559e+02
6.700000e-07	-2.350733e-06	-9.910506e-09	-1.656968e+01	-5.884226e+02
6.800000e-07	-2.202843e-06	-9.756042e-09	-1.552724e+01	-5.793758e+02
6.900000e-07	-2.054232e-06	-9.602840e-09	-1.447973e+01	-5.701119e+02
7.000000e-07	-1.904881e-06	-9.444498e-09	-1.342699e+01	-5.606136e+02
7.100000e-07	-1.754887e-06	-9.277296e-09	-1.236972e+01	-5.508525e+02
7.200000e-07	-1.604330e-06	-9.104893e-09	-1.130849e+01	-5.407952e+02
7.300000e-07	-1.453177e-06	-8.933560e-09	-1.024305e+01	-5.304122e+02
7.400000e-07	-1.301442e-06	-8.758174e-09	-9.173511e+00	-5.196844e+02
7.500000e-07	-1.149201e-06	-8.571698e-09	-8.100407e+00	-5.086048e+02
7.600000e-07	-9.965289e-07	-8.375865e-09	-7.024262e+00	-4.971755e+02
7.700000e-07	-8.434538e-07	-8.174949e-09	-5.945277e+00	-4.853991e+02
7.800000e-07	-6.900330e-07	-7.969554e-09	-4.863855e+00	-4.732684e+02
7.900000e-07	-5.363615e-07	-7.757048e-09	-3.780667e+00	-4.607578e+02
8.000000e-07	-3.825615e-07	-7.539483e-09	-2.696572e+00	-4.478189e+02
8.100000e-07	-2.285935e-07	-7.316286e-09	-1.611294e+00	-4.343831e+02
8.200000e-07	-7.444453e-08	-7.084701e-09	-5.247393e-01	-4.203694e+02
8.300000e-07	7.972014e-08	-6.839799e-09	5.619256e-01	-4.056969e+02
8.400000e-07	2.338437e-07	-6.577734e-09	1.648301e+00	-3.902967e+02
8.500000e-07	3.878862e-07	-6.299858e-09	2.734104e+00	-3.741205e+02
8.600000e-07	5.418408e-07	-6.009135e-09	3.819289e+00	-3.571433e+02
8.700000e-07	6.955799e-07	-5.706451e-09	4.902954e+00	-3.393598e+02
8.800000e-07	8.489820e-07	-5.393667e-09	5.984244e+00	-3.207746e+02
8.900000e-07	1.002074e-06	-5.071192e-09	7.063350e+00	-3.013901e+02
9.000000e-07	1.154771e-06	-4.737171e-09	8.139669e+00	-2.811935e+02
9.100000e-07	1.306940e-06	-4.386856e-09	9.212269e+00	-2.601467e+02
9.200000e-07	1.458537e-06	-4.014884e-09	1.028083e+01	-2.381804e+02
9.300000e-07	1.609539e-06	-3.622969e-09	1.134520e+01	-2.151936e+02
9.400000e-07	1.759939e-06	-3.210994e-09	1.240533e+01	-1.910584e+02
9.500000e-07	1.909761e-06	-2.778212e-09	1.346139e+01	-1.656298e+02
9.600000e-07	2.058960e-06	-2.324938e-09	1.451305e+01	-1.387600e+02
9.700000e-07	2.207440e-06	-1.850116e-09	1.555965e+01	-1.103158e+02
9.800000e-07	2.355160e-06	-1.347798e-09	1.660088e+01	-8.019807e+01
9.900000e-07	2.502074e-06	-8.107025e-10	1.763644e+01	-4.836177e+01
1.000000e-06	2.648138e-06	-2.409763e-10	1.866600e+01	-1.483329e+01
1.010000e-06	2.793212e-06	3.550661e-10	1.968859e+01	2.027704e+01
1.020000e-06	2.937221e-06	9.722112e-10	2.070367e+01	5.677031e+01
1.030000e-06	3.080186e-06	1.607475e-09	2.171139e+01	9.436382e+01
1.040000e-06	3.222019e-06	2.255207e-09	2.271114e+01	1.327056e+02
1.050000e-06	3.362648e-06	2.908327e-09	2.370239e+01	1.713972e+02
1.060000e-06	3.501981e-06	3.559209e-09	2.468452e+01	2.100212e+02
1.070000e-06	3.639956e-06	4.201636e-09	2.565706e+01	2.481701e+02
1.080000e-06	3.776496e-06	4.829079e-09	2.661949e+01	2.854716e+02
1.090000e-06	3.911578e-06	5.436765e-09	2.757165e+01	3.216076e+02
1.100000e-06	4.045250e-06	6.021760e-09	2.851387e+01	3.563253e+02
1.110000e-06	4.177561e-06	6.580707e-09	2.944650e+01	3.894407e+02
1.120000e-06	4.308420e-06	7.111618e-09	3.036888e+01	4.208353e+02
1.130000e-06	4.437671e-06	7.612789e-09	3.127994e+01	4.504491e+02
1.140000e-06	4.565297e-06	8.082922e-09	3.217954e+01	4.782712e+02
1.150000e-06	4.691354e-06	8.521850e-09	3.306808e+01	5.043299e+02
1.160000e-06	4.815860e-06	8.928394e-09	3.394569e+01	5.286834e+02
1.170000e-06	4.938688e-06	9.306033e-09	3.481147e+01	5.514108e+02
1.180000e-06	5.059653e-06	9.658962e-09	3.566412e+01	5.726036e+02
1.190000e-06	5.178714e-06	9.989863e-09	3.650335e+01	5.923581e+02
1.200000e-06	5.295915e-06	1.030089e-08	3.732947e+01	6.107690e+02
1.210000e-06	5.411107e-06	1.059039e-08	3.814142e+01	6.279249e+02
1.220000e-06	5.524116e-06	1.085993e-08	3.893800e+01	6.439061e+02
1.230000e-06	5.635083e-06	1.111099e-08	3.972017e+01	6.587850e+02
1.240000e-06	5.744160e-06	1.134239e-08	4.048903e+01	6.726282e+02
1.250000e-06	5.851261e-06	1.155447e-08	4.124395e+01	6.854997e+02
1.260000e-06	5.956233e-06	1.175249e-08	4.198387e+01	6.974631e+02
1.270000e-06	6.058988e-06	1.194027e-08	4.270816e+01	7.085827e+02
1.280000e-06	6.159607e-06	1.211605e-08	4.341740e+01	7.189219e+02
1.290000e-06	6.257963e-06	1.227747e-08	4.411068e+01	7.285410e+02
1.300000e-06	6.353901e-06	1.242616e-08	4.478692e+01	7.374940e+02
1.310000e-06	6.447600e-06	1.256456e-08	4.544738e+01	7.458267e+02
1.320000e-06	6.539123e-06	1.269397e-08	4.609250e+01	7.535770e+02
1.330000e-06	6.628339e-06	1.281345e-08	4.672136e+01	7.607769e+02
1.340000e-06	6.715192e-06	1.292423e-08	4.733357e+01	7.674565e+02
1.350000e-06	6.799793e-06	1.302842e-08	4.792990e+01	7.736477e+02
1.360000e-06	6.882057e-06	1.312557e-08	4.850975e+01	7.793870e+02
1.370000e-06	6.961811e-06	1.321335e-08	4.907191e+01	7.847154e+02
1.380000e-06	7.039022e-06	1.329423e-08	4.961616e+01	7.896764e+02
1.390000e-06	7.113575e-06	1.337283e-08	5.014166e+01	7.943122e+02
1.400000e-06	7.185434e-06	1.344588e-08	5.064817e+01	7.986591e+02
1.410000e-06	7.254762e-06	1.351195e-08	5.113685e+01	8.027442e+02
1.420000e-06	7.321557e-06	1.357615e-08	5.160767e+01	8.065852e+02
1.430000e-06	7.385685e-06	1.363853e-08	5.205969e+01	8.101909e+02
1.440000e-06	7.447280e-06	1.369674e-08	5.249385e+01	8.135649e+02
1.450000e-06	7.506354e-06	1.374851e-08	5.291025e+01	8.167088e+02
1.460000e-06	7.562732e-06	1.379577e-08	5.330765e+01	8.196254e+02
1.470000e-06	7.616332e-06	1.384225e-08	5.368545e+01	8.223203e+02
1.480000e-06	7.666841e-06	1.388503e-08	5.404148e+01	8.248017e+02
1.490000e-06	7.714230e-06	1.392371e-08	5.437551e+01	8.270794e+02
1.500000e-06	7.758845e-06	1.395799e-08	5.468999e+01	8.291635e+02
1.510000e-06	7.800694e-06	1.398748e-08	5.498497e+01	8.310634e+02
1.520000e-06	7.839732e-06	1.401448e-08	5.526014e+01	8.327884e+02
1.530000e-06	7.876118e-06	1.403928e-08	5.551662e+01	8.343474e+02
1.540000e-06	7.909749e-06	1.406150e-08	5.575367e+01	8.357501e+02
1.550000e-06	7.940602e-06	1.408307e-08	5.597115e+01	8.370069e+02
1.560000e-06	7.968815e-06	1.410381e-08	5.617001e+01	8.381280e+02
1.570000e-06	7.994165e-06	1.412165e-08	5.634870e+01	8.391221e+02
1.580000e-06	8.016600e-06	1.413554e-08	5.650684e+01	8.399947e+02
1.590000e-06	8.036334e-06	1.414522e-08	5.664594e+01	8.407479e+02
1.600000e-06	8.053236e-06	1.415194e-08	5.676508e+01	8.413805e+02
1.610000e-06	8.067100e-06	1.415940e-08	5.686280e+01	8.418903e+02
1.620000e-06	8.077788e-06	1.416592e-08	5.693814e+01	8.422762e+02
1.630000e-06	8.085439e-06	1.416935e-08	5.699207e+01	8.425408e+02
1.640000e-06	8.090366e-06	1.417059e-08	5.702680e+01	8.426905e+02
1.650000e-06	8.092452e-06	1.416946e-08	5.704150e+01	8.427351e+02
1.660000e-06	8.091706e-06	1.416839e-08	5.703624e+01	8.426845e+02
1.670000e-06	8.088368e-06	1.416811e-08	5.701271e+01	8.425462e+02
1.680000e-06	8.082344e-06	1.416486e-08	5.697025e+01	8.423226e+02
1.690000e-06	8.073636e-06	1.415921e-08	5.690887e+01	8.420103e+02
1.700000e-06	8.062254e-06	1.415112e-08	5.682864e+01	8.416017e+02
1.710000e-06	8.048008e-06	1.414001e-08	5.672822e+01	8.410884e+02
1.720000e-06	8.031103e-06	1.412629e-08	5.660907e+01	8.404646e+02
1.730000e-06	8.011944e-06	1.412217e-08	5.647402e+01	8.397303e+02
1.740000e-06	7.990186e-06	1.414435e-08	5.632065e+01	8.388917e+02
1.750000e-06	7.965007e-06	1.413341e-08	5.614317e+01	8.379594e+02
1.760000e-06	7.936099e-06	1.408491e-08	5.593941e+01	8.369449e+02
1.770000e-06	7.903963e-06	1.405064e-08	5.571289e+01	8.358562e+02
1.780000e-06	7.869292e-06	1.403529e-08	5.546850e+01	8.346953e+02
1.790000e-06	7.832253e-06	1.399648e-08	5.520742e+01	8.334569e+02
1.800000e-06	7.793013e-06	1.397237e-08	5.493083e+01	8.321307e+02
1.810000e-06	7.751567e-06	1.396957e-08	5.463869e+01	8.307045e+02
1.820000e-06	7.707539e-06	1.392978e-08	5.432835e+01	8.291688e+02
1.830000e-06	7.660828e-06	1.394624e-08	5.399910e+01	8.275192e+02
1.840000e-06	7.611153e-06	1.391637e-08	5.364895e+01	8.257575e+02
1.850000e-06	7.558434e-06	1.386770e-08	5.327735e+01	8.238898e+02
1.860000e-06	7.502861e-06	1.383304e-08	5.288563e+01	8.219235e+02
1.870000e-06	7.444556e-06	1.376987e-08	5.247465e+01	8.198644e+02
1.880000e-06	7.383746e-06	1.376069e-08	5.204602e+01	8.177136e+02
1.890000e-06	7.320151e-06	1.370502e-08	5.159775e+01	8.154682e+02
1.900000e-06	7.253805e-06	1.368244e-08	5.113010e+01	8.131224e+02
1.910000e-06	7.184784e-06	1.367329e-08	5.064359e+01	8.106698e+02
1.920000e-06	7.112913e-06	1.361658e-08	5.013699e+01	8.081066e+02
1.930000e-06	7.038397e-06	1.355451e-08	4.961175e+01	8.054318e+02
1.940000e-06	6.961141e-06	1.348523e-08	4.906719e+01	8.026467e+02
1.950000e-06	6.881246e-06	1.345429e-08	4.850404e+01	7.997532e+02
1.960000e-06	6.798953e-06	1.339681e-08	4.792397e+01	7.967512e+02
1.970000e-06	6.714221e-06	1.335288e-08	4.732672e+01	7.936378e+02
1.980000e-06	6.626995e-06	1.331180e-08	4.671189e+01	7.904073e+02
1.990000e-06	6.537409e-06	1.325436e-08	4.608042e+01	7.870534e+02
2.000000e-06	6.445645e-06	1.320199e-08	4.543361e+01	7.835718e+02
2.010000e-06	6.351517e-06	1.312267e-08	4.477012e+01	7.799626e+02
2.020000e-06	6.255109e-06	1.306224e-08	4.409056e+01	7.762304e+02
2.030000e-06	6.156553e-06	1.299495e-08	4.339587e+01	7.723826e+02
2.040000e-06	6.055780e-06	1.293682e-08	4.268555e+01	7.684262e+02
2.050000e-06	5.952736e-06	1.286444e-08	4.195922e+01	7.643636e+02
2.060000e-06	5.847502e-06	1.278986e-08	4.121746e+01	7.601905e+02
2.070000e-06	5.740280e-06	1.272327e-08	4.046168e+01	7.558958e+02
2.080000e-06	5.631006e-06	1.265195e-08	3.969144e+01	7.514643e+02
2.090000e-06	5.519647e-06	1.257982e-08	3.890649e+01	7.468816e+02
2.100000e-06	5.406229e-06	1.248898e-08	3.810704e+01	7.421384e+02
2.110000e-06	5.290727e-06	1.240795e-08	3.729290e+01	7.372339e+02
2.120000e-06	5.173095e-06	1.231924e-08	3.646374e+01	7.321754e+02
2.130000e-06	5.053472e-06	1.223293e-08	3.562055e+01	7.269751e+02
2.140000e-06	4.932044e-06	1.214072e-08	3.476464e+01	7.216451e+02
2.150000e-06	4.808905e-06	1.205839e-08	3.389667e+01	7.161916e+02
2.160000e-06	4.683997e-06	1.197026e-08	3.301622e+01	7.106124e+02
2.170000e-06	4.557333e-06	1.187475e-08	3.212341e+01	7.048967e+02
2.180000e-06	4.429049e-06	1.176902e-08	3.121916e+01	6.990288e+02
2.190000e-06	4.299239e-06	1.166371e-08	3.030417e+01	6.929930e+02
2.200000e-06	4.168022e-06	1.156475e-08	2.937926e+01	6.867792e+02
2.210000e-06	4.035314e-06	1.145562e-08	2.844384e+01	6.803845e+02
2.220000e-06	3.901111e-06	1.134598e-08	2.749788e+01	6.738133e+02
2.230000e-06	3.765430e-06	1.122954e-08	2.654149e+01	6.670722e+02
2.240000e-06	3.628342e-06	1.111902e-08	2.557520e+01	6.601653e+02
2.250000e-06	3.489938e-06	1.099573e-08	2.459963e+01	6.530888e+02
2.260000e-06	3.350212e-06	1.087256e-08	2.361473e+01	6.458296e+02
2.270000e-06	3.209174e-06	1.074613e-08	2.262060e+01	6.383679e+02
2.280000e-06	3.066899e-06	1.062296e-08	2.161774e+01	6.306819e+02
2.290000e-06	2.923502e-06	1.049306e-08	2.060697e+01	6.227547e+02
2.300000e-06	2.779064e-06	1.035196e-08	1.958887e+01	6.145793e+02
2.310000e-06	2.633684e-06	1.020763e-08	1.856413e+01	6.061596e+02
2.320000e-06	2.487479e-06	1.006041e-08	1.753356e+01	5.975074e+02
2.330000e-06	2.340433e-06	9.912377e-09	1.649708e+01	5.886356e+02
2.340000e-06	2.192476e-06	9.756394e-09	1.545417e+01	5.795505e+02
2.350000e-06	2.043670e-06	9.600351e-09	1.440527e+01	5.702463e+02
2.360000e-06	1.894122e-06	9.440676e-09	1.335115e+01	5.607033e+02
2.370000e-06	1.743892e-06	9.278329e-09	1.229222e+01	5.508916e+02
2.380000e-06	1.593069e-06	9.106645e-09	1.122911e+01	5.407780e+02
2.390000e-06	1.441725e-06	8.929227e-09	1.016233e+01	5.303344e+02
2.400000e-06	1.289885e-06	8.746979e-09	9.092052e+00	5.195438e+02
2.410000e-06	1.137577e-06	8.560548e-09	8.018475e+00	5.084014e+02
2.420000e-06	9.848205e-07	8.365566e-09	6.941732e+00	4.969099e+02
2.430000e-06	8.316796e-07	8.166736e-09	5.862283e+00	4.850711e+02
2.440000e-06	6.782871e-07	7.965139e-09	4.781062e+00	4.728750e+02
2.450000e-06	5.247189e-07	7.756022e-09	3.698601e+00	4.602920e+02
2.460000e-06	3.710060e-07	7.534899e-09	2.615121e+00	4.472698e+02
2.470000e-06	2.171891e-07	7.304149e-09	1.530907e+00	4.337367e+02
2.480000e-06	6.332149e-08	7.066049e-09	4.463360e-01	4.196110e+02
2.490000e-06	-9.052590e-08	6.815949e-09	-6.380925e-01	4.048130e+02
2.500000e-06	-2.443472e-07	6.554955e-09	-1.722337e+00	3.892770e+02
2.510000e-06	-3.980782e-07	6.282805e-09	-2.805945e+00	3.729588e+02
2.520000e-06	-5.516788e-07	6.001576e-09	-3.888634e+00	3.558375e+02
2.530000e-06	-7.051097e-07	5.702579e-09	-4.970127e+00	3.379102e+02
2.540000e-06	-8.582706e-07	5.384175e-09	-6.049717e+00	3.191823e+02
2.550000e-06	-1.011135e-06	5.050229e-09	-7.127215e+00	2.996542e+02
2.560000e-06	-1.163660e-06	4.705897e-09	-8.202321e+00	2.793094e+02
2.570000e-06	-1.315742e-06	4.349356e-09	-9.274310e+00	2.581043e+02
2.580000e-06	-1.467269e-06	3.977242e-09	-1.034238e+01	2.359639e+02
2.590000e-06	-1.618257e-06	3.589519e-09	-1.140666e+01	2.127820e+02
2.600000e-06	-1.768684e-06	3.184033e-09	-1.246698e+01	1.884266e+02
2.610000e-06	-1.918494e-06	2.754892e-09	-1.352294e+01	1.627512e+02
2.620000e-06	-2.067640e-06	2.296802e-09	-1.457423e+01	1.356092e+02
2.630000e-06	-2.215943e-06	1.810934e-09	-1.561958e+01	1.068720e+02
2.640000e-06	-2.363345e-06	1.299344e-09	-1.665858e+01	7.644873e+01
2.650000e-06	-2.509885e-06	7.603761e-10	-1.769150e+01	4.430591e+01
2.660000e-06	-2.655605e-06	1.940865e-10	-1.871864e+01	1.048422e+01
2.670000e-06	-2.800488e-06	-3.981687e-10	-1.973988e+01	-2.489030e+01
2.680000e-06	-2.944404e-06	-1.014063e-09	-2.075431e+01	-6.160313e+01
2.690000e-06	-3.087203e-06	-1.647022e-09	-2.176085e+01	-9.935787e+01
2.700000e-06	-3.228798e-06	-2.293097e-09	-2.275892e+01	-1.377924e+02
2.710000e-06	-3.369083e-06	-2.942806e-09	-2.374775e+01	-1.765027e+02
2.720000e-06	-3.508003e-06	-3.589629e-09	-2.472696e+01	-2.150712e+02
2.730000e-06	-3.645600e-06	-4.228157e-09	-2.569685e+01	-2.530948e+02
2.740000e-06	-3.781906e-06	-4.855469e-09	-2.665763e+01	-2.902098e+02
2.750000e-06	-3.916890e-06	-5.463680e-09	-2.760910e+01	-3.261092e+02
2.760000e-06	-4.050492e-06	-6.043897e-09	-2.855082e+01	-3.605524e+02
2.770000e-06	-4.182620e-06	-6.594508e-09	-2.948215e+01	-3.933676e+02
2.780000e-06	-4.313215e-06	-7.115304e-09	-3.040268e+01	-4.244472e+02
2.790000e-06	-4.442374e-06	-7.607893e-09	-3.131309e+01	-4.537407e+02
2.800000e-06	-4.570019e-06	-8.069934e-09	-3.221282e+01	-4.812449e+02
2.810000e-06	-4.695970e-06	-8.501242e-09	-3.310062e+01	-5.069942e+02
2.820000e-06	-4.820188e-06	-8.907290e-09	-3.397620e+01	-5.310512e+02
2.830000e-06	-4.942677e-06	-9.292143e-09	-3.483959e+01	-5.534978e+02
2.840000e-06	-5.063504e-06	-9.651527e-09	-3.569127e+01	-5.744267e+02
2.850000e-06	-5.182555e-06	-9.983918e-09	-3.653043e+01	-5.939346e+02
2.860000e-06	-5.299452e-06	-1.029027e-08	-3.735440e+01	-6.121152e+02
2.870000e-06	-5.414099e-06	-1.057463e-08	-3.816251e+01	-6.290558e+02
2.880000e-06	-5.526595e-06	-1.083920e-08	-3.895547e+01	-6.448352e+02
2.890000e-06	-5.636922e-06	-1.108491e-08	-3.973314e+01	-6.595245e+02
2.900000e-06	-5.745282e-06	-1.131680e-08	-4.049693e+01	-6.731896e+02
2.910000e-06	-5.851799e-06	-1.153676e-08	-4.124774e+01	-6.858944e+02
2.920000e-06	-5.956272e-06	-1.173941e-08	-4.198414e+01	-6.977025e+02
2.930000e-06	-6.058530e-06	-1.192380e-08	-4.270493e+01	-7.086783e+02
2.940000e-06	-6.158541e-06	-1.209483e-08	-4.340988e+01	-7.188847e+02
2.950000e-06	-6.256415e-06	-1.225535e-08	-4.409977e+01	-7.283812e+02
2.960000e-06	-6.352171e-06	-1.240466e-08	-4.477473e+01	-7.372204e+02
2.970000e-06	-6.445658e-06	-1.254280e-08	-4.543369e+01	-7.454467e+02
2.980000e-06	-6.536839e-06	-1.267409e-08	-4.607640e+01	-7.530965e+02
2.990000e-06	-6.625807e-06	-1.279804e-08	-4.670352e+01	-7.602014e+02
3.000000e-06	-6.712412e-06	-1.291311e-08	-4.731397e+01	-7.667915e+02
3.010000e-06	-6.796536e-06	-1.301625e-08	-4.790694e+01	-7.728993e+02
3.020000e-06	-6.878325e-06	-1.310946e-08	-4.848345e+01	-7.785622e+02
3.030000e-06	-6.957666e-06	-1.319670e-08	-4.904270e+01	-7.838219e+02
3.040000e-06	-7.034273e-06	-1.328008e-08	-4.958268e+01	-7.887220e+02
3.050000e-06	-7.108197e-06	-1.335825e-08	-5.010375e+01	-7.933039e+02
3.060000e-06	-7.179550e-06	-1.343188e-08	-5.060670e+01	-7.976024e+02
3.070000e-06	-7.248307e-06	-1.350219e-08	-5.109135e+01	-8.016431e+02
3.080000e-06	-7.314560e-06	-1.356907e-08	-5.155835e+01	-8.054417e+02
3.090000e-06	-7.378282e-06	-1.363014e-08	-5.200751e+01	-8.090060e+02
3.100000e-06	-7.439335e-06	-1.368326e-08	-5.243785e+01	-8.123389e+02
3.110000e-06	-7.497759e-06	-1.373338e-08	-5.284967e+01	-8.154420e+02
3.120000e-06	-7.553464e-06	-1.378063e-08	-5.324231e+01	-8.183187e+02
3.130000e-06	-7.606250e-06	-1.382600e-08	-5.361439e+01	-8.209749e+02
3.140000e-06	-7.655974e-06	-1.386881e-08	-5.396488e+01	-8.234193e+02
3.150000e-06	-7.702669e-06	-1.390969e-08	-5.429402e+01	-8.256617e+02
3.160000e-06	-7.746736e-06	-1.394712e-08	-5.460464e+01	-8.277124e+02
3.170000e-06	-7.788392e-06	-1.397960e-08	-5.489826e+01	-8.295806e+02
3.180000e-06	-7.827367e-06	-1.400643e-08	-5.517298e+01	-8.312753e+02
3.190000e-06	-7.863520e-06	-1.403070e-08	-5.542782e+01	-8.328058e+02
3.200000e-06	-7.896972e-06	-1.405473e-08	-5.566361e+01	-8.341817e+02
3.210000e-06	-7.927579e-06	-1.407827e-08	-5.587936e+01	-8.354137e+02
3.220000e-06	-7.955280e-06	-1.409903e-08	-5.607461e+01	-8.365117e+02
3.230000e-06	-7.980221e-06	-1.411526e-08	-5.625041e+01	-8.374839e+02
3.240000e-06	-8.002312e-06	-1.413131e-08	-5.640612e+01	-8.383353e+02
3.250000e-06	-8.021577e-06	-1.414349e-08	-5.654192e+01	-8.390672e+02
3.260000e-06	-8.038055e-06	-1.415234e-08	-5.665807e+01	-8.396781e+02
3.270000e-06	-8.051476e-06	-1.416043e-08	-5.675267e+01	-8.401659e+02
3.280000e-06	-8.061855e-06	-1.416952e-08	-5.682583e+01	-8.405300e+02
3.290000e-06	-8.069337e-06	-1.417742e-08	-5.687857e+01	-8.407735e+02
3.300000e-06	-8.073908e-06	-1.418179e-08	-5.691079e+01	-8.409038e+02
3.310000e-06	-8.075738e-06	-1.418423e-08	-5.692368e+01	-8.409308e+02
