# Temperatura_=_42.31
# Concentracion g/m^3_=_11780.0
# C_Vs_to_Am_M_A/Vsm_=_59384043850.047264
# pendiente_HvsI_1/m_=_3716.3
# ordenada_HvsI_A/m_=_1297.0
# frecuencia_Hz_=_301542.6419702696

Tiempo_(s)	Campo_(V.s)	Magnetizacion_(V.s)	Campo_(kA/m)	Magnetizacion_(A/m)
0.000000e+00	-8.127116e-06	-1.401050e-08	-5.691002e+01	-8.308106e+02
1.000000e-08	-8.123649e-06	-1.400185e-08	-5.688575e+01	-8.306633e+02
2.000000e-08	-8.117501e-06	-1.399548e-08	-5.684269e+01	-8.304622e+02
3.000000e-08	-8.108643e-06	-1.398782e-08	-5.678067e+01	-8.301861e+02
4.000000e-08	-8.096892e-06	-1.398115e-08	-5.669838e+01	-8.298057e+02
5.000000e-08	-8.082161e-06	-1.397551e-08	-5.659522e+01	-8.292947e+02
6.000000e-08	-8.064613e-06	-1.397970e-08	-5.647234e+01	-8.286402e+02
7.000000e-08	-8.044611e-06	-1.397979e-08	-5.633228e+01	-8.278479e+02
8.000000e-08	-8.021921e-06	-1.388198e-08	-5.617340e+01	-8.269416e+02
9.000000e-08	-7.995903e-06	-1.383652e-08	-5.599121e+01	-8.259546e+02
1.000000e-07	-7.966577e-06	-1.389672e-08	-5.578585e+01	-8.249189e+02
1.100000e-07	-7.934379e-06	-1.391773e-08	-5.556039e+01	-8.238538e+02
1.200000e-07	-7.899501e-06	-1.386930e-08	-5.531615e+01	-8.227599e+02
1.300000e-07	-7.862242e-06	-1.383352e-08	-5.505524e+01	-8.216191e+02
1.400000e-07	-7.822932e-06	-1.390434e-08	-5.477998e+01	-8.204010e+02
1.500000e-07	-7.781174e-06	-1.381367e-08	-5.448757e+01	-8.190738e+02
1.600000e-07	-7.736471e-06	-1.378944e-08	-5.417453e+01	-8.176144e+02
1.700000e-07	-7.689022e-06	-1.374519e-08	-5.384228e+01	-8.160149e+02
1.800000e-07	-7.638621e-06	-1.362201e-08	-5.348934e+01	-8.142841e+02
1.900000e-07	-7.585065e-06	-1.371862e-08	-5.311432e+01	-8.124416e+02
2.000000e-07	-7.528756e-06	-1.366897e-08	-5.272001e+01	-8.105103e+02
2.100000e-07	-7.469735e-06	-1.361775e-08	-5.230672e+01	-8.085068e+02
2.200000e-07	-7.408086e-06	-1.357969e-08	-5.187502e+01	-8.064361e+02
2.300000e-07	-7.343776e-06	-1.354088e-08	-5.142469e+01	-8.042905e+02
2.400000e-07	-7.276664e-06	-1.356079e-08	-5.095474e+01	-8.020529e+02
2.500000e-07	-7.206901e-06	-1.343749e-08	-5.046623e+01	-7.997031e+02
2.600000e-07	-7.134464e-06	-1.337516e-08	-4.995899e+01	-7.972252e+02
2.700000e-07	-7.059285e-06	-1.337211e-08	-4.943255e+01	-7.946114e+02
2.800000e-07	-6.981282e-06	-1.338251e-08	-4.888633e+01	-7.918634e+02
2.900000e-07	-6.900535e-06	-1.330018e-08	-4.832090e+01	-7.889901e+02
3.000000e-07	-6.817401e-06	-1.318895e-08	-4.773876e+01	-7.860028e+02
3.100000e-07	-6.732034e-06	-1.320096e-08	-4.714098e+01	-7.829117e+02
3.200000e-07	-6.644345e-06	-1.313974e-08	-4.652694e+01	-7.797223e+02
3.300000e-07	-6.554249e-06	-1.307297e-08	-4.589604e+01	-7.764352e+02
3.400000e-07	-6.461812e-06	-1.299615e-08	-4.524875e+01	-7.730475e+02
3.500000e-07	-6.367098e-06	-1.294933e-08	-4.458552e+01	-7.695545e+02
3.600000e-07	-6.270009e-06	-1.292135e-08	-4.390565e+01	-7.659516e+02
3.700000e-07	-6.170544e-06	-1.284333e-08	-4.320915e+01	-7.622351e+02
3.800000e-07	-6.068910e-06	-1.275985e-08	-4.249746e+01	-7.584006e+02
3.900000e-07	-5.965107e-06	-1.267687e-08	-4.177058e+01	-7.544429e+02
4.000000e-07	-5.859103e-06	-1.265025e-08	-4.102829e+01	-7.503549e+02
4.100000e-07	-5.751055e-06	-1.257569e-08	-4.027168e+01	-7.461285e+02
4.200000e-07	-5.641022e-06	-1.248262e-08	-3.950118e+01	-7.417562e+02
4.300000e-07	-5.528899e-06	-1.239993e-08	-3.871604e+01	-7.372334e+02
4.400000e-07	-5.414557e-06	-1.234156e-08	-3.791536e+01	-7.325605e+02
4.500000e-07	-5.298049e-06	-1.226931e-08	-3.709952e+01	-7.277422e+02
4.600000e-07	-5.179570e-06	-1.216268e-08	-3.626987e+01	-7.227864e+02
4.700000e-07	-5.059240e-06	-1.207375e-08	-3.542726e+01	-7.177005e+02
4.800000e-07	-4.937047e-06	-1.199883e-08	-3.457161e+01	-7.124886e+02
4.900000e-07	-4.813042e-06	-1.192575e-08	-3.370326e+01	-7.071491e+02
5.000000e-07	-4.687340e-06	-1.181399e-08	-3.282303e+01	-7.016746e+02
5.100000e-07	-4.559997e-06	-1.171116e-08	-3.193132e+01	-6.960542e+02
5.200000e-07	-4.430967e-06	-1.162158e-08	-3.102778e+01	-6.902764e+02
5.300000e-07	-4.300280e-06	-1.153052e-08	-3.011266e+01	-6.843325e+02
5.400000e-07	-4.168118e-06	-1.141558e-08	-2.918719e+01	-6.782182e+02
5.500000e-07	-4.034534e-06	-1.129946e-08	-2.825177e+01	-6.719330e+02
5.600000e-07	-3.899467e-06	-1.120378e-08	-2.730597e+01	-6.654778e+02
5.700000e-07	-3.762869e-06	-1.110307e-08	-2.634944e+01	-6.588516e+02
5.800000e-07	-3.624813e-06	-1.098421e-08	-2.538271e+01	-6.520497e+02
5.900000e-07	-3.485402e-06	-1.085395e-08	-2.440648e+01	-6.450625e+02
6.000000e-07	-3.344589e-06	-1.074079e-08	-2.342044e+01	-6.378780e+02
6.100000e-07	-3.202348e-06	-1.062348e-08	-2.242440e+01	-6.304848e+02
6.200000e-07	-3.058839e-06	-1.048998e-08	-2.141948e+01	-6.228753e+02
6.300000e-07	-2.914267e-06	-1.034812e-08	-2.040712e+01	-6.150476e+02
6.400000e-07	-2.768661e-06	-1.021496e-08	-1.938751e+01	-6.070044e+02
6.500000e-07	-2.622115e-06	-1.008466e-08	-1.836133e+01	-5.987499e+02
6.600000e-07	-2.474728e-06	-9.940212e-09	-1.732925e+01	-5.902850e+02
6.700000e-07	-2.326456e-06	-9.788962e-09	-1.629098e+01	-5.816033e+02
6.800000e-07	-2.177409e-06	-9.639947e-09	-1.524728e+01	-5.726897e+02
6.900000e-07	-2.027627e-06	-9.493066e-09	-1.419843e+01	-5.635216e+02
7.000000e-07	-1.877088e-06	-9.332535e-09	-1.314429e+01	-5.540743e+02
7.100000e-07	-1.725879e-06	-9.160589e-09	-1.208544e+01	-5.443257e+02
7.200000e-07	-1.574061e-06	-8.988132e-09	-1.102234e+01	-5.342618e+02
7.300000e-07	-1.421635e-06	-8.819472e-09	-9.954981e+00	-5.238779e+02
7.400000e-07	-1.268607e-06	-8.641618e-09	-8.883402e+00	-5.131766e+02
7.500000e-07	-1.115041e-06	-8.451237e-09	-7.808058e+00	-5.021623e+02
7.600000e-07	-9.610640e-07	-8.260276e-09	-6.729838e+00	-4.908332e+02
7.700000e-07	-8.068003e-07	-8.067018e-09	-5.649608e+00	-4.791755e+02
7.800000e-07	-6.523127e-07	-7.865890e-09	-4.567811e+00	-4.671588e+02
7.900000e-07	-4.976657e-07	-7.652538e-09	-3.484898e+00	-4.547367e+02
8.000000e-07	-3.428750e-07	-7.434076e-09	-2.400978e+00	-4.418504e+02
8.100000e-07	-1.879474e-07	-7.211055e-09	-1.316099e+00	-4.284350e+02
8.200000e-07	-3.295115e-08	-6.977476e-09	-2.307400e-01	-4.144262e+02
8.300000e-07	1.220602e-07	-6.729695e-09	8.547249e-01	-3.997665e+02
8.400000e-07	2.770830e-07	-6.469260e-09	1.940270e+00	-3.844079e+02
8.500000e-07	4.320379e-07	-6.197458e-09	3.025339e+00	-3.683137e+02
8.600000e-07	5.867794e-07	-5.910358e-09	4.108915e+00	-3.514575e+02
8.700000e-07	7.412687e-07	-5.610162e-09	5.190724e+00	-3.338210e+02
8.800000e-07	8.955527e-07	-5.299669e-09	6.271096e+00	-3.153906e+02
8.900000e-07	1.049549e-06	-4.979191e-09	7.349451e+00	-2.961531e+02
9.000000e-07	1.203196e-06	-4.644974e-09	8.425364e+00	-2.760896e+02
9.100000e-07	1.356422e-06	-4.294891e-09	9.498328e+00	-2.551679e+02
9.200000e-07	1.509040e-06	-3.927268e-09	1.056703e+01	-2.333345e+02
9.300000e-07	1.661013e-06	-3.541077e-09	1.163122e+01	-2.105082e+02
9.400000e-07	1.812341e-06	-3.133858e-09	1.269089e+01	-1.865774e+02
9.500000e-07	1.963046e-06	-2.706321e-09	1.374621e+01	-1.614051e+02
9.600000e-07	2.113056e-06	-2.260622e-09	1.479665e+01	-1.348416e+02
9.700000e-07	2.262263e-06	-1.790647e-09	1.584147e+01	-1.067453e+02
9.800000e-07	2.410663e-06	-1.290653e-09	1.688064e+01	-7.700873e+01
9.900000e-07	2.558192e-06	-7.595867e-10	1.791370e+01	-4.558441e+01
1.000000e-06	2.704815e-06	-2.000896e-10	1.894043e+01	-1.250603e+01
1.010000e-06	2.850578e-06	3.850133e-10	1.996114e+01	2.210045e+01
1.020000e-06	2.995348e-06	9.932784e-10	2.097488e+01	5.801786e+01
1.030000e-06	3.138945e-06	1.617700e-09	2.198042e+01	9.495083e+01
1.040000e-06	3.281301e-06	2.251586e-09	2.297727e+01	1.325478e+02
1.050000e-06	3.422403e-06	2.889305e-09	2.396533e+01	1.704272e+02
1.060000e-06	3.562317e-06	3.527366e-09	2.494508e+01	2.082034e+02
1.070000e-06	3.700939e-06	4.155807e-09	2.591578e+01	2.455082e+02
1.080000e-06	3.838063e-06	4.767218e-09	2.687598e+01	2.820069e+02
1.090000e-06	3.973659e-06	5.361239e-09	2.782549e+01	3.174083e+02
1.100000e-06	4.107820e-06	5.935874e-09	2.876495e+01	3.514713e+02
1.110000e-06	4.240567e-06	6.487027e-09	2.969451e+01	3.840085e+02
1.120000e-06	4.371826e-06	7.009659e-09	3.061365e+01	4.148890e+02
1.130000e-06	4.501509e-06	7.501773e-09	3.152176e+01	4.440387e+02
1.140000e-06	4.629540e-06	7.963193e-09	3.241829e+01	4.714386e+02
1.150000e-06	4.755966e-06	8.394855e-09	3.330359e+01	4.971182e+02
1.160000e-06	4.880734e-06	8.794383e-09	3.417727e+01	5.211446e+02
1.170000e-06	5.003760e-06	9.166674e-09	3.503877e+01	5.436085e+02
1.180000e-06	5.125008e-06	9.516920e-09	3.588780e+01	5.646084e+02
1.190000e-06	5.244375e-06	9.847110e-09	3.672367e+01	5.842382e+02
1.200000e-06	5.361819e-06	1.015656e-08	3.754607e+01	6.025789e+02
1.210000e-06	5.477264e-06	1.044484e-08	3.835447e+01	6.196975e+02
1.220000e-06	5.590565e-06	1.071427e-08	3.914785e+01	6.356513e+02
1.230000e-06	5.701768e-06	1.096501e-08	3.992656e+01	6.504955e+02
1.240000e-06	5.810997e-06	1.119396e-08	4.069143e+01	6.642903e+02
1.250000e-06	5.918274e-06	1.140348e-08	4.144263e+01	6.771044e+02
1.260000e-06	6.023419e-06	1.160221e-08	4.217891e+01	6.890138e+02
1.270000e-06	6.126297e-06	1.179053e-08	4.289931e+01	7.000959e+02
1.280000e-06	6.226987e-06	1.196484e-08	4.360439e+01	7.104217e+02
1.290000e-06	6.325377e-06	1.212591e-08	4.429337e+01	7.200491e+02
1.300000e-06	6.421361e-06	1.227623e-08	4.496550e+01	7.290209e+02
1.310000e-06	6.515071e-06	1.241532e-08	4.562170e+01	7.373667e+02
1.320000e-06	6.606590e-06	1.254121e-08	4.626256e+01	7.451108e+02
1.330000e-06	6.695734e-06	1.265639e-08	4.688679e+01	7.522792e+02
1.340000e-06	6.782505e-06	1.276642e-08	4.749440e+01	7.589073e+02
1.350000e-06	6.867031e-06	1.287210e-08	4.808630e+01	7.650410e+02
1.360000e-06	6.949195e-06	1.296971e-08	4.866164e+01	7.707340e+02
1.370000e-06	7.028834e-06	1.305685e-08	4.921932e+01	7.760411e+02
1.380000e-06	7.105920e-06	1.313763e-08	4.975911e+01	7.810095e+02
1.390000e-06	7.180263e-06	1.321651e-08	5.027970e+01	7.856736e+02
1.400000e-06	7.251879e-06	1.328866e-08	5.078119e+01	7.900528e+02
1.410000e-06	7.320987e-06	1.335357e-08	5.126511e+01	7.941547e+02
1.420000e-06	7.387491e-06	1.341815e-08	5.173081e+01	7.979818e+02
1.430000e-06	7.451340e-06	1.348256e-08	5.217791e+01	8.015380e+02
1.440000e-06	7.512645e-06	1.354104e-08	5.260719e+01	8.048336e+02
1.450000e-06	7.571355e-06	1.358906e-08	5.301831e+01	8.078854e+02
1.460000e-06	7.627386e-06	1.363226e-08	5.341067e+01	8.107142e+02
1.470000e-06	7.680573e-06	1.367668e-08	5.378311e+01	8.133389e+02
1.480000e-06	7.730576e-06	1.371988e-08	5.413325e+01	8.157723e+02
1.490000e-06	7.777514e-06	1.375878e-08	5.446194e+01	8.180186e+02
1.500000e-06	7.821731e-06	1.379333e-08	5.477157e+01	8.200761e+02
1.510000e-06	7.863169e-06	1.382646e-08	5.506173e+01	8.219416e+02
1.520000e-06	7.901740e-06	1.385588e-08	5.533183e+01	8.236166e+02
1.530000e-06	7.937597e-06	1.387674e-08	5.558292e+01	8.251111e+02
1.540000e-06	7.970696e-06	1.389421e-08	5.581469e+01	8.264435e+02
1.550000e-06	8.000985e-06	1.391410e-08	5.602679e+01	8.276362e+02
1.560000e-06	8.028537e-06	1.393457e-08	5.621972e+01	8.287091e+02
1.570000e-06	8.053173e-06	1.395206e-08	5.639223e+01	8.296731e+02
1.580000e-06	8.074948e-06	1.396518e-08	5.654472e+01	8.305266e+02
1.590000e-06	8.094068e-06	1.397646e-08	5.667860e+01	8.312573e+02
1.600000e-06	8.110337e-06	1.398556e-08	5.679253e+01	8.318485e+02
1.610000e-06	8.123495e-06	1.398839e-08	5.688467e+01	8.322876e+02
1.620000e-06	8.133454e-06	1.398793e-08	5.695440e+01	8.325735e+02
1.630000e-06	8.140422e-06	1.399056e-08	5.700320e+01	8.327202e+02
1.640000e-06	8.144605e-06	1.399493e-08	5.703249e+01	8.327537e+02
1.650000e-06	8.145892e-06	1.399307e-08	5.704150e+01	8.327044e+02
1.660000e-06	8.144374e-06	1.399803e-08	5.703087e+01	8.325967e+02
1.670000e-06	8.140246e-06	1.399955e-08	5.700196e+01	8.324405e+02
1.680000e-06	8.133446e-06	1.399604e-08	5.695435e+01	8.322277e+02
1.690000e-06	8.123980e-06	1.398785e-08	5.688806e+01	8.319349e+02
1.700000e-06	8.111684e-06	1.397248e-08	5.680196e+01	8.315326e+02
1.710000e-06	8.096508e-06	1.395232e-08	5.669569e+01	8.309962e+02
1.720000e-06	8.078860e-06	1.391588e-08	5.657211e+01	8.303158e+02
1.730000e-06	8.058938e-06	1.398277e-08	5.643261e+01	8.295008e+02
1.740000e-06	8.036142e-06	1.403783e-08	5.627298e+01	8.285773e+02
1.750000e-06	8.009720e-06	1.394905e-08	5.608795e+01	8.275792e+02
1.760000e-06	7.979670e-06	1.388151e-08	5.587753e+01	8.265371e+02
1.770000e-06	7.946586e-06	1.388600e-08	5.564587e+01	8.254672e+02
1.780000e-06	7.910979e-06	1.382876e-08	5.539653e+01	8.243665e+02
1.790000e-06	7.872992e-06	1.376556e-08	5.513052e+01	8.232140e+02
1.800000e-06	7.832875e-06	1.387598e-08	5.484960e+01	8.219784e+02
1.810000e-06	7.790450e-06	1.373944e-08	5.455253e+01	8.206287e+02
1.820000e-06	7.745352e-06	1.378328e-08	5.423673e+01	8.191441e+02
1.830000e-06	7.697554e-06	1.384934e-08	5.390202e+01	8.175199e+02
1.840000e-06	7.646669e-06	1.368380e-08	5.354570e+01	8.157672e+02
1.850000e-06	7.592746e-06	1.374748e-08	5.316810e+01	8.139071e+02
1.860000e-06	7.536069e-06	1.358246e-08	5.277122e+01	8.119617e+02
1.870000e-06	7.476718e-06	1.362933e-08	5.235562e+01	8.099460e+02
1.880000e-06	7.414763e-06	1.361602e-08	5.192178e+01	8.078626e+02
1.890000e-06	7.350005e-06	1.351032e-08	5.146831e+01	8.057018e+02
1.900000e-06	7.282539e-06	1.359668e-08	5.099588e+01	8.034453e+02
1.910000e-06	7.212230e-06	1.348179e-08	5.050355e+01	8.010734e+02
1.920000e-06	7.139110e-06	1.347786e-08	4.999152e+01	7.985713e+02
1.930000e-06	7.063351e-06	1.335248e-08	4.946102e+01	7.959329e+02
1.940000e-06	6.984826e-06	1.332512e-08	4.891115e+01	7.931615e+02
1.950000e-06	6.903797e-06	1.332494e-08	4.834374e+01	7.902667e+02
1.960000e-06	6.820317e-06	1.322184e-08	4.775918e+01	7.872601e+02
1.970000e-06	6.734360e-06	1.325520e-08	4.715727e+01	7.841509e+02
1.980000e-06	6.645988e-06	1.313920e-08	4.653844e+01	7.809439e+02
1.990000e-06	6.555268e-06	1.311982e-08	4.590318e+01	7.776389e+02
2.000000e-06	6.462254e-06	1.302381e-08	4.525185e+01	7.742325e+02
2.010000e-06	6.366874e-06	1.295918e-08	4.458395e+01	7.707199e+02
2.020000e-06	6.269281e-06	1.291389e-08	4.390056e+01	7.670969e+02
2.030000e-06	6.169428e-06	1.284351e-08	4.320134e+01	7.633593e+02
2.040000e-06	6.067282e-06	1.281767e-08	4.248606e+01	7.595030e+02
2.050000e-06	5.962938e-06	1.271230e-08	4.175540e+01	7.555224e+02
2.060000e-06	5.856519e-06	1.266884e-08	4.101020e+01	7.514101e+02
2.070000e-06	5.748042e-06	1.257078e-08	4.025059e+01	7.471578e+02
2.080000e-06	5.637461e-06	1.251587e-08	3.947624e+01	7.427586e+02
2.090000e-06	5.524821e-06	1.242357e-08	3.868748e+01	7.382087e+02
2.100000e-06	5.410076e-06	1.235077e-08	3.788399e+01	7.335091e+02
2.110000e-06	5.293221e-06	1.227458e-08	3.706571e+01	7.286654e+02
2.120000e-06	5.174253e-06	1.218895e-08	3.623264e+01	7.236856e+02
2.130000e-06	5.053366e-06	1.210062e-08	3.538613e+01	7.185768e+02
2.140000e-06	4.930694e-06	1.200274e-08	3.452712e+01	7.133422e+02
2.150000e-06	4.806253e-06	1.192956e-08	3.365573e+01	7.079791e+02
2.160000e-06	4.680042e-06	1.183240e-08	3.277193e+01	7.024792e+02
2.170000e-06	4.552150e-06	1.174665e-08	3.187637e+01	6.968312e+02
2.180000e-06	4.422677e-06	1.163563e-08	3.096974e+01	6.910240e+02
2.190000e-06	4.291688e-06	1.154619e-08	3.005249e+01	6.850497e+02
2.200000e-06	4.159209e-06	1.143515e-08	2.912481e+01	6.789046e+02
2.210000e-06	4.025199e-06	1.132848e-08	2.818640e+01	6.725887e+02
2.220000e-06	3.889712e-06	1.121281e-08	2.723766e+01	6.661029e+02
2.230000e-06	3.752791e-06	1.110666e-08	2.627887e+01	6.594456e+02
2.240000e-06	3.614429e-06	1.099857e-08	2.530999e+01	6.526111e+02
2.250000e-06	3.474631e-06	1.087580e-08	2.433106e+01	6.455894e+02
2.260000e-06	3.333505e-06	1.075548e-08	2.334283e+01	6.383682e+02
2.270000e-06	3.191169e-06	1.062836e-08	2.234612e+01	6.309365e+02
2.280000e-06	3.047655e-06	1.050458e-08	2.134116e+01	6.232878e+02
2.290000e-06	2.903055e-06	1.036602e-08	2.032861e+01	6.154210e+02
2.300000e-06	2.757516e-06	1.023050e-08	1.930947e+01	6.073396e+02
2.310000e-06	2.611032e-06	1.009205e-08	1.828372e+01	5.990474e+02
2.320000e-06	2.463643e-06	9.953982e-09	1.725163e+01	5.905443e+02
2.330000e-06	2.315364e-06	9.806001e-09	1.621331e+01	5.818223e+02
2.340000e-06	2.166142e-06	9.652430e-09	1.516838e+01	5.728648e+02
2.350000e-06	2.016099e-06	9.497142e-09	1.411771e+01	5.636485e+02
2.360000e-06	1.865393e-06	9.337222e-09	1.306239e+01	5.541485e+02
2.370000e-06	1.714070e-06	9.171153e-09	1.200275e+01	5.443442e+02
2.380000e-06	1.562151e-06	8.999996e-09	1.093894e+01	5.342229e+02
2.390000e-06	1.409697e-06	8.825798e-09	9.871388e+00	5.237818e+02
2.400000e-06	1.256801e-06	8.647944e-09	8.800730e+00	5.130242e+02
2.410000e-06	1.103448e-06	8.459652e-09	7.726878e+00	5.019538e+02
2.420000e-06	9.496497e-07	8.265290e-09	6.649909e+00	4.905673e+02
2.430000e-06	7.954846e-07	8.070602e-09	5.570370e+00	4.788479e+02
2.440000e-06	6.410341e-07	7.869652e-09	4.488833e+00	4.667624e+02
2.450000e-06	4.863827e-07	7.658339e-09	3.405889e+00	4.542618e+02
2.460000e-06	3.315741e-07	7.434331e-09	2.321844e+00	4.412856e+02
2.470000e-06	1.766643e-07	7.207472e-09	1.237089e+00	4.277685e+02
2.480000e-06	2.169983e-08	6.971024e-09	1.519528e-01	4.136473e+02
2.490000e-06	-1.332809e-07	6.722142e-09	-9.332977e-01	3.988657e+02
2.500000e-06	-2.882032e-07	6.461108e-09	-2.018139e+00	3.833779e+02
2.510000e-06	-4.429670e-07	6.191888e-09	-3.101871e+00	3.671491e+02
2.520000e-06	-5.975660e-07	5.912346e-09	-4.184448e+00	3.501545e+02
2.530000e-06	-7.519672e-07	5.611395e-09	-5.265640e+00	3.323768e+02
2.540000e-06	-9.060878e-07	5.293399e-09	-6.344867e+00	3.138031e+02
2.550000e-06	-1.059804e-06	4.964815e-09	-7.421262e+00	2.944195e+02
2.560000e-06	-1.213055e-06	4.626777e-09	-8.494405e+00	2.742054e+02
2.570000e-06	-1.365843e-06	4.272332e-09	-9.564299e+00	2.531254e+02
2.580000e-06	-1.518126e-06	3.901021e-09	-1.063066e+01	2.311213e+02
2.590000e-06	-1.669889e-06	3.515714e-09	-1.169338e+01	2.081065e+02
2.600000e-06	-1.821062e-06	3.112674e-09	-1.275196e+01	1.839644e+02
2.610000e-06	-1.971632e-06	2.684300e-09	-1.380633e+01	1.585545e+02
2.620000e-06	-2.121586e-06	2.229316e-09	-1.485638e+01	1.317268e+02
2.630000e-06	-2.270765e-06	1.751579e-09	-1.590100e+01	1.033439e+02
2.640000e-06	-2.418990e-06	1.249874e-09	-1.693894e+01	7.330705e+01
2.650000e-06	-2.566324e-06	7.179150e-10	-1.797065e+01	4.158208e+01
2.660000e-06	-2.712836e-06	1.574068e-10	-1.899660e+01	8.218641e+00
2.670000e-06	-2.858313e-06	-4.256450e-10	-2.001530e+01	-2.664058e+01
2.680000e-06	-3.002707e-06	-1.028997e-09	-2.102641e+01	-6.276318e+01
2.690000e-06	-3.146037e-06	-1.651330e-09	-2.203008e+01	-9.984197e+01
2.700000e-06	-3.288245e-06	-2.287036e-09	-2.302589e+01	-1.375180e+02
2.710000e-06	-3.429211e-06	-2.924554e-09	-2.401301e+01	-1.754073e+02
2.720000e-06	-3.568792e-06	-3.557553e-09	-2.499042e+01	-2.131257e+02
2.730000e-06	-3.707001e-06	-4.183857e-09	-2.595822e+01	-2.503103e+02
2.740000e-06	-3.843800e-06	-4.799639e-09	-2.691616e+01	-2.866332e+02
2.750000e-06	-3.979177e-06	-5.393201e-09	-2.786413e+01	-3.218120e+02
2.760000e-06	-4.113238e-06	-5.958430e-09	-2.880289e+01	-3.556149e+02
2.770000e-06	-4.245833e-06	-6.497872e-09	-2.973139e+01	-3.878645e+02
2.780000e-06	-4.376810e-06	-7.012711e-09	-3.064856e+01	-4.184399e+02
2.790000e-06	-4.506266e-06	-7.500228e-09	-3.155507e+01	-4.472773e+02
2.800000e-06	-4.634170e-06	-7.956567e-09	-3.245071e+01	-4.743668e+02
2.810000e-06	-4.760441e-06	-8.383157e-09	-3.333493e+01	-4.997456e+02
2.820000e-06	-4.885020e-06	-8.785792e-09	-3.420729e+01	-5.234862e+02
2.830000e-06	-5.007891e-06	-9.165387e-09	-3.506769e+01	-5.456816e+02
2.840000e-06	-5.128994e-06	-9.517829e-09	-3.591571e+01	-5.664306e+02
2.850000e-06	-5.248207e-06	-9.846543e-09	-3.675050e+01	-5.858249e+02
2.860000e-06	-5.365322e-06	-1.015431e-08	-3.757060e+01	-6.039430e+02
2.870000e-06	-5.480156e-06	-1.044077e-08	-3.837472e+01	-6.208498e+02
2.880000e-06	-5.592813e-06	-1.070428e-08	-3.916360e+01	-6.366016e+02
2.890000e-06	-5.703390e-06	-1.094803e-08	-3.993791e+01	-6.512540e+02
2.900000e-06	-5.811924e-06	-1.117959e-08	-4.069792e+01	-6.648686e+02
2.910000e-06	-5.918489e-06	-1.139800e-08	-4.144414e+01	-6.775157e+02
2.920000e-06	-6.022998e-06	-1.159826e-08	-4.217596e+01	-6.892720e+02
2.930000e-06	-6.125291e-06	-1.178214e-08	-4.289227e+01	-7.002144e+02
2.940000e-06	-6.225350e-06	-1.195517e-08	-4.359293e+01	-7.104119e+02
2.950000e-06	-6.323257e-06	-1.211773e-08	-4.427852e+01	-7.199198e+02
2.960000e-06	-6.418999e-06	-1.226702e-08	-4.494895e+01	-7.287781e+02
2.970000e-06	-6.512435e-06	-1.240433e-08	-4.560324e+01	-7.370150e+02
2.980000e-06	-6.603554e-06	-1.253543e-08	-4.624130e+01	-7.446543e+02
2.990000e-06	-6.692405e-06	-1.266049e-08	-4.686348e+01	-7.517237e+02
3.000000e-06	-6.778956e-06	-1.277516e-08	-4.746955e+01	-7.582600e+02
3.010000e-06	-6.863077e-06	-1.287777e-08	-4.805861e+01	-7.643112e+02
3.020000e-06	-6.944770e-06	-1.297333e-08	-4.863066e+01	-7.699316e+02
3.030000e-06	-7.023968e-06	-1.306351e-08	-4.918524e+01	-7.751753e+02
3.040000e-06	-7.100390e-06	-1.314591e-08	-4.972038e+01	-7.800875e+02
3.050000e-06	-7.174101e-06	-1.322178e-08	-5.023655e+01	-7.847000e+02
3.060000e-06	-7.245263e-06	-1.329549e-08	-5.073486e+01	-7.890295e+02
3.070000e-06	-7.313805e-06	-1.336792e-08	-5.121482e+01	-7.930825e+02
3.080000e-06	-7.379742e-06	-1.343419e-08	-5.167654e+01	-7.968610e+02
3.090000e-06	-7.443120e-06	-1.349141e-08	-5.212035e+01	-8.003700e+02
3.100000e-06	-7.503859e-06	-1.354538e-08	-5.254567e+01	-8.036208e+02
3.110000e-06	-7.561904e-06	-1.359664e-08	-5.295213e+01	-8.066315e+02
3.120000e-06	-7.617151e-06	-1.364211e-08	-5.333900e+01	-8.094228e+02
3.130000e-06	-7.669489e-06	-1.368293e-08	-5.370549e+01	-8.120129e+02
3.140000e-06	-7.718753e-06	-1.372408e-08	-5.405047e+01	-8.144130e+02
3.150000e-06	-7.765044e-06	-1.376476e-08	-5.437462e+01	-8.166261e+02
3.160000e-06	-7.808778e-06	-1.379989e-08	-5.468087e+01	-8.186497e+02
3.170000e-06	-7.850013e-06	-1.382890e-08	-5.496961e+01	-8.204811e+02
3.180000e-06	-7.888460e-06	-1.385496e-08	-5.523883e+01	-8.221232e+02
3.190000e-06	-7.924076e-06	-1.388095e-08	-5.548824e+01	-8.235874e+02
3.200000e-06	-7.956958e-06	-1.390559e-08	-5.571849e+01	-8.248934e+02
3.210000e-06	-7.986926e-06	-1.392677e-08	-5.592835e+01	-8.260637e+02
3.220000e-06	-8.013994e-06	-1.394471e-08	-5.611789e+01	-8.271169e+02
3.230000e-06	-8.038329e-06	-1.396251e-08	-5.628829e+01	-8.280619e+02
3.240000e-06	-8.059793e-06	-1.397779e-08	-5.643860e+01	-8.288948e+02
3.250000e-06	-8.078398e-06	-1.398788e-08	-5.656887e+01	-8.296021e+02
3.260000e-06	-8.094234e-06	-1.399627e-08	-5.667977e+01	-8.301670e+02
3.270000e-06	-8.107005e-06	-1.400573e-08	-5.676919e+01	-8.305786e+02
3.280000e-06	-8.116641e-06	-1.401426e-08	-5.683667e+01	-8.308385e+02
3.290000e-06	-8.123315e-06	-1.401830e-08	-5.688341e+01	-8.309631e+02
3.300000e-06	-8.127135e-06	-1.402110e-08	-5.691016e+01	-8.309799e+02
3.310000e-06	-8.128248e-06	-1.402276e-08	-5.691795e+01	-8.309189e+02
