# Temperatura_=_35.54
# Concentracion g/m^3_=_11780.0
# C_Vs_to_Am_M_A/Vsm_=_59384043850.047264
# pendiente_HvsI_1/m_=_3716.3
# ordenada_HvsI_A/m_=_1297.0
# frecuencia_Hz_=_301541.8420684962

Tiempo_(s)	Campo_(V.s)	Magnetizacion_(V.s)	Campo_(kA/m)	Magnetizacion_(A/m)
0.000000e+00	-8.107137e-06	-1.401401e-08	-5.691855e+01	-8.314028e+02
1.000000e-08	-8.103884e-06	-1.400580e-08	-5.689572e+01	-8.312413e+02
2.000000e-08	-8.098009e-06	-1.399718e-08	-5.685447e+01	-8.309823e+02
3.000000e-08	-8.089530e-06	-1.399062e-08	-5.679494e+01	-8.306404e+02
4.000000e-08	-8.078155e-06	-1.398556e-08	-5.671508e+01	-8.302229e+02
5.000000e-08	-8.063783e-06	-1.397946e-08	-5.661417e+01	-8.297268e+02
6.000000e-08	-8.046544e-06	-1.397812e-08	-5.649314e+01	-8.291414e+02
7.000000e-08	-8.026800e-06	-1.397056e-08	-5.635453e+01	-8.284527e+02
8.000000e-08	-8.004414e-06	-1.390944e-08	-5.619736e+01	-8.276509e+02
9.000000e-08	-7.978720e-06	-1.388045e-08	-5.601697e+01	-8.267350e+02
1.000000e-07	-7.949782e-06	-1.390233e-08	-5.581380e+01	-8.257147e+02
1.100000e-07	-7.918064e-06	-1.390510e-08	-5.559112e+01	-8.246070e+02
1.200000e-07	-7.883613e-06	-1.387730e-08	-5.534924e+01	-8.234294e+02
1.300000e-07	-7.846702e-06	-1.385141e-08	-5.509010e+01	-8.221932e+02
1.400000e-07	-7.807723e-06	-1.386967e-08	-5.481643e+01	-8.208983e+02
1.500000e-07	-7.766345e-06	-1.381751e-08	-5.452593e+01	-8.195322e+02
1.600000e-07	-7.722089e-06	-1.380483e-08	-5.421521e+01	-8.180744e+02
1.700000e-07	-7.675059e-06	-1.374171e-08	-5.388503e+01	-8.165036e+02
1.800000e-07	-7.625093e-06	-1.367043e-08	-5.353423e+01	-8.148052e+02
1.900000e-07	-7.571963e-06	-1.371262e-08	-5.316121e+01	-8.129765e+02
2.000000e-07	-7.515996e-06	-1.366389e-08	-5.276827e+01	-8.110271e+02
2.100000e-07	-7.457349e-06	-1.363032e-08	-5.235653e+01	-8.089747e+02
2.200000e-07	-7.396130e-06	-1.358622e-08	-5.192672e+01	-8.068373e+02
2.300000e-07	-7.332288e-06	-1.355556e-08	-5.147850e+01	-8.046261e+02
2.400000e-07	-7.265670e-06	-1.354303e-08	-5.101079e+01	-8.023403e+02
2.500000e-07	-7.196339e-06	-1.345889e-08	-5.052403e+01	-7.999677e+02
2.600000e-07	-7.124255e-06	-1.340675e-08	-5.001794e+01	-7.974885e+02
2.700000e-07	-7.049392e-06	-1.337825e-08	-4.949234e+01	-7.948830e+02
2.800000e-07	-6.971763e-06	-1.336833e-08	-4.894733e+01	-7.921387e+02
2.900000e-07	-6.891436e-06	-1.330434e-08	-4.838337e+01	-7.892545e+02
3.000000e-07	-6.808662e-06	-1.322439e-08	-4.780223e+01	-7.862404e+02
3.100000e-07	-6.723658e-06	-1.319962e-08	-4.720544e+01	-7.831133e+02
3.200000e-07	-6.636348e-06	-1.314367e-08	-4.659244e+01	-7.798896e+02
3.300000e-07	-6.546646e-06	-1.308490e-08	-4.596267e+01	-7.765790e+02
3.400000e-07	-6.454650e-06	-1.300897e-08	-4.531678e+01	-7.731804e+02
3.500000e-07	-6.360381e-06	-1.295545e-08	-4.465494e+01	-7.696828e+02
3.600000e-07	-6.263742e-06	-1.291250e-08	-4.397646e+01	-7.660691e+02
3.700000e-07	-6.164800e-06	-1.284473e-08	-4.328181e+01	-7.623225e+02
3.800000e-07	-6.063706e-06	-1.276846e-08	-4.257204e+01	-7.584323e+02
3.900000e-07	-5.960456e-06	-1.269136e-08	-4.184715e+01	-7.543964e+02
4.000000e-07	-5.855003e-06	-1.264433e-08	-4.110678e+01	-7.502207e+02
4.100000e-07	-5.747398e-06	-1.257207e-08	-4.035131e+01	-7.459152e+02
4.200000e-07	-5.637779e-06	-1.248768e-08	-3.958169e+01	-7.414884e+02
4.300000e-07	-5.526147e-06	-1.240411e-08	-3.879795e+01	-7.369435e+02
4.400000e-07	-5.412381e-06	-1.233707e-08	-3.799922e+01	-7.322762e+02
4.500000e-07	-5.296458e-06	-1.226439e-08	-3.718536e+01	-7.274768e+02
4.600000e-07	-5.178569e-06	-1.217073e-08	-3.635768e+01	-7.225341e+02
4.700000e-07	-5.058828e-06	-1.208183e-08	-3.551700e+01	-7.174400e+02
4.800000e-07	-4.937136e-06	-1.200037e-08	-3.466263e+01	-7.121931e+02
4.900000e-07	-4.813576e-06	-1.191886e-08	-3.379514e+01	-7.067983e+02
5.000000e-07	-4.688295e-06	-1.181423e-08	-3.291556e+01	-7.012645e+02
5.100000e-07	-4.561446e-06	-1.171125e-08	-3.202499e+01	-6.955999e+02
5.200000e-07	-4.433006e-06	-1.161777e-08	-3.112323e+01	-6.898070e+02
5.300000e-07	-4.302859e-06	-1.152490e-08	-3.020949e+01	-6.838797e+02
5.400000e-07	-4.171134e-06	-1.141874e-08	-2.928468e+01	-6.778036e+02
5.500000e-07	-4.037953e-06	-1.130718e-08	-2.834964e+01	-6.715594e+02
5.600000e-07	-3.903361e-06	-1.120416e-08	-2.740470e+01	-6.651274e+02
5.700000e-07	-3.767284e-06	-1.109972e-08	-2.644934e+01	-6.584929e+02
5.800000e-07	-3.629743e-06	-1.098343e-08	-2.548369e+01	-6.516492e+02
5.900000e-07	-3.490808e-06	-1.085742e-08	-2.450825e+01	-6.445978e+02
6.000000e-07	-3.350505e-06	-1.073729e-08	-2.352321e+01	-6.373455e+02
6.100000e-07	-3.208833e-06	-1.061502e-08	-2.252857e+01	-6.299006e+02
6.200000e-07	-3.065812e-06	-1.048383e-08	-2.152444e+01	-6.222683e+02
6.300000e-07	-2.921673e-06	-1.034681e-08	-2.051247e+01	-6.144472e+02
6.400000e-07	-2.776535e-06	-1.021233e-08	-1.949349e+01	-6.064297e+02
6.500000e-07	-2.630402e-06	-1.007911e-08	-1.846752e+01	-5.982024e+02
6.600000e-07	-2.483347e-06	-9.938608e-09	-1.743507e+01	-5.897498e+02
6.700000e-07	-2.335519e-06	-9.793462e-09	-1.639720e+01	-5.810570e+02
6.800000e-07	-2.186993e-06	-9.643019e-09	-1.535443e+01	-5.721115e+02
6.900000e-07	-2.037691e-06	-9.488449e-09	-1.430621e+01	-5.629040e+02
7.000000e-07	-1.887666e-06	-9.324934e-09	-1.325292e+01	-5.534277e+02
7.100000e-07	-1.736998e-06	-9.156633e-09	-1.219511e+01	-5.436765e+02
7.200000e-07	-1.585752e-06	-8.986120e-09	-1.113324e+01	-5.336438e+02
7.300000e-07	-1.433919e-06	-8.814688e-09	-1.006726e+01	-5.233217e+02
7.400000e-07	-1.281418e-06	-8.640590e-09	-8.996574e+00	-5.127005e+02
7.500000e-07	-1.128393e-06	-8.459153e-09	-7.922216e+00	-5.017683e+02
7.600000e-07	-9.749555e-07	-8.270972e-09	-6.844964e+00	-4.905109e+02
7.700000e-07	-8.211135e-07	-8.074090e-09	-5.764870e+00	-4.789095e+02
7.800000e-07	-6.669835e-07	-7.870281e-09	-4.682755e+00	-4.669392e+02
7.900000e-07	-5.126415e-07	-7.659737e-09	-3.599151e+00	-4.545663e+02
8.000000e-07	-3.581336e-07	-7.444324e-09	-2.514383e+00	-4.417473e+02
8.100000e-07	-2.034900e-07	-7.222566e-09	-1.428662e+00	-4.284294e+02
8.200000e-07	-4.875909e-08	-6.993253e-09	-3.423276e-01	-4.145535e+02
8.300000e-07	1.059847e-07	-6.752811e-09	7.440972e-01	-4.000589e+02
8.400000e-07	2.606817e-07	-6.495718e-09	1.830193e+00	-3.848895e+02
8.500000e-07	4.152601e-07	-6.222043e-09	2.915457e+00	-3.689992e+02
8.600000e-07	5.697116e-07	-5.935879e-09	3.999829e+00	-3.523556e+02
8.700000e-07	7.239957e-07	-5.639766e-09	5.083026e+00	-3.349399e+02
8.800000e-07	8.779948e-07	-5.333850e-09	6.164222e+00	-3.167444e+02
8.900000e-07	1.031648e-06	-5.017088e-09	7.242989e+00	-2.977649e+02
9.000000e-07	1.184886e-06	-4.687718e-09	8.318842e+00	-2.779926e+02
9.100000e-07	1.337663e-06	-4.344238e-09	9.391457e+00	-2.574043e+02
9.200000e-07	1.489909e-06	-3.980927e-09	1.046034e+01	-2.359547e+02
9.300000e-07	1.641519e-06	-3.598108e-09	1.152477e+01	-2.135708e+02
9.400000e-07	1.792499e-06	-3.198788e-09	1.258477e+01	-1.901524e+02
9.500000e-07	1.942818e-06	-2.784428e-09	1.364013e+01	-1.655767e+02
9.600000e-07	2.092445e-06	-2.351812e-09	1.469063e+01	-1.397101e+02
9.700000e-07	2.241385e-06	-1.893203e-09	1.573631e+01	-1.124239e+02
9.800000e-07	2.389528e-06	-1.405733e-09	1.677639e+01	-8.361417e+01
9.900000e-07	2.536812e-06	-8.911477e-10	1.781044e+01	-5.322268e+01
1.000000e-06	2.683264e-06	-3.504701e-10	1.883865e+01	-2.125488e+01
1.010000e-06	2.828765e-06	2.152844e-10	1.986018e+01	1.220699e+01
1.020000e-06	2.973169e-06	8.035103e-10	2.087401e+01	4.699906e+01
1.030000e-06	3.116465e-06	1.408620e-09	2.188007e+01	8.288022e+01
1.040000e-06	3.258592e-06	2.027020e-09	2.287791e+01	1.195454e+02
1.050000e-06	3.399485e-06	2.655975e-09	2.386709e+01	1.566458e+02
1.060000e-06	3.539111e-06	3.287507e-09	2.484738e+01	1.938128e+02
1.070000e-06	3.677386e-06	3.909755e-09	2.581818e+01	2.306817e+02
1.080000e-06	3.814252e-06	4.516118e-09	2.677909e+01	2.669126e+02
1.090000e-06	3.949654e-06	5.107613e-09	2.772972e+01	3.022053e+02
1.100000e-06	4.083621e-06	5.682148e-09	2.867027e+01	3.363093e+02
1.110000e-06	4.216179e-06	6.234643e-09	2.960093e+01	3.690280e+02
1.120000e-06	4.347266e-06	6.762190e-09	3.052127e+01	4.002185e+02
1.130000e-06	4.476805e-06	7.265233e-09	3.143074e+01	4.297905e+02
1.140000e-06	4.604712e-06	7.739439e-09	3.232875e+01	4.577020e+02
1.150000e-06	4.730990e-06	8.181132e-09	3.321531e+01	4.839543e+02
1.160000e-06	4.855635e-06	8.589743e-09	3.409042e+01	5.085854e+02
1.170000e-06	4.978617e-06	8.972907e-09	3.495385e+01	5.316611e+02
1.180000e-06	5.099838e-06	9.334155e-09	3.580492e+01	5.532641e+02
1.190000e-06	5.219149e-06	9.673188e-09	3.664258e+01	5.734826e+02
1.200000e-06	5.336533e-06	9.991529e-09	3.746671e+01	5.924010e+02
1.210000e-06	5.451891e-06	1.029052e-08	3.827662e+01	6.100929e+02
1.220000e-06	5.565108e-06	1.057224e-08	3.907149e+01	6.266194e+02
1.230000e-06	5.676263e-06	1.083363e-08	3.985189e+01	6.420326e+02
1.240000e-06	5.785452e-06	1.107161e-08	4.061848e+01	6.563816e+02
1.250000e-06	5.892610e-06	1.128981e-08	4.137082e+01	6.697199e+02
1.260000e-06	5.997606e-06	1.149710e-08	4.210797e+01	6.821103e+02
1.270000e-06	6.100438e-06	1.169256e-08	4.282993e+01	6.936251e+02
1.280000e-06	6.201074e-06	1.187270e-08	4.353648e+01	7.043420e+02
1.290000e-06	6.299368e-06	1.204080e-08	4.422658e+01	7.143360e+02
1.300000e-06	6.395338e-06	1.220020e-08	4.490037e+01	7.236709e+02
1.310000e-06	6.489135e-06	1.234869e-08	4.555889e+01	7.323934e+02
1.320000e-06	6.580702e-06	1.248264e-08	4.620177e+01	7.405327e+02
1.330000e-06	6.669915e-06	1.260530e-08	4.682811e+01	7.481054e+02
1.340000e-06	6.756773e-06	1.272236e-08	4.743793e+01	7.551245e+02
1.350000e-06	6.841308e-06	1.283304e-08	4.803143e+01	7.616099e+02
1.360000e-06	6.923447e-06	1.293316e-08	4.860811e+01	7.675951e+02
1.370000e-06	7.003082e-06	1.302375e-08	4.916721e+01	7.731288e+02
1.380000e-06	7.080131e-06	1.311058e-08	4.970815e+01	7.782702e+02
1.390000e-06	7.154517e-06	1.319341e-08	5.023041e+01	7.830797e+02
1.400000e-06	7.226242e-06	1.326779e-08	5.073397e+01	7.876074e+02
1.410000e-06	7.295426e-06	1.333676e-08	5.121970e+01	7.918854e+02
1.420000e-06	7.362056e-06	1.340559e-08	5.168750e+01	7.959250e+02
1.430000e-06	7.426016e-06	1.347231e-08	5.213654e+01	7.997204e+02
1.440000e-06	7.487435e-06	1.353115e-08	5.256776e+01	8.032580e+02
1.450000e-06	7.546325e-06	1.358150e-08	5.298121e+01	8.065269e+02
1.460000e-06	7.602485e-06	1.363001e-08	5.337550e+01	8.095271e+02
1.470000e-06	7.655742e-06	1.367885e-08	5.374940e+01	8.122732e+02
1.480000e-06	7.705890e-06	1.372263e-08	5.410148e+01	8.147916e+02
1.490000e-06	7.752973e-06	1.376081e-08	5.443204e+01	8.171129e+02
1.500000e-06	7.797313e-06	1.379619e-08	5.474335e+01	8.192628e+02
1.510000e-06	7.838899e-06	1.383031e-08	5.503531e+01	8.212558e+02
1.520000e-06	7.877629e-06	1.385941e-08	5.530723e+01	8.230929e+02
1.530000e-06	7.913659e-06	1.388247e-08	5.556019e+01	8.247647e+02
1.540000e-06	7.946882e-06	1.390497e-08	5.579344e+01	8.262590e+02
1.550000e-06	7.977304e-06	1.392954e-08	5.600702e+01	8.275687e+02
1.560000e-06	8.005052e-06	1.395147e-08	5.620184e+01	8.286974e+02
1.570000e-06	8.029920e-06	1.396685e-08	5.637643e+01	8.296607e+02
1.580000e-06	8.051973e-06	1.397837e-08	5.653126e+01	8.304823e+02
1.590000e-06	8.071328e-06	1.398919e-08	5.666715e+01	8.311864e+02
1.600000e-06	8.087795e-06	1.399760e-08	5.678276e+01	8.317908e+02
1.610000e-06	8.101186e-06	1.400295e-08	5.687678e+01	8.323020e+02
1.620000e-06	8.111411e-06	1.400950e-08	5.694856e+01	8.327153e+02
1.630000e-06	8.118627e-06	1.401722e-08	5.699923e+01	8.330188e+02
1.640000e-06	8.123067e-06	1.402184e-08	5.703039e+01	8.332005e+02
1.650000e-06	8.124648e-06	1.401857e-08	5.704150e+01	8.332547e+02
1.660000e-06	8.123434e-06	1.401901e-08	5.703298e+01	8.331853e+02
1.670000e-06	8.119615e-06	1.401877e-08	5.700616e+01	8.330050e+02
1.680000e-06	8.113074e-06	1.401588e-08	5.696024e+01	8.327301e+02
1.690000e-06	8.103863e-06	1.400943e-08	5.689557e+01	8.323743e+02
1.700000e-06	8.091940e-06	1.399799e-08	5.681186e+01	8.319431e+02
1.710000e-06	8.077187e-06	1.398524e-08	5.670828e+01	8.314319e+02
1.720000e-06	8.059878e-06	1.396435e-08	5.658676e+01	8.308289e+02
1.730000e-06	8.040230e-06	1.399859e-08	5.644882e+01	8.301204e+02
1.740000e-06	8.017786e-06	1.401535e-08	5.629124e+01	8.292977e+02
1.750000e-06	7.991834e-06	1.396364e-08	5.610904e+01	8.283621e+02
1.760000e-06	7.962205e-06	1.392243e-08	5.590102e+01	8.273247e+02
1.770000e-06	7.929459e-06	1.390594e-08	5.567111e+01	8.262031e+02
1.780000e-06	7.894209e-06	1.386144e-08	5.542363e+01	8.250143e+02
1.790000e-06	7.856552e-06	1.383193e-08	5.515925e+01	8.237679e+02
1.800000e-06	7.816720e-06	1.385734e-08	5.487960e+01	8.224614e+02
1.810000e-06	7.774663e-06	1.377673e-08	5.458432e+01	8.210804e+02
1.820000e-06	7.729989e-06	1.381154e-08	5.427068e+01	8.196037e+02
1.830000e-06	7.682627e-06	1.381118e-08	5.393816e+01	8.180107e+02
1.840000e-06	7.632279e-06	1.373224e-08	5.358468e+01	8.162887e+02
1.850000e-06	7.578847e-06	1.373830e-08	5.320954e+01	8.144373e+02
1.860000e-06	7.522563e-06	1.363359e-08	5.281438e+01	8.124680e+02
1.870000e-06	7.463598e-06	1.365070e-08	5.240040e+01	8.103990e+02
1.880000e-06	7.402060e-06	1.360522e-08	5.196836e+01	8.082478e+02
1.890000e-06	7.337779e-06	1.354727e-08	5.151705e+01	8.060235e+02
1.900000e-06	7.270808e-06	1.356213e-08	5.104686e+01	8.037233e+02
1.910000e-06	7.201039e-06	1.349250e-08	5.055703e+01	8.013330e+02
1.920000e-06	7.128440e-06	1.347907e-08	5.004732e+01	7.988324e+02
1.930000e-06	7.053191e-06	1.337429e-08	4.951902e+01	7.962026e+02
1.940000e-06	6.975196e-06	1.334285e-08	4.897143e+01	7.934329e+02
1.950000e-06	6.894625e-06	1.330822e-08	4.840575e+01	7.905243e+02
1.960000e-06	6.811597e-06	1.324007e-08	4.782283e+01	7.874886e+02
1.970000e-06	6.726094e-06	1.322727e-08	4.722254e+01	7.843430e+02
1.980000e-06	6.638122e-06	1.314161e-08	4.660490e+01	7.811032e+02
1.990000e-06	6.547817e-06	1.311653e-08	4.597089e+01	7.777771e+02
2.000000e-06	6.455266e-06	1.303320e-08	4.532111e+01	7.743618e+02
2.010000e-06	6.360388e-06	1.297686e-08	4.465499e+01	7.708446e+02
2.020000e-06	6.263294e-06	1.291123e-08	4.397331e+01	7.672081e+02
2.030000e-06	6.163987e-06	1.284754e-08	4.327610e+01	7.634363e+02
2.040000e-06	6.062393e-06	1.280063e-08	4.256283e+01	7.595198e+02
2.050000e-06	5.958563e-06	1.271346e-08	4.183385e+01	7.554581e+02
2.060000e-06	5.852642e-06	1.265529e-08	4.109021e+01	7.512583e+02
2.070000e-06	5.744680e-06	1.256653e-08	4.033223e+01	7.469305e+02
2.080000e-06	5.634669e-06	1.250816e-08	3.955986e+01	7.424825e+02
2.090000e-06	5.522580e-06	1.241976e-08	3.877291e+01	7.379161e+02
2.100000e-06	5.408351e-06	1.234061e-08	3.797093e+01	7.332258e+02
2.110000e-06	5.292024e-06	1.225484e-08	3.715422e+01	7.284015e+02
2.120000e-06	5.173644e-06	1.217060e-08	3.632310e+01	7.234320e+02
2.130000e-06	5.053291e-06	1.208426e-08	3.547812e+01	7.183104e+02
2.140000e-06	4.931111e-06	1.199349e-08	3.462032e+01	7.130364e+02
2.150000e-06	4.807176e-06	1.191459e-08	3.375020e+01	7.076159e+02
2.160000e-06	4.681441e-06	1.182062e-08	3.286744e+01	7.020582e+02
2.170000e-06	4.554061e-06	1.172989e-08	3.197313e+01	6.963705e+02
2.180000e-06	4.425118e-06	1.162092e-08	3.106785e+01	6.905541e+02
2.190000e-06	4.294595e-06	1.152281e-08	3.015148e+01	6.846014e+02
2.200000e-06	4.162532e-06	1.141587e-08	2.922429e+01	6.784966e+02
2.210000e-06	4.028879e-06	1.131105e-08	2.828594e+01	6.722201e+02
2.220000e-06	3.893833e-06	1.119948e-08	2.733781e+01	6.657526e+02
2.230000e-06	3.757423e-06	1.109055e-08	2.638010e+01	6.590809e+02
2.240000e-06	3.619611e-06	1.098020e-08	2.541255e+01	6.521996e+02
2.250000e-06	3.480476e-06	1.085987e-08	2.443571e+01	6.451116e+02
2.260000e-06	3.339999e-06	1.073695e-08	2.344945e+01	6.378242e+02
2.270000e-06	3.198185e-06	1.060703e-08	2.245380e+01	6.303455e+02
2.280000e-06	3.055166e-06	1.047982e-08	2.144970e+01	6.226795e+02
2.290000e-06	2.911069e-06	1.034477e-08	2.043802e+01	6.148240e+02
2.300000e-06	2.765920e-06	1.020958e-08	1.941896e+01	6.067699e+02
2.310000e-06	2.619839e-06	1.006855e-08	1.839336e+01	5.985034e+02
2.320000e-06	2.472940e-06	9.926660e-09	1.736201e+01	5.900088e+02
2.330000e-06	2.325153e-06	9.781572e-09	1.632443e+01	5.812716e+02
2.340000e-06	2.176405e-06	9.629225e-09	1.528009e+01	5.722797e+02
2.350000e-06	2.026785e-06	9.471739e-09	1.422964e+01	5.630245e+02
2.360000e-06	1.876463e-06	9.309441e-09	1.317426e+01	5.534994e+02
2.370000e-06	1.725553e-06	9.146420e-09	1.211476e+01	5.436983e+02
2.380000e-06	1.574074e-06	8.976456e-09	1.105125e+01	5.336144e+02
2.390000e-06	1.422076e-06	8.801213e-09	9.984106e+00	5.232395e+02
2.400000e-06	1.269595e-06	8.620806e-09	8.913571e+00	5.125635e+02
2.410000e-06	1.116661e-06	8.435113e-09	7.839850e+00	5.015743e+02
2.420000e-06	9.633282e-07	8.244989e-09	6.763331e+00	4.902568e+02
2.430000e-06	8.096287e-07	8.049253e-09	5.684238e+00	4.785915e+02
2.440000e-06	6.556379e-07	7.847863e-09	4.603100e+00	4.665518e+02
2.450000e-06	5.014314e-07	7.638979e-09	3.520447e+00	4.541026e+02
2.460000e-06	3.470397e-07	7.420676e-09	2.436495e+00	4.411985e+02
2.470000e-06	1.925098e-07	7.192785e-09	1.351572e+00	4.277852e+02
2.480000e-06	3.791271e-08	6.954311e-09	2.661774e-01	4.138031e+02
2.490000e-06	-1.166822e-07	6.707331e-09	-8.192019e-01	3.991917e+02
2.500000e-06	-2.712000e-07	6.451537e-09	-1.904040e+00	3.838965e+02
2.510000e-06	-4.255684e-07	6.186735e-09	-2.987829e+00	3.678735e+02
2.520000e-06	-5.797742e-07	5.909563e-09	-4.070476e+00	3.510928e+02
2.530000e-06	-7.337889e-07	5.614540e-09	-5.151782e+00	3.335381e+02
2.540000e-06	-8.874900e-07	5.304663e-09	-6.230886e+00	3.152027e+02
2.550000e-06	-1.040822e-06	4.980126e-09	-7.307398e+00	2.960824e+02
2.560000e-06	-1.193810e-06	4.642684e-09	-8.381500e+00	2.761665e+02
2.570000e-06	-1.346363e-06	4.292572e-09	-9.452542e+00	2.554284e+02
2.580000e-06	-1.498405e-06	3.930642e-09	-1.052000e+01	2.338179e+02
2.590000e-06	-1.649902e-06	3.554500e-09	-1.158363e+01	2.112572e+02
2.600000e-06	-1.800813e-06	3.159188e-09	-1.264314e+01	1.876415e+02
2.610000e-06	-1.951117e-06	2.743155e-09	-1.369840e+01	1.628451e+02
2.620000e-06	-2.100713e-06	2.303853e-09	-1.474868e+01	1.367338e+02
2.630000e-06	-2.249474e-06	1.840096e-09	-1.579310e+01	1.091819e+02
2.640000e-06	-2.397366e-06	1.350963e-09	-1.683142e+01	8.009226e+01
2.650000e-06	-2.544451e-06	8.351010e-10	-1.786407e+01	4.941664e+01
2.660000e-06	-2.690683e-06	2.946605e-10	-1.889073e+01	1.717352e+01
2.670000e-06	-2.835917e-06	-2.696034e-10	-1.991039e+01	-1.654039e+01
2.680000e-06	-2.980098e-06	-8.566138e-10	-2.092266e+01	-5.154684e+01
2.690000e-06	-3.123193e-06	-1.460536e-09	-2.192730e+01	-8.759209e+01
2.700000e-06	-3.265107e-06	-2.075923e-09	-2.292365e+01	-1.243616e+02
2.710000e-06	-3.405747e-06	-2.697341e-09	-2.391105e+01	-1.615013e+02
2.720000e-06	-3.545054e-06	-3.321187e-09	-2.488910e+01	-1.986415e+02
2.730000e-06	-3.683043e-06	-3.941623e-09	-2.585789e+01	-2.354206e+02
2.740000e-06	-3.819684e-06	-4.551098e-09	-2.681723e+01	-2.715047e+02
2.750000e-06	-3.954968e-06	-5.141896e-09	-2.776703e+01	-3.066022e+02
2.760000e-06	-4.088874e-06	-5.710492e-09	-2.870715e+01	-3.404719e+02
2.770000e-06	-4.221233e-06	-6.255305e-09	-2.963641e+01	-3.729267e+02
2.780000e-06	-4.352048e-06	-6.773999e-09	-3.055484e+01	-4.038336e+02
2.790000e-06	-4.481410e-06	-7.265635e-09	-3.146307e+01	-4.331110e+02
2.800000e-06	-4.609237e-06	-7.730428e-09	-3.236052e+01	-4.607250e+02
2.810000e-06	-4.735429e-06	-8.168167e-09	-3.324648e+01	-4.866842e+02
2.820000e-06	-4.859899e-06	-8.578102e-09	-3.412036e+01	-5.110323e+02
2.830000e-06	-4.982606e-06	-8.962843e-09	-3.498186e+01	-5.338389e+02
2.840000e-06	-5.103593e-06	-9.325881e-09	-3.583128e+01	-5.551883e+02
2.850000e-06	-5.222701e-06	-9.668239e-09	-3.666752e+01	-5.751689e+02
2.860000e-06	-5.339674e-06	-9.985955e-09	-3.748876e+01	-5.938634e+02
2.870000e-06	-5.454442e-06	-1.027936e-08	-3.829453e+01	-6.113431e+02
2.880000e-06	-5.567018e-06	-1.055219e-08	-3.908490e+01	-6.276674e+02
2.890000e-06	-5.677419e-06	-1.080694e-08	-3.986000e+01	-6.428870e+02
2.900000e-06	-5.785808e-06	-1.104719e-08	-4.062098e+01	-6.570516e+02
2.910000e-06	-5.892363e-06	-1.127108e-08	-4.136908e+01	-6.702158e+02
2.920000e-06	-5.996948e-06	-1.147827e-08	-4.210335e+01	-6.824445e+02
2.930000e-06	-6.099291e-06	-1.167174e-08	-4.282188e+01	-6.938112e+02
2.940000e-06	-6.199344e-06	-1.185146e-08	-4.352433e+01	-7.043939e+02
2.950000e-06	-6.297231e-06	-1.201663e-08	-4.421158e+01	-7.142661e+02
2.960000e-06	-6.392996e-06	-1.217025e-08	-4.488392e+01	-7.234889e+02
2.970000e-06	-6.486492e-06	-1.231677e-08	-4.554034e+01	-7.321057e+02
2.980000e-06	-6.577663e-06	-1.245590e-08	-4.618043e+01	-7.401430e+02
2.990000e-06	-6.666587e-06	-1.258455e-08	-4.680475e+01	-7.476160e+02
3.000000e-06	-6.753105e-06	-1.270156e-08	-4.741218e+01	-7.545382e+02
3.010000e-06	-6.837136e-06	-1.280870e-08	-4.800214e+01	-7.609315e+02
3.020000e-06	-6.918819e-06	-1.290755e-08	-4.857562e+01	-7.668322e+02
3.030000e-06	-6.998038e-06	-1.299967e-08	-4.913180e+01	-7.722915e+02
3.040000e-06	-7.074550e-06	-1.308629e-08	-4.966897e+01	-7.773696e+02
3.050000e-06	-7.148357e-06	-1.316913e-08	-5.018716e+01	-7.821256e+02
3.060000e-06	-7.219581e-06	-1.324635e-08	-5.068721e+01	-7.866072e+02
3.070000e-06	-7.288214e-06	-1.331799e-08	-5.116907e+01	-7.908425e+02
3.080000e-06	-7.354323e-06	-1.338511e-08	-5.163320e+01	-7.948394e+02
3.090000e-06	-7.417860e-06	-1.344725e-08	-5.207928e+01	-7.985900e+02
3.100000e-06	-7.478710e-06	-1.350519e-08	-5.250650e+01	-8.020803e+02
3.110000e-06	-7.536918e-06	-1.355831e-08	-5.291517e+01	-8.053009e+02
3.120000e-06	-7.592385e-06	-1.360763e-08	-5.330459e+01	-8.082545e+02
3.130000e-06	-7.644912e-06	-1.365533e-08	-5.367337e+01	-8.109580e+02
3.140000e-06	-7.694323e-06	-1.370064e-08	-5.402028e+01	-8.134391e+02
3.150000e-06	-7.740760e-06	-1.374103e-08	-5.434630e+01	-8.157282e+02
3.160000e-06	-7.784688e-06	-1.377600e-08	-5.465470e+01	-8.178496e+02
3.170000e-06	-7.826149e-06	-1.380706e-08	-5.494580e+01	-8.198153e+02
3.180000e-06	-7.864835e-06	-1.383686e-08	-5.521740e+01	-8.216239e+02
3.190000e-06	-7.900686e-06	-1.386518e-08	-5.546910e+01	-8.232650e+02
3.200000e-06	-7.933752e-06	-1.389198e-08	-5.570126e+01	-8.247267e+02
3.210000e-06	-7.963939e-06	-1.391714e-08	-5.591319e+01	-8.260036e+02
3.220000e-06	-7.991298e-06	-1.393938e-08	-5.610527e+01	-8.271015e+02
3.230000e-06	-8.015959e-06	-1.395689e-08	-5.627841e+01	-8.280378e+02
3.240000e-06	-8.037758e-06	-1.396899e-08	-5.643146e+01	-8.288369e+02
3.250000e-06	-8.056658e-06	-1.397717e-08	-5.656415e+01	-8.295223e+02
3.260000e-06	-8.072717e-06	-1.398526e-08	-5.667690e+01	-8.301101e+02
3.270000e-06	-8.085687e-06	-1.399505e-08	-5.676796e+01	-8.306046e+02
3.280000e-06	-8.095594e-06	-1.400522e-08	-5.683752e+01	-8.309994e+02
3.290000e-06	-8.102585e-06	-1.401362e-08	-5.688660e+01	-8.312821e+02
3.300000e-06	-8.106705e-06	-1.402048e-08	-5.691552e+01	-8.314413e+02
3.310000e-06	-8.108066e-06	-1.402265e-08	-5.692508e+01	-8.314730e+02
