# Temperatura_=_52.58
# Concentracion g/m^3_=_11780.0
# C_Vs_to_Am_M_A/Vsm_=_59384043850.047264
# pendiente_HvsI_1/m_=_3716.3
# ordenada_HvsI_A/m_=_1297.0
# frecuencia_Hz_=_301553.125348163

Tiempo_(s)	Campo_(V.s)	Magnetizacion_(V.s)	Campo_(kA/m)	Magnetizacion_(A/m)
0.000000e+00	-8.100336e-06	-1.390982e-08	-5.688920e+01	-8.259736e+02
1.000000e-08	-8.097174e-06	-1.390278e-08	-5.686699e+01	-8.258234e+02
2.000000e-08	-8.091330e-06	-1.389902e-08	-5.682594e+01	-8.256526e+02
3.000000e-08	-8.082896e-06	-1.389843e-08	-5.676672e+01	-8.254547e+02
4.000000e-08	-8.071614e-06	-1.389553e-08	-5.668748e+01	-8.251999e+02
5.000000e-08	-8.057375e-06	-1.388661e-08	-5.658748e+01	-8.248465e+02
6.000000e-08	-8.040296e-06	-1.388255e-08	-5.646753e+01	-8.243560e+02
7.000000e-08	-8.020695e-06	-1.388551e-08	-5.632988e+01	-8.237083e+02
8.000000e-08	-7.998594e-06	-1.385354e-08	-5.617466e+01	-8.229089e+02
9.000000e-08	-7.973411e-06	-1.380332e-08	-5.599780e+01	-8.219874e+02
1.000000e-07	-7.944903e-06	-1.379263e-08	-5.579758e+01	-8.209855e+02
1.100000e-07	-7.913401e-06	-1.380583e-08	-5.557634e+01	-8.199412e+02
1.200000e-07	-7.879116e-06	-1.380157e-08	-5.533556e+01	-8.188740e+02
1.300000e-07	-7.842260e-06	-1.377501e-08	-5.507672e+01	-8.177772e+02
1.400000e-07	-7.803212e-06	-1.377009e-08	-5.480248e+01	-8.166206e+02
1.500000e-07	-7.761856e-06	-1.373906e-08	-5.451203e+01	-8.153626e+02
1.600000e-07	-7.717699e-06	-1.371435e-08	-5.420191e+01	-8.139663e+02
1.700000e-07	-7.670783e-06	-1.369782e-08	-5.387242e+01	-8.124148e+02
1.800000e-07	-7.621110e-06	-1.361647e-08	-5.352356e+01	-8.107180e+02
1.900000e-07	-7.568321e-06	-1.361417e-08	-5.315282e+01	-8.089093e+02
2.000000e-07	-7.512635e-06	-1.361010e-08	-5.276174e+01	-8.070335e+02
2.100000e-07	-7.454263e-06	-1.356433e-08	-5.235178e+01	-8.051293e+02
2.200000e-07	-7.393230e-06	-1.354067e-08	-5.192314e+01	-8.032151e+02
2.300000e-07	-7.329567e-06	-1.349355e-08	-5.147603e+01	-8.012811e+02
2.400000e-07	-7.263120e-06	-1.347980e-08	-5.100937e+01	-7.992930e+02
2.500000e-07	-7.193962e-06	-1.343282e-08	-5.052367e+01	-7.972044e+02
2.600000e-07	-7.122183e-06	-1.337344e-08	-5.001957e+01	-7.949736e+02
2.700000e-07	-7.047646e-06	-1.334352e-08	-4.949608e+01	-7.925788e+02
2.800000e-07	-6.970289e-06	-1.332005e-08	-4.895280e+01	-7.900246e+02
2.900000e-07	-6.890231e-06	-1.328092e-08	-4.839055e+01	-7.873396e+02
3.000000e-07	-6.807696e-06	-1.320763e-08	-4.781090e+01	-7.845640e+02
3.100000e-07	-6.722890e-06	-1.317627e-08	-4.721530e+01	-7.817336e+02
3.200000e-07	-6.635813e-06	-1.313477e-08	-4.660375e+01	-7.788656e+02
3.300000e-07	-6.546398e-06	-1.307402e-08	-4.597579e+01	-7.759514e+02
3.400000e-07	-6.454621e-06	-1.301798e-08	-4.533123e+01	-7.729603e+02
3.500000e-07	-6.360524e-06	-1.296376e-08	-4.467039e+01	-7.698501e+02
3.600000e-07	-6.264120e-06	-1.292136e-08	-4.399333e+01	-7.665831e+02
3.700000e-07	-6.165338e-06	-1.286261e-08	-4.329958e+01	-7.631386e+02
3.800000e-07	-6.064315e-06	-1.279921e-08	-4.259009e+01	-7.595196e+02
3.900000e-07	-5.961182e-06	-1.273177e-08	-4.186578e+01	-7.557495e+02
4.000000e-07	-5.855902e-06	-1.268023e-08	-4.112639e+01	-7.518616e+02
4.100000e-07	-5.748489e-06	-1.261923e-08	-4.037202e+01	-7.478846e+02
4.200000e-07	-5.639069e-06	-1.254197e-08	-3.960356e+01	-7.438312e+02
4.300000e-07	-5.527691e-06	-1.246400e-08	-3.882134e+01	-7.396925e+02
4.400000e-07	-5.414185e-06	-1.239310e-08	-3.802418e+01	-7.354417e+02
4.500000e-07	-5.298466e-06	-1.232195e-08	-3.721148e+01	-7.310443e+02
4.600000e-07	-5.180677e-06	-1.223830e-08	-3.638424e+01	-7.264708e+02
4.700000e-07	-5.060962e-06	-1.215816e-08	-3.554347e+01	-7.217075e+02
4.800000e-07	-4.939426e-06	-1.208512e-08	-3.468992e+01	-7.167610e+02
4.900000e-07	-4.816079e-06	-1.201320e-08	-3.382364e+01	-7.116533e+02
5.000000e-07	-4.690950e-06	-1.192044e-08	-3.294485e+01	-7.064127e+02
5.100000e-07	-4.564201e-06	-1.181821e-08	-3.205469e+01	-7.010613e+02
5.200000e-07	-4.435858e-06	-1.172134e-08	-3.115333e+01	-6.956051e+02
5.300000e-07	-4.305896e-06	-1.162936e-08	-3.024060e+01	-6.900314e+02
5.400000e-07	-4.174321e-06	-1.152967e-08	-2.931653e+01	-6.843122e+02
5.500000e-07	-4.041245e-06	-1.142653e-08	-2.838193e+01	-6.784143e+02
5.600000e-07	-3.906716e-06	-1.133102e-08	-2.743713e+01	-6.723104e+02
5.700000e-07	-3.770676e-06	-1.123467e-08	-2.648171e+01	-6.659870e+02
5.800000e-07	-3.633275e-06	-1.112453e-08	-2.551673e+01	-6.594473e+02
5.900000e-07	-3.494641e-06	-1.100088e-08	-2.454310e+01	-6.527058e+02
6.000000e-07	-3.354606e-06	-1.088110e-08	-2.355962e+01	-6.457797e+02
6.100000e-07	-3.213071e-06	-1.076454e-08	-2.256561e+01	-6.386784e+02
6.200000e-07	-3.070241e-06	-1.064157e-08	-2.156251e+01	-6.313964e+02
6.300000e-07	-2.926333e-06	-1.051368e-08	-2.055183e+01	-6.239125e+02
6.400000e-07	-2.781426e-06	-1.038782e-08	-1.953414e+01	-6.161956e+02
6.500000e-07	-2.635535e-06	-1.025993e-08	-1.850954e+01	-6.082142e+02
6.600000e-07	-2.488669e-06	-1.012013e-08	-1.747809e+01	-5.999464e+02
6.700000e-07	-2.340935e-06	-9.971449e-09	-1.644054e+01	-5.913863e+02
6.800000e-07	-2.192439e-06	-9.819712e-09	-1.539765e+01	-5.825439e+02
6.900000e-07	-2.043153e-06	-9.667652e-09	-1.434920e+01	-5.734383e+02
7.000000e-07	-1.893078e-06	-9.510437e-09	-1.329521e+01	-5.640872e+02
7.100000e-07	-1.742279e-06	-9.348581e-09	-1.223614e+01	-5.544958e+02
7.200000e-07	-1.590921e-06	-9.184508e-09	-1.117314e+01	-5.446500e+02
7.300000e-07	-1.439103e-06	-9.019267e-09	-1.010692e+01	-5.345163e+02
7.400000e-07	-1.286786e-06	-8.845774e-09	-9.037183e+00	-5.240479e+02
7.500000e-07	-1.133986e-06	-8.660863e-09	-7.964058e+00	-5.131953e+02
7.600000e-07	-9.807614e-07	-8.469748e-09	-6.887953e+00	-5.019170e+02
7.700000e-07	-8.271584e-07	-8.273366e-09	-5.809188e+00	-4.901852e+02
7.800000e-07	-6.732557e-07	-8.068024e-09	-4.728319e+00	-4.779854e+02
7.900000e-07	-5.191623e-07	-7.850237e-09	-3.646111e+00	-4.653089e+02
8.000000e-07	-3.649443e-07	-7.627496e-09	-2.563028e+00	-4.521407e+02
8.100000e-07	-2.106039e-07	-7.398953e-09	-1.479085e+00	-4.384471e+02
8.200000e-07	-5.615174e-08	-7.160906e-09	-3.943574e-01	-4.241696e+02
8.300000e-07	9.833058e-08	-6.909884e-09	6.905822e-01	-4.092253e+02
8.400000e-07	2.527410e-07	-6.646940e-09	1.775017e+00	-3.935166e+02
8.500000e-07	4.070436e-07	-6.369376e-09	2.858694e+00	-3.769467e+02
8.600000e-07	5.612254e-07	-6.071662e-09	3.941523e+00	-3.594358e+02
8.700000e-07	7.152518e-07	-5.754665e-09	5.023261e+00	-3.409318e+02
8.800000e-07	8.690794e-07	-5.422254e-09	6.103602e+00	-3.214114e+02
8.900000e-07	1.022590e-06	-5.076136e-09	7.181716e+00	-3.008704e+02
9.000000e-07	1.175697e-06	-4.714460e-09	8.256996e+00	-2.793041e+02
9.100000e-07	1.328284e-06	-4.334216e-09	9.328626e+00	-2.566839e+02
9.200000e-07	1.480375e-06	-3.934370e-09	1.039677e+01	-2.329381e+02
9.300000e-07	1.632045e-06	-3.514399e-09	1.146196e+01	-2.079428e+02
9.400000e-07	1.783206e-06	-3.068128e-09	1.252357e+01	-1.815287e+02
9.500000e-07	1.933724e-06	-2.590782e-09	1.358067e+01	-1.535037e+02
9.600000e-07	2.083469e-06	-2.082238e-09	1.463234e+01	-1.236886e+02
9.700000e-07	2.232442e-06	-1.544548e-09	1.567859e+01	-9.195778e+01
9.800000e-07	2.380585e-06	-9.773351e-10	1.671901e+01	-5.827631e+01
9.900000e-07	2.527872e-06	-3.776012e-10	1.775341e+01	-2.272533e+01
1.000000e-06	2.674251e-06	2.517857e-10	1.878144e+01	1.449011e+01
1.010000e-06	2.819571e-06	9.027357e-10	1.980204e+01	5.305196e+01
1.020000e-06	2.963873e-06	1.569104e-09	2.081548e+01	9.255596e+01
1.030000e-06	3.107243e-06	2.245768e-09	2.182238e+01	1.325480e+02
1.040000e-06	3.249502e-06	2.923787e-09	2.282147e+01	1.725626e+02
1.050000e-06	3.390430e-06	3.592296e-09	2.381122e+01	2.121563e+02
1.060000e-06	3.530037e-06	4.246210e-09	2.479168e+01	2.509324e+02
1.070000e-06	3.668338e-06	4.882251e-09	2.576298e+01	2.885539e+02
1.080000e-06	3.805285e-06	5.494355e-09	2.672477e+01	3.247484e+02
1.090000e-06	3.940852e-06	6.075476e-09	2.767687e+01	3.593066e+02
1.100000e-06	4.074998e-06	6.624925e-09	2.861898e+01	3.920792e+02
1.110000e-06	4.207604e-06	7.143171e-09	2.955028e+01	4.229736e+02
1.120000e-06	4.338645e-06	7.630110e-09	3.047059e+01	4.519516e+02
1.130000e-06	4.468144e-06	8.084614e-09	3.138007e+01	4.790265e+02
1.140000e-06	4.596072e-06	8.507783e-09	3.227852e+01	5.042579e+02
1.150000e-06	4.722415e-06	8.904900e-09	3.316583e+01	5.277426e+02
1.160000e-06	4.847095e-06	9.276358e-09	3.404147e+01	5.496002e+02
1.170000e-06	4.970021e-06	9.619841e-09	3.490479e+01	5.699575e+02
1.180000e-06	5.091180e-06	9.936627e-09	3.575570e+01	5.889334e+02
1.190000e-06	5.210569e-06	1.023106e-08	3.659417e+01	6.066274e+02
1.200000e-06	5.328014e-06	1.050456e-08	3.741900e+01	6.231166e+02
1.210000e-06	5.443359e-06	1.075887e-08	3.822907e+01	6.384593e+02
1.220000e-06	5.556651e-06	1.099788e-08	3.902473e+01	6.527048e+02
1.230000e-06	5.667928e-06	1.122343e-08	3.980623e+01	6.659046e+02
1.240000e-06	5.777186e-06	1.143351e-08	4.057356e+01	6.781217e+02
1.250000e-06	5.884335e-06	1.162685e-08	4.132607e+01	6.894329e+02
1.260000e-06	5.989356e-06	1.180382e-08	4.206364e+01	6.999247e+02
1.270000e-06	6.092268e-06	1.196674e-08	4.278640e+01	7.096842e+02
1.280000e-06	6.192968e-06	1.211670e-08	4.349362e+01	7.187873e+02
1.290000e-06	6.291351e-06	1.225431e-08	4.418457e+01	7.272904e+02
1.300000e-06	6.387444e-06	1.238381e-08	4.485944e+01	7.352288e+02
1.310000e-06	6.481379e-06	1.250859e-08	4.551915e+01	7.426209e+02
1.320000e-06	6.573052e-06	1.262763e-08	4.616298e+01	7.494792e+02
1.330000e-06	6.662377e-06	1.273629e-08	4.679032e+01	7.558216e+02
1.340000e-06	6.749383e-06	1.283350e-08	4.740137e+01	7.616806e+02
1.350000e-06	6.834062e-06	1.292321e-08	4.799607e+01	7.671045e+02
1.360000e-06	6.916319e-06	1.300811e-08	4.857376e+01	7.721525e+02
1.370000e-06	6.996050e-06	1.308725e-08	4.913373e+01	7.768835e+02
1.380000e-06	7.073246e-06	1.316081e-08	4.967588e+01	7.813438e+02
1.390000e-06	7.147777e-06	1.323118e-08	5.019931e+01	7.855589e+02
1.400000e-06	7.219631e-06	1.329961e-08	5.070395e+01	7.895318e+02
1.410000e-06	7.288986e-06	1.336407e-08	5.119103e+01	7.932500e+02
1.420000e-06	7.355730e-06	1.342147e-08	5.165978e+01	7.966966e+02
1.430000e-06	7.419785e-06	1.347309e-08	5.210964e+01	7.998639e+02
1.440000e-06	7.481409e-06	1.352207e-08	5.254243e+01	8.027617e+02
1.450000e-06	7.540466e-06	1.356851e-08	5.295719e+01	8.054189e+02
1.460000e-06	7.596720e-06	1.361053e-08	5.335227e+01	8.078767e+02
1.470000e-06	7.650114e-06	1.364710e-08	5.372726e+01	8.101765e+02
1.480000e-06	7.700423e-06	1.368116e-08	5.408058e+01	8.123473e+02
1.490000e-06	7.747679e-06	1.371641e-08	5.441246e+01	8.143972e+02
1.500000e-06	7.792153e-06	1.375064e-08	5.472481e+01	8.163134e+02
1.510000e-06	7.833850e-06	1.378087e-08	5.501765e+01	8.180694e+02
1.520000e-06	7.872761e-06	1.380691e-08	5.529093e+01	8.196389e+02
1.530000e-06	7.908990e-06	1.383121e-08	5.554536e+01	8.210078e+02
1.540000e-06	7.942412e-06	1.385286e-08	5.578009e+01	8.221832e+02
1.550000e-06	7.973011e-06	1.386787e-08	5.599499e+01	8.231927e+02
1.560000e-06	8.000882e-06	1.387896e-08	5.619072e+01	8.240758e+02
1.570000e-06	8.025858e-06	1.389042e-08	5.636613e+01	8.248708e+02
1.580000e-06	8.048012e-06	1.390261e-08	5.652173e+01	8.256017e+02
1.590000e-06	8.067495e-06	1.391386e-08	5.665855e+01	8.262706e+02
1.600000e-06	8.084095e-06	1.392390e-08	5.677513e+01	8.268590e+02
1.610000e-06	8.097673e-06	1.393357e-08	5.687050e+01	8.273370e+02
1.620000e-06	8.108144e-06	1.394026e-08	5.694403e+01	8.276776e+02
1.630000e-06	8.115581e-06	1.394057e-08	5.699626e+01	8.278696e+02
1.640000e-06	8.120224e-06	1.393764e-08	5.702888e+01	8.279239e+02
1.650000e-06	8.122022e-06	1.393476e-08	5.704150e+01	8.278709e+02
1.660000e-06	8.120996e-06	1.393617e-08	5.703429e+01	8.277503e+02
1.670000e-06	8.117336e-06	1.393447e-08	5.700859e+01	8.275955e+02
1.680000e-06	8.110924e-06	1.393086e-08	5.696356e+01	8.274208e+02
1.690000e-06	8.101837e-06	1.392960e-08	5.689974e+01	8.272151e+02
1.700000e-06	8.089992e-06	1.392620e-08	5.681655e+01	8.269457e+02
1.710000e-06	8.075279e-06	1.391465e-08	5.671322e+01	8.265700e+02
1.720000e-06	8.058091e-06	1.389156e-08	5.659251e+01	8.260519e+02
1.730000e-06	8.038556e-06	1.389007e-08	5.645531e+01	8.253757e+02
1.740000e-06	8.016233e-06	1.391989e-08	5.629853e+01	8.245515e+02
1.750000e-06	7.990389e-06	1.390441e-08	5.611703e+01	8.236122e+02
1.760000e-06	7.960800e-06	1.385601e-08	5.590923e+01	8.226000e+02
1.770000e-06	7.928083e-06	1.382392e-08	5.567945e+01	8.215507e+02
1.780000e-06	7.892896e-06	1.379682e-08	5.543233e+01	8.204792e+02
1.790000e-06	7.855318e-06	1.376520e-08	5.516842e+01	8.193742e+02
1.800000e-06	7.815608e-06	1.379681e-08	5.488953e+01	8.182023e+02
1.810000e-06	7.773794e-06	1.374224e-08	5.459587e+01	8.169216e+02
1.820000e-06	7.729297e-06	1.370343e-08	5.428336e+01	8.154979e+02
1.830000e-06	7.682059e-06	1.373693e-08	5.395161e+01	8.139186e+02
1.840000e-06	7.631859e-06	1.365435e-08	5.359905e+01	8.121986e+02
1.850000e-06	7.578522e-06	1.365218e-08	5.322446e+01	8.103743e+02
1.860000e-06	7.522364e-06	1.359194e-08	5.283006e+01	8.084907e+02
1.870000e-06	7.463486e-06	1.355697e-08	5.241656e+01	8.065839e+02
1.880000e-06	7.402035e-06	1.357219e-08	5.198499e+01	8.046674e+02
1.890000e-06	7.337893e-06	1.349947e-08	5.153451e+01	8.027266e+02
1.900000e-06	7.270999e-06	1.349901e-08	5.106471e+01	8.007237e+02
1.910000e-06	7.201347e-06	1.344644e-08	5.057553e+01	7.986121e+02
1.920000e-06	7.128854e-06	1.341355e-08	5.006642e+01	7.963527e+02
1.930000e-06	7.053704e-06	1.336905e-08	4.953863e+01	7.939280e+02
1.940000e-06	6.975807e-06	1.329996e-08	4.899156e+01	7.913475e+02
1.950000e-06	6.895322e-06	1.328505e-08	4.842630e+01	7.886430e+02
1.960000e-06	6.812422e-06	1.321745e-08	4.784409e+01	7.858552e+02
1.970000e-06	6.727038e-06	1.320032e-08	4.724443e+01	7.830172e+02
1.980000e-06	6.639226e-06	1.313909e-08	4.662772e+01	7.801420e+02
1.990000e-06	6.549002e-06	1.308045e-08	4.599408e+01	7.772166e+02
2.000000e-06	6.456519e-06	1.304111e-08	4.534456e+01	7.742071e+02
2.010000e-06	6.361730e-06	1.297510e-08	4.467885e+01	7.710711e+02
2.020000e-06	6.264716e-06	1.292921e-08	4.399752e+01	7.677729e+02
2.030000e-06	6.165483e-06	1.285529e-08	4.330060e+01	7.642961e+02
2.040000e-06	6.063959e-06	1.281076e-08	4.258759e+01	7.606477e+02
2.050000e-06	5.960253e-06	1.273860e-08	4.185925e+01	7.568539e+02
2.060000e-06	5.854442e-06	1.267018e-08	4.111614e+01	7.529480e+02
2.070000e-06	5.746578e-06	1.259791e-08	4.035860e+01	7.489567e+02
2.080000e-06	5.636626e-06	1.253308e-08	3.958640e+01	7.448890e+02
2.090000e-06	5.524653e-06	1.247643e-08	3.880000e+01	7.407324e+02
2.100000e-06	5.410522e-06	1.239829e-08	3.799846e+01	7.364578e+02
2.110000e-06	5.294263e-06	1.232450e-08	3.718196e+01	7.320304e+02
2.120000e-06	5.175958e-06	1.223955e-08	3.635110e+01	7.274232e+02
2.130000e-06	5.055716e-06	1.216187e-08	3.550663e+01	7.226259e+02
2.140000e-06	4.933700e-06	1.206468e-08	3.464970e+01	7.176483e+02
2.150000e-06	4.809840e-06	1.198003e-08	3.377983e+01	7.125146e+02
2.160000e-06	4.684222e-06	1.189821e-08	3.289760e+01	7.072527e+02
2.170000e-06	4.556939e-06	1.181750e-08	3.200369e+01	7.018824e+02
2.180000e-06	4.428042e-06	1.172559e-08	3.109843e+01	6.964065e+02
2.190000e-06	4.297542e-06	1.162683e-08	3.018192e+01	6.908088e+02
2.200000e-06	4.165451e-06	1.152998e-08	2.925424e+01	6.850599e+02
2.210000e-06	4.031941e-06	1.142449e-08	2.831659e+01	6.791266e+02
2.220000e-06	3.897097e-06	1.132284e-08	2.736957e+01	6.729837e+02
2.230000e-06	3.760746e-06	1.121190e-08	2.641197e+01	6.666208e+02
2.240000e-06	3.622930e-06	1.111103e-08	2.544408e+01	6.600434e+02
2.250000e-06	3.483854e-06	1.100009e-08	2.446734e+01	6.532676e+02
2.260000e-06	3.343513e-06	1.088571e-08	2.348171e+01	6.463096e+02
2.270000e-06	3.201913e-06	1.075938e-08	2.248725e+01	6.391767e+02
2.280000e-06	3.059052e-06	1.063132e-08	2.148392e+01	6.318603e+02
2.290000e-06	2.915003e-06	1.050496e-08	2.047226e+01	6.243369e+02
2.300000e-06	2.769905e-06	1.037362e-08	1.945323e+01	6.165747e+02
2.310000e-06	2.623834e-06	1.023886e-08	1.842736e+01	6.085430e+02
2.320000e-06	2.476867e-06	1.009946e-08	1.739520e+01	6.002227e+02
2.330000e-06	2.329084e-06	9.960686e-09	1.635731e+01	5.916108e+02
2.340000e-06	2.180457e-06	9.806836e-09	1.531350e+01	5.827196e+02
2.350000e-06	2.031028e-06	9.647678e-09	1.426405e+01	5.735689e+02
2.360000e-06	1.880980e-06	9.484046e-09	1.321025e+01	5.641747e+02
2.370000e-06	1.730344e-06	9.323691e-09	1.215232e+01	5.545392e+02
2.380000e-06	1.579058e-06	9.158382e-09	1.108983e+01	5.446447e+02
2.390000e-06	1.427185e-06	8.987142e-09	1.002321e+01	5.344546e+02
2.400000e-06	1.274807e-06	8.810562e-09	8.953055e+00	5.239208e+02
2.410000e-06	1.121906e-06	8.625132e-09	7.879220e+00	5.129947e+02
2.420000e-06	9.685507e-07	8.430832e-09	6.802196e+00	5.016367e+02
2.430000e-06	8.148662e-07	8.227505e-09	5.722859e+00	4.898218e+02
2.440000e-06	6.608833e-07	8.021330e-09	4.641427e+00	4.775373e+02
2.450000e-06	5.066105e-07	7.811716e-09	3.557959e+00	4.647742e+02
2.460000e-06	3.521193e-07	7.591980e-09	2.472957e+00	4.515150e+02
2.470000e-06	1.974899e-07	7.358430e-09	1.386984e+00	4.377220e+02
2.480000e-06	4.279947e-08	7.112850e-09	3.005835e-01	4.233318e+02
2.490000e-06	-1.118917e-07	6.856936e-09	-7.858228e-01	4.082581e+02
2.500000e-06	-2.665145e-07	6.589542e-09	-1.871749e+00	3.924021e+02
2.510000e-06	-4.210205e-07	6.306117e-09	-2.956855e+00	3.756691e+02
2.520000e-06	-5.752841e-07	6.011810e-09	-4.040258e+00	3.579835e+02
2.530000e-06	-7.292819e-07	5.703583e-09	-5.121795e+00	3.392987e+02
2.540000e-06	-8.830750e-07	5.375240e-09	-6.201894e+00	3.195958e+02
2.550000e-06	-1.036506e-06	5.023445e-09	-7.279450e+00	2.988722e+02
2.560000e-06	-1.189459e-06	4.653696e-09	-8.353648e+00	2.771205e+02
2.570000e-06	-1.341892e-06	4.269723e-09	-9.424196e+00	2.543058e+02
2.580000e-06	-1.493774e-06	3.868476e-09	-1.049088e+01	2.303472e+02
2.590000e-06	-1.645108e-06	3.446119e-09	-1.155371e+01	2.051117e+02
2.600000e-06	-1.795884e-06	3.000033e-09	-1.261261e+01	1.784239e+02
2.610000e-06	-1.946028e-06	2.529421e-09	-1.366708e+01	1.500911e+02
2.620000e-06	-2.095456e-06	2.026921e-09	-1.471653e+01	1.199407e+02
2.630000e-06	-2.244108e-06	1.486429e-09	-1.576052e+01	8.786072e+01
2.640000e-06	-2.391959e-06	9.117363e-10	-1.679889e+01	5.383560e+01
2.650000e-06	-2.539067e-06	3.101959e-10	-1.783203e+01	1.796859e+01
2.660000e-06	-2.685312e-06	-3.151927e-10	-1.885913e+01	-1.951379e+01
2.670000e-06	-2.830539e-06	-9.635750e-10	-1.987906e+01	-5.827575e+01
2.680000e-06	-2.974675e-06	-1.628759e-09	-2.089134e+01	-9.790130e+01
2.690000e-06	-3.117668e-06	-2.300135e-09	-2.189559e+01	-1.379315e+02
2.700000e-06	-3.259449e-06	-2.969873e-09	-2.289133e+01	-1.779026e+02
2.710000e-06	-3.399929e-06	-3.632626e-09	-2.387793e+01	-2.173782e+02
2.720000e-06	-3.539195e-06	-4.283095e-09	-2.485600e+01	-2.559712e+02
2.730000e-06	-3.677237e-06	-4.912393e-09	-2.582548e+01	-2.933563e+02
2.740000e-06	-3.813871e-06	-5.516000e-09	-2.678507e+01	-3.292724e+02
2.750000e-06	-3.949047e-06	-6.092998e-09	-2.773442e+01	-3.635213e+02
2.760000e-06	-4.082784e-06	-6.641341e-09	-2.867367e+01	-3.959640e+02
2.770000e-06	-4.215099e-06	-7.156429e-09	-2.960292e+01	-4.265178e+02
2.780000e-06	-4.346005e-06	-7.636694e-09	-3.052228e+01	-4.551538e+02
2.790000e-06	-4.475366e-06	-8.086144e-09	-3.143079e+01	-4.818941e+02
2.800000e-06	-4.603092e-06	-8.506894e-09	-3.232782e+01	-5.068060e+02
2.810000e-06	-4.729197e-06	-8.898366e-09	-3.321346e+01	-5.299911e+02
2.820000e-06	-4.853678e-06	-9.262480e-09	-3.408770e+01	-5.515719e+02
2.830000e-06	-4.976461e-06	-9.605228e-09	-3.495001e+01	-5.716745e+02
2.840000e-06	-5.097337e-06	-9.925865e-09	-3.579894e+01	-5.904151e+02
2.850000e-06	-5.216233e-06	-1.022166e-08	-3.663395e+01	-6.078892e+02
2.860000e-06	-5.333174e-06	-1.049327e-08	-3.745524e+01	-6.241701e+02
2.870000e-06	-5.448038e-06	-1.074633e-08	-3.826193e+01	-6.393136e+02
2.880000e-06	-5.560662e-06	-1.098361e-08	-3.905290e+01	-6.533686e+02
2.890000e-06	-5.671163e-06	-1.120252e-08	-3.982895e+01	-6.663882e+02
2.900000e-06	-5.779680e-06	-1.140342e-08	-4.059108e+01	-6.784378e+02
2.910000e-06	-5.886218e-06	-1.158972e-08	-4.133930e+01	-6.895964e+02
2.920000e-06	-5.990706e-06	-1.176728e-08	-4.207313e+01	-6.999516e+02
2.930000e-06	-6.092962e-06	-1.193512e-08	-4.279128e+01	-7.095890e+02
2.940000e-06	-6.192961e-06	-1.208681e-08	-4.349358e+01	-7.185817e+02
2.950000e-06	-6.290815e-06	-1.222608e-08	-4.418081e+01	-7.269823e+02
2.960000e-06	-6.386540e-06	-1.235955e-08	-4.485310e+01	-7.348224e+02
2.970000e-06	-6.480030e-06	-1.248550e-08	-4.550968e+01	-7.421185e+02
2.980000e-06	-6.571193e-06	-1.259993e-08	-4.614993e+01	-7.488833e+02
2.990000e-06	-6.660041e-06	-1.270387e-08	-4.677391e+01	-7.551368e+02
3.000000e-06	-6.746518e-06	-1.280244e-08	-4.738124e+01	-7.609143e+02
3.010000e-06	-6.830561e-06	-1.289630e-08	-4.797148e+01	-7.662669e+02
3.020000e-06	-6.912233e-06	-1.298190e-08	-4.854507e+01	-7.712545e+02
3.030000e-06	-6.991444e-06	-1.305734e-08	-4.910138e+01	-7.759345e+02
3.040000e-06	-7.067970e-06	-1.312914e-08	-4.963882e+01	-7.803501e+02
3.050000e-06	-7.141802e-06	-1.320147e-08	-5.015735e+01	-7.845226e+02
3.060000e-06	-7.213009e-06	-1.327014e-08	-5.065744e+01	-7.884515e+02
3.070000e-06	-7.281601e-06	-1.333046e-08	-5.113917e+01	-7.921226e+02
3.080000e-06	-7.347656e-06	-1.338660e-08	-5.160307e+01	-7.955198e+02
3.090000e-06	-7.411139e-06	-1.343982e-08	-5.204892e+01	-7.986379e+02
3.100000e-06	-7.471946e-06	-1.348701e-08	-5.247597e+01	-8.014904e+02
3.110000e-06	-7.530074e-06	-1.352929e-08	-5.288421e+01	-8.041090e+02
3.120000e-06	-7.585466e-06	-1.357032e-08	-5.327323e+01	-8.065361e+02
3.130000e-06	-7.637963e-06	-1.361234e-08	-5.364192e+01	-8.088115e+02
3.140000e-06	-7.687394e-06	-1.365066e-08	-5.398908e+01	-8.109611e+02
3.150000e-06	-7.733837e-06	-1.368379e-08	-5.431525e+01	-8.129889e+02
3.160000e-06	-7.777686e-06	-1.371362e-08	-5.462320e+01	-8.148788e+02
3.170000e-06	-7.819046e-06	-1.374238e-08	-5.491368e+01	-8.166036e+02
3.180000e-06	-7.857671e-06	-1.376836e-08	-5.518495e+01	-8.181379e+02
3.190000e-06	-7.893523e-06	-1.379071e-08	-5.543674e+01	-8.194714e+02
3.200000e-06	-7.926696e-06	-1.381123e-08	-5.566971e+01	-8.206150e+02
3.210000e-06	-7.956998e-06	-1.383113e-08	-5.588253e+01	-8.215991e+02
3.220000e-06	-7.984347e-06	-1.384948e-08	-5.607460e+01	-8.224642e+02
3.230000e-06	-8.008962e-06	-1.386245e-08	-5.624747e+01	-8.232468e+02
3.240000e-06	-8.030727e-06	-1.387131e-08	-5.640033e+01	-8.239675e+02
3.250000e-06	-8.049602e-06	-1.388119e-08	-5.653289e+01	-8.246241e+02
3.260000e-06	-8.065700e-06	-1.389136e-08	-5.664595e+01	-8.251953e+02
3.270000e-06	-8.078724e-06	-1.390084e-08	-5.673742e+01	-8.256507e+02
3.280000e-06	-8.088671e-06	-1.390751e-08	-5.680727e+01	-8.259653e+02
3.290000e-06	-8.095686e-06	-1.391044e-08	-5.685654e+01	-8.261316e+02
3.300000e-06	-8.099808e-06	-1.391210e-08	-5.688549e+01	-8.261642e+02
3.310000e-06	-8.101186e-06	-1.391317e-08	-5.689517e+01	-8.260966e+02
