# Temperatura_=_56.63
# Concentracion g/m^3_=_11780.0
# C_Vs_to_Am_M_A/Vsm_=_59384043850.047264
# pendiente_HvsI_1/m_=_3716.3
# ordenada_HvsI_A/m_=_1297.0
# frecuencia_Hz_=_301552.8604797111

Tiempo_(s)	Campo_(V.s)	Magnetizacion_(V.s)	Campo_(kA/m)	Magnetizacion_(A/m)
0.000000e+00	-8.077416e-06	-1.391366e-08	-5.688980e+01	-8.263974e+02
1.000000e-08	-8.074710e-06	-1.390894e-08	-5.687074e+01	-8.262832e+02
2.000000e-08	-8.069332e-06	-1.390462e-08	-5.683286e+01	-8.261299e+02
3.000000e-08	-8.061368e-06	-1.390149e-08	-5.677677e+01	-8.259330e+02
4.000000e-08	-8.050611e-06	-1.389818e-08	-5.670101e+01	-8.256702e+02
5.000000e-08	-8.036976e-06	-1.389446e-08	-5.660498e+01	-8.253086e+02
6.000000e-08	-8.020477e-06	-1.389136e-08	-5.648877e+01	-8.248165e+02
7.000000e-08	-8.001362e-06	-1.389352e-08	-5.635415e+01	-8.241748e+02
8.000000e-08	-7.979833e-06	-1.387966e-08	-5.620252e+01	-8.233849e+02
9.000000e-08	-7.955408e-06	-1.380207e-08	-5.603049e+01	-8.224681e+02
1.000000e-07	-7.927625e-06	-1.376363e-08	-5.583481e+01	-8.214589e+02
1.100000e-07	-7.896707e-06	-1.379909e-08	-5.561706e+01	-8.203921e+02
1.200000e-07	-7.862997e-06	-1.381571e-08	-5.537964e+01	-8.192911e+02
1.300000e-07	-7.826664e-06	-1.378628e-08	-5.512374e+01	-8.181597e+02
1.400000e-07	-7.788080e-06	-1.376570e-08	-5.485199e+01	-8.169815e+02
1.500000e-07	-7.747270e-06	-1.378090e-08	-5.456456e+01	-8.157273e+02
1.600000e-07	-7.703755e-06	-1.370851e-08	-5.425808e+01	-8.143666e+02
1.700000e-07	-7.657448e-06	-1.369451e-08	-5.393193e+01	-8.128790e+02
1.800000e-07	-7.608407e-06	-1.365145e-08	-5.358654e+01	-8.112621e+02
1.900000e-07	-7.556284e-06	-1.357507e-08	-5.321943e+01	-8.095315e+02
2.000000e-07	-7.501207e-06	-1.362194e-08	-5.283152e+01	-8.077139e+02
2.100000e-07	-7.443433e-06	-1.359067e-08	-5.242461e+01	-8.058365e+02
2.200000e-07	-7.383000e-06	-1.356014e-08	-5.199898e+01	-8.039159e+02
2.300000e-07	-7.320001e-06	-1.351416e-08	-5.155527e+01	-8.019516e+02
2.400000e-07	-7.254262e-06	-1.347421e-08	-5.109227e+01	-7.999264e+02
2.500000e-07	-7.185830e-06	-1.346715e-08	-5.061030e+01	-7.978126e+02
2.600000e-07	-7.114770e-06	-1.338161e-08	-5.010982e+01	-7.955829e+02
2.700000e-07	-7.040984e-06	-1.333532e-08	-4.959014e+01	-7.932195e+02
2.800000e-07	-6.964453e-06	-1.332515e-08	-4.905112e+01	-7.907203e+02
2.900000e-07	-6.885151e-06	-1.331259e-08	-4.849259e+01	-7.880976e+02
3.000000e-07	-6.803271e-06	-1.324430e-08	-4.791591e+01	-7.853722e+02
3.100000e-07	-6.719084e-06	-1.316961e-08	-4.732297e+01	-7.825637e+02
3.200000e-07	-6.632623e-06	-1.314993e-08	-4.671402e+01	-7.796823e+02
3.300000e-07	-6.543805e-06	-1.309158e-08	-4.608847e+01	-7.767246e+02
3.400000e-07	-6.452662e-06	-1.303646e-08	-4.544655e+01	-7.736750e+02
3.500000e-07	-6.359304e-06	-1.297366e-08	-4.478902e+01	-7.705117e+02
3.600000e-07	-6.263629e-06	-1.292319e-08	-4.411517e+01	-7.672152e+02
3.700000e-07	-6.165547e-06	-1.288338e-08	-4.342438e+01	-7.637753e+02
3.800000e-07	-6.065203e-06	-1.281832e-08	-4.271765e+01	-7.601936e+02
3.900000e-07	-5.962771e-06	-1.274632e-08	-4.199621e+01	-7.564817e+02
4.000000e-07	-5.858160e-06	-1.267720e-08	-4.125943e+01	-7.526544e+02
4.100000e-07	-5.751305e-06	-1.263714e-08	-4.050684e+01	-7.487227e+02
4.200000e-07	-5.642464e-06	-1.256852e-08	-3.974026e+01	-7.446884e+02
4.300000e-07	-5.531726e-06	-1.248344e-08	-3.896033e+01	-7.405422e+02
4.400000e-07	-5.418884e-06	-1.240171e-08	-3.816558e+01	-7.362676e+02
4.500000e-07	-5.303812e-06	-1.233648e-08	-3.735511e+01	-7.318469e+02
4.600000e-07	-5.186649e-06	-1.226677e-08	-3.652993e+01	-7.272681e+02
4.700000e-07	-5.067601e-06	-1.217814e-08	-3.569146e+01	-7.225293e+02
4.800000e-07	-4.946739e-06	-1.209717e-08	-3.484022e+01	-7.176385e+02
4.900000e-07	-4.824040e-06	-1.202557e-08	-3.397605e+01	-7.126099e+02
5.000000e-07	-4.699526e-06	-1.195058e-08	-3.309909e+01	-7.074570e+02
5.100000e-07	-4.573412e-06	-1.184760e-08	-3.221086e+01	-7.021863e+02
5.200000e-07	-4.445755e-06	-1.174482e-08	-3.131176e+01	-6.967934e+02
5.300000e-07	-4.316438e-06	-1.165440e-08	-3.040097e+01	-6.912631e+02
5.400000e-07	-4.185492e-06	-1.156726e-08	-2.947871e+01	-6.855741e+02
5.500000e-07	-4.052981e-06	-1.146363e-08	-2.854542e+01	-6.797048e+02
5.600000e-07	-3.919063e-06	-1.135712e-08	-2.760223e+01	-6.736392e+02
5.700000e-07	-3.783794e-06	-1.126122e-08	-2.664952e+01	-6.673697e+02
5.800000e-07	-3.647130e-06	-1.116125e-08	-2.568699e+01	-6.608968e+02
5.900000e-07	-3.509117e-06	-1.104213e-08	-2.471495e+01	-6.542254e+02
6.000000e-07	-3.369747e-06	-1.091352e-08	-2.373336e+01	-6.473589e+02
6.100000e-07	-3.228956e-06	-1.079873e-08	-2.274176e+01	-6.402954e+02
6.200000e-07	-3.086750e-06	-1.068567e-08	-2.174019e+01	-6.330263e+02
6.300000e-07	-2.943374e-06	-1.055928e-08	-2.073039e+01	-6.255369e+02
6.400000e-07	-2.798975e-06	-1.042344e-08	-1.971337e+01	-6.178116e+02
6.500000e-07	-2.653527e-06	-1.029052e-08	-1.868898e+01	-6.098377e+02
6.600000e-07	-2.507130e-06	-1.015678e-08	-1.765789e+01	-6.016089e+02
6.700000e-07	-2.359878e-06	-1.001225e-08	-1.662078e+01	-5.931252e+02
6.800000e-07	-2.211842e-06	-9.858068e-09	-1.557815e+01	-5.843907e+02
6.900000e-07	-2.063103e-06	-9.704955e-09	-1.453057e+01	-5.754079e+02
7.000000e-07	-1.913655e-06	-9.555447e-09	-1.347800e+01	-5.661731e+02
7.100000e-07	-1.763564e-06	-9.399721e-09	-1.242090e+01	-5.566731e+02
7.200000e-07	-1.612889e-06	-9.231457e-09	-1.135969e+01	-5.468853e+02
7.300000e-07	-1.461636e-06	-9.059667e-09	-1.029441e+01	-5.367801e+02
7.400000e-07	-1.309847e-06	-8.886986e-09	-9.225342e+00	-5.263261e+02
7.500000e-07	-1.157514e-06	-8.707042e-09	-8.152454e+00	-5.154948e+02
7.600000e-07	-1.004760e-06	-8.516981e-09	-7.076592e+00	-5.042624e+02
7.700000e-07	-8.516475e-07	-8.319305e-09	-5.998212e+00	-4.926095e+02
7.800000e-07	-6.981862e-07	-8.117063e-09	-4.917374e+00	-4.805168e+02
7.900000e-07	-5.445275e-07	-7.906014e-09	-3.835145e+00	-4.679591e+02
8.000000e-07	-3.907563e-07	-7.682985e-09	-2.752124e+00	-4.548993e+02
8.100000e-07	-2.367902e-07	-7.449511e-09	-1.667730e+00	-4.412852e+02
8.200000e-07	-8.268233e-08	-7.210583e-09	-5.823374e-01	-4.270494e+02
8.300000e-07	7.143736e-08	-6.963170e-09	5.031383e-01	-4.121146e+02
8.400000e-07	2.255286e-07	-6.700489e-09	1.588414e+00	-3.964009e+02
8.500000e-07	3.795162e-07	-6.421768e-09	2.672959e+00	-3.798348e+02
8.600000e-07	5.333758e-07	-6.128116e-09	3.756603e+00	-3.623568e+02
8.700000e-07	6.870392e-07	-5.816086e-09	4.838865e+00	-3.439248e+02
8.800000e-07	8.403927e-07	-5.483824e-09	5.918944e+00	-3.245113e+02
8.900000e-07	9.933839e-07	-5.132559e-09	6.996472e+00	-3.040959e+02
9.000000e-07	1.146004e-06	-4.770555e-09	8.071388e+00	-2.826521e+02
9.100000e-07	1.298203e-06	-4.396304e-09	9.143336e+00	-2.601334e+02
9.200000e-07	1.449897e-06	-4.002706e-09	1.021172e+01	-2.364610e+02
9.300000e-07	1.601021e-06	-3.584521e-09	1.127610e+01	-2.115177e+02
9.400000e-07	1.751583e-06	-3.137442e-09	1.233652e+01	-1.851520e+02
9.500000e-07	1.901571e-06	-2.661108e-09	1.339289e+01	-1.571927e+02
9.600000e-07	2.050986e-06	-2.151918e-09	1.444524e+01	-1.274741e+02
9.700000e-07	2.199736e-06	-1.612256e-09	1.549289e+01	-9.586909e+01
9.800000e-07	2.347698e-06	-1.044442e-09	1.653500e+01	-6.232248e+01
9.900000e-07	2.494861e-06	-4.502725e-10	1.757148e+01	-2.688053e+01
1.000000e-06	2.641101e-06	1.716744e-10	1.860146e+01	1.029177e+01
1.010000e-06	2.786331e-06	8.211334e-10	1.962432e+01	4.890915e+01
1.020000e-06	2.930589e-06	1.494269e-09	2.064034e+01	8.858203e+01
1.030000e-06	3.073778e-06	2.180326e-09	2.164883e+01	1.288474e+02
1.040000e-06	3.215802e-06	2.864501e-09	2.264912e+01	1.692094e+02
1.050000e-06	3.356641e-06	3.540031e-09	2.364105e+01	2.091814e+02
1.060000e-06	3.496154e-06	4.201992e-09	2.462366e+01	2.483237e+02
1.070000e-06	3.634227e-06	4.843333e-09	2.559612e+01	2.862686e+02
1.080000e-06	3.770882e-06	5.455050e-09	2.655858e+01	3.227327e+02
1.090000e-06	3.906202e-06	6.036584e-09	2.751165e+01	3.575165e+02
1.100000e-06	4.040182e-06	6.591756e-09	2.845528e+01	3.904937e+02
1.110000e-06	4.172725e-06	7.117627e-09	2.938879e+01	4.215981e+02
1.120000e-06	4.303706e-06	7.609069e-09	3.031130e+01	4.508092e+02
1.130000e-06	4.433094e-06	8.067235e-09	3.122259e+01	4.781426e+02
1.140000e-06	4.560955e-06	8.497194e-09	3.212313e+01	5.036432e+02
1.150000e-06	4.687282e-06	8.899996e-09	3.301285e+01	5.273816e+02
1.160000e-06	4.812001e-06	9.272652e-09	3.389125e+01	5.494502e+02
1.170000e-06	4.934990e-06	9.615214e-09	3.475748e+01	5.699573e+02
1.180000e-06	5.056174e-06	9.933524e-09	3.561098e+01	5.890188e+02
1.190000e-06	5.175579e-06	1.023085e-08	3.645196e+01	6.067486e+02
1.200000e-06	5.293061e-06	1.050813e-08	3.727940e+01	6.232498e+02
1.210000e-06	5.408394e-06	1.076391e-08	3.809170e+01	6.386093e+02
1.220000e-06	5.521579e-06	1.100385e-08	3.888886e+01	6.528979e+02
1.230000e-06	5.632769e-06	1.123097e-08	3.967198e+01	6.661743e+02
1.240000e-06	5.742071e-06	1.144170e-08	4.044181e+01	6.784929e+02
1.250000e-06	5.849370e-06	1.163453e-08	4.119752e+01	6.899104e+02
1.260000e-06	5.954498e-06	1.181186e-08	4.193795e+01	7.004901e+02
1.270000e-06	6.057445e-06	1.197733e-08	4.266301e+01	7.103008e+02
1.280000e-06	6.158267e-06	1.212846e-08	4.337310e+01	7.194124e+02
1.290000e-06	6.256797e-06	1.226609e-08	4.406705e+01	7.278888e+02
1.300000e-06	6.352938e-06	1.239701e-08	4.474418e+01	7.357821e+02
1.310000e-06	6.446902e-06	1.252563e-08	4.540598e+01	7.431304e+02
1.320000e-06	6.538684e-06	1.264466e-08	4.605241e+01	7.499610e+02
1.330000e-06	6.628108e-06	1.274911e-08	4.668222e+01	7.562959e+02
1.340000e-06	6.715180e-06	1.284257e-08	4.729548e+01	7.621605e+02
1.350000e-06	6.800030e-06	1.293128e-08	4.789308e+01	7.675885e+02
1.360000e-06	6.882526e-06	1.301694e-08	4.847410e+01	7.726235e+02
1.370000e-06	6.962451e-06	1.309664e-08	4.903702e+01	7.773148e+02
1.380000e-06	7.039836e-06	1.317216e-08	4.958205e+01	7.817099e+02
1.390000e-06	7.114626e-06	1.324615e-08	5.010880e+01	7.858465e+02
1.400000e-06	7.186785e-06	1.331456e-08	5.061703e+01	7.897464e+02
1.410000e-06	7.256452e-06	1.337437e-08	5.110769e+01	7.934157e+02
1.420000e-06	7.323518e-06	1.342721e-08	5.158005e+01	7.968491e+02
1.430000e-06	7.387882e-06	1.347739e-08	5.203337e+01	8.000388e+02
1.440000e-06	7.449741e-06	1.352948e-08	5.246904e+01	8.029828e+02
1.450000e-06	7.509083e-06	1.358004e-08	5.288699e+01	8.056906e+02
1.460000e-06	7.565690e-06	1.362405e-08	5.328568e+01	8.081834e+02
1.470000e-06	7.619423e-06	1.366198e-08	5.366412e+01	8.104888e+02
1.480000e-06	7.670044e-06	1.369716e-08	5.402065e+01	8.126332e+02
1.490000e-06	7.717631e-06	1.373063e-08	5.435581e+01	8.146339e+02
1.500000e-06	7.762505e-06	1.376016e-08	5.467186e+01	8.164953e+02
1.510000e-06	7.804564e-06	1.378642e-08	5.496809e+01	8.182099e+02
1.520000e-06	7.843812e-06	1.381278e-08	5.524451e+01	8.197650e+02
1.530000e-06	7.880439e-06	1.383873e-08	5.550248e+01	8.211508e+02
1.540000e-06	7.914289e-06	1.386063e-08	5.574088e+01	8.223674e+02
1.550000e-06	7.945288e-06	1.387702e-08	5.595921e+01	8.234279e+02
1.560000e-06	7.973607e-06	1.389132e-08	5.615867e+01	8.243552e+02
1.570000e-06	7.999068e-06	1.390586e-08	5.633799e+01	8.251749e+02
1.580000e-06	8.021667e-06	1.391609e-08	5.649715e+01	8.259066e+02
1.590000e-06	8.041602e-06	1.392233e-08	5.663756e+01	8.265579e+02
1.600000e-06	8.058644e-06	1.393112e-08	5.675759e+01	8.271223e+02
1.610000e-06	8.072678e-06	1.394209e-08	5.685643e+01	8.275846e+02
1.620000e-06	8.083657e-06	1.394889e-08	5.693376e+01	8.279289e+02
1.630000e-06	8.091564e-06	1.394967e-08	5.698945e+01	8.281476e+02
1.640000e-06	8.096659e-06	1.394910e-08	5.702533e+01	8.282469e+02
1.650000e-06	8.098955e-06	1.394948e-08	5.704150e+01	8.282468e+02
1.660000e-06	8.098406e-06	1.394948e-08	5.703764e+01	8.281739e+02
1.670000e-06	8.095188e-06	1.394959e-08	5.701497e+01	8.280520e+02
1.680000e-06	8.089268e-06	1.394491e-08	5.697328e+01	8.278917e+02
1.690000e-06	8.080622e-06	1.394103e-08	5.691238e+01	8.276849e+02
1.700000e-06	8.069269e-06	1.393565e-08	5.683242e+01	8.274068e+02
1.710000e-06	8.055109e-06	1.392259e-08	5.673269e+01	8.270239e+02
1.720000e-06	8.038322e-06	1.389952e-08	5.661446e+01	8.265057e+02
1.730000e-06	8.019263e-06	1.387353e-08	5.648023e+01	8.258367e+02
1.740000e-06	7.997583e-06	1.392993e-08	5.632753e+01	8.250219e+02
1.750000e-06	7.972471e-06	1.395982e-08	5.615067e+01	8.240857e+02
1.760000e-06	7.943557e-06	1.388952e-08	5.594702e+01	8.230637e+02
1.770000e-06	7.911330e-06	1.383334e-08	5.572005e+01	8.219894e+02
1.780000e-06	7.876622e-06	1.381673e-08	5.547560e+01	8.208832e+02
1.790000e-06	7.839546e-06	1.376315e-08	5.521447e+01	8.197449e+02
1.800000e-06	7.800270e-06	1.375279e-08	5.493784e+01	8.185553e+02
1.810000e-06	7.758956e-06	1.380111e-08	5.464687e+01	8.172841e+02
1.820000e-06	7.715036e-06	1.368935e-08	5.433754e+01	8.159015e+02
1.830000e-06	7.668400e-06	1.373297e-08	5.400908e+01	8.143903e+02
1.840000e-06	7.618916e-06	1.373253e-08	5.366055e+01	8.127514e+02
1.850000e-06	7.566205e-06	1.363792e-08	5.328930e+01	8.110029e+02
1.860000e-06	7.510558e-06	1.364258e-08	5.289738e+01	8.091727e+02
1.870000e-06	7.452242e-06	1.352118e-08	5.248666e+01	8.072866e+02
1.880000e-06	7.391415e-06	1.356805e-08	5.205825e+01	8.053586e+02
1.890000e-06	7.327936e-06	1.353773e-08	5.161116e+01	8.033850e+02
1.900000e-06	7.261730e-06	1.347473e-08	5.114487e+01	8.013459e+02
1.910000e-06	7.192798e-06	1.349708e-08	5.065937e+01	7.992131e+02
1.920000e-06	7.120963e-06	1.341184e-08	5.015344e+01	7.969602e+02
1.930000e-06	7.046457e-06	1.339153e-08	4.962868e+01	7.945722e+02
1.940000e-06	6.969226e-06	1.329948e-08	4.908475e+01	7.920495e+02
1.950000e-06	6.889340e-06	1.327299e-08	4.852210e+01	7.894067e+02
1.960000e-06	6.807061e-06	1.324573e-08	4.794260e+01	7.866650e+02
1.970000e-06	6.722334e-06	1.318769e-08	4.734586e+01	7.838429e+02
1.980000e-06	6.635177e-06	1.318070e-08	4.673201e+01	7.809483e+02
1.990000e-06	6.545604e-06	1.308092e-08	4.610115e+01	7.779755e+02
2.000000e-06	6.453761e-06	1.305211e-08	4.545429e+01	7.749071e+02
2.010000e-06	6.359653e-06	1.298314e-08	4.479148e+01	7.717210e+02
2.020000e-06	6.263296e-06	1.293252e-08	4.411283e+01	7.683992e+02
2.030000e-06	6.164776e-06	1.287315e-08	4.341894e+01	7.649333e+02
2.040000e-06	6.064010e-06	1.280840e-08	4.270924e+01	7.613272e+02
2.050000e-06	5.961016e-06	1.276333e-08	4.198385e+01	7.575935e+02
2.060000e-06	5.855881e-06	1.267467e-08	4.124338e+01	7.537468e+02
2.070000e-06	5.748728e-06	1.261541e-08	4.048869e+01	7.497968e+02
2.080000e-06	5.639526e-06	1.253581e-08	3.971957e+01	7.457432e+02
2.090000e-06	5.528230e-06	1.248758e-08	3.893570e+01	7.415753e+02
2.100000e-06	5.414781e-06	1.241011e-08	3.813668e+01	7.372757e+02
2.110000e-06	5.299223e-06	1.233614e-08	3.732280e+01	7.328272e+02
2.120000e-06	5.181628e-06	1.225094e-08	3.649457e+01	7.282195e+02
2.130000e-06	5.062010e-06	1.216769e-08	3.565209e+01	7.234526e+02
2.140000e-06	4.940570e-06	1.207694e-08	3.479678e+01	7.185359e+02
2.150000e-06	4.817376e-06	1.198761e-08	3.392912e+01	7.134840e+02
2.160000e-06	4.692424e-06	1.191124e-08	3.304906e+01	7.083098e+02
2.170000e-06	4.565747e-06	1.182819e-08	3.215687e+01	7.030177e+02
2.180000e-06	4.437444e-06	1.174416e-08	3.125323e+01	6.976014e+02
2.190000e-06	4.307657e-06	1.164105e-08	3.033913e+01	6.920443e+02
2.200000e-06	4.176417e-06	1.154461e-08	2.941480e+01	6.863245e+02
2.210000e-06	4.043681e-06	1.143466e-08	2.847992e+01	6.804209e+02
2.220000e-06	3.909453e-06	1.133381e-08	2.753455e+01	6.743190e+02
2.230000e-06	3.773745e-06	1.122427e-08	2.657875e+01	6.680128e+02
2.240000e-06	3.636633e-06	1.112349e-08	2.561306e+01	6.615039e+02
2.250000e-06	3.498198e-06	1.101468e-08	2.463805e+01	6.547973e+02
2.260000e-06	3.358469e-06	1.089998e-08	2.365393e+01	6.478958e+02
2.270000e-06	3.217464e-06	1.077586e-08	2.266082e+01	6.407963e+02
2.280000e-06	3.075179e-06	1.064588e-08	2.165870e+01	6.334888e+02
2.290000e-06	2.931706e-06	1.051771e-08	2.064821e+01	6.259583e+02
2.300000e-06	2.787155e-06	1.038402e-08	1.963012e+01	6.181893e+02
2.310000e-06	2.641611e-06	1.025025e-08	1.860505e+01	6.101699e+02
2.320000e-06	2.495198e-06	1.011491e-08	1.757385e+01	6.018952e+02
2.330000e-06	2.347997e-06	9.980456e-09	1.653711e+01	5.933663e+02
2.340000e-06	2.199958e-06	9.833291e-09	1.549446e+01	5.845872e+02
2.350000e-06	2.051112e-06	9.677820e-09	1.444613e+01	5.755597e+02
2.360000e-06	1.901556e-06	9.514795e-09	1.339279e+01	5.662787e+02
2.370000e-06	1.751341e-06	9.352883e-09	1.233482e+01	5.567291e+02
2.380000e-06	1.600462e-06	9.186481e-09	1.127217e+01	5.468867e+02
2.390000e-06	1.449002e-06	9.015934e-09	1.020542e+01	5.367213e+02
2.400000e-06	1.297083e-06	8.838855e-09	9.135444e+00	5.262018e+02
2.410000e-06	1.144656e-06	8.658652e-09	8.061891e+00	5.153002e+02
2.420000e-06	9.917673e-07	8.469910e-09	6.985086e+00	5.039939e+02
2.430000e-06	8.385249e-07	8.271417e-09	5.905789e+00	4.922638e+02
2.440000e-06	6.850339e-07	8.065116e-09	4.824742e+00	4.800900e+02
2.450000e-06	5.313268e-07	7.853995e-09	3.742171e+00	4.674456e+02
2.460000e-06	3.774519e-07	7.634244e-09	2.658420e+00	4.542910e+02
2.470000e-06	2.235060e-07	7.402805e-09	1.574168e+00	4.405710e+02
2.480000e-06	6.951564e-08	7.161078e-09	4.896035e-01	4.262161e+02
2.490000e-06	-8.447522e-08	6.906468e-09	-5.949649e-01	4.111479e+02
2.500000e-06	-2.384707e-07	6.640638e-09	-1.679566e+00	3.952868e+02
2.510000e-06	-3.923863e-07	6.358954e-09	-2.763604e+00	3.785616e+02
2.520000e-06	-5.460996e-07	6.063519e-09	-3.846217e+00	3.609157e+02
2.530000e-06	-6.996440e-07	5.752284e-09	-4.927641e+00	3.423099e+02
2.540000e-06	-8.529924e-07	5.424397e-09	-6.007684e+00	3.227188e+02
2.550000e-06	-1.006051e-06	5.077582e-09	-7.085690e+00	3.021219e+02
2.560000e-06	-1.158736e-06	4.713166e-09	-8.161059e+00	2.804903e+02
2.570000e-06	-1.310905e-06	4.329678e-09	-9.232792e+00	2.577722e+02
2.580000e-06	-1.462495e-06	3.926174e-09	-1.030046e+01	2.338824e+02
2.590000e-06	-1.613572e-06	3.502847e-09	-1.136450e+01	2.086969e+02
2.600000e-06	-1.764118e-06	3.058773e-09	-1.242480e+01	1.820592e+02
2.610000e-06	-1.914053e-06	2.589485e-09	-1.348081e+01	1.537971e+02
2.620000e-06	-2.063236e-06	2.087985e-09	-1.453151e+01	1.237492e+02
2.630000e-06	-2.211540e-06	1.551502e-09	-1.557603e+01	9.179872e+01
2.640000e-06	-2.359068e-06	9.832601e-10	-1.661508e+01	5.790682e+01
2.650000e-06	-2.505797e-06	3.842998e-10	-1.764850e+01	2.214006e+01
2.660000e-06	-2.651665e-06	-2.432683e-10	-1.867586e+01	-1.531468e+01
2.670000e-06	-2.796705e-06	-8.948462e-10	-1.969739e+01	-5.415188e+01
2.680000e-06	-2.940777e-06	-1.562136e-09	-2.071209e+01	-9.396620e+01
2.690000e-06	-3.083720e-06	-2.236129e-09	-2.171885e+01	-1.342856e+02
2.700000e-06	-3.225395e-06	-2.912377e-09	-2.271668e+01	-1.746129e+02
2.710000e-06	-3.365742e-06	-3.581897e-09	-2.370516e+01	-2.144674e+02
2.720000e-06	-3.504820e-06	-4.237371e-09	-2.468469e+01	-2.534206e+02
2.730000e-06	-3.642592e-06	-4.871666e-09	-2.565503e+01	-2.911196e+02
2.740000e-06	-3.779021e-06	-5.480968e-09	-2.661591e+01	-3.272961e+02
2.750000e-06	-3.914096e-06	-6.062514e-09	-2.756725e+01	-3.617648e+02
2.760000e-06	-4.047744e-06	-6.613875e-09	-2.850854e+01	-3.944112e+02
2.770000e-06	-4.179892e-06	-7.132240e-09	-2.943927e+01	-4.251780e+02
2.780000e-06	-4.310594e-06	-7.617171e-09	-3.035981e+01	-4.540519e+02
2.790000e-06	-4.439878e-06	-8.071418e-09	-3.127037e+01	-4.810541e+02
2.800000e-06	-4.567626e-06	-8.495989e-09	-3.217010e+01	-5.062343e+02
2.810000e-06	-4.693726e-06	-8.890337e-09	-3.305824e+01	-5.296673e+02
2.820000e-06	-4.818138e-06	-9.256888e-09	-3.393448e+01	-5.514490e+02
2.830000e-06	-4.940885e-06	-9.598902e-09	-3.479900e+01	-5.716895e+02
2.840000e-06	-5.061891e-06	-9.918905e-09	-3.565125e+01	-5.905053e+02
2.850000e-06	-5.180935e-06	-1.021685e-08	-3.648969e+01	-6.080087e+02
2.860000e-06	-5.297869e-06	-1.049123e-08	-3.731326e+01	-6.243003e+02
2.870000e-06	-5.412665e-06	-1.074596e-08	-3.812177e+01	-6.394640e+02
2.880000e-06	-5.525262e-06	-1.098317e-08	-3.891480e+01	-6.535679e+02
2.890000e-06	-5.635669e-06	-1.120280e-08	-3.969241e+01	-6.666695e+02
2.900000e-06	-5.744130e-06	-1.140555e-08	-4.045630e+01	-6.788230e+02
2.910000e-06	-5.850773e-06	-1.159334e-08	-4.120740e+01	-6.900863e+02
2.920000e-06	-5.955386e-06	-1.176976e-08	-4.194420e+01	-7.005236e+02
2.930000e-06	-6.057739e-06	-1.193667e-08	-4.266508e+01	-7.102046e+02
2.940000e-06	-6.157834e-06	-1.209054e-08	-4.337005e+01	-7.191985e+02
2.950000e-06	-6.255801e-06	-1.223242e-08	-4.406004e+01	-7.275675e+02
2.960000e-06	-6.351655e-06	-1.236521e-08	-4.473514e+01	-7.353612e+02
2.970000e-06	-6.445194e-06	-1.248719e-08	-4.539395e+01	-7.426156e+02
2.980000e-06	-6.536428e-06	-1.259899e-08	-4.603652e+01	-7.493561e+02
2.990000e-06	-6.625511e-06	-1.270294e-08	-4.666393e+01	-7.556052e+02
3.000000e-06	-6.712258e-06	-1.280175e-08	-4.727490e+01	-7.613893e+02
3.010000e-06	-6.796514e-06	-1.289448e-08	-4.786832e+01	-7.667438e+02
3.020000e-06	-6.878380e-06	-1.297961e-08	-4.844490e+01	-7.717139e+02
3.030000e-06	-6.957793e-06	-1.305783e-08	-4.900422e+01	-7.763492e+02
3.040000e-06	-7.034494e-06	-1.312953e-08	-4.954443e+01	-7.806959e+02
3.050000e-06	-7.108540e-06	-1.319612e-08	-5.006594e+01	-7.847893e+02
3.060000e-06	-7.180052e-06	-1.325997e-08	-5.056960e+01	-7.886482e+02
3.070000e-06	-7.248958e-06	-1.332191e-08	-5.105491e+01	-7.922761e+02
3.080000e-06	-7.315282e-06	-1.338050e-08	-5.152204e+01	-7.956667e+02
3.090000e-06	-7.379043e-06	-1.343295e-08	-5.197111e+01	-7.988125e+02
3.100000e-06	-7.440174e-06	-1.347841e-08	-5.240166e+01	-8.017134e+02
3.110000e-06	-7.498649e-06	-1.352223e-08	-5.281351e+01	-8.043812e+02
3.120000e-06	-7.554399e-06	-1.356567e-08	-5.320616e+01	-8.068385e+02
3.130000e-06	-7.607231e-06	-1.360535e-08	-5.357825e+01	-8.091136e+02
3.140000e-06	-7.657042e-06	-1.363982e-08	-5.392908e+01	-8.112316e+02
3.150000e-06	-7.703858e-06	-1.367257e-08	-5.425881e+01	-8.132076e+02
3.160000e-06	-7.748011e-06	-1.370630e-08	-5.456978e+01	-8.150438e+02
3.170000e-06	-7.789712e-06	-1.373719e-08	-5.486348e+01	-8.167310e+02
3.180000e-06	-7.828736e-06	-1.376151e-08	-5.513833e+01	-8.182566e+02
3.190000e-06	-7.864958e-06	-1.378204e-08	-5.539344e+01	-8.196119e+02
3.200000e-06	-7.898458e-06	-1.380345e-08	-5.562939e+01	-8.207995e+02
3.210000e-06	-7.929114e-06	-1.382380e-08	-5.584530e+01	-8.218345e+02
3.220000e-06	-7.956893e-06	-1.384053e-08	-5.604095e+01	-8.227409e+02
3.230000e-06	-7.981939e-06	-1.385409e-08	-5.621735e+01	-8.235440e+02
3.240000e-06	-8.004117e-06	-1.386653e-08	-5.637355e+01	-8.242614e+02
3.250000e-06	-8.023443e-06	-1.387859e-08	-5.650967e+01	-8.248981e+02
3.260000e-06	-8.040008e-06	-1.388650e-08	-5.662634e+01	-8.254457e+02
3.270000e-06	-8.053462e-06	-1.389154e-08	-5.672109e+01	-8.258882e+02
3.280000e-06	-8.063810e-06	-1.389859e-08	-5.679397e+01	-8.262104e+02
3.290000e-06	-8.071363e-06	-1.390583e-08	-5.684717e+01	-8.264070e+02
3.300000e-06	-8.076044e-06	-1.390976e-08	-5.688014e+01	-8.264870e+02
3.310000e-06	-8.077855e-06	-1.391172e-08	-5.689289e+01	-8.264720e+02
