# Temperatura_=_51.19
# Concentracion g/m^3_=_11780.0
# C_Vs_to_Am_M_A/Vsm_=_59384043850.047264
# pendiente_HvsI_1/m_=_3716.3
# ordenada_HvsI_A/m_=_1297.0
# frecuencia_Hz_=_301554.1510865378

Tiempo_(s)	Campo_(V.s)	Magnetizacion_(V.s)	Campo_(kA/m)	Magnetizacion_(A/m)
0.000000e+00	-8.184674e-06	-1.392185e-08	-5.689051e+01	-8.258428e+02
1.000000e-08	-8.181980e-06	-1.391343e-08	-5.687178e+01	-8.257260e+02
2.000000e-08	-8.176559e-06	-1.390659e-08	-5.683410e+01	-8.255748e+02
3.000000e-08	-8.168552e-06	-1.390426e-08	-5.677844e+01	-8.253908e+02
4.000000e-08	-8.157697e-06	-1.390043e-08	-5.670299e+01	-8.251532e+02
5.000000e-08	-8.143858e-06	-1.389454e-08	-5.660680e+01	-8.248263e+02
6.000000e-08	-8.127096e-06	-1.388979e-08	-5.649029e+01	-8.243720e+02
7.000000e-08	-8.107766e-06	-1.388884e-08	-5.635593e+01	-8.237644e+02
8.000000e-08	-8.086010e-06	-1.387315e-08	-5.620470e+01	-8.230005e+02
9.000000e-08	-8.061209e-06	-1.381335e-08	-5.603232e+01	-8.221011e+02
1.000000e-07	-8.033026e-06	-1.378533e-08	-5.583642e+01	-8.211039e+02
1.100000e-07	-8.001770e-06	-1.381042e-08	-5.561917e+01	-8.200486e+02
1.200000e-07	-7.967693e-06	-1.381824e-08	-5.538230e+01	-8.189623e+02
1.300000e-07	-7.931000e-06	-1.378519e-08	-5.512725e+01	-8.178487e+02
1.400000e-07	-7.892053e-06	-1.375955e-08	-5.485654e+01	-8.166868e+02
1.500000e-07	-7.850757e-06	-1.378162e-08	-5.456950e+01	-8.154392e+02
1.600000e-07	-7.806657e-06	-1.373625e-08	-5.426297e+01	-8.140669e+02
1.700000e-07	-7.759695e-06	-1.369952e-08	-5.393654e+01	-8.125447e+02
1.800000e-07	-7.709930e-06	-1.365781e-08	-5.359063e+01	-8.108719e+02
1.900000e-07	-7.657130e-06	-1.359674e-08	-5.322363e+01	-8.090736e+02
2.000000e-07	-7.601379e-06	-1.362601e-08	-5.283611e+01	-8.071916e+02
2.100000e-07	-7.542897e-06	-1.359327e-08	-5.242961e+01	-8.052699e+02
2.200000e-07	-7.481779e-06	-1.354328e-08	-5.200478e+01	-8.033379e+02
2.300000e-07	-7.418032e-06	-1.351167e-08	-5.156169e+01	-8.013996e+02
2.400000e-07	-7.351496e-06	-1.349090e-08	-5.109920e+01	-7.994316e+02
2.500000e-07	-7.282230e-06	-1.347481e-08	-5.061774e+01	-7.973913e+02
2.600000e-07	-7.210282e-06	-1.339202e-08	-5.011765e+01	-7.952307e+02
2.700000e-07	-7.135523e-06	-1.334644e-08	-4.959800e+01	-7.929131e+02
2.800000e-07	-7.057883e-06	-1.333370e-08	-4.905834e+01	-7.904242e+02
2.900000e-07	-6.977461e-06	-1.330976e-08	-4.849934e+01	-7.877753e+02
3.000000e-07	-6.894587e-06	-1.323917e-08	-4.792330e+01	-7.849973e+02
3.100000e-07	-6.809477e-06	-1.316873e-08	-4.733170e+01	-7.821285e+02
3.200000e-07	-6.722046e-06	-1.315122e-08	-4.672399e+01	-7.792001e+02
3.300000e-07	-6.632154e-06	-1.310225e-08	-4.609916e+01	-7.762259e+02
3.400000e-07	-6.539902e-06	-1.303467e-08	-4.545793e+01	-7.731983e+02
3.500000e-07	-6.445391e-06	-1.296646e-08	-4.480099e+01	-7.700926e+02
3.600000e-07	-6.348483e-06	-1.292086e-08	-4.412741e+01	-7.668767e+02
3.700000e-07	-6.249126e-06	-1.288074e-08	-4.343679e+01	-7.635221e+02
3.800000e-07	-6.147570e-06	-1.281390e-08	-4.273088e+01	-7.600127e+02
3.900000e-07	-6.043867e-06	-1.274342e-08	-4.201006e+01	-7.563479e+02
4.000000e-07	-5.937890e-06	-1.268706e-08	-4.127343e+01	-7.525395e+02
4.100000e-07	-5.829756e-06	-1.264684e-08	-4.052180e+01	-7.486045e+02
4.200000e-07	-5.719611e-06	-1.257203e-08	-3.975620e+01	-7.445569e+02
4.300000e-07	-5.607407e-06	-1.247932e-08	-3.897629e+01	-7.404017e+02
4.400000e-07	-5.492961e-06	-1.240118e-08	-3.818079e+01	-7.361336e+02
4.500000e-07	-5.376290e-06	-1.233842e-08	-3.736983e+01	-7.317394e+02
4.600000e-07	-5.257578e-06	-1.226392e-08	-3.654468e+01	-7.272038e+02
4.700000e-07	-5.136979e-06	-1.217387e-08	-3.570641e+01	-7.225157e+02
4.800000e-07	-5.014580e-06	-1.209593e-08	-3.485563e+01	-7.176712e+02
4.900000e-07	-4.890365e-06	-1.202698e-08	-3.399223e+01	-7.126737e+02
5.000000e-07	-4.764409e-06	-1.194532e-08	-3.311673e+01	-7.075313e+02
5.100000e-07	-4.636781e-06	-1.183812e-08	-3.222961e+01	-7.022512e+02
5.200000e-07	-4.507459e-06	-1.173718e-08	-3.133071e+01	-6.968357e+02
5.300000e-07	-4.376453e-06	-1.165102e-08	-3.042011e+01	-6.912799e+02
5.400000e-07	-4.243838e-06	-1.156110e-08	-2.949832e+01	-6.855726e+02
5.500000e-07	-4.109797e-06	-1.145378e-08	-2.856661e+01	-6.796992e+02
5.600000e-07	-3.974294e-06	-1.134809e-08	-2.762475e+01	-6.736457e+02
5.700000e-07	-3.837207e-06	-1.125397e-08	-2.667188e+01	-6.674019e+02
5.800000e-07	-3.698653e-06	-1.115064e-08	-2.570881e+01	-6.609623e+02
5.900000e-07	-3.558688e-06	-1.102893e-08	-2.473594e+01	-6.543251e+02
6.000000e-07	-3.417234e-06	-1.090396e-08	-2.375271e+01	-6.474896e+02
6.100000e-07	-3.274346e-06	-1.079297e-08	-2.275952e+01	-6.404538e+02
6.200000e-07	-3.130149e-06	-1.067861e-08	-2.175722e+01	-6.332119e+02
6.300000e-07	-2.984836e-06	-1.054746e-08	-2.074717e+01	-6.257554e+02
6.400000e-07	-2.838535e-06	-1.041024e-08	-1.973026e+01	-6.180736e+02
6.500000e-07	-2.691298e-06	-1.028029e-08	-1.870683e+01	-6.101561e+02
6.600000e-07	-2.543146e-06	-1.014841e-08	-1.767705e+01	-6.019941e+02
6.700000e-07	-2.394164e-06	-1.000399e-08	-1.664149e+01	-5.935808e+02
6.800000e-07	-2.244498e-06	-9.852520e-09	-1.560119e+01	-5.849096e+02
6.900000e-07	-2.094012e-06	-9.703143e-09	-1.455518e+01	-5.759725e+02
7.000000e-07	-1.942667e-06	-9.554922e-09	-1.350320e+01	-5.667582e+02
7.100000e-07	-1.790589e-06	-9.395957e-09	-1.244613e+01	-5.572510e+02
7.200000e-07	-1.637851e-06	-9.225752e-09	-1.138447e+01	-5.474319e+02
7.300000e-07	-1.484476e-06	-9.054128e-09	-1.031838e+01	-5.372804e+02
7.400000e-07	-1.330517e-06	-8.881849e-09	-9.248237e+00	-5.267770e+02
7.500000e-07	-1.176085e-06	-8.699881e-09	-8.174801e+00	-5.159041e+02
7.600000e-07	-1.021200e-06	-8.506891e-09	-7.098216e+00	-5.046456e+02
7.700000e-07	-8.659591e-07	-8.310440e-09	-6.019159e+00	-4.929840e+02
7.800000e-07	-7.104540e-07	-8.111006e-09	-4.938265e+00	-4.808966e+02
7.900000e-07	-5.547015e-07	-7.899364e-09	-3.855652e+00	-4.683499e+02
8.000000e-07	-3.987264e-07	-7.674724e-09	-2.771491e+00	-4.552972e+02
8.100000e-07	-2.426116e-07	-7.442846e-09	-1.686359e+00	-4.416774e+02
8.200000e-07	-8.642396e-08	-7.205345e-09	-6.007206e-01	-4.274175e+02
8.300000e-07	6.982725e-08	-6.955315e-09	4.853593e-01	-4.124387e+02
8.400000e-07	2.260592e-07	-6.687502e-09	1.571306e+00	-3.966628e+02
8.500000e-07	3.822042e-07	-6.405419e-09	2.656647e+00	-3.800210e+02
8.600000e-07	5.382124e-07	-6.110331e-09	3.741038e+00	-3.624582e+02
8.700000e-07	6.940269e-07	-5.798334e-09	4.824083e+00	-3.439355e+02
8.800000e-07	8.495930e-07	-5.466173e-09	5.905400e+00	-3.244266e+02
8.900000e-07	1.004849e-06	-5.117025e-09	6.984561e+00	-3.039096e+02
9.000000e-07	1.159743e-06	-4.755144e-09	8.061206e+00	-2.823548e+02
9.100000e-07	1.314198e-06	-4.375026e-09	9.134807e+00	-2.597116e+02
9.200000e-07	1.468216e-06	-3.971951e-09	1.020536e+01	-2.358970e+02
9.300000e-07	1.621715e-06	-3.546294e-09	1.127231e+01	-2.107907e+02
9.400000e-07	1.774538e-06	-3.098146e-09	1.233456e+01	-1.842393e+02
9.500000e-07	1.926620e-06	-2.621948e-09	1.339166e+01	-1.560711e+02
9.600000e-07	2.077892e-06	-2.112508e-09	1.444313e+01	-1.261223e+02
9.700000e-07	2.228347e-06	-1.571848e-09	1.548892e+01	-9.427015e+01
9.800000e-07	2.377996e-06	-1.001767e-09	1.652911e+01	-6.046724e+01
9.900000e-07	2.526844e-06	-4.008743e-10	1.756374e+01	-2.477095e+01
1.000000e-06	2.674870e-06	2.321055e-10	1.859264e+01	1.263977e+01
1.010000e-06	2.822011e-06	8.896919e-10	1.961540e+01	5.146455e+01
1.020000e-06	2.968249e-06	1.562917e-09	2.063188e+01	9.129986e+01
1.030000e-06	3.113454e-06	2.243766e-09	2.164118e+01	1.316728e+02
1.040000e-06	3.257403e-06	2.926414e-09	2.264175e+01	1.720837e+02
1.050000e-06	3.400072e-06	3.601671e-09	2.363342e+01	2.120497e+02
1.060000e-06	3.541469e-06	4.261000e-09	2.461625e+01	2.511407e+02
1.070000e-06	3.681550e-06	4.900120e-09	2.558993e+01	2.890031e+02
1.080000e-06	3.820255e-06	5.513648e-09	2.655405e+01	3.253678e+02
1.090000e-06	3.957459e-06	6.098400e-09	2.750773e+01	3.600463e+02
1.100000e-06	4.093118e-06	6.651342e-09	2.845068e+01	3.929183e+02
1.110000e-06	4.227274e-06	7.171762e-09	2.938318e+01	4.239168e+02
1.120000e-06	4.359929e-06	7.659636e-09	3.030525e+01	4.530168e+02
1.130000e-06	4.491085e-06	8.115119e-09	3.121689e+01	4.802276e+02
1.140000e-06	4.620634e-06	8.539985e-09	3.211737e+01	5.055902e+02
1.150000e-06	4.748460e-06	8.937305e-09	3.300587e+01	5.291757e+02
1.160000e-06	4.874655e-06	9.308079e-09	3.388304e+01	5.510819e+02
1.170000e-06	4.999225e-06	9.651494e-09	3.474890e+01	5.714263e+02
1.180000e-06	5.122125e-06	9.969298e-09	3.560316e+01	5.903343e+02
1.190000e-06	5.243170e-06	1.026283e-08	3.644453e+01	6.079263e+02
1.200000e-06	5.362192e-06	1.053429e-08	3.727184e+01	6.243062e+02
1.210000e-06	5.479209e-06	1.078626e-08	3.808520e+01	6.395560e+02
1.220000e-06	5.594158e-06	1.102278e-08	3.888420e+01	6.537374e+02
1.230000e-06	5.706892e-06	1.124704e-08	3.966780e+01	6.668997e+02
1.240000e-06	5.817504e-06	1.145704e-08	4.043664e+01	6.790913e+02
1.250000e-06	5.926179e-06	1.164959e-08	4.119203e+01	6.903691e+02
1.260000e-06	6.032816e-06	1.182579e-08	4.193325e+01	7.008033e+02
1.270000e-06	6.137196e-06	1.198833e-08	4.265878e+01	7.104747e+02
1.280000e-06	6.239302e-06	1.213768e-08	4.336850e+01	7.194658e+02
1.290000e-06	6.339251e-06	1.227456e-08	4.406323e+01	7.278495e+02
1.300000e-06	6.436886e-06	1.240088e-08	4.474188e+01	7.356802e+02
1.310000e-06	6.532117e-06	1.252146e-08	4.540381e+01	7.429909e+02
1.320000e-06	6.625078e-06	1.263718e-08	4.604998e+01	7.497972e+02
1.330000e-06	6.715785e-06	1.274346e-08	4.668047e+01	7.561081e+02
1.340000e-06	6.804109e-06	1.283925e-08	4.729440e+01	7.619380e+02
1.350000e-06	6.889998e-06	1.292951e-08	4.789140e+01	7.673158e+02
1.360000e-06	6.973542e-06	1.301611e-08	4.847210e+01	7.722876e+02
1.370000e-06	7.054618e-06	1.309438e-08	4.903565e+01	7.769110e+02
1.380000e-06	7.133091e-06	1.316502e-08	4.958110e+01	7.812440e+02
1.390000e-06	7.208903e-06	1.323238e-08	5.010806e+01	7.853325e+02
1.400000e-06	7.281960e-06	1.329704e-08	5.061587e+01	7.892015e+02
1.410000e-06	7.352427e-06	1.335785e-08	5.110567e+01	7.928535e+02
1.420000e-06	7.420388e-06	1.341367e-08	5.157806e+01	7.962751e+02
1.430000e-06	7.485664e-06	1.346606e-08	5.203179e+01	7.994486e+02
1.440000e-06	7.548261e-06	1.351677e-08	5.246689e+01	8.023651e+02
1.450000e-06	7.608359e-06	1.356404e-08	5.288462e+01	8.050329e+02
1.460000e-06	7.665811e-06	1.360453e-08	5.328396e+01	8.074785e+02
1.470000e-06	7.720458e-06	1.363990e-08	5.366381e+01	8.097398e+02
1.480000e-06	7.772008e-06	1.367278e-08	5.402213e+01	8.118543e+02
1.490000e-06	7.820326e-06	1.370520e-08	5.435797e+01	8.138471e+02
1.500000e-06	7.865785e-06	1.373573e-08	5.467396e+01	8.157241e+02
1.510000e-06	7.908454e-06	1.376382e-08	5.497054e+01	8.174721e+02
1.520000e-06	7.948254e-06	1.379047e-08	5.524718e+01	8.190675e+02
1.530000e-06	7.985288e-06	1.381493e-08	5.550460e+01	8.204882e+02
1.540000e-06	8.019535e-06	1.383542e-08	5.574265e+01	8.217247e+02
1.550000e-06	8.050928e-06	1.384999e-08	5.596085e+01	8.227868e+02
1.560000e-06	8.079566e-06	1.386383e-08	5.615992e+01	8.237007e+02
1.570000e-06	8.105344e-06	1.387798e-08	5.633910e+01	8.245011e+02
1.580000e-06	8.128179e-06	1.388870e-08	5.649782e+01	8.252183e+02
1.590000e-06	8.148337e-06	1.389609e-08	5.663793e+01	8.258680e+02
1.600000e-06	8.165674e-06	1.390380e-08	5.675844e+01	8.264471e+02
1.610000e-06	8.179930e-06	1.391342e-08	5.685753e+01	8.269373e+02
1.620000e-06	8.191046e-06	1.391998e-08	5.693480e+01	8.273151e+02
1.630000e-06	8.199000e-06	1.392094e-08	5.699008e+01	8.275639e+02
1.640000e-06	8.204093e-06	1.392001e-08	5.702548e+01	8.276834e+02
1.650000e-06	8.206397e-06	1.391985e-08	5.704150e+01	8.276914e+02
1.660000e-06	8.205857e-06	1.392006e-08	5.703774e+01	8.276179e+02
1.670000e-06	8.202658e-06	1.391992e-08	5.701551e+01	8.274937e+02
1.680000e-06	8.196770e-06	1.391468e-08	5.697458e+01	8.273371e+02
1.690000e-06	8.188127e-06	1.391000e-08	5.691451e+01	8.271454e+02
1.700000e-06	8.176659e-06	1.390507e-08	5.683479e+01	8.268946e+02
1.710000e-06	8.162284e-06	1.389472e-08	5.673487e+01	8.265474e+02
1.720000e-06	8.145294e-06	1.387936e-08	5.661678e+01	8.260669e+02
1.730000e-06	8.125941e-06	1.386618e-08	5.648226e+01	8.254307e+02
1.740000e-06	8.103927e-06	1.390697e-08	5.632925e+01	8.246403e+02
1.750000e-06	8.078528e-06	1.392106e-08	5.615270e+01	8.237203e+02
1.760000e-06	8.049342e-06	1.385822e-08	5.594983e+01	8.227097e+02
1.770000e-06	8.016862e-06	1.380687e-08	5.572407e+01	8.216473e+02
1.780000e-06	7.981822e-06	1.379492e-08	5.548051e+01	8.205564e+02
1.790000e-06	7.944296e-06	1.375478e-08	5.521967e+01	8.194362e+02
1.800000e-06	7.904496e-06	1.372770e-08	5.494303e+01	8.182618e+02
1.810000e-06	7.862631e-06	1.376405e-08	5.465203e+01	8.169945e+02
1.820000e-06	7.818127e-06	1.368931e-08	5.434269e+01	8.155965e+02
1.830000e-06	7.770832e-06	1.369961e-08	5.401395e+01	8.140465e+02
1.840000e-06	7.720614e-06	1.369245e-08	5.366489e+01	8.123486e+02
1.850000e-06	7.667184e-06	1.360590e-08	5.329351e+01	8.105318e+02
1.860000e-06	7.610895e-06	1.360387e-08	5.290225e+01	8.086396e+02
1.870000e-06	7.551914e-06	1.352175e-08	5.249228e+01	8.067143e+02
1.880000e-06	7.490302e-06	1.353305e-08	5.206403e+01	8.047816e+02
1.890000e-06	7.426062e-06	1.349897e-08	5.161750e+01	8.028402e+02
1.900000e-06	7.359022e-06	1.345249e-08	5.115152e+01	8.008627e+02
1.910000e-06	7.289164e-06	1.346601e-08	5.066595e+01	7.988041e+02
1.920000e-06	7.216397e-06	1.339498e-08	5.016015e+01	7.966175e+02
1.930000e-06	7.140860e-06	1.335925e-08	4.963510e+01	7.942694e+02
1.940000e-06	7.062596e-06	1.328335e-08	4.909110e+01	7.917502e+02
1.950000e-06	6.981722e-06	1.325873e-08	4.852896e+01	7.890754e+02
1.960000e-06	6.898445e-06	1.322562e-08	4.795011e+01	7.862783e+02
1.970000e-06	6.812621e-06	1.316425e-08	4.735356e+01	7.833968e+02
1.980000e-06	6.724286e-06	1.314282e-08	4.673956e+01	7.804596e+02
1.990000e-06	6.633627e-06	1.307378e-08	4.610940e+01	7.774768e+02
2.000000e-06	6.540702e-06	1.303799e-08	4.546349e+01	7.744373e+02
2.010000e-06	6.445378e-06	1.296691e-08	4.480091e+01	7.713141e+02
2.020000e-06	6.347800e-06	1.291237e-08	4.412265e+01	7.680751e+02
2.030000e-06	6.248020e-06	1.285960e-08	4.342910e+01	7.646935e+02
2.040000e-06	6.145828e-06	1.279996e-08	4.271878e+01	7.611558e+02
2.050000e-06	6.041361e-06	1.274136e-08	4.199264e+01	7.574641e+02
2.060000e-06	5.934848e-06	1.266183e-08	4.125229e+01	7.536316e+02
2.070000e-06	5.826350e-06	1.260642e-08	4.049813e+01	7.496755e+02
2.080000e-06	5.715708e-06	1.253518e-08	3.972907e+01	7.456084e+02
2.090000e-06	5.602919e-06	1.247333e-08	3.894509e+01	7.414336e+02
2.100000e-06	5.487902e-06	1.239335e-08	3.814563e+01	7.371439e+02
2.110000e-06	5.370659e-06	1.232296e-08	3.733069e+01	7.327253e+02
2.120000e-06	5.251386e-06	1.224445e-08	3.650164e+01	7.281630e+02
2.130000e-06	5.130221e-06	1.216263e-08	3.565944e+01	7.234469e+02
2.140000e-06	5.007240e-06	1.207378e-08	3.480461e+01	7.185744e+02
2.150000e-06	4.882438e-06	1.199228e-08	3.393713e+01	7.135503e+02
2.160000e-06	4.755855e-06	1.191879e-08	3.305727e+01	7.083827e+02
2.170000e-06	4.627557e-06	1.183042e-08	3.216549e+01	7.030782e+02
2.180000e-06	4.497678e-06	1.173710e-08	3.126272e+01	6.976380e+02
2.190000e-06	4.366238e-06	1.163722e-08	3.034910e+01	6.920560e+02
2.200000e-06	4.233204e-06	1.154556e-08	2.942440e+01	6.863200e+02
2.210000e-06	4.098585e-06	1.144109e-08	2.848869e+01	6.804152e+02
2.220000e-06	3.962484e-06	1.133971e-08	2.754266e+01	6.743282e+02
2.230000e-06	3.824943e-06	1.123379e-08	2.658663e+01	6.680495e+02
2.240000e-06	3.685942e-06	1.113411e-08	2.562046e+01	6.615745e+02
2.250000e-06	3.545499e-06	1.102242e-08	2.464426e+01	6.549018e+02
2.260000e-06	3.403722e-06	1.090388e-08	2.365879e+01	6.480306e+02
2.270000e-06	3.260688e-06	1.078341e-08	2.266458e+01	6.409583e+02
2.280000e-06	3.116410e-06	1.066125e-08	2.166172e+01	6.336787e+02
2.290000e-06	2.971109e-06	1.053721e-08	2.065175e+01	6.261825e+02
2.300000e-06	2.824869e-06	1.040392e-08	1.963527e+01	6.184592e+02
2.310000e-06	2.677580e-06	1.027173e-08	1.861148e+01	6.104984e+02
2.320000e-06	2.529237e-06	1.013501e-08	1.758037e+01	6.022919e+02
2.330000e-06	2.379998e-06	9.995155e-09	1.654303e+01	5.938328e+02
2.340000e-06	2.229907e-06	9.844125e-09	1.549977e+01	5.851147e+02
2.350000e-06	2.079002e-06	9.691856e-09	1.445085e+01	5.761289e+02
2.360000e-06	1.927411e-06	9.538163e-09	1.339716e+01	5.668633e+02
2.370000e-06	1.775142e-06	9.380053e-09	1.233876e+01	5.573017e+02
2.380000e-06	1.622268e-06	9.211817e-09	1.127616e+01	5.474246e+02
2.390000e-06	1.468876e-06	9.037065e-09	1.020995e+01	5.372116e+02
2.400000e-06	1.315026e-06	8.858086e-09	9.140560e+00	5.266432e+02
2.410000e-06	1.160751e-06	8.672764e-09	8.068217e+00	5.157024e+02
2.420000e-06	1.006066e-06	8.479505e-09	6.993020e+00	5.043731e+02
2.430000e-06	8.510235e-07	8.281006e-09	5.915343e+00	4.926373e+02
2.440000e-06	6.956999e-07	8.080777e-09	4.835711e+00	4.804704e+02
2.450000e-06	5.400815e-07	7.874120e-09	3.754030e+00	4.678371e+02
2.460000e-06	3.842096e-07	7.654633e-09	2.670587e+00	4.546878e+02
2.470000e-06	2.282206e-07	7.420339e-09	1.586329e+00	4.409592e+02
2.480000e-06	7.216759e-08	7.175703e-09	5.016266e-01	4.265766e+02
2.490000e-06	-8.392299e-08	6.919542e-09	-5.833368e-01	4.114608e+02
2.500000e-06	-2.399819e-07	6.651833e-09	-1.668080e+00	3.955349e+02
2.510000e-06	-3.959248e-07	6.371185e-09	-2.752017e+00	3.787320e+02
2.520000e-06	-5.516629e-07	6.079305e-09	-3.834530e+00	3.610000e+02
2.530000e-06	-7.071531e-07	5.770596e-09	-4.915321e+00	3.423027e+02
2.540000e-06	-8.623272e-07	5.439083e-09	-5.993914e+00	3.226153e+02
2.550000e-06	-1.017124e-06	5.086687e-09	-7.069881e+00	3.019154e+02
2.560000e-06	-1.171575e-06	4.718225e-09	-8.143454e+00	2.801706e+02
2.570000e-06	-1.325641e-06	4.333547e-09	-9.214340e+00	2.573252e+02
2.580000e-06	-1.479210e-06	3.929956e-09	-1.028178e+01	2.332896e+02
2.590000e-06	-1.632263e-06	3.505789e-09	-1.134563e+01	2.079372e+02
2.600000e-06	-1.784745e-06	3.060421e-09	-1.240551e+01	1.811096e+02
2.610000e-06	-1.936574e-06	2.589153e-09	-1.346085e+01	1.526346e+02
2.620000e-06	-2.087708e-06	2.082501e-09	-1.451136e+01	1.223530e+02
2.630000e-06	-2.238092e-06	1.538649e-09	-1.555666e+01	9.015315e+01
2.640000e-06	-2.387749e-06	9.632285e-10	-1.659690e+01	5.600439e+01
2.650000e-06	-2.536557e-06	3.585074e-10	-1.763125e+01	1.998505e+01
2.660000e-06	-2.684316e-06	-2.735222e-10	-1.865830e+01	-1.770369e+01
2.670000e-06	-2.831083e-06	-9.281612e-10	-1.967845e+01	-5.674120e+01
2.680000e-06	-2.976911e-06	-1.596234e-09	-2.069209e+01	-9.670873e+01
2.690000e-06	-3.121716e-06	-2.269592e-09	-2.169860e+01	-1.371253e+02
2.700000e-06	-3.265435e-06	-2.946459e-09	-2.269758e+01	-1.774912e+02
2.710000e-06	-3.407922e-06	-3.618619e-09	-2.368798e+01	-2.173307e+02
2.720000e-06	-3.549062e-06	-4.275024e-09	-2.466903e+01	-2.562260e+02
2.730000e-06	-3.688711e-06	-4.908190e-09	-2.563971e+01	-2.938384e+02
2.740000e-06	-3.826924e-06	-5.515585e-09	-2.660040e+01	-3.299139e+02
2.750000e-06	-3.963808e-06	-6.096197e-09	-2.755187e+01	-3.642771e+02
2.760000e-06	-4.099303e-06	-6.646472e-09	-2.849367e+01	-3.968183e+02
2.770000e-06	-4.233355e-06	-7.162092e-09	-2.942545e+01	-4.274787e+02
2.780000e-06	-4.365791e-06	-7.644470e-09	-3.034599e+01	-4.562399e+02
2.790000e-06	-4.496616e-06	-8.097127e-09	-3.125534e+01	-4.831170e+02
2.800000e-06	-4.625896e-06	-8.521377e-09	-3.215395e+01	-5.081563e+02
2.810000e-06	-4.753622e-06	-8.914675e-09	-3.304175e+01	-5.314342e+02
2.820000e-06	-4.879719e-06	-9.277877e-09	-3.391823e+01	-5.530527e+02
2.830000e-06	-5.004009e-06	-9.617736e-09	-3.478215e+01	-5.731315e+02
2.840000e-06	-5.126497e-06	-9.936213e-09	-3.563355e+01	-5.917963e+02
2.850000e-06	-5.247239e-06	-1.023098e-08	-3.647282e+01	-6.091649e+02
2.860000e-06	-5.366047e-06	-1.050327e-08	-3.729863e+01	-6.253378e+02
2.870000e-06	-5.482639e-06	-1.075610e-08	-3.810904e+01	-6.403930e+02
2.880000e-06	-5.596933e-06	-1.099044e-08	-3.890349e+01	-6.543891e+02
2.890000e-06	-5.709012e-06	-1.120717e-08	-3.968253e+01	-6.673746e+02
2.900000e-06	-5.818918e-06	-1.140803e-08	-4.044647e+01	-6.793986e+02
2.910000e-06	-5.926797e-06	-1.159562e-08	-4.119633e+01	-6.905204e+02
2.920000e-06	-6.032723e-06	-1.177153e-08	-4.193260e+01	-7.008125e+02
2.930000e-06	-6.136512e-06	-1.193584e-08	-4.265402e+01	-7.103567e+02
2.940000e-06	-6.237996e-06	-1.208673e-08	-4.335943e+01	-7.192345e+02
2.950000e-06	-6.337243e-06	-1.222661e-08	-4.404928e+01	-7.275163e+02
2.960000e-06	-6.434380e-06	-1.235877e-08	-4.472446e+01	-7.352525e+02
2.970000e-06	-6.529313e-06	-1.248210e-08	-4.538433e+01	-7.424725e+02
2.980000e-06	-6.621857e-06	-1.259530e-08	-4.602759e+01	-7.491898e+02
2.990000e-06	-6.712082e-06	-1.270030e-08	-4.665473e+01	-7.554136e+02
3.000000e-06	-6.800021e-06	-1.279846e-08	-4.726598e+01	-7.611603e+02
3.010000e-06	-6.885431e-06	-1.288891e-08	-4.785965e+01	-7.664620e+02
3.020000e-06	-6.968354e-06	-1.297242e-08	-4.843604e+01	-7.713673e+02
3.030000e-06	-7.048882e-06	-1.305030e-08	-4.899578e+01	-7.759350e+02
3.040000e-06	-7.126753e-06	-1.312316e-08	-4.953704e+01	-7.802216e+02
3.050000e-06	-7.201869e-06	-1.319116e-08	-5.005917e+01	-7.842699e+02
3.060000e-06	-7.274369e-06	-1.325462e-08	-5.056311e+01	-7.881008e+02
3.070000e-06	-7.344202e-06	-1.331447e-08	-5.104851e+01	-7.917131e+02
3.080000e-06	-7.411370e-06	-1.337224e-08	-5.151538e+01	-7.950917e+02
3.090000e-06	-7.476011e-06	-1.342539e-08	-5.196469e+01	-7.982197e+02
3.100000e-06	-7.538036e-06	-1.347258e-08	-5.239582e+01	-8.010908e+02
3.110000e-06	-7.597382e-06	-1.351865e-08	-5.280832e+01	-8.037167e+02
3.120000e-06	-7.653985e-06	-1.356422e-08	-5.320176e+01	-8.061267e+02
3.130000e-06	-7.707626e-06	-1.360396e-08	-5.357462e+01	-8.083594e+02
3.140000e-06	-7.758222e-06	-1.363801e-08	-5.392630e+01	-8.104510e+02
3.150000e-06	-7.805725e-06	-1.367118e-08	-5.425649e+01	-8.124235e+02
3.160000e-06	-7.850466e-06	-1.370275e-08	-5.456748e+01	-8.142789e+02
3.170000e-06	-7.892721e-06	-1.373219e-08	-5.486118e+01	-8.160018e+02
3.180000e-06	-7.932267e-06	-1.375906e-08	-5.513606e+01	-8.175676e+02
3.190000e-06	-7.968968e-06	-1.378226e-08	-5.539116e+01	-8.189557e+02
3.200000e-06	-8.002922e-06	-1.380482e-08	-5.562717e+01	-8.201600e+02
3.210000e-06	-8.034048e-06	-1.382713e-08	-5.584352e+01	-8.211934e+02
3.220000e-06	-8.062229e-06	-1.384573e-08	-5.603941e+01	-8.220847e+02
3.230000e-06	-8.087576e-06	-1.385910e-08	-5.621559e+01	-8.228685e+02
3.240000e-06	-8.110091e-06	-1.386952e-08	-5.637209e+01	-8.235731e+02
3.250000e-06	-8.129764e-06	-1.387965e-08	-5.650884e+01	-8.242111e+02
3.260000e-06	-8.146529e-06	-1.388972e-08	-5.662537e+01	-8.247762e+02
3.270000e-06	-8.160157e-06	-1.389839e-08	-5.672009e+01	-8.252481e+02
3.280000e-06	-8.170726e-06	-1.390621e-08	-5.679355e+01	-8.256039e+02
3.290000e-06	-8.178396e-06	-1.391324e-08	-5.684687e+01	-8.258294e+02
3.300000e-06	-8.183135e-06	-1.391798e-08	-5.687981e+01	-8.259273e+02
3.310000e-06	-8.185037e-06	-1.392149e-08	-5.689303e+01	-8.259185e+02
