# Temperatura_=_48.27
# Concentracion g/m^3_=_11780.0
# C_Vs_to_Am_M_A/Vsm_=_59384043850.047264
# pendiente_HvsI_1/m_=_3716.3
# ordenada_HvsI_A/m_=_1297.0
# frecuencia_Hz_=_301553.3200138807

Tiempo_(s)	Campo_(V.s)	Magnetizacion_(V.s)	Campo_(kA/m)	Magnetizacion_(A/m)
0.000000e+00	-8.137991e-06	-1.379629e-08	-5.688646e+01	-8.193645e+02
1.000000e-08	-8.135005e-06	-1.379543e-08	-5.686559e+01	-8.192340e+02
2.000000e-08	-8.129358e-06	-1.379029e-08	-5.682612e+01	-8.190459e+02
3.000000e-08	-8.121073e-06	-1.378251e-08	-5.676820e+01	-8.187912e+02
4.000000e-08	-8.109944e-06	-1.377576e-08	-5.669041e+01	-8.184515e+02
5.000000e-08	-8.095870e-06	-1.376961e-08	-5.659203e+01	-8.180067e+02
6.000000e-08	-8.078879e-06	-1.376296e-08	-5.647325e+01	-8.174426e+02
7.000000e-08	-8.059351e-06	-1.375710e-08	-5.633675e+01	-8.167575e+02
8.000000e-08	-8.037408e-06	-1.373573e-08	-5.618336e+01	-8.159637e+02
9.000000e-08	-8.012399e-06	-1.369631e-08	-5.600854e+01	-8.150831e+02
1.000000e-07	-7.984041e-06	-1.367886e-08	-5.581031e+01	-8.141393e+02
1.100000e-07	-7.952655e-06	-1.368666e-08	-5.559092e+01	-8.131482e+02
1.200000e-07	-7.918460e-06	-1.368753e-08	-5.535189e+01	-8.121118e+02
1.300000e-07	-7.881687e-06	-1.366498e-08	-5.509483e+01	-8.110167e+02
1.400000e-07	-7.842658e-06	-1.364633e-08	-5.482202e+01	-8.098397e+02
1.500000e-07	-7.801331e-06	-1.363197e-08	-5.453313e+01	-8.085570e+02
1.600000e-07	-7.757238e-06	-1.360465e-08	-5.422491e+01	-8.071540e+02
1.700000e-07	-7.710305e-06	-1.357728e-08	-5.389683e+01	-8.056321e+02
1.800000e-07	-7.660547e-06	-1.352204e-08	-5.354902e+01	-8.040087e+02
1.900000e-07	-7.607727e-06	-1.349573e-08	-5.317979e+01	-8.023109e+02
2.000000e-07	-7.552039e-06	-1.349566e-08	-5.279052e+01	-8.005657e+02
2.100000e-07	-7.493678e-06	-1.346069e-08	-5.238257e+01	-7.987885e+02
2.200000e-07	-7.432637e-06	-1.342798e-08	-5.195587e+01	-7.969773e+02
2.300000e-07	-7.368873e-06	-1.339126e-08	-5.151014e+01	-7.951121e+02
2.400000e-07	-7.302276e-06	-1.336957e-08	-5.104462e+01	-7.931624e+02
2.500000e-07	-7.232983e-06	-1.333841e-08	-5.056024e+01	-7.910975e+02
2.600000e-07	-7.161063e-06	-1.327957e-08	-5.005750e+01	-7.888979e+02
2.700000e-07	-7.086359e-06	-1.323797e-08	-4.953531e+01	-7.865614e+02
2.800000e-07	-7.008863e-06	-1.321416e-08	-4.899359e+01	-7.841024e+02
2.900000e-07	-6.928656e-06	-1.318229e-08	-4.843292e+01	-7.815451e+02
3.000000e-07	-6.845974e-06	-1.311864e-08	-4.785496e+01	-7.789122e+02
3.100000e-07	-6.761030e-06	-1.307188e-08	-4.726118e+01	-7.762154e+02
3.200000e-07	-6.673798e-06	-1.303871e-08	-4.665141e+01	-7.734496e+02
3.300000e-07	-6.584167e-06	-1.298779e-08	-4.602487e+01	-7.705951e+02
3.400000e-07	-6.492190e-06	-1.293044e-08	-4.538193e+01	-7.676249e+02
3.500000e-07	-6.397966e-06	-1.287270e-08	-4.472328e+01	-7.645157e+02
3.600000e-07	-6.301391e-06	-1.282446e-08	-4.404820e+01	-7.612569e+02
3.700000e-07	-6.202392e-06	-1.277256e-08	-4.335617e+01	-7.578540e+02
3.800000e-07	-6.101127e-06	-1.271103e-08	-4.264831e+01	-7.543250e+02
3.900000e-07	-5.997692e-06	-1.264400e-08	-4.192527e+01	-7.506922e+02
4.000000e-07	-5.892057e-06	-1.258895e-08	-4.118686e+01	-7.469706e+02
4.100000e-07	-5.784300e-06	-1.253799e-08	-4.043361e+01	-7.431605e+02
4.200000e-07	-5.674517e-06	-1.247113e-08	-3.966620e+01	-7.392457e+02
4.300000e-07	-5.562720e-06	-1.239400e-08	-3.888471e+01	-7.351989e+02
4.400000e-07	-5.448784e-06	-1.231916e-08	-3.808828e+01	-7.309921e+02
4.500000e-07	-5.332629e-06	-1.224852e-08	-3.727632e+01	-7.266080e+02
4.600000e-07	-5.214384e-06	-1.217008e-08	-3.644976e+01	-7.220472e+02
4.700000e-07	-5.094302e-06	-1.208630e-08	-3.561036e+01	-7.173284e+02
4.800000e-07	-4.972392e-06	-1.200776e-08	-3.475818e+01	-7.124805e+02
4.900000e-07	-4.848565e-06	-1.193522e-08	-3.389260e+01	-7.075310e+02
5.000000e-07	-4.723024e-06	-1.185305e-08	-3.301505e+01	-7.024938e+02
5.100000e-07	-4.595914e-06	-1.175993e-08	-3.212652e+01	-6.973616e+02
5.200000e-07	-4.467196e-06	-1.166918e-08	-3.122674e+01	-6.921072e+02
5.300000e-07	-4.336826e-06	-1.158118e-08	-3.031543e+01	-6.866916e+02
5.400000e-07	-4.204761e-06	-1.148487e-08	-2.939227e+01	-6.810775e+02
5.500000e-07	-4.071173e-06	-1.137858e-08	-2.845845e+01	-6.752410e+02
5.600000e-07	-3.936163e-06	-1.127540e-08	-2.751470e+01	-6.691791e+02
5.700000e-07	-3.799651e-06	-1.117754e-08	-2.656045e+01	-6.629079e+02
5.800000e-07	-3.661758e-06	-1.107384e-08	-2.559654e+01	-6.564533e+02
5.900000e-07	-3.522530e-06	-1.095886e-08	-2.462331e+01	-6.498379e+02
6.000000e-07	-3.381783e-06	-1.084388e-08	-2.363945e+01	-6.430692e+02
6.100000e-07	-3.239584e-06	-1.073286e-08	-2.264545e+01	-6.361337e+02
6.200000e-07	-3.096147e-06	-1.061395e-08	-2.164279e+01	-6.290002e+02
6.300000e-07	-2.951622e-06	-1.048324e-08	-2.063253e+01	-6.216297e+02
6.400000e-07	-2.806037e-06	-1.034979e-08	-1.961485e+01	-6.139894e+02
6.500000e-07	-2.659416e-06	-1.021917e-08	-1.858994e+01	-6.060639e+02
6.600000e-07	-2.511886e-06	-1.008401e-08	-1.755867e+01	-5.978596e+02
6.700000e-07	-2.363532e-06	-9.940529e-09	-1.652164e+01	-5.894001e+02
6.800000e-07	-2.214403e-06	-9.793290e-09	-1.547920e+01	-5.807139e+02
6.900000e-07	-2.064581e-06	-9.647624e-09	-1.443191e+01	-5.718195e+02
7.000000e-07	-1.914074e-06	-9.498434e-09	-1.337983e+01	-5.627134e+02
7.100000e-07	-1.762833e-06	-9.339752e-09	-1.232262e+01	-5.533658e+02
7.200000e-07	-1.610891e-06	-9.172994e-09	-1.126050e+01	-5.437265e+02
7.300000e-07	-1.458375e-06	-9.004912e-09	-1.019438e+01	-5.337376e+02
7.400000e-07	-1.305367e-06	-8.832590e-09	-9.124820e+00	-5.233491e+02
7.500000e-07	-1.151884e-06	-8.650934e-09	-8.051938e+00	-5.125318e+02
7.600000e-07	-9.979998e-07	-8.462010e-09	-6.976252e+00	-5.012800e+02
7.700000e-07	-8.437639e-07	-8.268273e-09	-5.898107e+00	-4.896058e+02
7.800000e-07	-6.892346e-07	-8.067049e-09	-4.817911e+00	-4.775232e+02
7.900000e-07	-5.344218e-07	-7.853539e-09	-3.735733e+00	-4.650308e+02
8.000000e-07	-3.794152e-07	-7.630543e-09	-2.652201e+00	-4.520973e+02
8.100000e-07	-2.242587e-07	-7.401527e-09	-1.567620e+00	-4.386556e+02
8.200000e-07	-6.894494e-08	-7.166961e-09	-4.819413e-01	-4.246087e+02
8.300000e-07	8.638668e-08	-6.921721e-09	6.038631e-01	-4.098454e+02
8.400000e-07	2.416321e-07	-6.661797e-09	1.689065e+00	-3.942601e+02
8.500000e-07	3.968034e-07	-6.386228e-09	2.773749e+00	-3.777713e+02
8.600000e-07	5.518584e-07	-6.093258e-09	3.857619e+00	-3.603319e+02
8.700000e-07	7.066883e-07	-5.780225e-09	4.939917e+00	-3.419278e+02
8.800000e-07	8.612180e-07	-5.447589e-09	6.020115e+00	-3.225656e+02
8.900000e-07	1.015360e-06	-5.100031e-09	7.097605e+00	-3.022526e+02
9.000000e-07	1.169080e-06	-4.741506e-09	8.172145e+00	-2.809745e+02
9.100000e-07	1.322425e-06	-4.368015e-09	9.244063e+00	-2.586783e+02
9.200000e-07	1.475372e-06	-3.975732e-09	1.031319e+01	-2.352638e+02
9.300000e-07	1.627818e-06	-3.562622e-09	1.137883e+01	-2.105873e+02
9.400000e-07	1.779632e-06	-3.123790e-09	1.244005e+01	-1.844765e+02
9.500000e-07	1.930764e-06	-2.652299e-09	1.349649e+01	-1.567541e+02
9.600000e-07	2.081197e-06	-2.146465e-09	1.454805e+01	-1.272661e+02
9.700000e-07	2.230871e-06	-1.612035e-09	1.559431e+01	-9.591049e+01
9.800000e-07	2.379773e-06	-1.050913e-09	1.663517e+01	-6.266170e+01
9.900000e-07	2.527809e-06	-4.600430e-10	1.766998e+01	-2.758869e+01
1.000000e-06	2.674872e-06	1.604579e-10	1.869798e+01	9.136483e+00
1.010000e-06	2.820989e-06	8.033776e-10	1.971937e+01	4.724066e+01
1.020000e-06	2.966186e-06	1.462962e-09	2.073433e+01	8.636218e+01
1.030000e-06	3.110355e-06	2.134426e-09	2.174211e+01	1.260735e+02
1.040000e-06	3.253354e-06	2.808864e-09	2.274170e+01	1.659110e+02
1.050000e-06	3.395113e-06	3.475579e-09	2.373264e+01	2.054093e+02
1.060000e-06	3.535566e-06	4.128980e-09	2.471443e+01	2.441341e+02
1.070000e-06	3.674650e-06	4.765579e-09	2.568666e+01	2.817102e+02
1.080000e-06	3.812382e-06	5.378275e-09	2.664944e+01	3.178404e+02
1.090000e-06	3.948700e-06	5.957822e-09	2.760234e+01	3.523125e+02
1.100000e-06	4.083524e-06	6.504122e-09	2.854479e+01	3.849966e+02
1.110000e-06	4.216879e-06	7.021407e-09	2.947697e+01	4.158324e+02
1.120000e-06	4.348649e-06	7.508590e-09	3.039807e+01	4.448134e+02
1.130000e-06	4.478827e-06	7.963444e-09	3.130805e+01	4.719699e+02
1.140000e-06	4.607498e-06	8.388336e-09	3.220749e+01	4.973555e+02
1.150000e-06	4.734571e-06	8.789032e-09	3.309576e+01	5.210379e+02
1.160000e-06	4.860035e-06	9.165567e-09	3.397278e+01	5.430941e+02
1.170000e-06	4.983797e-06	9.512684e-09	3.483791e+01	5.636092e+02
1.180000e-06	5.105744e-06	9.829274e-09	3.569035e+01	5.826745e+02
1.190000e-06	5.225821e-06	1.012223e-08	3.652971e+01	6.003864e+02
1.200000e-06	5.343967e-06	1.039609e-08	3.735558e+01	6.168422e+02
1.210000e-06	5.460086e-06	1.065137e-08	3.816728e+01	6.321361e+02
1.220000e-06	5.574090e-06	1.088840e-08	3.896419e+01	6.463548e+02
1.230000e-06	5.686014e-06	1.111157e-08	3.974657e+01	6.595750e+02
1.240000e-06	5.795894e-06	1.132339e-08	4.051465e+01	6.718638e+02
1.250000e-06	5.903754e-06	1.152037e-08	4.126862e+01	6.832804e+02
1.260000e-06	6.009529e-06	1.169951e-08	4.200801e+01	6.938800e+02
1.270000e-06	6.113114e-06	1.186271e-08	4.273210e+01	7.037165e+02
1.280000e-06	6.214501e-06	1.201346e-08	4.344082e+01	7.128440e+02
1.290000e-06	6.313643e-06	1.215195e-08	4.413384e+01	7.213168e+02
1.300000e-06	6.410399e-06	1.227966e-08	4.481019e+01	7.291873e+02
1.310000e-06	6.504839e-06	1.240166e-08	4.547035e+01	7.365037e+02
1.320000e-06	6.597038e-06	1.251867e-08	4.611484e+01	7.433088e+02
1.330000e-06	6.686914e-06	1.262804e-08	4.674309e+01	7.496398e+02
1.340000e-06	6.774434e-06	1.272650e-08	4.735488e+01	7.555296e+02
1.350000e-06	6.859647e-06	1.281694e-08	4.795054e+01	7.610092e+02
1.360000e-06	6.942520e-06	1.290295e-08	4.852984e+01	7.661088e+02
1.370000e-06	7.022882e-06	1.298243e-08	4.909159e+01	7.708589e+02
1.380000e-06	7.100685e-06	1.305689e-08	4.963545e+01	7.752889e+02
1.390000e-06	7.175806e-06	1.312867e-08	5.016056e+01	7.794256e+02
1.400000e-06	7.248170e-06	1.319720e-08	5.066641e+01	7.832912e+02
1.410000e-06	7.317950e-06	1.325938e-08	5.115418e+01	7.869028e+02
1.420000e-06	7.385191e-06	1.331349e-08	5.162421e+01	7.902731e+02
1.430000e-06	7.449774e-06	1.336188e-08	5.207566e+01	7.934123e+02
1.440000e-06	7.511780e-06	1.340985e-08	5.250910e+01	7.963308e+02
1.450000e-06	7.571253e-06	1.345850e-08	5.292483e+01	7.990401e+02
1.460000e-06	7.628016e-06	1.350293e-08	5.332162e+01	8.015533e+02
1.470000e-06	7.681945e-06	1.354102e-08	5.369859e+01	8.038832e+02
1.480000e-06	7.732786e-06	1.357564e-08	5.405399e+01	8.060405e+02
1.490000e-06	7.780542e-06	1.360948e-08	5.438781e+01	8.080313e+02
1.500000e-06	7.825487e-06	1.364060e-08	5.470199e+01	8.098576e+02
1.510000e-06	7.867620e-06	1.366618e-08	5.499651e+01	8.115185e+02
1.520000e-06	7.906902e-06	1.369017e-08	5.527110e+01	8.130140e+02
1.530000e-06	7.943486e-06	1.371528e-08	5.552683e+01	8.143480e+02
1.540000e-06	7.977306e-06	1.373755e-08	5.576323e+01	8.155306e+02
1.550000e-06	8.008279e-06	1.375305e-08	5.597975e+01	8.165772e+02
1.560000e-06	8.036520e-06	1.376540e-08	5.617716e+01	8.175054e+02
1.570000e-06	8.061946e-06	1.377882e-08	5.635489e+01	8.183303e+02
1.580000e-06	8.084501e-06	1.379088e-08	5.651256e+01	8.190604e+02
1.590000e-06	8.104293e-06	1.379973e-08	5.665091e+01	8.196956e+02
1.600000e-06	8.121214e-06	1.380854e-08	5.676918e+01	8.202287e+02
1.610000e-06	8.135051e-06	1.381791e-08	5.686591e+01	8.206500e+02
1.620000e-06	8.145718e-06	1.382406e-08	5.694048e+01	8.209527e+02
1.630000e-06	8.153340e-06	1.382437e-08	5.699375e+01	8.211383e+02
1.640000e-06	8.158172e-06	1.382336e-08	5.702753e+01	8.212171e+02
1.650000e-06	8.160170e-06	1.382383e-08	5.704150e+01	8.212067e+02
1.660000e-06	8.159329e-06	1.382396e-08	5.703562e+01	8.211250e+02
1.670000e-06	8.155807e-06	1.382171e-08	5.701100e+01	8.209842e+02
1.680000e-06	8.149548e-06	1.381690e-08	5.696725e+01	8.207851e+02
1.690000e-06	8.140594e-06	1.381280e-08	5.690466e+01	8.205165e+02
1.700000e-06	8.128913e-06	1.380614e-08	5.682300e+01	8.201593e+02
1.710000e-06	8.114371e-06	1.379331e-08	5.672135e+01	8.196937e+02
1.720000e-06	8.097231e-06	1.377556e-08	5.660154e+01	8.191075e+02
1.730000e-06	8.077748e-06	1.377094e-08	5.646535e+01	8.184016e+02
1.740000e-06	8.055536e-06	1.379589e-08	5.631008e+01	8.175903e+02
1.750000e-06	8.029832e-06	1.379422e-08	5.613041e+01	8.166966e+02
1.760000e-06	8.000368e-06	1.374851e-08	5.592445e+01	8.157434e+02
1.770000e-06	7.967698e-06	1.370778e-08	5.569608e+01	8.147444e+02
1.780000e-06	7.932472e-06	1.368374e-08	5.544984e+01	8.136986e+02
1.790000e-06	7.894843e-06	1.365317e-08	5.518680e+01	8.125905e+02
1.800000e-06	7.855109e-06	1.365134e-08	5.490905e+01	8.113961e+02
1.810000e-06	7.813274e-06	1.363627e-08	5.461661e+01	8.100924e+02
1.820000e-06	7.768774e-06	1.359679e-08	5.430555e+01	8.086675e+02
1.830000e-06	7.721507e-06	1.360763e-08	5.397514e+01	8.071256e+02
1.840000e-06	7.671310e-06	1.356523e-08	5.362425e+01	8.054865e+02
1.850000e-06	7.617911e-06	1.352655e-08	5.325098e+01	8.037783e+02
1.860000e-06	7.561620e-06	1.349379e-08	5.285749e+01	8.020265e+02
1.870000e-06	7.502680e-06	1.344514e-08	5.244549e+01	8.002438e+02
1.880000e-06	7.441235e-06	1.344423e-08	5.201597e+01	7.984247e+02
1.890000e-06	7.377030e-06	1.340543e-08	5.156716e+01	7.965466e+02
1.900000e-06	7.309969e-06	1.338548e-08	5.109839e+01	7.945782e+02
1.910000e-06	7.240197e-06	1.335731e-08	5.061067e+01	7.924901e+02
1.920000e-06	7.167532e-06	1.331231e-08	5.010273e+01	7.902655e+02
1.930000e-06	7.092193e-06	1.326521e-08	4.957609e+01	7.879055e+02
1.940000e-06	7.014124e-06	1.320057e-08	4.903037e+01	7.854269e+02
1.950000e-06	6.933415e-06	1.317470e-08	4.846619e+01	7.828544e+02
1.960000e-06	6.850336e-06	1.312815e-08	4.788545e+01	7.802095e+02
1.970000e-06	6.764784e-06	1.309335e-08	4.728742e+01	7.775011e+02
1.980000e-06	6.676713e-06	1.305290e-08	4.667179e+01	7.747210e+02
1.990000e-06	6.586208e-06	1.299512e-08	4.603913e+01	7.718477e+02
2.000000e-06	6.493514e-06	1.294932e-08	4.539118e+01	7.688539e+02
2.010000e-06	6.398539e-06	1.288574e-08	4.472729e+01	7.657182e+02
2.020000e-06	6.301290e-06	1.283399e-08	4.404750e+01	7.624326e+02
2.030000e-06	6.201895e-06	1.277398e-08	4.335270e+01	7.590054e+02
2.040000e-06	6.100218e-06	1.271932e-08	4.264195e+01	7.554562e+02
2.050000e-06	5.996210e-06	1.265595e-08	4.191491e+01	7.518066e+02
2.060000e-06	5.890016e-06	1.258882e-08	4.117259e+01	7.480695e+02
2.070000e-06	5.781841e-06	1.252452e-08	4.041642e+01	7.442421e+02
2.080000e-06	5.671551e-06	1.245607e-08	3.964547e+01	7.403057e+02
2.090000e-06	5.559127e-06	1.239321e-08	3.885960e+01	7.362320e+02
2.100000e-06	5.444594e-06	1.231925e-08	3.805899e+01	7.319942e+02
2.110000e-06	5.327896e-06	1.224828e-08	3.724324e+01	7.275778e+02
2.120000e-06	5.209085e-06	1.216667e-08	3.641273e+01	7.229868e+02
2.130000e-06	5.088317e-06	1.208574e-08	3.556853e+01	7.182424e+02
2.140000e-06	4.965796e-06	1.199702e-08	3.471208e+01	7.133745e+02
2.150000e-06	4.841523e-06	1.191804e-08	3.384338e+01	7.084087e+02
2.160000e-06	4.715478e-06	1.183761e-08	3.296229e+01	7.033555e+02
2.170000e-06	4.587704e-06	1.175098e-08	3.206913e+01	6.982038e+02
2.180000e-06	4.458363e-06	1.166114e-08	3.116500e+01	6.929234e+02
2.190000e-06	4.327528e-06	1.156862e-08	3.025043e+01	6.874747e+02
2.200000e-06	4.195141e-06	1.147619e-08	2.932502e+01	6.818219e+02
2.210000e-06	4.061188e-06	1.137256e-08	2.838866e+01	6.759446e+02
2.220000e-06	3.925717e-06	1.127097e-08	2.744168e+01	6.698435e+02
2.230000e-06	3.788713e-06	1.116414e-08	2.648399e+01	6.635374e+02
2.240000e-06	3.650310e-06	1.106176e-08	2.551652e+01	6.570526e+02
2.250000e-06	3.510666e-06	1.094718e-08	2.454038e+01	6.504096e+02
2.260000e-06	3.369748e-06	1.083280e-08	2.355533e+01	6.436125e+02
2.270000e-06	3.227512e-06	1.071337e-08	2.256107e+01	6.366442e+02
2.280000e-06	3.083987e-06	1.059188e-08	2.155779e+01	6.294711e+02
2.290000e-06	2.939316e-06	1.046558e-08	2.054651e+01	6.220542e+02
2.300000e-06	2.793628e-06	1.033364e-08	1.952812e+01	6.143633e+02
2.310000e-06	2.647006e-06	1.020079e-08	1.850319e+01	6.063868e+02
2.320000e-06	2.499438e-06	1.006397e-08	1.747166e+01	5.981347e+02
2.330000e-06	2.350996e-06	9.924440e-09	1.643401e+01	5.896325e+02
2.340000e-06	2.201782e-06	9.773857e-09	1.539097e+01	5.809081e+02
2.350000e-06	2.051868e-06	9.622029e-09	1.434304e+01	5.719767e+02
2.360000e-06	1.901257e-06	9.464081e-09	1.329023e+01	5.628302e+02
2.370000e-06	1.749874e-06	9.305380e-09	1.223203e+01	5.534345e+02
2.380000e-06	1.597776e-06	9.140800e-09	1.116883e+01	5.437368e+02
2.390000e-06	1.445086e-06	8.973711e-09	1.010149e+01	5.336795e+02
2.400000e-06	1.291863e-06	8.798735e-09	9.030423e+00	5.232157e+02
2.410000e-06	1.138206e-06	8.613363e-09	7.956328e+00	5.123204e+02
2.420000e-06	9.842518e-07	8.419909e-09	6.880151e+00	5.009918e+02
2.430000e-06	8.299741e-07	8.221371e-09	5.801714e+00	4.892436e+02
2.440000e-06	6.753741e-07	8.020417e-09	4.721023e+00	4.770885e+02
2.450000e-06	5.205632e-07	7.812400e-09	3.638859e+00	4.645206e+02
2.460000e-06	3.655979e-07	7.594257e-09	2.555615e+00	4.515020e+02
2.470000e-06	2.104792e-07	7.365141e-09	1.471299e+00	4.379598e+02
2.480000e-06	5.522362e-08	7.125667e-09	3.860260e-01	4.237931e+02
2.490000e-06	-1.000581e-07	6.871273e-09	-6.994296e-01	4.088900e+02
2.500000e-06	-2.552393e-07	6.602265e-09	-1.784182e+00	3.931483e+02
2.510000e-06	-4.102989e-07	6.320404e-09	-2.868086e+00	3.764920e+02
2.520000e-06	-5.651702e-07	6.029732e-09	-3.950672e+00	3.588804e+02
2.530000e-06	-7.197634e-07	5.723217e-09	-5.031315e+00	3.403042e+02
2.540000e-06	-8.741126e-07	5.396508e-09	-6.110252e+00	3.207719e+02
2.550000e-06	-1.028156e-06	5.051832e-09	-7.187048e+00	3.002883e+02
2.560000e-06	-1.181824e-06	4.691423e-09	-8.261229e+00	2.788334e+02
2.570000e-06	-1.335129e-06	4.311523e-09	-9.332865e+00	2.563460e+02
2.580000e-06	-1.487971e-06	3.909852e-09	-1.040127e+01	2.327176e+02
2.590000e-06	-1.640246e-06	3.489533e-09	-1.146570e+01	2.077979e+02
2.600000e-06	-1.791832e-06	3.049921e-09	-1.252533e+01	1.814119e+02
2.610000e-06	-1.942659e-06	2.585199e-09	-1.357964e+01	1.533842e+02
2.620000e-06	-2.092763e-06	2.087864e-09	-1.462890e+01	1.235681e+02
2.630000e-06	-2.242145e-06	1.556462e-09	-1.567312e+01	9.187359e+01
2.640000e-06	-2.390766e-06	9.937749e-10	-1.671201e+01	5.829089e+01
2.650000e-06	-2.538584e-06	4.007739e-10	-1.774529e+01	2.290706e+01
2.660000e-06	-2.685488e-06	-2.195240e-10	-1.877219e+01	-1.408736e+01
2.670000e-06	-2.831404e-06	-8.628014e-10	-1.979218e+01	-5.240215e+01
2.680000e-06	-2.976372e-06	-1.522398e-09	-2.080554e+01	-9.166200e+01
2.690000e-06	-3.120245e-06	-2.189042e-09	-2.181124e+01	-1.314305e+02
2.700000e-06	-3.262832e-06	-2.856947e-09	-2.280796e+01	-1.712413e+02
2.710000e-06	-3.404189e-06	-3.518268e-09	-2.379608e+01	-2.106321e+02
2.720000e-06	-3.544332e-06	-4.164292e-09	-2.477571e+01	-2.491774e+02
2.730000e-06	-3.683112e-06	-4.790235e-09	-2.574581e+01	-2.865149e+02
2.740000e-06	-3.820498e-06	-5.394216e-09	-2.670618e+01	-3.223623e+02
2.750000e-06	-3.956475e-06	-5.972461e-09	-2.765669e+01	-3.565226e+02
2.760000e-06	-4.090915e-06	-6.520503e-09	-2.859645e+01	-3.888795e+02
2.770000e-06	-4.223934e-06	-7.034640e-09	-2.952629e+01	-4.193834e+02
2.780000e-06	-4.355574e-06	-7.516429e-09	-3.044648e+01	-4.480357e+02
2.790000e-06	-4.485664e-06	-7.968487e-09	-3.135584e+01	-4.748718e+02
2.800000e-06	-4.614150e-06	-8.390996e-09	-3.225399e+01	-4.999482e+02
2.810000e-06	-4.740945e-06	-8.783489e-09	-3.314032e+01	-5.233344e+02
2.820000e-06	-4.866107e-06	-9.148688e-09	-3.401523e+01	-5.451092e+02
2.830000e-06	-4.989592e-06	-9.492317e-09	-3.487842e+01	-5.653587e+02
2.840000e-06	-5.111228e-06	-9.814330e-09	-3.572868e+01	-5.841754e+02
2.850000e-06	-5.230979e-06	-1.011185e-08	-3.656577e+01	-6.016560e+02
2.860000e-06	-5.348762e-06	-1.038624e-08	-3.738910e+01	-6.178978e+02
2.870000e-06	-5.464409e-06	-1.064154e-08	-3.819750e+01	-6.329938e+02
2.880000e-06	-5.577750e-06	-1.087732e-08	-3.898978e+01	-6.470290e+02
2.890000e-06	-5.688880e-06	-1.109353e-08	-3.976660e+01	-6.600785e+02
2.900000e-06	-5.797959e-06	-1.129339e-08	-4.052909e+01	-6.722075e+02
2.910000e-06	-5.905085e-06	-1.148130e-08	-4.127793e+01	-6.834744e+02
2.920000e-06	-6.010266e-06	-1.166086e-08	-4.201317e+01	-6.939340e+02
2.930000e-06	-6.113241e-06	-1.183031e-08	-4.273298e+01	-7.036400e+02
2.940000e-06	-6.213948e-06	-1.198450e-08	-4.343695e+01	-7.126469e+02
2.950000e-06	-6.312490e-06	-1.212648e-08	-4.412578e+01	-7.210085e+02
2.960000e-06	-6.408833e-06	-1.225907e-08	-4.479924e+01	-7.287769e+02
2.970000e-06	-6.502884e-06	-1.238066e-08	-4.545668e+01	-7.359992e+02
2.980000e-06	-6.594594e-06	-1.249167e-08	-4.609775e+01	-7.427172e+02
2.990000e-06	-6.684079e-06	-1.259436e-08	-4.672328e+01	-7.489673e+02
3.000000e-06	-6.771247e-06	-1.269328e-08	-4.733260e+01	-7.547818e+02
3.010000e-06	-6.855909e-06	-1.278928e-08	-4.792441e+01	-7.601914e+02
3.020000e-06	-6.938167e-06	-1.287790e-08	-4.849941e+01	-7.652266e+02
3.030000e-06	-7.017949e-06	-1.295566e-08	-4.905710e+01	-7.699176e+02
3.040000e-06	-7.094983e-06	-1.302693e-08	-4.959559e+01	-7.742936e+02
3.050000e-06	-7.169350e-06	-1.309352e-08	-5.011543e+01	-7.783806e+02
3.060000e-06	-7.241144e-06	-1.315468e-08	-5.061729e+01	-7.821999e+02
3.070000e-06	-7.310280e-06	-1.321289e-08	-5.110057e+01	-7.857677e+02
3.080000e-06	-7.376802e-06	-1.327035e-08	-5.156557e+01	-7.890962e+02
3.090000e-06	-7.440763e-06	-1.332474e-08	-5.201267e+01	-7.921954e+02
3.100000e-06	-7.502084e-06	-1.337304e-08	-5.244132e+01	-7.950758e+02
3.110000e-06	-7.560722e-06	-1.341950e-08	-5.285121e+01	-7.977493e+02
3.120000e-06	-7.616627e-06	-1.346471e-08	-5.324201e+01	-8.002290e+02
3.130000e-06	-7.669659e-06	-1.350387e-08	-5.361271e+01	-8.025277e+02
3.140000e-06	-7.719612e-06	-1.353563e-08	-5.396189e+01	-8.046551e+02
3.150000e-06	-7.766469e-06	-1.356635e-08	-5.428943e+01	-8.066167e+02
3.160000e-06	-7.810676e-06	-1.359927e-08	-5.459845e+01	-8.084136e+02
3.170000e-06	-7.852451e-06	-1.362872e-08	-5.489047e+01	-8.100451e+02
3.180000e-06	-7.891515e-06	-1.365110e-08	-5.516354e+01	-8.115115e+02
3.190000e-06	-7.927759e-06	-1.367101e-08	-5.541689e+01	-8.128178e+02
3.200000e-06	-7.961273e-06	-1.369373e-08	-5.565116e+01	-8.139751e+02
3.210000e-06	-7.991931e-06	-1.371523e-08	-5.586547e+01	-8.149994e+02
3.220000e-06	-8.019660e-06	-1.373050e-08	-5.605930e+01	-8.159083e+02
3.230000e-06	-8.044612e-06	-1.374252e-08	-5.623372e+01	-8.167161e+02
3.240000e-06	-8.066658e-06	-1.375579e-08	-5.638783e+01	-8.174297e+02
3.250000e-06	-8.085791e-06	-1.376738e-08	-5.652157e+01	-8.180475e+02
3.260000e-06	-8.102107e-06	-1.377346e-08	-5.663562e+01	-8.185615e+02
3.270000e-06	-8.115348e-06	-1.377825e-08	-5.672818e+01	-8.189621e+02
3.280000e-06	-8.125505e-06	-1.378538e-08	-5.679918e+01	-8.192438e+02
3.290000e-06	-8.132722e-06	-1.379225e-08	-5.684963e+01	-8.194094e+02
3.300000e-06	-8.137063e-06	-1.379388e-08	-5.687998e+01	-8.194711e+02
3.310000e-06	-8.138656e-06	-1.379434e-08	-5.689111e+01	-8.194469e+02
