# Temperatura_=_43.55
# Concentracion g/m^3_=_11780.0
# C_Vs_to_Am_M_A/Vsm_=_59384043850.047264
# pendiente_HvsI_1/m_=_3716.3
# ordenada_HvsI_A/m_=_1297.0
# frecuencia_Hz_=_301553.35975220526

Tiempo_(s)	Campo_(V.s)	Magnetizacion_(V.s)	Campo_(kA/m)	Magnetizacion_(A/m)
0.000000e+00	-8.127824e-06	-1.378379e-08	-5.688786e+01	-8.178581e+02
1.000000e-08	-8.125070e-06	-1.377644e-08	-5.686859e+01	-8.177032e+02
2.000000e-08	-8.119614e-06	-1.377077e-08	-5.683040e+01	-8.175225e+02
3.000000e-08	-8.111536e-06	-1.377110e-08	-5.677386e+01	-8.173284e+02
4.000000e-08	-8.100668e-06	-1.376955e-08	-5.669780e+01	-8.171063e+02
5.000000e-08	-8.086906e-06	-1.376165e-08	-5.660148e+01	-8.168190e+02
6.000000e-08	-8.070225e-06	-1.375336e-08	-5.648472e+01	-8.164196e+02
7.000000e-08	-8.050968e-06	-1.375322e-08	-5.634994e+01	-8.158686e+02
8.000000e-08	-8.029245e-06	-1.374447e-08	-5.619790e+01	-8.151488e+02
9.000000e-08	-8.004457e-06	-1.367025e-08	-5.602440e+01	-8.142719e+02
1.000000e-07	-7.976397e-06	-1.363553e-08	-5.582801e+01	-8.132743e+02
1.100000e-07	-7.945368e-06	-1.367352e-08	-5.561083e+01	-8.122038e+02
1.200000e-07	-7.911452e-06	-1.368912e-08	-5.537345e+01	-8.111014e+02
1.300000e-07	-7.874887e-06	-1.365589e-08	-5.511752e+01	-8.099865e+02
1.400000e-07	-7.836087e-06	-1.361833e-08	-5.484596e+01	-8.088497e+02
1.500000e-07	-7.794969e-06	-1.364282e-08	-5.455817e+01	-8.076567e+02
1.600000e-07	-7.751130e-06	-1.358909e-08	-5.425133e+01	-8.063617e+02
1.700000e-07	-7.704510e-06	-1.356186e-08	-5.392503e+01	-8.049258e+02
1.800000e-07	-7.655118e-06	-1.351808e-08	-5.357933e+01	-8.033315e+02
1.900000e-07	-7.602631e-06	-1.344372e-08	-5.321196e+01	-8.015902e+02
2.000000e-07	-7.547223e-06	-1.349450e-08	-5.282415e+01	-7.997381e+02
2.100000e-07	-7.489104e-06	-1.345849e-08	-5.241737e+01	-7.978224e+02
2.200000e-07	-7.428318e-06	-1.341033e-08	-5.199192e+01	-7.958838e+02
2.300000e-07	-7.364926e-06	-1.337207e-08	-5.154823e+01	-7.939411e+02
2.400000e-07	-7.298708e-06	-1.334352e-08	-5.108476e+01	-7.919840e+02
2.500000e-07	-7.229739e-06	-1.334400e-08	-5.060204e+01	-7.899769e+02
2.600000e-07	-7.158175e-06	-1.325250e-08	-5.010114e+01	-7.878719e+02
2.700000e-07	-7.083825e-06	-1.320217e-08	-4.958076e+01	-7.856257e+02
2.800000e-07	-7.006712e-06	-1.319610e-08	-4.904104e+01	-7.832148e+02
2.900000e-07	-6.926901e-06	-1.318509e-08	-4.848242e+01	-7.806422e+02
3.000000e-07	-6.844535e-06	-1.311129e-08	-4.790593e+01	-7.779346e+02
3.100000e-07	-6.759913e-06	-1.303268e-08	-4.731365e+01	-7.751303e+02
3.200000e-07	-6.673017e-06	-1.302537e-08	-4.670545e+01	-7.722636e+02
3.300000e-07	-6.583698e-06	-1.297174e-08	-4.608030e+01	-7.693513e+02
3.400000e-07	-6.491975e-06	-1.290902e-08	-4.543831e+01	-7.663861e+02
3.500000e-07	-6.397992e-06	-1.284039e-08	-4.478051e+01	-7.633396e+02
3.600000e-07	-6.301697e-06	-1.279618e-08	-4.410653e+01	-7.601733e+02
3.700000e-07	-6.202996e-06	-1.276208e-08	-4.341571e+01	-7.568526e+02
3.800000e-07	-6.102044e-06	-1.269461e-08	-4.270913e+01	-7.533593e+02
3.900000e-07	-5.998995e-06	-1.262177e-08	-4.198787e+01	-7.496965e+02
4.000000e-07	-5.893744e-06	-1.255762e-08	-4.125120e+01	-7.458861e+02
4.100000e-07	-5.786303e-06	-1.252264e-08	-4.049921e+01	-7.419585e+02
4.200000e-07	-5.676854e-06	-1.244921e-08	-3.973315e+01	-7.379400e+02
4.300000e-07	-5.565418e-06	-1.235913e-08	-3.895320e+01	-7.338426e+02
4.400000e-07	-5.451850e-06	-1.227977e-08	-3.815832e+01	-7.296591e+02
4.500000e-07	-5.336080e-06	-1.221969e-08	-3.734803e+01	-7.253671e+02
4.600000e-07	-5.218196e-06	-1.214805e-08	-3.652294e+01	-7.209376e+02
4.700000e-07	-5.098401e-06	-1.205549e-08	-3.568448e+01	-7.163460e+02
4.800000e-07	-4.976790e-06	-1.197904e-08	-3.483330e+01	-7.115810e+02
4.900000e-07	-4.853316e-06	-1.191466e-08	-3.396909e+01	-7.066473e+02
5.000000e-07	-4.728102e-06	-1.184069e-08	-3.309270e+01	-7.015620e+02
5.100000e-07	-4.601320e-06	-1.173515e-08	-3.220533e+01	-6.963456e+02
5.200000e-07	-4.472943e-06	-1.163655e-08	-3.130680e+01	-6.910126e+02
5.300000e-07	-4.342881e-06	-1.154901e-08	-3.039648e+01	-6.855638e+02
5.400000e-07	-4.211138e-06	-1.145797e-08	-2.947439e+01	-6.799849e+02
5.500000e-07	-4.077852e-06	-1.134987e-08	-2.854150e+01	-6.742501e+02
5.600000e-07	-3.943127e-06	-1.124709e-08	-2.759854e+01	-6.683307e+02
5.700000e-07	-3.806935e-06	-1.115834e-08	-2.664531e+01	-6.622034e+02
5.800000e-07	-3.669328e-06	-1.106062e-08	-2.568218e+01	-6.558563e+02
5.900000e-07	-3.530376e-06	-1.094293e-08	-2.470963e+01	-6.492904e+02
6.000000e-07	-3.390041e-06	-1.081853e-08	-2.372741e+01	-6.425149e+02
6.100000e-07	-3.248239e-06	-1.070772e-08	-2.273491e+01	-6.355408e+02
6.200000e-07	-3.105100e-06	-1.059123e-08	-2.173306e+01	-6.283735e+02
6.300000e-07	-2.960781e-06	-1.046088e-08	-2.072295e+01	-6.210081e+02
6.400000e-07	-2.815389e-06	-1.032599e-08	-1.970533e+01	-6.134298e+02
6.500000e-07	-2.669011e-06	-1.020025e-08	-1.868081e+01	-6.056183e+02
6.600000e-07	-2.521690e-06	-1.007152e-08	-1.764969e+01	-5.975540e+02
6.700000e-07	-2.373549e-06	-9.928774e-09	-1.661283e+01	-5.892235e+02
6.800000e-07	-2.224671e-06	-9.779525e-09	-1.557081e+01	-5.806229e+02
6.900000e-07	-2.075078e-06	-9.633354e-09	-1.452378e+01	-5.717553e+02
7.000000e-07	-1.924798e-06	-9.487186e-09	-1.347195e+01	-5.626261e+02
7.100000e-07	-1.773854e-06	-9.326967e-09	-1.241547e+01	-5.532359e+02
7.200000e-07	-1.622276e-06	-9.156635e-09	-1.135455e+01	-5.435750e+02
7.300000e-07	-1.470058e-06	-8.989646e-09	-1.028916e+01	-5.336214e+02
7.400000e-07	-1.317238e-06	-8.823068e-09	-9.219550e+00	-5.233430e+02
7.500000e-07	-1.163972e-06	-8.645265e-09	-8.146812e+00	-5.127026e+02
7.600000e-07	-1.010313e-06	-8.457711e-09	-7.071330e+00	-5.016643e+02
7.700000e-07	-8.562456e-07	-8.268168e-09	-5.992992e+00	-4.901980e+02
7.800000e-07	-7.018604e-07	-8.073078e-09	-4.912427e+00	-4.782799e+02
7.900000e-07	-5.472326e-07	-7.862502e-09	-3.830164e+00	-4.658885e+02
8.000000e-07	-3.924820e-07	-7.637731e-09	-2.747041e+00	-4.529978e+02
8.100000e-07	-2.375996e-07	-7.408023e-09	-1.662996e+00	-4.395703e+02
8.200000e-07	-8.251433e-08	-7.174498e-09	-5.775303e-01	-4.255518e+02
8.300000e-07	7.265922e-08	-6.929685e-09	5.085529e-01	-4.108727e+02
8.400000e-07	2.277626e-07	-6.670543e-09	1.594145e+00	-3.954536e+02
8.500000e-07	3.826957e-07	-6.400048e-09	2.678545e+00	-3.792155e+02
8.600000e-07	5.374524e-07	-6.115754e-09	3.761710e+00	-3.620907e+02
8.700000e-07	6.919829e-07	-5.810646e-09	4.843292e+00	-3.440310e+02
8.800000e-07	8.462587e-07	-5.483791e-09	5.923092e+00	-3.250091e+02
8.900000e-07	1.000251e-06	-5.139420e-09	7.000909e+00	-3.050118e+02
9.000000e-07	1.153941e-06	-4.785845e-09	8.076605e+00	-2.840268e+02
9.100000e-07	1.307248e-06	-4.418361e-09	9.149628e+00	-2.620246e+02
9.200000e-07	1.460045e-06	-4.031439e-09	1.021908e+01	-2.389430e+02
9.300000e-07	1.612265e-06	-3.624632e-09	1.128448e+01	-2.146776e+02
9.400000e-07	1.763898e-06	-3.195408e-09	1.234579e+01	-1.890832e+02
9.500000e-07	1.914916e-06	-2.737703e-09	1.340279e+01	-1.619892e+02
9.600000e-07	2.065247e-06	-2.245876e-09	1.445497e+01	-1.332255e+02
9.700000e-07	2.214806e-06	-1.723882e-09	1.550176e+01	-1.026562e+02
9.800000e-07	2.363562e-06	-1.175686e-09	1.654293e+01	-7.021484e+01
9.900000e-07	2.511502e-06	-5.994696e-10	1.757838e+01	-3.593179e+01
1.000000e-06	2.658527e-06	9.309859e-12	1.860743e+01	4.923856e-02
1.010000e-06	2.804608e-06	6.423343e-10	1.962987e+01	3.747140e+01
1.020000e-06	2.949725e-06	1.290175e-09	2.064557e+01	7.598078e+01
1.030000e-06	3.093734e-06	1.948805e-09	2.165351e+01	1.151553e+02
1.040000e-06	3.236567e-06	2.613930e-09	2.265322e+01	1.545410e+02
1.050000e-06	3.378226e-06	3.277883e-09	2.364472e+01	1.936884e+02
1.060000e-06	3.518631e-06	3.930198e-09	2.462743e+01	2.321836e+02
1.070000e-06	3.657675e-06	4.565886e-09	2.560062e+01	2.696698e+02
1.080000e-06	3.795327e-06	5.178187e-09	2.656406e+01	3.058581e+02
1.090000e-06	3.931557e-06	5.761752e-09	2.751756e+01	3.405283e+02
1.100000e-06	4.066290e-06	6.314411e-09	2.846058e+01	3.735244e+02
1.110000e-06	4.199564e-06	6.836803e-09	2.939339e+01	4.047470e+02
1.120000e-06	4.331352e-06	7.330169e-09	3.031579e+01	4.341457e+02
1.130000e-06	4.461569e-06	7.793923e-09	3.122719e+01	4.617136e+02
1.140000e-06	4.590179e-06	8.228751e-09	3.212736e+01	4.874828e+02
1.150000e-06	4.717150e-06	8.635704e-09	3.301605e+01	5.115187e+02
1.160000e-06	4.842522e-06	9.014122e-09	3.389355e+01	5.339132e+02
1.170000e-06	4.966242e-06	9.363191e-09	3.475948e+01	5.547747e+02
1.180000e-06	5.088210e-06	9.685826e-09	3.561315e+01	5.742158e+02
1.190000e-06	5.208339e-06	9.986438e-09	3.645395e+01	5.923426e+02
1.200000e-06	5.326525e-06	1.026896e-08	3.728115e+01	6.092458e+02
1.210000e-06	5.442673e-06	1.053387e-08	3.809409e+01	6.249976e+02
1.220000e-06	5.556714e-06	1.078168e-08	3.889228e+01	6.396556e+02
1.230000e-06	5.668641e-06	1.101320e-08	3.967568e+01	6.532694e+02
1.240000e-06	5.778532e-06	1.122786e-08	4.044482e+01	6.658908e+02
1.250000e-06	5.886439e-06	1.142566e-08	4.120007e+01	6.775806e+02
1.260000e-06	5.992283e-06	1.160716e-08	4.194089e+01	6.884113e+02
1.270000e-06	6.095920e-06	1.177437e-08	4.266626e+01	6.984634e+02
1.280000e-06	6.197377e-06	1.192901e-08	4.337638e+01	7.078171e+02
1.290000e-06	6.296609e-06	1.207241e-08	4.407092e+01	7.165422e+02
1.300000e-06	6.393457e-06	1.220675e-08	4.474877e+01	7.246905e+02
1.310000e-06	6.487961e-06	1.233355e-08	4.541022e+01	7.322944e+02
1.320000e-06	6.580210e-06	1.245229e-08	4.605588e+01	7.393703e+02
1.330000e-06	6.670205e-06	1.256264e-08	4.668577e+01	7.459290e+02
1.340000e-06	6.757880e-06	1.266359e-08	4.729942e+01	7.519867e+02
1.350000e-06	6.843244e-06	1.275623e-08	4.789690e+01	7.575726e+02
1.360000e-06	6.926204e-06	1.284303e-08	4.847754e+01	7.627324e+02
1.370000e-06	7.006611e-06	1.292468e-08	4.904033e+01	7.675229e+02
1.380000e-06	7.084482e-06	1.300131e-08	4.958536e+01	7.720024e+02
1.390000e-06	7.159786e-06	1.307289e-08	5.011242e+01	7.762192e+02
1.400000e-06	7.232406e-06	1.314023e-08	5.062070e+01	7.802032e+02
1.410000e-06	7.302397e-06	1.320328e-08	5.111058e+01	7.839634e+02
1.420000e-06	7.369780e-06	1.326110e-08	5.158220e+01	7.874926e+02
1.430000e-06	7.434496e-06	1.331329e-08	5.203516e+01	7.907777e+02
1.440000e-06	7.496651e-06	1.336320e-08	5.247019e+01	7.938106e+02
1.450000e-06	7.556264e-06	1.341404e-08	5.288743e+01	7.965967e+02
1.460000e-06	7.613214e-06	1.346139e-08	5.328603e+01	7.991564e+02
1.470000e-06	7.667373e-06	1.350039e-08	5.366510e+01	8.015201e+02
1.480000e-06	7.718474e-06	1.353370e-08	5.402276e+01	8.037188e+02
1.490000e-06	7.766419e-06	1.356646e-08	5.435834e+01	8.057736e+02
1.500000e-06	7.811512e-06	1.359831e-08	5.467395e+01	8.076892e+02
1.510000e-06	7.853889e-06	1.362619e-08	5.497056e+01	8.094552e+02
1.520000e-06	7.893421e-06	1.365102e-08	5.524724e+01	8.110522e+02
1.530000e-06	7.930163e-06	1.367593e-08	5.550441e+01	8.124638e+02
1.540000e-06	7.964171e-06	1.370019e-08	5.574244e+01	8.136864e+02
1.550000e-06	7.995375e-06	1.371832e-08	5.596084e+01	8.147350e+02
1.560000e-06	8.023847e-06	1.372991e-08	5.616012e+01	8.156404e+02
1.570000e-06	8.049463e-06	1.374059e-08	5.633940e+01	8.164407e+02
1.580000e-06	8.072155e-06	1.375269e-08	5.649823e+01	8.171682e+02
1.590000e-06	8.092139e-06	1.376254e-08	5.663810e+01	8.178384e+02
1.600000e-06	8.109279e-06	1.376980e-08	5.675807e+01	8.184455e+02
1.610000e-06	8.123407e-06	1.377829e-08	5.685695e+01	8.189654e+02
1.620000e-06	8.134423e-06	1.378643e-08	5.693406e+01	8.193675e+02
1.630000e-06	8.142330e-06	1.379106e-08	5.698940e+01	8.196277e+02
1.640000e-06	8.147452e-06	1.379199e-08	5.702525e+01	8.197410e+02
1.650000e-06	8.149774e-06	1.379082e-08	5.704150e+01	8.197252e+02
1.660000e-06	8.149233e-06	1.378852e-08	5.703771e+01	8.196159e+02
1.670000e-06	8.146030e-06	1.378935e-08	5.701529e+01	8.194542e+02
1.680000e-06	8.140081e-06	1.378395e-08	5.697366e+01	8.192706e+02
1.690000e-06	8.131378e-06	1.377808e-08	5.691274e+01	8.190731e+02
1.700000e-06	8.119903e-06	1.377469e-08	5.683243e+01	8.188423e+02
1.710000e-06	8.105531e-06	1.376688e-08	5.673184e+01	8.185383e+02
1.720000e-06	8.088566e-06	1.375090e-08	5.661309e+01	8.181139e+02
1.730000e-06	8.069298e-06	1.372743e-08	5.647824e+01	8.175330e+02
1.740000e-06	8.047374e-06	1.378116e-08	5.632478e+01	8.167832e+02
1.750000e-06	8.022075e-06	1.380711e-08	5.614771e+01	8.158813e+02
1.760000e-06	7.992992e-06	1.373344e-08	5.594416e+01	8.148669e+02
1.770000e-06	7.960527e-06	1.367496e-08	5.571693e+01	8.137878e+02
1.780000e-06	7.925542e-06	1.366333e-08	5.547206e+01	8.126823e+02
1.790000e-06	7.888199e-06	1.362928e-08	5.521069e+01	8.115648e+02
1.800000e-06	7.848647e-06	1.360128e-08	5.493387e+01	8.104208e+02
1.810000e-06	7.807046e-06	1.365218e-08	5.464269e+01	8.092127e+02
1.820000e-06	7.762822e-06	1.355166e-08	5.433316e+01	8.078947e+02
1.830000e-06	7.715870e-06	1.358275e-08	5.400454e+01	8.064307e+02
1.840000e-06	7.666090e-06	1.359350e-08	5.365612e+01	8.048083e+02
1.850000e-06	7.613046e-06	1.348307e-08	5.328485e+01	8.030438e+02
1.860000e-06	7.557074e-06	1.350565e-08	5.289310e+01	8.011766e+02
1.870000e-06	7.498456e-06	1.339683e-08	5.248282e+01	7.992540e+02
1.880000e-06	7.437217e-06	1.342857e-08	5.205420e+01	7.973139e+02
1.890000e-06	7.373256e-06	1.339677e-08	5.160653e+01	7.953699e+02
1.900000e-06	7.306537e-06	1.332992e-08	5.113955e+01	7.934068e+02
1.910000e-06	7.237147e-06	1.336125e-08	5.065388e+01	7.913856e+02
1.920000e-06	7.164919e-06	1.328193e-08	5.014835e+01	7.892579e+02
1.930000e-06	7.089998e-06	1.326354e-08	4.962397e+01	7.869830e+02
1.940000e-06	7.012286e-06	1.316992e-08	4.908004e+01	7.845420e+02
1.950000e-06	6.931878e-06	1.314887e-08	4.851726e+01	7.819426e+02
1.960000e-06	6.849121e-06	1.312226e-08	4.793803e+01	7.792145e+02
1.970000e-06	6.763859e-06	1.305171e-08	4.734127e+01	7.763966e+02
1.980000e-06	6.676073e-06	1.304606e-08	4.672684e+01	7.735210e+02
1.990000e-06	6.585932e-06	1.296143e-08	4.609593e+01	7.706003e+02
2.000000e-06	6.493589e-06	1.294102e-08	4.544961e+01	7.676228e+02
2.010000e-06	6.398895e-06	1.286594e-08	4.478683e+01	7.645576e+02
2.020000e-06	6.301855e-06	1.281258e-08	4.410763e+01	7.613656e+02
2.030000e-06	6.202660e-06	1.275728e-08	4.341335e+01	7.580146e+02
2.040000e-06	6.101213e-06	1.269533e-08	4.270331e+01	7.544899e+02
2.050000e-06	5.997479e-06	1.264693e-08	4.197726e+01	7.507985e+02
2.060000e-06	5.891601e-06	1.255797e-08	4.123621e+01	7.469647e+02
2.070000e-06	5.783755e-06	1.250728e-08	4.048137e+01	7.430190e+02
2.080000e-06	5.673820e-06	1.243155e-08	3.971192e+01	7.389858e+02
2.090000e-06	5.561746e-06	1.238246e-08	3.892750e+01	7.348738e+02
2.100000e-06	5.447572e-06	1.229887e-08	3.812838e+01	7.306727e+02
2.110000e-06	5.331267e-06	1.223035e-08	3.731434e+01	7.263580e+02
2.120000e-06	5.212909e-06	1.215123e-08	3.648594e+01	7.219008e+02
2.130000e-06	5.092532e-06	1.207147e-08	3.564340e+01	7.172783e+02
2.140000e-06	4.970298e-06	1.198121e-08	3.478786e+01	7.124822e+02
2.150000e-06	4.846313e-06	1.189603e-08	3.392007e+01	7.075197e+02
2.160000e-06	4.720533e-06	1.182668e-08	3.303972e+01	7.024093e+02
2.170000e-06	4.592952e-06	1.174019e-08	3.214676e+01	6.971711e+02
2.180000e-06	4.463786e-06	1.165259e-08	3.124271e+01	6.918176e+02
2.190000e-06	4.333187e-06	1.154990e-08	3.032863e+01	6.863467e+02
2.200000e-06	4.201105e-06	1.146186e-08	2.940417e+01	6.807418e+02
2.210000e-06	4.067475e-06	1.135453e-08	2.846887e+01	6.749759e+02
2.220000e-06	3.932296e-06	1.125640e-08	2.752273e+01	6.690206e+02
2.230000e-06	3.795593e-06	1.115015e-08	2.656593e+01	6.628542e+02
2.240000e-06	3.657515e-06	1.105605e-08	2.559950e+01	6.564674e+02
2.250000e-06	3.518210e-06	1.094716e-08	2.462448e+01	6.498629e+02
2.260000e-06	3.377578e-06	1.082905e-08	2.364018e+01	6.430510e+02
2.270000e-06	3.235580e-06	1.070493e-08	2.264631e+01	6.360421e+02
2.280000e-06	3.092355e-06	1.057969e-08	2.164386e+01	6.288398e+02
2.290000e-06	2.948024e-06	1.045908e-08	2.063366e+01	6.214374e+02
2.300000e-06	2.802586e-06	1.032943e-08	1.961572e+01	6.138188e+02
2.310000e-06	2.656261e-06	1.020125e-08	1.859157e+01	6.059633e+02
2.320000e-06	2.509077e-06	1.006400e-08	1.756141e+01	5.978519e+02
2.330000e-06	2.360987e-06	9.927642e-09	1.652490e+01	5.894730e+02
2.340000e-06	2.212011e-06	9.777177e-09	1.548220e+01	5.808240e+02
2.350000e-06	2.062248e-06	9.624272e-09	1.443399e+01	5.719091e+02
2.360000e-06	1.911820e-06	9.466956e-09	1.338111e+01	5.627333e+02
2.370000e-06	1.760679e-06	9.310499e-09	1.232326e+01	5.532955e+02
2.380000e-06	1.608903e-06	9.146788e-09	1.126095e+01	5.435841e+02
2.390000e-06	1.456565e-06	8.977107e-09	1.019472e+01	5.335749e+02
2.400000e-06	1.303699e-06	8.802174e-09	9.124783e+00	5.232343e+02
2.410000e-06	1.150332e-06	8.623096e-09	8.051345e+00	5.125251e+02
2.420000e-06	9.965645e-07	8.435243e-09	6.975106e+00	5.014121e+02
2.430000e-06	8.425385e-07	8.236875e-09	5.897054e+00	4.898665e+02
2.440000e-06	6.882252e-07	8.036211e-09	4.816992e+00	4.778652e+02
2.450000e-06	5.336180e-07	7.830413e-09	3.734873e+00	4.653866e+02
2.460000e-06	3.788335e-07	7.614982e-09	2.651513e+00	4.524030e+02
2.470000e-06	2.239389e-07	7.384103e-09	1.567382e+00	4.388741e+02
2.480000e-06	6.896599e-08	7.143713e-09	4.827033e-01	4.247429e+02
2.490000e-06	-8.603208e-08	6.893086e-09	-6.021515e-01	4.099374e+02
2.500000e-06	-2.409782e-07	6.632944e-09	-1.686643e+00	3.943774e+02
2.510000e-06	-3.958167e-07	6.356818e-09	-2.770381e+00	3.779852e+02
2.520000e-06	-5.504868e-07	6.067599e-09	-3.852940e+00	3.606961e+02
2.530000e-06	-7.049679e-07	5.765017e-09	-4.934177e+00	3.424658e+02
2.540000e-06	-8.591963e-07	5.443523e-09	-6.013644e+00	3.232702e+02
2.550000e-06	-1.013051e-06	5.100806e-09	-7.090497e+00	3.030974e+02
2.560000e-06	-1.166500e-06	4.739837e-09	-8.164512e+00	2.819334e+02
2.570000e-06	-1.319561e-06	4.365502e-09	-9.235809e+00	2.597439e+02
2.580000e-06	-1.472195e-06	3.976753e-09	-1.030412e+01	2.364596e+02
2.590000e-06	-1.624297e-06	3.569232e-09	-1.136870e+01	2.119683e+02
2.600000e-06	-1.775753e-06	3.137668e-09	-1.242876e+01	1.861188e+02
2.610000e-06	-1.926536e-06	2.679305e-09	-1.348411e+01	1.587383e+02
2.620000e-06	-2.076626e-06	2.191689e-09	-1.453462e+01	1.296603e+02
2.630000e-06	-2.225986e-06	1.671283e-09	-1.558001e+01	9.875893e+01
2.640000e-06	-2.374548e-06	1.118013e-09	-1.661982e+01	6.598304e+01
2.650000e-06	-2.522217e-06	5.368483e-10	-1.765338e+01	3.138264e+01
2.660000e-06	-2.668951e-06	-6.854758e-11	-1.868039e+01	-4.877913e+00
2.670000e-06	-2.814751e-06	-6.973045e-10	-1.970087e+01	-4.252283e+01
2.680000e-06	-2.959643e-06	-1.346209e-09	-2.071499e+01	-8.118362e+01
2.690000e-06	-3.103452e-06	-2.005366e-09	-2.172153e+01	-1.204298e+02
2.700000e-06	-3.245990e-06	-2.666366e-09	-2.271917e+01	-1.598054e+02
2.710000e-06	-3.387319e-06	-3.322832e-09	-2.370836e+01	-1.988655e+02
2.720000e-06	-3.527369e-06	-3.968707e-09	-2.468859e+01	-2.372051e+02
2.730000e-06	-3.666017e-06	-4.596004e-09	-2.565901e+01	-2.744790e+02
2.740000e-06	-3.803353e-06	-5.199281e-09	-2.662024e+01	-3.104106e+02
2.750000e-06	-3.939297e-06	-5.777050e-09	-2.757173e+01	-3.447918e+02
2.760000e-06	-4.073711e-06	-6.329303e-09	-2.851252e+01	-3.774773e+02
2.770000e-06	-4.206669e-06	-6.850993e-09	-2.944311e+01	-4.083768e+02
2.780000e-06	-4.338166e-06	-7.339394e-09	-3.036348e+01	-4.374481e+02
2.790000e-06	-4.468156e-06	-7.797471e-09	-3.127330e+01	-4.646917e+02
2.800000e-06	-4.596651e-06	-8.226879e-09	-3.217265e+01	-4.901459e+02
2.810000e-06	-4.723543e-06	-8.628492e-09	-3.306079e+01	-5.138817e+02
2.820000e-06	-4.848747e-06	-9.001676e-09	-3.393711e+01	-5.359945e+02
2.830000e-06	-4.972186e-06	-9.350060e-09	-3.480108e+01	-5.565943e+02
2.840000e-06	-5.093837e-06	-9.677560e-09	-3.565253e+01	-5.757936e+02
2.850000e-06	-5.213652e-06	-9.983225e-09	-3.649114e+01	-5.936960e+02
2.860000e-06	-5.331435e-06	-1.026412e-08	-3.731551e+01	-6.103890e+02
2.870000e-06	-5.447105e-06	-1.052198e-08	-3.812511e+01	-6.259419e+02
2.880000e-06	-5.560571e-06	-1.076251e-08	-3.891928e+01	-6.404101e+02
2.890000e-06	-5.671822e-06	-1.098803e-08	-3.969793e+01	-6.538430e+02
2.900000e-06	-5.780980e-06	-1.119629e-08	-4.046195e+01	-6.662934e+02
2.910000e-06	-5.888071e-06	-1.139011e-08	-4.121150e+01	-6.778244e+02
2.920000e-06	-5.993204e-06	-1.157527e-08	-4.194734e+01	-6.885103e+02
2.930000e-06	-6.096252e-06	-1.174891e-08	-4.266859e+01	-6.984323e+02
2.940000e-06	-6.197024e-06	-1.190444e-08	-4.337391e+01	-7.076693e+02
2.950000e-06	-6.295591e-06	-1.204621e-08	-4.406379e+01	-7.162884e+02
2.960000e-06	-6.391987e-06	-1.218264e-08	-4.473848e+01	-7.243380e+02
2.970000e-06	-6.486129e-06	-1.231252e-08	-4.539740e+01	-7.318468e+02
2.980000e-06	-6.577936e-06	-1.243098e-08	-4.603997e+01	-7.388299e+02
2.990000e-06	-6.667527e-06	-1.253923e-08	-4.666703e+01	-7.452979e+02
3.000000e-06	-6.754767e-06	-1.264295e-08	-4.727764e+01	-7.512689e+02
3.010000e-06	-6.839462e-06	-1.274046e-08	-4.787042e+01	-7.567753e+02
3.020000e-06	-6.921802e-06	-1.282698e-08	-4.844673e+01	-7.618650e+02
3.030000e-06	-7.001785e-06	-1.290215e-08	-4.900655e+01	-7.665961e+02
3.040000e-06	-7.079060e-06	-1.297345e-08	-4.954741e+01	-7.710258e+02
3.050000e-06	-7.153552e-06	-1.304537e-08	-5.006879e+01	-7.751997e+02
3.060000e-06	-7.225453e-06	-1.311225e-08	-5.057203e+01	-7.791439e+02
3.070000e-06	-7.294790e-06	-1.317397e-08	-5.105734e+01	-7.828639e+02
3.080000e-06	-7.361538e-06	-1.323389e-08	-5.152452e+01	-7.863508e+02
3.090000e-06	-7.425711e-06	-1.329114e-08	-5.197367e+01	-7.895914e+02
3.100000e-06	-7.487227e-06	-1.334047e-08	-5.240423e+01	-7.925796e+02
3.110000e-06	-7.546038e-06	-1.338295e-08	-5.281586e+01	-7.953236e+02
3.120000e-06	-7.602094e-06	-1.342404e-08	-5.320820e+01	-7.978462e+02
3.130000e-06	-7.655246e-06	-1.346451e-08	-5.358022e+01	-8.001786e+02
3.140000e-06	-7.705411e-06	-1.350267e-08	-5.393134e+01	-8.023507e+02
3.150000e-06	-7.752564e-06	-1.353845e-08	-5.426136e+01	-8.043810e+02
3.160000e-06	-7.796964e-06	-1.357258e-08	-5.457213e+01	-8.062714e+02
3.170000e-06	-7.838854e-06	-1.360316e-08	-5.486532e+01	-8.080089e+02
3.180000e-06	-7.878051e-06	-1.362985e-08	-5.513967e+01	-8.095740e+02
3.190000e-06	-7.914457e-06	-1.365203e-08	-5.539447e+01	-8.109519e+02
3.200000e-06	-7.948159e-06	-1.367186e-08	-5.563036e+01	-8.121420e+02
3.210000e-06	-7.979031e-06	-1.368972e-08	-5.584644e+01	-8.131626e+02
3.220000e-06	-8.006951e-06	-1.370634e-08	-5.604186e+01	-8.140467e+02
3.230000e-06	-8.032046e-06	-1.372140e-08	-5.621750e+01	-8.148323e+02
3.240000e-06	-8.054267e-06	-1.373426e-08	-5.637303e+01	-8.155492e+02
3.250000e-06	-8.073638e-06	-1.374564e-08	-5.650861e+01	-8.162095e+02
3.260000e-06	-8.090233e-06	-1.375562e-08	-5.662476e+01	-8.168034e+02
3.270000e-06	-8.103789e-06	-1.376520e-08	-5.671964e+01	-8.173048e+02
3.280000e-06	-8.114251e-06	-1.377216e-08	-5.679287e+01	-8.176831e+02
3.290000e-06	-8.121795e-06	-1.377591e-08	-5.684567e+01	-8.179171e+02
3.300000e-06	-8.126452e-06	-1.377752e-08	-5.687826e+01	-8.180056e+02
3.310000e-06	-8.128276e-06	-1.378066e-08	-5.689103e+01	-8.179703e+02
