# Temperatura_=_60.52
# Concentracion g/m^3_=_11780.0
# C_Vs_to_Am_M_A/Vsm_=_59384043850.047264
# pendiente_HvsI_1/m_=_3716.3
# ordenada_HvsI_A/m_=_1297.0
# frecuencia_Hz_=_301548.79657839134

Tiempo_(s)	Campo_(V.s)	Magnetizacion_(V.s)	Campo_(kA/m)	Magnetizacion_(A/m)
0.000000e+00	-8.087720e-06	-1.410051e-08	-5.689101e+01	-8.374967e+02
1.000000e-08	-8.084550e-06	-1.409766e-08	-5.686872e+01	-8.373520e+02
2.000000e-08	-8.078730e-06	-1.409354e-08	-5.682778e+01	-8.371504e+02
3.000000e-08	-8.070273e-06	-1.409037e-08	-5.676829e+01	-8.368967e+02
4.000000e-08	-8.058993e-06	-1.408672e-08	-5.668894e+01	-8.365815e+02
5.000000e-08	-8.044776e-06	-1.407845e-08	-5.658894e+01	-8.361836e+02
6.000000e-08	-8.027702e-06	-1.407094e-08	-5.646883e+01	-8.356777e+02
7.000000e-08	-8.008144e-06	-1.407019e-08	-5.633126e+01	-8.350429e+02
8.000000e-08	-7.986102e-06	-1.404670e-08	-5.617621e+01	-8.342699e+02
9.000000e-08	-7.960987e-06	-1.400120e-08	-5.599954e+01	-8.333646e+02
1.000000e-07	-7.932582e-06	-1.398259e-08	-5.579973e+01	-8.323459e+02
1.100000e-07	-7.901231e-06	-1.399272e-08	-5.557920e+01	-8.312389e+02
1.200000e-07	-7.867114e-06	-1.399417e-08	-5.533922e+01	-8.300665e+02
1.300000e-07	-7.830407e-06	-1.396985e-08	-5.508101e+01	-8.288419e+02
1.400000e-07	-7.791479e-06	-1.395699e-08	-5.480718e+01	-8.275643e+02
1.500000e-07	-7.750218e-06	-1.392669e-08	-5.451694e+01	-8.262204e+02
1.600000e-07	-7.706141e-06	-1.389362e-08	-5.420690e+01	-8.247891e+02
1.700000e-07	-7.659227e-06	-1.387988e-08	-5.387689e+01	-8.232494e+02
1.800000e-07	-7.609563e-06	-1.381470e-08	-5.352754e+01	-8.215876e+02
1.900000e-07	-7.556877e-06	-1.379528e-08	-5.315694e+01	-8.198012e+02
2.000000e-07	-7.501337e-06	-1.379147e-08	-5.276625e+01	-8.178992e+02
2.100000e-07	-7.443154e-06	-1.375574e-08	-5.235698e+01	-8.158981e+02
2.200000e-07	-7.382271e-06	-1.373030e-08	-5.192872e+01	-8.138163e+02
2.300000e-07	-7.318731e-06	-1.367240e-08	-5.148176e+01	-8.116671e+02
2.400000e-07	-7.252412e-06	-1.364116e-08	-5.101525e+01	-8.094551e+02
2.500000e-07	-7.183386e-06	-1.360828e-08	-5.052970e+01	-8.071751e+02
2.600000e-07	-7.111738e-06	-1.354984e-08	-5.002572e+01	-8.048143e+02
2.700000e-07	-7.037322e-06	-1.350264e-08	-4.950226e+01	-8.023566e+02
2.800000e-07	-6.960147e-06	-1.348286e-08	-4.895939e+01	-7.997879e+02
2.900000e-07	-6.880260e-06	-1.345752e-08	-4.839745e+01	-7.970997e+02
3.000000e-07	-6.797817e-06	-1.338363e-08	-4.781752e+01	-7.942904e+02
3.100000e-07	-6.713127e-06	-1.333105e-08	-4.722179e+01	-7.913650e+02
3.200000e-07	-6.626212e-06	-1.328608e-08	-4.661041e+01	-7.883316e+02
3.300000e-07	-6.536969e-06	-1.322693e-08	-4.598265e+01	-7.851981e+02
3.400000e-07	-6.445383e-06	-1.317028e-08	-4.533842e+01	-7.819687e+02
3.500000e-07	-6.351489e-06	-1.311387e-08	-4.467794e+01	-7.786426e+02
3.600000e-07	-6.255266e-06	-1.306607e-08	-4.400108e+01	-7.752136e+02
3.700000e-07	-6.156680e-06	-1.301374e-08	-4.330760e+01	-7.716718e+02
3.800000e-07	-6.055846e-06	-1.295057e-08	-4.259831e+01	-7.680063e+02
3.900000e-07	-5.952823e-06	-1.287363e-08	-4.187362e+01	-7.642076e+02
4.000000e-07	-5.847637e-06	-1.280835e-08	-4.113372e+01	-7.602700e+02
4.100000e-07	-5.740323e-06	-1.275121e-08	-4.037884e+01	-7.561921e+02
4.200000e-07	-5.631022e-06	-1.268211e-08	-3.961000e+01	-7.519770e+02
4.300000e-07	-5.519768e-06	-1.260142e-08	-3.882741e+01	-7.476301e+02
4.400000e-07	-5.406444e-06	-1.252303e-08	-3.803026e+01	-7.431574e+02
4.500000e-07	-5.290963e-06	-1.245377e-08	-3.721794e+01	-7.385631e+02
4.600000e-07	-5.173361e-06	-1.237713e-08	-3.639070e+01	-7.338479e+02
4.700000e-07	-5.053872e-06	-1.228871e-08	-3.555018e+01	-7.290085e+02
4.800000e-07	-4.932589e-06	-1.220214e-08	-3.469704e+01	-7.240381e+02
4.900000e-07	-4.809473e-06	-1.212756e-08	-3.383101e+01	-7.189279e+02
5.000000e-07	-4.684562e-06	-1.204478e-08	-3.295236e+01	-7.136692e+02
5.100000e-07	-4.558055e-06	-1.194595e-08	-3.206248e+01	-7.082553e+02
5.200000e-07	-4.429972e-06	-1.184461e-08	-3.116151e+01	-7.026823e+02
5.300000e-07	-4.300251e-06	-1.175092e-08	-3.024902e+01	-6.969490e+02
5.400000e-07	-4.168918e-06	-1.165556e-08	-2.932519e+01	-6.910553e+02
5.500000e-07	-4.036023e-06	-1.154696e-08	-2.839038e+01	-6.850001e+02
5.600000e-07	-3.901709e-06	-1.143801e-08	-2.744558e+01	-6.787788e+02
5.700000e-07	-3.765971e-06	-1.133740e-08	-2.649077e+01	-6.723826e+02
5.800000e-07	-3.628784e-06	-1.123488e-08	-2.552576e+01	-6.657983e+02
5.900000e-07	-3.490299e-06	-1.111589e-08	-2.455162e+01	-6.590106e+02
6.000000e-07	-3.350486e-06	-1.099030e-08	-2.356814e+01	-6.520045e+02
6.100000e-07	-3.209224e-06	-1.087063e-08	-2.257447e+01	-6.447686e+02
6.200000e-07	-3.066584e-06	-1.075056e-08	-2.157110e+01	-6.372966e+02
6.300000e-07	-2.922814e-06	-1.062053e-08	-2.055979e+01	-6.295874e+02
6.400000e-07	-2.778056e-06	-1.048240e-08	-1.954153e+01	-6.216435e+02
6.500000e-07	-2.632218e-06	-1.034537e-08	-1.851567e+01	-6.134678e+02
6.600000e-07	-2.485458e-06	-1.020829e-08	-1.748332e+01	-6.050597e+02
6.700000e-07	-2.337930e-06	-1.006383e-08	-1.644557e+01	-5.964133e+02
6.800000e-07	-2.189617e-06	-9.907632e-09	-1.540231e+01	-5.875161e+02
6.900000e-07	-2.040549e-06	-9.750919e-09	-1.435372e+01	-5.783505e+02
7.000000e-07	-1.890807e-06	-9.597220e-09	-1.330040e+01	-5.688967e+02
7.100000e-07	-1.740421e-06	-9.436904e-09	-1.224255e+01	-5.591351e+02
7.200000e-07	-1.589369e-06	-9.263717e-09	-1.118001e+01	-5.490492e+02
7.300000e-07	-1.437744e-06	-9.086711e-09	-1.011345e+01	-5.386258e+02
7.400000e-07	-1.285618e-06	-8.908950e-09	-9.043355e+00	-5.278536e+02
7.500000e-07	-1.133029e-06	-8.725462e-09	-7.970003e+00	-5.167203e+02
7.600000e-07	-9.800506e-07	-8.531879e-09	-6.893918e+00	-5.052092e+02
7.700000e-07	-8.267418e-07	-8.327622e-09	-5.815506e+00	-4.932958e+02
7.800000e-07	-6.731497e-07	-8.119097e-09	-4.735101e+00	-4.809461e+02
7.900000e-07	-5.193238e-07	-7.904067e-09	-3.653052e+00	-4.681157e+02
8.000000e-07	-3.653312e-07	-7.678077e-09	-2.569830e+00	-4.547510e+02
8.100000e-07	-2.111993e-07	-7.438631e-09	-1.485628e+00	-4.407906e+02
8.200000e-07	-5.694052e-08	-7.192532e-09	-4.005336e-01	-4.261674e+02
8.300000e-07	9.735904e-08	-6.938993e-09	6.848475e-01	-4.108120e+02
8.400000e-07	2.516234e-07	-6.669739e-09	1.769981e+00	-3.946555e+02
8.500000e-07	4.057696e-07	-6.381167e-09	2.854284e+00	-3.776333e+02
8.600000e-07	5.597448e-07	-6.076406e-09	3.937383e+00	-3.596890e+02
8.700000e-07	7.134967e-07	-5.758193e-09	5.018912e+00	-3.407759e+02
8.800000e-07	8.669895e-07	-5.420925e-09	6.098618e+00	-3.208571e+02
8.900000e-07	1.020192e-06	-5.062929e-09	7.176284e+00	-2.999001e+02
9.000000e-07	1.173021e-06	-4.690147e-09	8.251317e+00	-2.778680e+02
9.100000e-07	1.325441e-06	-4.303118e-09	9.323478e+00	-2.547073e+02
9.200000e-07	1.477403e-06	-3.895495e-09	1.039242e+01	-2.303354e+02
9.300000e-07	1.628809e-06	-3.461828e-09	1.145745e+01	-2.046333e+02
9.400000e-07	1.779544e-06	-3.000222e-09	1.251775e+01	-1.774472e+02
9.500000e-07	1.929625e-06	-2.510703e-09	1.357346e+01	-1.486030e+02
9.600000e-07	2.079105e-06	-1.989165e-09	1.462494e+01	-1.179332e+02
9.700000e-07	2.227891e-06	-1.433846e-09	1.567153e+01	-8.531309e+01
9.800000e-07	2.375853e-06	-8.471136e-10	1.671233e+01	-5.069985e+01
9.900000e-07	2.522954e-06	-2.314283e-10	1.774708e+01	-1.416524e+01
1.000000e-06	2.669125e-06	4.113287e-10	1.877528e+01	2.408646e+01
1.010000e-06	2.814328e-06	1.081331e-09	1.979668e+01	6.372056e+01
1.020000e-06	2.958469e-06	1.770938e-09	2.081060e+01	1.042953e+02
1.030000e-06	3.101528e-06	2.464885e-09	2.181691e+01	1.453022e+02
1.040000e-06	3.243572e-06	3.153996e-09	2.281609e+01	1.862152e+02
1.050000e-06	3.384365e-06	3.836274e-09	2.380646e+01	2.265388e+02
1.060000e-06	3.523754e-06	4.504430e-09	2.478696e+01	2.658453e+02
1.070000e-06	3.661793e-06	5.145936e-09	2.575795e+01	3.037961e+02
1.080000e-06	3.798478e-06	5.755051e-09	2.671943e+01	3.401460e+02
1.090000e-06	3.933726e-06	6.334414e-09	2.767080e+01	3.747329e+02
1.100000e-06	4.067528e-06	6.886465e-09	2.861200e+01	4.074611e+02
1.110000e-06	4.199922e-06	7.405613e-09	2.954329e+01	4.382831e+02
1.120000e-06	4.330814e-06	7.890270e-09	3.046401e+01	4.671868e+02
1.130000e-06	4.460096e-06	8.344820e-09	3.137341e+01	4.941892e+02
1.140000e-06	4.587775e-06	8.770564e-09	3.227154e+01	5.193353e+02
1.150000e-06	4.713904e-06	9.165827e-09	3.315876e+01	5.426990e+02
1.160000e-06	4.838474e-06	9.529737e-09	3.403502e+01	5.643812e+02
1.170000e-06	4.961332e-06	9.866489e-09	3.489923e+01	5.845034e+02
1.180000e-06	5.082360e-06	1.017955e-08	3.575057e+01	6.031962e+02
1.190000e-06	5.201554e-06	1.046893e-08	3.658901e+01	6.205858e+02
1.200000e-06	5.318816e-06	1.073710e-08	3.741386e+01	6.367817e+02
1.210000e-06	5.433970e-06	1.098910e-08	3.822388e+01	6.518700e+02
1.220000e-06	5.547001e-06	1.122913e-08	3.901897e+01	6.659143e+02
1.230000e-06	5.658026e-06	1.145385e-08	3.979995e+01	6.789633e+02
1.240000e-06	5.767127e-06	1.165886e-08	4.056740e+01	6.910615e+02
1.250000e-06	5.874169e-06	1.184642e-08	4.132035e+01	7.022599e+02
1.260000e-06	5.979036e-06	1.201936e-08	4.205801e+01	7.126211e+02
1.270000e-06	6.081774e-06	1.217836e-08	4.278070e+01	7.222186e+02
1.280000e-06	6.182347e-06	1.232379e-08	4.348815e+01	7.311302e+02
1.290000e-06	6.280610e-06	1.245901e-08	4.417936e+01	7.394280e+02
1.300000e-06	6.376538e-06	1.258940e-08	4.485414e+01	7.471705e+02
1.310000e-06	6.470320e-06	1.271485e-08	4.551383e+01	7.543983e+02
1.320000e-06	6.561909e-06	1.282988e-08	4.615808e+01	7.611366e+02
1.330000e-06	6.651062e-06	1.293288e-08	4.678521e+01	7.674026e+02
1.340000e-06	6.737840e-06	1.302670e-08	4.739563e+01	7.732142e+02
1.350000e-06	6.822380e-06	1.311602e-08	4.799030e+01	7.785982e+02
1.360000e-06	6.904546e-06	1.319948e-08	4.856828e+01	7.835926e+02
1.370000e-06	6.984169e-06	1.327569e-08	4.912837e+01	7.882434e+02
1.380000e-06	7.061253e-06	1.335045e-08	4.967060e+01	7.925978e+02
1.390000e-06	7.135685e-06	1.342522e-08	5.019417e+01	7.966948e+02
1.400000e-06	7.207425e-06	1.349342e-08	5.069880e+01	8.005590e+02
1.410000e-06	7.276680e-06	1.355262e-08	5.118596e+01	8.041994e+02
1.420000e-06	7.343369e-06	1.360640e-08	5.165507e+01	8.076130e+02
1.430000e-06	7.407380e-06	1.365864e-08	5.210534e+01	8.107926e+02
1.440000e-06	7.468893e-06	1.370970e-08	5.253804e+01	8.137357e+02
1.450000e-06	7.527861e-06	1.375606e-08	5.295283e+01	8.164497e+02
1.460000e-06	7.584098e-06	1.379770e-08	5.334842e+01	8.189535e+02
1.470000e-06	7.637454e-06	1.383579e-08	5.372373e+01	8.212728e+02
1.480000e-06	7.687654e-06	1.387124e-08	5.407685e+01	8.234329e+02
1.490000e-06	7.734783e-06	1.390364e-08	5.440837e+01	8.254514e+02
1.500000e-06	7.779227e-06	1.393438e-08	5.472100e+01	8.273341e+02
1.510000e-06	7.820952e-06	1.396568e-08	5.501450e+01	8.290748e+02
1.520000e-06	7.859841e-06	1.399397e-08	5.528806e+01	8.306611e+02
1.530000e-06	7.896051e-06	1.401806e-08	5.554277e+01	8.320819e+02
1.540000e-06	7.929481e-06	1.403902e-08	5.577792e+01	8.333343e+02
1.550000e-06	7.960091e-06	1.405589e-08	5.599324e+01	8.344272e+02
1.560000e-06	7.988007e-06	1.406960e-08	5.618961e+01	8.353797e+02
1.570000e-06	8.013078e-06	1.408149e-08	5.636596e+01	8.362158e+02
1.580000e-06	8.035295e-06	1.409158e-08	5.652224e+01	8.369562e+02
1.590000e-06	8.054770e-06	1.410133e-08	5.665923e+01	8.376120e+02
1.600000e-06	8.071398e-06	1.411170e-08	5.677621e+01	8.381823e+02
1.610000e-06	8.084986e-06	1.412092e-08	5.687179e+01	8.386560e+02
1.620000e-06	8.095388e-06	1.412630e-08	5.694495e+01	8.390182e+02
1.630000e-06	8.102774e-06	1.412872e-08	5.699691e+01	8.392583e+02
1.640000e-06	8.107368e-06	1.413019e-08	5.702922e+01	8.393756e+02
1.650000e-06	8.109113e-06	1.412880e-08	5.704150e+01	8.393813e+02
1.660000e-06	8.108100e-06	1.412791e-08	5.703438e+01	8.392954e+02
1.670000e-06	8.104487e-06	1.412562e-08	5.700896e+01	8.391394e+02
1.680000e-06	8.098179e-06	1.412218e-08	5.696459e+01	8.389284e+02
1.690000e-06	8.089143e-06	1.411840e-08	5.690102e+01	8.386646e+02
1.700000e-06	8.077318e-06	1.411059e-08	5.681785e+01	8.383362e+02
1.710000e-06	8.062686e-06	1.409980e-08	5.671492e+01	8.379207e+02
1.720000e-06	8.045503e-06	1.408250e-08	5.659405e+01	8.373929e+02
1.730000e-06	8.025983e-06	1.407828e-08	5.645675e+01	8.367334e+02
1.740000e-06	8.003707e-06	1.410292e-08	5.630005e+01	8.359358e+02
1.750000e-06	7.977908e-06	1.409767e-08	5.611857e+01	8.350084e+02
1.760000e-06	7.948361e-06	1.405314e-08	5.591073e+01	8.339718e+02
1.770000e-06	7.915671e-06	1.401310e-08	5.568078e+01	8.328514e+02
1.780000e-06	7.880523e-06	1.398019e-08	5.543354e+01	8.316689e+02
1.790000e-06	7.843003e-06	1.394111e-08	5.516962e+01	8.304351e+02
1.800000e-06	7.803380e-06	1.396447e-08	5.489090e+01	8.291468e+02
1.810000e-06	7.761643e-06	1.393182e-08	5.459731e+01	8.277887e+02
1.820000e-06	7.717200e-06	1.388028e-08	5.428469e+01	8.263393e+02
1.830000e-06	7.670029e-06	1.390489e-08	5.395287e+01	8.247784e+02
1.840000e-06	7.619930e-06	1.385091e-08	5.360046e+01	8.230940e+02
1.850000e-06	7.566722e-06	1.383600e-08	5.322619e+01	8.212858e+02
1.860000e-06	7.510704e-06	1.377707e-08	5.283214e+01	8.193645e+02
1.870000e-06	7.451955e-06	1.371571e-08	5.241889e+01	8.173475e+02
1.880000e-06	7.390653e-06	1.373042e-08	5.198768e+01	8.152527e+02
1.890000e-06	7.326663e-06	1.368132e-08	5.153755e+01	8.130920e+02
1.900000e-06	7.259887e-06	1.365934e-08	5.106784e+01	8.108684e+02
1.910000e-06	7.190343e-06	1.361729e-08	5.057865e+01	8.085749e+02
1.920000e-06	7.117946e-06	1.357950e-08	5.006939e+01	8.061978e+02
1.930000e-06	7.042921e-06	1.353156e-08	4.954164e+01	8.037210e+02
1.940000e-06	6.965180e-06	1.345982e-08	4.899479e+01	8.011312e+02
1.950000e-06	6.884823e-06	1.343155e-08	4.842954e+01	7.984210e+02
1.960000e-06	6.802041e-06	1.337726e-08	4.784723e+01	7.955903e+02
1.970000e-06	6.716831e-06	1.335693e-08	4.724784e+01	7.926448e+02
1.980000e-06	6.629199e-06	1.331040e-08	4.663142e+01	7.895928e+02
1.990000e-06	6.539162e-06	1.323726e-08	4.599808e+01	7.864418e+02
2.000000e-06	6.446913e-06	1.318361e-08	4.534917e+01	7.831951e+02
2.010000e-06	6.352359e-06	1.311866e-08	4.468406e+01	7.798511e+02
2.020000e-06	6.255511e-06	1.306655e-08	4.400281e+01	7.764025e+02
2.030000e-06	6.156435e-06	1.299633e-08	4.330588e+01	7.728393e+02
2.040000e-06	6.055168e-06	1.294396e-08	4.259354e+01	7.691504e+02
2.050000e-06	5.951647e-06	1.288766e-08	4.186535e+01	7.653270e+02
2.060000e-06	5.845924e-06	1.281862e-08	4.112167e+01	7.613641e+02
2.070000e-06	5.738248e-06	1.273873e-08	4.036425e+01	7.572612e+02
2.080000e-06	5.628581e-06	1.265844e-08	3.959283e+01	7.530219e+02
2.090000e-06	5.516810e-06	1.259629e-08	3.880660e+01	7.486519e+02
2.100000e-06	5.402821e-06	1.252118e-08	3.800478e+01	7.441571e+02
2.110000e-06	5.286736e-06	1.244130e-08	3.718821e+01	7.395411e+02
2.120000e-06	5.168654e-06	1.235494e-08	3.635758e+01	7.348039e+02
2.130000e-06	5.048539e-06	1.227697e-08	3.551267e+01	7.299415e+02
2.140000e-06	4.926557e-06	1.218784e-08	3.465461e+01	7.249466e+02
2.150000e-06	4.802823e-06	1.209967e-08	3.378424e+01	7.198103e+02
2.160000e-06	4.677419e-06	1.201098e-08	3.290212e+01	7.145241e+02
2.170000e-06	4.550329e-06	1.192674e-08	3.200814e+01	7.090817e+02
2.180000e-06	4.421598e-06	1.183758e-08	3.110261e+01	7.034800e+02
2.190000e-06	4.291366e-06	1.173629e-08	3.018653e+01	6.977179e+02
2.200000e-06	4.159659e-06	1.163419e-08	2.926007e+01	6.917953e+02
2.210000e-06	4.026482e-06	1.152677e-08	2.832327e+01	6.857107e+02
2.220000e-06	3.891868e-06	1.142585e-08	2.737636e+01	6.794588e+02
2.230000e-06	3.755717e-06	1.131280e-08	2.641864e+01	6.730298e+02
2.240000e-06	3.618115e-06	1.120549e-08	2.545071e+01	6.664102e+02
2.250000e-06	3.479223e-06	1.109330e-08	2.447371e+01	6.595843e+02
2.260000e-06	3.339053e-06	1.098102e-08	2.348772e+01	6.525377e+02
2.270000e-06	3.197652e-06	1.085497e-08	2.249307e+01	6.452597e+02
2.280000e-06	3.055034e-06	1.072075e-08	2.148987e+01	6.377451e+02
2.290000e-06	2.911211e-06	1.058806e-08	2.047817e+01	6.299936e+02
2.300000e-06	2.766264e-06	1.045314e-08	1.945858e+01	6.220080e+02
2.310000e-06	2.620397e-06	1.031583e-08	1.843252e+01	6.137907e+02
2.320000e-06	2.473686e-06	1.017253e-08	1.740052e+01	6.053405e+02
2.330000e-06	2.326149e-06	1.003329e-08	1.636271e+01	5.966502e+02
2.340000e-06	2.177736e-06	9.886629e-09	1.531873e+01	5.877063e+02
2.350000e-06	2.028531e-06	9.732241e-09	1.426918e+01	5.784906e+02
2.360000e-06	1.878709e-06	9.563650e-09	1.321530e+01	5.689829e+02
2.370000e-06	1.728354e-06	9.394598e-09	1.215767e+01	5.591644e+02
2.380000e-06	1.577401e-06	9.223695e-09	1.109583e+01	5.490189e+02
2.390000e-06	1.425735e-06	9.048860e-09	1.002897e+01	5.385338e+02
2.400000e-06	1.273416e-06	8.864786e-09	8.957520e+00	5.276979e+02
2.410000e-06	1.120614e-06	8.674490e-09	7.882672e+00	5.164984e+02
2.420000e-06	9.674559e-07	8.482949e-09	6.805323e+00	5.049173e+02
2.430000e-06	8.140245e-07	8.284487e-09	5.726049e+00	4.929286e+02
2.440000e-06	6.603774e-07	8.075605e-09	4.645257e+00	4.804964e+02
2.450000e-06	5.065132e-07	7.856643e-09	3.562938e+00	4.675746e+02
2.460000e-06	3.524774e-07	7.631410e-09	2.479413e+00	4.541080e+02
2.470000e-06	1.983105e-07	7.396262e-09	1.394965e+00	4.400340e+02
2.480000e-06	4.406204e-08	7.146170e-09	3.099432e-01	4.252851e+02
2.490000e-06	-1.101888e-07	6.880640e-09	-7.750952e-01	4.097914e+02
2.500000e-06	-2.643390e-07	6.607967e-09	-1.859426e+00	3.934846e+02
2.510000e-06	-4.183541e-07	6.323071e-09	-2.942806e+00	3.763015e+02
2.520000e-06	-5.722072e-07	6.020804e-09	-4.025046e+00	3.581871e+02
2.530000e-06	-7.258687e-07	5.697674e-09	-5.105939e+00	3.390967e+02
2.540000e-06	-8.792955e-07	5.358361e-09	-6.185181e+00	3.189946e+02
2.550000e-06	-1.032430e-06	5.004031e-09	-7.262365e+00	2.978485e+02
2.560000e-06	-1.185260e-06	4.630140e-09	-8.337409e+00	2.756193e+02
2.570000e-06	-1.337640e-06	4.234200e-09	-9.409286e+00	2.522492e+02
2.580000e-06	-1.489424e-06	3.820351e-09	-1.047698e+01	2.276494e+02
2.590000e-06	-1.640623e-06	3.390452e-09	-1.154055e+01	2.016942e+02
2.600000e-06	-1.791205e-06	2.934377e-09	-1.259978e+01	1.742248e+02
2.610000e-06	-1.941092e-06	2.446309e-09	-1.365412e+01	1.450660e+02
2.620000e-06	-2.090299e-06	1.925080e-09	-1.470368e+01	1.140550e+02
2.630000e-06	-2.238855e-06	1.371627e-09	-1.574866e+01	8.107900e+01
2.640000e-06	-2.386590e-06	7.862088e-10	-1.678786e+01	4.611352e+01
2.650000e-06	-2.533346e-06	1.670296e-10	-1.782018e+01	9.253203e+00
2.660000e-06	-2.679235e-06	-4.786501e-10	-1.884640e+01	-2.927360e+01
2.670000e-06	-2.824281e-06	-1.142385e-09	-1.986669e+01	-6.911079e+01
2.680000e-06	-2.968322e-06	-1.820398e-09	-2.087991e+01	-1.098014e+02
2.690000e-06	-3.111206e-06	-2.508272e-09	-2.188499e+01	-1.508300e+02
2.700000e-06	-3.252817e-06	-3.196704e-09	-2.288112e+01	-1.916727e+02
2.710000e-06	-3.393158e-06	-3.872517e-09	-2.386831e+01	-2.318439e+02
2.720000e-06	-3.532226e-06	-4.529434e-09	-2.484655e+01	-2.709306e+02
2.730000e-06	-3.669977e-06	-5.163677e-09	-2.581552e+01	-3.086111e+02
2.740000e-06	-3.806388e-06	-5.771633e-09	-2.677507e+01	-3.446561e+02
2.750000e-06	-3.941400e-06	-6.348650e-09	-2.772478e+01	-3.789167e+02
2.760000e-06	-4.074987e-06	-6.892853e-09	-2.866446e+01	-4.113070e+02
2.770000e-06	-4.207114e-06	-7.404761e-09	-2.959388e+01	-4.417866e+02
2.780000e-06	-4.337753e-06	-7.886145e-09	-3.051282e+01	-4.703490e+02
2.790000e-06	-4.466920e-06	-8.336286e-09	-3.142142e+01	-4.970160e+02
2.800000e-06	-4.594548e-06	-8.754838e-09	-3.231919e+01	-5.218378e+02
2.810000e-06	-4.720513e-06	-9.142105e-09	-3.320525e+01	-5.448933e+02
2.820000e-06	-4.844795e-06	-9.501992e-09	-3.407948e+01	-5.662877e+02
2.830000e-06	-4.967358e-06	-9.839990e-09	-3.494162e+01	-5.861452e+02
2.840000e-06	-5.088085e-06	-1.015459e-08	-3.579084e+01	-6.045966e+02
2.850000e-06	-5.206908e-06	-1.044477e-08	-3.662667e+01	-6.217659e+02
2.860000e-06	-5.323700e-06	-1.071374e-08	-3.744822e+01	-6.377585e+02
2.870000e-06	-5.438367e-06	-1.096567e-08	-3.825481e+01	-6.526564e+02
2.880000e-06	-5.550861e-06	-1.119897e-08	-3.904612e+01	-6.665199e+02
2.890000e-06	-5.661145e-06	-1.141202e-08	-3.982189e+01	-6.793960e+02
2.900000e-06	-5.769400e-06	-1.160925e-08	-4.058338e+01	-6.913297e+02
2.910000e-06	-5.875750e-06	-1.179580e-08	-4.133147e+01	-7.023738e+02
2.920000e-06	-5.980062e-06	-1.197206e-08	-4.206523e+01	-7.125932e+02
2.930000e-06	-6.082179e-06	-1.213608e-08	-4.278354e+01	-7.220628e+02
2.940000e-06	-6.182115e-06	-1.228553e-08	-4.348652e+01	-7.308600e+02
2.950000e-06	-6.279915e-06	-1.242399e-08	-4.417447e+01	-7.390550e+02
2.960000e-06	-6.375521e-06	-1.255364e-08	-4.484698e+01	-7.467033e+02
2.970000e-06	-6.468824e-06	-1.267286e-08	-4.550330e+01	-7.538424e+02
2.980000e-06	-6.559830e-06	-1.278295e-08	-4.614346e+01	-7.604954e+02
2.990000e-06	-6.648665e-06	-1.288648e-08	-4.676834e+01	-7.666789e+02
3.000000e-06	-6.735129e-06	-1.298599e-08	-4.737656e+01	-7.724121e+02
3.010000e-06	-6.819067e-06	-1.307962e-08	-4.796700e+01	-7.777236e+02
3.020000e-06	-6.900650e-06	-1.316513e-08	-4.854088e+01	-7.826533e+02
3.030000e-06	-6.979809e-06	-1.324196e-08	-4.909769e+01	-7.872481e+02
3.040000e-06	-7.056256e-06	-1.331272e-08	-4.963544e+01	-7.915542e+02
3.050000e-06	-7.130026e-06	-1.337895e-08	-5.015436e+01	-7.956084e+02
3.060000e-06	-7.201217e-06	-1.344027e-08	-5.065513e+01	-7.994327e+02
3.070000e-06	-7.269747e-06	-1.349907e-08	-5.113719e+01	-8.030332e+02
3.080000e-06	-7.335682e-06	-1.355770e-08	-5.160099e+01	-8.064057e+02
3.090000e-06	-7.399080e-06	-1.361287e-08	-5.204695e+01	-8.095432e+02
3.100000e-06	-7.459867e-06	-1.366202e-08	-5.247454e+01	-8.124447e+02
3.110000e-06	-7.518001e-06	-1.370681e-08	-5.288347e+01	-8.151197e+02
3.120000e-06	-7.573413e-06	-1.374978e-08	-5.327326e+01	-8.175888e+02
3.130000e-06	-7.625919e-06	-1.379082e-08	-5.364259e+01	-8.198781e+02
3.140000e-06	-7.675312e-06	-1.382672e-08	-5.399004e+01	-8.220121e+02
3.150000e-06	-7.721667e-06	-1.385852e-08	-5.431611e+01	-8.240066e+02
3.160000e-06	-7.765466e-06	-1.388960e-08	-5.462420e+01	-8.258648e+02
3.170000e-06	-7.806817e-06	-1.391985e-08	-5.491508e+01	-8.275791e+02
3.180000e-06	-7.845444e-06	-1.394465e-08	-5.518679e+01	-8.291367e+02
3.190000e-06	-7.881323e-06	-1.396568e-08	-5.543916e+01	-8.305275e+02
3.200000e-06	-7.914434e-06	-1.398768e-08	-5.567208e+01	-8.317506e+02
3.210000e-06	-7.944619e-06	-1.401038e-08	-5.588441e+01	-8.328170e+02
3.220000e-06	-7.971932e-06	-1.402934e-08	-5.607653e+01	-8.337471e+02
3.230000e-06	-7.996517e-06	-1.404257e-08	-5.624947e+01	-8.345650e+02
3.240000e-06	-8.018262e-06	-1.405345e-08	-5.640243e+01	-8.352900e+02
3.250000e-06	-8.037135e-06	-1.406544e-08	-5.653519e+01	-8.359312e+02
3.260000e-06	-8.053175e-06	-1.407533e-08	-5.664802e+01	-8.364855e+02
3.270000e-06	-8.066139e-06	-1.408276e-08	-5.673921e+01	-8.369405e+02
3.280000e-06	-8.076030e-06	-1.408986e-08	-5.680879e+01	-8.372817e+02
3.290000e-06	-8.083054e-06	-1.409580e-08	-5.685820e+01	-8.374997e+02
3.300000e-06	-8.087209e-06	-1.409859e-08	-5.688742e+01	-8.375961e+02
3.310000e-06	-8.088589e-06	-1.409996e-08	-5.689713e+01	-8.375841e+02
