# Temperatura_=_49.72
# Concentracion g/m^3_=_11780.0
# C_Vs_to_Am_M_A/Vsm_=_59384043850.047264
# pendiente_HvsI_1/m_=_3716.3
# ordenada_HvsI_A/m_=_1297.0
# frecuencia_Hz_=_301552.52291829605

Tiempo_(s)	Campo_(V.s)	Magnetizacion_(V.s)	Campo_(kA/m)	Magnetizacion_(A/m)
0.000000e+00	-8.138633e-06	-1.378692e-08	-5.688989e+01	-8.185995e+02
1.000000e-08	-8.135870e-06	-1.377806e-08	-5.687058e+01	-8.184356e+02
2.000000e-08	-8.130430e-06	-1.377271e-08	-5.683255e+01	-8.181885e+02
3.000000e-08	-8.122374e-06	-1.377148e-08	-5.677624e+01	-8.178890e+02
4.000000e-08	-8.111428e-06	-1.376691e-08	-5.669972e+01	-8.175521e+02
5.000000e-08	-8.097584e-06	-1.375823e-08	-5.660296e+01	-8.171713e+02
6.000000e-08	-8.080851e-06	-1.375268e-08	-5.648599e+01	-8.167201e+02
7.000000e-08	-8.061544e-06	-1.375700e-08	-5.635103e+01	-8.161636e+02
8.000000e-08	-8.039832e-06	-1.374281e-08	-5.619926e+01	-8.154724e+02
9.000000e-08	-8.015082e-06	-1.366370e-08	-5.602625e+01	-8.146356e+02
1.000000e-07	-7.986981e-06	-1.363624e-08	-5.582983e+01	-8.136656e+02
1.100000e-07	-7.955857e-06	-1.368004e-08	-5.561227e+01	-8.125944e+02
1.200000e-07	-7.921890e-06	-1.369201e-08	-5.537483e+01	-8.114608e+02
1.300000e-07	-7.885298e-06	-1.365227e-08	-5.511905e+01	-8.102955e+02
1.400000e-07	-7.846454e-06	-1.362269e-08	-5.484753e+01	-8.091088e+02
1.500000e-07	-7.805299e-06	-1.364893e-08	-5.455985e+01	-8.078862e+02
1.600000e-07	-7.761421e-06	-1.358837e-08	-5.425314e+01	-8.065937e+02
1.700000e-07	-7.714715e-06	-1.356589e-08	-5.392666e+01	-8.051911e+02
1.800000e-07	-7.665188e-06	-1.351639e-08	-5.358046e+01	-8.036473e+02
1.900000e-07	-7.612578e-06	-1.345212e-08	-5.321271e+01	-8.019528e+02
2.000000e-07	-7.557047e-06	-1.351030e-08	-5.282454e+01	-8.001231e+02
2.100000e-07	-7.498840e-06	-1.346268e-08	-5.241767e+01	-7.981932e+02
2.200000e-07	-7.438010e-06	-1.341411e-08	-5.199246e+01	-7.962036e+02
2.300000e-07	-7.374535e-06	-1.337260e-08	-5.154876e+01	-7.941854e+02
2.400000e-07	-7.308218e-06	-1.334625e-08	-5.108520e+01	-7.921479e+02
2.500000e-07	-7.239196e-06	-1.333947e-08	-5.060273e+01	-7.900755e+02
2.600000e-07	-7.167552e-06	-1.324900e-08	-5.010194e+01	-7.879330e+02
2.700000e-07	-7.093076e-06	-1.320989e-08	-4.958134e+01	-7.856792e+02
2.800000e-07	-7.015801e-06	-1.320699e-08	-4.904118e+01	-7.832810e+02
2.900000e-07	-6.935787e-06	-1.319137e-08	-4.848187e+01	-7.807249e+02
3.000000e-07	-6.853247e-06	-1.310455e-08	-4.790491e+01	-7.780203e+02
3.100000e-07	-6.768527e-06	-1.302718e-08	-4.731271e+01	-7.751939e+02
3.200000e-07	-6.681550e-06	-1.302240e-08	-4.670473e+01	-7.722785e+02
3.300000e-07	-6.592117e-06	-1.296918e-08	-4.607958e+01	-7.692996e+02
3.400000e-07	-6.500311e-06	-1.290867e-08	-4.543785e+01	-7.662658e+02
3.500000e-07	-6.406255e-06	-1.284472e-08	-4.478039e+01	-7.631666e+02
3.600000e-07	-6.309846e-06	-1.280400e-08	-4.410648e+01	-7.599765e+02
3.700000e-07	-6.210974e-06	-1.276393e-08	-4.341535e+01	-7.566656e+02
3.800000e-07	-6.109903e-06	-1.268871e-08	-4.270885e+01	-7.532106e+02
3.900000e-07	-6.006726e-06	-1.261207e-08	-4.198764e+01	-7.496022e+02
4.000000e-07	-5.901286e-06	-1.255326e-08	-4.125060e+01	-7.458472e+02
4.100000e-07	-5.793661e-06	-1.252275e-08	-4.049829e+01	-7.419633e+02
4.200000e-07	-5.684019e-06	-1.245098e-08	-3.973189e+01	-7.379708e+02
4.300000e-07	-5.572401e-06	-1.236428e-08	-3.895166e+01	-7.338836e+02
4.400000e-07	-5.458710e-06	-1.228877e-08	-3.815695e+01	-7.297032e+02
4.500000e-07	-5.342836e-06	-1.222662e-08	-3.734698e+01	-7.254185e+02
4.600000e-07	-5.224863e-06	-1.215010e-08	-3.652234e+01	-7.210105e+02
4.700000e-07	-5.104970e-06	-1.205900e-08	-3.568427e+01	-7.164592e+02
4.800000e-07	-4.983227e-06	-1.198729e-08	-3.483327e+01	-7.117508e+02
4.900000e-07	-4.859633e-06	-1.192644e-08	-3.396934e+01	-7.068821e+02
5.000000e-07	-4.734261e-06	-1.185062e-08	-3.309297e+01	-7.018589e+02
5.100000e-07	-4.607236e-06	-1.174314e-08	-3.220506e+01	-6.966923e+02
5.200000e-07	-4.478578e-06	-1.164558e-08	-3.130573e+01	-6.913920e+02
5.300000e-07	-4.348324e-06	-1.155943e-08	-3.039523e+01	-6.859605e+02
5.400000e-07	-4.216405e-06	-1.146823e-08	-2.947311e+01	-6.803914e+02
5.500000e-07	-4.082985e-06	-1.136146e-08	-2.854049e+01	-6.746695e+02
5.600000e-07	-3.948167e-06	-1.126222e-08	-2.759810e+01	-6.687755e+02
5.700000e-07	-3.811806e-06	-1.117649e-08	-2.664492e+01	-6.626908e+02
5.800000e-07	-3.674053e-06	-1.107588e-08	-2.568201e+01	-6.564013e+02
5.900000e-07	-3.534960e-06	-1.095301e-08	-2.470974e+01	-6.498990e+02
6.000000e-07	-3.394410e-06	-1.083051e-08	-2.372728e+01	-6.431813e+02
6.100000e-07	-3.252406e-06	-1.072507e-08	-2.273466e+01	-6.362477e+02
6.200000e-07	-3.109087e-06	-1.061003e-08	-2.173284e+01	-6.290975e+02
6.300000e-07	-2.964616e-06	-1.047753e-08	-2.072297e+01	-6.217279e+02
6.400000e-07	-2.819090e-06	-1.034460e-08	-1.970573e+01	-6.141335e+02
6.500000e-07	-2.672582e-06	-1.022177e-08	-1.868162e+01	-6.063082e+02
6.600000e-07	-2.525125e-06	-1.009008e-08	-1.765089e+01	-5.982464e+02
6.700000e-07	-2.376838e-06	-9.940668e-09	-1.661434e+01	-5.899435e+02
6.800000e-07	-2.227838e-06	-9.790476e-09	-1.557282e+01	-5.813953e+02
6.900000e-07	-2.078086e-06	-9.649346e-09	-1.452604e+01	-5.725952e+02
7.000000e-07	-1.927566e-06	-9.505749e-09	-1.347389e+01	-5.635322e+02
7.100000e-07	-1.776383e-06	-9.346423e-09	-1.241710e+01	-5.541893e+02
7.200000e-07	-1.624518e-06	-9.180123e-09	-1.135555e+01	-5.445435e+02
7.300000e-07	-1.471980e-06	-9.017703e-09	-1.028929e+01	-5.345689e+02
7.400000e-07	-1.318941e-06	-8.849607e-09	-9.219531e+00	-5.242392e+02
7.500000e-07	-1.165470e-06	-8.665669e-09	-8.146754e+00	-5.135316e+02
7.600000e-07	-1.011570e-06	-8.473362e-09	-7.070979e+00	-5.024269e+02
7.700000e-07	-8.572964e-07	-8.282787e-09	-5.992591e+00	-4.909079e+02
7.800000e-07	-7.026851e-07	-8.086570e-09	-4.911842e+00	-4.789548e+02
7.900000e-07	-5.477772e-07	-7.874366e-09	-3.829020e+00	-4.665396e+02
8.000000e-07	-3.926899e-07	-7.650916e-09	-2.744943e+00	-4.536212e+02
8.100000e-07	-2.374609e-07	-7.424004e-09	-1.659877e+00	-4.401438e+02
8.200000e-07	-8.209580e-08	-7.191463e-09	-5.738582e-01	-4.260388e+02
8.300000e-07	7.333447e-08	-6.942809e-09	5.126155e-01	-4.112308e+02
8.400000e-07	2.286640e-07	-6.677377e-09	1.598385e+00	-3.956453e+02
8.500000e-07	3.838481e-07	-6.401838e-09	2.683138e+00	-3.792166e+02
8.600000e-07	5.389579e-07	-6.115205e-09	3.767372e+00	-3.618928e+02
8.700000e-07	6.938576e-07	-5.805905e-09	4.850137e+00	-3.436365e+02
8.800000e-07	8.484493e-07	-5.475033e-09	5.930748e+00	-3.244209e+02
8.900000e-07	1.002696e-06	-5.131679e-09	7.008947e+00	-3.042208e+02
9.000000e-07	1.156518e-06	-4.777599e-09	8.084182e+00	-2.830021e+02
9.100000e-07	1.309918e-06	-4.404705e-09	9.156466e+00	-2.607104e+02
9.200000e-07	1.462887e-06	-4.007803e-09	1.022573e+01	-2.372629e+02
9.300000e-07	1.615344e-06	-3.591780e-09	1.129142e+01	-2.125452e+02
9.400000e-07	1.767224e-06	-3.154065e-09	1.235308e+01	-1.864155e+02
9.500000e-07	1.918511e-06	-2.683887e-09	1.341059e+01	-1.587171e+02
9.600000e-07	2.069071e-06	-2.177801e-09	1.446302e+01	-1.292994e+02
9.700000e-07	2.218792e-06	-1.645459e-09	1.550959e+01	-9.804440e+01
9.800000e-07	2.367713e-06	-1.089682e-09	1.655056e+01	-6.489714e+01
9.900000e-07	2.515833e-06	-5.021232e-10	1.758594e+01	-2.989288e+01
1.000000e-06	2.663009e-06	1.197152e-10	1.861471e+01	6.822925e+00
1.010000e-06	2.809214e-06	7.657160e-10	1.963670e+01	4.498780e+01
1.020000e-06	2.954503e-06	1.428699e-09	2.065228e+01	8.423175e+01
1.030000e-06	3.098748e-06	2.103875e-09	2.166057e+01	1.241030e+02
1.040000e-06	3.241802e-06	2.783090e-09	2.266053e+01	1.641064e+02
1.050000e-06	3.383628e-06	3.453924e-09	2.365191e+01	2.037484e+02
1.060000e-06	3.524162e-06	4.106549e-09	2.463426e+01	2.425789e+02
1.070000e-06	3.663323e-06	4.740176e-09	2.560701e+01	2.802239e+02
1.080000e-06	3.801125e-06	5.350128e-09	2.657026e+01	3.164021e+02
1.090000e-06	3.937491e-06	5.931400e-09	2.752347e+01	3.509250e+02
1.100000e-06	4.072344e-06	6.481728e-09	2.846611e+01	3.836834e+02
1.110000e-06	4.205751e-06	7.003443e-09	2.939863e+01	4.146265e+02
1.120000e-06	4.337747e-06	7.496306e-09	3.032130e+01	4.437410e+02
1.130000e-06	4.468207e-06	7.954938e-09	3.123323e+01	4.710361e+02
1.140000e-06	4.597035e-06	8.380309e-09	3.213375e+01	4.965370e+02
1.150000e-06	4.724233e-06	8.778072e-09	3.302288e+01	5.202861e+02
1.160000e-06	4.849755e-06	9.151201e-09	3.390029e+01	5.423480e+02
1.170000e-06	4.973549e-06	9.495982e-09	3.476562e+01	5.628129e+02
1.180000e-06	5.095619e-06	9.813789e-09	3.561890e+01	5.817937e+02
1.190000e-06	5.215874e-06	1.010921e-08	3.645950e+01	5.994172e+02
1.200000e-06	5.334174e-06	1.038615e-08	3.728643e+01	6.158092e+02
1.210000e-06	5.450467e-06	1.064355e-08	3.809933e+01	6.310802e+02
1.220000e-06	5.564658e-06	1.088118e-08	3.889754e+01	6.453152e+02
1.230000e-06	5.676699e-06	1.110256e-08	3.968072e+01	6.585727e+02
1.240000e-06	5.786678e-06	1.131057e-08	4.044948e+01	6.708914e+02
1.250000e-06	5.894669e-06	1.150572e-08	4.120435e+01	6.823042e+02
1.260000e-06	6.000611e-06	1.168444e-08	4.194489e+01	6.928514e+02
1.270000e-06	6.104358e-06	1.184720e-08	4.267010e+01	7.025905e+02
1.280000e-06	6.205900e-06	1.199702e-08	4.337988e+01	7.115962e+02
1.290000e-06	6.305230e-06	1.213619e-08	4.407421e+01	7.199530e+02
1.300000e-06	6.402177e-06	1.226418e-08	4.475188e+01	7.277414e+02
1.310000e-06	6.496770e-06	1.238348e-08	4.541310e+01	7.350250e+02
1.320000e-06	6.589142e-06	1.249698e-08	4.605879e+01	7.418427e+02
1.330000e-06	6.679270e-06	1.260407e-08	4.668879e+01	7.482102e+02
1.340000e-06	6.767050e-06	1.270295e-08	4.730238e+01	7.541291e+02
1.350000e-06	6.852481e-06	1.279436e-08	4.789955e+01	7.596017e+02
1.360000e-06	6.935593e-06	1.288124e-08	4.848052e+01	7.646434e+02
1.370000e-06	7.016184e-06	1.296232e-08	4.904386e+01	7.692900e+02
1.380000e-06	7.094150e-06	1.303478e-08	4.958884e+01	7.735950e+02
1.390000e-06	7.169487e-06	1.310047e-08	5.011546e+01	7.776187e+02
1.400000e-06	7.242130e-06	1.316284e-08	5.062324e+01	7.814141e+02
1.410000e-06	7.312226e-06	1.322299e-08	5.111322e+01	7.850142e+02
1.420000e-06	7.379771e-06	1.327897e-08	5.158537e+01	7.884262e+02
1.430000e-06	7.444667e-06	1.333108e-08	5.203899e+01	7.916359e+02
1.440000e-06	7.506997e-06	1.338306e-08	5.247469e+01	7.946195e+02
1.450000e-06	7.566745e-06	1.343300e-08	5.289234e+01	7.973585e+02
1.460000e-06	7.623762e-06	1.347618e-08	5.329089e+01	7.998520e+02
1.470000e-06	7.677971e-06	1.351179e-08	5.366981e+01	8.021211e+02
1.480000e-06	7.729159e-06	1.354390e-08	5.402762e+01	8.042043e+02
1.490000e-06	7.777168e-06	1.357633e-08	5.436321e+01	8.061447e+02
1.500000e-06	7.822303e-06	1.360832e-08	5.467871e+01	8.079757e+02
1.510000e-06	7.864697e-06	1.363741e-08	5.497505e+01	8.097100e+02
1.520000e-06	7.904234e-06	1.366387e-08	5.525141e+01	8.113371e+02
1.530000e-06	7.941028e-06	1.368910e-08	5.550861e+01	8.128297e+02
1.540000e-06	7.975056e-06	1.371220e-08	5.574647e+01	8.141572e+02
1.550000e-06	8.006266e-06	1.373065e-08	5.596463e+01	8.153000e+02
1.560000e-06	8.034760e-06	1.374539e-08	5.616381e+01	8.162600e+02
1.570000e-06	8.060339e-06	1.375941e-08	5.634260e+01	8.170612e+02
1.580000e-06	8.082992e-06	1.377127e-08	5.650095e+01	8.177425e+02
1.590000e-06	8.102926e-06	1.377948e-08	5.664030e+01	8.183435e+02
1.600000e-06	8.120009e-06	1.378684e-08	5.675970e+01	8.188906e+02
1.610000e-06	8.134103e-06	1.379620e-08	5.685822e+01	8.193882e+02
1.620000e-06	8.145102e-06	1.380340e-08	5.693511e+01	8.198190e+02
1.630000e-06	8.153007e-06	1.380559e-08	5.699036e+01	8.201526e+02
1.640000e-06	8.158089e-06	1.380614e-08	5.702589e+01	8.203597e+02
1.650000e-06	8.160322e-06	1.380709e-08	5.704150e+01	8.204250e+02
1.660000e-06	8.159702e-06	1.380871e-08	5.703716e+01	8.203544e+02
1.670000e-06	8.156462e-06	1.381073e-08	5.701452e+01	8.201729e+02
1.680000e-06	8.150510e-06	1.380489e-08	5.697291e+01	8.199143e+02
1.690000e-06	8.141796e-06	1.379837e-08	5.691200e+01	8.196074e+02
1.700000e-06	8.130328e-06	1.379127e-08	5.683184e+01	8.192637e+02
1.710000e-06	8.115989e-06	1.377760e-08	5.673161e+01	8.188725e+02
1.720000e-06	8.099024e-06	1.375585e-08	5.661302e+01	8.184049e+02
1.730000e-06	8.079785e-06	1.373590e-08	5.647854e+01	8.178259e+02
1.740000e-06	8.057897e-06	1.380193e-08	5.632554e+01	8.171087e+02
1.750000e-06	8.032549e-06	1.382551e-08	5.614836e+01	8.162464e+02
1.760000e-06	8.003394e-06	1.374708e-08	5.594455e+01	8.152555e+02
1.770000e-06	7.970925e-06	1.369099e-08	5.571759e+01	8.141702e+02
1.780000e-06	7.935952e-06	1.367942e-08	5.547313e+01	8.130289e+02
1.790000e-06	7.898576e-06	1.363422e-08	5.521187e+01	8.118596e+02
1.800000e-06	7.859009e-06	1.361614e-08	5.493529e+01	8.106681e+02
1.810000e-06	7.817416e-06	1.366422e-08	5.464455e+01	8.094357e+02
1.820000e-06	7.773187e-06	1.355836e-08	5.433538e+01	8.081263e+02
1.830000e-06	7.726186e-06	1.360421e-08	5.400684e+01	8.067001e+02
1.840000e-06	7.676238e-06	1.359243e-08	5.365770e+01	8.051292e+02
1.850000e-06	7.623082e-06	1.349137e-08	5.328613e+01	8.034085e+02
1.860000e-06	7.567107e-06	1.351451e-08	5.289486e+01	8.015579e+02
1.870000e-06	7.508436e-06	1.340534e-08	5.248475e+01	7.996142e+02
1.880000e-06	7.447163e-06	1.344921e-08	5.205645e+01	7.976176e+02
1.890000e-06	7.383184e-06	1.340155e-08	5.160923e+01	7.955959e+02
1.900000e-06	7.316396e-06	1.333777e-08	5.114237e+01	7.935538e+02
1.910000e-06	7.246909e-06	1.335821e-08	5.065664e+01	7.914716e+02
1.920000e-06	7.174588e-06	1.327742e-08	5.015111e+01	7.893121e+02
1.930000e-06	7.099545e-06	1.326020e-08	4.962656e+01	7.870343e+02
1.940000e-06	7.021714e-06	1.316831e-08	4.908251e+01	7.846081e+02
1.950000e-06	6.941200e-06	1.316581e-08	4.851971e+01	7.820241e+02
1.960000e-06	6.858278e-06	1.313157e-08	4.794008e+01	7.792952e+02
1.970000e-06	6.772869e-06	1.305903e-08	4.734306e+01	7.764504e+02
1.980000e-06	6.684955e-06	1.304183e-08	4.672853e+01	7.735220e+02
1.990000e-06	6.594614e-06	1.294991e-08	4.609703e+01	7.705331e+02
2.000000e-06	6.502062e-06	1.292964e-08	4.545009e+01	7.674888e+02
2.010000e-06	6.407245e-06	1.285360e-08	4.478731e+01	7.643753e+02
2.020000e-06	6.310137e-06	1.281027e-08	4.410851e+01	7.611656e+02
2.030000e-06	6.210820e-06	1.275613e-08	4.341428e+01	7.578302e+02
2.040000e-06	6.109232e-06	1.270139e-08	4.270416e+01	7.543478e+02
2.050000e-06	6.005388e-06	1.264755e-08	4.197829e+01	7.507122e+02
2.060000e-06	5.899405e-06	1.255535e-08	4.123745e+01	7.469325e+02
2.070000e-06	5.791381e-06	1.249954e-08	4.048236e+01	7.430276e+02
2.080000e-06	5.681228e-06	1.242182e-08	3.971237e+01	7.390173e+02
2.090000e-06	5.568969e-06	1.237516e-08	3.892767e+01	7.349136e+02
2.100000e-06	5.454562e-06	1.229455e-08	3.812795e+01	7.307156e+02
2.110000e-06	5.338015e-06	1.223196e-08	3.731328e+01	7.264103e+02
2.120000e-06	5.219398e-06	1.215309e-08	3.648414e+01	7.219778e+02
2.130000e-06	5.098787e-06	1.207177e-08	3.564105e+01	7.173990e+02
2.140000e-06	4.976411e-06	1.197524e-08	3.478563e+01	7.126619e+02
2.150000e-06	4.852282e-06	1.188954e-08	3.391795e+01	7.077647e+02
2.160000e-06	4.726355e-06	1.181981e-08	3.303771e+01	7.027149e+02
2.170000e-06	4.598716e-06	1.173675e-08	3.214550e+01	6.975237e+02
2.180000e-06	4.469490e-06	1.165172e-08	3.124220e+01	6.921998e+02
2.190000e-06	4.338713e-06	1.155294e-08	3.032805e+01	6.867444e+02
2.200000e-06	4.206376e-06	1.146630e-08	2.940300e+01	6.811491e+02
2.210000e-06	4.072516e-06	1.135892e-08	2.846731e+01	6.753978e+02
2.220000e-06	3.937168e-06	1.125767e-08	2.752121e+01	6.694709e+02
2.230000e-06	3.800337e-06	1.114827e-08	2.656475e+01	6.633503e+02
2.240000e-06	3.662132e-06	1.105473e-08	2.559868e+01	6.570230e+02
2.250000e-06	3.522590e-06	1.094834e-08	2.462327e+01	6.504822e+02
2.260000e-06	3.381688e-06	1.083345e-08	2.363835e+01	6.437258e+02
2.270000e-06	3.239492e-06	1.071136e-08	2.264438e+01	6.367535e+02
2.280000e-06	3.096081e-06	1.058888e-08	2.164193e+01	6.295642e+02
2.290000e-06	2.951509e-06	1.046584e-08	2.063135e+01	6.221547e+02
2.300000e-06	2.805875e-06	1.033224e-08	1.961336e+01	6.145194e+02
2.310000e-06	2.659395e-06	1.020165e-08	1.858944e+01	6.066521e+02
2.320000e-06	2.511960e-06	1.006856e-08	1.755886e+01	5.985474e+02
2.330000e-06	2.363555e-06	9.935098e-09	1.652150e+01	5.902009e+02
2.340000e-06	2.214369e-06	9.784398e-09	1.547867e+01	5.816080e+02
2.350000e-06	2.064416e-06	9.630883e-09	1.443048e+01	5.727618e+02
2.360000e-06	1.913730e-06	9.475871e-09	1.337717e+01	5.636501e+02
2.370000e-06	1.762384e-06	9.319682e-09	1.231925e+01	5.542548e+02
2.380000e-06	1.610435e-06	9.153743e-09	1.125711e+01	5.445521e+02
2.390000e-06	1.457922e-06	8.983699e-09	1.019102e+01	5.345157e+02
2.400000e-06	1.304858e-06	8.809808e-09	9.121091e+00	5.241200e+02
2.410000e-06	1.151291e-06	8.629092e-09	8.047641e+00	5.133426e+02
2.420000e-06	9.973219e-07	8.435045e-09	6.971383e+00	5.021650e+02
2.430000e-06	8.430163e-07	8.235828e-09	5.892771e+00	4.905699e+02
2.440000e-06	6.884560e-07	8.038883e-09	4.812379e+00	4.785366e+02
2.450000e-06	5.336673e-07	7.837539e-09	3.730390e+00	4.660348e+02
2.460000e-06	3.786580e-07	7.622660e-09	2.646859e+00	4.530210e+02
2.470000e-06	2.235320e-07	7.391219e-09	1.562512e+00	4.394366e+02
2.480000e-06	6.832349e-08	7.149321e-09	4.775883e-01	4.252115e+02
2.490000e-06	-8.691715e-08	6.893023e-09	-6.075599e-01	4.102698e+02
2.500000e-06	-2.420873e-07	6.623414e-09	-1.692215e+00	3.945381e+02
2.510000e-06	-3.971397e-07	6.341311e-09	-2.776048e+00	3.779527e+02
2.520000e-06	-5.520439e-07	6.054223e-09	-3.858844e+00	3.604646e+02
2.530000e-06	-7.067078e-07	5.754002e-09	-4.939961e+00	3.420387e+02
2.540000e-06	-8.610778e-07	5.430053e-09	-6.019023e+00	3.226490e+02
2.550000e-06	-1.015125e-06	5.083059e-09	-7.095831e+00	3.022698e+02
2.560000e-06	-1.168805e-06	4.719833e-09	-8.170067e+00	2.808641e+02
2.570000e-06	-1.322080e-06	4.339237e-09	-9.241474e+00	2.583728e+02
2.580000e-06	-1.474857e-06	3.937108e-09	-1.030940e+01	2.347076e+02
2.590000e-06	-1.627062e-06	3.515989e-09	-1.137333e+01	2.097486e+02
2.600000e-06	-1.778705e-06	3.078485e-09	-1.243333e+01	1.833503e+02
2.610000e-06	-1.929696e-06	2.617875e-09	-1.348878e+01	1.553552e+02
2.620000e-06	-2.079933e-06	2.122742e-09	-1.453895e+01	1.256164e+02
2.630000e-06	-2.229493e-06	1.589706e-09	-1.558439e+01	9.402518e+01
2.640000e-06	-2.378300e-06	1.025496e-09	-1.662456e+01	6.054058e+01
2.650000e-06	-2.526165e-06	4.338456e-10	-1.765816e+01	2.521649e+01
2.660000e-06	-2.673095e-06	-1.872070e-10	-1.868521e+01	-1.178081e+01
2.670000e-06	-2.819122e-06	-8.331843e-10	-1.970595e+01	-5.016845e+01
2.680000e-06	-2.964157e-06	-1.492958e-09	-2.071977e+01	-8.955952e+01
2.690000e-06	-3.108078e-06	-2.157820e-09	-2.172579e+01	-1.294914e+02
2.700000e-06	-3.250809e-06	-2.827417e-09	-2.272349e+01	-1.694659e+02
2.710000e-06	-3.392345e-06	-3.494716e-09	-2.371284e+01	-2.089943e+02
2.720000e-06	-3.532583e-06	-4.146906e-09	-2.469312e+01	-2.476381e+02
2.730000e-06	-3.671480e-06	-4.775118e-09	-2.566403e+01	-2.850393e+02
2.740000e-06	-3.809040e-06	-5.378913e-09	-2.662559e+01	-3.209333e+02
2.750000e-06	-3.945136e-06	-5.957363e-09	-2.757691e+01	-3.551473e+02
2.760000e-06	-4.079751e-06	-6.505512e-09	-2.851788e+01	-3.875841e+02
2.770000e-06	-4.212951e-06	-7.019933e-09	-2.944896e+01	-4.182010e+02
2.780000e-06	-4.344638e-06	-7.503463e-09	-3.036947e+01	-4.469896e+02
2.790000e-06	-4.474772e-06	-7.959272e-09	-3.127912e+01	-4.739622e+02
2.800000e-06	-4.603381e-06	-8.386691e-09	-3.217811e+01	-4.991467e+02
2.810000e-06	-4.730352e-06	-8.780935e-09	-3.306565e+01	-5.225893e+02
2.820000e-06	-4.855704e-06	-9.144141e-09	-3.394187e+01	-5.443588e+02
2.830000e-06	-4.979343e-06	-9.484196e-09	-3.480613e+01	-5.645500e+02
2.840000e-06	-5.101127e-06	-9.803327e-09	-3.565741e+01	-5.832791e+02
2.850000e-06	-5.221034e-06	-1.009899e-08	-3.649557e+01	-6.006739e+02
2.860000e-06	-5.338999e-06	-1.037117e-08	-3.732016e+01	-6.168584e+02
2.870000e-06	-5.454795e-06	-1.062573e-08	-3.812959e+01	-6.319391e+02
2.880000e-06	-5.568321e-06	-1.086401e-08	-3.892314e+01	-6.459962e+02
2.890000e-06	-5.679697e-06	-1.108276e-08	-3.970167e+01	-6.590837e+02
2.900000e-06	-5.788974e-06	-1.128287e-08	-4.046553e+01	-6.712384e+02
2.910000e-06	-5.896252e-06	-1.146929e-08	-4.121541e+01	-6.824934e+02
2.920000e-06	-6.001587e-06	-1.164570e-08	-4.195172e+01	-6.928917e+02
2.930000e-06	-6.104781e-06	-1.181141e-08	-4.267305e+01	-7.024941e+02
2.940000e-06	-6.205635e-06	-1.196284e-08	-4.337804e+01	-7.113778e+02
2.950000e-06	-6.304265e-06	-1.210339e-08	-4.406747e+01	-7.196277e+02
2.960000e-06	-6.400790e-06	-1.223573e-08	-4.474218e+01	-7.273221e+02
2.970000e-06	-6.495089e-06	-1.235864e-08	-4.540135e+01	-7.345205e+02
2.980000e-06	-6.587066e-06	-1.247123e-08	-4.604427e+01	-7.412574e+02
2.990000e-06	-6.676752e-06	-1.257527e-08	-4.667119e+01	-7.475450e+02
3.000000e-06	-6.764098e-06	-1.267366e-08	-4.728175e+01	-7.533840e+02
3.010000e-06	-6.848981e-06	-1.276613e-08	-4.787509e+01	-7.587781e+02
3.020000e-06	-6.931425e-06	-1.285056e-08	-4.845138e+01	-7.637462e+02
3.030000e-06	-7.011432e-06	-1.292669e-08	-4.901064e+01	-7.683277e+02
3.040000e-06	-7.088779e-06	-1.299828e-08	-4.955130e+01	-7.725782e+02
3.050000e-06	-7.163381e-06	-1.306667e-08	-5.007278e+01	-7.765578e+02
3.060000e-06	-7.235358e-06	-1.312917e-08	-5.057591e+01	-7.803169e+02
3.070000e-06	-7.304749e-06	-1.318690e-08	-5.106095e+01	-7.838837e+02
3.080000e-06	-7.371529e-06	-1.324397e-08	-5.152775e+01	-7.872612e+02
3.090000e-06	-7.435730e-06	-1.329811e-08	-5.197653e+01	-7.904325e+02
3.100000e-06	-7.497313e-06	-1.334576e-08	-5.240699e+01	-7.933736e+02
3.110000e-06	-7.556196e-06	-1.338982e-08	-5.281860e+01	-7.960683e+02
3.120000e-06	-7.612320e-06	-1.343233e-08	-5.321091e+01	-7.985197e+02
3.130000e-06	-7.665553e-06	-1.347155e-08	-5.358301e+01	-8.007527e+02
3.140000e-06	-7.715752e-06	-1.350694e-08	-5.393391e+01	-8.028075e+02
3.150000e-06	-7.762885e-06	-1.353923e-08	-5.426337e+01	-8.047266e+02
3.160000e-06	-7.807303e-06	-1.356910e-08	-5.457386e+01	-8.065402e+02
3.170000e-06	-7.849261e-06	-1.359763e-08	-5.486715e+01	-8.082569e+02
3.180000e-06	-7.888547e-06	-1.362417e-08	-5.514177e+01	-8.098625e+02
3.190000e-06	-7.925000e-06	-1.364707e-08	-5.539657e+01	-8.113279e+02
3.200000e-06	-7.958672e-06	-1.366905e-08	-5.563195e+01	-8.126234e+02
3.210000e-06	-7.989515e-06	-1.369141e-08	-5.584754e+01	-8.137330e+02
3.220000e-06	-8.017513e-06	-1.371130e-08	-5.604325e+01	-8.146624e+02
3.230000e-06	-8.042736e-06	-1.372462e-08	-5.621956e+01	-8.154393e+02
3.240000e-06	-8.065016e-06	-1.373323e-08	-5.637530e+01	-8.161037e+02
3.250000e-06	-8.084433e-06	-1.374286e-08	-5.651102e+01	-8.166939e+02
3.260000e-06	-8.101086e-06	-1.375322e-08	-5.662743e+01	-8.172327e+02
3.270000e-06	-8.114619e-06	-1.376156e-08	-5.672203e+01	-8.177203e+02
3.280000e-06	-8.125059e-06	-1.376857e-08	-5.679501e+01	-8.181363e+02
3.290000e-06	-8.132593e-06	-1.377632e-08	-5.684767e+01	-8.184493e+02
3.300000e-06	-8.137219e-06	-1.378280e-08	-5.688001e+01	-8.186318e+02
3.310000e-06	-8.139056e-06	-1.378687e-08	-5.689285e+01	-8.186719e+02
