# Temperatura_=_53.93
# Concentracion g/m^3_=_11780.0
# C_Vs_to_Am_M_A/Vsm_=_59384043850.047264
# pendiente_HvsI_1/m_=_3716.3
# ordenada_HvsI_A/m_=_1297.0
# frecuencia_Hz_=_301554.98448621517

Tiempo_(s)	Campo_(V.s)	Magnetizacion_(V.s)	Campo_(kA/m)	Magnetizacion_(A/m)
0.000000e+00	-8.181982e-06	-1.396025e-08	-5.688606e+01	-8.280411e+02
1.000000e-08	-8.179439e-06	-1.395170e-08	-5.686838e+01	-8.278789e+02
2.000000e-08	-8.174131e-06	-1.394299e-08	-5.683148e+01	-8.276971e+02
3.000000e-08	-8.166257e-06	-1.393832e-08	-5.677673e+01	-8.275069e+02
4.000000e-08	-8.155577e-06	-1.393544e-08	-5.670247e+01	-8.272884e+02
5.000000e-08	-8.141958e-06	-1.393290e-08	-5.660779e+01	-8.269957e+02
6.000000e-08	-8.125453e-06	-1.392876e-08	-5.649303e+01	-8.265733e+02
7.000000e-08	-8.106311e-06	-1.393060e-08	-5.635995e+01	-8.259773e+02
8.000000e-08	-8.084724e-06	-1.391944e-08	-5.620986e+01	-8.251938e+02
9.000000e-08	-8.060126e-06	-1.383138e-08	-5.603884e+01	-8.242448e+02
1.000000e-07	-8.032175e-06	-1.379386e-08	-5.584451e+01	-8.231822e+02
1.100000e-07	-8.001157e-06	-1.384145e-08	-5.562885e+01	-8.220685e+02
1.200000e-07	-7.967259e-06	-1.385865e-08	-5.539318e+01	-8.209535e+02
1.300000e-07	-7.930689e-06	-1.381912e-08	-5.513892e+01	-8.198558e+02
1.400000e-07	-7.891842e-06	-1.378385e-08	-5.486883e+01	-8.187555e+02
1.500000e-07	-7.850661e-06	-1.383113e-08	-5.458252e+01	-8.176025e+02
1.600000e-07	-7.806750e-06	-1.376339e-08	-5.427722e+01	-8.163357e+02
1.700000e-07	-7.760056e-06	-1.372592e-08	-5.395257e+01	-8.149075e+02
1.800000e-07	-7.710543e-06	-1.369646e-08	-5.360833e+01	-8.133015e+02
1.900000e-07	-7.657948e-06	-1.360381e-08	-5.324266e+01	-8.115389e+02
2.000000e-07	-7.602404e-06	-1.367205e-08	-5.285648e+01	-8.096695e+02
2.100000e-07	-7.544141e-06	-1.363772e-08	-5.245140e+01	-8.077512e+02
2.200000e-07	-7.483211e-06	-1.356762e-08	-5.202778e+01	-8.058267e+02
2.300000e-07	-7.419612e-06	-1.353317e-08	-5.158560e+01	-8.039064e+02
2.400000e-07	-7.353183e-06	-1.350886e-08	-5.112375e+01	-8.019634e+02
2.500000e-07	-7.283972e-06	-1.351610e-08	-5.064255e+01	-7.999439e+02
2.600000e-07	-7.212080e-06	-1.341501e-08	-5.014272e+01	-7.977879e+02
2.700000e-07	-7.137415e-06	-1.337463e-08	-4.962360e+01	-7.954513e+02
2.800000e-07	-7.060002e-06	-1.337199e-08	-4.908538e+01	-7.929224e+02
2.900000e-07	-6.979830e-06	-1.335674e-08	-4.852798e+01	-7.902246e+02
3.000000e-07	-6.897103e-06	-1.327221e-08	-4.795281e+01	-7.874056e+02
3.100000e-07	-6.812145e-06	-1.317041e-08	-4.736213e+01	-7.845176e+02
3.200000e-07	-6.724890e-06	-1.317330e-08	-4.675548e+01	-7.815962e+02
3.300000e-07	-6.635207e-06	-1.313416e-08	-4.613195e+01	-7.786468e+02
3.400000e-07	-6.543172e-06	-1.307512e-08	-4.549207e+01	-7.756435e+02
3.500000e-07	-6.448833e-06	-1.300510e-08	-4.483617e+01	-7.725401e+02
3.600000e-07	-6.352077e-06	-1.296593e-08	-4.416346e+01	-7.692894e+02
3.700000e-07	-6.252920e-06	-1.293155e-08	-4.347406e+01	-7.658611e+02
3.800000e-07	-6.151523e-06	-1.284977e-08	-4.276908e+01	-7.622527e+02
3.900000e-07	-6.047964e-06	-1.276214e-08	-4.204908e+01	-7.584878e+02
4.000000e-07	-5.942152e-06	-1.269138e-08	-4.131341e+01	-7.546043e+02
4.100000e-07	-5.834145e-06	-1.266760e-08	-4.056249e+01	-7.506364e+02
4.200000e-07	-5.724116e-06	-1.260234e-08	-3.979750e+01	-7.465993e+02
4.300000e-07	-5.612050e-06	-1.251394e-08	-3.901834e+01	-7.424822e+02
4.400000e-07	-5.497829e-06	-1.243607e-08	-3.822422e+01	-7.382528e+02
4.500000e-07	-5.381433e-06	-1.237713e-08	-3.741496e+01	-7.338708e+02
4.600000e-07	-5.262904e-06	-1.229938e-08	-3.659087e+01	-7.293048e+02
4.700000e-07	-5.142434e-06	-1.219629e-08	-3.575330e+01	-7.245450e+02
4.800000e-07	-5.020132e-06	-1.211407e-08	-3.490298e+01	-7.196072e+02
4.900000e-07	-4.895998e-06	-1.205107e-08	-3.403992e+01	-7.145252e+02
5.000000e-07	-4.770109e-06	-1.198175e-08	-3.316467e+01	-7.093359e+02
5.100000e-07	-4.642558e-06	-1.187356e-08	-3.227785e+01	-7.040628e+02
5.200000e-07	-4.513389e-06	-1.177183e-08	-3.137979e+01	-6.987050e+02
5.300000e-07	-4.382506e-06	-1.168542e-08	-3.046981e+01	-6.932361e+02
5.400000e-07	-4.250020e-06	-1.159643e-08	-2.954869e+01	-6.876126e+02
5.500000e-07	-4.116058e-06	-1.148366e-08	-2.861731e+01	-6.817899e+02
5.600000e-07	-3.980593e-06	-1.137486e-08	-2.767547e+01	-6.757370e+02
5.700000e-07	-3.843585e-06	-1.128594e-08	-2.672291e+01	-6.694456e+02
5.800000e-07	-3.705103e-06	-1.118770e-08	-2.576010e+01	-6.629296e+02
5.900000e-07	-3.565192e-06	-1.106397e-08	-2.478736e+01	-6.562149e+02
6.000000e-07	-3.423906e-06	-1.093339e-08	-2.380506e+01	-6.493247e+02
6.100000e-07	-3.281240e-06	-1.082371e-08	-2.281315e+01	-6.422674e+02
6.200000e-07	-3.137200e-06	-1.071008e-08	-2.181170e+01	-6.350300e+02
6.300000e-07	-2.992011e-06	-1.057807e-08	-2.080226e+01	-6.275823e+02
6.400000e-07	-2.845797e-06	-1.043990e-08	-1.978569e+01	-6.198879e+02
6.500000e-07	-2.698618e-06	-1.031376e-08	-1.876242e+01	-6.119177e+02
6.600000e-07	-2.550533e-06	-1.018397e-08	-1.773284e+01	-6.036608e+02
6.700000e-07	-2.401584e-06	-1.003430e-08	-1.669726e+01	-5.951260e+02
6.800000e-07	-2.251840e-06	-9.876553e-09	-1.565614e+01	-5.863355e+02
6.900000e-07	-2.101309e-06	-9.726536e-09	-1.460956e+01	-5.773110e+02
7.000000e-07	-1.950015e-06	-9.582423e-09	-1.355768e+01	-5.680605e+02
7.100000e-07	-1.798064e-06	-9.423313e-09	-1.250123e+01	-5.585685e+02
7.200000e-07	-1.645464e-06	-9.251060e-09	-1.144025e+01	-5.487970e+02
7.300000e-07	-1.492206e-06	-9.080215e-09	-1.037471e+01	-5.386941e+02
7.400000e-07	-1.338404e-06	-8.910121e-09	-9.305389e+00	-5.282085e+02
7.500000e-07	-1.184128e-06	-8.726785e-09	-8.232767e+00	-5.173032e+02
7.600000e-07	-1.029414e-06	-8.530293e-09	-7.157104e+00	-5.059618e+02
7.700000e-07	-8.743669e-07	-8.333316e-09	-6.079124e+00	-4.941859e+02
7.800000e-07	-7.190736e-07	-8.135285e-09	-4.999432e+00	-4.819828e+02
7.900000e-07	-5.635123e-07	-7.924575e-09	-3.917876e+00	-4.693486e+02
8.000000e-07	-4.077338e-07	-7.697298e-09	-2.834810e+00	-4.562541e+02
8.100000e-07	-2.517962e-07	-7.462864e-09	-1.750638e+00	-4.426371e+02
8.200000e-07	-9.575780e-08	-7.224757e-09	-6.657658e-01	-4.284069e+02
8.300000e-07	6.034921e-08	-6.975099e-09	4.195840e-01	-4.134575e+02
8.400000e-07	2.164101e-07	-6.708137e-09	1.504613e+00	-3.976865e+02
8.500000e-07	3.722998e-07	-6.429291e-09	2.588452e+00	-3.810124e+02
8.600000e-07	5.280514e-07	-6.138616e-09	3.671331e+00	-3.633840e+02
8.700000e-07	6.836279e-07	-5.826844e-09	4.752992e+00	-3.447793e+02
8.800000e-07	8.389758e-07	-5.491411e-09	5.833064e+00	-3.251935e+02
8.900000e-07	9.940610e-07	-5.137986e-09	6.911310e+00	-3.046203e+02
9.000000e-07	1.148799e-06	-4.774026e-09	7.987140e+00	-2.830323e+02
9.100000e-07	1.303139e-06	-4.393394e-09	9.060203e+00	-2.603654e+02
9.200000e-07	1.457045e-06	-3.990996e-09	1.013025e+01	-2.365131e+02
9.300000e-07	1.610362e-06	-3.567741e-09	1.119620e+01	-2.113310e+02
9.400000e-07	1.763038e-06	-3.121707e-09	1.225770e+01	-1.846506e+02
9.500000e-07	1.915081e-06	-2.644058e-09	1.331479e+01	-1.563005e+02
9.600000e-07	2.066459e-06	-2.128189e-09	1.436727e+01	-1.261325e+02
9.700000e-07	2.217163e-06	-1.579950e-09	1.541505e+01	-9.404731e+01
9.800000e-07	2.367102e-06	-1.004201e-09	1.645751e+01	-6.001917e+01
9.900000e-07	2.516130e-06	-4.006206e-10	1.749365e+01	-2.411600e+01
1.000000e-06	2.664170e-06	2.357503e-10	1.852291e+01	1.348809e+01
1.010000e-06	2.811245e-06	8.972084e-10	1.954547e+01	5.251023e+01
1.020000e-06	2.957380e-06	1.573134e-09	2.056148e+01	9.256852e+01
1.030000e-06	3.102446e-06	2.257540e-09	2.157007e+01	1.332049e+02
1.040000e-06	3.246360e-06	2.946243e-09	2.257065e+01	1.739192e+02
1.050000e-06	3.389114e-06	3.629986e-09	2.356316e+01	2.142100e+02
1.060000e-06	3.530581e-06	4.296643e-09	2.454673e+01	2.536158e+02
1.070000e-06	3.670680e-06	4.939243e-09	2.552077e+01	2.917482e+02
1.080000e-06	3.809401e-06	5.554884e-09	2.648525e+01	3.283127e+02
1.090000e-06	3.946706e-06	6.143450e-09	2.743988e+01	3.631131e+02
1.100000e-06	4.082553e-06	6.699026e-09	2.838436e+01	3.960407e+02
1.110000e-06	4.216895e-06	7.218433e-09	2.931839e+01	4.270549e+02
1.120000e-06	4.349672e-06	7.705204e-09	3.024153e+01	4.561605e+02
1.130000e-06	4.480842e-06	8.164241e-09	3.115351e+01	4.833895e+02
1.140000e-06	4.610437e-06	8.592567e-09	3.205453e+01	5.087897e+02
1.150000e-06	4.738430e-06	8.989033e-09	3.294441e+01	5.324232e+02
1.160000e-06	4.864739e-06	9.357725e-09	3.382259e+01	5.543680e+02
1.170000e-06	4.989333e-06	9.701102e-09	3.468884e+01	5.747210e+02
1.180000e-06	5.112219e-06	1.002039e-08	3.554322e+01	5.935967e+02
1.190000e-06	5.233331e-06	1.031410e-08	3.638527e+01	6.111189e+02
1.200000e-06	5.352542e-06	1.058399e-08	3.721409e+01	6.274092e+02
1.210000e-06	5.469714e-06	1.083630e-08	3.802874e+01	6.425738e+02
1.220000e-06	5.584751e-06	1.107376e-08	3.882854e+01	6.566952e+02
1.230000e-06	5.697649e-06	1.129466e-08	3.961348e+01	6.698318e+02
1.240000e-06	5.808458e-06	1.150032e-08	4.038389e+01	6.820249e+02
1.250000e-06	5.917208e-06	1.169411e-08	4.113999e+01	6.933120e+02
1.260000e-06	6.023885e-06	1.187335e-08	4.188167e+01	7.037392e+02
1.270000e-06	6.128430e-06	1.203411e-08	4.260853e+01	7.133695e+02
1.280000e-06	6.230762e-06	1.218002e-08	4.332001e+01	7.222810e+02
1.290000e-06	6.330784e-06	1.231625e-08	4.401542e+01	7.305588e+02
1.300000e-06	6.428465e-06	1.244467e-08	4.469456e+01	7.382804e+02
1.310000e-06	6.523831e-06	1.256407e-08	4.535760e+01	7.455044e+02
1.320000e-06	6.616951e-06	1.267619e-08	4.600503e+01	7.522640e+02
1.330000e-06	6.707789e-06	1.278320e-08	4.663659e+01	7.585705e+02
1.340000e-06	6.796198e-06	1.288306e-08	4.725125e+01	7.644246e+02
1.350000e-06	6.882247e-06	1.297353e-08	4.784952e+01	7.698312e+02
1.360000e-06	6.965997e-06	1.305714e-08	4.843180e+01	7.748110e+02
1.370000e-06	7.047281e-06	1.313566e-08	4.899694e+01	7.794059e+02
1.380000e-06	7.125990e-06	1.320772e-08	4.954417e+01	7.836731e+02
1.390000e-06	7.202019e-06	1.327323e-08	5.007276e+01	7.876732e+02
1.400000e-06	7.275320e-06	1.333418e-08	5.058240e+01	7.914553e+02
1.410000e-06	7.346005e-06	1.339494e-08	5.107384e+01	7.950459e+02
1.420000e-06	7.414077e-06	1.345318e-08	5.154712e+01	7.984464e+02
1.430000e-06	7.479455e-06	1.350621e-08	5.200167e+01	8.016396e+02
1.440000e-06	7.542218e-06	1.355616e-08	5.243804e+01	8.046032e+02
1.450000e-06	7.602473e-06	1.360463e-08	5.285696e+01	8.073243e+02
1.460000e-06	7.660094e-06	1.364837e-08	5.325758e+01	8.098086e+02
1.470000e-06	7.714931e-06	1.368418e-08	5.363884e+01	8.120815e+02
1.480000e-06	7.766660e-06	1.371402e-08	5.399849e+01	8.141799e+02
1.490000e-06	7.815173e-06	1.374569e-08	5.433578e+01	8.161391e+02
1.500000e-06	7.860802e-06	1.377961e-08	5.465302e+01	8.179805e+02
1.510000e-06	7.903624e-06	1.380997e-08	5.495075e+01	8.197051e+02
1.520000e-06	7.943528e-06	1.383647e-08	5.522818e+01	8.212963e+02
1.530000e-06	7.980638e-06	1.386074e-08	5.548619e+01	8.227301e+02
1.540000e-06	8.015025e-06	1.388277e-08	5.572527e+01	8.239883e+02
1.550000e-06	8.046619e-06	1.389862e-08	5.594493e+01	8.250703e+02
1.560000e-06	8.075491e-06	1.390968e-08	5.614567e+01	8.259951e+02
1.570000e-06	8.101510e-06	1.392130e-08	5.632657e+01	8.267961e+02
1.580000e-06	8.124610e-06	1.393441e-08	5.648718e+01	8.275085e+02
1.590000e-06	8.144970e-06	1.394401e-08	5.662873e+01	8.281548e+02
1.600000e-06	8.162449e-06	1.395138e-08	5.675025e+01	8.287368e+02
1.610000e-06	8.176886e-06	1.396082e-08	5.685063e+01	8.292357e+02
1.620000e-06	8.188234e-06	1.396916e-08	5.692953e+01	8.296216e+02
1.630000e-06	8.196489e-06	1.397193e-08	5.698692e+01	8.298688e+02
1.640000e-06	8.201859e-06	1.396927e-08	5.702425e+01	8.299697e+02
1.650000e-06	8.204339e-06	1.396621e-08	5.704150e+01	8.299414e+02
1.660000e-06	8.203914e-06	1.396451e-08	5.703854e+01	8.298212e+02
1.670000e-06	8.200838e-06	1.396824e-08	5.701716e+01	8.296531e+02
1.680000e-06	8.195086e-06	1.396378e-08	5.697716e+01	8.294696e+02
1.690000e-06	8.186596e-06	1.395798e-08	5.691814e+01	8.292764e+02
1.700000e-06	8.175323e-06	1.395460e-08	5.683976e+01	8.290483e+02
1.710000e-06	8.161175e-06	1.394548e-08	5.674139e+01	8.287362e+02
1.720000e-06	8.144333e-06	1.392670e-08	5.662430e+01	8.282850e+02
1.730000e-06	8.125107e-06	1.389797e-08	5.649063e+01	8.276553e+02
1.740000e-06	8.103261e-06	1.396225e-08	5.633875e+01	8.268393e+02
1.750000e-06	8.078038e-06	1.399341e-08	5.616338e+01	8.258653e+02
1.760000e-06	8.048995e-06	1.390747e-08	5.596145e+01	8.247888e+02
1.770000e-06	8.016573e-06	1.384507e-08	5.573604e+01	8.236716e+02
1.780000e-06	7.981642e-06	1.384240e-08	5.549318e+01	8.225592e+02
1.790000e-06	7.944285e-06	1.380454e-08	5.523345e+01	8.214633e+02
1.800000e-06	7.904659e-06	1.375908e-08	5.495795e+01	8.203576e+02
1.810000e-06	7.863010e-06	1.384462e-08	5.466837e+01	8.191884e+02
1.820000e-06	7.818712e-06	1.372711e-08	5.436039e+01	8.178953e+02
1.830000e-06	7.771589e-06	1.374682e-08	5.403276e+01	8.164352e+02
1.840000e-06	7.721625e-06	1.377740e-08	5.368538e+01	8.147983e+02
1.850000e-06	7.668398e-06	1.363336e-08	5.331531e+01	8.130122e+02
1.860000e-06	7.612292e-06	1.367939e-08	5.292523e+01	8.111297e+02
1.870000e-06	7.553553e-06	1.357248e-08	5.251684e+01	8.092076e+02
1.880000e-06	7.492120e-06	1.361275e-08	5.208973e+01	8.072840e+02
1.890000e-06	7.428016e-06	1.358067e-08	5.164404e+01	8.053623e+02
1.900000e-06	7.361086e-06	1.349438e-08	5.117870e+01	8.034098e+02
1.910000e-06	7.291320e-06	1.353460e-08	5.069364e+01	8.013699e+02
1.920000e-06	7.218695e-06	1.342906e-08	5.018871e+01	7.991838e+02
1.930000e-06	7.143410e-06	1.341779e-08	4.966528e+01	7.968124e+02
1.940000e-06	7.065401e-06	1.332509e-08	4.912292e+01	7.942504e+02
1.950000e-06	6.984762e-06	1.331831e-08	4.856227e+01	7.915268e+02
1.960000e-06	6.901725e-06	1.330866e-08	4.798494e+01	7.886916e+02
1.970000e-06	6.816067e-06	1.321775e-08	4.738940e+01	7.857955e+02
1.980000e-06	6.727929e-06	1.320714e-08	4.677661e+01	7.828694e+02
1.990000e-06	6.637423e-06	1.310845e-08	4.614736e+01	7.799128e+02
2.000000e-06	6.544576e-06	1.308378e-08	4.550183e+01	7.768950e+02
2.010000e-06	6.449438e-06	1.300170e-08	4.484037e+01	7.737682e+02
2.020000e-06	6.352052e-06	1.295291e-08	4.416329e+01	7.704870e+02
2.030000e-06	6.252406e-06	1.291094e-08	4.347049e+01	7.670256e+02
2.040000e-06	6.150373e-06	1.285469e-08	4.276109e+01	7.633866e+02
2.050000e-06	6.046134e-06	1.280521e-08	4.203636e+01	7.595974e+02
2.060000e-06	5.939832e-06	1.270540e-08	4.129728e+01	7.556964e+02
2.070000e-06	5.831450e-06	1.265043e-08	4.054375e+01	7.517155e+02
2.080000e-06	5.720920e-06	1.256715e-08	3.977528e+01	7.476653e+02
2.090000e-06	5.608262e-06	1.251286e-08	3.899201e+01	7.435307e+02
2.100000e-06	5.493428e-06	1.243041e-08	3.819362e+01	7.392767e+02
2.110000e-06	5.376424e-06	1.237059e-08	3.738014e+01	7.348634e+02
2.120000e-06	5.257338e-06	1.229781e-08	3.655218e+01	7.302625e+02
2.130000e-06	5.136303e-06	1.221540e-08	3.571067e+01	7.254688e+02
2.140000e-06	5.013455e-06	1.211530e-08	3.485656e+01	7.205022e+02
2.150000e-06	4.888782e-06	1.201945e-08	3.398976e+01	7.153982e+02
2.160000e-06	4.762308e-06	1.194566e-08	3.311043e+01	7.101926e+02
2.170000e-06	4.634145e-06	1.185765e-08	3.221936e+01	7.049049e+02
2.180000e-06	4.504412e-06	1.177226e-08	3.131738e+01	6.995296e+02
2.190000e-06	4.373088e-06	1.167538e-08	3.040433e+01	6.940362e+02
2.200000e-06	4.240228e-06	1.159339e-08	2.948062e+01	6.883800e+02
2.210000e-06	4.105826e-06	1.148582e-08	2.854617e+01	6.825176e+02
2.220000e-06	3.969897e-06	1.137794e-08	2.760111e+01	6.764217e+02
2.230000e-06	3.832459e-06	1.126295e-08	2.664556e+01	6.700884e+02
2.240000e-06	3.693578e-06	1.116549e-08	2.567998e+01	6.635346e+02
2.250000e-06	3.553366e-06	1.105753e-08	2.470514e+01	6.567868e+02
2.260000e-06	3.411785e-06	1.093837e-08	2.372078e+01	6.498665e+02
2.270000e-06	3.268915e-06	1.081671e-08	2.272746e+01	6.427783e+02
2.280000e-06	3.124867e-06	1.069423e-08	2.172596e+01	6.355057e+02
2.290000e-06	2.979701e-06	1.057092e-08	2.071668e+01	6.280163e+02
2.300000e-06	2.833381e-06	1.043149e-08	1.969937e+01	6.202741e+02
2.310000e-06	2.686058e-06	1.029521e-08	1.867509e+01	6.122526e+02
2.320000e-06	2.537889e-06	1.015944e-08	1.764493e+01	6.039446e+02
2.330000e-06	2.388829e-06	1.002358e-08	1.660858e+01	5.953621e+02
2.340000e-06	2.238933e-06	9.870577e-09	1.556641e+01	5.865281e+02
2.350000e-06	2.088278e-06	9.713998e-09	1.451896e+01	5.774631e+02
2.360000e-06	1.936902e-06	9.557857e-09	1.346651e+01	5.681710e+02
2.370000e-06	1.784829e-06	9.399246e-09	1.240920e+01	5.586322e+02
2.380000e-06	1.632101e-06	9.229962e-09	1.134735e+01	5.488052e+02
2.390000e-06	1.478761e-06	9.056118e-09	1.028123e+01	5.386372e+02
2.400000e-06	1.324858e-06	8.880821e-09	9.211209e+00	5.280786e+02
2.410000e-06	1.170475e-06	8.698160e-09	8.137845e+00	5.170957e+02
2.420000e-06	1.015709e-06	8.501144e-09	7.061823e+00	5.056760e+02
2.430000e-06	8.606116e-07	8.296576e-09	5.983490e+00	4.938231e+02
2.440000e-06	7.052150e-07	8.093557e-09	4.903079e+00	4.815435e+02
2.450000e-06	5.496124e-07	7.886505e-09	3.821236e+00	4.688299e+02
2.460000e-06	3.938287e-07	7.666812e-09	2.738134e+00	4.556473e+02
2.470000e-06	2.378603e-07	7.431049e-09	1.653748e+00	4.419279e+02
2.480000e-06	8.179938e-08	7.188394e-09	5.687185e-01	4.275769e+02
2.490000e-06	-7.424898e-08	6.933382e-09	-5.162236e-01	4.124876e+02
2.500000e-06	-2.302078e-07	6.662267e-09	-1.600543e+00	3.965603e+02
2.510000e-06	-3.860518e-07	6.374504e-09	-2.684064e+00	3.797183e+02
2.520000e-06	-5.417596e-07	6.077806e-09	-3.766638e+00	3.619162e+02
2.530000e-06	-6.972594e-07	5.770659e-09	-4.847766e+00	3.431361e+02
2.540000e-06	-8.525125e-07	5.441914e-09	-5.927180e+00	3.233746e+02
2.550000e-06	-1.007521e-06	5.089206e-09	-7.004890e+00	3.026228e+02
2.560000e-06	-1.162185e-06	4.718873e-09	-8.080207e+00	2.808477e+02
2.570000e-06	-1.316402e-06	4.333413e-09	-9.152421e+00	2.579779e+02
2.580000e-06	-1.470118e-06	3.926980e-09	-1.022114e+01	2.338994e+02
2.590000e-06	-1.623234e-06	3.496792e-09	-1.128570e+01	2.084623e+02
2.600000e-06	-1.775694e-06	3.046340e-09	-1.234570e+01	1.814956e+02
2.610000e-06	-1.927470e-06	2.574248e-09	-1.340093e+01	1.528305e+02
2.620000e-06	-2.078533e-06	2.067413e-09	-1.445121e+01	1.223253e+02
2.630000e-06	-2.228854e-06	1.520226e-09	-1.549633e+01	8.989227e+01
2.640000e-06	-2.378405e-06	9.392920e-10	-1.653610e+01	5.552111e+01
2.650000e-06	-2.527133e-06	3.320032e-10	-1.757015e+01	1.929799e+01
2.660000e-06	-2.674965e-06	-3.028613e-10	-1.859797e+01	-1.858340e+01
2.670000e-06	-2.821915e-06	-9.634873e-10	-1.961965e+01	-5.782141e+01
2.680000e-06	-2.967881e-06	-1.639304e-09	-2.063450e+01	-9.801852e+01
2.690000e-06	-3.112676e-06	-2.317244e-09	-2.164119e+01	-1.387064e+02
2.700000e-06	-3.256242e-06	-2.994562e-09	-2.263936e+01	-1.793814e+02
2.710000e-06	-3.398605e-06	-3.669065e-09	-2.362914e+01	-2.195466e+02
2.720000e-06	-3.539728e-06	-4.330700e-09	-2.461032e+01	-2.587512e+02
2.730000e-06	-3.679475e-06	-4.968504e-09	-2.558192e+01	-2.966227e+02
2.740000e-06	-3.817875e-06	-5.577620e-09	-2.654416e+01	-3.328841e+02
2.750000e-06	-3.954873e-06	-6.159644e-09	-2.749666e+01	-3.673561e+02
2.760000e-06	-4.090320e-06	-6.710739e-09	-2.843836e+01	-3.999436e+02
2.770000e-06	-4.224351e-06	-7.226487e-09	-2.937023e+01	-4.306159e+02
2.780000e-06	-4.356951e-06	-7.707758e-09	-3.029214e+01	-4.593839e+02
2.790000e-06	-4.487928e-06	-8.160066e-09	-3.120278e+01	-4.862826e+02
2.800000e-06	-4.617298e-06	-8.584610e-09	-3.210223e+01	-5.113627e+02
2.810000e-06	-4.745045e-06	-8.978237e-09	-3.299041e+01	-5.346886e+02
2.820000e-06	-4.871151e-06	-9.342105e-09	-3.386717e+01	-5.563418e+02
2.830000e-06	-4.995596e-06	-9.682111e-09	-3.473239e+01	-5.764225e+02
2.840000e-06	-5.118224e-06	-1.000102e-08	-3.558497e+01	-5.950475e+02
2.850000e-06	-5.238975e-06	-1.029487e-08	-3.642451e+01	-6.123414e+02
2.860000e-06	-5.357766e-06	-1.056382e-08	-3.725041e+01	-6.284238e+02
2.870000e-06	-5.474469e-06	-1.081480e-08	-3.806180e+01	-6.433970e+02
2.880000e-06	-5.588925e-06	-1.105044e-08	-3.885757e+01	-6.573393e+02
2.890000e-06	-5.701080e-06	-1.126885e-08	-3.963734e+01	-6.703049e+02
2.900000e-06	-5.811075e-06	-1.146886e-08	-4.040209e+01	-6.823336e+02
2.910000e-06	-5.919078e-06	-1.165479e-08	-4.115299e+01	-6.934636e+02
2.920000e-06	-6.025118e-06	-1.183101e-08	-4.189024e+01	-7.037437e+02
2.930000e-06	-6.128982e-06	-1.199549e-08	-4.261237e+01	-7.132398e+02
2.940000e-06	-6.230548e-06	-1.214397e-08	-4.331852e+01	-7.220322e+02
2.950000e-06	-6.329856e-06	-1.227973e-08	-4.400897e+01	-7.302057e+02
2.960000e-06	-6.426989e-06	-1.240947e-08	-4.468430e+01	-7.378351e+02
2.970000e-06	-6.521890e-06	-1.253260e-08	-4.534410e+01	-7.449747e+02
2.980000e-06	-6.614481e-06	-1.264562e-08	-4.598785e+01	-7.516533e+02
2.990000e-06	-6.704786e-06	-1.274923e-08	-4.661571e+01	-7.578794e+02
3.000000e-06	-6.792799e-06	-1.284775e-08	-4.722762e+01	-7.636532e+02
3.010000e-06	-6.878418e-06	-1.294067e-08	-4.782290e+01	-7.689817e+02
3.020000e-06	-6.961494e-06	-1.302492e-08	-4.840050e+01	-7.738895e+02
3.030000e-06	-7.042106e-06	-1.309823e-08	-4.896096e+01	-7.784216e+02
3.040000e-06	-7.120185e-06	-1.316577e-08	-4.950381e+01	-7.826370e+02
3.050000e-06	-7.195515e-06	-1.323411e-08	-5.002754e+01	-7.865954e+02
3.060000e-06	-7.268144e-06	-1.330006e-08	-5.053251e+01	-7.903424e+02
3.070000e-06	-7.338123e-06	-1.335994e-08	-5.101905e+01	-7.938999e+02
3.080000e-06	-7.405453e-06	-1.341586e-08	-5.148716e+01	-7.972653e+02
3.090000e-06	-7.470170e-06	-1.346967e-08	-5.193711e+01	-8.004193e+02
3.100000e-06	-7.532240e-06	-1.351865e-08	-5.236866e+01	-8.033404e+02
3.110000e-06	-7.591612e-06	-1.356296e-08	-5.278145e+01	-8.060185e+02
3.120000e-06	-7.648296e-06	-1.360472e-08	-5.317555e+01	-8.084630e+02
3.130000e-06	-7.702158e-06	-1.364407e-08	-5.355004e+01	-8.107021e+02
3.140000e-06	-7.752973e-06	-1.368105e-08	-5.390333e+01	-8.127735e+02
3.150000e-06	-7.800659e-06	-1.371447e-08	-5.423487e+01	-8.147110e+02
3.160000e-06	-7.845489e-06	-1.374330e-08	-5.454656e+01	-8.165323e+02
3.170000e-06	-7.887804e-06	-1.376954e-08	-5.484076e+01	-8.182350e+02
3.180000e-06	-7.927494e-06	-1.379549e-08	-5.511670e+01	-8.198002e+02
3.190000e-06	-7.964353e-06	-1.382007e-08	-5.537297e+01	-8.212037e+02
3.200000e-06	-7.998480e-06	-1.384294e-08	-5.561024e+01	-8.224303e+02
3.210000e-06	-8.029800e-06	-1.386254e-08	-5.582800e+01	-8.234825e+02
3.220000e-06	-8.058152e-06	-1.388127e-08	-5.602512e+01	-8.243828e+02
3.230000e-06	-8.083631e-06	-1.389812e-08	-5.620226e+01	-8.251659e+02
3.240000e-06	-8.106209e-06	-1.390944e-08	-5.635924e+01	-8.258656e+02
3.250000e-06	-8.125908e-06	-1.391709e-08	-5.649620e+01	-8.265012e+02
3.260000e-06	-8.142800e-06	-1.392466e-08	-5.661364e+01	-8.270706e+02
3.270000e-06	-8.156654e-06	-1.393408e-08	-5.670996e+01	-8.275519e+02
3.280000e-06	-8.167401e-06	-1.394310e-08	-5.678468e+01	-8.279148e+02
3.290000e-06	-8.175194e-06	-1.394876e-08	-5.683886e+01	-8.281360e+02
3.300000e-06	-8.180097e-06	-1.395127e-08	-5.687295e+01	-8.282121e+02
3.310000e-06	-8.182179e-06	-1.395608e-08	-5.688743e+01	-8.281645e+02
