# Temperatura_=_26.95
# Concentracion g/m^3_=_11780.0
# C_Vs_to_Am_M_A/Vsm_=_59384043850.047264
# pendiente_HvsI_1/m_=_3716.3
# ordenada_HvsI_A/m_=_1297.0
# frecuencia_Hz_=_301555.7164028558

Tiempo_(s)	Campo_(V.s)	Magnetizacion_(V.s)	Campo_(kA/m)	Magnetizacion_(A/m)
0.000000e+00	-8.192289e-06	-1.346643e-08	-5.688633e+01	-8.001791e+02
1.000000e-08	-8.189307e-06	-1.346152e-08	-5.686562e+01	-7.999588e+02
2.000000e-08	-8.183605e-06	-1.345861e-08	-5.682603e+01	-7.997036e+02
3.000000e-08	-8.175320e-06	-1.345887e-08	-5.676850e+01	-7.994530e+02
4.000000e-08	-8.164169e-06	-1.345836e-08	-5.669107e+01	-7.992109e+02
5.000000e-08	-8.150005e-06	-1.345363e-08	-5.659271e+01	-7.989433e+02
6.000000e-08	-8.133003e-06	-1.344939e-08	-5.647465e+01	-7.985906e+02
7.000000e-08	-8.113447e-06	-1.345246e-08	-5.633886e+01	-7.980912e+02
8.000000e-08	-8.091418e-06	-1.343508e-08	-5.618589e+01	-7.974056e+02
9.000000e-08	-8.066360e-06	-1.338240e-08	-5.601189e+01	-7.965327e+02
1.000000e-07	-8.037932e-06	-1.336937e-08	-5.581449e+01	-7.955118e+02
1.100000e-07	-8.006475e-06	-1.338475e-08	-5.559606e+01	-7.944090e+02
1.200000e-07	-7.972140e-06	-1.337823e-08	-5.535764e+01	-7.932935e+02
1.300000e-07	-7.935129e-06	-1.333906e-08	-5.510064e+01	-7.922123e+02
1.400000e-07	-7.895862e-06	-1.332066e-08	-5.482798e+01	-7.911732e+02
1.500000e-07	-7.854224e-06	-1.334215e-08	-5.453884e+01	-7.901423e+02
1.600000e-07	-7.809858e-06	-1.329469e-08	-5.423077e+01	-7.890566e+02
1.700000e-07	-7.762691e-06	-1.328194e-08	-5.390325e+01	-7.878473e+02
1.800000e-07	-7.712621e-06	-1.320045e-08	-5.355557e+01	-7.864640e+02
1.900000e-07	-7.659390e-06	-1.316070e-08	-5.318594e+01	-7.848912e+02
2.000000e-07	-7.603256e-06	-1.320371e-08	-5.279615e+01	-7.831518e+02
2.100000e-07	-7.544503e-06	-1.314123e-08	-5.238818e+01	-7.812951e+02
2.200000e-07	-7.483126e-06	-1.312657e-08	-5.196198e+01	-7.793754e+02
2.300000e-07	-7.419056e-06	-1.308502e-08	-5.151709e+01	-7.774301e+02
2.400000e-07	-7.352100e-06	-1.308270e-08	-5.105215e+01	-7.754650e+02
2.500000e-07	-7.282447e-06	-1.304925e-08	-5.056849e+01	-7.734522e+02
2.600000e-07	-7.210098e-06	-1.295380e-08	-5.006610e+01	-7.713419e+02
2.700000e-07	-7.134953e-06	-1.291489e-08	-4.954431e+01	-7.690829e+02
2.800000e-07	-7.057055e-06	-1.290281e-08	-4.900339e+01	-7.666433e+02
2.900000e-07	-6.976376e-06	-1.289353e-08	-4.844317e+01	-7.640230e+02
3.000000e-07	-6.893224e-06	-1.280796e-08	-4.786577e+01	-7.612543e+02
3.100000e-07	-6.807822e-06	-1.275641e-08	-4.727275e+01	-7.583897e+02
3.200000e-07	-6.720029e-06	-1.273823e-08	-4.666312e+01	-7.554810e+02
3.300000e-07	-6.629816e-06	-1.268374e-08	-4.603669e+01	-7.525597e+02
3.400000e-07	-6.537296e-06	-1.261408e-08	-4.539424e+01	-7.496247e+02
3.500000e-07	-6.442470e-06	-1.254511e-08	-4.473578e+01	-7.466418e+02
3.600000e-07	-6.345249e-06	-1.251244e-08	-4.406069e+01	-7.435566e+02
3.700000e-07	-6.245655e-06	-1.247552e-08	-4.336912e+01	-7.403132e+02
3.800000e-07	-6.143851e-06	-1.241142e-08	-4.266221e+01	-7.368741e+02
3.900000e-07	-6.039808e-06	-1.233467e-08	-4.193974e+01	-7.332319e+02
4.000000e-07	-5.933490e-06	-1.228250e-08	-4.120148e+01	-7.294097e+02
4.100000e-07	-5.825027e-06	-1.224138e-08	-4.044833e+01	-7.254504e+02
4.200000e-07	-5.714494e-06	-1.216400e-08	-3.968080e+01	-7.213988e+02
4.300000e-07	-5.601859e-06	-1.207333e-08	-3.889868e+01	-7.172846e+02
4.400000e-07	-5.487066e-06	-1.199985e-08	-3.810157e+01	-7.131109e+02
4.500000e-07	-5.370159e-06	-1.194465e-08	-3.728977e+01	-7.088542e+02
4.600000e-07	-5.251161e-06	-1.187330e-08	-3.646347e+01	-7.044745e+02
4.700000e-07	-5.130214e-06	-1.178463e-08	-3.562362e+01	-6.999304e+02
4.800000e-07	-5.007518e-06	-1.170651e-08	-3.477164e+01	-6.951950e+02
4.900000e-07	-4.883015e-06	-1.164319e-08	-3.390710e+01	-6.902645e+02
5.000000e-07	-4.756712e-06	-1.156200e-08	-3.303007e+01	-6.851582e+02
5.100000e-07	-4.628701e-06	-1.145486e-08	-3.214118e+01	-6.799089e+02
5.200000e-07	-4.499058e-06	-1.135608e-08	-3.124095e+01	-6.745481e+02
5.300000e-07	-4.367782e-06	-1.127477e-08	-3.032939e+01	-6.690925e+02
5.400000e-07	-4.234837e-06	-1.118790e-08	-2.940623e+01	-6.635355e+02
5.500000e-07	-4.100446e-06	-1.108196e-08	-2.847303e+01	-6.578486e+02
5.600000e-07	-3.964675e-06	-1.097664e-08	-2.753026e+01	-6.519900e+02
5.700000e-07	-3.827329e-06	-1.088599e-08	-2.657654e+01	-6.459184e+02
5.800000e-07	-3.688435e-06	-1.078832e-08	-2.561208e+01	-6.396061e+02
5.900000e-07	-3.548082e-06	-1.066755e-08	-2.463748e+01	-6.330466e+02
6.000000e-07	-3.406259e-06	-1.054341e-08	-2.365268e+01	-6.262541e+02
6.100000e-07	-3.263042e-06	-1.043260e-08	-2.265819e+01	-6.192558e+02
6.200000e-07	-3.118597e-06	-1.032069e-08	-2.165519e+01	-6.120789e+02
6.300000e-07	-2.973071e-06	-1.019083e-08	-2.064467e+01	-6.047395e+02
6.400000e-07	-2.826517e-06	-1.005683e-08	-1.962701e+01	-5.972351e+02
6.500000e-07	-2.679031e-06	-9.931543e-09	-1.860289e+01	-5.895439e+02
6.600000e-07	-2.530664e-06	-9.807494e-09	-1.757265e+01	-5.816323e+02
6.700000e-07	-2.381495e-06	-9.668605e-09	-1.653683e+01	-5.734647e+02
6.800000e-07	-2.231595e-06	-9.518277e-09	-1.549594e+01	-5.650137e+02
6.900000e-07	-2.080870e-06	-9.372761e-09	-1.444932e+01	-5.562665e+02
7.000000e-07	-1.929353e-06	-9.228858e-09	-1.339721e+01	-5.472248e+02
7.100000e-07	-1.777107e-06	-9.072492e-09	-1.234003e+01	-5.378989e+02
7.200000e-07	-1.624170e-06	-8.902783e-09	-1.127805e+01	-5.282984e+02
7.300000e-07	-1.470570e-06	-8.737405e-09	-1.021147e+01	-5.184231e+02
7.400000e-07	-1.316380e-06	-8.575395e-09	-9.140796e+00	-5.082572e+02
7.500000e-07	-1.161765e-06	-8.402897e-09	-8.067164e+00	-4.977696e+02
7.600000e-07	-1.006756e-06	-8.214114e-09	-6.990798e+00	-4.869188e+02
7.700000e-07	-8.513806e-07	-8.021443e-09	-5.911891e+00	-4.756606e+02
7.800000e-07	-6.956971e-07	-7.828848e-09	-4.830842e+00	-4.639553e+02
7.900000e-07	-5.397521e-07	-7.625682e-09	-3.747978e+00	-4.517717e+02
8.000000e-07	-3.836151e-07	-7.407385e-09	-2.663780e+00	-4.390857e+02
8.100000e-07	-2.273462e-07	-7.181790e-09	-1.578666e+00	-4.258737e+02
8.200000e-07	-7.099680e-08	-6.955991e-09	-4.929938e-01	-4.121048e+02
8.300000e-07	8.537518e-08	-6.718529e-09	5.928356e-01	-3.977335e+02
8.400000e-07	2.416934e-07	-6.462518e-09	1.678291e+00	-3.826981e+02
8.500000e-07	3.979291e-07	-6.193027e-09	2.763175e+00	-3.669241e+02
8.600000e-07	5.540117e-07	-5.917479e-09	3.846995e+00	-3.503345e+02
8.700000e-07	7.098168e-07	-5.626444e-09	4.928887e+00	-3.328617e+02
8.800000e-07	8.653032e-07	-5.311891e-09	6.008568e+00	-3.144581e+02
8.900000e-07	1.020500e-06	-4.979166e-09	7.086238e+00	-2.950992e+02
9.000000e-07	1.175395e-06	-4.638276e-09	8.161810e+00	-2.747791e+02
9.100000e-07	1.329921e-06	-4.285065e-09	9.234821e+00	-2.534961e+02
9.200000e-07	1.484035e-06	-3.910283e-09	1.030497e+01	-2.312340e+02
9.300000e-07	1.637644e-06	-3.517071e-09	1.137161e+01	-2.079441e+02
9.400000e-07	1.790607e-06	-3.106946e-09	1.243377e+01	-1.835355e+02
9.500000e-07	1.942797e-06	-2.675407e-09	1.349057e+01	-1.578776e+02
9.600000e-07	2.094188e-06	-2.213730e-09	1.454181e+01	-1.308187e+02
9.700000e-07	2.244803e-06	-1.724842e-09	1.558766e+01	-1.022169e+02
9.800000e-07	2.394561e-06	-1.214786e-09	1.662756e+01	-7.197723e+01
9.900000e-07	2.543477e-06	-6.815927e-10	1.766161e+01	-4.008640e+01
1.000000e-06	2.691527e-06	-1.179690e-10	1.868966e+01	-6.636203e+00
1.010000e-06	2.838657e-06	4.732483e-10	1.971131e+01	2.817069e+01
1.020000e-06	2.984866e-06	1.079148e-09	2.072658e+01	6.403422e+01
1.030000e-06	3.129997e-06	1.692765e-09	2.173434e+01	1.005865e+02
1.040000e-06	3.273930e-06	2.314886e-09	2.273380e+01	1.374298e+02
1.050000e-06	3.416638e-06	2.939918e-09	2.372475e+01	1.741748e+02
1.060000e-06	3.558026e-06	3.555883e-09	2.470653e+01	2.104696e+02
1.070000e-06	3.698069e-06	4.153382e-09	2.567897e+01	2.460154e+02
1.080000e-06	3.836776e-06	4.733507e-09	2.664214e+01	2.805693e+02
1.090000e-06	3.974036e-06	5.297657e-09	2.759526e+01	3.139368e+02
1.100000e-06	4.109731e-06	5.838233e-09	2.853751e+01	3.459609e+02
1.110000e-06	4.243924e-06	6.348721e-09	2.946933e+01	3.765142e+02
1.120000e-06	4.376619e-06	6.833275e-09	3.039075e+01	4.054979e+02
1.130000e-06	4.507758e-06	7.298001e-09	3.130137e+01	4.328463e+02
1.140000e-06	4.637294e-06	7.735827e-09	3.220084e+01	4.585357e+02
1.150000e-06	4.765070e-06	8.139542e-09	3.308811e+01	4.825895e+02
1.160000e-06	4.891210e-06	8.514292e-09	3.396401e+01	5.050773e+02
1.170000e-06	5.015759e-06	8.868644e-09	3.482886e+01	5.261035e+02
1.180000e-06	5.138612e-06	9.200557e-09	3.568194e+01	5.457881e+02
1.190000e-06	5.259619e-06	9.507602e-09	3.652220e+01	5.642454e+02
1.200000e-06	5.378609e-06	9.793861e-09	3.734845e+01	5.815658e+02
1.210000e-06	5.495596e-06	1.006806e-08	3.816080e+01	5.978074e+02
1.220000e-06	5.610506e-06	1.032961e-08	3.895872e+01	6.130003e+02
1.230000e-06	5.723157e-06	1.057158e-08	3.974095e+01	6.271605e+02
1.240000e-06	5.833624e-06	1.079172e-08	4.050803e+01	6.403089e+02
1.250000e-06	5.942150e-06	1.099664e-08	4.126162e+01	6.524875e+02
1.260000e-06	6.048678e-06	1.118812e-08	4.200133e+01	6.637663e+02
1.270000e-06	6.152983e-06	1.136204e-08	4.272562e+01	6.742381e+02
1.280000e-06	6.255033e-06	1.152206e-08	4.343424e+01	6.840033e+02
1.290000e-06	6.354862e-06	1.167368e-08	4.412744e+01	6.931500e+02
1.300000e-06	6.452279e-06	1.182079e-08	4.480390e+01	7.017380e+02
1.310000e-06	6.547326e-06	1.195926e-08	4.546389e+01	7.097923e+02
1.320000e-06	6.640182e-06	1.208553e-08	4.610867e+01	7.173095e+02
1.330000e-06	6.730728e-06	1.220058e-08	4.673741e+01	7.242747e+02
1.340000e-06	6.818872e-06	1.230644e-08	4.734948e+01	7.306825e+02
1.350000e-06	6.904673e-06	1.240374e-08	4.794527e+01	7.365541e+02
1.360000e-06	6.988164e-06	1.249272e-08	4.852502e+01	7.419436e+02
1.370000e-06	7.069074e-06	1.257622e-08	4.908685e+01	7.469303e+02
1.380000e-06	7.147334e-06	1.265731e-08	4.963028e+01	7.516013e+02
1.390000e-06	7.223035e-06	1.273642e-08	5.015594e+01	7.560286e+02
1.400000e-06	7.295974e-06	1.280962e-08	5.066242e+01	7.602518e+02
1.410000e-06	7.366258e-06	1.287719e-08	5.115046e+01	7.642714e+02
1.420000e-06	7.434038e-06	1.293951e-08	5.162112e+01	7.680568e+02
1.430000e-06	7.499084e-06	1.299717e-08	5.207279e+01	7.715648e+02
1.440000e-06	7.561417e-06	1.305016e-08	5.250563e+01	7.747630e+02
1.450000e-06	7.621272e-06	1.309946e-08	5.292125e+01	7.776471e+02
1.460000e-06	7.678475e-06	1.314673e-08	5.331846e+01	7.802479e+02
1.470000e-06	7.732842e-06	1.318988e-08	5.369598e+01	7.826234e+02
1.480000e-06	7.784097e-06	1.322694e-08	5.405189e+01	7.848396e+02
1.490000e-06	7.832145e-06	1.325977e-08	5.438553e+01	7.869484e+02
1.500000e-06	7.877391e-06	1.329307e-08	5.469971e+01	7.889704e+02
1.510000e-06	7.919849e-06	1.332599e-08	5.499453e+01	7.908900e+02
1.520000e-06	7.959397e-06	1.335651e-08	5.526915e+01	7.926645e+02
1.530000e-06	7.996242e-06	1.338382e-08	5.552500e+01	7.942442e+02
1.540000e-06	8.030274e-06	1.340941e-08	5.576132e+01	7.955945e+02
1.550000e-06	8.061418e-06	1.343137e-08	5.597758e+01	7.967127e+02
1.560000e-06	8.089914e-06	1.344705e-08	5.617545e+01	7.976318e+02
1.570000e-06	8.115557e-06	1.345768e-08	5.635351e+01	7.984099e+02
1.580000e-06	8.138203e-06	1.346518e-08	5.651076e+01	7.991099e+02
1.590000e-06	8.158087e-06	1.347363e-08	5.664883e+01	7.997767e+02
1.600000e-06	8.175107e-06	1.348552e-08	5.676702e+01	8.004215e+02
1.610000e-06	8.189112e-06	1.349788e-08	5.686427e+01	8.010195e+02
1.620000e-06	8.199944e-06	1.350730e-08	5.693948e+01	8.015215e+02
1.630000e-06	8.207680e-06	1.351395e-08	5.699320e+01	8.018756e+02
1.640000e-06	8.212609e-06	1.351728e-08	5.702743e+01	8.020491e+02
1.650000e-06	8.214635e-06	1.351553e-08	5.704150e+01	8.020438e+02
1.660000e-06	8.213788e-06	1.351168e-08	5.703562e+01	8.018964e+02
1.670000e-06	8.210307e-06	1.350736e-08	5.701144e+01	8.016655e+02
1.680000e-06	8.204102e-06	1.350106e-08	5.696836e+01	8.014087e+02
1.690000e-06	8.195134e-06	1.349504e-08	5.690609e+01	8.011601e+02
1.700000e-06	8.183374e-06	1.348881e-08	5.682442e+01	8.009167e+02
1.710000e-06	8.168727e-06	1.348081e-08	5.672272e+01	8.006383e+02
1.720000e-06	8.151465e-06	1.346710e-08	5.660285e+01	8.002633e+02
1.730000e-06	8.131886e-06	1.344649e-08	5.646690e+01	7.997322e+02
1.740000e-06	8.109605e-06	1.348283e-08	5.631218e+01	7.990116e+02
1.750000e-06	8.083775e-06	1.347654e-08	5.613282e+01	7.981080e+02
1.760000e-06	8.054088e-06	1.342276e-08	5.592668e+01	7.970669e+02
1.770000e-06	8.021171e-06	1.339466e-08	5.569811e+01	7.959567e+02
1.780000e-06	7.985778e-06	1.339278e-08	5.545234e+01	7.948446e+02
1.790000e-06	7.947938e-06	1.334302e-08	5.518958e+01	7.937712e+02
1.800000e-06	7.907932e-06	1.332807e-08	5.491179e+01	7.927368e+02
1.810000e-06	7.865890e-06	1.333277e-08	5.461985e+01	7.917009e+02
1.820000e-06	7.821111e-06	1.326121e-08	5.430891e+01	7.905976e+02
1.830000e-06	7.773543e-06	1.335022e-08	5.397860e+01	7.893598e+02
1.840000e-06	7.723001e-06	1.330932e-08	5.362765e+01	7.879422e+02
1.850000e-06	7.669237e-06	1.326119e-08	5.325432e+01	7.863367e+02
1.860000e-06	7.612666e-06	1.323732e-08	5.286149e+01	7.845720e+02
1.870000e-06	7.553268e-06	1.313976e-08	5.244904e+01	7.826999e+02
1.880000e-06	7.491238e-06	1.316386e-08	5.201831e+01	7.807733e+02
1.890000e-06	7.426567e-06	1.308208e-08	5.156924e+01	7.788248e+02
1.900000e-06	7.359113e-06	1.308683e-08	5.110085e+01	7.768537e+02
1.910000e-06	7.288906e-06	1.308255e-08	5.061334e+01	7.748271e+02
1.920000e-06	7.215806e-06	1.303235e-08	5.010574e+01	7.726934e+02
1.930000e-06	7.139962e-06	1.299836e-08	4.957909e+01	7.704033e+02
1.940000e-06	7.061306e-06	1.290019e-08	4.903291e+01	7.679301e+02
1.950000e-06	6.980067e-06	1.289494e-08	4.846880e+01	7.652798e+02
1.960000e-06	6.896465e-06	1.282422e-08	4.788828e+01	7.624896e+02
1.970000e-06	6.810326e-06	1.278925e-08	4.729014e+01	7.596133e+02
1.980000e-06	6.721722e-06	1.275640e-08	4.667488e+01	7.567005e+02
1.990000e-06	6.630743e-06	1.269851e-08	4.604313e+01	7.537775e+02
2.000000e-06	6.537490e-06	1.267094e-08	4.539559e+01	7.508369e+02
2.010000e-06	6.441842e-06	1.258915e-08	4.473143e+01	7.478397e+02
2.020000e-06	6.343936e-06	1.254952e-08	4.405157e+01	7.447297e+02
2.030000e-06	6.243839e-06	1.247786e-08	4.335651e+01	7.414530e+02
2.040000e-06	6.141374e-06	1.243253e-08	4.264501e+01	7.379769e+02
2.050000e-06	6.036679e-06	1.235870e-08	4.191801e+01	7.342998e+02
2.060000e-06	5.929869e-06	1.229122e-08	4.117634e+01	7.304493e+02
2.070000e-06	5.820997e-06	1.223107e-08	4.042035e+01	7.264701e+02
2.080000e-06	5.710016e-06	1.215963e-08	3.964971e+01	7.224056e+02
2.090000e-06	5.596923e-06	1.210314e-08	3.886440e+01	7.182810e+02
2.100000e-06	5.481590e-06	1.201985e-08	3.806354e+01	7.140944e+02
2.110000e-06	5.364087e-06	1.195517e-08	3.724761e+01	7.098187e+02
2.120000e-06	5.244570e-06	1.186805e-08	3.641770e+01	7.054121e+02
2.130000e-06	5.123118e-06	1.179499e-08	3.557436e+01	7.008349e+02
2.140000e-06	4.999817e-06	1.170168e-08	3.471817e+01	6.960638e+02
2.150000e-06	4.874708e-06	1.162795e-08	3.384942e+01	6.910996e+02
2.160000e-06	4.747858e-06	1.154744e-08	3.296859e+01	6.859649e+02
2.170000e-06	4.619277e-06	1.146132e-08	3.207574e+01	6.806933e+02
2.180000e-06	4.489140e-06	1.136831e-08	3.117208e+01	6.753146e+02
2.190000e-06	4.357446e-06	1.127104e-08	3.025761e+01	6.698417e+02
2.200000e-06	4.224152e-06	1.117966e-08	2.933203e+01	6.642639e+02
2.210000e-06	4.089292e-06	1.107605e-08	2.839558e+01	6.585492e+02
2.220000e-06	3.952950e-06	1.098124e-08	2.744884e+01	6.526550e+02
2.230000e-06	3.815161e-06	1.087705e-08	2.649205e+01	6.465415e+02
2.240000e-06	3.675910e-06	1.078114e-08	2.552510e+01	6.401846e+02
2.250000e-06	3.535230e-06	1.066622e-08	2.454824e+01	6.335816e+02
2.260000e-06	3.393199e-06	1.055112e-08	2.356199e+01	6.267499e+02
2.270000e-06	3.249901e-06	1.042825e-08	2.256695e+01	6.197174e+02
2.280000e-06	3.105427e-06	1.030845e-08	2.156374e+01	6.125105e+02
2.290000e-06	2.959887e-06	1.018369e-08	2.055312e+01	6.051421e+02
2.300000e-06	2.813305e-06	1.005475e-08	1.953527e+01	5.976060e+02
2.310000e-06	2.665735e-06	9.925743e-09	1.851057e+01	5.898779e+02
2.320000e-06	2.517198e-06	9.792311e-09	1.747914e+01	5.819227e+02
2.330000e-06	2.367725e-06	9.656372e-09	1.644122e+01	5.737058e+02
2.340000e-06	2.217409e-06	9.509248e-09	1.539744e+01	5.652020e+02
2.350000e-06	2.066359e-06	9.362565e-09	1.434856e+01	5.564014e+02
2.360000e-06	1.914588e-06	9.209025e-09	1.329468e+01	5.473077e+02
2.370000e-06	1.762160e-06	9.051064e-09	1.223624e+01	5.379320e+02
2.380000e-06	1.609189e-06	8.883448e-09	1.117403e+01	5.282825e+02
2.390000e-06	1.455675e-06	8.714234e-09	1.010804e+01	5.183565e+02
2.400000e-06	1.301590e-06	8.541785e-09	9.038096e+00	5.081355e+02
2.410000e-06	1.146958e-06	8.363924e-09	7.964347e+00	4.975860e+02
2.420000e-06	9.919425e-07	8.177834e-09	6.887937e+00	4.866653e+02
2.430000e-06	8.366892e-07	7.988081e-09	5.809876e+00	4.753296e+02
2.440000e-06	6.811871e-07	7.794293e-09	4.730086e+00	4.635406e+02
2.450000e-06	5.254101e-07	7.590920e-09	3.648388e+00	4.512686e+02
2.460000e-06	3.694422e-07	7.373421e-09	2.565365e+00	4.384902e+02
2.470000e-06	2.133307e-07	7.143748e-09	1.481345e+00	4.251810e+02
2.480000e-06	5.713018e-08	6.907607e-09	3.967055e-01	4.113080e+02
2.490000e-06	-9.907210e-08	6.661945e-09	-6.879455e-01	3.968228e+02
2.500000e-06	-2.552233e-07	6.406178e-09	-1.772242e+00	3.816608e+02
2.510000e-06	-4.112433e-07	6.139080e-09	-2.855627e+00	3.657463e+02
2.520000e-06	-5.670300e-07	5.862940e-09	-3.937392e+00	3.490032e+02
2.530000e-06	-7.226075e-07	5.571508e-09	-5.017705e+00	3.313667e+02
2.540000e-06	-8.779698e-07	5.258292e-09	-6.096523e+00	3.127933e+02
2.550000e-06	-1.033018e-06	4.924431e-09	-7.173160e+00	2.932625e+02
2.560000e-06	-1.187732e-06	4.576694e-09	-8.247475e+00	2.727704e+02
2.570000e-06	-1.341970e-06	4.214817e-09	-9.318487e+00	2.513141e+02
2.580000e-06	-1.495637e-06	3.835762e-09	-1.038554e+01	2.288728e+02
2.590000e-06	-1.648760e-06	3.439562e-09	-1.144880e+01	2.053908e+02
2.600000e-06	-1.801310e-06	3.029356e-09	-1.250809e+01	1.807692e+02
2.610000e-06	-1.953191e-06	2.601857e-09	-1.356273e+01	1.548721e+02
2.620000e-06	-2.104376e-06	2.145762e-09	-1.461255e+01	1.275469e+02
2.630000e-06	-2.254858e-06	1.656389e-09	-1.565748e+01	9.865737e+01
2.640000e-06	-2.404567e-06	1.140151e-09	-1.669704e+01	6.812068e+01
2.650000e-06	-2.553347e-06	5.996083e-10	-1.773015e+01	3.594109e+01
2.660000e-06	-2.701102e-06	3.368349e-11	-1.875615e+01	2.230325e+00
2.670000e-06	-2.847923e-06	-5.561912e-10	-1.977565e+01	-3.279002e+01
2.680000e-06	-2.993763e-06	-1.160653e-09	-2.078835e+01	-6.880523e+01
2.690000e-06	-3.138562e-06	-1.770890e-09	-2.179382e+01	-1.054392e+02
2.700000e-06	-3.282238e-06	-2.388143e-09	-2.279149e+01	-1.422931e+02
2.710000e-06	-3.424688e-06	-3.006590e-09	-2.378064e+01	-1.789825e+02
2.720000e-06	-3.565823e-06	-3.615550e-09	-2.476067e+01	-2.151641e+02
2.730000e-06	-3.705524e-06	-4.208028e-09	-2.573074e+01	-2.505494e+02
2.740000e-06	-3.843789e-06	-4.784771e-09	-2.669084e+01	-2.849048e+02
2.750000e-06	-3.980631e-06	-5.346122e-09	-2.764105e+01	-3.180433e+02
2.760000e-06	-4.116059e-06	-5.885438e-09	-2.858145e+01	-3.498137e+02
2.770000e-06	-4.250062e-06	-6.393638e-09	-2.951195e+01	-3.800934e+02
2.780000e-06	-4.382521e-06	-6.873013e-09	-3.043173e+01	-4.087892e+02
2.790000e-06	-4.513417e-06	-7.328961e-09	-3.134066e+01	-4.358421e+02
2.800000e-06	-4.642754e-06	-7.757586e-09	-3.223876e+01	-4.612366e+02
2.810000e-06	-4.770461e-06	-8.154703e-09	-3.312555e+01	-4.850049e+02
2.820000e-06	-4.896494e-06	-8.525462e-09	-3.400070e+01	-5.072236e+02
2.830000e-06	-5.020700e-06	-8.879322e-09	-3.486317e+01	-5.280016e+02
2.840000e-06	-5.143122e-06	-9.215145e-09	-3.571326e+01	-5.474595e+02
2.850000e-06	-5.263776e-06	-9.526211e-09	-3.655107e+01	-5.657084e+02
2.860000e-06	-5.382439e-06	-9.812761e-09	-3.737505e+01	-5.828332e+02
2.870000e-06	-5.498888e-06	-1.008139e-08	-3.818366e+01	-5.988863e+02
2.880000e-06	-5.613090e-06	-1.033290e-08	-3.897666e+01	-6.138941e+02
2.890000e-06	-5.725078e-06	-1.056296e-08	-3.975429e+01	-6.278719e+02
2.900000e-06	-5.834907e-06	-1.077564e-08	-4.051693e+01	-6.408436e+02
2.910000e-06	-5.942765e-06	-1.097822e-08	-4.126589e+01	-6.528559e+02
2.920000e-06	-6.048649e-06	-1.117263e-08	-4.200113e+01	-6.639837e+02
2.930000e-06	-6.152375e-06	-1.135373e-08	-4.272140e+01	-6.743224e+02
2.940000e-06	-6.253742e-06	-1.151659e-08	-4.342528e+01	-6.839717e+02
2.950000e-06	-6.352801e-06	-1.166683e-08	-4.411314e+01	-6.930156e+02
2.960000e-06	-6.449745e-06	-1.180943e-08	-4.478630e+01	-7.015078e+02
2.970000e-06	-6.544491e-06	-1.194217e-08	-4.544421e+01	-7.094673e+02
2.980000e-06	-6.636810e-06	-1.206306e-08	-4.608526e+01	-7.168874e+02
2.990000e-06	-6.726830e-06	-1.217765e-08	-4.671034e+01	-7.237532e+02
3.000000e-06	-6.814581e-06	-1.229003e-08	-4.731968e+01	-7.300631e+02
3.010000e-06	-6.899781e-06	-1.239337e-08	-4.791130e+01	-7.358441e+02
3.020000e-06	-6.982538e-06	-1.248422e-08	-4.848596e+01	-7.411556e+02
3.030000e-06	-7.062907e-06	-1.256486e-08	-4.904403e+01	-7.460801e+02
3.040000e-06	-7.140633e-06	-1.264076e-08	-4.958375e+01	-7.507034e+02
3.050000e-06	-7.215612e-06	-1.271347e-08	-5.010440e+01	-7.550928e+02
3.060000e-06	-7.287944e-06	-1.277916e-08	-5.060666e+01	-7.592810e+02
3.070000e-06	-7.357598e-06	-1.284173e-08	-5.109033e+01	-7.632620e+02
3.080000e-06	-7.424590e-06	-1.290630e-08	-5.155552e+01	-7.670013e+02
3.090000e-06	-7.489057e-06	-1.296810e-08	-5.200317e+01	-7.704561e+02
3.100000e-06	-7.550845e-06	-1.302020e-08	-5.243221e+01	-7.735978e+02
3.110000e-06	-7.609897e-06	-1.306823e-08	-5.284226e+01	-7.764285e+02
3.120000e-06	-7.666249e-06	-1.311441e-08	-5.323357e+01	-7.789847e+02
3.130000e-06	-7.719694e-06	-1.315449e-08	-5.360469e+01	-7.813273e+02
3.140000e-06	-7.770094e-06	-1.318617e-08	-5.395465e+01	-7.835216e+02
3.150000e-06	-7.817375e-06	-1.321674e-08	-5.428297e+01	-7.856148e+02
3.160000e-06	-7.861871e-06	-1.325064e-08	-5.459194e+01	-7.876209e+02
3.170000e-06	-7.903909e-06	-1.328455e-08	-5.488385e+01	-7.895186e+02
3.180000e-06	-7.943236e-06	-1.331384e-08	-5.515694e+01	-7.912622e+02
3.190000e-06	-7.979706e-06	-1.333781e-08	-5.541018e+01	-7.928030e+02
3.200000e-06	-8.013431e-06	-1.336086e-08	-5.564436e+01	-7.941113e+02
3.210000e-06	-8.044293e-06	-1.338221e-08	-5.585866e+01	-7.951910e+02
3.220000e-06	-8.072214e-06	-1.339776e-08	-5.605254e+01	-7.960805e+02
3.230000e-06	-8.097402e-06	-1.340710e-08	-5.622744e+01	-7.968407e+02
3.240000e-06	-8.119708e-06	-1.341625e-08	-5.638233e+01	-7.975326e+02
3.250000e-06	-8.139067e-06	-1.342847e-08	-5.651676e+01	-7.981961e+02
3.260000e-06	-8.155636e-06	-1.344104e-08	-5.663182e+01	-7.988356e+02
3.270000e-06	-8.169107e-06	-1.345150e-08	-5.672536e+01	-7.994208e+02
3.280000e-06	-8.179415e-06	-1.346138e-08	-5.679693e+01	-7.999003e+02
3.290000e-06	-8.186800e-06	-1.346864e-08	-5.684822e+01	-8.002239e+02
3.300000e-06	-8.191243e-06	-1.347028e-08	-5.687907e+01	-8.003646e+02
3.310000e-06	-8.192889e-06	-1.346882e-08	-5.689049e+01	-8.003307e+02
