# Temperatura_=_37.02
# Concentracion g/m^3_=_11780.0
# C_Vs_to_Am_M_A/Vsm_=_59384043850.047264
# pendiente_HvsI_1/m_=_3716.3
# ordenada_HvsI_A/m_=_1297.0
# frecuencia_Hz_=_301555.0836422096

Tiempo_(s)	Campo_(V.s)	Magnetizacion_(V.s)	Campo_(kA/m)	Magnetizacion_(A/m)
0.000000e+00	-8.137487e-06	-1.369443e-08	-5.688581e+01	-8.130505e+02
1.000000e-08	-8.134721e-06	-1.369310e-08	-5.686647e+01	-8.129428e+02
2.000000e-08	-8.129261e-06	-1.368958e-08	-5.682831e+01	-8.127666e+02
3.000000e-08	-8.121152e-06	-1.368577e-08	-5.677162e+01	-8.125276e+02
4.000000e-08	-8.110229e-06	-1.368256e-08	-5.669526e+01	-8.122202e+02
5.000000e-08	-8.096425e-06	-1.367801e-08	-5.659876e+01	-8.118292e+02
6.000000e-08	-8.079708e-06	-1.367128e-08	-5.648190e+01	-8.113364e+02
7.000000e-08	-8.060401e-06	-1.366527e-08	-5.634693e+01	-8.107285e+02
8.000000e-08	-8.038650e-06	-1.364814e-08	-5.619488e+01	-8.100031e+02
9.000000e-08	-8.013875e-06	-1.360089e-08	-5.602169e+01	-8.091703e+02
1.000000e-07	-7.985780e-06	-1.357387e-08	-5.582529e+01	-8.082492e+02
1.100000e-07	-7.954655e-06	-1.358811e-08	-5.560771e+01	-8.072605e+02
1.200000e-07	-7.920700e-06	-1.359797e-08	-5.537034e+01	-8.062186e+02
1.300000e-07	-7.884098e-06	-1.357925e-08	-5.511447e+01	-8.051253e+02
1.400000e-07	-7.845243e-06	-1.355547e-08	-5.484285e+01	-8.039694e+02
1.500000e-07	-7.804102e-06	-1.354713e-08	-5.455525e+01	-8.027307e+02
1.600000e-07	-7.760220e-06	-1.350891e-08	-5.424849e+01	-8.013882e+02
1.700000e-07	-7.713534e-06	-1.348088e-08	-5.392212e+01	-7.999280e+02
1.800000e-07	-7.664095e-06	-1.343895e-08	-5.357652e+01	-7.983491e+02
1.900000e-07	-7.611575e-06	-1.339405e-08	-5.320937e+01	-7.966640e+02
2.000000e-07	-7.556062e-06	-1.341211e-08	-5.282131e+01	-7.948933e+02
2.100000e-07	-7.497829e-06	-1.338635e-08	-5.241422e+01	-7.930584e+02
2.200000e-07	-7.436946e-06	-1.334325e-08	-5.198861e+01	-7.911733e+02
2.300000e-07	-7.373434e-06	-1.330404e-08	-5.154463e+01	-7.892388e+02
2.400000e-07	-7.307158e-06	-1.326233e-08	-5.108132e+01	-7.872430e+02
2.500000e-07	-7.238169e-06	-1.323644e-08	-5.059905e+01	-7.851653e+02
2.600000e-07	-7.166509e-06	-1.318146e-08	-5.009810e+01	-7.829841e+02
2.700000e-07	-7.092077e-06	-1.314183e-08	-4.957778e+01	-7.806839e+02
2.800000e-07	-7.014840e-06	-1.312065e-08	-4.903785e+01	-7.782601e+02
2.900000e-07	-6.934853e-06	-1.310219e-08	-4.847869e+01	-7.757189e+02
3.000000e-07	-6.852328e-06	-1.304128e-08	-4.790179e+01	-7.730735e+02
3.100000e-07	-6.767542e-06	-1.296469e-08	-4.730909e+01	-7.703376e+02
3.200000e-07	-6.680473e-06	-1.292922e-08	-4.670042e+01	-7.675198e+02
3.300000e-07	-6.591016e-06	-1.288488e-08	-4.607507e+01	-7.646200e+02
3.400000e-07	-6.499186e-06	-1.283391e-08	-4.543312e+01	-7.616303e+02
3.500000e-07	-6.405006e-06	-1.277935e-08	-4.477475e+01	-7.585380e+02
3.600000e-07	-6.308506e-06	-1.273248e-08	-4.410016e+01	-7.553312e+02
3.700000e-07	-6.209715e-06	-1.268716e-08	-4.340955e+01	-7.520027e+02
3.800000e-07	-6.108687e-06	-1.262468e-08	-4.270330e+01	-7.485515e+02
3.900000e-07	-6.005440e-06	-1.255088e-08	-4.198155e+01	-7.449816e+02
4.000000e-07	-5.899994e-06	-1.248235e-08	-4.124442e+01	-7.412983e+02
4.100000e-07	-5.792398e-06	-1.243688e-08	-4.049226e+01	-7.375041e+02
4.200000e-07	-5.682747e-06	-1.237986e-08	-3.972573e+01	-7.335966e+02
4.300000e-07	-5.571101e-06	-1.230351e-08	-3.894526e+01	-7.295679e+02
4.400000e-07	-5.457338e-06	-1.222509e-08	-3.815000e+01	-7.254079e+02
4.500000e-07	-5.341399e-06	-1.215716e-08	-3.733951e+01	-7.211075e+02
4.600000e-07	-5.223351e-06	-1.208731e-08	-3.651429e+01	-7.166621e+02
4.700000e-07	-5.103373e-06	-1.200143e-08	-3.567557e+01	-7.120730e+02
4.800000e-07	-4.981601e-06	-1.191710e-08	-3.482431e+01	-7.073461e+02
4.900000e-07	-4.858023e-06	-1.184791e-08	-3.396043e+01	-7.024884e+02
5.000000e-07	-4.732688e-06	-1.177775e-08	-3.308426e+01	-6.975041e+02
5.100000e-07	-4.605656e-06	-1.168358e-08	-3.219624e+01	-6.923921e+02
5.200000e-07	-4.477028e-06	-1.158366e-08	-3.129705e+01	-6.871452e+02
5.300000e-07	-4.346747e-06	-1.149244e-08	-3.038631e+01	-6.817518e+02
5.400000e-07	-4.214793e-06	-1.140387e-08	-2.946388e+01	-6.761997e+02
5.500000e-07	-4.081344e-06	-1.130341e-08	-2.853099e+01	-6.704787e+02
5.600000e-07	-3.946428e-06	-1.119938e-08	-2.758785e+01	-6.645827e+02
5.700000e-07	-3.810014e-06	-1.110330e-08	-2.663423e+01	-6.585087e+02
5.800000e-07	-3.672196e-06	-1.100723e-08	-2.567080e+01	-6.522544e+02
5.900000e-07	-3.533013e-06	-1.089685e-08	-2.469783e+01	-6.458151e+02
6.000000e-07	-3.392373e-06	-1.077564e-08	-2.371468e+01	-6.391816e+02
6.100000e-07	-3.250302e-06	-1.066122e-08	-2.272152e+01	-6.323403e+02
6.200000e-07	-3.106927e-06	-1.054843e-08	-2.171924e+01	-6.252760e+02
6.300000e-07	-2.962389e-06	-1.042594e-08	-2.070883e+01	-6.179757e+02
6.400000e-07	-2.816856e-06	-1.029349e-08	-1.969148e+01	-6.104321e+02
6.500000e-07	-2.670374e-06	-1.016050e-08	-1.866748e+01	-6.026455e+02
6.600000e-07	-2.522904e-06	-1.002956e-08	-1.763658e+01	-5.946219e+02
6.700000e-07	-2.374605e-06	-9.894410e-09	-1.659988e+01	-5.863684e+02
6.800000e-07	-2.225580e-06	-9.748511e-09	-1.555811e+01	-5.778878e+02
6.900000e-07	-2.075744e-06	-9.598591e-09	-1.451067e+01	-5.691733e+02
7.000000e-07	-1.925162e-06	-9.451549e-09	-1.345801e+01	-5.602067e+02
7.100000e-07	-1.773976e-06	-9.300054e-09	-1.240113e+01	-5.509602e+02
7.200000e-07	-1.622159e-06	-9.135571e-09	-1.133984e+01	-5.414017e+02
7.300000e-07	-1.469656e-06	-8.964149e-09	-1.027376e+01	-5.315014e+02
7.400000e-07	-1.316636e-06	-8.793779e-09	-9.204055e+00	-5.212371e+02
7.500000e-07	-1.163223e-06	-8.620001e-09	-8.131612e+00	-5.105967e+02
7.600000e-07	-1.009446e-06	-8.434969e-09	-7.056620e+00	-4.995751e+02
7.700000e-07	-8.552911e-07	-8.239806e-09	-5.978987e+00	-4.881685e+02
7.800000e-07	-7.007898e-07	-8.040802e-09	-4.898932e+00	-4.763654e+02
7.900000e-07	-5.460239e-07	-7.836378e-09	-3.817027e+00	-4.641397e+02
8.000000e-07	-3.910260e-07	-7.620427e-09	-2.733501e+00	-4.514462e+02
8.100000e-07	-2.358428e-07	-7.392641e-09	-1.648679e+00	-4.382212e+02
8.200000e-07	-8.051653e-08	-7.159672e-09	-5.628578e-01	-4.243883e+02
8.300000e-07	7.483589e-08	-6.920964e-09	5.231468e-01	-4.098671e+02
8.400000e-07	2.301182e-07	-6.665918e-09	1.608662e+00	-3.945825e+02
8.500000e-07	3.853141e-07	-6.391037e-09	2.693572e+00	-3.784724e+02
8.600000e-07	5.403779e-07	-6.102448e-09	3.777558e+00	-3.614917e+02
8.700000e-07	6.951695e-07	-5.802829e-09	4.859643e+00	-3.436113e+02
8.800000e-07	8.496251e-07	-5.485660e-09	5.939378e+00	-3.248127e+02
8.900000e-07	1.003740e-06	-5.147848e-09	7.016732e+00	-3.050791e+02
9.000000e-07	1.157458e-06	-4.796392e-09	8.091314e+00	-2.843850e+02
9.100000e-07	1.310806e-06	-4.433295e-09	9.163302e+00	-2.626859e+02
9.200000e-07	1.463802e-06	-4.053133e-09	1.023284e+01	-2.399106e+02
9.300000e-07	1.616255e-06	-3.647892e-09	1.129857e+01	-2.159584e+02
9.400000e-07	1.768023e-06	-3.217844e-09	1.235952e+01	-1.907010e+02
9.500000e-07	1.919134e-06	-2.766693e-09	1.341587e+01	-1.639938e+02
9.600000e-07	2.069603e-06	-2.289749e-09	1.446774e+01	-1.356930e+02
9.700000e-07	2.219406e-06	-1.781408e-09	1.551495e+01	-1.056800e+02
9.800000e-07	2.368439e-06	-1.240351e-09	1.655678e+01	-7.388808e+01
9.900000e-07	2.516606e-06	-6.714841e-10	1.759255e+01	-4.032879e+01
1.000000e-06	2.663778e-06	-7.685055e-11	1.862137e+01	-5.110881e+00
1.010000e-06	2.809987e-06	5.433060e-10	1.964346e+01	3.155163e+01
1.020000e-06	2.955277e-06	1.183740e-09	2.065912e+01	6.934573e+01
1.030000e-06	3.099446e-06	1.834839e-09	2.166694e+01	1.078799e+02
1.040000e-06	3.242489e-06	2.488272e-09	2.266690e+01	1.467161e+02
1.050000e-06	3.384368e-06	3.140502e-09	2.365872e+01	1.854064e+02
1.060000e-06	3.524953e-06	3.787727e-09	2.464149e+01	2.235292e+02
1.070000e-06	3.664155e-06	4.419397e-09	2.561459e+01	2.607174e+02
1.080000e-06	3.801878e-06	5.025363e-09	2.657736e+01	2.966743e+02
1.090000e-06	3.938123e-06	5.605227e-09	2.752979e+01	3.311786e+02
1.100000e-06	4.073001e-06	6.159981e-09	2.847267e+01	3.640780e+02
1.110000e-06	4.206513e-06	6.684872e-09	2.940600e+01	3.952780e+02
1.120000e-06	4.338467e-06	7.176411e-09	3.032843e+01	4.247299e+02
1.130000e-06	4.468809e-06	7.639668e-09	3.123959e+01	4.524204e+02
1.140000e-06	4.597534e-06	8.079691e-09	3.213946e+01	4.783663e+02
1.150000e-06	4.724674e-06	8.494130e-09	3.302825e+01	5.026117e+02
1.160000e-06	4.850259e-06	8.876845e-09	3.390616e+01	5.252250e+02
1.170000e-06	4.974139e-06	9.228781e-09	3.477215e+01	5.462959e+02
1.180000e-06	5.096173e-06	9.555823e-09	3.562524e+01	5.659270e+02
1.190000e-06	5.216328e-06	9.861008e-09	3.646519e+01	5.842247e+02
1.200000e-06	5.334620e-06	1.014492e-08	3.729212e+01	6.012887e+02
1.210000e-06	5.450951e-06	1.040872e-08	3.810535e+01	6.172047e+02
1.220000e-06	5.565113e-06	1.065883e-08	3.890340e+01	6.320414e+02
1.230000e-06	5.677158e-06	1.089839e-08	3.968667e+01	6.458536e+02
1.240000e-06	5.787194e-06	1.112061e-08	4.045588e+01	6.586893e+02
1.250000e-06	5.895188e-06	1.132160e-08	4.121082e+01	6.705979e+02
1.260000e-06	6.001045e-06	1.150686e-08	4.195083e+01	6.816367e+02
1.270000e-06	6.104720e-06	1.167756e-08	4.267557e+01	6.918717e+02
1.280000e-06	6.206253e-06	1.183354e-08	4.338535e+01	7.013744e+02
1.290000e-06	6.305530e-06	1.197550e-08	4.407936e+01	7.102144e+02
1.300000e-06	6.402459e-06	1.211067e-08	4.475695e+01	7.184516e+02
1.310000e-06	6.497104e-06	1.224331e-08	4.541857e+01	7.261317e+02
1.320000e-06	6.589561e-06	1.236931e-08	4.606490e+01	7.332855e+02
1.330000e-06	6.679647e-06	1.248185e-08	4.669465e+01	7.399346e+02
1.340000e-06	6.767286e-06	1.258108e-08	4.730730e+01	7.460990e+02
1.350000e-06	6.852660e-06	1.267504e-08	4.790412e+01	7.518049e+02
1.360000e-06	6.935703e-06	1.276304e-08	4.848464e+01	7.570887e+02
1.370000e-06	7.016217e-06	1.284270e-08	4.904747e+01	7.619958e+02
1.380000e-06	7.094139e-06	1.291694e-08	4.959219e+01	7.665743e+02
1.390000e-06	7.169433e-06	1.299144e-08	5.011854e+01	7.708670e+02
1.400000e-06	7.242079e-06	1.306534e-08	5.062638e+01	7.749036e+02
1.410000e-06	7.312158e-06	1.313250e-08	5.111628e+01	7.786977e+02
1.420000e-06	7.379629e-06	1.318947e-08	5.158794e+01	7.822489e+02
1.430000e-06	7.444414e-06	1.324181e-08	5.204082e+01	7.855502e+02
1.440000e-06	7.506632e-06	1.329334e-08	5.247576e+01	7.885970e+02
1.450000e-06	7.566315e-06	1.333992e-08	5.289298e+01	7.913942e+02
1.460000e-06	7.623267e-06	1.338074e-08	5.329111e+01	7.939595e+02
1.470000e-06	7.677400e-06	1.341991e-08	5.366953e+01	7.963206e+02
1.480000e-06	7.728467e-06	1.345919e-08	5.402652e+01	7.985077e+02
1.490000e-06	7.776387e-06	1.349568e-08	5.436151e+01	8.005455e+02
1.500000e-06	7.821502e-06	1.352744e-08	5.467689e+01	8.024463e+02
1.510000e-06	7.863830e-06	1.355607e-08	5.497278e+01	8.042085e+02
1.520000e-06	7.903337e-06	1.358278e-08	5.524896e+01	8.058208e+02
1.530000e-06	7.940193e-06	1.360720e-08	5.550661e+01	8.072694e+02
1.540000e-06	7.974276e-06	1.362777e-08	5.574487e+01	8.085469e+02
1.550000e-06	8.005486e-06	1.364414e-08	5.596304e+01	8.096575e+02
1.560000e-06	8.033956e-06	1.366006e-08	5.616207e+01	8.106183e+02
1.570000e-06	8.059545e-06	1.367545e-08	5.634095e+01	8.114545e+02
1.580000e-06	8.082241e-06	1.368545e-08	5.649961e+01	8.121915e+02
1.590000e-06	8.102236e-06	1.369158e-08	5.663938e+01	8.128469e+02
1.600000e-06	8.119369e-06	1.370073e-08	5.675915e+01	8.134260e+02
1.610000e-06	8.133515e-06	1.371299e-08	5.685804e+01	8.139219e+02
1.620000e-06	8.144549e-06	1.372055e-08	5.693517e+01	8.143204e+02
1.630000e-06	8.152482e-06	1.372174e-08	5.699063e+01	8.146078e+02
1.640000e-06	8.157559e-06	1.372148e-08	5.702612e+01	8.147781e+02
1.650000e-06	8.159759e-06	1.372298e-08	5.704150e+01	8.148361e+02
1.660000e-06	8.159097e-06	1.372234e-08	5.703687e+01	8.147958e+02
1.670000e-06	8.155778e-06	1.371824e-08	5.701367e+01	8.146749e+02
1.680000e-06	8.149756e-06	1.371197e-08	5.697157e+01	8.144872e+02
1.690000e-06	8.141027e-06	1.370748e-08	5.691055e+01	8.142367e+02
1.700000e-06	8.129562e-06	1.370167e-08	5.683041e+01	8.139156e+02
1.710000e-06	8.115225e-06	1.369002e-08	5.673018e+01	8.135076e+02
1.720000e-06	8.098263e-06	1.367406e-08	5.661161e+01	8.129949e+02
1.730000e-06	8.078928e-06	1.366226e-08	5.647645e+01	8.123657e+02
1.740000e-06	8.056912e-06	1.368961e-08	5.632254e+01	8.116199e+02
1.750000e-06	8.031505e-06	1.370027e-08	5.614493e+01	8.107697e+02
1.760000e-06	8.002325e-06	1.365214e-08	5.594095e+01	8.098350e+02
1.770000e-06	7.969837e-06	1.360728e-08	5.571383e+01	8.088360e+02
1.780000e-06	7.934795e-06	1.358688e-08	5.546887e+01	8.077850e+02
1.790000e-06	7.897337e-06	1.355409e-08	5.520702e+01	8.066816e+02
1.800000e-06	7.857687e-06	1.353975e-08	5.492984e+01	8.055125e+02
1.810000e-06	7.816046e-06	1.355237e-08	5.463875e+01	8.042566e+02
1.820000e-06	7.771830e-06	1.349582e-08	5.432965e+01	8.028936e+02
1.830000e-06	7.724832e-06	1.350023e-08	5.400110e+01	8.014118e+02
1.840000e-06	7.674899e-06	1.348558e-08	5.365205e+01	7.998127e+02
1.850000e-06	7.621745e-06	1.341705e-08	5.328047e+01	7.981105e+02
1.860000e-06	7.565693e-06	1.340103e-08	5.288863e+01	7.963268e+02
1.870000e-06	7.506926e-06	1.333216e-08	5.247781e+01	7.944822e+02
1.880000e-06	7.445609e-06	1.333347e-08	5.204917e+01	7.925885e+02
1.890000e-06	7.381637e-06	1.331740e-08	5.160198e+01	7.906441e+02
1.900000e-06	7.314860e-06	1.327463e-08	5.113517e+01	7.886353e+02
1.910000e-06	7.245341e-06	1.325813e-08	5.064918e+01	7.865405e+02
1.920000e-06	7.172962e-06	1.319819e-08	5.014321e+01	7.843388e+02
1.930000e-06	7.097840e-06	1.315946e-08	4.961806e+01	7.820165e+02
1.940000e-06	7.019941e-06	1.308896e-08	4.907350e+01	7.795709e+02
1.950000e-06	6.939431e-06	1.305836e-08	4.851069e+01	7.770099e+02
1.960000e-06	6.856524e-06	1.303649e-08	4.793112e+01	7.743473e+02
1.970000e-06	6.771098e-06	1.299222e-08	4.733395e+01	7.715963e+02
1.980000e-06	6.683202e-06	1.296066e-08	4.671950e+01	7.687640e+02
1.990000e-06	6.592931e-06	1.288576e-08	4.608845e+01	7.658489e+02
2.000000e-06	6.500392e-06	1.283564e-08	4.544155e+01	7.628417e+02
2.010000e-06	6.405531e-06	1.277460e-08	4.477842e+01	7.597297e+02
2.020000e-06	6.308404e-06	1.272083e-08	4.409944e+01	7.565014e+02
2.030000e-06	6.209076e-06	1.266827e-08	4.340508e+01	7.531508e+02
2.040000e-06	6.107470e-06	1.261375e-08	4.269480e+01	7.496779e+02
2.050000e-06	6.003635e-06	1.256503e-08	4.196893e+01	7.460873e+02
2.060000e-06	5.897632e-06	1.249046e-08	4.122791e+01	7.423840e+02
2.070000e-06	5.789570e-06	1.242245e-08	4.047249e+01	7.385699e+02
2.080000e-06	5.679419e-06	1.234714e-08	3.970247e+01	7.346413e+02
2.090000e-06	5.567153e-06	1.228873e-08	3.891767e+01	7.305899e+02
2.100000e-06	5.452757e-06	1.221952e-08	3.811797e+01	7.264053e+02
2.110000e-06	5.336255e-06	1.214889e-08	3.730356e+01	7.220790e+02
2.120000e-06	5.217693e-06	1.207331e-08	3.647474e+01	7.176076e+02
2.130000e-06	5.097118e-06	1.199668e-08	3.563185e+01	7.129933e+02
2.140000e-06	4.974677e-06	1.190979e-08	3.477591e+01	7.082425e+02
2.150000e-06	4.850498e-06	1.182059e-08	3.390783e+01	7.033619e+02
2.160000e-06	4.724627e-06	1.173926e-08	3.302791e+01	6.983550e+02
2.170000e-06	4.597049e-06	1.165651e-08	3.213607e+01	6.932195e+02
2.180000e-06	4.467849e-06	1.157441e-08	3.123288e+01	6.879472e+02
2.190000e-06	4.337033e-06	1.148074e-08	3.031840e+01	6.825263e+02
2.200000e-06	4.204697e-06	1.138852e-08	2.939330e+01	6.769446e+02
2.210000e-06	4.070877e-06	1.128590e-08	2.845782e+01	6.711926e+02
2.220000e-06	3.935550e-06	1.118704e-08	2.751180e+01	6.652648e+02
2.230000e-06	3.798734e-06	1.108092e-08	2.655538e+01	6.591587e+02
2.240000e-06	3.660461e-06	1.097940e-08	2.558877e+01	6.528718e+02
2.250000e-06	3.520869e-06	1.087286e-08	2.461294e+01	6.463985e+02
2.260000e-06	3.380053e-06	1.076212e-08	2.362855e+01	6.397289e+02
2.270000e-06	3.237965e-06	1.064462e-08	2.263527e+01	6.328488e+02
2.280000e-06	3.094574e-06	1.051954e-08	2.163289e+01	6.257431e+02
2.290000e-06	2.950035e-06	1.039437e-08	2.062248e+01	6.183995e+02
2.300000e-06	2.804463e-06	1.026590e-08	1.960484e+01	6.108123e+02
2.310000e-06	2.657916e-06	1.013766e-08	1.858039e+01	6.029827e+02
2.320000e-06	2.510430e-06	1.000396e-08	1.754938e+01	5.949175e+02
2.330000e-06	2.362059e-06	9.868134e-09	1.651218e+01	5.866234e+02
2.340000e-06	2.212894e-06	9.723489e-09	1.546942e+01	5.781018e+02
2.350000e-06	2.062969e-06	9.574385e-09	1.442136e+01	5.693438e+02
2.360000e-06	1.912294e-06	9.417005e-09	1.336805e+01	5.603293e+02
2.370000e-06	1.760926e-06	9.258437e-09	1.230991e+01	5.510294e+02
2.380000e-06	1.608995e-06	9.097100e-09	1.124782e+01	5.414118e+02
2.390000e-06	1.456499e-06	8.931668e-09	1.018179e+01	5.314477e+02
2.400000e-06	1.303440e-06	8.758941e-09	9.111808e+00	5.211168e+02
2.410000e-06	1.149885e-06	8.578589e-09	8.038368e+00	5.104085e+02
2.420000e-06	9.959187e-07	8.391620e-09	6.962056e+00	4.993184e+02
2.430000e-06	8.416544e-07	8.196719e-09	5.883658e+00	4.878421e+02
2.440000e-06	6.871175e-07	7.996030e-09	4.803354e+00	4.759659e+02
2.450000e-06	5.323217e-07	7.789276e-09	3.721241e+00	4.636605e+02
2.460000e-06	3.773005e-07	7.576172e-09	2.637552e+00	4.508770e+02
2.470000e-06	2.221403e-07	7.354330e-09	1.552891e+00	4.375492e+02
2.480000e-06	6.697559e-08	7.119509e-09	4.681986e-01	4.235993e+02
2.490000e-06	-8.819280e-08	6.869414e-09	-6.165194e-01	4.089469e+02
2.500000e-06	-2.433349e-07	6.608123e-09	-1.701054e+00	3.935188e+02
2.510000e-06	-3.983204e-07	6.334255e-09	-2.784493e+00	3.772560e+02
2.520000e-06	-5.531520e-07	6.049059e-09	-3.866857e+00	3.601162e+02
2.530000e-06	-7.077970e-07	5.749761e-09	-4.947916e+00	3.420730e+02
2.540000e-06	-8.621859e-07	5.432522e-09	-6.027185e+00	3.231086e+02
2.550000e-06	-1.016318e-06	5.096836e-09	-7.104659e+00	3.032057e+02
2.560000e-06	-1.170095e-06	4.744327e-09	-8.179649e+00	2.823360e+02
2.570000e-06	-1.323447e-06	4.374290e-09	-9.251670e+00	2.604507e+02
2.580000e-06	-1.476313e-06	3.987200e-09	-1.032029e+01	2.374735e+02
2.590000e-06	-1.628587e-06	3.582356e-09	-1.138478e+01	2.132981e+02
2.600000e-06	-1.780206e-06	3.156945e-09	-1.244469e+01	1.877926e+02
2.610000e-06	-1.931115e-06	2.707668e-09	-1.349963e+01	1.608109e+02
2.620000e-06	-2.081297e-06	2.228858e-09	-1.454948e+01	1.322118e+02
2.630000e-06	-2.230766e-06	1.718601e-09	-1.559436e+01	1.018840e+02
2.640000e-06	-2.379503e-06	1.178882e-09	-1.663412e+01	6.977293e+01
2.650000e-06	-2.527336e-06	6.109839e-10	-1.766756e+01	3.590639e+01
2.660000e-06	-2.674225e-06	1.635366e-11	-1.869440e+01	4.117034e-01
2.670000e-06	-2.820222e-06	-6.015242e-10	-1.971500e+01	-3.647854e+01
2.680000e-06	-2.965252e-06	-1.236856e-09	-2.072885e+01	-7.443542e+01
2.690000e-06	-3.109233e-06	-1.883212e-09	-2.173536e+01	-1.130566e+02
2.700000e-06	-3.251983e-06	-2.534699e-09	-2.273327e+01	-1.518993e+02
2.710000e-06	-3.393460e-06	-3.183575e-09	-2.372228e+01	-1.905180e+02
2.720000e-06	-3.533640e-06	-3.821982e-09	-2.470222e+01	-2.284991e+02
2.730000e-06	-3.672483e-06	-4.444238e-09	-2.567281e+01	-2.654870e+02
2.740000e-06	-3.810050e-06	-5.045041e-09	-2.663449e+01	-3.011988e+02
2.750000e-06	-3.946144e-06	-5.621076e-09	-2.758586e+01	-3.354259e+02
2.760000e-06	-4.080681e-06	-6.170652e-09	-2.852635e+01	-3.680274e+02
2.770000e-06	-4.213814e-06	-6.690033e-09	-2.945703e+01	-3.989178e+02
2.780000e-06	-4.345508e-06	-7.179845e-09	-3.037765e+01	-4.280553e+02
2.790000e-06	-4.475659e-06	-7.640932e-09	-3.128748e+01	-4.554323e+02
2.800000e-06	-4.604262e-06	-8.072144e-09	-3.218650e+01	-4.810707e+02
2.810000e-06	-4.731207e-06	-8.475022e-09	-3.307391e+01	-5.050190e+02
2.820000e-06	-4.856474e-06	-8.851334e-09	-3.394961e+01	-5.273499e+02
2.830000e-06	-4.980121e-06	-9.203696e-09	-3.481397e+01	-5.481560e+02
2.840000e-06	-5.102014e-06	-9.533512e-09	-3.566607e+01	-5.675413e+02
2.850000e-06	-5.221959e-06	-9.840349e-09	-3.650456e+01	-5.856118e+02
2.860000e-06	-5.339830e-06	-1.012490e-08	-3.732855e+01	-6.024652e+02
2.870000e-06	-5.455560e-06	-1.038882e-08	-3.813756e+01	-6.181840e+02
2.880000e-06	-5.569014e-06	-1.063368e-08	-3.893068e+01	-6.328341e+02
2.890000e-06	-5.680263e-06	-1.086117e-08	-3.970837e+01	-6.464685e+02
2.900000e-06	-5.789489e-06	-1.107277e-08	-4.047192e+01	-6.591350e+02
2.910000e-06	-5.896744e-06	-1.126915e-08	-4.122170e+01	-6.708839e+02
2.920000e-06	-6.002029e-06	-1.145377e-08	-4.195770e+01	-6.817742e+02
2.930000e-06	-6.105116e-06	-1.162820e-08	-4.267834e+01	-6.918732e+02
2.940000e-06	-6.205897e-06	-1.178823e-08	-4.338286e+01	-7.012527e+02
2.950000e-06	-6.304510e-06	-1.193456e-08	-4.407222e+01	-7.099811e+02
2.960000e-06	-6.401009e-06	-1.207133e-08	-4.474681e+01	-7.181161e+02
2.970000e-06	-6.495204e-06	-1.220044e-08	-4.540529e+01	-7.257004e+02
2.980000e-06	-6.587055e-06	-1.232110e-08	-4.604738e+01	-7.327627e+02
2.990000e-06	-6.676676e-06	-1.243199e-08	-4.667388e+01	-7.393238e+02
3.000000e-06	-6.763961e-06	-1.253574e-08	-4.728405e+01	-7.454043e+02
3.010000e-06	-6.848815e-06	-1.263317e-08	-4.787724e+01	-7.510319e+02
3.020000e-06	-6.931230e-06	-1.272268e-08	-4.845336e+01	-7.562450e+02
3.030000e-06	-7.011150e-06	-1.280266e-08	-4.901205e+01	-7.610900e+02
3.040000e-06	-7.088403e-06	-1.287693e-08	-4.955210e+01	-7.656147e+02
3.050000e-06	-7.162970e-06	-1.294861e-08	-5.007336e+01	-7.698601e+02
3.060000e-06	-7.234939e-06	-1.301613e-08	-5.057647e+01	-7.738529e+02
3.070000e-06	-7.304299e-06	-1.307811e-08	-5.106134e+01	-7.776041e+02
3.080000e-06	-7.371049e-06	-1.313733e-08	-5.152795e+01	-7.811114e+02
3.090000e-06	-7.435215e-06	-1.319363e-08	-5.197652e+01	-7.843675e+02
3.100000e-06	-7.496729e-06	-1.324410e-08	-5.240653e+01	-7.873690e+02
3.110000e-06	-7.555542e-06	-1.329030e-08	-5.281767e+01	-7.901232e+02
3.120000e-06	-7.611647e-06	-1.333376e-08	-5.320987e+01	-7.926500e+02
3.130000e-06	-7.664877e-06	-1.337458e-08	-5.358199e+01	-7.949779e+02
3.140000e-06	-7.715020e-06	-1.341107e-08	-5.393252e+01	-7.971370e+02
3.150000e-06	-7.762095e-06	-1.344353e-08	-5.426159e+01	-7.991499e+02
3.160000e-06	-7.806507e-06	-1.347414e-08	-5.457207e+01	-8.010265e+02
3.170000e-06	-7.848488e-06	-1.350335e-08	-5.486554e+01	-8.027631e+02
3.180000e-06	-7.887798e-06	-1.352952e-08	-5.514034e+01	-8.043472e+02
3.190000e-06	-7.924250e-06	-1.355306e-08	-5.539516e+01	-8.057656e+02
3.200000e-06	-7.957953e-06	-1.357549e-08	-5.563076e+01	-8.070126e+02
3.210000e-06	-7.988802e-06	-1.359680e-08	-5.584642e+01	-8.080950e+02
3.220000e-06	-8.016727e-06	-1.361544e-08	-5.604163e+01	-8.090317e+02
3.230000e-06	-8.041874e-06	-1.363010e-08	-5.621742e+01	-8.098485e+02
3.240000e-06	-8.064125e-06	-1.364182e-08	-5.637297e+01	-8.105701e+02
3.250000e-06	-8.083508e-06	-1.365224e-08	-5.650846e+01	-8.112119e+02
3.260000e-06	-8.100092e-06	-1.366104e-08	-5.662439e+01	-8.117771e+02
3.270000e-06	-8.113608e-06	-1.366973e-08	-5.671888e+01	-8.122568e+02
3.280000e-06	-8.124055e-06	-1.367806e-08	-5.679191e+01	-8.126364e+02
3.290000e-06	-8.131570e-06	-1.368455e-08	-5.684445e+01	-8.129032e+02
3.300000e-06	-8.136149e-06	-1.368798e-08	-5.687646e+01	-8.130529e+02
3.310000e-06	-8.137938e-06	-1.369090e-08	-5.688896e+01	-8.130921e+02
