# Temperatura_=_35.35
# Concentracion g/m^3_=_11780.0
# C_Vs_to_Am_M_A/Vsm_=_59384043850.047264
# pendiente_HvsI_1/m_=_3716.3
# ordenada_HvsI_A/m_=_1297.0
# frecuencia_Hz_=_301553.3448109379

Tiempo_(s)	Campo_(V.s)	Magnetizacion_(V.s)	Campo_(kA/m)	Magnetizacion_(A/m)
0.000000e+00	-8.091541e-06	-1.369378e-08	-5.688898e+01	-8.137090e+02
1.000000e-08	-8.088455e-06	-1.369228e-08	-5.686729e+01	-8.136404e+02
2.000000e-08	-8.082704e-06	-1.369054e-08	-5.682685e+01	-8.135369e+02
3.000000e-08	-8.074417e-06	-1.368959e-08	-5.676859e+01	-8.133780e+02
4.000000e-08	-8.063263e-06	-1.368732e-08	-5.669017e+01	-8.131328e+02
5.000000e-08	-8.049149e-06	-1.368094e-08	-5.659093e+01	-8.127710e+02
6.000000e-08	-8.032206e-06	-1.367656e-08	-5.647182e+01	-8.122744e+02
7.000000e-08	-8.012701e-06	-1.367728e-08	-5.633468e+01	-8.116425e+02
8.000000e-08	-7.990695e-06	-1.365283e-08	-5.617997e+01	-8.108921e+02
9.000000e-08	-7.965653e-06	-1.360314e-08	-5.600391e+01	-8.100498e+02
1.000000e-07	-7.937316e-06	-1.359116e-08	-5.580467e+01	-8.091411e+02
1.100000e-07	-7.906002e-06	-1.360865e-08	-5.558452e+01	-8.081807e+02
1.200000e-07	-7.871867e-06	-1.360978e-08	-5.534453e+01	-8.071667e+02
1.300000e-07	-7.835096e-06	-1.358866e-08	-5.508600e+01	-8.060822e+02
1.400000e-07	-7.796157e-06	-1.357584e-08	-5.481223e+01	-8.049026e+02
1.500000e-07	-7.754968e-06	-1.354309e-08	-5.452264e+01	-8.036060e+02
1.600000e-07	-7.711018e-06	-1.351402e-08	-5.421365e+01	-8.021825e+02
1.700000e-07	-7.664302e-06	-1.350180e-08	-5.388521e+01	-8.006383e+02
1.800000e-07	-7.614798e-06	-1.343163e-08	-5.353715e+01	-7.989934e+02
1.900000e-07	-7.562154e-06	-1.341578e-08	-5.316704e+01	-7.972740e+02
2.000000e-07	-7.506604e-06	-1.341812e-08	-5.277648e+01	-7.955021e+02
2.100000e-07	-7.448331e-06	-1.338506e-08	-5.236678e+01	-7.936868e+02
2.200000e-07	-7.387398e-06	-1.336427e-08	-5.193838e+01	-7.918209e+02
2.300000e-07	-7.323904e-06	-1.330844e-08	-5.149198e+01	-7.898835e+02
2.400000e-07	-7.257594e-06	-1.327981e-08	-5.102577e+01	-7.878476e+02
2.500000e-07	-7.188592e-06	-1.324887e-08	-5.054064e+01	-7.856907e+02
2.600000e-07	-7.117049e-06	-1.319637e-08	-5.003765e+01	-7.834021e+02
2.700000e-07	-7.042704e-06	-1.315660e-08	-4.951495e+01	-7.809862e+02
2.800000e-07	-6.965542e-06	-1.312590e-08	-4.897245e+01	-7.784600e+02
2.900000e-07	-6.885613e-06	-1.310091e-08	-4.841050e+01	-7.758450e+02
3.000000e-07	-6.803165e-06	-1.303615e-08	-4.783083e+01	-7.731589e+02
3.100000e-07	-6.718536e-06	-1.298545e-08	-4.723583e+01	-7.704080e+02
3.200000e-07	-6.631629e-06	-1.293942e-08	-4.662482e+01	-7.675855e+02
3.300000e-07	-6.542346e-06	-1.288774e-08	-4.599710e+01	-7.646739e+02
3.400000e-07	-6.450721e-06	-1.284489e-08	-4.535291e+01	-7.616524e+02
3.500000e-07	-6.356844e-06	-1.278594e-08	-4.469289e+01	-7.585041e+02
3.600000e-07	-6.260648e-06	-1.273177e-08	-4.401657e+01	-7.552221e+02
3.700000e-07	-6.162027e-06	-1.267452e-08	-4.332320e+01	-7.518104e+02
3.800000e-07	-6.061210e-06	-1.261928e-08	-4.261439e+01	-7.482804e+02
3.900000e-07	-5.958306e-06	-1.255060e-08	-4.189091e+01	-7.446447e+02
4.000000e-07	-5.853187e-06	-1.248757e-08	-4.115184e+01	-7.409104e+02
4.100000e-07	-5.745897e-06	-1.243739e-08	-4.039752e+01	-7.370755e+02
4.200000e-07	-5.636619e-06	-1.237817e-08	-3.962923e+01	-7.331282e+02
4.300000e-07	-5.525452e-06	-1.230215e-08	-3.884765e+01	-7.290522e+02
4.400000e-07	-5.412196e-06	-1.221591e-08	-3.805138e+01	-7.248321e+02
4.500000e-07	-5.296698e-06	-1.214187e-08	-3.723936e+01	-7.204596e+02
4.600000e-07	-5.179040e-06	-1.207027e-08	-3.641214e+01	-7.159362e+02
4.700000e-07	-5.059476e-06	-1.199340e-08	-3.557152e+01	-7.112717e+02
4.800000e-07	-4.938172e-06	-1.191266e-08	-3.471867e+01	-7.064799e+02
4.900000e-07	-4.815002e-06	-1.183966e-08	-3.385271e+01	-7.015717e+02
5.000000e-07	-4.690091e-06	-1.176222e-08	-3.297450e+01	-6.965504e+02
5.100000e-07	-4.563602e-06	-1.166916e-08	-3.208520e+01	-6.914087e+02
5.200000e-07	-4.435468e-06	-1.156852e-08	-3.118433e+01	-6.861314e+02
5.300000e-07	-4.305692e-06	-1.147274e-08	-3.027192e+01	-6.806993e+02
5.400000e-07	-4.174267e-06	-1.138244e-08	-2.934791e+01	-6.750956e+02
5.500000e-07	-4.041314e-06	-1.128640e-08	-2.841316e+01	-6.693105e+02
5.600000e-07	-3.906937e-06	-1.118692e-08	-2.746840e+01	-6.633419e+02
5.700000e-07	-3.771148e-06	-1.108705e-08	-2.651371e+01	-6.571940e+02
5.800000e-07	-3.634045e-06	-1.098484e-08	-2.554978e+01	-6.508720e+02
5.900000e-07	-3.495603e-06	-1.087170e-08	-2.457644e+01	-6.443773e+02
6.000000e-07	-3.355702e-06	-1.075300e-08	-2.359284e+01	-6.377038e+02
6.100000e-07	-3.214350e-06	-1.063768e-08	-2.259905e+01	-6.308378e+02
6.200000e-07	-3.071707e-06	-1.052305e-08	-2.159617e+01	-6.237606e+02
6.300000e-07	-2.927904e-06	-1.040273e-08	-2.058514e+01	-6.164540e+02
6.400000e-07	-2.783001e-06	-1.027442e-08	-1.956637e+01	-6.089048e+02
6.500000e-07	-2.637047e-06	-1.014147e-08	-1.854021e+01	-6.011079e+02
6.600000e-07	-2.490162e-06	-1.000655e-08	-1.750751e+01	-5.930659e+02
6.700000e-07	-2.342498e-06	-9.869791e-09	-1.646934e+01	-5.847852e+02
6.800000e-07	-2.194137e-06	-9.724651e-09	-1.542626e+01	-5.762706e+02
6.900000e-07	-2.045059e-06	-9.574600e-09	-1.437814e+01	-5.675200e+02
7.000000e-07	-1.895290e-06	-9.424502e-09	-1.332517e+01	-5.585209e+02
7.100000e-07	-1.744897e-06	-9.272809e-09	-1.226780e+01	-5.492511e+02
7.200000e-07	-1.593891e-06	-9.110580e-09	-1.120612e+01	-5.396811e+02
7.300000e-07	-1.442293e-06	-8.939742e-09	-1.014029e+01	-5.297806e+02
7.400000e-07	-1.290124e-06	-8.765966e-09	-9.070440e+00	-5.195229e+02
7.500000e-07	-1.137487e-06	-8.591202e-09	-7.997296e+00	-5.088882e+02
7.600000e-07	-9.844896e-07	-8.410830e-09	-6.921625e+00	-4.978639e+02
7.700000e-07	-8.311694e-07	-8.217303e-09	-5.843680e+00	-4.864402e+02
7.800000e-07	-6.775316e-07	-8.014777e-09	-4.763503e+00	-4.746045e+02
7.900000e-07	-5.236431e-07	-7.808089e-09	-3.681564e+00	-4.623343e+02
8.000000e-07	-3.695716e-07	-7.594190e-09	-2.598337e+00	-4.495919e+02
8.100000e-07	-2.153469e-07	-7.366293e-09	-1.514033e+00	-4.363226e+02
8.200000e-07	-6.100364e-08	-7.129616e-09	-4.288966e-01	-4.224567e+02
8.300000e-07	9.342679e-08	-6.888830e-09	6.568533e-01	-4.079161e+02
8.400000e-07	2.477784e-07	-6.638143e-09	1.742049e+00	-3.926225e+02
8.500000e-07	4.019817e-07	-6.366631e-09	2.826202e+00	-3.765071e+02
8.600000e-07	5.560586e-07	-6.074236e-09	3.909467e+00	-3.595175e+02
8.700000e-07	7.098701e-07	-5.769170e-09	4.990865e+00	-3.416212e+02
8.800000e-07	8.633833e-07	-5.450931e-09	6.070166e+00	-3.228026e+02
8.900000e-07	1.016623e-06	-5.114867e-09	7.147545e+00	-3.030550e+02
9.000000e-07	1.169505e-06	-4.763363e-09	8.222410e+00	-2.823675e+02
9.100000e-07	1.321923e-06	-4.400573e-09	9.294010e+00	-2.607110e+02
9.200000e-07	1.473853e-06	-4.025533e-09	1.036218e+01	-2.380247e+02
9.300000e-07	1.625266e-06	-3.628110e-09	1.142672e+01	-2.142102e+02
9.400000e-07	1.776101e-06	-3.200722e-09	1.248719e+01	-1.891334e+02
9.500000e-07	1.926347e-06	-2.746508e-09	1.354352e+01	-1.626375e+02
9.600000e-07	2.075946e-06	-2.268249e-09	1.459530e+01	-1.345659e+02
9.700000e-07	2.224832e-06	-1.762772e-09	1.564207e+01	-1.047913e+02
9.800000e-07	2.372918e-06	-1.226942e-09	1.668321e+01	-7.324656e+01
9.900000e-07	2.520083e-06	-6.646948e-10	1.771788e+01	-3.994984e+01
1.000000e-06	2.666333e-06	-7.911032e-11	1.874612e+01	-5.020664e+00
1.010000e-06	2.811658e-06	5.312459e-10	1.976785e+01	3.131841e+01
1.020000e-06	2.955981e-06	1.165720e-09	2.078254e+01	6.875400e+01
1.030000e-06	3.099222e-06	1.813924e-09	2.178961e+01	1.069058e+02
1.040000e-06	3.241312e-06	2.464028e-09	2.278861e+01	1.453575e+02
1.050000e-06	3.382219e-06	3.110092e-09	2.377928e+01	1.836890e+02
1.060000e-06	3.521770e-06	3.750814e-09	2.476041e+01	2.215043e+02
1.070000e-06	3.659886e-06	4.379318e-09	2.573147e+01	2.584527e+02
1.080000e-06	3.796699e-06	4.983266e-09	2.669335e+01	2.942412e+02
1.090000e-06	3.932183e-06	5.558816e-09	2.764590e+01	3.286388e+02
1.100000e-06	4.066236e-06	6.110397e-09	2.858838e+01	3.614759e+02
1.110000e-06	4.198810e-06	6.636851e-09	2.952046e+01	3.926405e+02
1.120000e-06	4.329784e-06	7.131797e-09	3.044130e+01	4.220732e+02
1.130000e-06	4.459185e-06	7.594715e-09	3.135107e+01	4.497608e+02
1.140000e-06	4.587048e-06	8.031246e-09	3.225004e+01	4.757301e+02
1.150000e-06	4.713332e-06	8.445483e-09	3.313790e+01	5.000388e+02
1.160000e-06	4.838012e-06	8.831951e-09	3.401449e+01	5.227662e+02
1.170000e-06	4.960891e-06	9.187101e-09	3.487840e+01	5.440019e+02
1.180000e-06	5.081954e-06	9.516790e-09	3.572956e+01	5.638362e+02
1.190000e-06	5.201279e-06	9.827482e-09	3.656849e+01	5.823521e+02
1.200000e-06	5.318667e-06	1.011649e-08	3.739381e+01	5.996227e+02
1.210000e-06	5.433899e-06	1.038333e-08	3.820397e+01	6.157122e+02
1.220000e-06	5.547075e-06	1.063315e-08	3.899967e+01	6.306804e+02
1.230000e-06	5.658287e-06	1.087184e-08	3.978157e+01	6.445882e+02
1.240000e-06	5.767518e-06	1.109667e-08	4.054954e+01	6.575019e+02
1.250000e-06	5.874687e-06	1.130055e-08	4.130300e+01	6.694935e+02
1.260000e-06	5.979726e-06	1.148501e-08	4.204150e+01	6.806382e+02
1.270000e-06	6.082693e-06	1.165653e-08	4.276543e+01	6.910078e+02
1.280000e-06	6.183387e-06	1.181754e-08	4.347337e+01	7.006654e+02
1.290000e-06	6.281705e-06	1.196493e-08	4.416462e+01	7.096613e+02
1.300000e-06	6.377712e-06	1.210084e-08	4.483961e+01	7.180334e+02
1.310000e-06	6.471490e-06	1.223160e-08	4.549893e+01	7.258110e+02
1.320000e-06	6.563042e-06	1.235768e-08	4.614260e+01	7.330216e+02
1.330000e-06	6.652297e-06	1.247140e-08	4.677013e+01	7.396975e+02
1.340000e-06	6.739228e-06	1.257292e-08	4.738131e+01	7.458790e+02
1.350000e-06	6.823827e-06	1.266705e-08	4.797610e+01	7.516137e+02
1.360000e-06	6.906060e-06	1.275785e-08	4.855425e+01	7.569520e+02
1.370000e-06	6.985799e-06	1.284259e-08	4.911487e+01	7.619401e+02
1.380000e-06	7.062999e-06	1.291789e-08	4.965764e+01	7.666138e+02
1.390000e-06	7.137539e-06	1.299056e-08	5.018171e+01	7.709952e+02
1.400000e-06	7.209423e-06	1.306332e-08	5.068710e+01	7.750950e+02
1.410000e-06	7.278795e-06	1.313125e-08	5.117483e+01	7.789177e+02
1.420000e-06	7.345578e-06	1.318880e-08	5.164436e+01	7.824684e+02
1.430000e-06	7.409674e-06	1.323997e-08	5.209499e+01	7.857590e+02
1.440000e-06	7.471240e-06	1.329251e-08	5.252785e+01	7.888097e+02
1.450000e-06	7.530256e-06	1.334399e-08	5.294277e+01	7.916467e+02
1.460000e-06	7.586559e-06	1.338795e-08	5.333862e+01	7.942959e+02
1.470000e-06	7.639986e-06	1.342565e-08	5.371425e+01	7.967757e+02
1.480000e-06	7.690339e-06	1.346265e-08	5.406826e+01	7.990929e+02
1.490000e-06	7.737656e-06	1.350029e-08	5.440093e+01	8.012422e+02
1.500000e-06	7.782178e-06	1.353387e-08	5.471395e+01	8.032113e+02
1.510000e-06	7.823949e-06	1.356084e-08	5.500763e+01	8.049889e+02
1.520000e-06	7.862904e-06	1.358697e-08	5.528151e+01	8.065723e+02
1.530000e-06	7.899207e-06	1.361394e-08	5.553674e+01	8.079727e+02
1.540000e-06	7.932748e-06	1.363652e-08	5.577256e+01	8.092136e+02
1.550000e-06	7.963461e-06	1.365157e-08	5.598849e+01	8.103252e+02
1.560000e-06	7.991436e-06	1.366441e-08	5.618518e+01	8.113348e+02
1.570000e-06	8.016532e-06	1.367964e-08	5.636162e+01	8.122580e+02
1.580000e-06	8.038803e-06	1.369329e-08	5.651820e+01	8.130945e+02
1.590000e-06	8.058341e-06	1.370310e-08	5.665557e+01	8.138295e+02
1.600000e-06	8.075009e-06	1.371249e-08	5.677275e+01	8.144410e+02
1.610000e-06	8.088704e-06	1.372331e-08	5.686903e+01	8.149107e+02
1.620000e-06	8.099246e-06	1.372906e-08	5.694315e+01	8.152331e+02
1.630000e-06	8.106684e-06	1.372793e-08	5.699545e+01	8.154199e+02
1.640000e-06	8.111346e-06	1.372622e-08	5.702823e+01	8.154983e+02
1.650000e-06	8.113234e-06	1.372746e-08	5.704150e+01	8.155018e+02
1.660000e-06	8.112344e-06	1.373101e-08	5.703524e+01	8.154595e+02
1.670000e-06	8.108777e-06	1.372935e-08	5.701017e+01	8.153853e+02
1.680000e-06	8.102417e-06	1.372310e-08	5.696545e+01	8.152737e+02
1.690000e-06	8.093349e-06	1.371958e-08	5.690169e+01	8.151017e+02
1.700000e-06	8.081610e-06	1.371451e-08	5.681916e+01	8.148376e+02
1.710000e-06	8.067040e-06	1.370163e-08	5.671672e+01	8.144526e+02
1.720000e-06	8.049861e-06	1.367972e-08	5.659594e+01	8.139312e+02
1.730000e-06	8.030401e-06	1.367312e-08	5.645912e+01	8.132764e+02
1.740000e-06	8.008261e-06	1.370971e-08	5.630347e+01	8.125074e+02
1.750000e-06	7.982607e-06	1.370395e-08	5.612310e+01	8.116514e+02
1.760000e-06	7.953182e-06	1.365184e-08	5.591623e+01	8.107328e+02
1.770000e-06	7.920533e-06	1.361508e-08	5.568668e+01	8.097634e+02
1.780000e-06	7.885403e-06	1.358694e-08	5.543969e+01	8.087383e+02
1.790000e-06	7.847895e-06	1.355910e-08	5.517598e+01	8.076385e+02
1.800000e-06	7.808236e-06	1.357657e-08	5.489716e+01	8.064393e+02
1.810000e-06	7.766517e-06	1.354196e-08	5.460384e+01	8.051202e+02
1.820000e-06	7.722139e-06	1.349799e-08	5.429183e+01	8.036742e+02
1.830000e-06	7.675003e-06	1.352413e-08	5.396044e+01	8.021101e+02
1.840000e-06	7.624938e-06	1.346366e-08	5.360845e+01	8.004499e+02
1.850000e-06	7.571706e-06	1.344397e-08	5.323419e+01	7.987197e+02
1.860000e-06	7.515640e-06	1.339414e-08	5.284001e+01	7.969397e+02
1.870000e-06	7.456905e-06	1.334145e-08	5.242706e+01	7.951163e+02
1.880000e-06	7.395586e-06	1.336485e-08	5.199595e+01	7.932394e+02
1.890000e-06	7.331534e-06	1.330816e-08	5.154562e+01	7.912862e+02
1.900000e-06	7.264786e-06	1.329245e-08	5.107634e+01	7.892301e+02
1.910000e-06	7.195334e-06	1.324871e-08	5.058804e+01	7.870499e+02
1.920000e-06	7.123019e-06	1.320445e-08	5.007962e+01	7.847377e+02
1.930000e-06	7.048076e-06	1.316583e-08	4.955272e+01	7.823005e+02
1.940000e-06	6.970327e-06	1.308706e-08	4.900609e+01	7.797568e+02
1.950000e-06	6.889929e-06	1.307260e-08	4.844084e+01	7.771280e+02
1.960000e-06	6.807206e-06	1.301750e-08	4.785925e+01	7.744301e+02
1.970000e-06	6.722053e-06	1.299744e-08	4.726056e+01	7.716672e+02
1.980000e-06	6.634389e-06	1.294711e-08	4.664423e+01	7.688302e+02
1.990000e-06	6.544345e-06	1.287613e-08	4.601115e+01	7.659004e+02
2.000000e-06	6.452130e-06	1.283709e-08	4.536282e+01	7.628571e+02
2.010000e-06	6.357538e-06	1.276939e-08	4.469777e+01	7.596850e+02
2.020000e-06	6.260626e-06	1.272806e-08	4.401642e+01	7.563792e+02
2.030000e-06	6.161602e-06	1.265808e-08	4.332021e+01	7.529453e+02
2.040000e-06	6.060398e-06	1.261480e-08	4.260868e+01	7.493955e+02
2.050000e-06	5.956931e-06	1.255019e-08	4.188123e+01	7.457418e+02
2.060000e-06	5.851295e-06	1.247736e-08	4.113854e+01	7.419899e+02
2.070000e-06	5.743670e-06	1.240561e-08	4.038187e+01	7.381359e+02
2.080000e-06	5.633951e-06	1.233608e-08	3.961047e+01	7.341668e+02
2.090000e-06	5.522152e-06	1.228637e-08	3.882445e+01	7.300660e+02
2.100000e-06	5.408257e-06	1.221180e-08	3.802369e+01	7.258189e+02
2.110000e-06	5.292252e-06	1.214326e-08	3.720810e+01	7.214190e+02
2.120000e-06	5.174122e-06	1.205736e-08	3.637756e+01	7.168693e+02
2.130000e-06	5.053976e-06	1.198093e-08	3.553285e+01	7.121810e+02
2.140000e-06	4.932042e-06	1.188626e-08	3.467558e+01	7.073676e+02
2.150000e-06	4.808351e-06	1.180162e-08	3.380595e+01	7.024393e+02
2.160000e-06	4.682964e-06	1.172139e-08	3.292439e+01	6.973971e+02
2.170000e-06	4.555826e-06	1.164543e-08	3.203052e+01	6.922325e+02
2.180000e-06	4.427069e-06	1.156456e-08	3.112528e+01	6.869288e+02
2.190000e-06	4.296839e-06	1.146688e-08	3.020967e+01	6.814670e+02
2.200000e-06	4.165137e-06	1.136940e-08	2.928372e+01	6.758314e+02
2.210000e-06	4.031927e-06	1.126207e-08	2.834716e+01	6.700133e+02
2.220000e-06	3.897181e-06	1.116400e-08	2.739980e+01	6.640122e+02
2.230000e-06	3.760964e-06	1.105577e-08	2.644211e+01	6.578328e+02
2.240000e-06	3.623426e-06	1.095761e-08	2.547513e+01	6.514799e+02
2.250000e-06	3.484606e-06	1.084998e-08	2.449913e+01	6.449539e+02
2.260000e-06	3.344505e-06	1.074199e-08	2.351412e+01	6.382471e+02
2.270000e-06	3.203100e-06	1.061930e-08	2.251995e+01	6.313447e+02
2.280000e-06	3.060352e-06	1.049093e-08	2.151634e+01	6.242277e+02
2.290000e-06	2.916450e-06	1.036642e-08	2.050461e+01	6.168785e+02
2.300000e-06	2.771514e-06	1.023971e-08	1.948561e+01	6.092851e+02
2.310000e-06	2.625607e-06	1.011061e-08	1.845978e+01	6.014440e+02
2.320000e-06	2.478785e-06	9.974715e-09	1.742753e+01	5.933587e+02
2.330000e-06	2.331140e-06	9.841081e-09	1.638948e+01	5.850359e+02
2.340000e-06	2.182726e-06	9.694669e-09	1.534603e+01	5.764795e+02
2.350000e-06	2.033561e-06	9.543094e-09	1.429731e+01	5.676856e+02
2.360000e-06	1.883705e-06	9.382977e-09	1.324371e+01	5.586400e+02
2.370000e-06	1.733197e-06	9.227278e-09	1.218554e+01	5.493187e+02
2.380000e-06	1.582042e-06	9.069510e-09	1.112282e+01	5.396919e+02
2.390000e-06	1.430206e-06	8.904392e-09	1.005531e+01	5.297293e+02
2.400000e-06	1.277810e-06	8.730225e-09	8.983865e+00	5.194053e+02
2.410000e-06	1.124993e-06	8.547866e-09	7.909456e+00	5.087018e+02
2.420000e-06	9.718107e-07	8.359389e-09	6.832484e+00	4.976067e+02
2.430000e-06	8.183576e-07	8.163173e-09	5.753605e+00	4.861105e+02
2.440000e-06	6.646296e-07	7.964026e-09	4.672794e+00	4.741992e+02
2.450000e-06	5.106655e-07	7.761986e-09	3.590323e+00	4.618478e+02
2.460000e-06	3.565063e-07	7.550792e-09	2.506480e+00	4.490157e+02
2.470000e-06	2.022057e-07	7.325397e-09	1.421642e+00	4.356452e+02
2.480000e-06	4.784679e-08	7.086826e-09	3.363951e-01	4.216646e+02
2.490000e-06	-1.065005e-07	6.835386e-09	-7.487700e-01	4.069950e+02
2.500000e-06	-2.607714e-07	6.574421e-09	-1.833399e+00	3.915592e+02
2.510000e-06	-4.149200e-07	6.301785e-09	-2.917167e+00	3.752909e+02
2.520000e-06	-5.688780e-07	6.020665e-09	-3.999595e+00	3.581411e+02
2.530000e-06	-7.226556e-07	5.723542e-09	-5.080756e+00	3.400808e+02
2.540000e-06	-8.762286e-07	5.406035e-09	-6.160477e+00	3.210966e+02
2.550000e-06	-1.029502e-06	5.068546e-09	-7.238091e+00	3.011822e+02
2.560000e-06	-1.182412e-06	4.713775e-09	-8.313156e+00	2.803245e+02
2.570000e-06	-1.334843e-06	4.344853e-09	-9.384845e+00	2.584895e+02
2.580000e-06	-1.486710e-06	3.959426e-09	-1.045257e+01	2.356100e+02
2.590000e-06	-1.637959e-06	3.556949e-09	-1.151595e+01	2.115807e+02
2.600000e-06	-1.788519e-06	3.136681e-09	-1.257449e+01	1.862622e+02
2.610000e-06	-1.938436e-06	2.693444e-09	-1.362851e+01	1.594959e+02
2.620000e-06	-2.087701e-06	2.218993e-09	-1.467794e+01	1.311281e+02
2.630000e-06	-2.236236e-06	1.711045e-09	-1.572224e+01	1.010401e+02
2.640000e-06	-2.383967e-06	1.173845e-09	-1.676090e+01	6.917824e+01
2.650000e-06	-2.530849e-06	6.105112e-10	-1.779357e+01	3.557812e+01
2.660000e-06	-2.676888e-06	2.150750e-11	-1.882033e+01	3.779098e-01
2.670000e-06	-2.822079e-06	-5.900154e-10	-1.984111e+01	-3.618235e+01
2.680000e-06	-2.966200e-06	-1.219350e-09	-2.085439e+01	-7.377529e+01
2.690000e-06	-3.109041e-06	-1.858906e-09	-2.185865e+01	-1.120118e+02
2.700000e-06	-3.250678e-06	-2.503907e-09	-2.285445e+01	-1.504726e+02
2.710000e-06	-3.391133e-06	-3.148397e-09	-2.384195e+01	-1.887399e+02
2.720000e-06	-3.530339e-06	-3.783450e-09	-2.482066e+01	-2.264247e+02
2.730000e-06	-3.668294e-06	-4.400152e-09	-2.579058e+01	-2.631858e+02
2.740000e-06	-3.804910e-06	-4.995839e-09	-2.675108e+01	-2.987412e+02
2.750000e-06	-3.940015e-06	-5.569681e-09	-2.770096e+01	-3.328709e+02
2.760000e-06	-4.073689e-06	-6.118332e-09	-2.864078e+01	-3.654161e+02
2.770000e-06	-4.205978e-06	-6.638357e-09	-2.957085e+01	-3.962745e+02
2.780000e-06	-4.336768e-06	-7.128818e-09	-3.049040e+01	-4.253954e+02
2.790000e-06	-4.466060e-06	-7.591224e-09	-3.139941e+01	-4.527733e+02
2.800000e-06	-4.593735e-06	-8.024557e-09	-3.229705e+01	-4.784411e+02
2.810000e-06	-4.719718e-06	-8.427228e-09	-3.318279e+01	-5.024612e+02
2.820000e-06	-4.844074e-06	-8.803818e-09	-3.405710e+01	-5.249157e+02
2.830000e-06	-4.966797e-06	-9.159568e-09	-3.491993e+01	-5.458948e+02
2.840000e-06	-5.087743e-06	-9.493374e-09	-3.577026e+01	-5.654879e+02
2.850000e-06	-5.206684e-06	-9.803921e-09	-3.660650e+01	-5.837765e+02
2.860000e-06	-5.323589e-06	-1.009086e-08	-3.742842e+01	-6.008318e+02
2.870000e-06	-5.438361e-06	-1.035674e-08	-3.823534e+01	-6.167168e+02
2.880000e-06	-5.550838e-06	-1.060308e-08	-3.902613e+01	-6.314911e+02
2.890000e-06	-5.661231e-06	-1.083169e-08	-3.980227e+01	-6.452164e+02
2.900000e-06	-5.769684e-06	-1.104391e-08	-4.056476e+01	-6.579601e+02
2.910000e-06	-5.876178e-06	-1.124226e-08	-4.131349e+01	-6.697951e+02
2.920000e-06	-5.980591e-06	-1.143095e-08	-4.204758e+01	-6.807964e+02
2.930000e-06	-6.082800e-06	-1.160870e-08	-4.276618e+01	-6.910346e+02
2.940000e-06	-6.182849e-06	-1.177138e-08	-4.346959e+01	-7.005709e+02
2.950000e-06	-6.280781e-06	-1.191992e-08	-4.415812e+01	-7.094530e+02
2.960000e-06	-6.376512e-06	-1.205887e-08	-4.483117e+01	-7.177171e+02
2.970000e-06	-6.469939e-06	-1.218953e-08	-4.548802e+01	-7.253914e+02
2.980000e-06	-6.561108e-06	-1.230993e-08	-4.612901e+01	-7.325041e+02
2.990000e-06	-6.649979e-06	-1.241961e-08	-4.675383e+01	-7.390886e+02
3.000000e-06	-6.736420e-06	-1.252349e-08	-4.736157e+01	-7.451867e+02
3.010000e-06	-6.820451e-06	-1.262255e-08	-4.795237e+01	-7.508470e+02
3.020000e-06	-6.902150e-06	-1.271306e-08	-4.852677e+01	-7.561198e+02
3.030000e-06	-6.981325e-06	-1.279307e-08	-4.908341e+01	-7.610496e+02
3.040000e-06	-7.057775e-06	-1.286865e-08	-4.962091e+01	-7.656699e+02
3.050000e-06	-7.131601e-06	-1.294284e-08	-5.013996e+01	-7.700006e+02
3.060000e-06	-7.202854e-06	-1.301155e-08	-5.064091e+01	-7.740508e+02
3.070000e-06	-7.271501e-06	-1.307291e-08	-5.112355e+01	-7.778245e+02
3.080000e-06	-7.337614e-06	-1.313033e-08	-5.158837e+01	-7.813278e+02
3.090000e-06	-7.401169e-06	-1.318555e-08	-5.203520e+01	-7.845739e+02
3.100000e-06	-7.462061e-06	-1.323637e-08	-5.246331e+01	-7.875845e+02
3.110000e-06	-7.520272e-06	-1.328280e-08	-5.287258e+01	-7.903863e+02
3.120000e-06	-7.575715e-06	-1.332746e-08	-5.326238e+01	-7.930043e+02
3.130000e-06	-7.628231e-06	-1.337196e-08	-5.363160e+01	-7.954550e+02
3.140000e-06	-7.677690e-06	-1.341263e-08	-5.397933e+01	-7.977430e+02
3.150000e-06	-7.724155e-06	-1.344794e-08	-5.430601e+01	-7.998613e+02
3.160000e-06	-7.768006e-06	-1.347946e-08	-5.461431e+01	-8.017969e+02
3.170000e-06	-7.809402e-06	-1.350888e-08	-5.490535e+01	-8.035398e+02
3.180000e-06	-7.848093e-06	-1.353486e-08	-5.517738e+01	-8.050894e+02
3.190000e-06	-7.883996e-06	-1.355693e-08	-5.542980e+01	-8.064593e+02
3.200000e-06	-7.917146e-06	-1.357739e-08	-5.566287e+01	-8.076750e+02
3.210000e-06	-7.947393e-06	-1.359873e-08	-5.587553e+01	-8.087667e+02
3.220000e-06	-7.974754e-06	-1.361974e-08	-5.606789e+01	-8.097603e+02
3.230000e-06	-7.999383e-06	-1.363644e-08	-5.624105e+01	-8.106686e+02
3.240000e-06	-8.021191e-06	-1.364935e-08	-5.639437e+01	-8.114885e+02
3.250000e-06	-8.040181e-06	-1.366066e-08	-5.652789e+01	-8.122031e+02
3.260000e-06	-8.056356e-06	-1.366963e-08	-5.664161e+01	-8.127905e+02
3.270000e-06	-8.069404e-06	-1.367794e-08	-5.673334e+01	-8.132339e+02
3.280000e-06	-8.079390e-06	-1.368519e-08	-5.680355e+01	-8.135308e+02
3.290000e-06	-8.086481e-06	-1.368997e-08	-5.685341e+01	-8.136961e+02
3.300000e-06	-8.090716e-06	-1.369169e-08	-5.688318e+01	-8.137587e+02
3.310000e-06	-8.092251e-06	-1.369293e-08	-5.689397e+01	-8.137523e+02
