# Temperatura_=_46.75
# Concentracion g/m^3_=_11780.0
# C_Vs_to_Am_M_A/Vsm_=_59384043850.047264
# pendiente_HvsI_1/m_=_3716.3
# ordenada_HvsI_A/m_=_1297.0
# frecuencia_Hz_=_301553.8093012894

Tiempo_(s)	Campo_(V.s)	Magnetizacion_(V.s)	Campo_(kA/m)	Magnetizacion_(A/m)
0.000000e+00	-8.145227e-06	-1.385404e-08	-5.688686e+01	-8.225784e+02
1.000000e-08	-8.142454e-06	-1.384940e-08	-5.686750e+01	-8.224153e+02
2.000000e-08	-8.137004e-06	-1.384459e-08	-5.682944e+01	-8.221952e+02
3.000000e-08	-8.128934e-06	-1.384438e-08	-5.677307e+01	-8.219359e+02
4.000000e-08	-8.118025e-06	-1.384033e-08	-5.669688e+01	-8.216382e+02
5.000000e-08	-8.104208e-06	-1.382998e-08	-5.660038e+01	-8.212843e+02
6.000000e-08	-8.087479e-06	-1.382000e-08	-5.648354e+01	-8.208440e+02
7.000000e-08	-8.068126e-06	-1.381343e-08	-5.634839e+01	-8.202850e+02
8.000000e-08	-8.046360e-06	-1.380574e-08	-5.619637e+01	-8.195849e+02
9.000000e-08	-8.021611e-06	-1.376957e-08	-5.602352e+01	-8.187396e+02
1.000000e-07	-7.993533e-06	-1.373517e-08	-5.582742e+01	-8.177645e+02
1.100000e-07	-7.962411e-06	-1.374231e-08	-5.561007e+01	-8.166886e+02
1.200000e-07	-7.928451e-06	-1.375374e-08	-5.537288e+01	-8.155435e+02
1.300000e-07	-7.891856e-06	-1.373511e-08	-5.511730e+01	-8.143516e+02
1.400000e-07	-7.852962e-06	-1.369590e-08	-5.484566e+01	-8.131178e+02
1.500000e-07	-7.811763e-06	-1.369229e-08	-5.455792e+01	-8.118283e+02
1.600000e-07	-7.767870e-06	-1.367921e-08	-5.425137e+01	-8.104567e+02
1.700000e-07	-7.721155e-06	-1.363006e-08	-5.392511e+01	-8.089748e+02
1.800000e-07	-7.671611e-06	-1.360420e-08	-5.357909e+01	-8.073644e+02
1.900000e-07	-7.619005e-06	-1.355513e-08	-5.321169e+01	-8.056251e+02
2.000000e-07	-7.563481e-06	-1.355086e-08	-5.282390e+01	-8.037745e+02
2.100000e-07	-7.505286e-06	-1.353827e-08	-5.241746e+01	-8.018424e+02
2.200000e-07	-7.444465e-06	-1.347574e-08	-5.199269e+01	-7.998587e+02
2.300000e-07	-7.380985e-06	-1.345091e-08	-5.154934e+01	-7.978427e+02
2.400000e-07	-7.314692e-06	-1.342001e-08	-5.108635e+01	-7.957945e+02
2.500000e-07	-7.245682e-06	-1.339784e-08	-5.060437e+01	-7.936952e+02
2.600000e-07	-7.174001e-06	-1.334131e-08	-5.010375e+01	-7.915125e+02
2.700000e-07	-7.099537e-06	-1.329059e-08	-4.958368e+01	-7.892119e+02
2.800000e-07	-7.022280e-06	-1.326274e-08	-4.904412e+01	-7.867685e+02
2.900000e-07	-6.942250e-06	-1.323182e-08	-4.848519e+01	-7.841742e+02
3.000000e-07	-6.859712e-06	-1.318665e-08	-4.790873e+01	-7.814392e+02
3.100000e-07	-6.774919e-06	-1.311642e-08	-4.731653e+01	-7.785866e+02
3.200000e-07	-6.687780e-06	-1.308412e-08	-4.670794e+01	-7.756430e+02
3.300000e-07	-6.598247e-06	-1.304392e-08	-4.608264e+01	-7.726285e+02
3.400000e-07	-6.506392e-06	-1.297916e-08	-4.544112e+01	-7.695493e+02
3.500000e-07	-6.412216e-06	-1.291173e-08	-4.478339e+01	-7.663966e+02
3.600000e-07	-6.315656e-06	-1.285827e-08	-4.410901e+01	-7.631505e+02
3.700000e-07	-6.216720e-06	-1.281521e-08	-4.341803e+01	-7.597878e+02
3.800000e-07	-6.115576e-06	-1.275615e-08	-4.271163e+01	-7.562897e+02
3.900000e-07	-6.012234e-06	-1.269309e-08	-4.198988e+01	-7.526473e+02
4.000000e-07	-5.906661e-06	-1.263396e-08	-4.125256e+01	-7.488629e+02
4.100000e-07	-5.798967e-06	-1.258490e-08	-4.050041e+01	-7.449464e+02
4.200000e-07	-5.689297e-06	-1.251460e-08	-3.973447e+01	-7.409095e+02
4.300000e-07	-5.577580e-06	-1.242532e-08	-3.895423e+01	-7.367602e+02
4.400000e-07	-5.463639e-06	-1.234380e-08	-3.815845e+01	-7.324993e+02
4.500000e-07	-5.347492e-06	-1.227780e-08	-3.734727e+01	-7.281206e+02
4.600000e-07	-5.229288e-06	-1.220990e-08	-3.652173e+01	-7.236135e+02
4.700000e-07	-5.109198e-06	-1.212728e-08	-3.568301e+01	-7.189675e+02
4.800000e-07	-4.987305e-06	-1.204819e-08	-3.483170e+01	-7.141754e+02
4.900000e-07	-4.863607e-06	-1.197682e-08	-3.396779e+01	-7.092348e+02
5.000000e-07	-4.738177e-06	-1.189737e-08	-3.309178e+01	-7.041470e+02
5.100000e-07	-4.611063e-06	-1.179452e-08	-3.220400e+01	-6.989135e+02
5.200000e-07	-4.482299e-06	-1.169222e-08	-3.130470e+01	-6.935335e+02
5.300000e-07	-4.351899e-06	-1.160309e-08	-3.039398e+01	-6.880018e+02
5.400000e-07	-4.219846e-06	-1.151586e-08	-2.947171e+01	-6.823090e+02
5.500000e-07	-4.086366e-06	-1.141313e-08	-2.853948e+01	-6.764445e+02
5.600000e-07	-3.951438e-06	-1.130675e-08	-2.759713e+01	-6.703985e+02
5.700000e-07	-3.814956e-06	-1.120892e-08	-2.664394e+01	-6.641648e+02
5.800000e-07	-3.677060e-06	-1.110836e-08	-2.568086e+01	-6.577406e+02
5.900000e-07	-3.537792e-06	-1.099228e-08	-2.470820e+01	-6.511245e+02
6.000000e-07	-3.397035e-06	-1.086852e-08	-2.372514e+01	-6.443140e+02
6.100000e-07	-3.254866e-06	-1.075498e-08	-2.273222e+01	-6.373022e+02
6.200000e-07	-3.111394e-06	-1.064070e-08	-2.173021e+01	-6.300779e+02
6.300000e-07	-2.966743e-06	-1.051248e-08	-2.071995e+01	-6.226266e+02
6.400000e-07	-2.821099e-06	-1.037324e-08	-1.970276e+01	-6.149344e+02
6.500000e-07	-2.674432e-06	-1.023931e-08	-1.867843e+01	-6.069921e+02
6.600000e-07	-2.526846e-06	-1.010638e-08	-1.764768e+01	-5.987976e+02
6.700000e-07	-2.378481e-06	-9.963359e-09	-1.661149e+01	-5.903551e+02
6.800000e-07	-2.229360e-06	-9.811334e-09	-1.557001e+01	-5.816718e+02
6.900000e-07	-2.079495e-06	-9.663306e-09	-1.452334e+01	-5.727516e+02
7.000000e-07	-1.928830e-06	-9.518094e-09	-1.347109e+01	-5.635897e+02
7.100000e-07	-1.777382e-06	-9.360222e-09	-1.241337e+01	-5.541691e+02
7.200000e-07	-1.625278e-06	-9.188647e-09	-1.135106e+01	-5.444607e+02
7.300000e-07	-1.472652e-06	-9.017443e-09	-1.028511e+01	-5.344281e+02
7.400000e-07	-1.319530e-06	-8.848300e-09	-9.215695e+00	-5.240344e+02
7.500000e-07	-1.165877e-06	-8.667943e-09	-8.142574e+00	-5.132490e+02
7.600000e-07	-1.011788e-06	-8.475829e-09	-7.066405e+00	-5.020509e+02
7.700000e-07	-8.573330e-07	-8.279532e-09	-5.987676e+00	-4.904282e+02
7.800000e-07	-7.025251e-07	-8.080857e-09	-4.906487e+00	-4.783718e+02
7.900000e-07	-5.474312e-07	-7.868750e-09	-3.823300e+00	-4.658666e+02
8.000000e-07	-3.921727e-07	-7.643529e-09	-2.738963e+00	-4.528827e+02
8.100000e-07	-2.367940e-07	-7.414444e-09	-1.653787e+00	-4.393695e+02
8.200000e-07	-8.132675e-08	-7.181334e-09	-5.679920e-01	-4.252562e+02
8.300000e-07	7.415154e-08	-6.937029e-09	5.178798e-01	-4.104575e+02
8.400000e-07	2.296435e-07	-6.673973e-09	1.603847e+00	-3.948852e+02
8.500000e-07	3.851009e-07	-6.396482e-09	2.689573e+00	-3.784602e+02
8.600000e-07	5.404418e-07	-6.105936e-09	3.774485e+00	-3.611221e+02
8.700000e-07	6.955792e-07	-5.796223e-09	4.857976e+00	-3.428333e+02
8.800000e-07	8.503687e-07	-5.463553e-09	5.939037e+00	-3.235752e+02
8.900000e-07	1.004718e-06	-5.113992e-09	7.017021e+00	-3.033370e+02
9.000000e-07	1.158625e-06	-4.756856e-09	8.091922e+00	-2.821003e+02
9.100000e-07	1.312128e-06	-4.386960e-09	9.163996e+00	-2.598232e+02
9.200000e-07	1.465234e-06	-3.996896e-09	1.023330e+01	-2.364280e+02
9.300000e-07	1.617817e-06	-3.583351e-09	1.129895e+01	-2.117974e+02
9.400000e-07	1.769795e-06	-3.145221e-09	1.236038e+01	-1.857807e+02
9.500000e-07	1.921097e-06	-2.676913e-09	1.341708e+01	-1.582108e+02
9.600000e-07	2.071672e-06	-2.173480e-09	1.446871e+01	-1.289293e+02
9.700000e-07	2.221493e-06	-1.638823e-09	1.551507e+01	-9.781763e+01
9.800000e-07	2.370522e-06	-1.080339e-09	1.655590e+01	-6.482652e+01
9.900000e-07	2.518801e-06	-4.961557e-10	1.759149e+01	-3.000102e+01
1.000000e-06	2.666154e-06	1.185571e-10	1.862062e+01	6.505120e+00
1.010000e-06	2.812489e-06	7.602205e-10	1.964263e+01	4.442844e+01
1.020000e-06	2.957893e-06	1.418875e-09	2.065814e+01	8.340893e+01
1.030000e-06	3.102219e-06	2.086190e-09	2.166613e+01	1.230159e+02
1.040000e-06	3.245404e-06	2.759373e-09	2.266614e+01	1.627825e+02
1.050000e-06	3.387400e-06	3.431128e-09	2.365785e+01	2.022432e+02
1.060000e-06	3.528075e-06	4.088675e-09	2.464033e+01	2.409683e+02
1.070000e-06	3.667443e-06	4.724070e-09	2.561369e+01	2.785905e+02
1.080000e-06	3.805390e-06	5.335628e-09	2.657712e+01	3.148199e+02
1.090000e-06	3.941828e-06	5.919791e-09	2.753001e+01	3.494472e+02
1.100000e-06	4.076816e-06	6.472237e-09	2.847278e+01	3.823376e+02
1.110000e-06	4.210353e-06	6.990999e-09	2.940542e+01	4.134180e+02
1.120000e-06	4.342388e-06	7.480782e-09	3.032756e+01	4.426633e+02
1.130000e-06	4.472863e-06	7.945258e-09	3.123881e+01	4.700839e+02
1.140000e-06	4.601683e-06	8.380622e-09	3.213850e+01	4.957175e+02
1.150000e-06	4.728854e-06	8.784432e-09	3.302666e+01	5.196243e+02
1.160000e-06	4.854441e-06	9.159601e-09	3.390378e+01	5.418838e+02
1.170000e-06	4.978373e-06	9.507996e-09	3.476932e+01	5.625914e+02
1.180000e-06	5.100570e-06	9.829079e-09	3.562275e+01	5.818530e+02
1.190000e-06	5.220915e-06	1.012413e-08	3.646325e+01	5.997773e+02
1.200000e-06	5.339273e-06	1.040041e-08	3.728988e+01	6.164673e+02
1.210000e-06	5.455618e-06	1.066254e-08	3.810244e+01	6.320127e+02
1.220000e-06	5.569887e-06	1.090919e-08	3.890050e+01	6.464869e+02
1.230000e-06	5.682015e-06	1.113865e-08	3.968361e+01	6.599480e+02
1.240000e-06	5.792103e-06	1.135292e-08	4.045248e+01	6.724450e+02
1.250000e-06	5.900190e-06	1.155133e-08	4.120736e+01	6.840259e+02
1.260000e-06	6.006198e-06	1.173061e-08	4.194773e+01	6.947448e+02
1.270000e-06	6.110045e-06	1.189233e-08	4.267300e+01	7.046657e+02
1.280000e-06	6.211679e-06	1.204196e-08	4.338282e+01	7.138610e+02
1.290000e-06	6.311061e-06	1.218453e-08	4.407692e+01	7.224051e+02
1.300000e-06	6.408079e-06	1.231891e-08	4.475450e+01	7.303666e+02
1.310000e-06	6.502770e-06	1.244338e-08	4.541583e+01	7.378000e+02
1.320000e-06	6.595247e-06	1.256051e-08	4.606169e+01	7.447434e+02
1.330000e-06	6.685463e-06	1.267112e-08	4.669177e+01	7.512195e+02
1.340000e-06	6.773310e-06	1.277115e-08	4.730530e+01	7.572431e+02
1.350000e-06	6.858790e-06	1.286164e-08	4.790229e+01	7.628289e+02
1.360000e-06	6.941924e-06	1.294724e-08	4.848290e+01	7.679994e+02
1.370000e-06	7.022544e-06	1.302883e-08	4.904596e+01	7.727882e+02
1.380000e-06	7.100570e-06	1.310510e-08	4.959090e+01	7.772376e+02
1.390000e-06	7.175993e-06	1.317532e-08	5.011766e+01	7.813920e+02
1.400000e-06	7.248704e-06	1.324041e-08	5.062548e+01	7.852902e+02
1.410000e-06	7.318821e-06	1.330212e-08	5.111518e+01	7.889584e+02
1.420000e-06	7.386396e-06	1.335856e-08	5.158713e+01	7.924083e+02
1.430000e-06	7.451249e-06	1.340939e-08	5.204007e+01	7.956397e+02
1.440000e-06	7.513483e-06	1.345802e-08	5.247472e+01	7.986474e+02
1.450000e-06	7.573214e-06	1.350614e-08	5.289188e+01	8.014290e+02
1.460000e-06	7.630226e-06	1.355131e-08	5.329006e+01	8.039906e+02
1.470000e-06	7.684422e-06	1.358988e-08	5.366857e+01	8.063479e+02
1.480000e-06	7.735585e-06	1.362303e-08	5.402589e+01	8.085230e+02
1.490000e-06	7.783588e-06	1.365576e-08	5.436115e+01	8.105376e+02
1.500000e-06	7.828742e-06	1.368892e-08	5.467651e+01	8.124066e+02
1.510000e-06	7.871172e-06	1.371892e-08	5.497284e+01	8.141338e+02
1.520000e-06	7.910793e-06	1.374527e-08	5.524956e+01	8.157135e+02
1.530000e-06	7.947704e-06	1.377013e-08	5.550735e+01	8.171353e+02
1.540000e-06	7.981820e-06	1.379211e-08	5.574562e+01	8.183917e+02
1.550000e-06	8.013007e-06	1.380712e-08	5.596343e+01	8.194850e+02
1.560000e-06	8.041481e-06	1.381810e-08	5.616229e+01	8.204290e+02
1.570000e-06	8.067161e-06	1.383042e-08	5.634164e+01	8.212472e+02
1.580000e-06	8.089914e-06	1.384278e-08	5.650055e+01	8.219652e+02
1.590000e-06	8.109897e-06	1.385286e-08	5.664012e+01	8.226023e+02
1.600000e-06	8.127037e-06	1.386195e-08	5.675982e+01	8.231652e+02
1.610000e-06	8.141177e-06	1.387123e-08	5.685858e+01	8.236465e+02
1.620000e-06	8.152179e-06	1.387730e-08	5.693542e+01	8.240289e+02
1.630000e-06	8.160072e-06	1.387718e-08	5.699054e+01	8.242935e+02
1.640000e-06	8.165135e-06	1.387432e-08	5.702590e+01	8.244294e+02
1.650000e-06	8.167368e-06	1.387436e-08	5.704150e+01	8.244403e+02
1.660000e-06	8.166733e-06	1.387585e-08	5.703706e+01	8.243443e+02
1.670000e-06	8.163423e-06	1.387547e-08	5.701394e+01	8.241689e+02
1.680000e-06	8.157432e-06	1.386905e-08	5.697211e+01	8.239407e+02
1.690000e-06	8.148717e-06	1.386447e-08	5.691124e+01	8.236748e+02
1.700000e-06	8.137242e-06	1.386154e-08	5.683110e+01	8.233686e+02
1.710000e-06	8.122857e-06	1.385192e-08	5.673063e+01	8.230016e+02
1.720000e-06	8.105845e-06	1.383897e-08	5.661181e+01	8.225420e+02
1.730000e-06	8.086509e-06	1.382648e-08	5.647678e+01	8.219588e+02
1.740000e-06	8.064503e-06	1.383671e-08	5.632308e+01	8.212323e+02
1.750000e-06	8.039096e-06	1.385167e-08	5.614563e+01	8.203620e+02
1.760000e-06	8.009921e-06	1.381445e-08	5.594188e+01	8.193663e+02
1.770000e-06	7.977447e-06	1.376416e-08	5.571508e+01	8.182756e+02
1.780000e-06	7.942400e-06	1.374049e-08	5.547030e+01	8.171207e+02
1.790000e-06	7.904981e-06	1.372584e-08	5.520896e+01	8.159213e+02
1.800000e-06	7.865362e-06	1.368102e-08	5.493227e+01	8.146788e+02
1.810000e-06	7.823618e-06	1.369214e-08	5.464072e+01	8.133766e+02
1.820000e-06	7.779241e-06	1.366003e-08	5.433079e+01	8.119870e+02
1.830000e-06	7.732094e-06	1.361764e-08	5.400151e+01	8.104828e+02
1.840000e-06	7.682057e-06	1.363523e-08	5.365205e+01	8.088487e+02
1.850000e-06	7.628895e-06	1.355904e-08	5.328076e+01	8.070875e+02
1.860000e-06	7.572839e-06	1.354797e-08	5.288926e+01	8.052198e+02
1.870000e-06	7.514067e-06	1.350656e-08	5.247880e+01	8.032762e+02
1.880000e-06	7.452678e-06	1.346670e-08	5.205005e+01	8.012857e+02
1.890000e-06	7.388607e-06	1.345801e-08	5.160257e+01	7.992642e+02
1.900000e-06	7.321799e-06	1.339712e-08	5.113598e+01	7.972087e+02
1.910000e-06	7.252196e-06	1.338966e-08	5.064987e+01	7.950968e+02
1.920000e-06	7.179708e-06	1.333910e-08	5.014361e+01	7.928952e+02
1.930000e-06	7.104510e-06	1.329938e-08	4.961842e+01	7.905703e+02
1.940000e-06	7.026609e-06	1.325327e-08	4.907435e+01	7.880998e+02
1.950000e-06	6.946103e-06	1.320052e-08	4.851209e+01	7.854790e+02
1.960000e-06	6.863146e-06	1.317743e-08	4.793271e+01	7.827207e+02
1.970000e-06	6.777697e-06	1.311131e-08	4.733594e+01	7.798498e+02
1.980000e-06	6.689808e-06	1.307267e-08	4.672211e+01	7.768922e+02
1.990000e-06	6.599533e-06	1.301472e-08	4.609162e+01	7.738659e+02
2.000000e-06	6.506939e-06	1.296691e-08	4.544494e+01	7.707744e+02
2.010000e-06	6.412033e-06	1.291571e-08	4.478211e+01	7.676065e+02
2.020000e-06	6.314852e-06	1.285394e-08	4.410339e+01	7.643411e+02
2.030000e-06	6.215400e-06	1.280796e-08	4.340881e+01	7.609551e+02
2.040000e-06	6.113694e-06	1.274098e-08	4.269849e+01	7.574313e+02
2.050000e-06	6.009789e-06	1.268022e-08	4.197281e+01	7.537629e+02
2.060000e-06	5.903735e-06	1.260005e-08	4.123212e+01	7.499539e+02
2.070000e-06	5.795605e-06	1.253850e-08	4.047693e+01	7.460148e+02
2.080000e-06	5.685368e-06	1.247488e-08	3.970702e+01	7.419572e+02
2.090000e-06	5.573056e-06	1.241230e-08	3.892263e+01	7.377879e+02
2.100000e-06	5.458589e-06	1.234187e-08	3.812318e+01	7.335064e+02
2.110000e-06	5.341931e-06	1.226668e-08	3.730844e+01	7.291054e+02
2.120000e-06	5.223207e-06	1.218839e-08	3.647926e+01	7.245740e+02
2.130000e-06	5.102548e-06	1.210248e-08	3.563657e+01	7.199020e+02
2.140000e-06	4.980092e-06	1.201462e-08	3.478133e+01	7.150832e+02
2.150000e-06	4.855866e-06	1.193027e-08	3.391373e+01	7.101160e+02
2.160000e-06	4.729870e-06	1.185643e-08	3.303376e+01	7.050019e+02
2.170000e-06	4.602096e-06	1.177056e-08	3.214137e+01	6.997422e+02
2.180000e-06	4.472717e-06	1.167941e-08	3.123778e+01	6.943354e+02
2.190000e-06	4.341819e-06	1.158285e-08	3.032358e+01	6.887755e+02
2.200000e-06	4.209350e-06	1.148921e-08	2.939841e+01	6.830526e+02
2.210000e-06	4.075365e-06	1.138363e-08	2.846265e+01	6.771561e+02
2.220000e-06	3.939901e-06	1.127857e-08	2.751655e+01	6.710767e+02
2.230000e-06	3.802997e-06	1.117331e-08	2.656041e+01	6.648089e+02
2.240000e-06	3.664691e-06	1.107265e-08	2.559447e+01	6.583503e+02
2.250000e-06	3.524986e-06	1.096225e-08	2.461876e+01	6.516996e+02
2.260000e-06	3.383971e-06	1.084207e-08	2.363390e+01	6.448535e+02
2.270000e-06	3.241717e-06	1.071957e-08	2.264039e+01	6.378046e+02
2.280000e-06	3.098222e-06	1.059719e-08	2.163821e+01	6.305406e+02
2.290000e-06	2.953598e-06	1.047571e-08	2.062815e+01	6.230469e+02
2.300000e-06	2.807990e-06	1.034568e-08	1.961121e+01	6.153104e+02
2.310000e-06	2.661402e-06	1.021203e-08	1.858742e+01	6.073228e+02
2.320000e-06	2.513803e-06	1.007585e-08	1.755658e+01	5.990833e+02
2.330000e-06	2.365355e-06	9.936569e-09	1.651981e+01	5.905971e+02
2.340000e-06	2.216132e-06	9.785346e-09	1.547763e+01	5.818712e+02
2.350000e-06	2.066075e-06	9.630041e-09	1.442962e+01	5.729083e+02
2.360000e-06	1.915248e-06	9.473383e-09	1.337623e+01	5.637016e+02
2.370000e-06	1.763753e-06	9.318540e-09	1.231818e+01	5.542318e+02
2.380000e-06	1.611650e-06	9.154624e-09	1.125588e+01	5.444680e+02
2.390000e-06	1.458953e-06	8.982983e-09	1.018944e+01	5.343734e+02
2.400000e-06	1.305738e-06	8.805542e-09	9.119373e+00	5.239115e+02
2.410000e-06	1.152107e-06	8.622120e-09	8.046400e+00	5.130534e+02
2.420000e-06	9.981022e-07	8.431673e-09	6.970819e+00	5.017800e+02
2.430000e-06	8.437306e-07	8.234324e-09	5.892677e+00	4.900803e+02
2.440000e-06	6.890062e-07	8.034685e-09	4.812070e+00	4.779450e+02
2.450000e-06	5.340011e-07	7.828446e-09	3.729503e+00	4.653568e+02
2.460000e-06	3.788139e-07	7.609369e-09	2.645664e+00	4.522825e+02
2.470000e-06	2.235285e-07	7.376171e-09	1.561139e+00	4.386677e+02
2.480000e-06	6.815375e-08	7.132741e-09	4.759908e-01	4.244382e+02
2.490000e-06	-8.725326e-08	6.878602e-09	-6.093832e-01	4.095076e+02
2.500000e-06	-2.425959e-07	6.614348e-09	-1.694307e+00	3.937882e+02
2.510000e-06	-3.977774e-07	6.337058e-09	-2.778107e+00	3.772037e+02
2.520000e-06	-5.527749e-07	6.047775e-09	-3.860621e+00	3.596977e+02
2.530000e-06	-7.075843e-07	5.742880e-09	-4.941821e+00	3.412366e+02
2.540000e-06	-8.621236e-07	5.417270e-09	-6.021135e+00	3.218040e+02
2.550000e-06	-1.016317e-06	5.070017e-09	-7.098030e+00	3.013891e+02
2.560000e-06	-1.170114e-06	4.706294e-09	-8.172163e+00	2.799704e+02
2.570000e-06	-1.323486e-06	4.327241e-09	-9.243323e+00	2.575003e+02
2.580000e-06	-1.476371e-06	3.929903e-09	-1.031108e+01	2.338940e+02
2.590000e-06	-1.628754e-06	3.512927e-09	-1.137534e+01	2.090275e+02
2.600000e-06	-1.780591e-06	3.076639e-09	-1.243578e+01	1.827456e+02
2.610000e-06	-1.931758e-06	2.617089e-09	-1.349154e+01	1.548806e+02
2.620000e-06	-2.082123e-06	2.123995e-09	-1.454170e+01	1.252792e+02
2.630000e-06	-2.231705e-06	1.591977e-09	-1.558639e+01	9.383287e+01
2.640000e-06	-2.380561e-06	1.029243e-09	-1.662601e+01	6.050766e+01
2.650000e-06	-2.528594e-06	4.424804e-10	-1.765989e+01	2.536732e+01
2.660000e-06	-2.675695e-06	-1.720268e-10	-1.868725e+01	-1.141446e+01
2.670000e-06	-2.821831e-06	-8.126275e-10	-1.970787e+01	-4.955561e+01
2.680000e-06	-2.966979e-06	-1.468640e-09	-2.072160e+01	-8.868131e+01
2.690000e-06	-3.111037e-06	-2.129411e-09	-2.172771e+01	-1.283517e+02
2.700000e-06	-3.253885e-06	-2.793732e-09	-2.272537e+01	-1.680974e+02
2.710000e-06	-3.395512e-06	-3.457493e-09	-2.371450e+01	-2.074570e+02
2.720000e-06	-3.535895e-06	-4.109038e-09	-2.469495e+01	-2.460102e+02
2.730000e-06	-3.674963e-06	-4.737339e-09	-2.566621e+01	-2.834028e+02
2.740000e-06	-3.812615e-06	-5.340152e-09	-2.662758e+01	-3.193594e+02
2.750000e-06	-3.948794e-06	-5.919574e-09	-2.757867e+01	-3.536847e+02
2.760000e-06	-4.083539e-06	-6.470878e-09	-2.851974e+01	-3.862559e+02
2.770000e-06	-4.216845e-06	-6.986441e-09	-2.945076e+01	-4.170095e+02
2.780000e-06	-4.348657e-06	-7.468198e-09	-3.037134e+01	-4.459275e+02
2.790000e-06	-4.478920e-06	-7.923778e-09	-3.128111e+01	-4.730257e+02
2.800000e-06	-4.607629e-06	-8.353064e-09	-3.218002e+01	-4.983462e+02
2.810000e-06	-4.734691e-06	-8.751471e-09	-3.306743e+01	-5.219527e+02
2.820000e-06	-4.860031e-06	-9.120010e-09	-3.394281e+01	-5.439279e+02
2.830000e-06	-4.983703e-06	-9.466328e-09	-3.480655e+01	-5.643696e+02
2.840000e-06	-5.105632e-06	-9.792058e-09	-3.565811e+01	-5.833847e+02
2.850000e-06	-5.225648e-06	-1.009201e-08	-3.649631e+01	-6.010816e+02
2.860000e-06	-5.343671e-06	-1.036654e-08	-3.732059e+01	-6.175613e+02
2.870000e-06	-5.459554e-06	-1.062380e-08	-3.812993e+01	-6.329107e+02
2.880000e-06	-5.573166e-06	-1.086650e-08	-3.892340e+01	-6.472003e+02
2.890000e-06	-5.684600e-06	-1.108935e-08	-3.970166e+01	-6.604860e+02
2.900000e-06	-5.793960e-06	-1.129188e-08	-4.046544e+01	-6.728160e+02
2.910000e-06	-5.901363e-06	-1.148103e-08	-4.121555e+01	-6.842390e+02
2.920000e-06	-6.006780e-06	-1.166296e-08	-4.195179e+01	-6.948106e+02
2.930000e-06	-6.110004e-06	-1.183330e-08	-4.267272e+01	-7.045966e+02
2.940000e-06	-6.210920e-06	-1.198643e-08	-4.337752e+01	-7.136705e+02
2.950000e-06	-6.309651e-06	-1.212811e-08	-4.406707e+01	-7.221061e+02
2.960000e-06	-6.406293e-06	-1.226522e-08	-4.474202e+01	-7.299699e+02
2.970000e-06	-6.500719e-06	-1.239302e-08	-4.540150e+01	-7.373138e+02
2.980000e-06	-6.592793e-06	-1.250558e-08	-4.604455e+01	-7.441726e+02
2.990000e-06	-6.682545e-06	-1.260768e-08	-4.667138e+01	-7.505672e+02
3.000000e-06	-6.769969e-06	-1.270729e-08	-4.728196e+01	-7.565115e+02
3.010000e-06	-6.854924e-06	-1.280491e-08	-4.787529e+01	-7.620214e+02
3.020000e-06	-6.937456e-06	-1.289343e-08	-4.845170e+01	-7.671213e+02
3.030000e-06	-7.017546e-06	-1.297121e-08	-4.901105e+01	-7.718464e+02
3.040000e-06	-7.094969e-06	-1.304545e-08	-4.955178e+01	-7.762401e+02
3.050000e-06	-7.169661e-06	-1.311822e-08	-5.007344e+01	-7.803464e+02
3.060000e-06	-7.241685e-06	-1.318473e-08	-5.057646e+01	-7.842022e+02
3.070000e-06	-7.311069e-06	-1.324374e-08	-5.106104e+01	-7.878313e+02
3.080000e-06	-7.377917e-06	-1.330034e-08	-5.152791e+01	-7.912427e+02
3.090000e-06	-7.442211e-06	-1.335659e-08	-5.197695e+01	-7.944347e+02
3.100000e-06	-7.503812e-06	-1.340893e-08	-5.240717e+01	-7.974023e+02
3.110000e-06	-7.562708e-06	-1.345445e-08	-5.281851e+01	-8.001441e+02
3.120000e-06	-7.618875e-06	-1.349668e-08	-5.321078e+01	-8.026679e+02
3.130000e-06	-7.672142e-06	-1.353839e-08	-5.358280e+01	-8.049912e+02
3.140000e-06	-7.722367e-06	-1.357686e-08	-5.393358e+01	-8.071364e+02
3.150000e-06	-7.769537e-06	-1.361003e-08	-5.426302e+01	-8.091244e+02
3.160000e-06	-7.813997e-06	-1.364006e-08	-5.457353e+01	-8.109683e+02
3.170000e-06	-7.856003e-06	-1.366973e-08	-5.486690e+01	-8.126701e+02
3.180000e-06	-7.895324e-06	-1.369807e-08	-5.514152e+01	-8.142225e+02
3.190000e-06	-7.931846e-06	-1.372044e-08	-5.539659e+01	-8.156154e+02
3.200000e-06	-7.965599e-06	-1.373902e-08	-5.563233e+01	-8.168424e+02
3.210000e-06	-7.996471e-06	-1.375847e-08	-5.584794e+01	-8.179079e+02
3.220000e-06	-8.024429e-06	-1.377817e-08	-5.604320e+01	-8.188278e+02
3.230000e-06	-8.049565e-06	-1.379380e-08	-5.621875e+01	-8.196265e+02
3.240000e-06	-8.071851e-06	-1.380408e-08	-5.637440e+01	-8.203291e+02
3.250000e-06	-8.091303e-06	-1.381405e-08	-5.651025e+01	-8.209531e+02
3.260000e-06	-8.107905e-06	-1.382496e-08	-5.662620e+01	-8.215026e+02
3.270000e-06	-8.121400e-06	-1.383502e-08	-5.672045e+01	-8.219679e+02
3.280000e-06	-8.131830e-06	-1.384111e-08	-5.679330e+01	-8.223307e+02
3.290000e-06	-8.139329e-06	-1.384541e-08	-5.684567e+01	-8.225730e+02
3.300000e-06	-8.143911e-06	-1.384856e-08	-5.687767e+01	-8.226861e+02
3.310000e-06	-8.145699e-06	-1.385143e-08	-5.689016e+01	-8.226763e+02
