# Temperatura_=_30.27
# Concentracion g/m^3_=_11780.0
# C_Vs_to_Am_M_A/Vsm_=_59384043850.047264
# pendiente_HvsI_1/m_=_3716.3
# ordenada_HvsI_A/m_=_1297.0
# frecuencia_Hz_=_301555.6640551258

Tiempo_(s)	Campo_(V.s)	Magnetizacion_(V.s)	Campo_(kA/m)	Magnetizacion_(A/m)
0.000000e+00	-8.195902e-06	-1.373469e-08	-5.688720e+01	-8.151367e+02
1.000000e-08	-8.193097e-06	-1.373082e-08	-5.686773e+01	-8.149995e+02
2.000000e-08	-8.187539e-06	-1.372609e-08	-5.682915e+01	-8.147918e+02
3.000000e-08	-8.179329e-06	-1.372330e-08	-5.677217e+01	-8.145413e+02
4.000000e-08	-8.168291e-06	-1.372050e-08	-5.669556e+01	-8.142583e+02
5.000000e-08	-8.154293e-06	-1.371590e-08	-5.659839e+01	-8.139303e+02
6.000000e-08	-8.137371e-06	-1.371081e-08	-5.648094e+01	-8.135259e+02
7.000000e-08	-8.117884e-06	-1.370665e-08	-5.634568e+01	-8.130069e+02
8.000000e-08	-8.095917e-06	-1.368418e-08	-5.619321e+01	-8.123433e+02
9.000000e-08	-8.070855e-06	-1.363849e-08	-5.601926e+01	-8.115262e+02
1.000000e-07	-8.042426e-06	-1.362758e-08	-5.582193e+01	-8.105728e+02
1.100000e-07	-8.010998e-06	-1.364266e-08	-5.560379e+01	-8.095208e+02
1.200000e-07	-7.976763e-06	-1.363484e-08	-5.536617e+01	-8.084151e+02
1.300000e-07	-7.939844e-06	-1.360374e-08	-5.510992e+01	-8.072907e+02
1.400000e-07	-7.900646e-06	-1.358878e-08	-5.483785e+01	-8.061593e+02
1.500000e-07	-7.859131e-06	-1.359382e-08	-5.454969e+01	-8.050045e+02
1.600000e-07	-7.814847e-06	-1.355422e-08	-5.424232e+01	-8.037880e+02
1.700000e-07	-7.767729e-06	-1.352829e-08	-5.391528e+01	-8.024633e+02
1.800000e-07	-7.717793e-06	-1.348343e-08	-5.356868e+01	-8.009930e+02
1.900000e-07	-7.664770e-06	-1.343751e-08	-5.320065e+01	-7.993629e+02
2.000000e-07	-7.608856e-06	-1.344706e-08	-5.281255e+01	-7.975861e+02
2.100000e-07	-7.550248e-06	-1.341116e-08	-5.240576e+01	-7.956974e+02
2.200000e-07	-7.488946e-06	-1.337464e-08	-5.198027e+01	-7.937397e+02
2.300000e-07	-7.424973e-06	-1.334091e-08	-5.153624e+01	-7.917465e+02
2.400000e-07	-7.358143e-06	-1.332180e-08	-5.107237e+01	-7.897298e+02
2.500000e-07	-7.288551e-06	-1.329632e-08	-5.058934e+01	-7.876752e+02
2.600000e-07	-7.216245e-06	-1.322624e-08	-5.008747e+01	-7.855481e+02
2.700000e-07	-7.141142e-06	-1.318238e-08	-4.956619e+01	-7.833068e+02
2.800000e-07	-7.063230e-06	-1.315540e-08	-4.902540e+01	-7.809178e+02
2.900000e-07	-6.982551e-06	-1.313206e-08	-4.846542e+01	-7.783682e+02
3.000000e-07	-6.899433e-06	-1.307304e-08	-4.788850e+01	-7.756684e+02
3.100000e-07	-6.814075e-06	-1.301244e-08	-4.729603e+01	-7.728468e+02
3.200000e-07	-6.726318e-06	-1.298255e-08	-4.668692e+01	-7.699375e+02
3.300000e-07	-6.636069e-06	-1.294015e-08	-4.606050e+01	-7.669660e+02
3.400000e-07	-6.543490e-06	-1.288181e-08	-4.541792e+01	-7.639398e+02
3.500000e-07	-6.448671e-06	-1.280975e-08	-4.475979e+01	-7.608458e+02
3.600000e-07	-6.351417e-06	-1.275822e-08	-4.408476e+01	-7.576559e+02
3.700000e-07	-6.251772e-06	-1.271604e-08	-4.339313e+01	-7.543384e+02
3.800000e-07	-6.149935e-06	-1.265892e-08	-4.268629e+01	-7.508698e+02
3.900000e-07	-6.045930e-06	-1.258597e-08	-4.196439e+01	-7.472427e+02
4.000000e-07	-5.939660e-06	-1.252281e-08	-4.122678e+01	-7.434667e+02
4.100000e-07	-5.831226e-06	-1.248029e-08	-4.047414e+01	-7.395623e+02
4.200000e-07	-5.720813e-06	-1.241597e-08	-3.970777e+01	-7.355513e+02
4.300000e-07	-5.608329e-06	-1.232906e-08	-3.892703e+01	-7.314465e+02
4.400000e-07	-5.493587e-06	-1.224661e-08	-3.813062e+01	-7.272465e+02
4.500000e-07	-5.376642e-06	-1.218463e-08	-3.731891e+01	-7.229364e+02
4.600000e-07	-5.257723e-06	-1.211837e-08	-3.649350e+01	-7.184940e+02
4.700000e-07	-5.136916e-06	-1.203136e-08	-3.565499e+01	-7.138989e+02
4.800000e-07	-5.014183e-06	-1.194395e-08	-3.480310e+01	-7.091402e+02
4.900000e-07	-4.889605e-06	-1.187457e-08	-3.393842e+01	-7.042200e+02
5.000000e-07	-4.763355e-06	-1.180284e-08	-3.306212e+01	-6.991505e+02
5.100000e-07	-4.635455e-06	-1.170347e-08	-3.217438e+01	-6.939474e+02
5.200000e-07	-4.505911e-06	-1.159939e-08	-3.127522e+01	-6.886212e+02
5.300000e-07	-4.374679e-06	-1.151172e-08	-3.036435e+01	-6.831712e+02
5.400000e-07	-4.241790e-06	-1.142845e-08	-2.944198e+01	-6.775834e+02
5.500000e-07	-4.107367e-06	-1.132560e-08	-2.850896e+01	-6.718349e+02
5.600000e-07	-3.971549e-06	-1.121474e-08	-2.756625e+01	-6.659002e+02
5.700000e-07	-3.834223e-06	-1.111688e-08	-2.661308e+01	-6.597597e+02
5.800000e-07	-3.695262e-06	-1.102301e-08	-2.564857e+01	-6.534041e+02
5.900000e-07	-3.554864e-06	-1.090950e-08	-2.467407e+01	-6.468349e+02
6.000000e-07	-3.413125e-06	-1.078140e-08	-2.369027e+01	-6.400610e+02
6.100000e-07	-3.269973e-06	-1.066477e-08	-2.269666e+01	-6.330911e+02
6.200000e-07	-3.125439e-06	-1.055547e-08	-2.169346e+01	-6.259284e+02
6.300000e-07	-2.979795e-06	-1.043108e-08	-2.068255e+01	-6.185673e+02
6.400000e-07	-2.833246e-06	-1.029231e-08	-1.966537e+01	-6.109943e+02
6.500000e-07	-2.685787e-06	-1.016010e-08	-1.864187e+01	-6.031926e+02
6.600000e-07	-2.537461e-06	-1.003568e-08	-1.761234e+01	-5.951478e+02
6.700000e-07	-2.388344e-06	-9.899680e-09	-1.657733e+01	-5.868521e+02
6.800000e-07	-2.238377e-06	-9.745106e-09	-1.553642e+01	-5.783043e+02
6.900000e-07	-2.087529e-06	-9.591582e-09	-1.448940e+01	-5.695069e+02
7.000000e-07	-1.935892e-06	-9.448542e-09	-1.343690e+01	-5.604598e+02
7.100000e-07	-1.783597e-06	-9.297805e-09	-1.237983e+01	-5.511542e+02
7.200000e-07	-1.630668e-06	-9.129992e-09	-1.131835e+01	-5.415697e+02
7.300000e-07	-1.477102e-06	-8.959610e-09	-1.025247e+01	-5.316753e+02
7.400000e-07	-1.322919e-06	-8.793989e-09	-9.182294e+00	-5.214345e+02
7.500000e-07	-1.168221e-06	-8.620515e-09	-8.108541e+00	-5.108125e+02
7.600000e-07	-1.013080e-06	-8.428782e-09	-7.031717e+00	-4.997820e+02
7.700000e-07	-8.575302e-07	-8.229059e-09	-5.952059e+00	-4.883252e+02
7.800000e-07	-7.016937e-07	-8.033414e-09	-4.870408e+00	-4.764306e+02
7.900000e-07	-5.456385e-07	-7.832246e-09	-3.787240e+00	-4.640859e+02
8.000000e-07	-3.894266e-07	-7.612068e-09	-2.702983e+00	-4.512679e+02
8.100000e-07	-2.331098e-07	-7.378949e-09	-1.617999e+00	-4.379354e+02
8.200000e-07	-7.670703e-08	-7.146598e-09	-5.324183e-01	-4.240267e+02
8.300000e-07	7.973801e-08	-6.908983e-09	5.534561e-01	-4.094632e+02
8.400000e-07	2.360888e-07	-6.650980e-09	1.638676e+00	-3.941590e+02
8.500000e-07	3.923230e-07	-6.373321e-09	2.723087e+00	-3.780336e+02
8.600000e-07	5.485061e-07	-6.087405e-09	3.807144e+00	-3.610233e+02
8.700000e-07	7.045359e-07	-5.791432e-09	4.890136e+00	-3.430875e+02
8.800000e-07	8.602679e-07	-5.471552e-09	5.971061e+00	-3.242076e+02
8.900000e-07	1.015704e-06	-5.127589e-09	7.049931e+00	-3.043785e+02
9.000000e-07	1.170777e-06	-4.774820e-09	8.126286e+00	-2.835942e+02
9.100000e-07	1.325329e-06	-4.414517e-09	9.199020e+00	-2.618309e+02
9.200000e-07	1.479407e-06	-4.033675e-09	1.026846e+01	-2.390342e+02
9.300000e-07	1.632993e-06	-3.627539e-09	1.133450e+01	-2.151117e+02
9.400000e-07	1.785947e-06	-3.201405e-09	1.239614e+01	-1.899358e+02
9.500000e-07	1.938214e-06	-2.755687e-09	1.345301e+01	-1.633567e+02
9.600000e-07	2.089721e-06	-2.278971e-09	1.450461e+01	-1.352244e+02
9.700000e-07	2.240410e-06	-1.768072e-09	1.555053e+01	-1.054158e+02
9.800000e-07	2.390244e-06	-1.231331e-09	1.659052e+01	-7.386391e+01
9.900000e-07	2.539254e-06	-6.724871e-10	1.762479e+01	-4.058258e+01
1.000000e-06	2.687425e-06	-8.713054e-11	1.865323e+01	-5.682770e+00
1.010000e-06	2.834654e-06	5.273544e-10	1.967514e+01	3.062278e+01
1.020000e-06	2.980917e-06	1.162484e-09	2.069034e+01	6.802840e+01
1.030000e-06	3.126140e-06	1.806004e-09	2.169833e+01	1.061567e+02
1.040000e-06	3.270187e-06	2.454026e-09	2.269815e+01	1.445891e+02
1.050000e-06	3.412982e-06	3.105028e-09	2.368928e+01	1.828998e+02
1.060000e-06	3.554532e-06	3.748613e-09	2.467177e+01	2.206886e+02
1.070000e-06	3.694778e-06	4.371186e-09	2.564520e+01	2.576057e+02
1.080000e-06	3.833628e-06	4.969509e-09	2.660895e+01	2.933670e+02
1.090000e-06	3.970980e-06	5.547355e-09	2.756230e+01	3.277567e+02
1.100000e-06	4.106752e-06	6.103857e-09	2.850469e+01	3.606223e+02
1.110000e-06	4.241025e-06	6.630445e-09	2.943667e+01	3.918630e+02
1.120000e-06	4.373869e-06	7.124564e-09	3.035873e+01	4.214185e+02
1.130000e-06	4.505183e-06	7.593421e-09	3.127017e+01	4.492604e+02
1.140000e-06	4.634858e-06	8.036712e-09	3.217023e+01	4.753886e+02
1.150000e-06	4.762813e-06	8.448542e-09	3.305836e+01	4.998308e+02
1.160000e-06	4.889042e-06	8.829381e-09	3.393451e+01	5.226436e+02
1.170000e-06	5.013660e-06	9.186532e-09	3.479948e+01	5.439105e+02
1.180000e-06	5.136617e-06	9.522827e-09	3.565291e+01	5.637359e+02
1.190000e-06	5.257684e-06	9.832653e-09	3.649323e+01	5.822335e+02
1.200000e-06	5.376758e-06	1.011701e-08	3.731972e+01	5.995130e+02
1.210000e-06	5.493841e-06	1.038510e-08	3.813238e+01	6.156674e+02
1.220000e-06	5.608856e-06	1.064118e-08	3.893069e+01	6.307661e+02
1.230000e-06	5.721708e-06	1.088103e-08	3.971399e+01	6.448556e+02
1.240000e-06	5.832411e-06	1.110098e-08	4.048237e+01	6.579679e+02
1.250000e-06	5.941142e-06	1.130650e-08	4.123706e+01	6.701329e+02
1.260000e-06	6.047848e-06	1.149954e-08	4.197770e+01	6.813915e+02
1.270000e-06	6.152318e-06	1.167494e-08	4.270282e+01	6.918022e+02
1.280000e-06	6.254501e-06	1.183069e-08	4.341207e+01	7.014409e+02
1.290000e-06	6.354410e-06	1.197483e-08	4.410553e+01	7.103927e+02
1.300000e-06	6.451983e-06	1.211555e-08	4.478278e+01	7.187382e+02
1.310000e-06	6.547188e-06	1.224942e-08	4.544359e+01	7.265418e+02
1.320000e-06	6.640165e-06	1.237185e-08	4.608894e+01	7.338440e+02
1.330000e-06	6.730868e-06	1.248413e-08	4.671850e+01	7.406629e+02
1.340000e-06	6.819136e-06	1.258988e-08	4.733116e+01	7.470029e+02
1.350000e-06	6.905011e-06	1.268811e-08	4.792721e+01	7.528688e+02
1.360000e-06	6.988499e-06	1.277607e-08	4.850670e+01	7.582774e+02
1.370000e-06	7.069455e-06	1.285668e-08	4.906861e+01	7.632646e+02
1.380000e-06	7.147819e-06	1.293537e-08	4.961253e+01	7.678834e+02
1.390000e-06	7.223570e-06	1.301206e-08	5.013831e+01	7.721937e+02
1.400000e-06	7.296611e-06	1.308132e-08	5.064528e+01	7.762485e+02
1.410000e-06	7.367019e-06	1.314307e-08	5.113398e+01	7.800823e+02
1.420000e-06	7.434876e-06	1.320207e-08	5.160497e+01	7.837048e+02
1.430000e-06	7.500060e-06	1.325855e-08	5.205741e+01	7.871047e+02
1.440000e-06	7.562621e-06	1.331169e-08	5.249164e+01	7.902599e+02
1.450000e-06	7.622630e-06	1.336111e-08	5.290816e+01	7.931527e+02
1.460000e-06	7.679953e-06	1.340701e-08	5.330603e+01	7.957807e+02
1.470000e-06	7.734422e-06	1.344693e-08	5.368410e+01	7.981631e+02
1.480000e-06	7.785720e-06	1.348117e-08	5.404015e+01	8.003362e+02
1.490000e-06	7.833855e-06	1.351323e-08	5.437426e+01	8.023427e+02
1.500000e-06	7.879232e-06	1.354415e-08	5.468921e+01	8.042183e+02
1.510000e-06	7.921864e-06	1.357552e-08	5.498512e+01	8.059807e+02
1.520000e-06	7.961587e-06	1.360393e-08	5.526084e+01	8.076261e+02
1.530000e-06	7.998499e-06	1.362828e-08	5.551704e+01	8.091348e+02
1.540000e-06	8.032615e-06	1.365014e-08	5.575383e+01	8.104822e+02
1.550000e-06	8.063893e-06	1.366937e-08	5.597094e+01	8.116520e+02
1.560000e-06	8.092444e-06	1.368563e-08	5.616910e+01	8.126457e+02
1.570000e-06	8.118144e-06	1.369790e-08	5.634749e+01	8.134845e+02
1.580000e-06	8.140932e-06	1.370671e-08	5.650566e+01	8.142020e+02
1.590000e-06	8.160951e-06	1.371566e-08	5.664461e+01	8.148328e+02
1.600000e-06	8.178125e-06	1.372760e-08	5.676381e+01	8.153996e+02
1.610000e-06	8.192275e-06	1.373816e-08	5.686203e+01	8.159060e+02
1.620000e-06	8.203241e-06	1.374362e-08	5.693814e+01	8.163367e+02
1.630000e-06	8.211097e-06	1.374738e-08	5.699267e+01	8.166659e+02
1.640000e-06	8.216083e-06	1.375046e-08	5.702728e+01	8.168701e+02
1.650000e-06	8.218132e-06	1.375034e-08	5.704150e+01	8.169398e+02
1.660000e-06	8.217333e-06	1.374870e-08	5.703595e+01	8.168851e+02
1.670000e-06	8.213959e-06	1.374723e-08	5.701253e+01	8.167327e+02
1.680000e-06	8.207834e-06	1.374368e-08	5.697002e+01	8.165156e+02
1.690000e-06	8.198922e-06	1.373949e-08	5.690816e+01	8.162590e+02
1.700000e-06	8.187245e-06	1.373278e-08	5.682711e+01	8.159694e+02
1.710000e-06	8.172676e-06	1.372233e-08	5.672599e+01	8.156303e+02
1.720000e-06	8.155527e-06	1.370974e-08	5.660696e+01	8.152082e+02
1.730000e-06	8.136072e-06	1.370239e-08	5.647192e+01	8.146650e+02
1.740000e-06	8.113850e-06	1.373148e-08	5.631768e+01	8.139737e+02
1.750000e-06	8.088129e-06	1.372547e-08	5.613916e+01	8.131301e+02
1.760000e-06	8.058594e-06	1.367120e-08	5.593416e+01	8.121558e+02
1.770000e-06	8.025771e-06	1.364272e-08	5.570633e+01	8.110909e+02
1.780000e-06	7.990458e-06	1.363807e-08	5.546123e+01	8.099797e+02
1.790000e-06	7.952710e-06	1.359853e-08	5.519922e+01	8.088538e+02
1.800000e-06	7.912787e-06	1.357003e-08	5.492212e+01	8.077201e+02
1.810000e-06	7.870811e-06	1.357822e-08	5.463076e+01	8.065575e+02
1.820000e-06	7.826106e-06	1.352267e-08	5.432047e+01	8.053249e+02
1.830000e-06	7.778624e-06	1.354078e-08	5.399090e+01	8.039762e+02
1.840000e-06	7.728163e-06	1.353030e-08	5.364066e+01	8.024776e+02
1.850000e-06	7.674467e-06	1.347770e-08	5.326796e+01	8.008194e+02
1.860000e-06	7.617983e-06	1.346640e-08	5.287590e+01	7.990195e+02
1.870000e-06	7.558736e-06	1.339574e-08	5.246468e+01	7.971153e+02
1.880000e-06	7.496825e-06	1.338358e-08	5.203496e+01	7.951491e+02
1.890000e-06	7.432243e-06	1.333308e-08	5.158670e+01	7.931515e+02
1.900000e-06	7.364899e-06	1.329841e-08	5.111927e+01	7.911296e+02
1.910000e-06	7.294733e-06	1.329390e-08	5.063224e+01	7.890649e+02
1.920000e-06	7.221653e-06	1.324533e-08	5.012500e+01	7.869203e+02
1.930000e-06	7.145911e-06	1.321919e-08	4.959928e+01	7.846544e+02
1.940000e-06	7.067405e-06	1.315026e-08	4.905438e+01	7.822370e+02
1.950000e-06	6.986266e-06	1.311755e-08	4.849120e+01	7.796590e+02
1.960000e-06	6.902713e-06	1.306985e-08	4.791126e+01	7.769349e+02
1.970000e-06	6.816602e-06	1.301741e-08	4.731357e+01	7.740951e+02
1.980000e-06	6.728026e-06	1.298087e-08	4.669877e+01	7.711731e+02
1.990000e-06	6.637098e-06	1.292009e-08	4.606765e+01	7.681917e+02
2.000000e-06	6.543847e-06	1.288616e-08	4.542040e+01	7.651549e+02
2.010000e-06	6.448231e-06	1.282443e-08	4.475673e+01	7.620459e+02
2.020000e-06	6.350362e-06	1.277193e-08	4.407743e+01	7.588353e+02
2.030000e-06	6.250236e-06	1.270929e-08	4.338246e+01	7.554921e+02
2.040000e-06	6.147785e-06	1.265319e-08	4.267136e+01	7.519950e+02
2.050000e-06	6.043167e-06	1.259151e-08	4.194521e+01	7.483401e+02
2.060000e-06	5.936440e-06	1.252065e-08	4.120443e+01	7.445393e+02
2.070000e-06	5.827659e-06	1.245874e-08	4.044939e+01	7.406143e+02
2.080000e-06	5.716714e-06	1.238873e-08	3.967932e+01	7.365859e+02
2.090000e-06	5.603571e-06	1.232764e-08	3.889401e+01	7.324645e+02
2.100000e-06	5.488231e-06	1.225275e-08	3.809344e+01	7.282462e+02
2.110000e-06	5.370717e-06	1.218087e-08	3.727778e+01	7.239140e+02
2.120000e-06	5.251203e-06	1.210049e-08	3.644824e+01	7.194455e+02
2.130000e-06	5.129785e-06	1.202417e-08	3.560549e+01	7.148215e+02
2.140000e-06	5.006553e-06	1.193865e-08	3.475015e+01	7.100333e+02
2.150000e-06	4.881466e-06	1.185792e-08	3.388193e+01	7.050852e+02
2.160000e-06	4.754515e-06	1.177737e-08	3.300077e+01	6.999906e+02
2.170000e-06	4.625927e-06	1.169168e-08	3.210825e+01	6.947649e+02
2.180000e-06	4.495856e-06	1.160055e-08	3.120543e+01	6.894169e+02
2.190000e-06	4.364246e-06	1.150475e-08	3.029193e+01	6.839435e+02
2.200000e-06	4.230985e-06	1.141018e-08	2.936698e+01	6.783288e+02
2.210000e-06	4.096074e-06	1.131048e-08	2.843057e+01	6.725486e+02
2.220000e-06	3.959701e-06	1.121402e-08	2.748402e+01	6.665783e+02
2.230000e-06	3.821873e-06	1.110998e-08	2.652736e+01	6.603996e+02
2.240000e-06	3.682609e-06	1.100629e-08	2.556074e+01	6.540053e+02
2.250000e-06	3.541927e-06	1.089486e-08	2.458428e+01	6.473987e+02
2.260000e-06	3.399857e-06	1.078162e-08	2.359818e+01	6.405891e+02
2.270000e-06	3.256529e-06	1.066080e-08	2.260335e+01	6.335846e+02
2.280000e-06	3.112042e-06	1.053702e-08	2.160047e+01	6.263871e+02
2.290000e-06	2.966468e-06	1.041165e-08	2.059005e+01	6.189892e+02
2.300000e-06	2.819832e-06	1.028480e-08	1.957226e+01	6.113764e+02
2.310000e-06	2.672284e-06	1.015388e-08	1.854814e+01	6.035321e+02
2.320000e-06	2.523856e-06	1.001846e-08	1.751791e+01	5.954428e+02
2.330000e-06	2.374462e-06	9.880633e-09	1.648098e+01	5.871018e+02
2.340000e-06	2.224145e-06	9.735952e-09	1.543764e+01	5.785091e+02
2.350000e-06	2.072982e-06	9.586602e-09	1.438843e+01	5.696672e+02
2.360000e-06	1.921108e-06	9.430040e-09	1.333428e+01	5.605748e+02
2.370000e-06	1.768643e-06	9.271220e-09	1.227603e+01	5.512211e+02
2.380000e-06	1.615602e-06	9.108184e-09	1.121378e+01	5.415836e+02
2.390000e-06	1.462041e-06	8.940738e-09	1.014792e+01	5.316300e+02
2.400000e-06	1.307983e-06	8.766109e-09	9.078622e+00	5.213234e+02
2.410000e-06	1.153411e-06	8.585868e-09	8.005748e+00	5.106300e+02
2.420000e-06	9.983987e-07	8.399783e-09	6.929818e+00	4.995243e+02
2.430000e-06	8.430506e-07	8.207095e-09	5.851557e+00	4.879899e+02
2.440000e-06	6.873849e-07	8.006758e-09	4.771092e+00	4.760160e+02
2.450000e-06	5.314678e-07	7.797498e-09	3.688882e+00	4.635887e+02
2.460000e-06	3.753895e-07	7.579949e-09	2.605553e+00	4.506823e+02
2.470000e-06	2.192390e-07	7.354242e-09	1.521723e+00	4.372519e+02
2.480000e-06	6.302232e-08	7.117728e-09	4.374337e-01	4.232323e+02
2.490000e-06	-9.322955e-08	6.867780e-09	-6.471000e-01	4.085427e+02
2.500000e-06	-2.494153e-07	6.607193e-09	-1.731175e+00	3.930973e+02
2.510000e-06	-4.054556e-07	6.335520e-09	-2.814240e+00	3.768178e+02
2.520000e-06	-5.613540e-07	6.049244e-09	-3.896320e+00	3.596444e+02
2.530000e-06	-7.170606e-07	5.746123e-09	-4.977069e+00	3.415407e+02
2.540000e-06	-8.724654e-07	5.425321e-09	-6.055723e+00	3.224913e+02
2.550000e-06	-1.027587e-06	5.088787e-09	-7.132411e+00	3.024923e+02
2.560000e-06	-1.182356e-06	4.736847e-09	-8.206652e+00	2.815355e+02
2.570000e-06	-1.336645e-06	4.365504e-09	-9.277564e+00	2.595926e+02
2.580000e-06	-1.490410e-06	3.976922e-09	-1.034483e+01	2.366027e+02
2.590000e-06	-1.643639e-06	3.572978e-09	-1.140839e+01	2.124664e+02
2.600000e-06	-1.796282e-06	3.149423e-09	-1.246787e+01	1.870512e+02
2.610000e-06	-1.948303e-06	2.700111e-09	-1.352304e+01	1.602052e+02
2.620000e-06	-2.099664e-06	2.222753e-09	-1.457363e+01	1.317811e+02
2.630000e-06	-2.250298e-06	1.717771e-09	-1.561917e+01	1.016640e+02
2.640000e-06	-2.400092e-06	1.184635e-09	-1.665888e+01	6.979952e+01
2.650000e-06	-2.548957e-06	6.209165e-10	-1.769214e+01	3.621795e+01
2.660000e-06	-2.696850e-06	2.995801e-11	-1.871865e+01	1.048519e+00
2.670000e-06	-2.843759e-06	-5.829821e-10	-1.973834e+01	-3.547842e+01
2.680000e-06	-2.989711e-06	-1.212715e-09	-2.075138e+01	-7.304253e+01
2.690000e-06	-3.134637e-06	-1.853546e-09	-2.175730e+01	-1.112567e+02
2.700000e-06	-3.278455e-06	-2.498467e-09	-2.275554e+01	-1.496983e+02
2.710000e-06	-3.421081e-06	-3.139204e-09	-2.374549e+01	-1.879441e+02
2.720000e-06	-3.562338e-06	-3.769478e-09	-2.472595e+01	-2.256013e+02
2.730000e-06	-3.702118e-06	-4.385557e-09	-2.569615e+01	-2.623310e+02
2.740000e-06	-3.840479e-06	-4.983287e-09	-2.665650e+01	-2.978613e+02
2.750000e-06	-3.977448e-06	-5.558515e-09	-2.760720e+01	-3.319886e+02
2.760000e-06	-4.113016e-06	-6.109515e-09	-2.854817e+01	-3.645702e+02
2.770000e-06	-4.247152e-06	-6.632850e-09	-2.947920e+01	-3.955135e+02
2.780000e-06	-4.379738e-06	-7.126632e-09	-3.039947e+01	-4.247644e+02
2.790000e-06	-4.510717e-06	-7.588575e-09	-3.130858e+01	-4.522996e+02
2.800000e-06	-4.640148e-06	-8.019560e-09	-3.220695e+01	-4.781240e+02
2.810000e-06	-4.768046e-06	-8.423554e-09	-3.309469e+01	-5.022704e+02
2.820000e-06	-4.894264e-06	-8.804239e-09	-3.397075e+01	-5.248004e+02
2.830000e-06	-5.018681e-06	-9.162037e-09	-3.483432e+01	-5.458019e+02
2.840000e-06	-5.141239e-06	-9.495767e-09	-3.568499e+01	-5.653819e+02
2.850000e-06	-5.261988e-06	-9.806352e-09	-3.652310e+01	-5.836545e+02
2.860000e-06	-5.380817e-06	-1.009566e-08	-3.734789e+01	-6.007270e+02
2.870000e-06	-5.497421e-06	-1.036479e-08	-3.815723e+01	-6.166887e+02
2.880000e-06	-5.611787e-06	-1.061455e-08	-3.895103e+01	-6.316044e+02
2.890000e-06	-5.723941e-06	-1.084660e-08	-3.972949e+01	-6.455174e+02
2.900000e-06	-5.833874e-06	-1.106256e-08	-4.049252e+01	-6.584583e+02
2.910000e-06	-5.941794e-06	-1.126518e-08	-4.124159e+01	-6.704582e+02
2.920000e-06	-6.047730e-06	-1.145529e-08	-4.197688e+01	-6.815606e+02
2.930000e-06	-6.151545e-06	-1.163136e-08	-4.269746e+01	-6.918276e+02
2.940000e-06	-6.253110e-06	-1.179245e-08	-4.340241e+01	-7.013375e+02
2.950000e-06	-6.352375e-06	-1.194219e-08	-4.409140e+01	-7.101755e+02
2.960000e-06	-6.449470e-06	-1.208319e-08	-4.476533e+01	-7.184204e+02
2.970000e-06	-6.544348e-06	-1.221485e-08	-4.542388e+01	-7.261323e+02
2.980000e-06	-6.636835e-06	-1.233700e-08	-4.606582e+01	-7.333475e+02
2.990000e-06	-6.726947e-06	-1.244912e-08	-4.669129e+01	-7.400808e+02
3.000000e-06	-6.814753e-06	-1.255444e-08	-4.730074e+01	-7.463358e+02
3.010000e-06	-6.900152e-06	-1.265533e-08	-4.789348e+01	-7.521184e+02
3.020000e-06	-6.983094e-06	-1.274909e-08	-4.846919e+01	-7.574486e+02
3.030000e-06	-7.063606e-06	-1.283310e-08	-4.902801e+01	-7.623660e+02
3.040000e-06	-7.141455e-06	-1.290959e-08	-4.956835e+01	-7.669254e+02
3.050000e-06	-7.216494e-06	-1.298146e-08	-5.008920e+01	-7.711867e+02
3.060000e-06	-7.288850e-06	-1.304782e-08	-5.059141e+01	-7.752003e+02
3.070000e-06	-7.358586e-06	-1.310849e-08	-5.107545e+01	-7.789965e+02
3.080000e-06	-7.425701e-06	-1.316773e-08	-5.154129e+01	-7.825807e+02
3.090000e-06	-7.490269e-06	-1.322602e-08	-5.198945e+01	-7.859387e+02
3.100000e-06	-7.552172e-06	-1.328036e-08	-5.241911e+01	-7.890482e+02
3.110000e-06	-7.611330e-06	-1.333206e-08	-5.282972e+01	-7.918934e+02
3.120000e-06	-7.667762e-06	-1.337870e-08	-5.322142e+01	-7.944757e+02
3.130000e-06	-7.721268e-06	-1.341731e-08	-5.359280e+01	-7.968178e+02
3.140000e-06	-7.771753e-06	-1.344995e-08	-5.394321e+01	-7.989582e+02
3.150000e-06	-7.819136e-06	-1.348100e-08	-5.427209e+01	-8.009393e+02
3.160000e-06	-7.863782e-06	-1.351222e-08	-5.458198e+01	-8.027941e+02
3.170000e-06	-7.906015e-06	-1.354213e-08	-5.487512e+01	-8.045365e+02
3.180000e-06	-7.945522e-06	-1.357021e-08	-5.514933e+01	-8.061595e+02
3.190000e-06	-7.982139e-06	-1.359719e-08	-5.540349e+01	-8.076412e+02
3.200000e-06	-8.015970e-06	-1.362283e-08	-5.563830e+01	-8.089577e+02
3.210000e-06	-8.046924e-06	-1.364350e-08	-5.585315e+01	-8.100955e+02
3.220000e-06	-8.074977e-06	-1.366011e-08	-5.604787e+01	-8.110597e+02
3.230000e-06	-8.100256e-06	-1.367371e-08	-5.622333e+01	-8.118743e+02
3.240000e-06	-8.122615e-06	-1.368427e-08	-5.637852e+01	-8.125741e+02
3.250000e-06	-8.142056e-06	-1.369315e-08	-5.651346e+01	-8.131924e+02
3.260000e-06	-8.158710e-06	-1.370209e-08	-5.662906e+01	-8.137489e+02
3.270000e-06	-8.172243e-06	-1.371333e-08	-5.672298e+01	-8.142434e+02
3.280000e-06	-8.182630e-06	-1.372448e-08	-5.679508e+01	-8.146581e+02
3.290000e-06	-8.190090e-06	-1.373099e-08	-5.684686e+01	-8.149666e+02
3.300000e-06	-8.194603e-06	-1.373274e-08	-5.687819e+01	-8.151470e+02
3.310000e-06	-8.196358e-06	-1.373424e-08	-5.689037e+01	-8.151934e+02
