# Configuracion:
# Concentracion g/m^3_=_11780.0
# C_Vs_to_Am_M_A/Vsm_=_59384043850.047264
# pendiente_HvsI_1/m_=_3716.3
# ordenada_HvsI_A/m_=_1297.0
# frecuencia_ref_Hz_=_301410.4781120674
# 
Resultados:
# tau_ns_=_(1.31+/-0.04)e+02
# dphi_rad_=_6.53+/-0.01
# SAR_W/g_=_1263.67+/-22.03
# Hc_kA/m_=_18.02+/-0.38
# Mr_A/m_=_396.12+/-1.19
# Magnetizacion_max_=_809.79+/-11.51
# Suceptibilidad_a_M=0_=_(3.426+/-0.090)e-02

Nombre_archivo	Time_m_(s)	Temperatura_(ºC)	Mr_(A/m)	Hc_(kA/m)	Campo_max_(A/m)	Mag_max_(A/m)	f0	mag0	dphi0	SAR_(W/g)	Tau_(ns)	N	xi_M_0
300kHz_150dA_100Mss_bobN1M17EG-0012.txt	9.96	24.26	391.96	18.61	57041.50	792.94	3.013994e+05	6.608498e+01	6.537808e+00	1294.90	137.448286	4645	3.218e-02
300kHz_150dA_100Mss_bobN1M17EG-0013.txt	10.45	26.02	393.52	18.47	57041.50	799.64	3.013994e+05	6.668367e+01	6.534583e+00	1290.43	135.630720	4645	3.292e-02
300kHz_150dA_100Mss_bobN1M17EG-0014.txt	10.92	27.71	394.58	18.63	57041.50	794.81	3.013994e+05	6.629607e+01	6.538055e+00	1300.27	137.587483	4645	3.239e-02
300kHz_150dA_100Mss_bobN1M17EG-0015.txt	11.4	29.44	394.51	18.65	57041.50	797.70	3.013994e+05	6.649416e+01	6.537708e+00	1302.42	137.391851	4645	3.245e-02
300kHz_150dA_100Mss_bobN1M17EG-0016.txt	11.85	31.06	395.20	18.42	57041.50	801.36	3.013994e+05	6.686972e+01	6.533654e+00	1289.35	135.107017	4645	3.330e-02
300kHz_150dA_100Mss_bobN1M17EG-0017.txt	12.31	32.68	395.82	18.40	57041.50	799.40	3.013994e+05	6.676398e+01	6.533588e+00	1286.98	135.069286	4645	3.336e-02
300kHz_150dA_100Mss_bobN1M17EG-0018.txt	12.77	34.30	396.69	18.27	57041.50	804.69	3.013994e+05	6.722774e+01	6.531129e+00	1283.46	133.686038	4645	3.403e-02
300kHz_150dA_100Mss_bobN1M17EG-0019.txt	13.68	37.48	396.19	18.35	57041.50	799.44	3.013994e+05	6.679811e+01	6.532632e+00	1282.83	134.531038	4645	3.395e-02
300kHz_150dA_100Mss_bobN1M17EG-0020.txt	14.13	38.60	395.81	18.40	57041.50	798.84	3.013994e+05	6.673746e+01	6.533169e+00	1284.37	134.833201	4645	3.370e-02
300kHz_150dA_100Mss_bobN1M17EG-0021.txt	14.6	38.60	395.49	18.36	57041.50	800.82	3.013994e+05	6.688017e+01	6.532375e+00	1283.11	134.385819	4645	3.367e-02
300kHz_150dA_100Mss_bobN1M17EG-0022.txt	15.05	38.77	396.55	18.09	57041.50	804.23	3.013994e+05	6.728832e+01	6.527701e+00	1267.21	131.759306	4645	3.452e-02
300kHz_150dA_100Mss_bobN1M17EG-0023.txt	15.51	40.33	396.37	18.18	57041.50	803.72	3.013994e+05	6.718298e+01	6.529105e+00	1272.35	132.547822	4645	3.448e-02
300kHz_150dA_100Mss_bobN1M17EG-0024.txt	15.96	41.86	396.01	18.11	57041.50	802.63	3.013994e+05	6.711778e+01	6.528059e+00	1265.82	131.960783	4645	3.445e-02
300kHz_150dA_100Mss_bobN1M17EG-0025.txt	16.42	43.39	396.85	18.08	57041.50	804.06	3.013994e+05	6.727532e+01	6.527499e+00	1265.94	131.645939	4645	3.484e-02
300kHz_150dA_100Mss_bobN1M17EG-0026.txt	16.88	44.90	396.56	17.94	57041.50	808.37	3.013994e+05	6.763018e+01	6.524697e+00	1258.31	130.074764	4645	3.450e-02
300kHz_150dA_100Mss_bobN1M17EG-0027.txt	17.35	47.47	395.94	18.06	57041.50	804.68	3.013994e+05	6.731129e+01	6.526276e+00	1260.41	130.958977	4645	3.483e-02
300kHz_150dA_100Mss_bobN1M17EG-0028.txt	17.81	50.32	396.75	17.80	57041.50	811.32	3.013994e+05	6.790926e+01	6.521738e+00	1248.32	128.417353	4645	3.478e-02
300kHz_150dA_100Mss_bobN1M17EG-0029.txt	18.27	52.28	396.87	17.89	57041.50	808.84	3.013994e+05	6.770482e+01	6.523739e+00	1254.80	129.537317	4645	3.536e-02
300kHz_150dA_100Mss_bobN1M17EG-0030.txt	18.73	53.62	396.02	17.92	57041.50	809.06	3.013994e+05	6.766022e+01	6.523681e+00	1253.68	129.504812	4645	3.507e-02
300kHz_150dA_100Mss_bobN1M17EG-0031.txt	19.19	54.93	396.67	17.91	57041.50	813.09	3.013994e+05	6.798373e+01	6.523250e+00	1257.46	129.262846	4645	3.459e-02
300kHz_150dA_100Mss_bobN1M17EG-0032.txt	19.65	56.22	396.67	17.66	57041.50	819.38	3.013994e+05	6.852675e+01	6.518499e+00	1242.89	126.605581	4645	3.445e-02
300kHz_150dA_100Mss_bobN1M17EG-0033.txt	20.14	57.59	397.06	17.76	57041.50	815.74	3.013994e+05	6.822751e+01	6.520738e+00	1249.01	127.856634	4645	3.446e-02
300kHz_150dA_100Mss_bobN1M17EG-0034.txt	20.62	58.94	396.89	17.60	57041.50	824.82	3.013994e+05	6.892499e+01	6.516862e+00	1241.57	125.691627	4645	3.473e-02
300kHz_150dA_100Mss_bobN1M17EG-0035.txt	21.07	60.18	396.48	17.67	57041.50	820.36	3.013994e+05	6.858618e+01	6.518024e+00	1241.50	126.340038	4645	3.474e-02
300kHz_150dA_100Mss_bobN1M17EG-0036.txt	21.54	61.40	397.00	17.59	57041.50	821.74	3.013994e+05	6.874332e+01	6.516839e+00	1238.18	125.678252	4645	3.489e-02
300kHz_150dA_100Mss_bobN1M17EG-0037.txt	22.0	62.60	397.55	17.46	57041.50	826.03	3.013994e+05	6.909836e+01	6.514716e+00	1233.47	124.493284	4645	3.532e-02
300kHz_150dA_100Mss_bobN1M17EG-0038.txt	22.91	64.88	397.12	17.55	57041.50	828.48	3.013994e+05	6.918232e+01	6.515505e+00	1239.10	124.933845	4645	3.485e-02
300kHz_150dA_100Mss_bobN1M17EG-0039.txt	23.37	66.10	397.11	17.42	57041.50	832.68	3.013994e+05	6.954750e+01	6.512875e+00	1231.79	123.467445	4645	3.513e-02
300kHz_150dA_100Mss_bobN1M17EG-0040.txt	23.82	67.31	397.21	17.32	57041.50	834.96	3.013994e+05	6.977061e+01	6.511140e+00	1226.57	122.500942	4645	3.553e-02
