# Temperatura_=_46.31862068965516
# Concentracion g/m^3_=_11780.0
# C_Vs_to_Am_M_A/Vsm_=_59384043850.047264
# pendiente_HvsI_1/m_=_3716.3
# ordenada_HvsI_A/m_=_1297.0
# frecuencia_Hz_=_301410.4781120674
# Promedio de 29 ciclos

Tiempo_(s)	Campo_(V.s)	Magnetizacion_(V.s)	Campo_(kA/m)	Magnetizacion_(A/m)
0.000000e+00	-8.225826e-09	-1.362680e-08	-5.695302e+01	-8.086844e+02
1.000000e-08	-8.222218e-09	-1.362069e-08	-5.692804e+01	-8.085603e+02
2.000000e-08	-8.215971e-09	-1.361691e-08	-5.688479e+01	-8.083522e+02
3.000000e-08	-8.207000e-09	-1.361112e-08	-5.682267e+01	-8.080458e+02
4.000000e-08	-8.195117e-09	-1.360491e-08	-5.674039e+01	-8.076259e+02
5.000000e-08	-8.180225e-09	-1.359862e-08	-5.663729e+01	-8.070820e+02
6.000000e-08	-8.162477e-09	-1.359814e-08	-5.651441e+01	-8.064118e+02
7.000000e-08	-8.142273e-09	-1.359451e-08	-5.637452e+01	-8.056240e+02
8.000000e-08	-8.119362e-09	-1.353101e-08	-5.621589e+01	-8.047363e+02
9.000000e-08	-8.093123e-09	-1.347662e-08	-5.603422e+01	-8.037707e+02
1.000000e-07	-8.063612e-09	-1.349554e-08	-5.582989e+01	-8.027470e+02
1.100000e-07	-8.031179e-09	-1.351780e-08	-5.560534e+01	-8.016756e+02
1.200000e-07	-7.995972e-09	-1.349701e-08	-5.536157e+01	-8.005545e+02
1.300000e-07	-7.958355e-09	-1.347500e-08	-5.510112e+01	-7.993694e+02
1.400000e-07	-7.918575e-09	-1.349174e-08	-5.482570e+01	-7.980993e+02
1.500000e-07	-7.876190e-09	-1.342364e-08	-5.453224e+01	-7.967237e+02
1.600000e-07	-7.830883e-09	-1.340449e-08	-5.421855e+01	-7.952309e+02
1.700000e-07	-7.782824e-09	-1.337012e-08	-5.388580e+01	-7.936221e+02
1.800000e-07	-7.731687e-09	-1.327774e-08	-5.353174e+01	-7.919107e+02
1.900000e-07	-7.677458e-09	-1.332021e-08	-5.315628e+01	-7.901174e+02
2.000000e-07	-7.620474e-09	-1.329972e-08	-5.276174e+01	-7.882607e+02
2.100000e-07	-7.560748e-09	-1.326224e-08	-5.234821e+01	-7.863490e+02
2.200000e-07	-7.498390e-09	-1.321644e-08	-5.191647e+01	-7.843759e+02
2.300000e-07	-7.433266e-09	-1.316437e-08	-5.146556e+01	-7.823208e+02
2.400000e-07	-7.365324e-09	-1.315701e-08	-5.099516e+01	-7.801560e+02
2.500000e-07	-7.294713e-09	-1.308309e-08	-5.050627e+01	-7.778566e+02
2.600000e-07	-7.221334e-09	-1.303047e-08	-4.999821e+01	-7.754096e+02
2.700000e-07	-7.145124e-09	-1.300619e-08	-4.947056e+01	-7.728193e+02
2.800000e-07	-7.066093e-09	-1.299972e-08	-4.892337e+01	-7.701062e+02
2.900000e-07	-6.984395e-09	-1.294527e-08	-4.835772e+01	-7.672986e+02
3.000000e-07	-6.900342e-09	-1.285671e-08	-4.777576e+01	-7.644224e+02
3.100000e-07	-6.814020e-09	-1.282437e-08	-4.717810e+01	-7.614905e+02
3.200000e-07	-6.725319e-09	-1.277208e-08	-4.656396e+01	-7.584975e+02
3.300000e-07	-6.634190e-09	-1.272308e-08	-4.593301e+01	-7.554209e+02
3.400000e-07	-6.540739e-09	-1.266199e-08	-4.528599e+01	-7.522296e+02
3.500000e-07	-6.444942e-09	-1.260934e-08	-4.462271e+01	-7.488952e+02
3.600000e-07	-6.346712e-09	-1.257088e-08	-4.394260e+01	-7.454022e+02
3.700000e-07	-6.246163e-09	-1.250819e-08	-4.324643e+01	-7.417535e+02
3.800000e-07	-6.143414e-09	-1.242854e-08	-4.253502e+01	-7.379677e+02
3.900000e-07	-6.038443e-09	-1.234276e-08	-4.180824e+01	-7.340707e+02
4.000000e-07	-5.931265e-09	-1.229439e-08	-4.106617e+01	-7.300845e+02
4.100000e-07	-5.822010e-09	-1.223698e-08	-4.030972e+01	-7.260164e+02
4.200000e-07	-5.710690e-09	-1.216338e-08	-3.953898e+01	-7.218555e+02
4.300000e-07	-5.597194e-09	-1.208591e-08	-3.875317e+01	-7.175759e+02
4.400000e-07	-5.481467e-09	-1.202226e-08	-3.795191e+01	-7.131464e+02
4.500000e-07	-5.363595e-09	-1.195187e-08	-3.713580e+01	-7.085427e+02
4.600000e-07	-5.243759e-09	-1.185587e-08	-3.630609e+01	-7.037571e+02
4.700000e-07	-5.122081e-09	-1.176138e-08	-3.546364e+01	-6.988014e+02
4.800000e-07	-4.998548e-09	-1.168149e-08	-3.460833e+01	-6.937024e+02
4.900000e-07	-4.873203e-09	-1.161042e-08	-3.374048e+01	-6.884905e+02
5.000000e-07	-4.746154e-09	-1.151833e-08	-3.286083e+01	-6.831867e+02
5.100000e-07	-4.617435e-09	-1.141875e-08	-3.196962e+01	-6.777929e+02
5.200000e-07	-4.487039e-09	-1.132649e-08	-3.106680e+01	-6.722897e+02
5.300000e-07	-4.354936e-09	-1.124066e-08	-3.015216e+01	-6.666411e+02
5.400000e-07	-4.221245e-09	-1.113775e-08	-2.922653e+01	-6.608074e+02
5.500000e-07	-4.086105e-09	-1.102310e-08	-2.829086e+01	-6.547578e+02
5.600000e-07	-3.949501e-09	-1.092051e-08	-2.734505e+01	-6.484803e+02
5.700000e-07	-3.811393e-09	-1.082553e-08	-2.638884e+01	-6.419840e+02
5.800000e-07	-3.671739e-09	-1.071640e-08	-2.542192e+01	-6.352928e+02
5.900000e-07	-3.530577e-09	-1.059013e-08	-2.444456e+01	-6.284338e+02
6.000000e-07	-3.388012e-09	-1.047184e-08	-2.345749e+01	-6.214242e+02
6.100000e-07	-3.244130e-09	-1.035902e-08	-2.246129e+01	-6.142628e+02
6.200000e-07	-3.099018e-09	-1.023570e-08	-2.145658e+01	-6.069289e+02
6.300000e-07	-2.952816e-09	-1.010033e-08	-2.044433e+01	-5.993888e+02
6.400000e-07	-2.805646e-09	-9.968881e-09	-1.942536e+01	-5.916072e+02
6.500000e-07	-2.657567e-09	-9.842843e-09	-1.840011e+01	-5.835592e+02
6.600000e-07	-2.508629e-09	-9.706344e-09	-1.736891e+01	-5.752370e+02
6.700000e-07	-2.358876e-09	-9.556025e-09	-1.633207e+01	-5.666488e+02
6.800000e-07	-2.208310e-09	-9.402875e-09	-1.528960e+01	-5.578110e+02
6.900000e-07	-2.056928e-09	-9.255334e-09	-1.424147e+01	-5.487362e+02
7.000000e-07	-1.904778e-09	-9.102101e-09	-1.318804e+01	-5.394226e+02
7.100000e-07	-1.751932e-09	-8.937226e-09	-1.212978e+01	-5.298494e+02
7.200000e-07	-1.598449e-09	-8.766333e-09	-1.106711e+01	-5.199797e+02
7.300000e-07	-1.444388e-09	-8.596572e-09	-1.000044e+01	-5.097710e+02
7.400000e-07	-1.289812e-09	-8.422265e-09	-8.930204e+00	-4.991874e+02
7.500000e-07	-1.134753e-09	-8.235040e-09	-7.856630e+00	-4.882094e+02
7.600000e-07	-9.792625e-10	-8.041664e-09	-6.780060e+00	-4.768358e+02
7.700000e-07	-8.234057e-10	-7.847289e-09	-5.700956e+00	-4.650767e+02
7.800000e-07	-6.672391e-10	-7.648819e-09	-4.619707e+00	-4.529391e+02
7.900000e-07	-5.108433e-10	-7.438771e-09	-3.536871e+00	-4.404101e+02
8.000000e-07	-3.542861e-10	-7.216610e-09	-2.452917e+00	-4.274455e+02
8.100000e-07	-1.975774e-10	-6.985622e-09	-1.367915e+00	-4.139672e+02
8.200000e-07	-4.077307e-11	-6.746728e-09	-2.822509e-01	-3.998719e+02
8.300000e-07	1.160282e-10	-6.496169e-09	8.033925e-01	-3.850490e+02
8.400000e-07	2.727740e-10	-6.230189e-09	1.888651e+00	-3.694016e+02
8.500000e-07	4.294270e-10	-5.951910e-09	2.973268e+00	-3.528633e+02
8.600000e-07	5.859107e-10	-5.662860e-09	4.056713e+00	-3.354056e+02
8.700000e-07	7.421576e-10	-5.356139e-09	5.138517e+00	-3.170311e+02
8.800000e-07	8.981270e-10	-5.027523e-09	6.218400e+00	-2.977567e+02
8.900000e-07	1.053751e-09	-4.684375e-09	7.295889e+00	-2.775897e+02
9.000000e-07	1.208956e-09	-4.330598e-09	8.370480e+00	-2.565053e+02
9.100000e-07	1.363706e-09	-3.960484e-09	9.441921e+00	-2.344325e+02
9.200000e-07	1.517955e-09	-3.566895e-09	1.050989e+01	-2.112519e+02
9.300000e-07	1.671651e-09	-3.150395e-09	1.157403e+01	-1.868072e+02
9.400000e-07	1.824757e-09	-2.713281e-09	1.263409e+01	-1.609261e+02
9.500000e-07	1.977203e-09	-2.250425e-09	1.368957e+01	-1.334482e+02
9.600000e-07	2.128892e-09	-1.753641e-09	1.473982e+01	-1.042512e+02
9.700000e-07	2.279759e-09	-1.224306e-09	1.578437e+01	-7.327421e+01
9.800000e-07	2.429787e-09	-6.702727e-10	1.682312e+01	-4.053285e+01
9.900000e-07	2.578969e-09	-9.182323e-11	1.785601e+01	-6.128221e+00
1.000000e-06	2.727244e-09	5.138003e-10	1.888262e+01	2.975162e+01
1.010000e-06	2.874561e-09	1.144880e-09	1.990260e+01	6.683594e+01
1.020000e-06	3.020892e-09	1.788756e-09	2.091575e+01	1.047814e+02
1.030000e-06	3.166160e-09	2.435710e-09	2.192154e+01	1.431883e+02
1.040000e-06	3.310273e-09	3.083559e-09	2.291933e+01	1.816226e+02
1.050000e-06	3.453162e-09	3.727459e-09	2.390865e+01	2.196435e+02
1.060000e-06	3.594755e-09	4.356963e-09	2.488899e+01	2.568342e+02
1.070000e-06	3.734954e-09	4.961490e-09	2.585969e+01	2.928306e+02
1.080000e-06	3.873716e-09	5.540105e-09	2.682042e+01	3.273452e+02
1.090000e-06	4.011010e-09	6.093647e-09	2.777101e+01	3.601794e+02
1.100000e-06	4.146772e-09	6.618532e-09	2.871098e+01	3.912246e+02
1.110000e-06	4.281013e-09	7.108901e-09	2.964042e+01	4.204501e+02
1.120000e-06	4.413735e-09	7.567285e-09	3.055935e+01	4.478829e+02
1.130000e-06	4.544867e-09	8.000081e-09	3.146726e+01	4.735851e+02
1.140000e-06	4.674385e-09	8.406706e-09	3.236401e+01	4.976324e+02
1.150000e-06	4.802247e-09	8.784613e-09	3.324928e+01	5.201012e+02
1.160000e-06	4.928436e-09	9.134779e-09	3.412298e+01	5.410626e+02
1.170000e-06	5.052934e-09	9.461603e-09	3.498496e+01	5.605848e+02
1.180000e-06	5.175654e-09	9.766829e-09	3.583463e+01	5.787383e+02
1.190000e-06	5.296507e-09	1.004873e-08	3.667138e+01	5.956018e+02
1.200000e-06	5.415402e-09	1.030864e-08	3.749457e+01	6.112631e+02
1.210000e-06	5.532271e-09	1.055307e-08	3.830374e+01	6.258169e+02
1.220000e-06	5.647007e-09	1.078443e-08	3.909813e+01	6.393574e+02
1.230000e-06	5.759546e-09	1.099883e-08	3.987731e+01	6.519709e+02
1.240000e-06	5.869996e-09	1.119548e-08	4.064203e+01	6.637297e+02
1.250000e-06	5.978439e-09	1.137840e-08	4.139285e+01	6.746905e+02
1.260000e-06	6.084782e-09	1.154966e-08	4.212914e+01	6.848972e+02
1.270000e-06	6.188896e-09	1.170821e-08	4.284999e+01	6.943873e+02
1.280000e-06	6.290785e-09	1.185426e-08	4.355544e+01	7.031982e+02
1.290000e-06	6.390413e-09	1.199088e-08	4.424523e+01	7.113727e+02
1.300000e-06	6.487650e-09	1.211930e-08	4.491847e+01	7.189597e+02
1.310000e-06	6.582534e-09	1.223769e-08	4.557541e+01	7.260120e+02
1.320000e-06	6.675163e-09	1.234576e-08	4.621675e+01	7.325814e+02
1.330000e-06	6.765481e-09	1.244825e-08	4.684208e+01	7.387134e+02
1.340000e-06	6.853384e-09	1.254611e-08	4.745069e+01	7.444444e+02
1.350000e-06	6.938928e-09	1.263583e-08	4.804297e+01	7.498015e+02
1.360000e-06	7.022127e-09	1.271769e-08	4.861901e+01	7.548051e+02
1.370000e-06	7.102806e-09	1.279476e-08	4.917761e+01	7.594728e+02
1.380000e-06	7.180877e-09	1.286958e-08	4.971815e+01	7.638240e+02
1.390000e-06	7.256275e-09	1.293922e-08	5.024018e+01	7.678808e+02
1.400000e-06	7.328935e-09	1.300209e-08	5.074326e+01	7.716683e+02
1.410000e-06	7.398984e-09	1.306120e-08	5.122825e+01	7.752112e+02
1.420000e-06	7.466449e-09	1.311804e-08	5.169535e+01	7.785311e+02
1.430000e-06	7.531208e-09	1.317100e-08	5.214373e+01	7.816432e+02
1.440000e-06	7.593355e-09	1.321875e-08	5.257401e+01	7.845561e+02
1.450000e-06	7.652940e-09	1.326286e-08	5.298656e+01	7.872734e+02
1.460000e-06	7.709795e-09	1.330595e-08	5.338021e+01	7.897963e+02
1.470000e-06	7.763799e-09	1.334683e-08	5.375411e+01	7.921272e+02
1.480000e-06	7.814664e-09	1.338312e-08	5.410628e+01	7.942721e+02
1.490000e-06	7.862364e-09	1.341443e-08	5.443654e+01	7.962412e+02
1.500000e-06	7.907253e-09	1.344262e-08	5.474734e+01	7.980477e+02
1.510000e-06	7.949334e-09	1.347044e-08	5.503869e+01	7.997058e+02
1.520000e-06	7.988551e-09	1.349719e-08	5.531021e+01	8.012276e+02
1.530000e-06	8.025045e-09	1.352110e-08	5.556288e+01	8.026216e+02
1.540000e-06	8.058733e-09	1.354207e-08	5.579613e+01	8.038916e+02
1.550000e-06	8.089565e-09	1.356132e-08	5.600960e+01	8.050378e+02
1.560000e-06	8.117639e-09	1.357737e-08	5.620398e+01	8.060580e+02
1.570000e-06	8.142810e-09	1.358933e-08	5.637825e+01	8.069490e+02
1.580000e-06	8.165084e-09	1.359982e-08	5.653247e+01	8.077091e+02
1.590000e-06	8.184636e-09	1.361004e-08	5.666784e+01	8.083388e+02
1.600000e-06	8.201298e-09	1.361877e-08	5.678320e+01	8.088417e+02
1.610000e-06	8.214872e-09	1.362347e-08	5.687718e+01	8.092251e+02
1.620000e-06	8.225257e-09	1.362637e-08	5.694908e+01	8.094991e+02
1.630000e-06	8.232557e-09	1.363008e-08	5.699962e+01	8.096759e+02
1.640000e-06	8.237024e-09	1.363246e-08	5.703055e+01	8.097673e+02
1.650000e-06	8.238606e-09	1.362969e-08	5.704150e+01	8.097825e+02
1.660000e-06	8.237357e-09	1.362822e-08	5.703286e+01	8.097254e+02
1.670000e-06	8.233444e-09	1.362770e-08	5.700576e+01	8.095929e+02
1.680000e-06	8.226781e-09	1.362340e-08	5.695963e+01	8.093749e+02
1.690000e-06	8.217393e-09	1.361656e-08	5.689463e+01	8.090569e+02
1.700000e-06	8.205189e-09	1.360675e-08	5.681013e+01	8.086241e+02
1.710000e-06	8.190112e-09	1.359113e-08	5.670574e+01	8.080664e+02
1.720000e-06	8.172505e-09	1.356047e-08	5.658384e+01	8.073830e+02
1.730000e-06	8.152509e-09	1.357752e-08	5.644539e+01	8.065834e+02
1.740000e-06	8.129518e-09	1.362649e-08	5.628620e+01	8.056862e+02
1.750000e-06	8.102765e-09	1.358895e-08	5.610097e+01	8.047135e+02
1.760000e-06	8.072268e-09	1.352713e-08	5.588982e+01	8.036843e+02
1.770000e-06	8.038808e-09	1.350526e-08	5.565815e+01	8.026079e+02
1.780000e-06	8.002969e-09	1.346008e-08	5.541001e+01	8.014807e+02
1.790000e-06	7.964850e-09	1.342496e-08	5.514609e+01	8.002875e+02
1.800000e-06	7.924622e-09	1.348268e-08	5.486756e+01	7.990069e+02
1.810000e-06	7.881960e-09	1.339791e-08	5.457219e+01	7.976190e+02
1.820000e-06	7.836574e-09	1.338289e-08	5.425794e+01	7.961134e+02
1.830000e-06	7.788421e-09	1.342258e-08	5.392455e+01	7.944927e+02
1.840000e-06	7.737047e-09	1.332299e-08	5.356885e+01	7.927715e+02
1.850000e-06	7.682606e-09	1.333741e-08	5.319192e+01	7.909705e+02
1.860000e-06	7.625373e-09	1.323512e-08	5.279566e+01	7.891077e+02
1.870000e-06	7.565459e-09	1.323530e-08	5.238083e+01	7.871900e+02
1.880000e-06	7.502918e-09	1.325201e-08	5.194782e+01	7.852091e+02
1.890000e-06	7.437540e-09	1.316617e-08	5.149516e+01	7.831436e+02
1.900000e-06	7.369429e-09	1.318281e-08	5.102358e+01	7.809654e+02
1.910000e-06	7.298431e-09	1.310078e-08	5.053201e+01	7.786504e+02
1.920000e-06	7.224603e-09	1.307829e-08	5.002085e+01	7.761874e+02
1.930000e-06	7.148046e-09	1.300799e-08	4.949079e+01	7.735827e+02
1.940000e-06	7.068713e-09	1.294793e-08	4.894151e+01	7.708580e+02
1.950000e-06	6.986912e-09	1.294123e-08	4.837515e+01	7.680419e+02
1.960000e-06	6.902617e-09	1.287502e-08	4.779152e+01	7.651593e+02
1.970000e-06	6.815789e-09	1.287512e-08	4.719035e+01	7.622214e+02
1.980000e-06	6.726503e-09	1.278251e-08	4.657216e+01	7.592207e+02
1.990000e-06	6.634886e-09	1.272431e-08	4.593783e+01	7.561332e+02
2.000000e-06	6.540956e-09	1.266329e-08	4.528749e+01	7.529277e+02
2.010000e-06	6.444650e-09	1.259869e-08	4.462069e+01	7.495767e+02
2.020000e-06	6.346125e-09	1.255117e-08	4.393854e+01	7.460666e+02
2.030000e-06	6.245302e-09	1.248361e-08	4.324047e+01	7.424019e+02
2.040000e-06	6.142156e-09	1.245691e-08	4.252632e+01	7.386029e+02
2.050000e-06	6.036801e-09	1.238206e-08	4.179687e+01	7.346955e+02
2.060000e-06	5.929382e-09	1.231174e-08	4.105313e+01	7.307003e+02
2.070000e-06	5.819893e-09	1.221679e-08	4.029507e+01	7.266231e+02
2.080000e-06	5.708231e-09	1.214684e-08	3.952195e+01	7.224508e+02
2.090000e-06	5.594377e-09	1.207721e-08	3.873367e+01	7.181565e+02
2.100000e-06	5.478323e-09	1.200497e-08	3.793015e+01	7.137092e+02
2.110000e-06	5.360146e-09	1.193191e-08	3.711193e+01	7.090860e+02
2.120000e-06	5.239923e-09	1.185700e-08	3.627954e+01	7.042812e+02
2.130000e-06	5.117840e-09	1.178182e-08	3.543427e+01	6.993086e+02
2.140000e-06	4.993949e-09	1.168429e-08	3.457649e+01	6.941961e+02
2.150000e-06	4.868252e-09	1.159033e-08	3.370620e+01	6.889735e+02
2.160000e-06	4.740768e-09	1.149523e-08	3.282355e+01	6.836602e+02
2.170000e-06	4.611601e-09	1.141499e-08	3.192923e+01	6.782560e+02
2.180000e-06	4.480854e-09	1.131939e-08	3.102397e+01	6.727390e+02
2.190000e-06	4.348525e-09	1.122589e-08	3.010777e+01	6.670724e+02
2.200000e-06	4.214632e-09	1.112677e-08	2.918074e+01	6.612167e+02
2.210000e-06	4.079178e-09	1.102914e-08	2.824290e+01	6.551428e+02
2.220000e-06	3.942198e-09	1.092127e-08	2.729449e+01	6.488410e+02
2.230000e-06	3.803746e-09	1.080507e-08	2.633589e+01	6.423224e+02
2.240000e-06	3.663893e-09	1.069175e-08	2.536760e+01	6.356120e+02
2.250000e-06	3.522663e-09	1.057667e-08	2.438976e+01	6.287362e+02
2.260000e-06	3.380115e-09	1.046033e-08	2.340281e+01	6.217106e+02
2.270000e-06	3.236290e-09	1.033338e-08	2.240701e+01	6.145320e+02
2.280000e-06	3.091270e-09	1.020877e-08	2.140294e+01	6.071777e+02
2.290000e-06	2.945177e-09	1.008327e-08	2.039143e+01	5.996132e+02
2.300000e-06	2.798082e-09	9.955818e-09	1.937299e+01	5.918039e+02
2.310000e-06	2.650016e-09	9.819511e-09	1.834783e+01	5.837266e+02
2.320000e-06	2.501026e-09	9.677389e-09	1.731627e+01	5.753752e+02
2.330000e-06	2.351166e-09	9.532824e-09	1.627869e+01	5.667593e+02
2.340000e-06	2.200463e-09	9.382155e-09	1.523526e+01	5.578956e+02
2.350000e-06	2.048961e-09	9.224672e-09	1.418631e+01	5.487955e+02
2.360000e-06	1.896697e-09	9.064615e-09	1.313208e+01	5.394554e+02
2.370000e-06	1.743764e-09	8.905161e-09	1.207322e+01	5.298523e+02
2.380000e-06	1.590246e-09	8.743959e-09	1.101031e+01	5.199483e+02
2.390000e-06	1.436187e-09	8.572782e-09	9.943655e+00	5.097008e+02
2.400000e-06	1.281616e-09	8.392688e-09	8.873452e+00	4.990755e+02
2.410000e-06	1.126558e-09	8.204943e-09	7.799881e+00	4.880547e+02
2.420000e-06	9.710769e-10	8.008801e-09	6.723378e+00	4.766392e+02
2.430000e-06	8.152561e-10	7.805826e-09	5.644524e+00	4.648394e+02
2.440000e-06	6.591532e-10	7.597265e-09	4.563719e+00	4.526608e+02
2.450000e-06	5.028155e-10	7.389892e-09	3.481287e+00	4.400878e+02
2.460000e-06	3.462914e-10	7.177564e-09	2.397565e+00	4.270724e+02
2.470000e-06	1.896320e-10	6.953652e-09	1.312905e+00	4.135332e+02
2.480000e-06	3.291609e-11	6.713403e-09	2.278545e-01	3.993651e+02
2.490000e-06	-1.237903e-10	6.459588e-09	-8.571303e-01	3.844580e+02
2.500000e-06	-2.804314e-10	6.193674e-09	-1.941662e+00	3.687175e+02
2.510000e-06	-4.369434e-10	5.912808e-09	-3.025301e+00	3.520814e+02
2.520000e-06	-5.932801e-10	5.617338e-09	-4.107726e+00	3.345248e+02
2.530000e-06	-7.493861e-10	5.307334e-09	-5.188553e+00	3.160530e+02
2.540000e-06	-9.052077e-10	4.984108e-09	-6.267412e+00	2.966830e+02
2.550000e-06	-1.060669e-09	4.645017e-09	-7.343776e+00	2.764195e+02
2.560000e-06	-1.215688e-09	4.288055e-09	-8.417079e+00	2.552334e+02
2.570000e-06	-1.370240e-09	3.912983e-09	-9.487150e+00	2.330484e+02
2.580000e-06	-1.524303e-09	3.520687e-09	-1.055383e+01	2.097403e+02
2.590000e-06	-1.677836e-09	3.108838e-09	-1.161685e+01	1.851498e+02
2.600000e-06	-1.830776e-09	2.672206e-09	-1.267575e+01	1.591048e+02
2.610000e-06	-1.983032e-09	2.209109e-09	-1.372993e+01	1.314475e+02
2.620000e-06	-2.134537e-09	1.718993e-09	-1.477890e+01	1.020615e+02
2.630000e-06	-2.285246e-09	1.200132e-09	-1.582236e+01	7.089312e+01
2.640000e-06	-2.435139e-09	6.497183e-10	-1.686018e+01	3.796710e+01
2.650000e-06	-2.584203e-09	6.904726e-11	-1.789225e+01	3.393826e+00
2.660000e-06	-2.732364e-09	-5.354969e-10	-1.891807e+01	-3.262947e+01
2.670000e-06	-2.879525e-09	-1.158738e-09	-1.993697e+01	-6.982371e+01
2.680000e-06	-3.025663e-09	-1.795830e-09	-2.094878e+01	-1.078386e+02
2.690000e-06	-3.170741e-09	-2.441304e-09	-2.195326e+01	-1.462697e+02
2.700000e-06	-3.314648e-09	-3.085981e-09	-2.294962e+01	-1.846806e+02
2.710000e-06	-3.457295e-09	-3.722522e-09	-2.393726e+01	-2.226319e+02
2.720000e-06	-3.598637e-09	-4.345652e-09	-2.491587e+01	-2.597109e+02
2.730000e-06	-3.738601e-09	-4.948488e-09	-2.588494e+01	-2.955609e+02
2.740000e-06	-3.877142e-09	-5.526370e-09	-2.684415e+01	-3.299034e+02
2.750000e-06	-4.014263e-09	-6.075320e-09	-2.779353e+01	-3.625497e+02
2.760000e-06	-4.149918e-09	-6.594536e-09	-2.873276e+01	-3.934003e+02
2.770000e-06	-4.284076e-09	-7.084520e-09	-2.966163e+01	-4.224316e+02
2.780000e-06	-4.416707e-09	-7.544872e-09	-3.057993e+01	-4.496758e+02
2.790000e-06	-4.547743e-09	-7.975464e-09	-3.148717e+01	-4.751969e+02
2.800000e-06	-4.677204e-09	-8.378457e-09	-3.238353e+01	-4.990717e+02
2.810000e-06	-4.805052e-09	-8.757033e-09	-3.326870e+01	-5.213757e+02
2.820000e-06	-4.931194e-09	-9.109813e-09	-3.414207e+01	-5.421797e+02
2.830000e-06	-5.055588e-09	-9.437072e-09	-3.500333e+01	-5.615518e+02
2.840000e-06	-5.178185e-09	-9.740761e-09	-3.585216e+01	-5.795633e+02
2.850000e-06	-5.298924e-09	-1.002299e-08	-3.668812e+01	-5.962937e+02
2.860000e-06	-5.417681e-09	-1.028493e-08	-3.751035e+01	-6.118318e+02
2.870000e-06	-5.534295e-09	-1.052805e-08	-3.831775e+01	-6.262727e+02
2.880000e-06	-5.648627e-09	-1.075570e-08	-3.910934e+01	-6.397101e+02
2.890000e-06	-5.760688e-09	-1.096906e-08	-3.988522e+01	-6.522289e+02
2.900000e-06	-5.870597e-09	-1.116676e-08	-4.064619e+01	-6.638998e+02
2.910000e-06	-5.978480e-09	-1.134841e-08	-4.139313e+01	-6.747779e+02
2.920000e-06	-6.084388e-09	-1.151767e-08	-4.212641e+01	-6.849062e+02
2.930000e-06	-6.188155e-09	-1.167732e-08	-4.284486e+01	-6.943217e+02
2.940000e-06	-6.289619e-09	-1.182691e-08	-4.354736e+01	-7.030624e+02
2.950000e-06	-6.388818e-09	-1.196511e-08	-4.423419e+01	-7.111716e+02
2.960000e-06	-6.485846e-09	-1.209237e-08	-4.490598e+01	-7.186988e+02
2.970000e-06	-6.580635e-09	-1.221068e-08	-4.556227e+01	-7.256970e+02
2.980000e-06	-6.673054e-09	-1.232135e-08	-4.620215e+01	-7.322175e+02
2.990000e-06	-6.763148e-09	-1.242417e-08	-4.682593e+01	-7.383051e+02
3.000000e-06	-6.850922e-09	-1.251980e-08	-4.743365e+01	-7.439950e+02
3.010000e-06	-6.936222e-09	-1.261008e-08	-4.802424e+01	-7.493134e+02
3.020000e-06	-7.019035e-09	-1.269574e-08	-4.859761e+01	-7.542802e+02
3.030000e-06	-7.099400e-09	-1.277519e-08	-4.915403e+01	-7.589132e+02
3.040000e-06	-7.177094e-09	-1.284810e-08	-4.969196e+01	-7.632317e+02
3.050000e-06	-7.252008e-09	-1.291574e-08	-5.021064e+01	-7.672586e+02
3.060000e-06	-7.324278e-09	-1.297867e-08	-5.071101e+01	-7.710187e+02
3.070000e-06	-7.393910e-09	-1.303647e-08	-5.119312e+01	-7.745369e+02
3.080000e-06	-7.460914e-09	-1.309057e-08	-5.165703e+01	-7.778340e+02
3.090000e-06	-7.525348e-09	-1.314253e-08	-5.210315e+01	-7.809245e+02
3.100000e-06	-7.587108e-09	-1.319258e-08	-5.253076e+01	-7.838165e+02
3.110000e-06	-7.646141e-09	-1.323864e-08	-5.293949e+01	-7.865130e+02
3.120000e-06	-7.702431e-09	-1.328050e-08	-5.332922e+01	-7.890152e+02
3.130000e-06	-7.755807e-09	-1.332058e-08	-5.369877e+01	-7.913258e+02
3.140000e-06	-7.806085e-09	-1.335923e-08	-5.404688e+01	-7.934514e+02
3.150000e-06	-7.853247e-09	-1.339354e-08	-5.437341e+01	-7.954025e+02
3.160000e-06	-7.897687e-09	-1.342186e-08	-5.468111e+01	-7.971925e+02
3.170000e-06	-7.939665e-09	-1.344646e-08	-5.497175e+01	-7.988356e+02
3.180000e-06	-7.978931e-09	-1.347148e-08	-5.524361e+01	-8.003434e+02
3.190000e-06	-8.015354e-09	-1.349704e-08	-5.549579e+01	-8.017240e+02
3.200000e-06	-8.049020e-09	-1.351963e-08	-5.572888e+01	-8.029809e+02
3.210000e-06	-8.079799e-09	-1.353994e-08	-5.594199e+01	-8.041139e+02
3.220000e-06	-8.107621e-09	-1.355883e-08	-5.613462e+01	-8.051204e+02
3.230000e-06	-8.132647e-09	-1.357597e-08	-5.630789e+01	-8.059975e+02
3.240000e-06	-8.154786e-09	-1.358845e-08	-5.646117e+01	-8.067437e+02
3.250000e-06	-8.174018e-09	-1.359777e-08	-5.659433e+01	-8.073596e+02
3.260000e-06	-8.190401e-09	-1.360653e-08	-5.670776e+01	-8.078494e+02
3.270000e-06	-8.203663e-09	-1.361498e-08	-5.679957e+01	-8.082206e+02
3.280000e-06	-8.213817e-09	-1.362148e-08	-5.686988e+01	-8.084837e+02
3.290000e-06	-8.221042e-09	-1.362580e-08	-5.691990e+01	-8.086508e+02
3.300000e-06	-8.225350e-09	-1.362876e-08	-5.694973e+01	-8.087338e+02
3.310000e-06	-8.226864e-09	-1.363080e-08	-5.696020e+01	-8.087412e+02
