# Temperatura_=_47.08
# Concentracion g/m^3_=_11780.0
# C_Vs_to_Am_M_A/Vsm_=_59384043850.047264
# pendiente_HvsI_1/m_=_3716.3
# ordenada_HvsI_A/m_=_1297.0
# frecuencia_Hz_=_301543.1432542134

Tiempo_(s)	Campo_(V.s)	Magnetizacion_(V.s)	Campo_(kA/m)	Magnetizacion_(A/m)
0.000000e+00	-8.102022e-06	-1.415844e-08	-5.691546e+01	-8.396640e+02
1.000000e-08	-8.099150e-06	-1.415283e-08	-5.689529e+01	-8.395029e+02
2.000000e-08	-8.093603e-06	-1.414438e-08	-5.685632e+01	-8.392466e+02
3.000000e-08	-8.085443e-06	-1.413568e-08	-5.679900e+01	-8.388928e+02
4.000000e-08	-8.074466e-06	-1.412813e-08	-5.672189e+01	-8.384391e+02
5.000000e-08	-8.060505e-06	-1.411947e-08	-5.662381e+01	-8.378836e+02
6.000000e-08	-8.043624e-06	-1.411164e-08	-5.650523e+01	-8.372262e+02
7.000000e-08	-8.024184e-06	-1.410049e-08	-5.636866e+01	-8.364693e+02
8.000000e-08	-8.002192e-06	-1.405772e-08	-5.621417e+01	-8.356187e+02
9.000000e-08	-7.977031e-06	-1.403396e-08	-5.603742e+01	-8.346825e+02
1.000000e-07	-7.948521e-06	-1.403949e-08	-5.583714e+01	-8.336697e+02
1.100000e-07	-7.917118e-06	-1.403528e-08	-5.561654e+01	-8.325880e+02
1.200000e-07	-7.883024e-06	-1.401227e-08	-5.537703e+01	-8.314414e+02
1.300000e-07	-7.846393e-06	-1.398275e-08	-5.511971e+01	-8.302284e+02
1.400000e-07	-7.807627e-06	-1.398892e-08	-5.484738e+01	-8.289421e+02
1.500000e-07	-7.766575e-06	-1.396016e-08	-5.455900e+01	-8.275713e+02
1.600000e-07	-7.722698e-06	-1.393330e-08	-5.425077e+01	-8.261036e+02
1.700000e-07	-7.676015e-06	-1.388280e-08	-5.392283e+01	-8.245280e+02
1.800000e-07	-7.626460e-06	-1.383177e-08	-5.357471e+01	-8.228382e+02
1.900000e-07	-7.573745e-06	-1.383762e-08	-5.320440e+01	-8.210338e+02
2.000000e-07	-7.518231e-06	-1.379787e-08	-5.281442e+01	-8.191197e+02
2.100000e-07	-7.460046e-06	-1.376758e-08	-5.240568e+01	-8.171041e+02
2.200000e-07	-7.399182e-06	-1.372380e-08	-5.197812e+01	-8.149953e+02
2.300000e-07	-7.335712e-06	-1.368863e-08	-5.153225e+01	-8.127987e+02
2.400000e-07	-7.269389e-06	-1.367995e-08	-5.106634e+01	-8.105149e+02
2.500000e-07	-7.200373e-06	-1.360884e-08	-5.058151e+01	-8.081392e+02
2.600000e-07	-7.128747e-06	-1.354708e-08	-5.007836e+01	-8.056630e+02
2.700000e-07	-7.054347e-06	-1.351369e-08	-4.955571e+01	-8.030763e+02
2.800000e-07	-6.977196e-06	-1.349480e-08	-4.901373e+01	-8.003701e+02
2.900000e-07	-6.897291e-06	-1.343994e-08	-4.845241e+01	-7.975389e+02
3.000000e-07	-6.814874e-06	-1.336873e-08	-4.787344e+01	-7.945811e+02
3.100000e-07	-6.730195e-06	-1.333962e-08	-4.727859e+01	-7.914991e+02
3.200000e-07	-6.643224e-06	-1.328585e-08	-4.666763e+01	-7.882972e+02
3.300000e-07	-6.553843e-06	-1.322922e-08	-4.603974e+01	-7.849807e+02
3.400000e-07	-6.462144e-06	-1.315395e-08	-4.539557e+01	-7.815536e+02
3.500000e-07	-6.368248e-06	-1.309002e-08	-4.473597e+01	-7.780182e+02
3.600000e-07	-6.271976e-06	-1.304490e-08	-4.405967e+01	-7.743743e+02
3.700000e-07	-6.173299e-06	-1.298316e-08	-4.336648e+01	-7.706201e+02
3.800000e-07	-6.072440e-06	-1.291059e-08	-4.265796e+01	-7.667517e+02
3.900000e-07	-5.969470e-06	-1.283383e-08	-4.193461e+01	-7.627641e+02
4.000000e-07	-5.864243e-06	-1.278543e-08	-4.119541e+01	-7.586509e+02
4.100000e-07	-5.756848e-06	-1.271810e-08	-4.044098e+01	-7.544043e+02
4.200000e-07	-5.647578e-06	-1.263456e-08	-3.967337e+01	-7.500158e+02
4.300000e-07	-5.536389e-06	-1.254831e-08	-3.889228e+01	-7.454766e+02
4.400000e-07	-5.422955e-06	-1.247818e-08	-3.809543e+01	-7.407790e+02
4.500000e-07	-5.307247e-06	-1.240634e-08	-3.728259e+01	-7.359177e+02
4.600000e-07	-5.189531e-06	-1.231460e-08	-3.645566e+01	-7.308908e+02
4.700000e-07	-5.069960e-06	-1.222405e-08	-3.561569e+01	-7.257004e+02
4.800000e-07	-4.948558e-06	-1.213926e-08	-3.476286e+01	-7.203518e+02
4.900000e-07	-4.825303e-06	-1.205557e-08	-3.389702e+01	-7.148522e+02
5.000000e-07	-4.700316e-06	-1.195057e-08	-3.301900e+01	-7.092086e+02
5.100000e-07	-4.573724e-06	-1.184419e-08	-3.212971e+01	-7.034257e+02
5.200000e-07	-4.445504e-06	-1.174536e-08	-3.122898e+01	-6.975046e+02
5.300000e-07	-4.315644e-06	-1.165150e-08	-3.031674e+01	-6.914419e+02
5.400000e-07	-4.184139e-06	-1.154627e-08	-2.939293e+01	-6.852306e+02
5.500000e-07	-4.051155e-06	-1.143285e-08	-2.845874e+01	-6.788607e+02
5.600000e-07	-3.916769e-06	-1.132510e-08	-2.751470e+01	-6.723210e+02
5.700000e-07	-3.780869e-06	-1.121695e-08	-2.656002e+01	-6.656004e+02
5.800000e-07	-3.643592e-06	-1.110030e-08	-2.559567e+01	-6.586890e+02
5.900000e-07	-3.504947e-06	-1.097238e-08	-2.462172e+01	-6.515787e+02
6.000000e-07	-3.364833e-06	-1.085063e-08	-2.363744e+01	-6.442635e+02
6.100000e-07	-3.223351e-06	-1.073115e-08	-2.264355e+01	-6.367394e+02
6.200000e-07	-3.080639e-06	-1.060367e-08	-2.164102e+01	-6.290043e+02
6.300000e-07	-2.936732e-06	-1.046451e-08	-2.063009e+01	-6.210578e+02
6.400000e-07	-2.791656e-06	-1.032273e-08	-1.961096e+01	-6.128997e+02
6.500000e-07	-2.645661e-06	-1.018377e-08	-1.858536e+01	-6.045296e+02
6.600000e-07	-2.498789e-06	-1.003965e-08	-1.755361e+01	-5.959445e+02
6.700000e-07	-2.351042e-06	-9.888534e-09	-1.651571e+01	-5.871376e+02
6.800000e-07	-2.202595e-06	-9.736512e-09	-1.547289e+01	-5.780975e+02
6.900000e-07	-2.053424e-06	-9.586909e-09	-1.442499e+01	-5.688079e+02
7.000000e-07	-1.903580e-06	-9.428227e-09	-1.337236e+01	-5.592495e+02
7.100000e-07	-1.753124e-06	-9.258332e-09	-1.231543e+01	-5.494025e+02
7.200000e-07	-1.601961e-06	-9.081236e-09	-1.125353e+01	-5.392498e+02
7.300000e-07	-1.450116e-06	-8.905102e-09	-1.018685e+01	-5.287794e+02
7.400000e-07	-1.297707e-06	-8.725463e-09	-9.116191e+00	-5.179852e+02
7.500000e-07	-1.144885e-06	-8.537382e-09	-8.042644e+00	-5.068651e+02
7.600000e-07	-9.917344e-07	-8.343741e-09	-6.966782e+00	-4.954166e+02
7.700000e-07	-8.382223e-07	-8.146404e-09	-5.888383e+00	-4.836315e+02
7.800000e-07	-6.843619e-07	-7.944978e-09	-4.807537e+00	-4.714897e+02
7.900000e-07	-5.302214e-07	-7.732026e-09	-3.724724e+00	-4.589556e+02
8.000000e-07	-3.758596e-07	-7.510232e-09	-2.640356e+00	-4.459776e+02
8.100000e-07	-2.213423e-07	-7.281306e-09	-1.554896e+00	-4.324911e+02
8.200000e-07	-6.674400e-08	-7.045224e-09	-4.688664e-01	-4.184255e+02
8.300000e-07	8.786065e-08	-6.798160e-09	6.172076e-01	-4.037126e+02
8.400000e-07	2.424401e-07	-6.536318e-09	1.703104e+00	-3.882949e+02
8.500000e-07	3.969737e-07	-6.261430e-09	2.788679e+00	-3.721312e+02
8.600000e-07	5.513139e-07	-5.974214e-09	3.872896e+00	-3.551983e+02
8.700000e-07	7.053483e-07	-5.673775e-09	4.954964e+00	-3.374876e+02
8.800000e-07	8.591022e-07	-5.359934e-09	6.035062e+00	-3.189979e+02
8.900000e-07	1.012572e-06	-5.034735e-09	7.113160e+00	-2.997255e+02
9.000000e-07	1.165642e-06	-4.699584e-09	8.188456e+00	-2.796536e+02
9.100000e-07	1.318260e-06	-4.351113e-09	9.260575e+00	-2.587429e+02
9.200000e-07	1.470449e-06	-3.982560e-09	1.032968e+01	-2.369263e+02
9.300000e-07	1.622107e-06	-3.594211e-09	1.139505e+01	-2.141075e+02
9.400000e-07	1.773122e-06	-3.187353e-09	1.245591e+01	-1.901643e+02
9.500000e-07	1.923487e-06	-2.761901e-09	1.351220e+01	-1.649579e+02
9.600000e-07	2.073189e-06	-2.315315e-09	1.456384e+01	-1.383456e+02
9.700000e-07	2.222140e-06	-1.841853e-09	1.561020e+01	-1.101980e+02
9.800000e-07	2.370301e-06	-1.339946e-09	1.665100e+01	-8.041798e+01
9.900000e-07	2.517657e-06	-8.089720e-10	1.768615e+01	-4.895939e+01
1.000000e-06	2.664118e-06	-2.475751e-10	1.871502e+01	-1.584448e+01
1.010000e-06	2.809652e-06	3.409148e-10	1.973737e+01	1.882427e+01
1.020000e-06	2.954161e-06	9.498435e-10	2.075253e+01	5.485918e+01
1.030000e-06	3.097506e-06	1.573644e-09	2.175951e+01	9.199125e+01
1.040000e-06	3.239705e-06	2.210367e-09	2.275843e+01	1.298831e+02
1.050000e-06	3.380704e-06	2.857193e-09	2.374893e+01	1.681500e+02
1.060000e-06	3.520411e-06	3.505740e-09	2.473035e+01	2.063856e+02
1.070000e-06	3.658766e-06	4.144610e-09	2.570227e+01	2.441904e+02
1.080000e-06	3.795730e-06	4.767020e-09	2.666442e+01	2.811966e+02
1.090000e-06	3.931293e-06	5.370613e-09	2.761673e+01	3.170880e+02
1.100000e-06	4.065366e-06	5.950694e-09	2.855858e+01	3.516129e+02
1.110000e-06	4.198025e-06	6.503287e-09	2.949048e+01	3.845880e+02
1.120000e-06	4.329229e-06	7.029683e-09	3.041217e+01	4.158956e+02
1.130000e-06	4.458826e-06	7.531883e-09	3.132257e+01	4.454764e+02
1.140000e-06	4.586822e-06	8.005459e-09	3.222172e+01	4.733186e+02
1.150000e-06	4.713203e-06	8.446052e-09	3.310953e+01	4.994477e+02
1.160000e-06	4.837999e-06	8.853509e-09	3.398620e+01	5.239156e+02
1.170000e-06	4.961090e-06	9.233531e-09	3.485090e+01	5.467926e+02
1.180000e-06	5.082359e-06	9.586884e-09	3.570279e+01	5.681597e+02
1.190000e-06	5.201830e-06	9.917164e-09	3.654206e+01	5.881028e+02
1.200000e-06	5.319426e-06	1.022997e-08	3.736815e+01	6.067078e+02
1.210000e-06	5.434989e-06	1.052552e-08	3.817996e+01	6.240572e+02
1.220000e-06	5.548388e-06	1.080195e-08	3.897658e+01	6.402279e+02
1.230000e-06	5.659648e-06	1.105669e-08	3.975816e+01	6.552912e+02
1.240000e-06	5.768940e-06	1.128979e-08	4.052592e+01	6.693132e+02
1.250000e-06	5.876284e-06	1.150451e-08	4.128000e+01	6.823576e+02
1.260000e-06	5.981487e-06	1.170572e-08	4.201903e+01	6.944875e+02
1.270000e-06	6.084446e-06	1.189311e-08	4.274230e+01	7.057663e+02
1.280000e-06	6.185238e-06	1.206807e-08	4.345035e+01	7.162575e+02
1.290000e-06	6.283801e-06	1.223358e-08	4.414274e+01	7.260226e+02
1.300000e-06	6.379997e-06	1.238932e-08	4.481850e+01	7.351183e+02
1.310000e-06	6.473994e-06	1.253238e-08	4.547881e+01	7.435936e+02
1.320000e-06	6.565840e-06	1.266248e-08	4.612402e+01	7.514887e+02
1.330000e-06	6.655290e-06	1.278266e-08	4.675239e+01	7.588359e+02
1.340000e-06	6.742297e-06	1.289677e-08	4.736360e+01	7.656624e+02
1.350000e-06	6.827065e-06	1.300292e-08	4.795909e+01	7.719944e+02
1.360000e-06	6.909511e-06	1.309963e-08	4.853826e+01	7.778614e+02
1.370000e-06	6.989416e-06	1.318923e-08	4.909958e+01	7.832985e+02
1.380000e-06	7.066750e-06	1.327447e-08	4.964283e+01	7.883462e+02
1.390000e-06	7.141400e-06	1.335628e-08	5.016724e+01	7.930479e+02
1.400000e-06	7.213389e-06	1.343038e-08	5.067296e+01	7.974449e+02
1.410000e-06	7.282900e-06	1.349709e-08	5.116126e+01	8.015713e+02
1.420000e-06	7.349863e-06	1.356159e-08	5.163166e+01	8.054512e+02
1.430000e-06	7.414154e-06	1.362384e-08	5.208330e+01	8.090969e+02
1.440000e-06	7.475869e-06	1.368134e-08	5.251684e+01	8.125111e+02
1.450000e-06	7.534999e-06	1.373237e-08	5.293222e+01	8.156913e+02
1.460000e-06	7.591409e-06	1.378042e-08	5.332849e+01	8.186348e+02
1.470000e-06	7.645034e-06	1.382752e-08	5.370519e+01	8.213434e+02
1.480000e-06	7.695587e-06	1.386963e-08	5.406032e+01	8.238253e+02
1.490000e-06	7.743019e-06	1.390706e-08	5.439352e+01	8.260953e+02
1.500000e-06	7.787662e-06	1.394080e-08	5.470713e+01	8.281722e+02
1.510000e-06	7.829531e-06	1.397173e-08	5.500125e+01	8.300751e+02
1.520000e-06	7.868567e-06	1.399994e-08	5.527547e+01	8.318192e+02
1.530000e-06	7.904939e-06	1.402463e-08	5.553099e+01	8.334145e+02
1.540000e-06	7.938564e-06	1.404679e-08	5.576719e+01	8.348644e+02
1.550000e-06	7.969353e-06	1.406844e-08	5.598349e+01	8.361682e+02
1.560000e-06	7.997412e-06	1.408861e-08	5.618060e+01	8.373229e+02
1.570000e-06	8.022609e-06	1.410507e-08	5.635760e+01	8.383263e+02
1.580000e-06	8.044965e-06	1.411783e-08	5.651465e+01	8.391793e+02
1.590000e-06	8.064618e-06	1.412790e-08	5.665270e+01	8.398862e+02
1.600000e-06	8.081392e-06	1.413492e-08	5.677054e+01	8.404549e+02
1.610000e-06	8.095115e-06	1.413933e-08	5.686694e+01	8.408950e+02
1.620000e-06	8.105681e-06	1.414299e-08	5.694116e+01	8.412164e+02
1.630000e-06	8.113221e-06	1.414666e-08	5.699413e+01	8.414282e+02
1.640000e-06	8.118004e-06	1.415013e-08	5.702773e+01	8.415375e+02
1.650000e-06	8.119964e-06	1.414939e-08	5.704150e+01	8.415491e+02
1.660000e-06	8.119110e-06	1.414795e-08	5.703551e+01	8.414655e+02
1.670000e-06	8.115664e-06	1.414431e-08	5.701130e+01	8.412874e+02
1.680000e-06	8.109538e-06	1.414059e-08	5.696826e+01	8.410136e+02
1.690000e-06	8.100712e-06	1.413371e-08	5.690626e+01	8.406420e+02
1.700000e-06	8.089140e-06	1.412216e-08	5.682497e+01	8.401701e+02
1.710000e-06	8.074661e-06	1.411039e-08	5.672326e+01	8.395961e+02
1.720000e-06	8.057604e-06	1.409758e-08	5.660343e+01	8.389205e+02
1.730000e-06	8.038288e-06	1.411355e-08	5.646774e+01	8.381462e+02
1.740000e-06	8.016230e-06	1.412082e-08	5.631279e+01	8.372795e+02
1.750000e-06	7.990682e-06	1.408247e-08	5.613331e+01	8.363287e+02
1.760000e-06	7.961434e-06	1.404652e-08	5.592786e+01	8.353030e+02
1.770000e-06	7.929002e-06	1.403029e-08	5.570002e+01	8.342094e+02
1.780000e-06	7.894018e-06	1.400746e-08	5.545427e+01	8.330510e+02
1.790000e-06	7.856555e-06	1.396688e-08	5.519110e+01	8.318254e+02
1.800000e-06	7.816961e-06	1.396800e-08	5.491295e+01	8.305247e+02
1.810000e-06	7.775243e-06	1.392567e-08	5.461989e+01	8.291374e+02
1.820000e-06	7.730877e-06	1.392302e-08	5.430822e+01	8.276509e+02
1.830000e-06	7.683853e-06	1.392157e-08	5.397789e+01	8.260550e+02
1.840000e-06	7.633906e-06	1.386297e-08	5.362702e+01	8.243444e+02
1.850000e-06	7.580861e-06	1.385534e-08	5.325438e+01	8.225198e+02
1.860000e-06	7.524967e-06	1.377660e-08	5.286174e+01	8.205867e+02
1.870000e-06	7.466385e-06	1.376728e-08	5.245021e+01	8.185538e+02
1.880000e-06	7.405246e-06	1.372891e-08	5.202072e+01	8.164288e+02
1.890000e-06	7.341331e-06	1.366262e-08	5.157173e+01	8.142166e+02
1.900000e-06	7.274709e-06	1.367587e-08	5.110372e+01	8.119167e+02
1.910000e-06	7.205312e-06	1.362882e-08	5.061621e+01	8.095236e+02
1.920000e-06	7.133072e-06	1.360176e-08	5.010874e+01	8.070282e+02
1.930000e-06	7.058227e-06	1.352181e-08	4.958296e+01	8.044205e+02
1.940000e-06	6.980584e-06	1.347539e-08	4.903753e+01	8.016922e+02
1.950000e-06	6.900290e-06	1.343709e-08	4.847348e+01	7.988381e+02
1.960000e-06	6.817584e-06	1.336598e-08	4.789249e+01	7.958578e+02
1.970000e-06	6.732421e-06	1.334406e-08	4.729422e+01	7.927537e+02
1.980000e-06	6.644729e-06	1.327356e-08	4.667820e+01	7.895309e+02
1.990000e-06	6.554738e-06	1.324682e-08	4.604603e+01	7.861942e+02
2.000000e-06	6.462602e-06	1.317638e-08	4.539879e+01	7.827475e+02
2.010000e-06	6.368097e-06	1.310845e-08	4.473490e+01	7.791925e+02
2.020000e-06	6.271304e-06	1.304650e-08	4.405495e+01	7.755290e+02
2.030000e-06	6.172309e-06	1.297832e-08	4.335953e+01	7.717545e+02
2.040000e-06	6.071058e-06	1.292850e-08	4.264825e+01	7.678651e+02
2.050000e-06	5.967524e-06	1.284183e-08	4.192094e+01	7.638554e+02
2.060000e-06	5.861911e-06	1.278339e-08	4.117903e+01	7.597188e+02
2.070000e-06	5.754345e-06	1.270757e-08	4.042339e+01	7.554473e+02
2.080000e-06	5.644644e-06	1.264770e-08	3.965276e+01	7.510323e+02
2.090000e-06	5.532798e-06	1.256110e-08	3.886706e+01	7.464652e+02
2.100000e-06	5.418796e-06	1.247862e-08	3.806621e+01	7.417385e+02
2.110000e-06	5.302708e-06	1.239556e-08	3.725071e+01	7.368474e+02
2.120000e-06	5.184582e-06	1.230705e-08	3.642089e+01	7.317909e+02
2.130000e-06	5.064500e-06	1.221787e-08	3.557733e+01	7.265716e+02
2.140000e-06	4.942591e-06	1.212411e-08	3.472095e+01	7.211954e+02
2.150000e-06	4.818888e-06	1.204394e-08	3.385195e+01	7.156694e+02
2.160000e-06	4.693429e-06	1.195020e-08	3.297062e+01	7.100005e+02
2.170000e-06	4.566280e-06	1.185882e-08	3.207742e+01	7.041927e+02
2.180000e-06	4.437542e-06	1.174859e-08	3.117305e+01	6.982465e+02
2.190000e-06	4.307325e-06	1.164868e-08	3.025830e+01	6.921578e+02
2.200000e-06	4.175590e-06	1.154138e-08	2.933288e+01	6.859187e+02
2.210000e-06	4.042249e-06	1.143395e-08	2.839618e+01	6.795191e+02
2.220000e-06	3.907424e-06	1.132125e-08	2.744906e+01	6.729477e+02
2.230000e-06	3.771241e-06	1.121050e-08	2.649239e+01	6.661936e+02
2.240000e-06	3.633717e-06	1.109835e-08	2.552631e+01	6.592470e+02
2.250000e-06	3.494786e-06	1.097430e-08	2.455034e+01	6.521003e+02
2.260000e-06	3.354520e-06	1.084997e-08	2.356499e+01	6.447479e+02
2.270000e-06	3.212948e-06	1.072170e-08	2.257047e+01	6.371860e+02
2.280000e-06	3.070104e-06	1.059603e-08	2.156701e+01	6.294131e+02
2.290000e-06	2.926133e-06	1.045992e-08	2.055563e+01	6.214286e+02
2.300000e-06	2.781193e-06	1.032043e-08	1.953746e+01	6.132325e+02
2.310000e-06	2.635363e-06	1.017783e-08	1.851302e+01	6.048241e+02
2.320000e-06	2.488576e-06	1.003431e-08	1.748186e+01	5.961998e+02
2.330000e-06	2.340858e-06	9.884836e-09	1.644417e+01	5.873522e+02
2.340000e-06	2.192317e-06	9.730025e-09	1.540069e+01	5.782686e+02
2.350000e-06	2.043071e-06	9.571790e-09	1.435226e+01	5.689323e+02
2.360000e-06	1.893085e-06	9.410608e-09	1.329863e+01	5.593236e+02
2.370000e-06	1.742285e-06	9.245326e-09	1.223928e+01	5.494230e+02
2.380000e-06	1.590841e-06	9.073385e-09	1.117541e+01	5.392141e+02
2.390000e-06	1.438914e-06	8.896593e-09	1.010815e+01	5.286860e+02
2.400000e-06	1.286481e-06	8.714490e-09	9.037330e+00	5.178335e+02
2.410000e-06	1.133564e-06	8.524489e-09	7.963112e+00	5.066548e+02
2.420000e-06	9.802854e-07	8.327458e-09	6.886355e+00	4.951469e+02
2.430000e-06	8.267119e-07	8.128404e-09	5.807525e+00	4.832998e+02
2.440000e-06	6.728788e-07	7.925841e-09	4.726870e+00	4.710909e+02
2.450000e-06	5.188308e-07	7.716164e-09	3.644707e+00	4.584816e+02
2.460000e-06	3.646371e-07	7.495060e-09	2.561520e+00	4.454176e+02
2.470000e-06	2.103057e-07	7.265470e-09	1.477365e+00	4.318328e+02
2.480000e-06	5.590193e-08	7.026970e-09	3.927025e-01	4.176561e+02
2.490000e-06	-9.847626e-08	6.776379e-09	-6.917806e-01	4.028210e+02
2.500000e-06	-2.528341e-07	6.513296e-09	-1.776121e+00	3.872724e+02
2.510000e-06	-4.071512e-07	6.240897e-09	-2.860174e+00	3.709724e+02
2.520000e-06	-5.612895e-07	5.959932e-09	-3.942973e+00	3.539007e+02
2.530000e-06	-7.151800e-07	5.662735e-09	-5.024030e+00	3.360507e+02
2.540000e-06	-8.688510e-07	5.348387e-09	-6.103545e+00	3.174216e+02
2.550000e-06	-1.022231e-06	5.020847e-09	-7.181016e+00	2.980081e+02
2.560000e-06	-1.175234e-06	4.680734e-09	-8.255842e+00	2.777898e+02
2.570000e-06	-1.327780e-06	4.323823e-09	-9.327453e+00	2.567229e+02
2.580000e-06	-1.479804e-06	3.951006e-09	-1.039540e+01	2.347351e+02
2.590000e-06	-1.631323e-06	3.564675e-09	-1.145979e+01	2.117249e+02
2.600000e-06	-1.782282e-06	3.161464e-09	-1.252026e+01	1.875665e+02
2.610000e-06	-1.932568e-06	2.736201e-09	-1.357599e+01	1.621191e+02
2.620000e-06	-2.082121e-06	2.284578e-09	-1.462658e+01	1.352413e+02
2.630000e-06	-2.230899e-06	1.807058e-09	-1.567172e+01	1.068080e+02
2.640000e-06	-2.378880e-06	1.303695e-09	-1.671127e+01	7.672958e+01
2.650000e-06	-2.525998e-06	7.708263e-10	-1.774475e+01	4.497122e+01
2.660000e-06	-2.672195e-06	2.089083e-10	-1.877176e+01	1.156871e+01
2.670000e-06	-2.817506e-06	-3.781741e-10	-1.979255e+01	-2.336039e+01
2.680000e-06	-2.961853e-06	-9.861054e-10	-2.080656e+01	-5.961333e+01
2.690000e-06	-3.105068e-06	-1.610331e-09	-2.181262e+01	-9.690767e+01
2.700000e-06	-3.247029e-06	-2.246967e-09	-2.280988e+01	-1.348959e+02
2.710000e-06	-3.387673e-06	-2.887952e-09	-2.379788e+01	-1.731873e+02
2.720000e-06	-3.526985e-06	-3.527065e-09	-2.477653e+01	-2.113749e+02
2.730000e-06	-3.664993e-06	-4.159665e-09	-2.574602e+01	-2.490630e+02
2.740000e-06	-3.801722e-06	-4.781484e-09	-2.670652e+01	-2.858917e+02
2.750000e-06	-3.937047e-06	-5.384906e-09	-2.765715e+01	-3.215558e+02
2.760000e-06	-4.070922e-06	-5.962420e-09	-2.859760e+01	-3.558156e+02
2.770000e-06	-4.203334e-06	-6.511792e-09	-2.952778e+01	-3.884999e+02
2.780000e-06	-4.334251e-06	-7.031722e-09	-3.044745e+01	-4.195022e+02
2.790000e-06	-4.463723e-06	-7.523939e-09	-3.135697e+01	-4.487723e+02
2.800000e-06	-4.591672e-06	-7.987357e-09	-3.225579e+01	-4.763061e+02
2.810000e-06	-4.717904e-06	-8.421651e-09	-3.314255e+01	-5.021342e+02
2.820000e-06	-4.842431e-06	-8.829922e-09	-3.401734e+01	-5.263127e+02
2.830000e-06	-4.965302e-06	-9.213820e-09	-3.488048e+01	-5.489141e+02
2.840000e-06	-5.086436e-06	-9.573329e-09	-3.573143e+01	-5.700207e+02
2.850000e-06	-5.205709e-06	-9.908138e-09	-3.656931e+01	-5.897188e+02
2.860000e-06	-5.322893e-06	-1.021946e-08	-3.739251e+01	-6.080939e+02
2.870000e-06	-5.437905e-06	-1.051006e-08	-3.820045e+01	-6.252275e+02
2.880000e-06	-5.550720e-06	-1.077838e-08	-3.899296e+01	-6.411956e+02
2.890000e-06	-5.661352e-06	-1.102618e-08	-3.977013e+01	-6.560683e+02
2.900000e-06	-5.769985e-06	-1.125942e-08	-4.053326e+01	-6.699113e+02
2.910000e-06	-5.876728e-06	-1.147892e-08	-4.128312e+01	-6.827880e+02
2.920000e-06	-5.981485e-06	-1.168229e-08	-4.201902e+01	-6.947614e+02
2.930000e-06	-6.084003e-06	-1.187078e-08	-4.273919e+01	-7.058951e+02
2.940000e-06	-6.184207e-06	-1.204657e-08	-4.344311e+01	-7.162525e+02
2.950000e-06	-6.282249e-06	-1.221014e-08	-4.413184e+01	-7.258943e+02
2.960000e-06	-6.378148e-06	-1.236186e-08	-4.480551e+01	-7.348760e+02
2.970000e-06	-6.471753e-06	-1.250306e-08	-4.546307e+01	-7.432451e+02
2.980000e-06	-6.563099e-06	-1.263535e-08	-4.610476e+01	-7.510404e+02
2.990000e-06	-6.652216e-06	-1.275964e-08	-4.673080e+01	-7.582929e+02
3.000000e-06	-6.738926e-06	-1.287541e-08	-4.733992e+01	-7.650293e+02
3.010000e-06	-6.823146e-06	-1.298120e-08	-4.793156e+01	-7.712761e+02
3.020000e-06	-6.905039e-06	-1.307881e-08	-4.850684e+01	-7.770638e+02
3.030000e-06	-6.984535e-06	-1.317063e-08	-4.906529e+01	-7.824284e+02
3.040000e-06	-7.061280e-06	-1.325670e-08	-4.960441e+01	-7.874114e+02
3.050000e-06	-7.135301e-06	-1.333502e-08	-5.012440e+01	-7.920560e+02
3.060000e-06	-7.206799e-06	-1.340723e-08	-5.062666e+01	-7.964025e+02
3.070000e-06	-7.275690e-06	-1.347615e-08	-5.111061e+01	-8.004837e+02
3.080000e-06	-7.342005e-06	-1.354128e-08	-5.157646e+01	-8.043214e+02
3.090000e-06	-7.405823e-06	-1.360123e-08	-5.202477e+01	-8.079259e+02
3.100000e-06	-7.466987e-06	-1.365843e-08	-5.245444e+01	-8.112988e+02
3.110000e-06	-7.525459e-06	-1.371318e-08	-5.286519e+01	-8.144370e+02
3.120000e-06	-7.581206e-06	-1.376306e-08	-5.325681e+01	-8.173385e+02
3.130000e-06	-7.634064e-06	-1.380742e-08	-5.362813e+01	-8.200059e+02
3.140000e-06	-7.683862e-06	-1.384771e-08	-5.397795e+01	-8.224489e+02
3.150000e-06	-7.730616e-06	-1.388508e-08	-5.430639e+01	-8.246832e+02
3.160000e-06	-7.774753e-06	-1.392091e-08	-5.461644e+01	-8.267279e+02
3.170000e-06	-7.816474e-06	-1.395399e-08	-5.490953e+01	-8.286016e+02
3.180000e-06	-7.855454e-06	-1.398238e-08	-5.518336e+01	-8.303188e+02
3.190000e-06	-7.891603e-06	-1.400912e-08	-5.543730e+01	-8.318881e+02
3.200000e-06	-7.925058e-06	-1.403601e-08	-5.567232e+01	-8.333124e+02
3.210000e-06	-7.955663e-06	-1.406126e-08	-5.588731e+01	-8.345899e+02
3.220000e-06	-7.983326e-06	-1.408220e-08	-5.608164e+01	-8.357178e+02
3.230000e-06	-8.008182e-06	-1.409993e-08	-5.625625e+01	-8.366944e+02
3.240000e-06	-8.030200e-06	-1.411469e-08	-5.641092e+01	-8.375211e+02
3.250000e-06	-8.049392e-06	-1.412540e-08	-5.654575e+01	-8.382029e+02
3.260000e-06	-8.065775e-06	-1.413430e-08	-5.666084e+01	-8.387480e+02
3.270000e-06	-8.079039e-06	-1.414250e-08	-5.675401e+01	-8.391664e+02
3.280000e-06	-8.089221e-06	-1.414997e-08	-5.682554e+01	-8.394678e+02
3.290000e-06	-8.096525e-06	-1.415518e-08	-5.687685e+01	-8.396610e+02
3.300000e-06	-8.100915e-06	-1.415941e-08	-5.690768e+01	-8.397527e+02
3.310000e-06	-8.102574e-06	-1.416248e-08	-5.691934e+01	-8.397474e+02
