# Temperatura_=_28.54
# Concentracion g/m^3_=_11780.0
# C_Vs_to_Am_M_A/Vsm_=_59384043850.047264
# pendiente_HvsI_1/m_=_3716.3
# ordenada_HvsI_A/m_=_1297.0
# frecuencia_Hz_=_301542.8169832161

Tiempo_(s)	Campo_(V.s)	Magnetizacion_(V.s)	Campo_(kA/m)	Magnetizacion_(A/m)
0.000000e+00	-8.104141e-06	-1.397991e-08	-5.691324e+01	-8.293438e+02
1.000000e-08	-8.100759e-06	-1.397108e-08	-5.688949e+01	-8.291830e+02
2.000000e-08	-8.094694e-06	-1.396602e-08	-5.684690e+01	-8.289631e+02
3.000000e-08	-8.085960e-06	-1.395915e-08	-5.678556e+01	-8.286665e+02
4.000000e-08	-8.074386e-06	-1.395252e-08	-5.670428e+01	-8.282645e+02
5.000000e-08	-8.059897e-06	-1.394591e-08	-5.660253e+01	-8.277300e+02
6.000000e-08	-8.042534e-06	-1.394852e-08	-5.648059e+01	-8.270495e+02
7.000000e-08	-8.022665e-06	-1.394668e-08	-5.634105e+01	-8.262289e+02
8.000000e-08	-8.000216e-06	-1.385712e-08	-5.618340e+01	-8.252929e+02
9.000000e-08	-7.974504e-06	-1.381579e-08	-5.600284e+01	-8.242758e+02
1.000000e-07	-7.945474e-06	-1.387076e-08	-5.579896e+01	-8.232095e+02
1.100000e-07	-7.913592e-06	-1.388577e-08	-5.557507e+01	-8.221117e+02
1.200000e-07	-7.878978e-06	-1.383599e-08	-5.533198e+01	-8.209804e+02
1.300000e-07	-7.841899e-06	-1.380023e-08	-5.507159e+01	-8.197948e+02
1.400000e-07	-7.802771e-06	-1.385943e-08	-5.479680e+01	-8.185239e+02
1.500000e-07	-7.761288e-06	-1.377303e-08	-5.450548e+01	-8.171376e+02
1.600000e-07	-7.716908e-06	-1.375698e-08	-5.419380e+01	-8.156168e+02
1.700000e-07	-7.669777e-06	-1.371964e-08	-5.386282e+01	-8.139587e+02
1.800000e-07	-7.619737e-06	-1.360641e-08	-5.351140e+01	-8.121750e+02
1.900000e-07	-7.566505e-06	-1.368963e-08	-5.313756e+01	-8.102853e+02
2.000000e-07	-7.510468e-06	-1.362739e-08	-5.274403e+01	-8.083080e+02
2.100000e-07	-7.451734e-06	-1.357204e-08	-5.233156e+01	-8.062523e+02
2.200000e-07	-7.390353e-06	-1.353905e-08	-5.190050e+01	-8.041159e+02
2.300000e-07	-7.326353e-06	-1.349510e-08	-5.145104e+01	-8.018870e+02
2.400000e-07	-7.259561e-06	-1.350831e-08	-5.098198e+01	-7.995508e+02
2.500000e-07	-7.190069e-06	-1.340978e-08	-5.049396e+01	-7.970964e+02
2.600000e-07	-7.117964e-06	-1.335612e-08	-4.998758e+01	-7.945216e+02
2.700000e-07	-7.043102e-06	-1.333427e-08	-4.946185e+01	-7.918329e+02
2.800000e-07	-6.965390e-06	-1.332721e-08	-4.891609e+01	-7.890417e+02
2.900000e-07	-6.884965e-06	-1.324853e-08	-4.835129e+01	-7.861579e+02
3.000000e-07	-6.802109e-06	-1.314180e-08	-4.776941e+01	-7.831844e+02
3.100000e-07	-6.717009e-06	-1.315144e-08	-4.717178e+01	-7.801148e+02
3.200000e-07	-6.629617e-06	-1.309866e-08	-4.655805e+01	-7.769354e+02
3.300000e-07	-6.539854e-06	-1.303801e-08	-4.592767e+01	-7.736314e+02
3.400000e-07	-6.447776e-06	-1.296435e-08	-4.528103e+01	-7.701927e+02
3.500000e-07	-6.353427e-06	-1.290868e-08	-4.461844e+01	-7.666186e+02
3.600000e-07	-6.256746e-06	-1.286718e-08	-4.393947e+01	-7.629184e+02
3.700000e-07	-6.157706e-06	-1.278502e-08	-4.324395e+01	-7.591062e+02
3.800000e-07	-6.056431e-06	-1.270585e-08	-4.253271e+01	-7.551949e+02
3.900000e-07	-5.952991e-06	-1.262842e-08	-4.180628e+01	-7.511890e+02
4.000000e-07	-5.847392e-06	-1.260102e-08	-4.106469e+01	-7.470812e+02
4.100000e-07	-5.739674e-06	-1.252816e-08	-4.030821e+01	-7.428537e+02
4.200000e-07	-5.629946e-06	-1.244044e-08	-3.953763e+01	-7.384843e+02
4.300000e-07	-5.518265e-06	-1.235971e-08	-3.875332e+01	-7.339541e+02
4.400000e-07	-5.404490e-06	-1.229440e-08	-3.795431e+01	-7.292544e+02
4.500000e-07	-5.288502e-06	-1.221726e-08	-3.713975e+01	-7.243895e+02
4.600000e-07	-5.170446e-06	-1.210870e-08	-3.631068e+01	-7.193745e+02
4.700000e-07	-5.050502e-06	-1.201781e-08	-3.546834e+01	-7.142288e+02
4.800000e-07	-4.928730e-06	-1.194385e-08	-3.461317e+01	-7.089676e+02
4.900000e-07	-4.805129e-06	-1.187409e-08	-3.374515e+01	-7.035959e+02
5.000000e-07	-4.679775e-06	-1.176480e-08	-3.286482e+01	-6.981057e+02
5.100000e-07	-4.552873e-06	-1.166129e-08	-3.197362e+01	-6.924794e+02
5.200000e-07	-4.424412e-06	-1.157089e-08	-3.107148e+01	-6.866959e+02
5.300000e-07	-4.294350e-06	-1.147627e-08	-3.015808e+01	-6.807381e+02
5.400000e-07	-4.162646e-06	-1.135794e-08	-2.923316e+01	-6.745983e+02
5.500000e-07	-4.029355e-06	-1.123912e-08	-2.829709e+01	-6.682788e+02
5.600000e-07	-3.894629e-06	-1.114236e-08	-2.735095e+01	-6.617883e+02
5.700000e-07	-3.758467e-06	-1.104292e-08	-2.639472e+01	-6.551354e+02
5.800000e-07	-3.620927e-06	-1.092640e-08	-2.542881e+01	-6.483221e+02
5.900000e-07	-3.482057e-06	-1.079778e-08	-2.445357e+01	-6.413404e+02
6.000000e-07	-3.341767e-06	-1.068451e-08	-2.346835e+01	-6.341730e+02
6.100000e-07	-3.200074e-06	-1.056803e-08	-2.247327e+01	-6.267986e+02
6.200000e-07	-3.057159e-06	-1.043481e-08	-2.146962e+01	-6.191985e+02
6.300000e-07	-2.913121e-06	-1.029092e-08	-2.045808e+01	-6.113626e+02
6.400000e-07	-2.768010e-06	-1.015526e-08	-1.943900e+01	-6.032914e+02
6.500000e-07	-2.621924e-06	-1.002398e-08	-1.841308e+01	-5.949935e+02
6.600000e-07	-2.474927e-06	-9.879418e-09	-1.738076e+01	-5.864796e+02
6.700000e-07	-2.327092e-06	-9.727664e-09	-1.634255e+01	-5.777554e+02
6.800000e-07	-2.178464e-06	-9.578435e-09	-1.529878e+01	-5.688161e+02
6.900000e-07	-2.029073e-06	-9.433886e-09	-1.424964e+01	-5.596457e+02
7.000000e-07	-1.879001e-06	-9.273919e-09	-1.319573e+01	-5.502198e+02
7.100000e-07	-1.728247e-06	-9.100666e-09	-1.213702e+01	-5.405127e+02
7.200000e-07	-1.576835e-06	-8.926851e-09	-1.107369e+01	-5.305039e+02
7.300000e-07	-1.424859e-06	-8.759373e-09	-1.000641e+01	-5.201824e+02
7.400000e-07	-1.272376e-06	-8.584912e-09	-8.935560e+00	-5.095466e+02
7.500000e-07	-1.119482e-06	-8.396432e-09	-7.861829e+00	-4.985994e+02
7.600000e-07	-9.662420e-07	-8.206251e-09	-6.785663e+00	-4.873407e+02
7.700000e-07	-8.126397e-07	-8.015027e-09	-5.706954e+00	-4.757593e+02
7.800000e-07	-6.586881e-07	-7.815898e-09	-4.625793e+00	-4.638286e+02
7.900000e-07	-5.044999e-07	-7.601663e-09	-3.542970e+00	-4.515054e+02
8.000000e-07	-3.501599e-07	-7.382714e-09	-2.459080e+00	-4.387341e+02
8.100000e-07	-1.956459e-07	-7.162856e-09	-1.373970e+00	-4.254532e+02
8.200000e-07	-4.103653e-08	-6.935054e-09	-2.881887e-01	-4.116027e+02
8.300000e-07	1.135598e-07	-6.690817e-09	7.975006e-01	-3.971297e+02
8.400000e-07	2.681126e-07	-6.431596e-09	1.882884e+00	-3.819913e+02
8.500000e-07	4.225756e-07	-6.164183e-09	2.967636e+00	-3.661548e+02
8.600000e-07	5.768130e-07	-5.884423e-09	4.050805e+00	-3.495964e+02
8.700000e-07	7.307830e-07	-5.588403e-09	5.132096e+00	-3.322990e+02
8.800000e-07	8.845411e-07	-5.281814e-09	6.211898e+00	-3.142499e+02
8.900000e-07	1.037984e-06	-4.970184e-09	7.289489e+00	-2.954388e+02
9.000000e-07	1.190951e-06	-4.647464e-09	8.363735e+00	-2.758535e+02
9.100000e-07	1.343498e-06	-4.305070e-09	9.435033e+00	-2.554748e+02
9.200000e-07	1.495661e-06	-3.942650e-09	1.050363e+01	-2.342683e+02
9.300000e-07	1.647294e-06	-3.567514e-09	1.156851e+01	-2.121771e+02
9.400000e-07	1.798283e-06	-3.179570e-09	1.262887e+01	-1.891160e+02
9.500000e-07	1.948634e-06	-2.771087e-09	1.368474e+01	-1.649718e+02
9.600000e-07	2.098297e-06	-2.342113e-09	1.473579e+01	-1.396125e+02
9.700000e-07	2.247159e-06	-1.895071e-09	1.578120e+01	-1.129039e+02
9.800000e-07	2.395226e-06	-1.425968e-09	1.682104e+01	-8.473323e+01
9.900000e-07	2.542446e-06	-9.243066e-10	1.785493e+01	-5.503409e+01
1.000000e-06	2.688746e-06	-3.908972e-10	1.888235e+01	-2.380778e+01
1.010000e-06	2.834094e-06	1.635898e-10	1.990310e+01	8.864483e+00
1.020000e-06	2.978472e-06	7.347977e-10	2.091702e+01	4.282066e+01
1.030000e-06	3.121800e-06	1.325066e-09	2.192358e+01	7.782816e+01
1.040000e-06	3.263898e-06	1.933304e-09	2.292149e+01	1.136020e+02
1.050000e-06	3.404699e-06	2.547473e-09	2.391030e+01	1.498265e+02
1.060000e-06	3.544200e-06	3.159998e-09	2.488998e+01	1.861750e+02
1.070000e-06	3.682326e-06	3.768237e-09	2.586000e+01	2.223262e+02
1.080000e-06	3.819069e-06	4.369104e-09	2.682031e+01	2.579744e+02
1.090000e-06	3.954424e-06	4.956240e-09	2.777088e+01	2.928374e+02
1.100000e-06	4.088322e-06	5.523680e-09	2.871121e+01	3.266625e+02
1.110000e-06	4.220755e-06	6.072112e-09	2.964125e+01	3.592335e+02
1.120000e-06	4.351674e-06	6.601984e-09	3.056066e+01	3.903791e+02
1.130000e-06	4.481050e-06	7.107504e-09	3.146923e+01	4.199807e+02
1.140000e-06	4.608892e-06	7.580416e-09	3.236703e+01	4.479764e+02
1.150000e-06	4.735095e-06	8.021262e-09	3.325332e+01	4.743594e+02
1.160000e-06	4.859619e-06	8.434806e-09	3.412782e+01	4.991688e+02
1.170000e-06	4.982399e-06	8.823140e-09	3.499007e+01	5.224738e+02
1.180000e-06	5.103391e-06	9.184519e-09	3.583977e+01	5.443564e+02
1.190000e-06	5.222554e-06	9.525444e-09	3.667662e+01	5.648949e+02
1.200000e-06	5.339782e-06	9.851785e-09	3.749988e+01	5.841547e+02
1.210000e-06	5.454979e-06	1.016015e-08	3.830888e+01	6.021870e+02
1.220000e-06	5.568050e-06	1.044640e-08	3.910295e+01	6.190344e+02
1.230000e-06	5.679083e-06	1.070882e-08	3.988270e+01	6.347415e+02
1.240000e-06	5.788141e-06	1.095261e-08	4.064859e+01	6.493634e+02
1.250000e-06	5.895135e-06	1.117766e-08	4.139998e+01	6.629697e+02
1.260000e-06	5.999990e-06	1.138531e-08	4.213635e+01	6.756419e+02
1.270000e-06	6.102647e-06	1.158129e-08	4.285728e+01	6.874639e+02
1.280000e-06	6.203053e-06	1.176938e-08	4.356241e+01	6.985115e+02
1.290000e-06	6.301168e-06	1.194802e-08	4.425144e+01	7.088433e+02
1.300000e-06	6.396997e-06	1.211281e-08	4.492442e+01	7.184979e+02
1.310000e-06	6.490656e-06	1.226191e-08	4.558216e+01	7.274983e+02
1.320000e-06	6.582126e-06	1.239867e-08	4.622453e+01	7.358614e+02
1.330000e-06	6.671228e-06	1.252649e-08	4.685027e+01	7.436098e+02
1.340000e-06	6.757930e-06	1.264440e-08	4.745916e+01	7.507790e+02
1.350000e-06	6.842305e-06	1.275232e-08	4.805170e+01	7.574199e+02
1.360000e-06	6.924352e-06	1.285444e-08	4.862789e+01	7.635928e+02
1.370000e-06	7.003916e-06	1.295385e-08	4.918665e+01	7.693577e+02
1.380000e-06	7.080889e-06	1.304852e-08	4.972721e+01	7.747633e+02
1.390000e-06	7.155193e-06	1.313478e-08	5.024903e+01	7.798403e+02
1.400000e-06	7.226861e-06	1.321104e-08	5.075233e+01	7.846010e+02
1.410000e-06	7.296017e-06	1.328211e-08	5.123800e+01	7.890458e+02
1.420000e-06	7.362569e-06	1.335058e-08	5.170538e+01	7.931734e+02
1.430000e-06	7.426468e-06	1.341404e-08	5.215413e+01	7.969903e+02
1.440000e-06	7.487807e-06	1.347270e-08	5.258489e+01	8.005164e+02
1.450000e-06	7.546522e-06	1.352914e-08	5.299723e+01	8.037828e+02
1.460000e-06	7.602506e-06	1.358402e-08	5.339039e+01	8.068245e+02
1.470000e-06	7.655617e-06	1.363330e-08	5.376337e+01	8.096709e+02
1.480000e-06	7.705596e-06	1.367542e-08	5.411437e+01	8.123366e+02
1.490000e-06	7.752527e-06	1.371463e-08	5.444395e+01	8.148195e+02
1.500000e-06	7.796711e-06	1.375113e-08	5.475424e+01	8.171048e+02
1.510000e-06	7.838103e-06	1.378356e-08	5.504493e+01	8.191748e+02
1.520000e-06	7.876684e-06	1.381273e-08	5.531587e+01	8.210201e+02
1.530000e-06	7.912631e-06	1.384135e-08	5.556832e+01	8.226471e+02
1.540000e-06	7.945836e-06	1.386812e-08	5.580151e+01	8.240798e+02
1.550000e-06	7.976253e-06	1.388998e-08	5.601512e+01	8.253531e+02
1.560000e-06	8.003924e-06	1.390691e-08	5.620945e+01	8.265026e+02
1.570000e-06	8.028665e-06	1.392186e-08	5.638319e+01	8.275520e+02
1.580000e-06	8.050554e-06	1.393584e-08	5.653691e+01	8.285063e+02
1.590000e-06	8.069781e-06	1.394764e-08	5.667194e+01	8.293516e+02
1.600000e-06	8.086137e-06	1.395683e-08	5.678681e+01	8.300623e+02
1.610000e-06	8.099412e-06	1.396657e-08	5.688003e+01	8.306135e+02
1.620000e-06	8.109533e-06	1.397650e-08	5.695111e+01	8.309922e+02
1.630000e-06	8.116649e-06	1.398089e-08	5.700108e+01	8.312047e+02
1.640000e-06	8.120974e-06	1.397900e-08	5.703145e+01	8.312755e+02
1.650000e-06	8.122404e-06	1.397252e-08	5.704150e+01	8.312388e+02
1.660000e-06	8.121087e-06	1.397658e-08	5.703225e+01	8.311261e+02
1.670000e-06	8.117219e-06	1.397499e-08	5.700509e+01	8.309550e+02
1.680000e-06	8.110621e-06	1.396658e-08	5.695875e+01	8.307229e+02
1.690000e-06	8.101322e-06	1.395954e-08	5.689344e+01	8.304094e+02
1.700000e-06	8.089227e-06	1.395310e-08	5.680850e+01	8.299853e+02
1.710000e-06	8.074264e-06	1.393883e-08	5.670342e+01	8.294249e+02
1.720000e-06	8.056830e-06	1.390069e-08	5.658099e+01	8.287181e+02
1.730000e-06	8.037126e-06	1.395073e-08	5.644262e+01	8.278744e+02
1.740000e-06	8.014596e-06	1.399823e-08	5.628439e+01	8.269210e+02
1.750000e-06	7.988497e-06	1.391610e-08	5.610111e+01	8.258929e+02
1.760000e-06	7.958714e-06	1.384919e-08	5.589195e+01	8.248199e+02
1.770000e-06	7.925888e-06	1.385355e-08	5.566142e+01	8.237166e+02
1.780000e-06	7.890595e-06	1.380954e-08	5.541357e+01	8.225773e+02
1.790000e-06	7.852858e-06	1.375768e-08	5.514855e+01	8.213786e+02
1.800000e-06	7.812951e-06	1.384643e-08	5.486829e+01	8.200889e+02
1.810000e-06	7.770786e-06	1.371029e-08	5.457217e+01	8.186793e+02
1.820000e-06	7.725975e-06	1.373703e-08	5.425748e+01	8.171335e+02
1.830000e-06	7.678493e-06	1.379005e-08	5.392403e+01	8.154515e+02
1.840000e-06	7.627974e-06	1.363683e-08	5.356925e+01	8.136471e+02
1.850000e-06	7.574438e-06	1.370390e-08	5.319328e+01	8.117404e+02
1.860000e-06	7.518087e-06	1.357159e-08	5.279754e+01	8.097484e+02
1.870000e-06	7.458980e-06	1.360650e-08	5.238245e+01	8.076786e+02
1.880000e-06	7.397310e-06	1.358542e-08	5.194935e+01	8.055265e+02
1.890000e-06	7.332816e-06	1.346996e-08	5.149643e+01	8.032792e+02
1.900000e-06	7.265614e-06	1.352307e-08	5.102449e+01	8.009223e+02
1.910000e-06	7.195707e-06	1.341314e-08	5.053355e+01	7.984460e+02
1.920000e-06	7.123014e-06	1.342173e-08	5.002305e+01	7.958499e+02
1.930000e-06	7.047691e-06	1.331753e-08	4.949407e+01	7.931417e+02
1.940000e-06	6.969575e-06	1.328888e-08	4.894548e+01	7.903332e+02
1.950000e-06	6.888891e-06	1.328933e-08	4.837886e+01	7.874332e+02
1.960000e-06	6.805770e-06	1.317586e-08	4.779512e+01	7.844430e+02
1.970000e-06	6.720152e-06	1.318181e-08	4.719385e+01	7.813547e+02
1.980000e-06	6.632069e-06	1.306731e-08	4.657527e+01	7.781539e+02
1.990000e-06	6.541633e-06	1.305260e-08	4.594016e+01	7.748260e+02
2.000000e-06	6.448981e-06	1.297542e-08	4.528949e+01	7.713626e+02
2.010000e-06	6.354024e-06	1.291387e-08	4.462263e+01	7.677649e+02
2.020000e-06	6.256816e-06	1.286693e-08	4.393996e+01	7.640433e+02
2.030000e-06	6.157420e-06	1.279073e-08	4.324194e+01	7.602124e+02
2.040000e-06	6.055842e-06	1.275589e-08	4.252858e+01	7.562840e+02
2.050000e-06	5.951974e-06	1.264721e-08	4.179914e+01	7.522605e+02
2.060000e-06	5.845935e-06	1.259700e-08	4.105445e+01	7.481326e+02
2.070000e-06	5.737844e-06	1.249985e-08	4.029536e+01	7.438811e+02
2.080000e-06	5.627674e-06	1.244648e-08	3.952167e+01	7.394840e+02
2.090000e-06	5.515439e-06	1.235960e-08	3.873347e+01	7.349235e+02
2.100000e-06	5.401072e-06	1.228449e-08	3.793030e+01	7.301934e+02
2.110000e-06	5.284658e-06	1.221166e-08	3.711276e+01	7.253001e+02
2.120000e-06	5.166181e-06	1.212518e-08	3.628073e+01	7.202601e+02
2.130000e-06	5.045731e-06	1.203622e-08	3.543484e+01	7.150926e+02
2.140000e-06	4.923462e-06	1.192952e-08	3.457617e+01	7.098114e+02
2.150000e-06	4.799473e-06	1.185281e-08	3.370543e+01	7.044192e+02
2.160000e-06	4.673812e-06	1.175480e-08	3.282294e+01	6.989060e+02
2.170000e-06	4.546439e-06	1.166951e-08	3.192844e+01	6.932529e+02
2.180000e-06	4.417394e-06	1.156413e-08	3.102219e+01	6.874391e+02
2.190000e-06	4.286805e-06	1.147569e-08	3.010510e+01	6.814488e+02
2.200000e-06	4.154752e-06	1.137159e-08	2.917773e+01	6.752763e+02
2.210000e-06	4.021199e-06	1.126253e-08	2.823982e+01	6.689252e+02
2.220000e-06	3.886198e-06	1.114456e-08	2.729174e+01	6.624050e+02
2.230000e-06	3.749717e-06	1.103150e-08	2.633327e+01	6.557233e+02
2.240000e-06	3.611776e-06	1.092340e-08	2.536455e+01	6.488806e+02
2.250000e-06	3.472522e-06	1.080189e-08	2.438661e+01	6.418669e+02
2.260000e-06	3.332038e-06	1.067949e-08	2.340002e+01	6.346639e+02
2.270000e-06	3.190254e-06	1.055140e-08	2.240431e+01	6.272501e+02
2.280000e-06	3.047226e-06	1.043057e-08	2.139986e+01	6.196081e+02
2.290000e-06	2.903067e-06	1.029767e-08	2.038747e+01	6.117296e+02
2.300000e-06	2.757863e-06	1.016118e-08	1.936775e+01	6.036169e+02
2.310000e-06	2.611774e-06	1.001751e-08	1.834180e+01	5.952794e+02
2.320000e-06	2.464757e-06	9.875397e-09	1.730934e+01	5.867276e+02
2.330000e-06	2.316862e-06	9.728755e-09	1.627071e+01	5.779654e+02
2.340000e-06	2.168175e-06	9.574734e-09	1.522652e+01	5.689861e+02
2.350000e-06	2.018720e-06	9.418217e-09	1.417693e+01	5.597717e+02
2.360000e-06	1.868588e-06	9.259589e-09	1.312260e+01	5.502972e+02
2.370000e-06	1.717820e-06	9.099536e-09	1.206379e+01	5.405372e+02
2.380000e-06	1.566409e-06	8.929904e-09	1.100047e+01	5.304728e+02
2.390000e-06	1.414442e-06	8.753197e-09	9.933256e+00	5.200948e+02
2.400000e-06	1.261964e-06	8.573506e-09	8.862438e+00	5.094030e+02
2.410000e-06	1.108987e-06	8.387855e-09	7.788121e+00	4.984001e+02
2.420000e-06	9.556151e-07	8.195478e-09	6.711032e+00	4.870847e+02
2.430000e-06	8.019234e-07	7.999133e-09	5.631696e+00	4.754432e+02
2.440000e-06	6.479327e-07	7.800368e-09	4.550260e+00	4.634458e+02
2.450000e-06	4.936902e-07	7.595453e-09	3.467056e+00	4.510467e+02
2.460000e-06	3.392632e-07	7.377588e-09	2.382556e+00	4.381886e+02
2.470000e-06	1.847144e-07	7.150400e-09	1.297200e+00	4.248100e+02
2.480000e-06	3.018554e-08	6.913667e-09	2.119851e-01	4.108517e+02
2.490000e-06	-1.243591e-07	6.668011e-09	-8.733415e-01	3.962625e+02
2.500000e-06	-2.789226e-07	6.411222e-09	-1.958800e+00	3.810013e+02
2.510000e-06	-4.333152e-07	6.143710e-09	-3.043058e+00	3.650372e+02
2.520000e-06	-5.874936e-07	5.867253e-09	-4.125812e+00	3.483477e+02
2.530000e-06	-7.415063e-07	5.576408e-09	-5.207403e+00	3.309166e+02
2.540000e-06	-8.952388e-07	5.269546e-09	-6.287026e+00	3.127320e+02
2.550000e-06	-1.048563e-06	4.946330e-09	-7.363782e+00	2.937833e+02
2.560000e-06	-1.201475e-06	4.612350e-09	-8.437641e+00	2.740578e+02
2.570000e-06	-1.353932e-06	4.267832e-09	-9.508307e+00	2.535341e+02
2.580000e-06	-1.505887e-06	3.910046e-09	-1.057545e+01	2.321744e+02
2.590000e-06	-1.657316e-06	3.535725e-09	-1.163889e+01	2.099168e+02
2.600000e-06	-1.808151e-06	3.145030e-09	-1.269816e+01	1.866710e+02
2.610000e-06	-1.958282e-06	2.737884e-09	-1.375249e+01	1.623197e+02
2.620000e-06	-2.107657e-06	2.307575e-09	-1.480152e+01	1.367287e+02
2.630000e-06	-2.256248e-06	1.851316e-09	-1.584503e+01	1.097661e+02
2.640000e-06	-2.404085e-06	1.371569e-09	-1.688326e+01	8.132534e+01
2.650000e-06	-2.551134e-06	8.692784e-10	-1.791594e+01	5.135095e+01
2.660000e-06	-2.697249e-06	3.434700e-10	-1.894207e+01	1.985784e+01
2.670000e-06	-2.842310e-06	-2.067046e-10	-1.996079e+01	-1.305805e+01
2.680000e-06	-2.986330e-06	-7.794536e-10	-2.097221e+01	-4.722105e+01
2.690000e-06	-3.129309e-06	-1.367790e-09	-2.197631e+01	-8.238772e+01
2.700000e-06	-3.271115e-06	-1.967256e-09	-2.297218e+01	-1.182660e+02
2.710000e-06	-3.411684e-06	-2.575171e-09	-2.395936e+01	-1.545369e+02
2.720000e-06	-3.550982e-06	-3.187754e-09	-2.493761e+01	-1.908736e+02
2.730000e-06	-3.688943e-06	-3.795451e-09	-2.590647e+01	-2.269570e+02
2.740000e-06	-3.825495e-06	-4.393874e-09	-2.686544e+01	-2.624852e+02
2.750000e-06	-3.960623e-06	-4.978578e-09	-2.781441e+01	-2.971808e+02
2.760000e-06	-4.094293e-06	-5.543166e-09	-2.875314e+01	-3.307968e+02
2.770000e-06	-4.226565e-06	-6.084056e-09	-2.968205e+01	-3.631246e+02
2.780000e-06	-4.357433e-06	-6.599725e-09	-3.060110e+01	-3.940019e+02
2.790000e-06	-4.486742e-06	-7.092756e-09	-3.150921e+01	-4.233198e+02
2.800000e-06	-4.614442e-06	-7.561409e-09	-3.240601e+01	-4.510268e+02
2.810000e-06	-4.740475e-06	-8.001987e-09	-3.329111e+01	-4.771251e+02
2.820000e-06	-4.864853e-06	-8.416073e-09	-3.416457e+01	-5.016604e+02
2.830000e-06	-4.987501e-06	-8.806780e-09	-3.502590e+01	-5.247056e+02
2.840000e-06	-5.108299e-06	-9.174109e-09	-3.587423e+01	-5.463429e+02
2.850000e-06	-5.227156e-06	-9.519359e-09	-3.670894e+01	-5.666490e+02
2.860000e-06	-5.343997e-06	-9.840732e-09	-3.752948e+01	-5.856865e+02
2.870000e-06	-5.458701e-06	-1.014184e-08	-3.833502e+01	-6.035044e+02
2.880000e-06	-5.571155e-06	-1.042402e-08	-3.912475e+01	-6.201450e+02
2.890000e-06	-5.681474e-06	-1.068681e-08	-3.989949e+01	-6.356541e+02
2.900000e-06	-5.789835e-06	-1.093073e-08	-4.066048e+01	-6.500893e+02
2.910000e-06	-5.896268e-06	-1.115546e-08	-4.140794e+01	-6.635229e+02
2.920000e-06	-6.000646e-06	-1.136535e-08	-4.214095e+01	-6.760374e+02
2.930000e-06	-6.102808e-06	-1.156287e-08	-4.285841e+01	-6.877163e+02
2.940000e-06	-6.202732e-06	-1.174812e-08	-4.356015e+01	-6.986326e+02
2.950000e-06	-6.300541e-06	-1.192110e-08	-4.424703e+01	-7.088414e+02
2.960000e-06	-6.396197e-06	-1.208429e-08	-4.491880e+01	-7.183781e+02
2.970000e-06	-6.489516e-06	-1.223800e-08	-4.557416e+01	-7.272636e+02
2.980000e-06	-6.580477e-06	-1.237777e-08	-4.621296e+01	-7.355153e+02
2.990000e-06	-6.669191e-06	-1.250428e-08	-4.683596e+01	-7.431574e+02
3.000000e-06	-6.755542e-06	-1.262236e-08	-4.744239e+01	-7.502284e+02
3.010000e-06	-6.839412e-06	-1.273305e-08	-4.803138e+01	-7.567814e+02
3.020000e-06	-6.920893e-06	-1.283681e-08	-4.860360e+01	-7.628776e+02
3.030000e-06	-6.999960e-06	-1.293343e-08	-4.915887e+01	-7.685755e+02
3.040000e-06	-7.076364e-06	-1.302610e-08	-4.969544e+01	-7.739209e+02
3.050000e-06	-7.150067e-06	-1.311389e-08	-5.021303e+01	-7.789412e+02
3.060000e-06	-7.221143e-06	-1.319448e-08	-5.071218e+01	-7.836459e+02
3.070000e-06	-7.289568e-06	-1.326707e-08	-5.119271e+01	-7.880343e+02
3.080000e-06	-7.355449e-06	-1.333357e-08	-5.165538e+01	-7.921058e+02
3.090000e-06	-7.418804e-06	-1.339578e-08	-5.210030e+01	-7.958693e+02
3.100000e-06	-7.479478e-06	-1.345472e-08	-5.252640e+01	-7.993467e+02
3.110000e-06	-7.537483e-06	-1.350919e-08	-5.293375e+01	-8.025706e+02
3.120000e-06	-7.592764e-06	-1.355973e-08	-5.332198e+01	-8.055760e+02
3.130000e-06	-7.645124e-06	-1.360900e-08	-5.368968e+01	-8.083897e+02
3.140000e-06	-7.694425e-06	-1.365617e-08	-5.403591e+01	-8.110236e+02
3.150000e-06	-7.740737e-06	-1.369851e-08	-5.436115e+01	-8.134728e+02
3.160000e-06	-7.784443e-06	-1.373562e-08	-5.466809e+01	-8.157211e+02
3.170000e-06	-7.825687e-06	-1.376914e-08	-5.495773e+01	-8.177516e+02
3.180000e-06	-7.864278e-06	-1.379952e-08	-5.522875e+01	-8.195571e+02
3.190000e-06	-7.900079e-06	-1.382632e-08	-5.548017e+01	-8.211475e+02
3.200000e-06	-7.933081e-06	-1.385135e-08	-5.571193e+01	-8.225492e+02
3.210000e-06	-7.963145e-06	-1.387700e-08	-5.592306e+01	-8.237983e+02
3.220000e-06	-7.990284e-06	-1.390140e-08	-5.611365e+01	-8.249288e+02
3.230000e-06	-8.014662e-06	-1.392133e-08	-5.628485e+01	-8.259617e+02
3.240000e-06	-8.036182e-06	-1.393523e-08	-5.643598e+01	-8.268983e+02
3.250000e-06	-8.054881e-06	-1.394587e-08	-5.656730e+01	-8.277219e+02
3.260000e-06	-8.070772e-06	-1.395610e-08	-5.667890e+01	-8.284060e+02
3.270000e-06	-8.083546e-06	-1.396625e-08	-5.676861e+01	-8.289270e+02
3.280000e-06	-8.093260e-06	-1.397384e-08	-5.683682e+01	-8.292752e+02
3.290000e-06	-8.100072e-06	-1.398046e-08	-5.688467e+01	-8.294605e+02
3.300000e-06	-8.103979e-06	-1.398900e-08	-5.691211e+01	-8.295097e+02
3.310000e-06	-8.105172e-06	-1.399316e-08	-5.692048e+01	-8.294576e+02
