# Temperatura_=_37.32
# Concentracion g/m^3_=_11780.0
# C_Vs_to_Am_M_A/Vsm_=_59384043850.047264
# pendiente_HvsI_1/m_=_3716.3
# ordenada_HvsI_A/m_=_1297.0
# frecuencia_Hz_=_301541.23636762175

Tiempo_(s)	Campo_(V.s)	Magnetizacion_(V.s)	Campo_(kA/m)	Magnetizacion_(A/m)
0.000000e+00	-8.093496e-06	-1.404911e-08	-5.691821e+01	-8.329197e+02
1.000000e-08	-8.090601e-06	-1.404538e-08	-5.689784e+01	-8.328363e+02
2.000000e-08	-8.085046e-06	-1.403794e-08	-5.685878e+01	-8.326567e+02
3.000000e-08	-8.076860e-06	-1.403119e-08	-5.680121e+01	-8.323737e+02
4.000000e-08	-8.065825e-06	-1.402415e-08	-5.672360e+01	-8.319798e+02
5.000000e-08	-8.051837e-06	-1.401602e-08	-5.662524e+01	-8.314689e+02
6.000000e-08	-8.034918e-06	-1.400624e-08	-5.650625e+01	-8.308396e+02
7.000000e-08	-8.015464e-06	-1.399183e-08	-5.636944e+01	-8.300965e+02
8.000000e-08	-7.993501e-06	-1.396148e-08	-5.621498e+01	-8.292493e+02
9.000000e-08	-7.968317e-06	-1.394003e-08	-5.603787e+01	-8.283112e+02
1.000000e-07	-7.939791e-06	-1.393207e-08	-5.583726e+01	-8.272956e+02
1.100000e-07	-7.908396e-06	-1.392521e-08	-5.561647e+01	-8.262124e+02
1.200000e-07	-7.874339e-06	-1.391418e-08	-5.537697e+01	-8.250650e+02
1.300000e-07	-7.837793e-06	-1.389032e-08	-5.511995e+01	-8.238498e+02
1.400000e-07	-7.799102e-06	-1.387571e-08	-5.484786e+01	-8.225564e+02
1.500000e-07	-7.758162e-06	-1.386138e-08	-5.455994e+01	-8.211714e+02
1.600000e-07	-7.714425e-06	-1.383137e-08	-5.425235e+01	-8.196815e+02
1.700000e-07	-7.667825e-06	-1.376793e-08	-5.392464e+01	-8.180777e+02
1.800000e-07	-7.618302e-06	-1.373126e-08	-5.357636e+01	-8.163571e+02
1.900000e-07	-7.565662e-06	-1.372291e-08	-5.320616e+01	-8.145232e+02
2.000000e-07	-7.510188e-06	-1.369479e-08	-5.281604e+01	-8.125838e+02
2.100000e-07	-7.452015e-06	-1.366399e-08	-5.240693e+01	-8.105472e+02
2.200000e-07	-7.391209e-06	-1.361937e-08	-5.197931e+01	-8.084191e+02
2.300000e-07	-7.327767e-06	-1.358493e-08	-5.153315e+01	-8.061999e+02
2.400000e-07	-7.261528e-06	-1.354893e-08	-5.106732e+01	-8.038846e+02
2.500000e-07	-7.192583e-06	-1.349302e-08	-5.058246e+01	-8.014646e+02
2.600000e-07	-7.120996e-06	-1.343711e-08	-5.007902e+01	-7.989309e+02
2.700000e-07	-7.046714e-06	-1.339633e-08	-4.955662e+01	-7.962774e+02
2.800000e-07	-6.969665e-06	-1.337744e-08	-4.901477e+01	-7.935031e+02
2.900000e-07	-6.889830e-06	-1.332875e-08	-4.845332e+01	-7.906122e+02
3.000000e-07	-6.807481e-06	-1.325842e-08	-4.787419e+01	-7.876123e+02
3.100000e-07	-6.722862e-06	-1.320418e-08	-4.727911e+01	-7.845109e+02
3.200000e-07	-6.635967e-06	-1.315296e-08	-4.666800e+01	-7.813124e+02
3.300000e-07	-6.546751e-06	-1.309807e-08	-4.604059e+01	-7.780158e+02
3.400000e-07	-6.455183e-06	-1.303341e-08	-4.539663e+01	-7.746153e+02
3.500000e-07	-6.361297e-06	-1.297911e-08	-4.473637e+01	-7.711019e+02
3.600000e-07	-6.265087e-06	-1.292680e-08	-4.405976e+01	-7.674674e+02
3.700000e-07	-6.166584e-06	-1.286450e-08	-4.336703e+01	-7.637070e+02
3.800000e-07	-6.065859e-06	-1.279041e-08	-4.265867e+01	-7.598205e+02
3.900000e-07	-5.962938e-06	-1.271255e-08	-4.193487e+01	-7.558123e+02
4.000000e-07	-5.857830e-06	-1.264947e-08	-4.119569e+01	-7.516877e+02
4.100000e-07	-5.750596e-06	-1.258696e-08	-4.044156e+01	-7.474496e+02
4.200000e-07	-5.641307e-06	-1.251415e-08	-3.967298e+01	-7.430955e+02
4.300000e-07	-5.530028e-06	-1.243119e-08	-3.889040e+01	-7.386169e+02
4.400000e-07	-5.416675e-06	-1.235490e-08	-3.809323e+01	-7.340005e+02
4.500000e-07	-5.301133e-06	-1.227958e-08	-3.728067e+01	-7.292325e+02
4.600000e-07	-5.183550e-06	-1.219281e-08	-3.645376e+01	-7.243033e+02
4.700000e-07	-5.064125e-06	-1.210130e-08	-3.561389e+01	-7.192107e+02
4.800000e-07	-4.942863e-06	-1.201539e-08	-3.476111e+01	-7.139608e+02
4.900000e-07	-4.819776e-06	-1.193254e-08	-3.389549e+01	-7.085657e+02
5.000000e-07	-4.694938e-06	-1.183825e-08	-3.301755e+01	-7.030388e+02
5.100000e-07	-4.568477e-06	-1.173744e-08	-3.212821e+01	-6.973885e+02
5.200000e-07	-4.440457e-06	-1.163746e-08	-3.122789e+01	-6.916149e+02
5.300000e-07	-4.310767e-06	-1.153906e-08	-3.031584e+01	-6.857076e+02
5.400000e-07	-4.179476e-06	-1.143695e-08	-2.939252e+01	-6.796481e+02
5.500000e-07	-4.046644e-06	-1.132938e-08	-2.845837e+01	-6.734151e+02
5.600000e-07	-3.912346e-06	-1.122221e-08	-2.751391e+01	-6.669905e+02
5.700000e-07	-3.776657e-06	-1.111583e-08	-2.655966e+01	-6.603636e+02
5.800000e-07	-3.639521e-06	-1.100370e-08	-2.559524e+01	-6.535334e+02
5.900000e-07	-3.501009e-06	-1.088219e-08	-2.462115e+01	-6.465062e+02
6.000000e-07	-3.361218e-06	-1.075999e-08	-2.363805e+01	-6.392911e+02
6.100000e-07	-3.220057e-06	-1.063752e-08	-2.264533e+01	-6.318941e+02
6.200000e-07	-3.077527e-06	-1.051103e-08	-2.164297e+01	-6.243137e+02
6.300000e-07	-2.933826e-06	-1.037815e-08	-2.063239e+01	-6.165395e+02
6.400000e-07	-2.789053e-06	-1.024209e-08	-1.961425e+01	-6.085543e+02
6.500000e-07	-2.643285e-06	-1.010537e-08	-1.858913e+01	-6.003391e+02
6.600000e-07	-2.496599e-06	-9.964846e-09	-1.755755e+01	-5.918779e+02
6.700000e-07	-2.349043e-06	-9.819092e-09	-1.651985e+01	-5.831621e+02
6.800000e-07	-2.200702e-06	-9.667758e-09	-1.547662e+01	-5.741905e+02
6.900000e-07	-2.051582e-06	-9.511943e-09	-1.442793e+01	-5.649668e+02
7.000000e-07	-1.901763e-06	-9.351355e-09	-1.337431e+01	-5.554944e+02
7.100000e-07	-1.751383e-06	-9.187721e-09	-1.231675e+01	-5.457712e+02
7.200000e-07	-1.600430e-06	-9.019723e-09	-1.125516e+01	-5.357860e+02
7.300000e-07	-1.448885e-06	-8.848779e-09	-1.018941e+01	-5.255189e+02
7.400000e-07	-1.296778e-06	-8.674021e-09	-9.119703e+00	-5.149444e+02
7.500000e-07	-1.144174e-06	-8.492264e-09	-8.046499e+00	-5.040365e+02
7.600000e-07	-9.911722e-07	-8.301993e-09	-6.970504e+00	-4.927733e+02
7.700000e-07	-8.378564e-07	-8.102593e-09	-5.892297e+00	-4.811382e+02
7.800000e-07	-6.842675e-07	-7.898056e-09	-4.812170e+00	-4.691180e+02
7.900000e-07	-5.304234e-07	-7.690557e-09	-3.730248e+00	-4.566966e+02
8.000000e-07	-3.764131e-07	-7.478427e-09	-2.647157e+00	-4.438477e+02
8.100000e-07	-2.222641e-07	-7.256330e-09	-1.563091e+00	-4.305296e+02
8.200000e-07	-6.793478e-08	-7.023852e-09	-4.777571e-01	-4.166839e+02
8.300000e-07	8.644476e-08	-6.782453e-09	6.079302e-01	-4.022404e+02
8.400000e-07	2.407186e-07	-6.526129e-09	1.692874e+00	-3.871264e+02
8.500000e-07	3.948733e-07	-6.252817e-09	2.776980e+00	-3.712790e+02
8.600000e-07	5.488579e-07	-5.967079e-09	3.859890e+00	-3.546553e+02
8.700000e-07	7.026538e-07	-5.673772e-09	4.941473e+00	-3.372369e+02
8.800000e-07	8.562335e-07	-5.371654e-09	6.021535e+00	-3.190276e+02
8.900000e-07	1.009504e-06	-5.054787e-09	7.099422e+00	-3.000419e+02
9.000000e-07	1.162415e-06	-4.722527e-09	8.174781e+00	-2.802899e+02
9.100000e-07	1.314928e-06	-4.377845e-09	9.247342e+00	-2.597600e+02
9.200000e-07	1.466951e-06	-4.018550e-09	1.031646e+01	-2.384058e+02
9.300000e-07	1.618336e-06	-3.640560e-09	1.138108e+01	-2.161409e+02
9.400000e-07	1.769063e-06	-3.242683e-09	1.244109e+01	-1.928431e+02
9.500000e-07	1.919263e-06	-2.829028e-09	1.349738e+01	-1.683670e+02
9.600000e-07	2.068918e-06	-2.398918e-09	1.454984e+01	-1.425634e+02
9.700000e-07	2.217873e-06	-1.942502e-09	1.559738e+01	-1.153011e+02
9.800000e-07	2.365993e-06	-1.454742e-09	1.663905e+01	-8.648672e+01
9.900000e-07	2.513144e-06	-9.401468e-10	1.767390e+01	-5.608112e+01
1.000000e-06	2.659369e-06	-4.023758e-10	1.870224e+01	-2.410932e+01
1.010000e-06	2.804742e-06	1.619860e-10	1.972459e+01	9.334959e+00
1.020000e-06	2.949102e-06	7.525842e-10	2.073982e+01	4.408992e+01
1.030000e-06	3.092327e-06	1.359590e-09	2.174705e+01	7.993033e+01
1.040000e-06	3.234395e-06	1.976507e-09	2.274616e+01	1.165757e+02
1.050000e-06	3.375240e-06	2.602736e-09	2.373667e+01	1.537018e+02
1.060000e-06	3.514764e-06	3.235273e-09	2.471788e+01	1.909555e+02
1.070000e-06	3.652910e-06	3.861107e-09	2.568941e+01	2.279726e+02
1.080000e-06	3.789706e-06	4.470630e-09	2.665143e+01	2.643981e+02
1.090000e-06	3.925167e-06	5.065265e-09	2.760407e+01	2.999068e+02
1.100000e-06	4.059256e-06	5.645084e-09	2.854706e+01	3.342216e+02
1.110000e-06	4.191890e-06	6.202140e-09	2.947983e+01	3.671262e+02
1.120000e-06	4.322934e-06	6.729931e-09	3.040141e+01	3.984718e+02
1.130000e-06	4.452367e-06	7.230437e-09	3.131165e+01	4.281753e+02
1.140000e-06	4.580257e-06	7.705480e-09	3.221105e+01	4.562109e+02
1.150000e-06	4.706560e-06	8.151623e-09	3.309929e+01	4.825966e+02
1.160000e-06	4.831235e-06	8.563991e-09	3.397607e+01	5.073800e+02
1.170000e-06	4.954174e-06	8.948106e-09	3.484065e+01	5.306243e+02
1.180000e-06	5.075318e-06	9.311249e-09	3.569261e+01	5.523985e+02
1.190000e-06	5.194676e-06	9.654369e-09	3.653200e+01	5.727722e+02
1.200000e-06	5.312147e-06	9.974410e-09	3.735813e+01	5.918134e+02
1.210000e-06	5.427529e-06	1.027281e-08	3.816956e+01	6.095894e+02
1.220000e-06	5.540746e-06	1.055470e-08	3.896577e+01	6.261684e+02
1.230000e-06	5.651911e-06	1.081912e-08	3.974755e+01	6.416202e+02
1.240000e-06	5.761117e-06	1.105925e-08	4.051555e+01	6.560158e+02
1.250000e-06	5.868328e-06	1.127727e-08	4.126952e+01	6.694256e+02
1.260000e-06	5.973392e-06	1.148492e-08	4.200839e+01	6.819168e+02
1.270000e-06	6.076306e-06	1.168316e-08	4.273214e+01	6.935520e+02
1.280000e-06	6.177081e-06	1.186531e-08	4.344085e+01	7.043880e+02
1.290000e-06	6.275576e-06	1.203220e-08	4.413352e+01	7.144763e+02
1.300000e-06	6.371743e-06	1.218986e-08	4.480983e+01	7.238642e+02
1.310000e-06	6.465678e-06	1.233838e-08	4.547044e+01	7.325965e+02
1.320000e-06	6.557404e-06	1.247267e-08	4.611551e+01	7.407167e+02
1.330000e-06	6.646831e-06	1.259483e-08	4.674441e+01	7.482672e+02
1.340000e-06	6.733877e-06	1.271132e-08	4.735657e+01	7.552893e+02
1.350000e-06	6.818567e-06	1.282114e-08	4.795216e+01	7.618227e+02
1.360000e-06	6.900917e-06	1.292202e-08	4.853129e+01	7.679044e+02
1.370000e-06	6.980808e-06	1.301344e-08	4.909313e+01	7.735685e+02
1.380000e-06	7.058131e-06	1.310121e-08	4.963691e+01	7.788467e+02
1.390000e-06	7.132761e-06	1.318726e-08	5.016175e+01	7.837681e+02
1.400000e-06	7.204695e-06	1.326422e-08	5.066763e+01	7.883597e+02
1.410000e-06	7.274111e-06	1.333148e-08	5.115581e+01	7.926470e+02
1.420000e-06	7.340953e-06	1.339614e-08	5.162588e+01	7.966525e+02
1.430000e-06	7.405153e-06	1.346067e-08	5.207737e+01	8.003961e+02
1.440000e-06	7.466821e-06	1.352095e-08	5.251106e+01	8.038936e+02
1.450000e-06	7.525887e-06	1.357388e-08	5.292645e+01	8.071567e+02
1.460000e-06	7.582272e-06	1.362246e-08	5.332297e+01	8.101936e+02
1.470000e-06	7.635856e-06	1.367191e-08	5.369981e+01	8.130099e+02
1.480000e-06	7.686329e-06	1.371769e-08	5.405477e+01	8.156107e+02
1.490000e-06	7.733737e-06	1.375711e-08	5.438817e+01	8.180019e+02
1.500000e-06	7.778366e-06	1.379276e-08	5.470203e+01	8.201918e+02
1.510000e-06	7.820170e-06	1.382699e-08	5.499601e+01	8.221911e+02
1.520000e-06	7.859176e-06	1.385809e-08	5.527033e+01	8.240122e+02
1.530000e-06	7.895562e-06	1.388300e-08	5.552622e+01	8.256680e+02
1.540000e-06	7.929183e-06	1.390432e-08	5.576266e+01	8.271698e+02
1.550000e-06	7.959991e-06	1.392748e-08	5.597932e+01	8.285260e+02
1.560000e-06	7.988096e-06	1.395122e-08	5.617697e+01	8.297418e+02
1.570000e-06	8.013338e-06	1.396852e-08	5.635449e+01	8.308191e+02
1.580000e-06	8.035707e-06	1.398157e-08	5.651180e+01	8.317578e+02
1.590000e-06	8.055406e-06	1.399437e-08	5.665033e+01	8.325578e+02
1.600000e-06	8.072269e-06	1.400542e-08	5.676892e+01	8.332208e+02
1.610000e-06	8.086042e-06	1.401345e-08	5.686578e+01	8.337511e+02
1.620000e-06	8.096632e-06	1.401860e-08	5.694026e+01	8.341560e+02
1.630000e-06	8.104222e-06	1.402469e-08	5.699364e+01	8.344452e+02
1.640000e-06	8.109047e-06	1.403142e-08	5.702757e+01	8.346285e+02
1.650000e-06	8.111028e-06	1.403232e-08	5.704150e+01	8.347142e+02
1.660000e-06	8.110208e-06	1.402887e-08	5.703573e+01	8.347069e+02
1.670000e-06	8.106777e-06	1.402580e-08	5.701160e+01	8.346067e+02
1.680000e-06	8.100637e-06	1.402493e-08	5.696842e+01	8.344092e+02
1.690000e-06	8.091761e-06	1.402082e-08	5.690600e+01	8.341069e+02
1.700000e-06	8.080170e-06	1.401111e-08	5.682449e+01	8.336924e+02
1.710000e-06	8.065751e-06	1.400148e-08	5.672309e+01	8.331603e+02
1.720000e-06	8.048767e-06	1.399390e-08	5.660365e+01	8.325102e+02
1.730000e-06	8.029477e-06	1.400086e-08	5.646798e+01	8.317476e+02
1.740000e-06	8.007467e-06	1.399809e-08	5.631320e+01	8.308831e+02
1.750000e-06	7.982007e-06	1.397466e-08	5.613415e+01	8.299303e+02
1.760000e-06	7.952896e-06	1.394535e-08	5.592943e+01	8.289020e+02
1.770000e-06	7.920606e-06	1.391748e-08	5.570234e+01	8.278073e+02
1.780000e-06	7.885740e-06	1.389402e-08	5.545714e+01	8.266483e+02
1.790000e-06	7.848506e-06	1.386577e-08	5.519529e+01	8.254200e+02
1.800000e-06	7.809089e-06	1.384237e-08	5.491809e+01	8.241113e+02
1.810000e-06	7.767443e-06	1.383026e-08	5.462521e+01	8.227084e+02
1.820000e-06	7.723188e-06	1.382527e-08	5.431398e+01	8.211986e+02
1.830000e-06	7.676248e-06	1.380254e-08	5.398387e+01	8.195739e+02
1.840000e-06	7.626387e-06	1.377329e-08	5.363322e+01	8.178327e+02
1.850000e-06	7.573492e-06	1.373316e-08	5.326123e+01	8.159793e+02
1.860000e-06	7.517716e-06	1.368132e-08	5.286898e+01	8.140220e+02
1.870000e-06	7.459184e-06	1.365397e-08	5.245735e+01	8.119687e+02
1.880000e-06	7.398101e-06	1.362193e-08	5.202778e+01	8.098244e+02
1.890000e-06	7.334284e-06	1.359697e-08	5.157898e+01	8.075886e+02
1.900000e-06	7.267746e-06	1.357055e-08	5.111105e+01	8.052553e+02
1.910000e-06	7.198442e-06	1.353424e-08	5.062366e+01	8.028156e+02
1.920000e-06	7.126259e-06	1.348529e-08	5.011603e+01	8.002608e+02
1.930000e-06	7.051423e-06	1.340745e-08	4.958974e+01	7.975856e+02
1.940000e-06	6.973834e-06	1.336879e-08	4.904409e+01	7.947900e+02
1.950000e-06	6.893630e-06	1.332495e-08	4.848005e+01	7.918790e+02
1.960000e-06	6.811018e-06	1.328236e-08	4.789907e+01	7.888605e+02
1.970000e-06	6.725967e-06	1.324520e-08	4.730094e+01	7.857416e+02
1.980000e-06	6.638530e-06	1.319156e-08	4.668603e+01	7.825258e+02
1.990000e-06	6.548728e-06	1.313824e-08	4.605449e+01	7.792112e+02
2.000000e-06	6.456604e-06	1.305791e-08	4.540662e+01	7.757911e+02
2.010000e-06	6.362153e-06	1.299705e-08	4.474239e+01	7.722567e+02
2.020000e-06	6.265458e-06	1.293371e-08	4.406237e+01	7.685999e+02
2.030000e-06	6.166569e-06	1.288092e-08	4.336692e+01	7.648168e+02
2.040000e-06	6.065470e-06	1.282371e-08	4.265594e+01	7.609082e+02
2.050000e-06	5.962120e-06	1.275308e-08	4.192912e+01	7.568788e+02
2.060000e-06	5.856609e-06	1.268407e-08	4.118711e+01	7.527338e+02
2.070000e-06	5.749089e-06	1.260245e-08	4.043096e+01	7.484753e+02
2.080000e-06	5.639546e-06	1.253122e-08	3.966059e+01	7.440998e+02
2.090000e-06	5.527915e-06	1.245060e-08	3.887553e+01	7.395976e+02
2.100000e-06	5.414146e-06	1.237840e-08	3.807544e+01	7.349551e+02
2.110000e-06	5.298311e-06	1.229929e-08	3.726082e+01	7.301588e+02
2.120000e-06	5.180440e-06	1.221547e-08	3.643189e+01	7.252003e+02
2.130000e-06	5.060528e-06	1.212461e-08	3.558860e+01	7.200789e+02
2.140000e-06	4.938692e-06	1.203464e-08	3.473177e+01	7.148021e+02
2.150000e-06	4.815101e-06	1.194874e-08	3.386261e+01	7.093826e+02
2.160000e-06	4.689815e-06	1.185742e-08	3.298152e+01	7.038332e+02
2.170000e-06	4.562858e-06	1.176770e-08	3.208869e+01	6.981612e+02
2.180000e-06	4.434284e-06	1.166814e-08	3.118448e+01	6.923647e+02
2.190000e-06	4.304131e-06	1.157000e-08	3.026917e+01	6.864317e+02
2.200000e-06	4.172441e-06	1.146193e-08	2.934305e+01	6.803428e+02
2.210000e-06	4.039248e-06	1.135242e-08	2.840636e+01	6.740767e+02
2.220000e-06	3.904641e-06	1.124050e-08	2.745973e+01	6.676165e+02
2.230000e-06	3.768541e-06	1.113326e-08	2.650259e+01	6.609531e+02
2.240000e-06	3.631004e-06	1.102406e-08	2.553535e+01	6.540870e+02
2.250000e-06	3.492200e-06	1.090708e-08	2.455919e+01	6.470256e+02
2.260000e-06	3.352063e-06	1.078496e-08	2.357367e+01	6.397778e+02
2.270000e-06	3.210609e-06	1.065410e-08	2.257888e+01	6.323484e+02
2.280000e-06	3.068011e-06	1.052300e-08	2.157605e+01	6.247343e+02
2.290000e-06	2.924332e-06	1.038803e-08	2.056562e+01	6.169238e+02
2.300000e-06	2.779523e-06	1.025481e-08	1.954724e+01	6.088990e+02
2.310000e-06	2.633709e-06	1.011826e-08	1.852179e+01	6.006408e+02
2.320000e-06	2.487070e-06	9.978321e-09	1.749053e+01	5.921346e+02
2.330000e-06	2.339579e-06	9.832033e-09	1.645329e+01	5.833729e+02
2.340000e-06	2.191170e-06	9.680414e-09	1.540959e+01	5.743559e+02
2.350000e-06	2.042014e-06	9.522474e-09	1.436064e+01	5.650876e+02
2.360000e-06	1.892230e-06	9.357503e-09	1.330727e+01	5.555709e+02
2.370000e-06	1.741798e-06	9.190172e-09	1.224934e+01	5.458020e+02
2.380000e-06	1.590744e-06	9.019877e-09	1.118704e+01	5.357681e+02
2.390000e-06	1.439094e-06	8.848132e-09	1.012055e+01	5.254481e+02
2.400000e-06	1.286907e-06	8.671404e-09	9.050285e+00	5.148158e+02
2.410000e-06	1.134203e-06	8.488208e-09	7.976380e+00	5.038459e+02
2.420000e-06	9.810237e-07	8.297880e-09	6.899133e+00	4.925173e+02
2.430000e-06	8.274426e-07	8.101598e-09	5.819061e+00	4.808144e+02
2.440000e-06	6.735961e-07	7.896556e-09	4.737123e+00	4.687240e+02
2.450000e-06	5.195760e-07	7.682211e-09	3.653963e+00	4.562285e+02
2.460000e-06	3.653979e-07	7.460717e-09	2.569692e+00	4.432993e+02
2.470000e-06	2.111382e-07	7.235824e-09	1.484848e+00	4.298917e+02
2.480000e-06	5.681216e-08	7.004366e-09	3.995364e-01	4.159447e+02
2.490000e-06	-9.753383e-08	6.761306e-09	-6.859150e-01	4.013866e+02
2.500000e-06	-2.518355e-07	6.506097e-09	-1.771055e+00	3.861458e+02
2.510000e-06	-4.060445e-07	6.240009e-09	-2.855543e+00	3.701622e+02
2.520000e-06	-5.601195e-07	5.960739e-09	-3.939088e+00	3.533972e+02
2.530000e-06	-7.140287e-07	5.663682e-09	-5.021468e+00	3.358368e+02
2.540000e-06	-8.676787e-07	5.350640e-09	-6.102025e+00	3.174876e+02
2.550000e-06	-1.020987e-06	5.025731e-09	-7.180182e+00	2.983648e+02
2.560000e-06	-1.173912e-06	4.691734e-09	-8.255637e+00	2.784756e+02
2.570000e-06	-1.326334e-06	4.345201e-09	-9.327556e+00	2.578029e+02
2.580000e-06	-1.478160e-06	3.985542e-09	-1.039529e+01	2.362936e+02
2.590000e-06	-1.629388e-06	3.609919e-09	-1.145881e+01	2.138541e+02
2.600000e-06	-1.780004e-06	3.215301e-09	-1.251803e+01	1.903570e+02
2.610000e-06	-1.929974e-06	2.799077e-09	-1.357271e+01	1.656545e+02
2.620000e-06	-2.079294e-06	2.357977e-09	-1.462281e+01	1.395992e+02
2.630000e-06	-2.227958e-06	1.892968e-09	-1.566831e+01	1.120651e+02
2.640000e-06	-2.375791e-06	1.404899e-09	-1.670795e+01	8.296772e+01
2.650000e-06	-2.522694e-06	8.901975e-10	-1.774106e+01	5.227864e+01
2.660000e-06	-2.668778e-06	3.497085e-10	-1.876841e+01	2.003502e+01
2.670000e-06	-2.813988e-06	-2.126977e-10	-1.978961e+01	-1.365711e+01
2.680000e-06	-2.958081e-06	-7.967622e-10	-2.080296e+01	-4.862415e+01
2.690000e-06	-3.100950e-06	-1.400026e-09	-2.180770e+01	-8.463032e+01
2.700000e-06	-3.242656e-06	-2.018435e-09	-2.280426e+01	-1.213864e+02
2.710000e-06	-3.383172e-06	-2.644215e-09	-2.379244e+01	-1.585618e+02
2.720000e-06	-3.522355e-06	-3.270998e-09	-2.477126e+01	-1.957999e+02
2.730000e-06	-3.660268e-06	-3.893058e-09	-2.574115e+01	-2.327368e+02
2.740000e-06	-3.796933e-06	-4.504145e-09	-2.670226e+01	-2.690213e+02
2.750000e-06	-3.932098e-06	-5.097117e-09	-2.765282e+01	-3.043356e+02
2.760000e-06	-4.065781e-06	-5.668316e-09	-2.859296e+01	-3.384125e+02
2.770000e-06	-4.198072e-06	-6.215566e-09	-2.952330e+01	-3.710477e+02
2.780000e-06	-4.328916e-06	-6.737024e-09	-3.044347e+01	-4.021044e+02
2.790000e-06	-4.458290e-06	-7.233565e-09	-3.135330e+01	-4.315105e+02
2.800000e-06	-4.586071e-06	-7.703138e-09	-3.225194e+01	-4.592491e+02
2.810000e-06	-4.712176e-06	-8.145189e-09	-3.313878e+01	-4.853446e+02
2.820000e-06	-4.836674e-06	-8.559772e-09	-3.401433e+01	-5.098483e+02
2.830000e-06	-4.959519e-06	-8.947959e-09	-3.487824e+01	-5.328249e+02
2.840000e-06	-5.080539e-06	-9.311027e-09	-3.572933e+01	-5.543441e+02
2.850000e-06	-5.199516e-06	-9.651746e-09	-3.656604e+01	-5.744749e+02
2.860000e-06	-5.316406e-06	-9.969133e-09	-3.738808e+01	-5.932852e+02
2.870000e-06	-5.431281e-06	-1.026487e-08	-3.819595e+01	-6.108423e+02
2.880000e-06	-5.543955e-06	-1.054103e-08	-3.898834e+01	-6.272149e+02
2.890000e-06	-5.654447e-06	-1.079890e-08	-3.976538e+01	-6.424729e+02
2.900000e-06	-5.762992e-06	-1.104247e-08	-4.052874e+01	-6.566875e+02
2.910000e-06	-5.869604e-06	-1.126817e-08	-4.127849e+01	-6.699284e+02
2.920000e-06	-5.974202e-06	-1.147428e-08	-4.201409e+01	-6.822623e+02
2.930000e-06	-6.076588e-06	-1.166494e-08	-4.273412e+01	-6.937508e+02
2.940000e-06	-6.176739e-06	-1.184394e-08	-4.343845e+01	-7.044496e+02
2.950000e-06	-6.274776e-06	-1.201097e-08	-4.412790e+01	-7.144095e+02
2.960000e-06	-6.370653e-06	-1.216821e-08	-4.480216e+01	-7.236772e+02
2.970000e-06	-6.464240e-06	-1.231732e-08	-4.546032e+01	-7.322970e+02
2.980000e-06	-6.555544e-06	-1.245894e-08	-4.610242e+01	-7.403124e+02
2.990000e-06	-6.644621e-06	-1.258986e-08	-4.672887e+01	-7.477656e+02
3.000000e-06	-6.731245e-06	-1.270848e-08	-4.733806e+01	-7.546976e+02
3.010000e-06	-6.815395e-06	-1.281550e-08	-4.792985e+01	-7.611477e+02
3.020000e-06	-6.897225e-06	-1.291396e-08	-4.850533e+01	-7.671524e+02
3.030000e-06	-6.976588e-06	-1.300717e-08	-4.906345e+01	-7.727454e+02
3.040000e-06	-7.053242e-06	-1.309463e-08	-4.960253e+01	-7.779578e+02
3.050000e-06	-7.127191e-06	-1.317925e-08	-5.012259e+01	-7.828184e+02
3.060000e-06	-7.198573e-06	-1.326053e-08	-5.062458e+01	-7.873539e+02
3.070000e-06	-7.267395e-06	-1.333672e-08	-5.110858e+01	-7.915892e+02
3.080000e-06	-7.333672e-06	-1.340525e-08	-5.157468e+01	-7.955467e+02
3.090000e-06	-7.397390e-06	-1.346589e-08	-5.202278e+01	-7.992453e+02
3.100000e-06	-7.458472e-06	-1.352149e-08	-5.245234e+01	-8.027002e+02
3.110000e-06	-7.516925e-06	-1.357438e-08	-5.286342e+01	-8.059225e+02
3.120000e-06	-7.572638e-06	-1.362182e-08	-5.325523e+01	-8.089196e+02
3.130000e-06	-7.625431e-06	-1.366652e-08	-5.362650e+01	-8.116970e+02
3.140000e-06	-7.675143e-06	-1.371211e-08	-5.397610e+01	-8.142599e+02
3.150000e-06	-7.721836e-06	-1.375850e-08	-5.430447e+01	-8.166145e+02
3.160000e-06	-7.765922e-06	-1.379967e-08	-5.461451e+01	-8.187696e+02
3.170000e-06	-7.807592e-06	-1.383207e-08	-5.490756e+01	-8.207361e+02
3.180000e-06	-7.846563e-06	-1.385973e-08	-5.518163e+01	-8.225268e+02
3.190000e-06	-7.882715e-06	-1.388535e-08	-5.543587e+01	-8.241543e+02
3.200000e-06	-7.916115e-06	-1.390993e-08	-5.567076e+01	-8.256296e+02
3.210000e-06	-7.946644e-06	-1.393305e-08	-5.588545e+01	-8.269605e+02
3.220000e-06	-7.974309e-06	-1.395642e-08	-5.608001e+01	-8.281515e+02
3.230000e-06	-7.999227e-06	-1.397910e-08	-5.625525e+01	-8.292041e+02
3.240000e-06	-8.021307e-06	-1.399848e-08	-5.641053e+01	-8.301180e+02
3.250000e-06	-8.040528e-06	-1.401007e-08	-5.654570e+01	-8.308934e+02
3.260000e-06	-8.056938e-06	-1.401813e-08	-5.666111e+01	-8.315323e+02
3.270000e-06	-8.070270e-06	-1.402698e-08	-5.675487e+01	-8.320396e+02
3.280000e-06	-8.080527e-06	-1.403535e-08	-5.682700e+01	-8.324232e+02
3.290000e-06	-8.087877e-06	-1.403962e-08	-5.687869e+01	-8.326927e+02
3.300000e-06	-8.092345e-06	-1.404406e-08	-5.691011e+01	-8.328581e+02
3.310000e-06	-8.094056e-06	-1.404937e-08	-5.692214e+01	-8.329270e+02
