# Temperatura_=_51.59
# Concentracion g/m^3_=_11780.0
# C_Vs_to_Am_M_A/Vsm_=_59384043850.047264
# pendiente_HvsI_1/m_=_3716.3
# ordenada_HvsI_A/m_=_1297.0
# frecuencia_Hz_=_301540.38835005503

Tiempo_(s)	Campo_(V.s)	Magnetizacion_(V.s)	Campo_(kA/m)	Magnetizacion_(A/m)
0.000000e+00	-8.062946e-06	-1.415293e-08	-5.691862e+01	-8.399461e+02
1.000000e-08	-8.059761e-06	-1.414896e-08	-5.689614e+01	-8.398390e+02
2.000000e-08	-8.053928e-06	-1.414529e-08	-5.685496e+01	-8.396623e+02
3.000000e-08	-8.045498e-06	-1.413978e-08	-5.679545e+01	-8.393929e+02
4.000000e-08	-8.034262e-06	-1.413242e-08	-5.671613e+01	-8.390029e+02
5.000000e-08	-8.020051e-06	-1.412221e-08	-5.661582e+01	-8.384702e+02
6.000000e-08	-8.002993e-06	-1.411726e-08	-5.649539e+01	-8.377868e+02
7.000000e-08	-7.983467e-06	-1.411500e-08	-5.635755e+01	-8.369630e+02
8.000000e-08	-7.961399e-06	-1.405772e-08	-5.620177e+01	-8.360241e+02
9.000000e-08	-7.936104e-06	-1.400979e-08	-5.602320e+01	-8.350029e+02
1.000000e-07	-7.907505e-06	-1.402651e-08	-5.582132e+01	-8.339285e+02
1.100000e-07	-7.876095e-06	-1.404397e-08	-5.559959e+01	-8.328165e+02
1.200000e-07	-7.841976e-06	-1.401990e-08	-5.535873e+01	-8.316649e+02
1.300000e-07	-7.805346e-06	-1.398062e-08	-5.510015e+01	-8.304555e+02
1.400000e-07	-7.766660e-06	-1.400336e-08	-5.482705e+01	-8.291615e+02
1.500000e-07	-7.725692e-06	-1.395926e-08	-5.453785e+01	-8.277578e+02
1.600000e-07	-7.681810e-06	-1.392599e-08	-5.422807e+01	-8.262295e+02
1.700000e-07	-7.635150e-06	-1.388813e-08	-5.389868e+01	-8.245765e+02
1.800000e-07	-7.585695e-06	-1.379871e-08	-5.354957e+01	-8.228112e+02
1.900000e-07	-7.533056e-06	-1.383479e-08	-5.317798e+01	-8.209518e+02
2.000000e-07	-7.477545e-06	-1.381175e-08	-5.278611e+01	-8.190136e+02
2.100000e-07	-7.419372e-06	-1.376449e-08	-5.237545e+01	-8.170013e+02
2.200000e-07	-7.358573e-06	-1.372897e-08	-5.194625e+01	-8.149070e+02
2.300000e-07	-7.295172e-06	-1.367851e-08	-5.149868e+01	-8.127132e+02
2.400000e-07	-7.228953e-06	-1.367932e-08	-5.103123e+01	-8.104001e+02
2.500000e-07	-7.160064e-06	-1.359870e-08	-5.054492e+01	-8.079541e+02
2.600000e-07	-7.088581e-06	-1.352913e-08	-5.004030e+01	-8.053728e+02
2.700000e-07	-7.014331e-06	-1.351011e-08	-4.951615e+01	-8.026663e+02
2.800000e-07	-6.937329e-06	-1.350291e-08	-4.897257e+01	-7.998523e+02
2.900000e-07	-6.857605e-06	-1.344252e-08	-4.840978e+01	-7.969478e+02
3.000000e-07	-6.775336e-06	-1.334603e-08	-4.782902e+01	-7.939615e+02
3.100000e-07	-6.690823e-06	-1.332945e-08	-4.723242e+01	-7.908895e+02
3.200000e-07	-6.604092e-06	-1.327867e-08	-4.662016e+01	-7.877160e+02
3.300000e-07	-6.514994e-06	-1.321678e-08	-4.599119e+01	-7.844197e+02
3.400000e-07	-6.423544e-06	-1.314871e-08	-4.534561e+01	-7.809822e+02
3.500000e-07	-6.329855e-06	-1.308814e-08	-4.468424e+01	-7.773957e+02
3.600000e-07	-6.233865e-06	-1.304800e-08	-4.400662e+01	-7.736659e+02
3.700000e-07	-6.135518e-06	-1.297498e-08	-4.331236e+01	-7.698096e+02
3.800000e-07	-6.034987e-06	-1.289440e-08	-4.260268e+01	-7.658468e+02
3.900000e-07	-5.932370e-06	-1.281340e-08	-4.187828e+01	-7.617922e+02
4.000000e-07	-5.827527e-06	-1.277251e-08	-4.113816e+01	-7.576473e+02
4.100000e-07	-5.720521e-06	-1.270657e-08	-4.038278e+01	-7.533992e+02
4.200000e-07	-5.611549e-06	-1.261855e-08	-3.961352e+01	-7.490243e+02
4.300000e-07	-5.500642e-06	-1.253442e-08	-3.883059e+01	-7.444971e+02
4.400000e-07	-5.387646e-06	-1.246705e-08	-3.803292e+01	-7.397998e+02
4.500000e-07	-5.272469e-06	-1.239564e-08	-3.721985e+01	-7.349289e+02
4.600000e-07	-5.155195e-06	-1.229597e-08	-3.639198e+01	-7.298959e+02
4.700000e-07	-5.036046e-06	-1.220457e-08	-3.555088e+01	-7.247220e+02
4.800000e-07	-4.915103e-06	-1.212532e-08	-3.469710e+01	-7.194286e+02
4.900000e-07	-4.792321e-06	-1.204926e-08	-3.383035e+01	-7.140273e+02
5.000000e-07	-4.667777e-06	-1.194334e-08	-3.295116e+01	-7.085142e+02
5.100000e-07	-4.541610e-06	-1.183827e-08	-3.206051e+01	-7.028699e+02
5.200000e-07	-4.413899e-06	-1.174452e-08	-3.115896e+01	-6.970661e+02
5.300000e-07	-4.284501e-06	-1.165132e-08	-3.024551e+01	-6.910755e+02
5.400000e-07	-4.153563e-06	-1.154037e-08	-2.932118e+01	-6.848814e+02
5.500000e-07	-4.021193e-06	-1.142475e-08	-2.838674e+01	-6.784829e+02
5.600000e-07	-3.887303e-06	-1.132360e-08	-2.744158e+01	-6.718934e+02
5.700000e-07	-3.752012e-06	-1.121975e-08	-2.648652e+01	-6.651331e+02
5.800000e-07	-3.615352e-06	-1.110048e-08	-2.552180e+01	-6.582186e+02
5.900000e-07	-3.477318e-06	-1.096946e-08	-2.454737e+01	-6.511539e+02
6.000000e-07	-3.337922e-06	-1.085135e-08	-2.356334e+01	-6.439265e+02
6.100000e-07	-3.197207e-06	-1.073315e-08	-2.256999e+01	-6.365100e+02
6.200000e-07	-3.055226e-06	-1.060213e-08	-2.156771e+01	-6.288726e+02
6.300000e-07	-2.912020e-06	-1.046081e-08	-2.055677e+01	-6.209877e+02
6.400000e-07	-2.767766e-06	-1.032545e-08	-1.953844e+01	-6.128427e+02
6.500000e-07	-2.622512e-06	-1.019137e-08	-1.851306e+01	-6.044411e+02
6.600000e-07	-2.476278e-06	-1.004512e-08	-1.748075e+01	-5.957990e+02
6.700000e-07	-2.329236e-06	-9.892407e-09	-1.644273e+01	-5.869348e+02
6.800000e-07	-2.181459e-06	-9.741726e-09	-1.539954e+01	-5.778586e+02
6.900000e-07	-2.032894e-06	-9.592488e-09	-1.435077e+01	-5.685638e+02
7.000000e-07	-1.883541e-06	-9.429651e-09	-1.329645e+01	-5.590257e+02
7.100000e-07	-1.733511e-06	-9.257195e-09	-1.223735e+01	-5.492072e+02
7.200000e-07	-1.582943e-06	-9.082932e-09	-1.117444e+01	-5.390691e+02
7.300000e-07	-1.431888e-06	-8.911373e-09	-1.010811e+01	-5.285822e+02
7.400000e-07	-1.280390e-06	-8.731825e-09	-9.038633e+00	-5.177344e+02
7.500000e-07	-1.128456e-06	-8.540147e-09	-7.966091e+00	-5.065315e+02
7.600000e-07	-9.760623e-07	-8.345211e-09	-6.890301e+00	-4.949891e+02
7.700000e-07	-8.232750e-07	-8.148519e-09	-5.811732e+00	-4.831202e+02
7.800000e-07	-6.701033e-07	-7.944600e-09	-4.730449e+00	-4.709208e+02
7.900000e-07	-5.166256e-07	-7.728674e-09	-3.647006e+00	-4.583603e+02
8.000000e-07	-3.630283e-07	-7.508661e-09	-2.562720e+00	-4.453794e+02
8.100000e-07	-2.093201e-07	-7.285148e-09	-1.477650e+00	-4.318968e+02
8.200000e-07	-5.545583e-08	-7.052151e-09	-3.914784e-01	-4.178222e+02
8.300000e-07	9.843020e-08	-6.802659e-09	6.948467e-01	-4.030725e+02
8.400000e-07	2.522516e-07	-6.537160e-09	1.780716e+00	-3.875840e+02
8.500000e-07	4.059618e-07	-6.260547e-09	2.865799e+00	-3.713201e+02
8.600000e-07	5.594811e-07	-5.972174e-09	3.949535e+00	-3.542689e+02
8.700000e-07	7.127785e-07	-5.669409e-09	5.031706e+00	-3.364356e+02
8.800000e-07	8.658142e-07	-5.354168e-09	6.112027e+00	-3.178293e+02
8.900000e-07	1.018510e-06	-5.031502e-09	7.189953e+00	-2.984494e+02
9.000000e-07	1.170756e-06	-4.697045e-09	8.264696e+00	-2.782755e+02
9.100000e-07	1.322548e-06	-4.345210e-09	9.336240e+00	-2.572599e+02
9.200000e-07	1.473900e-06	-3.971517e-09	1.040468e+01	-2.353260e+02
9.300000e-07	1.624733e-06	-3.578360e-09	1.146945e+01	-2.123702e+02
9.400000e-07	1.775005e-06	-3.166962e-09	1.253027e+01	-1.882671e+02
9.500000e-07	1.924667e-06	-2.735889e-09	1.358677e+01	-1.628778e+02
9.600000e-07	2.073603e-06	-2.283647e-09	1.463815e+01	-1.360607e+02
9.700000e-07	2.221782e-06	-1.807567e-09	1.568419e+01	-1.076869e+02
9.800000e-07	2.369216e-06	-1.303839e-09	1.672497e+01	-7.765768e+01
9.900000e-07	2.515778e-06	-7.656530e-10	1.775959e+01	-4.592559e+01
1.000000e-06	2.661398e-06	-1.969496e-10	1.878756e+01	-1.251346e+01
1.010000e-06	2.806076e-06	3.972703e-10	1.980889e+01	2.247037e+01
1.020000e-06	2.949740e-06	1.011732e-09	2.082305e+01	5.882553e+01
1.030000e-06	3.092352e-06	1.642842e-09	2.182979e+01	9.626435e+01
1.040000e-06	3.233789e-06	2.286346e-09	2.282824e+01	1.344281e+02
1.050000e-06	3.373937e-06	2.935159e-09	2.381758e+01	1.729124e+02
1.060000e-06	3.512776e-06	3.583230e-09	2.479768e+01	2.112982e+02
1.070000e-06	3.650239e-06	4.223830e-09	2.576807e+01	2.491819e+02
1.080000e-06	3.786375e-06	4.849434e-09	2.672909e+01	2.862007e+02
1.090000e-06	3.921253e-06	5.453507e-09	2.768124e+01	3.220496e+02
1.100000e-06	4.054724e-06	6.031434e-09	2.862344e+01	3.564893e+02
1.110000e-06	4.186689e-06	6.581901e-09	2.955503e+01	3.893466e+02
1.120000e-06	4.317099e-06	7.107504e-09	3.047563e+01	4.205090e+02
1.130000e-06	4.445930e-06	7.606578e-09	3.138508e+01	4.499183e+02
1.140000e-06	4.573259e-06	8.075430e-09	3.228393e+01	4.775618e+02
1.150000e-06	4.699008e-06	8.512577e-09	3.317163e+01	5.034655e+02
1.160000e-06	4.823136e-06	8.917345e-09	3.404788e+01	5.276860e+02
1.170000e-06	4.945531e-06	9.293044e-09	3.491191e+01	5.503032e+02
1.180000e-06	5.066108e-06	9.641680e-09	3.576309e+01	5.714103e+02
1.190000e-06	5.184859e-06	9.967039e-09	3.660139e+01	5.911054e+02
1.200000e-06	5.301635e-06	1.027484e-08	3.742574e+01	6.094827e+02
1.210000e-06	5.416309e-06	1.056621e-08	3.823526e+01	6.266270e+02
1.220000e-06	5.528920e-06	1.084015e-08	3.903022e+01	6.426117e+02
1.230000e-06	5.639569e-06	1.109488e-08	3.981131e+01	6.575007e+02
1.240000e-06	5.748280e-06	1.132760e-08	4.057874e+01	6.713527e+02
1.250000e-06	5.854932e-06	1.153830e-08	4.133162e+01	6.842264e+02
1.260000e-06	5.959439e-06	1.173331e-08	4.206937e+01	6.961843e+02
1.270000e-06	6.061805e-06	1.191719e-08	4.279200e+01	7.072928e+02
1.280000e-06	6.161937e-06	1.208996e-08	4.349886e+01	7.176203e+02
1.290000e-06	6.259785e-06	1.225221e-08	4.418960e+01	7.272320e+02
1.300000e-06	6.355348e-06	1.240611e-08	4.486420e+01	7.361856e+02
1.310000e-06	6.448737e-06	1.255040e-08	4.552346e+01	7.445285e+02
1.320000e-06	6.539921e-06	1.268119e-08	4.616716e+01	7.522980e+02
1.330000e-06	6.628784e-06	1.279890e-08	4.679446e+01	7.595246e+02
1.340000e-06	6.715305e-06	1.290827e-08	4.740524e+01	7.662368e+02
1.350000e-06	6.799512e-06	1.301036e-08	4.799969e+01	7.724657e+02
1.360000e-06	6.881373e-06	1.310548e-08	4.857756e+01	7.782473e+02
1.370000e-06	6.960756e-06	1.319446e-08	4.913795e+01	7.836221e+02
1.380000e-06	7.037585e-06	1.327979e-08	4.968031e+01	7.886317e+02
1.390000e-06	7.111735e-06	1.336224e-08	5.020375e+01	7.933149e+02
1.400000e-06	7.183217e-06	1.343642e-08	5.070837e+01	7.977035e+02
1.410000e-06	7.252192e-06	1.350283e-08	5.119528e+01	8.018209e+02
1.420000e-06	7.318585e-06	1.356690e-08	5.166397e+01	8.056821e+02
1.430000e-06	7.382352e-06	1.362827e-08	5.211411e+01	8.092971e+02
1.440000e-06	7.443645e-06	1.368461e-08	5.254680e+01	8.126730e+02
1.450000e-06	7.502351e-06	1.373476e-08	5.296122e+01	8.158174e+02
1.460000e-06	7.558353e-06	1.378274e-08	5.335656e+01	8.187390e+02
1.470000e-06	7.611480e-06	1.383048e-08	5.373159e+01	8.214472e+02
1.480000e-06	7.661429e-06	1.387375e-08	5.408420e+01	8.239506e+02
1.490000e-06	7.708363e-06	1.391226e-08	5.441552e+01	8.262565e+02
1.500000e-06	7.752634e-06	1.394766e-08	5.472804e+01	8.283706e+02
1.510000e-06	7.794188e-06	1.398027e-08	5.502138e+01	8.302987e+02
1.520000e-06	7.832933e-06	1.400766e-08	5.529489e+01	8.320486e+02
1.530000e-06	7.868955e-06	1.403029e-08	5.554919e+01	8.336309e+02
1.540000e-06	7.902161e-06	1.405228e-08	5.578359e+01	8.350583e+02
1.550000e-06	7.932576e-06	1.407595e-08	5.599830e+01	8.363441e+02
1.560000e-06	7.960275e-06	1.409876e-08	5.619384e+01	8.374980e+02
1.570000e-06	7.985108e-06	1.411805e-08	5.636914e+01	8.385236e+02
1.580000e-06	8.007178e-06	1.413336e-08	5.652494e+01	8.394175e+02
1.590000e-06	8.026538e-06	1.414501e-08	5.666161e+01	8.401715e+02
1.600000e-06	8.042962e-06	1.415175e-08	5.677755e+01	8.407774e+02
1.610000e-06	8.056401e-06	1.415409e-08	5.687242e+01	8.412321e+02
1.620000e-06	8.066764e-06	1.415640e-08	5.694557e+01	8.415426e+02
1.630000e-06	8.074079e-06	1.416207e-08	5.699721e+01	8.417261e+02
1.640000e-06	8.078630e-06	1.416784e-08	5.702934e+01	8.418071e+02
1.650000e-06	8.080353e-06	1.416553e-08	5.704150e+01	8.418100e+02
1.660000e-06	8.079295e-06	1.416536e-08	5.703403e+01	8.417510e+02
1.670000e-06	8.075637e-06	1.416512e-08	5.700821e+01	8.416326e+02
1.680000e-06	8.069252e-06	1.416168e-08	5.696314e+01	8.414412e+02
1.690000e-06	8.060231e-06	1.415303e-08	5.689946e+01	8.411521e+02
1.700000e-06	8.048547e-06	1.414087e-08	5.681698e+01	8.407378e+02
1.710000e-06	8.034080e-06	1.412872e-08	5.671485e+01	8.401781e+02
1.720000e-06	8.016980e-06	1.410565e-08	5.659413e+01	8.394683e+02
1.730000e-06	7.997518e-06	1.412270e-08	5.645675e+01	8.386216e+02
1.740000e-06	7.975365e-06	1.416063e-08	5.630036e+01	8.376655e+02
1.750000e-06	7.949782e-06	1.412008e-08	5.611976e+01	8.366328e+02
1.760000e-06	7.920529e-06	1.406299e-08	5.591326e+01	8.355509e+02
1.770000e-06	7.888100e-06	1.404358e-08	5.568433e+01	8.344323e+02
1.780000e-06	7.853196e-06	1.401064e-08	5.543793e+01	8.332720e+02
1.790000e-06	7.815922e-06	1.396039e-08	5.517481e+01	8.320494e+02
1.800000e-06	7.776443e-06	1.400583e-08	5.489611e+01	8.307373e+02
1.810000e-06	7.734754e-06	1.392971e-08	5.460182e+01	8.293119e+02
1.820000e-06	7.690485e-06	1.391586e-08	5.428931e+01	8.277609e+02
1.830000e-06	7.643571e-06	1.396750e-08	5.395813e+01	8.260865e+02
1.840000e-06	7.593693e-06	1.385990e-08	5.360603e+01	8.243029e+02
1.850000e-06	7.540725e-06	1.387238e-08	5.323211e+01	8.224284e+02
1.860000e-06	7.484879e-06	1.376945e-08	5.283788e+01	8.204768e+02
1.870000e-06	7.426355e-06	1.375449e-08	5.242474e+01	8.184507e+02
1.880000e-06	7.365284e-06	1.375868e-08	5.199363e+01	8.163399e+02
1.890000e-06	7.301440e-06	1.365991e-08	5.154293e+01	8.141261e+02
1.900000e-06	7.234971e-06	1.369096e-08	5.107371e+01	8.117899e+02
1.910000e-06	7.165788e-06	1.362446e-08	5.058533e+01	8.093194e+02
1.920000e-06	7.093724e-06	1.359566e-08	5.007661e+01	8.067145e+02
1.930000e-06	7.019017e-06	1.351623e-08	4.954923e+01	8.039874e+02
1.940000e-06	6.941547e-06	1.345413e-08	4.900235e+01	8.011559e+02
1.950000e-06	6.861437e-06	1.344550e-08	4.843683e+01	7.982364e+02
1.960000e-06	6.778925e-06	1.335568e-08	4.785435e+01	7.952354e+02
1.970000e-06	6.694015e-06	1.334940e-08	4.725495e+01	7.921465e+02
1.980000e-06	6.606632e-06	1.326246e-08	4.663809e+01	7.889526e+02
1.990000e-06	6.516875e-06	1.322008e-08	4.600447e+01	7.856321e+02
2.000000e-06	6.424918e-06	1.316234e-08	4.535532e+01	7.821680e+02
2.010000e-06	6.330569e-06	1.308720e-08	4.468928e+01	7.785550e+02
2.020000e-06	6.233921e-06	1.303911e-08	4.400702e+01	7.748010e+02
2.030000e-06	6.135202e-06	1.295847e-08	4.331013e+01	7.709241e+02
2.040000e-06	6.034320e-06	1.292062e-08	4.259798e+01	7.669441e+02
2.050000e-06	5.931130e-06	1.282581e-08	4.186953e+01	7.628735e+02
2.060000e-06	5.825772e-06	1.276217e-08	4.112577e+01	7.587114e+02
2.070000e-06	5.718443e-06	1.268102e-08	4.036811e+01	7.544424e+02
2.080000e-06	5.609094e-06	1.262200e-08	3.959619e+01	7.500420e+02
2.090000e-06	5.497682e-06	1.254528e-08	3.880969e+01	7.454852e+02
2.100000e-06	5.384143e-06	1.245691e-08	3.800819e+01	7.407566e+02
2.110000e-06	5.268596e-06	1.237907e-08	3.719251e+01	7.358554e+02
2.120000e-06	5.151009e-06	1.228926e-08	3.636243e+01	7.307954e+02
2.130000e-06	5.031390e-06	1.220469e-08	3.551801e+01	7.255986e+02
2.140000e-06	4.909914e-06	1.210220e-08	3.466048e+01	7.202854e+02
2.150000e-06	4.786727e-06	1.202165e-08	3.379086e+01	7.148648e+02
2.160000e-06	4.661805e-06	1.193023e-08	3.290901e+01	7.093299e+02
2.170000e-06	4.535196e-06	1.184531e-08	3.201524e+01	7.036592e+02
2.180000e-06	4.407017e-06	1.173695e-08	3.111038e+01	6.978237e+02
2.190000e-06	4.277232e-06	1.163643e-08	3.019419e+01	6.917974e+02
2.200000e-06	4.146034e-06	1.153065e-08	2.926803e+01	6.855663e+02
2.210000e-06	4.013375e-06	1.142178e-08	2.833155e+01	6.791323e+02
2.220000e-06	3.879223e-06	1.130743e-08	2.738453e+01	6.725107e+02
2.230000e-06	3.743654e-06	1.119237e-08	2.642752e+01	6.657217e+02
2.240000e-06	3.606679e-06	1.108388e-08	2.546057e+01	6.587804e+02
2.250000e-06	3.468351e-06	1.096308e-08	2.448408e+01	6.516880e+02
2.260000e-06	3.328722e-06	1.084022e-08	2.349839e+01	6.444289e+02
2.270000e-06	3.187758e-06	1.070811e-08	2.250329e+01	6.369751e+02
2.280000e-06	3.045570e-06	1.058376e-08	2.149954e+01	6.292950e+02
2.290000e-06	2.902333e-06	1.045168e-08	2.048839e+01	6.213640e+02
2.300000e-06	2.758031e-06	1.031548e-08	1.946972e+01	6.131723e+02
2.310000e-06	2.612701e-06	1.017189e-08	1.844380e+01	6.047263e+02
2.320000e-06	2.466444e-06	1.002729e-08	1.741132e+01	5.960432e+02
2.330000e-06	2.319436e-06	9.877732e-09	1.637356e+01	5.871406e+02
2.340000e-06	2.171723e-06	9.720206e-09	1.533081e+01	5.780263e+02
2.350000e-06	2.023175e-06	9.558605e-09	1.428217e+01	5.686902e+02
2.360000e-06	1.873809e-06	9.396949e-09	1.322775e+01	5.591048e+02
2.370000e-06	1.723712e-06	9.236028e-09	1.216817e+01	5.492319e+02
2.380000e-06	1.573018e-06	9.068475e-09	1.110438e+01	5.390331e+02
2.390000e-06	1.421864e-06	8.891837e-09	1.003734e+01	5.284820e+02
2.400000e-06	1.270240e-06	8.708147e-09	8.966981e+00	5.175698e+02
2.410000e-06	1.118183e-06	8.517330e-09	7.893570e+00	5.063048e+02
2.420000e-06	9.657494e-07	8.317116e-09	6.817499e+00	4.947034e+02
2.430000e-06	8.129210e-07	8.114127e-09	5.738639e+00	4.827763e+02
2.440000e-06	6.597143e-07	7.909365e-09	4.657110e+00	4.705154e+02
2.450000e-06	5.061950e-07	7.701311e-09	3.573374e+00	4.578848e+02
2.460000e-06	3.524571e-07	7.481824e-09	2.488094e+00	4.448206e+02
2.470000e-06	1.986017e-07	7.252812e-09	1.401985e+00	4.312388e+02
2.480000e-06	4.471962e-08	7.012440e-09	3.156885e-01	4.170492e+02
2.490000e-06	-1.091669e-07	6.760985e-09	-7.706401e-01	4.021713e+02
2.500000e-06	-2.630187e-07	6.498370e-09	-1.856724e+00	3.865462e+02
2.510000e-06	-4.167664e-07	6.223424e-09	-2.942072e+00	3.701418e+02
2.520000e-06	-5.703482e-07	5.937824e-09	-4.026249e+00	3.529502e+02
2.530000e-06	-7.236660e-07	5.637681e-09	-5.108563e+00	3.349781e+02
2.540000e-06	-8.766341e-07	5.321313e-09	-6.188408e+00	3.162340e+02
2.550000e-06	-1.029179e-06	4.989318e-09	-7.265269e+00	2.967145e+02
2.560000e-06	-1.181253e-06	4.647134e-09	-8.338802e+00	2.763945e+02
2.570000e-06	-1.332865e-06	4.293454e-09	-9.409071e+00	2.552212e+02
2.580000e-06	-1.484057e-06	3.924468e-09	-1.047638e+01	2.331130e+02
2.590000e-06	-1.634792e-06	3.537051e-09	-1.154046e+01	2.099619e+02
2.600000e-06	-1.784940e-06	3.128468e-09	-1.260039e+01	1.856394e+02
2.610000e-06	-1.934400e-06	2.697509e-09	-1.365548e+01	1.600052e+02
2.620000e-06	-2.083120e-06	2.242025e-09	-1.470533e+01	1.329189e+02
2.630000e-06	-2.231117e-06	1.760946e-09	-1.575009e+01	1.042553e+02
2.640000e-06	-2.378345e-06	1.255354e-09	-1.678941e+01	7.392365e+01
2.650000e-06	-2.524755e-06	7.216094e-10	-1.782296e+01	4.188744e+01
2.660000e-06	-2.670294e-06	1.580296e-10	-1.885036e+01	8.183945e+00
2.670000e-06	-2.814798e-06	-4.338944e-10	-1.987046e+01	-2.706223e+01
2.680000e-06	-2.958255e-06	-1.050669e-09	-2.088316e+01	-6.363445e+01
2.690000e-06	-3.100591e-06	-1.683819e-09	-2.188795e+01	-1.012308e+02
2.700000e-06	-3.241645e-06	-2.325601e-09	-2.288369e+01	-1.394824e+02
2.710000e-06	-3.381464e-06	-2.969469e-09	-2.387071e+01	-1.779799e+02
2.720000e-06	-3.520084e-06	-3.610704e-09	-2.484927e+01	-2.163049e+02
2.730000e-06	-3.657363e-06	-4.242803e-09	-2.581836e+01	-2.540595e+02
2.740000e-06	-3.793279e-06	-4.861863e-09	-2.677783e+01	-2.908900e+02
2.750000e-06	-3.927869e-06	-5.462532e-09	-2.772794e+01	-3.265030e+02
2.760000e-06	-4.061032e-06	-6.039260e-09	-2.866798e+01	-3.606711e+02
2.770000e-06	-4.192744e-06	-6.588364e-09	-2.959777e+01	-3.932324e+02
2.780000e-06	-4.323027e-06	-7.107540e-09	-3.051747e+01	-4.240848e+02
2.790000e-06	-4.451817e-06	-7.597399e-09	-3.142664e+01	-4.531786e+02
2.800000e-06	-4.579014e-06	-8.056280e-09	-3.232456e+01	-4.805087e+02
2.810000e-06	-4.704540e-06	-8.485232e-09	-3.321068e+01	-5.061070e+02
2.820000e-06	-4.828413e-06	-8.888580e-09	-3.408513e+01	-5.300350e+02
2.830000e-06	-4.950609e-06	-9.268716e-09	-3.494775e+01	-5.523755e+02
2.840000e-06	-5.070997e-06	-9.625137e-09	-3.579761e+01	-5.732234e+02
2.850000e-06	-5.189438e-06	-9.957614e-09	-3.663371e+01	-5.926766e+02
2.860000e-06	-5.305818e-06	-1.026504e-08	-3.745527e+01	-6.108280e+02
2.870000e-06	-5.420020e-06	-1.055037e-08	-3.826146e+01	-6.277603e+02
2.880000e-06	-5.532024e-06	-1.081534e-08	-3.905212e+01	-6.435450e+02
2.890000e-06	-5.641980e-06	-1.106091e-08	-3.982834e+01	-6.582447e+02
2.900000e-06	-5.750021e-06	-1.129035e-08	-4.059103e+01	-6.719177e+02
2.910000e-06	-5.856131e-06	-1.150458e-08	-4.134009e+01	-6.846233e+02
2.920000e-06	-5.960151e-06	-1.170535e-08	-4.207439e+01	-6.964247e+02
2.930000e-06	-6.061943e-06	-1.189276e-08	-4.279297e+01	-7.073889e+02
2.940000e-06	-6.161545e-06	-1.206642e-08	-4.349609e+01	-7.175841e+02
2.950000e-06	-6.259036e-06	-1.222712e-08	-4.418431e+01	-7.270744e+02
2.960000e-06	-6.354346e-06	-1.237608e-08	-4.485713e+01	-7.359159e+02
2.970000e-06	-6.447394e-06	-1.251584e-08	-4.551398e+01	-7.441541e+02
2.980000e-06	-6.538184e-06	-1.264643e-08	-4.615489e+01	-7.518246e+02
2.990000e-06	-6.626692e-06	-1.276634e-08	-4.677969e+01	-7.589574e+02
3.000000e-06	-6.712741e-06	-1.287726e-08	-4.738714e+01	-7.655810e+02
3.010000e-06	-6.796372e-06	-1.298178e-08	-4.797752e+01	-7.717274e+02
3.020000e-06	-6.877734e-06	-1.308027e-08	-4.855187e+01	-7.774334e+02
3.030000e-06	-6.956582e-06	-1.317119e-08	-4.910848e+01	-7.827401e+02
3.040000e-06	-7.032725e-06	-1.325594e-08	-4.964600e+01	-7.876888e+02
3.050000e-06	-7.106227e-06	-1.333565e-08	-5.016487e+01	-7.923175e+02
3.060000e-06	-7.177126e-06	-1.340968e-08	-5.066536e+01	-7.966563e+02
3.070000e-06	-7.245477e-06	-1.347749e-08	-5.114788e+01	-8.007272e+02
3.080000e-06	-7.311340e-06	-1.354113e-08	-5.161282e+01	-8.045440e+02
3.090000e-06	-7.374603e-06	-1.360100e-08	-5.205942e+01	-8.081158e+02
3.100000e-06	-7.435211e-06	-1.365690e-08	-5.248726e+01	-8.114499e+02
3.110000e-06	-7.493178e-06	-1.370849e-08	-5.289647e+01	-8.145540e+02
3.120000e-06	-7.548383e-06	-1.375708e-08	-5.328617e+01	-8.174370e+02
3.130000e-06	-7.600691e-06	-1.380339e-08	-5.365543e+01	-8.201081e+02
3.140000e-06	-7.649919e-06	-1.384688e-08	-5.400295e+01	-8.225759e+02
3.150000e-06	-7.696183e-06	-1.388669e-08	-5.432954e+01	-8.248472e+02
3.160000e-06	-7.739928e-06	-1.392175e-08	-5.463834e+01	-8.269278e+02
3.170000e-06	-7.781218e-06	-1.395237e-08	-5.492982e+01	-8.288236e+02
3.180000e-06	-7.819785e-06	-1.398036e-08	-5.520208e+01	-8.305429e+02
3.190000e-06	-7.855610e-06	-1.400646e-08	-5.545498e+01	-8.320966e+02
3.200000e-06	-7.888749e-06	-1.403085e-08	-5.568891e+01	-8.334980e+02
3.210000e-06	-7.918990e-06	-1.405485e-08	-5.590240e+01	-8.347598e+02
3.220000e-06	-7.946363e-06	-1.407627e-08	-5.609563e+01	-8.358908e+02
3.230000e-06	-7.971012e-06	-1.409491e-08	-5.626964e+01	-8.368934e+02
3.240000e-06	-7.992779e-06	-1.410952e-08	-5.642329e+01	-8.377632e+02
3.250000e-06	-8.011711e-06	-1.412027e-08	-5.655694e+01	-8.384914e+02
3.260000e-06	-8.027871e-06	-1.413022e-08	-5.667102e+01	-8.390704e+02
3.270000e-06	-8.040917e-06	-1.413850e-08	-5.676311e+01	-8.394986e+02
3.280000e-06	-8.050889e-06	-1.414472e-08	-5.683350e+01	-8.397850e+02
3.290000e-06	-8.058007e-06	-1.414802e-08	-5.688376e+01	-8.399485e+02
3.300000e-06	-8.062281e-06	-1.415191e-08	-5.691392e+01	-8.400140e+02
3.310000e-06	-8.063778e-06	-1.415711e-08	-5.692449e+01	-8.400051e+02
