# Temperatura_=_59.86
# Concentracion g/m^3_=_11780.0
# C_Vs_to_Am_M_A/Vsm_=_59384043850.047264
# pendiente_HvsI_1/m_=_3716.3
# ordenada_HvsI_A/m_=_1297.0
# frecuencia_Hz_=_301541.4442277034

Tiempo_(s)	Campo_(V.s)	Magnetizacion_(V.s)	Campo_(kA/m)	Magnetizacion_(A/m)
0.000000e+00	-8.056924e-06	-1.439539e-08	-5.691894e+01	-8.539985e+02
1.000000e-08	-8.054080e-06	-1.439355e-08	-5.689885e+01	-8.538313e+02
2.000000e-08	-8.048547e-06	-1.438967e-08	-5.685976e+01	-8.535548e+02
3.000000e-08	-8.040388e-06	-1.438082e-08	-5.680212e+01	-8.531754e+02
4.000000e-08	-8.029338e-06	-1.436935e-08	-5.672406e+01	-8.527005e+02
5.000000e-08	-8.015320e-06	-1.435764e-08	-5.662503e+01	-8.521359e+02
6.000000e-08	-7.998437e-06	-1.435099e-08	-5.650576e+01	-8.514838e+02
7.000000e-08	-7.979054e-06	-1.434400e-08	-5.636882e+01	-8.507420e+02
8.000000e-08	-7.957166e-06	-1.430917e-08	-5.621419e+01	-8.499057e+02
9.000000e-08	-7.932076e-06	-1.427126e-08	-5.603694e+01	-8.489699e+02
1.000000e-07	-7.903668e-06	-1.426819e-08	-5.583625e+01	-8.479322e+02
1.100000e-07	-7.872378e-06	-1.427542e-08	-5.561520e+01	-8.467941e+02
1.200000e-07	-7.838414e-06	-1.426177e-08	-5.537526e+01	-8.455615e+02
1.300000e-07	-7.801956e-06	-1.422840e-08	-5.511770e+01	-8.442421e+02
1.400000e-07	-7.763402e-06	-1.421964e-08	-5.484533e+01	-8.428428e+02
1.500000e-07	-7.722613e-06	-1.420093e-08	-5.455717e+01	-8.413672e+02
1.600000e-07	-7.678966e-06	-1.416525e-08	-5.424882e+01	-8.398136e+02
1.700000e-07	-7.632575e-06	-1.412059e-08	-5.392109e+01	-8.381754e+02
1.800000e-07	-7.583401e-06	-1.406177e-08	-5.357369e+01	-8.364425e+02
1.900000e-07	-7.531012e-06	-1.406793e-08	-5.320358e+01	-8.346041e+02
2.000000e-07	-7.475738e-06	-1.404708e-08	-5.281310e+01	-8.326509e+02
2.100000e-07	-7.417827e-06	-1.399382e-08	-5.240398e+01	-8.305775e+02
2.200000e-07	-7.357222e-06	-1.396360e-08	-5.197583e+01	-8.283821e+02
2.300000e-07	-7.293959e-06	-1.391360e-08	-5.152890e+01	-8.260668e+02
2.400000e-07	-7.227962e-06	-1.388561e-08	-5.106266e+01	-8.236360e+02
2.500000e-07	-7.159297e-06	-1.383577e-08	-5.057757e+01	-8.210950e+02
2.600000e-07	-7.088035e-06	-1.377199e-08	-5.007413e+01	-8.184485e+02
2.700000e-07	-7.014061e-06	-1.373101e-08	-4.955153e+01	-8.156995e+02
2.800000e-07	-6.937308e-06	-1.371489e-08	-4.900931e+01	-8.128488e+02
2.900000e-07	-6.857841e-06	-1.366727e-08	-4.844791e+01	-8.098945e+02
3.000000e-07	-6.775850e-06	-1.357497e-08	-4.786867e+01	-8.068319e+02
3.100000e-07	-6.691582e-06	-1.353778e-08	-4.727335e+01	-8.036546e+02
3.200000e-07	-6.605042e-06	-1.349743e-08	-4.666198e+01	-8.003548e+02
3.300000e-07	-6.516155e-06	-1.343033e-08	-4.603402e+01	-7.969258e+02
3.400000e-07	-6.424971e-06	-1.336235e-08	-4.538985e+01	-7.933635e+02
3.500000e-07	-6.331518e-06	-1.330423e-08	-4.472964e+01	-7.896674e+02
3.600000e-07	-6.235775e-06	-1.325339e-08	-4.405325e+01	-7.858414e+02
3.700000e-07	-6.137692e-06	-1.318255e-08	-4.336034e+01	-7.818922e+02
3.800000e-07	-6.037374e-06	-1.310402e-08	-4.265163e+01	-7.778265e+02
3.900000e-07	-5.934943e-06	-1.302561e-08	-4.192800e+01	-7.736478e+02
4.000000e-07	-5.830385e-06	-1.296927e-08	-4.118934e+01	-7.693540e+02
4.100000e-07	-5.723683e-06	-1.290370e-08	-4.043553e+01	-7.649360e+02
4.200000e-07	-5.614948e-06	-1.281930e-08	-3.966736e+01	-7.603795e+02
4.300000e-07	-5.504260e-06	-1.273519e-08	-3.888539e+01	-7.556692e+02
4.400000e-07	-5.391520e-06	-1.266021e-08	-3.808893e+01	-7.507929e+02
4.500000e-07	-5.276619e-06	-1.258314e-08	-3.727720e+01	-7.457465e+02
4.600000e-07	-5.159606e-06	-1.248513e-08	-3.645055e+01	-7.405354e+02
4.700000e-07	-5.040653e-06	-1.238600e-08	-3.561020e+01	-7.351726e+02
4.800000e-07	-4.919938e-06	-1.230044e-08	-3.475739e+01	-7.296746e+02
4.900000e-07	-4.797446e-06	-1.221808e-08	-3.389203e+01	-7.240541e+02
5.000000e-07	-4.673125e-06	-1.211506e-08	-3.301376e+01	-7.183151e+02
5.100000e-07	-4.547177e-06	-1.200790e-08	-3.212398e+01	-7.124494e+02
5.200000e-07	-4.419677e-06	-1.190997e-08	-3.122325e+01	-7.064387e+02
5.300000e-07	-4.290561e-06	-1.180885e-08	-3.031110e+01	-7.002591e+02
5.400000e-07	-4.159844e-06	-1.169471e-08	-2.938764e+01	-6.938892e+02
5.500000e-07	-4.027601e-06	-1.157604e-08	-2.845339e+01	-6.873159e+02
5.600000e-07	-3.893885e-06	-1.146759e-08	-2.750874e+01	-6.805387e+02
5.700000e-07	-3.758719e-06	-1.135958e-08	-2.655385e+01	-6.735675e+02
5.800000e-07	-3.622216e-06	-1.123900e-08	-2.558951e+01	-6.664177e+02
5.900000e-07	-3.484508e-06	-1.110843e-08	-2.461665e+01	-6.591021e+02
6.000000e-07	-3.345417e-06	-1.098358e-08	-2.363403e+01	-6.516239e+02
6.100000e-07	-3.204846e-06	-1.085786e-08	-2.264096e+01	-6.439735e+02
6.200000e-07	-3.062977e-06	-1.072252e-08	-2.163871e+01	-6.361299e+02
6.300000e-07	-2.919967e-06	-1.058231e-08	-2.062840e+01	-6.280669e+02
6.400000e-07	-2.775861e-06	-1.044420e-08	-1.961035e+01	-6.197614e+02
6.500000e-07	-2.630685e-06	-1.030491e-08	-1.858474e+01	-6.111999e+02
6.600000e-07	-2.484625e-06	-1.015452e-08	-1.755288e+01	-6.023814e+02
6.700000e-07	-2.337742e-06	-9.997940e-09	-1.651521e+01	-5.933148e+02
6.800000e-07	-2.190041e-06	-9.841205e-09	-1.547177e+01	-5.840119e+02
6.900000e-07	-2.041595e-06	-9.684511e-09	-1.442305e+01	-5.744787e+02
7.000000e-07	-1.892452e-06	-9.518757e-09	-1.336942e+01	-5.647089e+02
7.100000e-07	-1.742654e-06	-9.347009e-09	-1.231116e+01	-5.546817e+02
7.200000e-07	-1.592292e-06	-9.171985e-09	-1.124891e+01	-5.443660e+02
7.300000e-07	-1.441417e-06	-8.995138e-09	-1.018303e+01	-5.337287e+02
7.400000e-07	-1.290017e-06	-8.810943e-09	-9.113451e+00	-5.227431e+02
7.500000e-07	-1.138072e-06	-8.616765e-09	-8.040024e+00	-5.113954e+02
7.600000e-07	-9.856559e-07	-8.418691e-09	-6.963264e+00	-4.996840e+02
7.700000e-07	-8.329028e-07	-8.216452e-09	-5.884125e+00	-4.876130e+02
7.800000e-07	-6.798802e-07	-8.008265e-09	-4.803082e+00	-4.751799e+02
7.900000e-07	-5.266263e-07	-7.790401e-09	-3.720404e+00	-4.623640e+02
8.000000e-07	-3.731943e-07	-7.566994e-09	-2.636469e+00	-4.491188e+02
8.100000e-07	-2.196560e-07	-7.336776e-09	-1.551782e+00	-4.353716e+02
8.200000e-07	-6.603954e-08	-7.095989e-09	-4.665429e-01	-4.210329e+02
8.300000e-07	8.761202e-08	-6.841718e-09	6.189438e-01	-4.060116e+02
8.400000e-07	2.412052e-07	-6.574219e-09	1.704018e+00	-3.902313e+02
8.500000e-07	3.947384e-07	-6.293092e-09	2.788669e+00	-3.736437e+02
8.600000e-07	5.481515e-07	-5.998001e-09	3.872471e+00	-3.562322e+02
8.700000e-07	7.013246e-07	-5.689025e-09	4.954578e+00	-3.380057e+02
8.800000e-07	8.542679e-07	-5.368311e-09	6.035061e+00	-3.189838e+02
8.900000e-07	1.006923e-06	-5.036850e-09	7.113510e+00	-2.991768e+02
9.000000e-07	1.159150e-06	-4.691666e-09	8.188933e+00	-2.785683e+02
9.100000e-07	1.310859e-06	-4.331163e-09	9.260692e+00	-2.571023e+02
9.200000e-07	1.462010e-06	-3.952464e-09	1.032852e+01	-2.346811e+02
9.300000e-07	1.612635e-06	-3.555403e-09	1.139262e+01	-2.111717e+02
9.400000e-07	1.762793e-06	-3.135339e-09	1.245343e+01	-1.864193e+02
9.500000e-07	1.912429e-06	-2.691394e-09	1.351055e+01	-1.602651e+02
9.600000e-07	2.061367e-06	-2.224564e-09	1.456274e+01	-1.325636e+02
9.700000e-07	2.209525e-06	-1.731470e-09	1.560941e+01	-1.031987e+02
9.800000e-07	2.356941e-06	-1.206562e-09	1.665084e+01	-7.209761e+01
9.900000e-07	2.503543e-06	-6.492517e-10	1.768653e+01	-3.924268e+01
1.000000e-06	2.649190e-06	-6.481651e-11	1.871547e+01	-4.683079e+00
1.010000e-06	2.793868e-06	5.454239e-10	1.973756e+01	3.145558e+01
1.020000e-06	2.937579e-06	1.180112e-09	2.075282e+01	6.896449e+01
1.030000e-06	3.080254e-06	1.834226e-09	2.176076e+01	1.075511e+02
1.040000e-06	3.221730e-06	2.498186e-09	2.276023e+01	1.468480e+02
1.050000e-06	3.361893e-06	3.165988e-09	2.375043e+01	1.864316e+02
1.060000e-06	3.500761e-06	3.832531e-09	2.473147e+01	2.258518e+02
1.070000e-06	3.638336e-06	4.488428e-09	2.570339e+01	2.646662e+02
1.080000e-06	3.774509e-06	5.123283e-09	2.666540e+01	3.024748e+02
1.090000e-06	3.909292e-06	5.734266e-09	2.761758e+01	3.389474e+02
1.100000e-06	4.042722e-06	6.320766e-09	2.856021e+01	3.738402e+02
1.110000e-06	4.174691e-06	6.881055e-09	2.949252e+01	4.069976e+02
1.120000e-06	4.305177e-06	7.412225e-09	3.041436e+01	4.383422e+02
1.130000e-06	4.434093e-06	7.911198e-09	3.132509e+01	4.678566e+02
1.140000e-06	4.561378e-06	8.379137e-09	3.222431e+01	4.955632e+02
1.150000e-06	4.687091e-06	8.816728e-09	3.311242e+01	5.215073e+02
1.160000e-06	4.811186e-06	9.222541e-09	3.398910e+01	5.457461e+02
1.170000e-06	4.933579e-06	9.597883e-09	3.485376e+01	5.683451e+02
1.180000e-06	5.054172e-06	9.946756e-09	3.570570e+01	5.893792e+02
1.190000e-06	5.172943e-06	1.027250e-08	3.654477e+01	6.089341e+02
1.200000e-06	5.289812e-06	1.057705e-08	3.737041e+01	6.271066e+02
1.210000e-06	5.404641e-06	1.086109e-08	3.818162e+01	6.440005e+02
1.220000e-06	5.517416e-06	1.112857e-08	3.897833e+01	6.597200e+02
1.230000e-06	5.628166e-06	1.137998e-08	3.976074e+01	6.743614e+02
1.240000e-06	5.736932e-06	1.161105e-08	4.052913e+01	6.880069e+02
1.250000e-06	5.843718e-06	1.182118e-08	4.128353e+01	7.007231e+02
1.260000e-06	5.948357e-06	1.201693e-08	4.202276e+01	7.125630e+02
1.270000e-06	6.050798e-06	1.220072e-08	4.274647e+01	7.235725e+02
1.280000e-06	6.151051e-06	1.237014e-08	4.345471e+01	7.337968e+02
1.290000e-06	6.248992e-06	1.252657e-08	4.414662e+01	7.432856e+02
1.300000e-06	6.344645e-06	1.267467e-08	4.482238e+01	7.520935e+02
1.310000e-06	6.438144e-06	1.281555e-08	4.548291e+01	7.602779e+02
1.320000e-06	6.529437e-06	1.294491e-08	4.612786e+01	7.678933e+02
1.330000e-06	6.618382e-06	1.306192e-08	4.675622e+01	7.749867e+02
1.340000e-06	6.704991e-06	1.317155e-08	4.736808e+01	7.815949e+02
1.350000e-06	6.789302e-06	1.327452e-08	4.796370e+01	7.877456e+02
1.360000e-06	6.871218e-06	1.336885e-08	4.854240e+01	7.934623e+02
1.370000e-06	6.950628e-06	1.345408e-08	4.910340e+01	7.987694e+02
1.380000e-06	7.027482e-06	1.353340e-08	4.964635e+01	8.036968e+02
1.390000e-06	7.101662e-06	1.361285e-08	5.017040e+01	8.082811e+02
1.400000e-06	7.173193e-06	1.368769e-08	5.067574e+01	8.125623e+02
1.410000e-06	7.242242e-06	1.375455e-08	5.116354e+01	8.165782e+02
1.420000e-06	7.308752e-06	1.381811e-08	5.163341e+01	8.203579e+02
1.430000e-06	7.372626e-06	1.387932e-08	5.208465e+01	8.239174e+02
1.440000e-06	7.433981e-06	1.393694e-08	5.251810e+01	8.272592e+02
1.450000e-06	7.492813e-06	1.398781e-08	5.293372e+01	8.303763e+02
1.460000e-06	7.548990e-06	1.403315e-08	5.333059e+01	8.332591e+02
1.470000e-06	7.602286e-06	1.407773e-08	5.370710e+01	8.359032e+02
1.480000e-06	7.652413e-06	1.411984e-08	5.406124e+01	8.383142e+02
1.490000e-06	7.699521e-06	1.415711e-08	5.439403e+01	8.405090e+02
1.500000e-06	7.743912e-06	1.418889e-08	5.470764e+01	8.425125e+02
1.510000e-06	7.785503e-06	1.421755e-08	5.500146e+01	8.443517e+02
1.520000e-06	7.824296e-06	1.424543e-08	5.527552e+01	8.460485e+02
1.530000e-06	7.860446e-06	1.427138e-08	5.553090e+01	8.476153e+02
1.540000e-06	7.893851e-06	1.429392e-08	5.576690e+01	8.490535e+02
1.550000e-06	7.924491e-06	1.431429e-08	5.598336e+01	8.503565e+02
1.560000e-06	7.952453e-06	1.433473e-08	5.618090e+01	8.515148e+02
1.570000e-06	7.977552e-06	1.435243e-08	5.635821e+01	8.525217e+02
1.580000e-06	7.999789e-06	1.436400e-08	5.651531e+01	8.533769e+02
1.590000e-06	8.019304e-06	1.437179e-08	5.665318e+01	8.540876e+02
1.600000e-06	8.035934e-06	1.437896e-08	5.677066e+01	8.546662e+02
1.610000e-06	8.049574e-06	1.438606e-08	5.686702e+01	8.551260e+02
1.620000e-06	8.060122e-06	1.439118e-08	5.694154e+01	8.554774e+02
1.630000e-06	8.067644e-06	1.439493e-08	5.699468e+01	8.557252e+02
1.640000e-06	8.072376e-06	1.439919e-08	5.702811e+01	8.558689e+02
1.650000e-06	8.074272e-06	1.440008e-08	5.704150e+01	8.559049e+02
1.660000e-06	8.073400e-06	1.439926e-08	5.703534e+01	8.558296e+02
1.670000e-06	8.069951e-06	1.439520e-08	5.701098e+01	8.556424e+02
1.680000e-06	8.063834e-06	1.438925e-08	5.696776e+01	8.553468e+02
1.690000e-06	8.055035e-06	1.438195e-08	5.690560e+01	8.549497e+02
1.700000e-06	8.043551e-06	1.437172e-08	5.682447e+01	8.544582e+02
1.710000e-06	8.029232e-06	1.435882e-08	5.672331e+01	8.538779e+02
1.720000e-06	8.012301e-06	1.434208e-08	5.660370e+01	8.532098e+02
1.730000e-06	7.993109e-06	1.434253e-08	5.646812e+01	8.524514e+02
1.740000e-06	7.971244e-06	1.436619e-08	5.631365e+01	8.515975e+02
1.750000e-06	7.945901e-06	1.434521e-08	5.613461e+01	8.506434e+02
1.760000e-06	7.916838e-06	1.429798e-08	5.592929e+01	8.495873e+02
1.770000e-06	7.884610e-06	1.426958e-08	5.570161e+01	8.484317e+02
1.780000e-06	7.849871e-06	1.424606e-08	5.545620e+01	8.471828e+02
1.790000e-06	7.812713e-06	1.420633e-08	5.519369e+01	8.458485e+02
1.800000e-06	7.773346e-06	1.420523e-08	5.491558e+01	8.444354e+02
1.810000e-06	7.731821e-06	1.416978e-08	5.462222e+01	8.429459e+02
1.820000e-06	7.687703e-06	1.413964e-08	5.431054e+01	8.413777e+02
1.830000e-06	7.640945e-06	1.416335e-08	5.398022e+01	8.397232e+02
1.840000e-06	7.591282e-06	1.409443e-08	5.362937e+01	8.379721e+02
1.850000e-06	7.538579e-06	1.407721e-08	5.325705e+01	8.361136e+02
1.860000e-06	7.483030e-06	1.402524e-08	5.286461e+01	8.341391e+02
1.870000e-06	7.424748e-06	1.397790e-08	5.245287e+01	8.320437e+02
1.880000e-06	7.363936e-06	1.397874e-08	5.202326e+01	8.298265e+02
1.890000e-06	7.300340e-06	1.390853e-08	5.157398e+01	8.274901e+02
1.900000e-06	7.234022e-06	1.389324e-08	5.110547e+01	8.250391e+02
1.910000e-06	7.164978e-06	1.385003e-08	5.061770e+01	8.224788e+02
1.920000e-06	7.093108e-06	1.380724e-08	5.010997e+01	8.198136e+02
1.930000e-06	7.018645e-06	1.373844e-08	4.958392e+01	8.170463e+02
1.940000e-06	6.941417e-06	1.367461e-08	4.903833e+01	8.141771e+02
1.950000e-06	6.861550e-06	1.366252e-08	4.847411e+01	8.112037e+02
1.960000e-06	6.779296e-06	1.358751e-08	4.789301e+01	8.081211e+02
1.970000e-06	6.694640e-06	1.355372e-08	4.729495e+01	8.049223e+02
1.980000e-06	6.607528e-06	1.349207e-08	4.667954e+01	8.015997e+02
1.990000e-06	6.518011e-06	1.343165e-08	4.604714e+01	7.981470e+02
2.000000e-06	6.426268e-06	1.337156e-08	4.539901e+01	7.945605e+02
2.010000e-06	6.332222e-06	1.329226e-08	4.473462e+01	7.908406e+02
2.020000e-06	6.235919e-06	1.324205e-08	4.405427e+01	7.869920e+02
2.030000e-06	6.137425e-06	1.316918e-08	4.335845e+01	7.830213e+02
2.040000e-06	6.036727e-06	1.311751e-08	4.264706e+01	7.789351e+02
2.050000e-06	5.933764e-06	1.303574e-08	4.191967e+01	7.747361e+02
2.060000e-06	5.828646e-06	1.296073e-08	4.117705e+01	7.704208e+02
2.070000e-06	5.721569e-06	1.288088e-08	4.042060e+01	7.659790e+02
2.080000e-06	5.612488e-06	1.280378e-08	3.964998e+01	7.613961e+02
2.090000e-06	5.501352e-06	1.272817e-08	3.886485e+01	7.566566e+02
2.100000e-06	5.388108e-06	1.263847e-08	3.806483e+01	7.517498e+02
2.110000e-06	5.272818e-06	1.256298e-08	3.725035e+01	7.466732e+02
2.120000e-06	5.155449e-06	1.247469e-08	3.642118e+01	7.414337e+02
2.130000e-06	5.036037e-06	1.238398e-08	3.557759e+01	7.360455e+02
2.140000e-06	4.914748e-06	1.228025e-08	3.472073e+01	7.305246e+02
2.150000e-06	4.791728e-06	1.219050e-08	3.385164e+01	7.248829e+02
2.160000e-06	4.667044e-06	1.209390e-08	3.297080e+01	7.191220e+02
2.170000e-06	4.540635e-06	1.199758e-08	3.207777e+01	7.132319e+02
2.180000e-06	4.412587e-06	1.189420e-08	3.117316e+01	7.071926e+02
2.190000e-06	4.282982e-06	1.179415e-08	3.025755e+01	7.009803e+02
2.200000e-06	4.151858e-06	1.169211e-08	2.933121e+01	6.945745e+02
2.210000e-06	4.019270e-06	1.157609e-08	2.839453e+01	6.879643e+02
2.220000e-06	3.885260e-06	1.145710e-08	2.744781e+01	6.811513e+02
2.230000e-06	3.749801e-06	1.133329e-08	2.649084e+01	6.741469e+02
2.240000e-06	3.612952e-06	1.121984e-08	2.552406e+01	6.669666e+02
2.250000e-06	3.474799e-06	1.109341e-08	2.454807e+01	6.596220e+02
2.260000e-06	3.335343e-06	1.096955e-08	2.356286e+01	6.521140e+02
2.270000e-06	3.194600e-06	1.084100e-08	2.256857e+01	6.444306e+02
2.280000e-06	3.052631e-06	1.071310e-08	2.156562e+01	6.365496e+02
2.290000e-06	2.909489e-06	1.057544e-08	2.055437e+01	6.284447e+02
2.300000e-06	2.765339e-06	1.042917e-08	1.953601e+01	6.200939e+02
2.310000e-06	2.620244e-06	1.028264e-08	1.851098e+01	6.114861e+02
2.320000e-06	2.474176e-06	1.013394e-08	1.747906e+01	6.026223e+02
2.330000e-06	2.327331e-06	9.984208e-09	1.644166e+01	5.935125e+02
2.340000e-06	2.179661e-06	9.825896e-09	1.539844e+01	5.841682e+02
2.350000e-06	2.031147e-06	9.667218e-09	1.434924e+01	5.745935e+02
2.360000e-06	1.881996e-06	9.502270e-09	1.329555e+01	5.647794e+02
2.370000e-06	1.732278e-06	9.332595e-09	1.223785e+01	5.547030e+02
2.380000e-06	1.581904e-06	9.155293e-09	1.117552e+01	5.443321e+02
2.390000e-06	1.430889e-06	8.975629e-09	1.010866e+01	5.336340e+02
2.400000e-06	1.279357e-06	8.792195e-09	9.038143e+00	5.225842e+02
2.410000e-06	1.127395e-06	8.601148e-09	7.964593e+00	5.111713e+02
2.420000e-06	9.750415e-07	8.399712e-09	6.888278e+00	4.993953e+02
2.430000e-06	8.223397e-07	8.195273e-09	5.809501e+00	4.872599e+02
2.440000e-06	6.692867e-07	7.987330e-09	4.728242e+00	4.747605e+02
2.450000e-06	5.159216e-07	7.772356e-09	3.644780e+00	4.618721e+02
2.460000e-06	3.623998e-07	7.547089e-09	2.560209e+00	4.485430e+02
2.470000e-06	2.087851e-07	7.313521e-09	1.474983e+00	4.346968e+02
2.480000e-06	5.509640e-08	7.072785e-09	3.892340e-01	4.202426e+02
2.490000e-06	-9.859517e-08	6.817507e-09	-6.965354e-01	4.050905e+02
2.500000e-06	-2.522229e-07	6.548152e-09	-1.781854e+00	3.891685e+02
2.510000e-06	-4.057280e-07	6.265492e-09	-2.866306e+00	3.724340e+02
2.520000e-06	-5.590783e-07	5.975885e-09	-3.949664e+00	3.548756e+02
2.530000e-06	-7.122537e-07	5.669970e-09	-5.031787e+00	3.365054e+02
2.540000e-06	-8.651517e-07	5.345377e-09	-6.111951e+00	3.173429e+02
2.550000e-06	-1.017678e-06	5.005993e-09	-7.189489e+00	2.973950e+02
2.560000e-06	-1.169788e-06	4.656753e-09	-8.264086e+00	2.766385e+02
2.570000e-06	-1.321458e-06	4.293534e-09	-9.335574e+00	2.550101e+02
2.580000e-06	-1.472628e-06	3.911885e-09	-1.040352e+01	2.324050e+02
2.590000e-06	-1.623232e-06	3.514588e-09	-1.146748e+01	2.086851e+02
2.600000e-06	-1.773196e-06	3.098156e-09	-1.252692e+01	1.836938e+02
2.610000e-06	-1.922525e-06	2.657202e-09	-1.358187e+01	1.572731e+02
2.620000e-06	-2.071204e-06	2.185936e-09	-1.463223e+01	1.292819e+02
2.630000e-06	-2.219108e-06	1.684168e-09	-1.567711e+01	9.961068e+01
2.640000e-06	-2.366202e-06	1.156914e-09	-1.671627e+01	6.819571e+01
2.650000e-06	-2.512505e-06	6.019752e-10	-1.774984e+01	3.503053e+01
2.660000e-06	-2.657986e-06	1.830706e-11	-1.877761e+01	1.772411e-01
2.670000e-06	-2.802469e-06	-5.897182e-10	-1.979832e+01	-3.622404e+01
2.680000e-06	-2.945893e-06	-1.219183e-09	-2.081155e+01	-7.394935e+01
2.690000e-06	-3.088213e-06	-1.866159e-09	-2.181699e+01	-1.126919e+02
2.700000e-06	-3.229273e-06	-2.527339e-09	-2.281352e+01	-1.520723e+02
2.710000e-06	-3.369058e-06	-3.192873e-09	-2.380105e+01	-1.916602e+02
2.720000e-06	-3.507658e-06	-3.854987e-09	-2.478020e+01	-2.310040e+02
2.730000e-06	-3.644970e-06	-4.506500e-09	-2.575025e+01	-2.696666e+02
2.740000e-06	-3.780900e-06	-5.142342e-09	-2.671055e+01	-3.072586e+02
2.750000e-06	-3.915489e-06	-5.754281e-09	-2.766137e+01	-3.434646e+02
2.760000e-06	-4.048664e-06	-6.334987e-09	-2.860219e+01	-3.780566e+02
2.770000e-06	-4.180413e-06	-6.882870e-09	-2.953294e+01	-4.108942e+02
2.780000e-06	-4.310712e-06	-7.400973e-09	-3.045346e+01	-4.419120e+02
2.790000e-06	-4.439469e-06	-7.893757e-09	-3.136307e+01	-4.711012e+02
2.800000e-06	-4.566635e-06	-8.356877e-09	-3.226145e+01	-4.984895e+02
2.810000e-06	-4.692210e-06	-8.788502e-09	-3.314858e+01	-5.241248e+02
2.820000e-06	-4.816135e-06	-9.193361e-09	-3.402407e+01	-5.480658e+02
2.830000e-06	-4.938361e-06	-9.574612e-09	-3.488754e+01	-5.703798e+02
2.840000e-06	-5.058777e-06	-9.929022e-09	-3.573824e+01	-5.911433e+02
2.850000e-06	-5.177203e-06	-1.025494e-08	-3.657487e+01	-6.104441e+02
2.860000e-06	-5.293548e-06	-1.055569e-08	-3.739680e+01	-6.283807e+02
2.870000e-06	-5.407780e-06	-1.083752e-08	-3.820380e+01	-6.450576e+02
2.880000e-06	-5.519849e-06	-1.110003e-08	-3.899553e+01	-6.605780e+02
2.890000e-06	-5.629851e-06	-1.134225e-08	-3.977264e+01	-6.750361e+02
2.900000e-06	-5.737925e-06	-1.156786e-08	-4.053614e+01	-6.885114e+02
2.910000e-06	-5.844086e-06	-1.178100e-08	-4.128613e+01	-7.010677e+02
2.920000e-06	-5.948208e-06	-1.197960e-08	-4.202171e+01	-7.127562e+02
2.930000e-06	-6.050118e-06	-1.216272e-08	-4.274166e+01	-7.236223e+02
2.940000e-06	-6.149824e-06	-1.233321e-08	-4.344604e+01	-7.337116e+02
2.950000e-06	-6.247405e-06	-1.249358e-08	-4.413541e+01	-7.430748e+02
2.960000e-06	-6.342816e-06	-1.264406e-08	-4.480946e+01	-7.517673e+02
2.970000e-06	-6.435952e-06	-1.278175e-08	-4.546743e+01	-7.598464e+02
2.980000e-06	-6.526839e-06	-1.290759e-08	-4.610951e+01	-7.673657e+02
2.990000e-06	-6.615485e-06	-1.302556e-08	-4.673576e+01	-7.743702e+02
3.000000e-06	-6.701733e-06	-1.313929e-08	-4.734506e+01	-7.808950e+02
3.010000e-06	-6.785537e-06	-1.324286e-08	-4.793711e+01	-7.869667e+02
3.020000e-06	-6.867030e-06	-1.333581e-08	-4.851282e+01	-7.926085e+02
3.030000e-06	-6.946068e-06	-1.342400e-08	-4.907119e+01	-7.978456e+02
3.040000e-06	-7.022379e-06	-1.350881e-08	-4.961029e+01	-8.027091e+02
3.050000e-06	-7.096023e-06	-1.358717e-08	-5.013056e+01	-8.072364e+02
3.060000e-06	-7.167095e-06	-1.365901e-08	-5.063266e+01	-8.114678e+02
3.070000e-06	-7.235558e-06	-1.372688e-08	-5.111632e+01	-8.154399e+02
3.080000e-06	-7.301460e-06	-1.379186e-08	-5.158189e+01	-8.191797e+02
3.090000e-06	-7.364829e-06	-1.384974e-08	-5.202957e+01	-8.227006e+02
3.100000e-06	-7.425597e-06	-1.390033e-08	-5.245887e+01	-8.260031e+02
3.110000e-06	-7.483698e-06	-1.394850e-08	-5.286933e+01	-8.290791e+02
3.120000e-06	-7.539039e-06	-1.399630e-08	-5.326029e+01	-8.319196e+02
3.130000e-06	-7.591489e-06	-1.404256e-08	-5.363083e+01	-8.345215e+02
3.140000e-06	-7.640936e-06	-1.408517e-08	-5.398016e+01	-8.368925e+02
3.150000e-06	-7.687474e-06	-1.412492e-08	-5.430892e+01	-8.390513e+02
3.160000e-06	-7.731419e-06	-1.416210e-08	-5.461938e+01	-8.410238e+02
3.170000e-06	-7.772909e-06	-1.419400e-08	-5.491249e+01	-8.428363e+02
3.180000e-06	-7.811666e-06	-1.421814e-08	-5.518629e+01	-8.445095e+02
3.190000e-06	-7.847602e-06	-1.423920e-08	-5.544016e+01	-8.460536e+02
3.200000e-06	-7.880820e-06	-1.426159e-08	-5.567484e+01	-8.474685e+02
3.210000e-06	-7.911124e-06	-1.428660e-08	-5.588893e+01	-8.487465e+02
3.220000e-06	-7.938562e-06	-1.431049e-08	-5.608276e+01	-8.498783e+02
3.230000e-06	-7.963328e-06	-1.433153e-08	-5.625772e+01	-8.508580e+02
3.240000e-06	-7.985270e-06	-1.435152e-08	-5.641274e+01	-8.516869e+02
3.250000e-06	-8.004373e-06	-1.436516e-08	-5.654769e+01	-8.523732e+02
3.260000e-06	-8.020656e-06	-1.437092e-08	-5.666272e+01	-8.529298e+02
3.270000e-06	-8.033858e-06	-1.437322e-08	-5.675599e+01	-8.533698e+02
3.280000e-06	-8.044027e-06	-1.437704e-08	-5.682783e+01	-8.537026e+02
3.290000e-06	-8.051323e-06	-1.438358e-08	-5.687937e+01	-8.539322e+02
3.300000e-06	-8.055745e-06	-1.439072e-08	-5.691062e+01	-8.540571e+02
3.310000e-06	-8.057439e-06	-1.439622e-08	-5.692258e+01	-8.540736e+02
