# Temperatura_=_43.85
# Concentracion g/m^3_=_11780.0
# C_Vs_to_Am_M_A/Vsm_=_59384043850.047264
# pendiente_HvsI_1/m_=_3716.3
# ordenada_HvsI_A/m_=_1297.0
# frecuencia_Hz_=_301541.82471775106

Tiempo_(s)	Campo_(V.s)	Magnetizacion_(V.s)	Campo_(kA/m)	Magnetizacion_(A/m)
0.000000e+00	-8.105904e-06	-1.408290e-08	-5.691576e+01	-8.351784e+02
1.000000e-08	-8.103114e-06	-1.407638e-08	-5.689618e+01	-8.350151e+02
2.000000e-08	-8.097671e-06	-1.406749e-08	-5.685796e+01	-8.347420e+02
3.000000e-08	-8.089558e-06	-1.405824e-08	-5.680099e+01	-8.343757e+02
4.000000e-08	-8.078589e-06	-1.404930e-08	-5.672397e+01	-8.339307e+02
5.000000e-08	-8.064682e-06	-1.404026e-08	-5.662632e+01	-8.334136e+02
6.000000e-08	-8.047891e-06	-1.403408e-08	-5.650843e+01	-8.328219e+02
7.000000e-08	-8.028588e-06	-1.403150e-08	-5.637289e+01	-8.321458e+02
8.000000e-08	-8.006796e-06	-1.399719e-08	-5.621988e+01	-8.313730e+02
9.000000e-08	-7.981797e-06	-1.395410e-08	-5.604434e+01	-8.304948e+02
1.000000e-07	-7.953404e-06	-1.395412e-08	-5.584499e+01	-8.295104e+02
1.100000e-07	-7.922180e-06	-1.396868e-08	-5.562574e+01	-8.284279e+02
1.200000e-07	-7.888273e-06	-1.395617e-08	-5.538767e+01	-8.272616e+02
1.300000e-07	-7.851804e-06	-1.391673e-08	-5.513159e+01	-8.260258e+02
1.400000e-07	-7.813175e-06	-1.391229e-08	-5.486036e+01	-8.247288e+02
1.500000e-07	-7.772257e-06	-1.390986e-08	-5.457306e+01	-8.233684e+02
1.600000e-07	-7.728511e-06	-1.386410e-08	-5.426589e+01	-8.219314e+02
1.700000e-07	-7.681999e-06	-1.382253e-08	-5.393931e+01	-8.203974e+02
1.800000e-07	-7.632680e-06	-1.376331e-08	-5.359301e+01	-8.187451e+02
1.900000e-07	-7.580127e-06	-1.375696e-08	-5.322401e+01	-8.169599e+02
2.000000e-07	-7.524653e-06	-1.375477e-08	-5.283450e+01	-8.150387e+02
2.100000e-07	-7.466522e-06	-1.370144e-08	-5.242633e+01	-8.129912e+02
2.200000e-07	-7.405776e-06	-1.366103e-08	-5.199980e+01	-8.108359e+02
2.300000e-07	-7.342423e-06	-1.361360e-08	-5.155497e+01	-8.085931e+02
2.400000e-07	-7.276220e-06	-1.360214e-08	-5.109012e+01	-8.062776e+02
2.500000e-07	-7.207282e-06	-1.355325e-08	-5.060608e+01	-8.038922e+02
2.600000e-07	-7.135729e-06	-1.347967e-08	-5.010366e+01	-8.014265e+02
2.700000e-07	-7.061430e-06	-1.344637e-08	-4.958197e+01	-7.988600e+02
2.800000e-07	-6.984357e-06	-1.343766e-08	-4.904080e+01	-7.961688e+02
2.900000e-07	-6.904554e-06	-1.339591e-08	-4.848046e+01	-7.933339e+02
3.000000e-07	-6.822205e-06	-1.330033e-08	-4.790225e+01	-7.903472e+02
3.100000e-07	-6.737568e-06	-1.325663e-08	-4.730796e+01	-7.872143e+02
3.200000e-07	-6.650680e-06	-1.322066e-08	-4.669788e+01	-7.839519e+02
3.300000e-07	-6.561466e-06	-1.316296e-08	-4.607146e+01	-7.805817e+02
3.400000e-07	-6.469932e-06	-1.309460e-08	-4.542875e+01	-7.771222e+02
3.500000e-07	-6.376132e-06	-1.303080e-08	-4.477014e+01	-7.735825e+02
3.600000e-07	-6.279985e-06	-1.298584e-08	-4.409504e+01	-7.699584e+02
3.700000e-07	-6.181443e-06	-1.292414e-08	-4.340313e+01	-7.662343e+02
3.800000e-07	-6.080638e-06	-1.284588e-08	-4.269532e+01	-7.623881e+02
3.900000e-07	-5.977686e-06	-1.276193e-08	-4.197244e+01	-7.583988e+02
4.000000e-07	-5.872566e-06	-1.270865e-08	-4.123434e+01	-7.542527e+02
4.100000e-07	-5.765289e-06	-1.265368e-08	-4.048109e+01	-7.499474e+02
4.200000e-07	-5.656032e-06	-1.257109e-08	-3.971394e+01	-7.454914e+02
4.300000e-07	-5.544771e-06	-1.248093e-08	-3.893272e+01	-7.408994e+02
4.400000e-07	-5.431340e-06	-1.240581e-08	-3.813626e+01	-7.361869e+02
4.500000e-07	-5.315760e-06	-1.233683e-08	-3.732471e+01	-7.313635e+02
4.600000e-07	-5.198148e-06	-1.224540e-08	-3.649890e+01	-7.264295e+02
4.700000e-07	-5.078604e-06	-1.214988e-08	-3.565952e+01	-7.213758e+02
4.800000e-07	-4.957222e-06	-1.206820e-08	-3.480724e+01	-7.161872e+02
4.900000e-07	-4.834104e-06	-1.199259e-08	-3.394276e+01	-7.108476e+02
5.000000e-07	-4.709236e-06	-1.189500e-08	-3.306599e+01	-7.053454e+02
5.100000e-07	-4.582729e-06	-1.178670e-08	-3.217772e+01	-6.996766e+02
5.200000e-07	-4.454577e-06	-1.168677e-08	-3.127790e+01	-6.938449e+02
5.300000e-07	-4.324722e-06	-1.159360e-08	-3.036612e+01	-6.878586e+02
5.400000e-07	-4.193329e-06	-1.148922e-08	-2.944354e+01	-6.817259e+02
5.500000e-07	-4.060438e-06	-1.137399e-08	-2.851045e+01	-6.754496e+02
5.600000e-07	-3.926049e-06	-1.126610e-08	-2.756683e+01	-6.690242e+02
5.700000e-07	-3.790168e-06	-1.116323e-08	-2.661274e+01	-6.624357e+02
5.800000e-07	-3.652904e-06	-1.105113e-08	-2.564894e+01	-6.556645e+02
5.900000e-07	-3.514277e-06	-1.092398e-08	-2.467556e+01	-6.486905e+02
6.000000e-07	-3.374231e-06	-1.080137e-08	-2.369223e+01	-6.414976e+02
6.100000e-07	-3.232784e-06	-1.068398e-08	-2.269906e+01	-6.340782e+02
6.200000e-07	-3.090035e-06	-1.055892e-08	-2.169674e+01	-6.264335e+02
6.300000e-07	-2.946154e-06	-1.041914e-08	-2.068648e+01	-6.185715e+02
6.400000e-07	-2.801238e-06	-1.027706e-08	-1.966895e+01	-6.105026e+02
6.500000e-07	-2.655328e-06	-1.013920e-08	-1.864444e+01	-6.022341e+02
6.600000e-07	-2.508503e-06	-9.998094e-09	-1.761351e+01	-5.937662e+02
6.700000e-07	-2.360807e-06	-9.850706e-09	-1.657646e+01	-5.850897e+02
6.800000e-07	-2.212291e-06	-9.701101e-09	-1.553365e+01	-5.761866e+02
6.900000e-07	-2.062995e-06	-9.553134e-09	-1.448536e+01	-5.670339e+02
7.000000e-07	-1.913032e-06	-9.397384e-09	-1.343239e+01	-5.576078e+02
7.100000e-07	-1.762512e-06	-9.229403e-09	-1.237551e+01	-5.478882e+02
7.200000e-07	-1.611365e-06	-9.052452e-09	-1.131423e+01	-5.378614e+02
7.300000e-07	-1.459553e-06	-8.877876e-09	-1.024828e+01	-5.275209e+02
7.400000e-07	-1.307161e-06	-8.701912e-09	-9.178255e+00	-5.168647e+02
7.500000e-07	-1.154315e-06	-8.518044e-09	-8.105045e+00	-5.058915e+02
7.600000e-07	-1.000989e-06	-8.327102e-09	-7.028465e+00	-4.945963e+02
7.700000e-07	-8.472566e-07	-8.132447e-09	-5.949029e+00	-4.829652e+02
7.800000e-07	-6.932584e-07	-7.933843e-09	-4.867728e+00	-4.709728e+02
7.900000e-07	-5.390747e-07	-7.724551e-09	-3.785124e+00	-4.585813e+02
8.000000e-07	-3.847688e-07	-7.504317e-09	-2.701662e+00	-4.457411e+02
8.100000e-07	-2.302943e-07	-7.276309e-09	-1.617016e+00	-4.323942e+02
8.200000e-07	-7.571709e-08	-7.044130e-09	-5.316491e-01	-4.184779e+02
8.300000e-07	7.881378e-08	-6.801791e-09	5.533925e-01	-4.039305e+02
8.400000e-07	2.333031e-07	-6.543087e-09	1.638142e+00	-3.886954e+02
8.500000e-07	3.877460e-07	-6.270748e-09	2.722567e+00	-3.727262e+02
8.600000e-07	5.420661e-07	-5.988661e-09	3.806128e+00	-3.559888e+02
8.700000e-07	6.961902e-07	-5.693447e-09	4.888313e+00	-3.384625e+02
8.800000e-07	8.500977e-07	-5.382474e-09	5.968978e+00	-3.201372e+02
8.900000e-07	1.003762e-06	-5.059284e-09	7.047934e+00	-3.010082e+02
9.000000e-07	1.157052e-06	-4.726989e-09	8.124266e+00	-2.810674e+02
9.100000e-07	1.309886e-06	-4.381313e-09	9.197391e+00	-2.602930e+02
9.200000e-07	1.462179e-06	-4.015291e-09	1.026672e+01	-2.386396e+02
9.300000e-07	1.613876e-06	-3.629985e-09	1.133186e+01	-2.160309e+02
9.400000e-07	1.764960e-06	-3.227518e-09	1.239270e+01	-1.923573e+02
9.500000e-07	1.915422e-06	-2.807978e-09	1.344918e+01	-1.674816e+02
9.600000e-07	2.065214e-06	-2.366722e-09	1.450094e+01	-1.412518e+02
9.700000e-07	2.214294e-06	-1.899404e-09	1.554771e+01	-1.135216e+02
9.800000e-07	2.362621e-06	-1.405052e-09	1.658919e+01	-8.417425e+01
9.900000e-07	2.510038e-06	-8.823430e-10	1.762428e+01	-5.314739e+01
1.000000e-06	2.656545e-06	-3.301921e-10	1.865298e+01	-2.045343e+01
1.010000e-06	2.802148e-06	2.508304e-10	1.967534e+01	1.380794e+01
1.020000e-06	2.946747e-06	8.549121e-10	2.069064e+01	4.944754e+01
1.030000e-06	3.090289e-06	1.474500e-09	2.169853e+01	8.619504e+01
1.040000e-06	3.232639e-06	2.105496e-09	2.269804e+01	1.237165e+02
1.050000e-06	3.373722e-06	2.745746e-09	2.368865e+01	1.616374e+02
1.060000e-06	3.513578e-06	3.387883e-09	2.467066e+01	1.995684e+02
1.070000e-06	3.652162e-06	4.022057e-09	2.564373e+01	2.371288e+02
1.080000e-06	3.789387e-06	4.641160e-09	2.660725e+01	2.739665e+02
1.090000e-06	3.925143e-06	5.243739e-09	2.756047e+01	3.097725e+02
1.100000e-06	4.059438e-06	5.825968e-09	2.850342e+01	3.442904e+02
1.110000e-06	4.192271e-06	6.382652e-09	2.943611e+01	3.773209e+02
1.120000e-06	4.323596e-06	6.912167e-09	3.035821e+01	4.087236e+02
1.130000e-06	4.453377e-06	7.413790e-09	3.126948e+01	4.384152e+02
1.140000e-06	4.581559e-06	7.886847e-09	3.216951e+01	4.663658e+02
1.150000e-06	4.708128e-06	8.329227e-09	3.305821e+01	4.925922e+02
1.160000e-06	4.833041e-06	8.739709e-09	3.393529e+01	5.171486e+02
1.170000e-06	4.956281e-06	9.122732e-09	3.480063e+01	5.401149e+02
1.180000e-06	5.077779e-06	9.481131e-09	3.565373e+01	5.615841e+02
1.190000e-06	5.197421e-06	9.815789e-09	3.649379e+01	5.816499e+02
1.200000e-06	5.315116e-06	1.012900e-08	3.732019e+01	6.003985e+02
1.210000e-06	5.430775e-06	1.042260e-08	3.813230e+01	6.179037e+02
1.220000e-06	5.544328e-06	1.069966e-08	3.892961e+01	6.342272e+02
1.230000e-06	5.655774e-06	1.095954e-08	3.971213e+01	6.494240e+02
1.240000e-06	5.765202e-06	1.119706e-08	4.048048e+01	6.635487e+02
1.250000e-06	5.872650e-06	1.141286e-08	4.123493e+01	6.766618e+02
1.260000e-06	5.977989e-06	1.161497e-08	4.197457e+01	6.888327e+02
1.270000e-06	6.081154e-06	1.180549e-08	4.269894e+01	7.001387e+02
1.280000e-06	6.182176e-06	1.197979e-08	4.340827e+01	7.106589e+02
1.290000e-06	6.280935e-06	1.214147e-08	4.410171e+01	7.204668e+02
1.300000e-06	6.377351e-06	1.229678e-08	4.477870e+01	7.296233e+02
1.310000e-06	6.471507e-06	1.244317e-08	4.543982e+01	7.381724e+02
1.320000e-06	6.563448e-06	1.257730e-08	4.608538e+01	7.461424e+02
1.330000e-06	6.653080e-06	1.269960e-08	4.671473e+01	7.535514e+02
1.340000e-06	6.740380e-06	1.281370e-08	4.732771e+01	7.604165e+02
1.350000e-06	6.825357e-06	1.291943e-08	4.792438e+01	7.667614e+02
1.360000e-06	6.907906e-06	1.301437e-08	4.850400e+01	7.726229e+02
1.370000e-06	6.987961e-06	1.310052e-08	4.906610e+01	7.780503e+02
1.380000e-06	7.065492e-06	1.318487e-08	4.961049e+01	7.831009e+02
1.390000e-06	7.140410e-06	1.326835e-08	5.013653e+01	7.878306e+02
1.400000e-06	7.212676e-06	1.334438e-08	5.064395e+01	7.922849e+02
1.410000e-06	7.282374e-06	1.341279e-08	5.113333e+01	7.964918e+02
1.420000e-06	7.349499e-06	1.348005e-08	5.160466e+01	8.004602e+02
1.430000e-06	7.413984e-06	1.354438e-08	5.205743e+01	8.041839e+02
1.440000e-06	7.475865e-06	1.360140e-08	5.249193e+01	8.076499e+02
1.450000e-06	7.535232e-06	1.364979e-08	5.290878e+01	8.108483e+02
1.460000e-06	7.591937e-06	1.369551e-08	5.330694e+01	8.137798e+02
1.470000e-06	7.645738e-06	1.374281e-08	5.368470e+01	8.164589e+02
1.480000e-06	7.696415e-06	1.378620e-08	5.404053e+01	8.189119e+02
1.490000e-06	7.743987e-06	1.382567e-08	5.437456e+01	8.211702e+02
1.500000e-06	7.788792e-06	1.386183e-08	5.468916e+01	8.232615e+02
1.510000e-06	7.830866e-06	1.389391e-08	5.498458e+01	8.252035e+02
1.520000e-06	7.870094e-06	1.392083e-08	5.526002e+01	8.269999e+02
1.530000e-06	7.906596e-06	1.394277e-08	5.551632e+01	8.286435e+02
1.540000e-06	7.940344e-06	1.396364e-08	5.575328e+01	8.301214e+02
1.550000e-06	7.971288e-06	1.398670e-08	5.597055e+01	8.314232e+02
1.560000e-06	7.999536e-06	1.400832e-08	5.616890e+01	8.325474e+02
1.570000e-06	8.024903e-06	1.402486e-08	5.634701e+01	8.335042e+02
1.580000e-06	8.047397e-06	1.403817e-08	5.650496e+01	8.343133e+02
1.590000e-06	8.067199e-06	1.404980e-08	5.664400e+01	8.349989e+02
1.600000e-06	8.084131e-06	1.405802e-08	5.676288e+01	8.355819e+02
1.610000e-06	8.098067e-06	1.406164e-08	5.686074e+01	8.360741e+02
1.620000e-06	8.108923e-06	1.406290e-08	5.693696e+01	8.364759e+02
1.630000e-06	8.116734e-06	1.406587e-08	5.699181e+01	8.367779e+02
1.640000e-06	8.121710e-06	1.407137e-08	5.702675e+01	8.369667e+02
1.650000e-06	8.123811e-06	1.407306e-08	5.704150e+01	8.370313e+02
1.660000e-06	8.123045e-06	1.407254e-08	5.703612e+01	8.369682e+02
1.670000e-06	8.119654e-06	1.407202e-08	5.701231e+01	8.367840e+02
1.680000e-06	8.113582e-06	1.406880e-08	5.696968e+01	8.364929e+02
1.690000e-06	8.104835e-06	1.405965e-08	5.690826e+01	8.361116e+02
1.700000e-06	8.093440e-06	1.404597e-08	5.682825e+01	8.356533e+02
1.710000e-06	8.079186e-06	1.403277e-08	5.672816e+01	8.351232e+02
1.720000e-06	8.062276e-06	1.401988e-08	5.660943e+01	8.345172e+02
1.730000e-06	8.043095e-06	1.402554e-08	5.647475e+01	8.338245e+02
1.740000e-06	8.021269e-06	1.405832e-08	5.632150e+01	8.330332e+02
1.750000e-06	7.995984e-06	1.403718e-08	5.614396e+01	8.321357e+02
1.760000e-06	7.966972e-06	1.398262e-08	5.594025e+01	8.311328e+02
1.770000e-06	7.934743e-06	1.395345e-08	5.571396e+01	8.300341e+02
1.780000e-06	7.899951e-06	1.393808e-08	5.546966e+01	8.288543e+02
1.790000e-06	7.862707e-06	1.388725e-08	5.520815e+01	8.276070e+02
1.800000e-06	7.823234e-06	1.388708e-08	5.493099e+01	8.262990e+02
1.810000e-06	7.781571e-06	1.387735e-08	5.463846e+01	8.249261e+02
1.820000e-06	7.737346e-06	1.382926e-08	5.432793e+01	8.234733e+02
1.830000e-06	7.690526e-06	1.386174e-08	5.399918e+01	8.219194e+02
1.840000e-06	7.640776e-06	1.380051e-08	5.364986e+01	8.202441e+02
1.850000e-06	7.587923e-06	1.376754e-08	5.327875e+01	8.184343e+02
1.860000e-06	7.532193e-06	1.372166e-08	5.288744e+01	8.164894e+02
1.870000e-06	7.473706e-06	1.367016e-08	5.247677e+01	8.144210e+02
1.880000e-06	7.412624e-06	1.367907e-08	5.204788e+01	8.122485e+02
1.890000e-06	7.348750e-06	1.360283e-08	5.159939e+01	8.099918e+02
1.900000e-06	7.282160e-06	1.359438e-08	5.113183e+01	8.076638e+02
1.910000e-06	7.212850e-06	1.356274e-08	5.064517e+01	8.052650e+02
1.920000e-06	7.140669e-06	1.351280e-08	5.013835e+01	8.027829e+02
1.930000e-06	7.065846e-06	1.345029e-08	4.961298e+01	8.001957e+02
1.940000e-06	6.988279e-06	1.338180e-08	4.906834e+01	7.974799e+02
1.950000e-06	6.908065e-06	1.337444e-08	4.850511e+01	7.946180e+02
1.960000e-06	6.825448e-06	1.330598e-08	4.792502e+01	7.916042e+02
1.970000e-06	6.740454e-06	1.327069e-08	4.732823e+01	7.884466e+02
1.980000e-06	6.652991e-06	1.320981e-08	4.671411e+01	7.851632e+02
1.990000e-06	6.563088e-06	1.314959e-08	4.608285e+01	7.817757e+02
2.000000e-06	6.470972e-06	1.309286e-08	4.543606e+01	7.783015e+02
2.010000e-06	6.376562e-06	1.301523e-08	4.477316e+01	7.747472e+02
2.020000e-06	6.279830e-06	1.296948e-08	4.409395e+01	7.711066e+02
2.030000e-06	6.180878e-06	1.290300e-08	4.339916e+01	7.673622e+02
2.040000e-06	6.079738e-06	1.285838e-08	4.268900e+01	7.634918e+02
2.050000e-06	5.976389e-06	1.277656e-08	4.196333e+01	7.594750e+02
2.060000e-06	5.870865e-06	1.270311e-08	4.122240e+01	7.553002e+02
2.070000e-06	5.763266e-06	1.262622e-08	4.046689e+01	7.509670e+02
2.080000e-06	5.653597e-06	1.255368e-08	3.969685e+01	7.464853e+02
2.090000e-06	5.541863e-06	1.247933e-08	3.891230e+01	7.418707e+02
2.100000e-06	5.428032e-06	1.239566e-08	3.811304e+01	7.371378e+02
2.110000e-06	5.312103e-06	1.232346e-08	3.729904e+01	7.322947e+02
2.120000e-06	5.194068e-06	1.223586e-08	3.647025e+01	7.273401e+02
2.130000e-06	5.073999e-06	1.214906e-08	3.562719e+01	7.222634e+02
2.140000e-06	4.952073e-06	1.205014e-08	3.477108e+01	7.170488e+02
2.150000e-06	4.828349e-06	1.196900e-08	3.390235e+01	7.116807e+02
2.160000e-06	4.702870e-06	1.187905e-08	3.302130e+01	7.061486e+02
2.170000e-06	4.575737e-06	1.179085e-08	3.212863e+01	7.004502e+02
2.180000e-06	4.447018e-06	1.168745e-08	3.122482e+01	6.945901e+02
2.190000e-06	4.316758e-06	1.158766e-08	3.031020e+01	6.885770e+02
2.200000e-06	4.184945e-06	1.148526e-08	2.938468e+01	6.824185e+02
2.210000e-06	4.051659e-06	1.137530e-08	2.844880e+01	6.761161e+02
2.220000e-06	3.917010e-06	1.126410e-08	2.750336e+01	6.696627e+02
2.230000e-06	3.780864e-06	1.115122e-08	2.654741e+01	6.630429e+02
2.240000e-06	3.643234e-06	1.104606e-08	2.558104e+01	6.562368e+02
2.250000e-06	3.504243e-06	1.092685e-08	2.460511e+01	6.492245e+02
2.260000e-06	3.363950e-06	1.080589e-08	2.362004e+01	6.419914e+02
2.270000e-06	3.222432e-06	1.067574e-08	2.262637e+01	6.345313e+02
2.280000e-06	3.079772e-06	1.054958e-08	2.162468e+01	6.268469e+02
2.290000e-06	2.935950e-06	1.041746e-08	2.061483e+01	6.189471e+02
2.300000e-06	2.790961e-06	1.028087e-08	1.959678e+01	6.108420e+02
2.310000e-06	2.644983e-06	1.013919e-08	1.857180e+01	6.025381e+02
2.320000e-06	2.498181e-06	9.995634e-09	1.754102e+01	5.940337e+02
2.330000e-06	2.350526e-06	9.849868e-09	1.650426e+01	5.853181e+02
2.340000e-06	2.201942e-06	9.699039e-09	1.546098e+01	5.763720e+02
2.350000e-06	2.052535e-06	9.543403e-09	1.441192e+01	5.671721e+02
2.360000e-06	1.902435e-06	9.383371e-09	1.335799e+01	5.576947e+02
2.370000e-06	1.751768e-06	9.221724e-09	1.230007e+01	5.479209e+02
2.380000e-06	1.600532e-06	9.051432e-09	1.123816e+01	5.378383e+02
2.390000e-06	1.448681e-06	8.874244e-09	1.017194e+01	5.274414e+02
2.400000e-06	1.296291e-06	8.692861e-09	9.101936e+00	5.167285e+02
2.410000e-06	1.143406e-06	8.510832e-09	8.028451e+00	5.056983e+02
2.420000e-06	9.900676e-07	8.319765e-09	6.951779e+00	4.943443e+02
2.430000e-06	8.363825e-07	8.123978e-09	5.872676e+00	4.826507e+02
2.440000e-06	6.824233e-07	7.921876e-09	4.791649e+00	4.705901e+02
2.450000e-06	5.282404e-07	7.712457e-09	3.709050e+00	4.581223e+02
2.460000e-06	3.738743e-07	7.491777e-09	2.625166e+00	4.451959e+02
2.470000e-06	2.193524e-07	7.262090e-09	1.540187e+00	4.317518e+02
2.480000e-06	6.475006e-08	7.026546e-09	4.546438e-01	4.177271e+02
2.490000e-06	-8.985223e-08	6.783036e-09	-6.308992e-01	4.030606e+02
2.500000e-06	-2.443871e-07	6.529322e-09	-1.715969e+00	3.876974e+02
2.510000e-06	-3.987903e-07	6.261745e-09	-2.800114e+00	3.715930e+02
2.520000e-06	-5.530538e-07	5.980890e-09	-3.883278e+00	3.547157e+02
2.530000e-06	-7.071741e-07	5.681137e-09	-4.965437e+00	3.370471e+02
2.540000e-06	-8.610494e-07	5.363712e-09	-6.045875e+00	3.185785e+02
2.550000e-06	-1.014554e-06	5.033586e-09	-7.123712e+00	2.993052e+02
2.560000e-06	-1.167636e-06	4.695969e-09	-8.198580e+00	2.792176e+02
2.570000e-06	-1.320304e-06	4.349005e-09	-9.270543e+00	2.582902e+02
2.580000e-06	-1.472431e-06	3.988480e-09	-1.033870e+01	2.364727e+02
2.590000e-06	-1.623930e-06	3.608113e-09	-1.140246e+01	2.136826e+02
2.600000e-06	-1.774827e-06	3.206242e-09	-1.246198e+01	1.898049e+02
2.610000e-06	-1.925136e-06	2.781598e-09	-1.351738e+01	1.646986e+02
2.620000e-06	-2.074842e-06	2.331289e-09	-1.456855e+01	1.382110e+02
2.630000e-06	-2.223785e-06	1.856615e-09	-1.561435e+01	1.101991e+02
2.640000e-06	-2.371811e-06	1.360773e-09	-1.665372e+01	8.055437e+01
2.650000e-06	-2.518970e-06	8.413517e-10	-1.768700e+01	4.922636e+01
2.660000e-06	-2.665293e-06	2.935467e-10	-1.871441e+01	1.624244e+01
2.670000e-06	-2.810668e-06	-2.826938e-10	-1.973516e+01	-1.828156e+01
2.680000e-06	-2.955005e-06	-8.853189e-10	-2.074863e+01	-5.414106e+01
2.690000e-06	-3.098207e-06	-1.507424e-09	-2.175412e+01	-9.105290e+01
2.700000e-06	-3.240289e-06	-2.143318e-09	-2.275175e+01	-1.286740e+02
2.710000e-06	-3.381185e-06	-2.783654e-09	-2.374106e+01	-1.666255e+02
2.720000e-06	-3.520760e-06	-3.419375e-09	-2.472108e+01	-2.045178e+02
2.730000e-06	-3.659017e-06	-4.045095e-09	-2.569186e+01	-2.419740e+02
2.740000e-06	-3.795901e-06	-4.658605e-09	-2.665299e+01	-2.786488e+02
2.750000e-06	-3.931343e-06	-5.254950e-09	-2.760400e+01	-3.142422e+02
2.760000e-06	-4.065342e-06	-5.829590e-09	-2.854488e+01	-3.485075e+02
2.770000e-06	-4.197900e-06	-6.381790e-09	-2.947564e+01	-3.812562e+02
2.780000e-06	-4.329003e-06	-6.908412e-09	-3.039618e+01	-4.123579e+02
2.790000e-06	-4.458635e-06	-7.407877e-09	-3.130639e+01	-4.417395e+02
2.800000e-06	-4.586710e-06	-7.875368e-09	-3.220568e+01	-4.693798e+02
2.810000e-06	-4.713144e-06	-8.308886e-09	-3.309343e+01	-4.953033e+02
2.820000e-06	-4.837897e-06	-8.713959e-09	-3.396939e+01	-5.195695e+02
2.830000e-06	-4.960909e-06	-9.095929e-09	-3.483312e+01	-5.422617e+02
2.840000e-06	-5.082126e-06	-9.454691e-09	-3.568425e+01	-5.634736e+02
2.850000e-06	-5.201462e-06	-9.792306e-09	-3.652217e+01	-5.832983e+02
2.860000e-06	-5.318799e-06	-1.011033e-08	-3.734605e+01	-6.018200e+02
2.870000e-06	-5.433999e-06	-1.040647e-08	-3.815493e+01	-6.191101e+02
2.880000e-06	-5.546989e-06	-1.067785e-08	-3.894829e+01	-6.352286e+02
2.890000e-06	-5.657832e-06	-1.092660e-08	-3.972658e+01	-6.502300e+02
2.900000e-06	-5.766675e-06	-1.115963e-08	-4.049082e+01	-6.641695e+02
2.910000e-06	-5.873525e-06	-1.137868e-08	-4.124108e+01	-6.771091e+02
2.920000e-06	-5.978315e-06	-1.158237e-08	-4.197686e+01	-6.891199e+02
2.930000e-06	-6.080937e-06	-1.177098e-08	-4.269742e+01	-7.002800e+02
2.940000e-06	-6.181332e-06	-1.194738e-08	-4.340234e+01	-7.106680e+02
2.950000e-06	-6.279591e-06	-1.211249e-08	-4.409227e+01	-7.203557e+02
2.960000e-06	-6.375707e-06	-1.226604e-08	-4.476715e+01	-7.294011e+02
2.970000e-06	-6.469578e-06	-1.240936e-08	-4.542627e+01	-7.378453e+02
2.980000e-06	-6.561165e-06	-1.254334e-08	-4.606935e+01	-7.457141e+02
2.990000e-06	-6.650470e-06	-1.266844e-08	-4.669640e+01	-7.530248e+02
3.000000e-06	-6.737394e-06	-1.278445e-08	-4.730675e+01	-7.597950e+02
3.010000e-06	-6.821875e-06	-1.288979e-08	-4.789993e+01	-7.660507e+02
3.020000e-06	-6.903984e-06	-1.298661e-08	-4.847646e+01	-7.718308e+02
3.030000e-06	-6.983660e-06	-1.307706e-08	-4.903591e+01	-7.771868e+02
3.040000e-06	-7.060659e-06	-1.316191e-08	-4.957656e+01	-7.821763e+02
3.050000e-06	-7.134971e-06	-1.324216e-08	-5.009834e+01	-7.868541e+02
3.060000e-06	-7.206689e-06	-1.331880e-08	-5.060191e+01	-7.912628e+02
3.070000e-06	-7.275805e-06	-1.339190e-08	-5.108721e+01	-7.954271e+02
3.080000e-06	-7.342326e-06	-1.345908e-08	-5.155429e+01	-7.993527e+02
3.090000e-06	-7.406286e-06	-1.351889e-08	-5.200339e+01	-8.030316e+02
3.100000e-06	-7.467618e-06	-1.357344e-08	-5.243403e+01	-8.064505e+02
3.110000e-06	-7.526215e-06	-1.362593e-08	-5.284546e+01	-8.096009e+02
3.120000e-06	-7.582054e-06	-1.367482e-08	-5.323754e+01	-8.124860e+02
3.130000e-06	-7.635033e-06	-1.371963e-08	-5.360954e+01	-8.151226e+02
3.140000e-06	-7.684995e-06	-1.376291e-08	-5.396034e+01	-8.175387e+02
3.150000e-06	-7.731918e-06	-1.380346e-08	-5.428981e+01	-8.197655e+02
3.160000e-06	-7.776152e-06	-1.383930e-08	-5.460041e+01	-8.218294e+02
3.170000e-06	-7.817929e-06	-1.387044e-08	-5.489375e+01	-8.237456e+02
3.180000e-06	-7.857029e-06	-1.389778e-08	-5.516828e+01	-8.255157e+02
3.190000e-06	-7.893333e-06	-1.392415e-08	-5.542319e+01	-8.271308e+02
3.200000e-06	-7.926928e-06	-1.395033e-08	-5.565908e+01	-8.285780e+02
3.210000e-06	-7.957671e-06	-1.397548e-08	-5.587495e+01	-8.298480e+02
3.220000e-06	-7.985480e-06	-1.399760e-08	-5.607020e+01	-8.309414e+02
3.230000e-06	-8.010532e-06	-1.401573e-08	-5.624611e+01	-8.318702e+02
3.240000e-06	-8.032766e-06	-1.402995e-08	-5.640223e+01	-8.326557e+02
3.250000e-06	-8.052123e-06	-1.403882e-08	-5.653814e+01	-8.333217e+02
3.260000e-06	-8.068635e-06	-1.404588e-08	-5.665408e+01	-8.338881e+02
3.270000e-06	-8.082090e-06	-1.405408e-08	-5.674856e+01	-8.343646e+02
3.280000e-06	-8.092489e-06	-1.406330e-08	-5.682157e+01	-8.347496e+02
3.290000e-06	-8.100001e-06	-1.407113e-08	-5.687432e+01	-8.350326e+02
3.300000e-06	-8.104590e-06	-1.407761e-08	-5.690654e+01	-8.352000e+02
3.310000e-06	-8.106372e-06	-1.408324e-08	-5.691905e+01	-8.352418e+02
