# Temperatura_=_62.58
# Concentracion g/m^3_=_11780.0
# C_Vs_to_Am_M_A/Vsm_=_59384043850.047264
# pendiente_HvsI_1/m_=_3716.3
# ordenada_HvsI_A/m_=_1297.0
# frecuencia_Hz_=_301542.48653465195

Tiempo_(s)	Campo_(V.s)	Magnetizacion_(V.s)	Campo_(kA/m)	Magnetizacion_(A/m)
0.000000e+00	-8.096952e-06	-1.450429e-08	-5.691872e+01	-8.599405e+02
1.000000e-08	-8.093983e-06	-1.449634e-08	-5.689784e+01	-8.597434e+02
2.000000e-08	-8.088298e-06	-1.448455e-08	-5.685788e+01	-8.594377e+02
3.000000e-08	-8.079929e-06	-1.447597e-08	-5.679905e+01	-8.590410e+02
4.000000e-08	-8.068730e-06	-1.447108e-08	-5.672033e+01	-8.585679e+02
5.000000e-08	-8.054659e-06	-1.446349e-08	-5.662141e+01	-8.580237e+02
6.000000e-08	-8.037704e-06	-1.445245e-08	-5.650222e+01	-8.574028e+02
7.000000e-08	-8.018120e-06	-1.443826e-08	-5.636456e+01	-8.566908e+02
8.000000e-08	-7.995988e-06	-1.442140e-08	-5.620897e+01	-8.558709e+02
9.000000e-08	-7.970711e-06	-1.439190e-08	-5.603129e+01	-8.549311e+02
1.000000e-07	-7.942157e-06	-1.436811e-08	-5.583056e+01	-8.538704e+02
1.100000e-07	-7.910697e-06	-1.436378e-08	-5.560941e+01	-8.526999e+02
1.200000e-07	-7.876504e-06	-1.435623e-08	-5.536905e+01	-8.514397e+02
1.300000e-07	-7.839813e-06	-1.432844e-08	-5.511112e+01	-8.501116e+02
1.400000e-07	-7.801000e-06	-1.430844e-08	-5.483828e+01	-8.487304e+02
1.500000e-07	-7.759923e-06	-1.431044e-08	-5.454952e+01	-8.472973e+02
1.600000e-07	-7.716011e-06	-1.425766e-08	-5.424083e+01	-8.457983e+02
1.700000e-07	-7.669306e-06	-1.421435e-08	-5.391251e+01	-8.442078e+02
1.800000e-07	-7.619836e-06	-1.418273e-08	-5.356476e+01	-8.424966e+02
1.900000e-07	-7.567188e-06	-1.415297e-08	-5.319466e+01	-8.406415e+02
2.000000e-07	-7.511512e-06	-1.414259e-08	-5.280328e+01	-8.386323e+02
2.100000e-07	-7.453106e-06	-1.409228e-08	-5.239271e+01	-8.364751e+02
2.200000e-07	-7.392098e-06	-1.405245e-08	-5.196384e+01	-8.341890e+02
2.300000e-07	-7.328513e-06	-1.400805e-08	-5.151686e+01	-8.317990e+02
2.400000e-07	-7.262163e-06	-1.397302e-08	-5.105044e+01	-8.293264e+02
2.500000e-07	-7.193069e-06	-1.393234e-08	-5.056474e+01	-8.267819e+02
2.600000e-07	-7.121309e-06	-1.386729e-08	-5.006029e+01	-8.241616e+02
2.700000e-07	-7.046821e-06	-1.382782e-08	-4.953667e+01	-8.214493e+02
2.800000e-07	-6.969618e-06	-1.380520e-08	-4.899396e+01	-8.186219e+02
2.900000e-07	-6.889758e-06	-1.375683e-08	-4.843257e+01	-8.156580e+02
3.000000e-07	-6.807338e-06	-1.367211e-08	-4.785319e+01	-8.125443e+02
3.100000e-07	-6.722611e-06	-1.361550e-08	-4.725758e+01	-8.092791e+02
3.200000e-07	-6.635620e-06	-1.357748e-08	-4.664607e+01	-8.058710e+02
3.300000e-07	-6.546296e-06	-1.351539e-08	-4.601815e+01	-8.023345e+02
3.400000e-07	-6.454662e-06	-1.344929e-08	-4.537400e+01	-7.986838e+02
3.500000e-07	-6.360664e-06	-1.338956e-08	-4.471322e+01	-7.949274e+02
3.600000e-07	-6.264358e-06	-1.333455e-08	-4.403623e+01	-7.910658e+02
3.700000e-07	-6.165763e-06	-1.326691e-08	-4.334314e+01	-7.870918e+02
3.800000e-07	-6.064870e-06	-1.318103e-08	-4.263390e+01	-7.829944e+02
3.900000e-07	-5.961834e-06	-1.309942e-08	-4.190959e+01	-7.787626e+02
4.000000e-07	-5.856677e-06	-1.303601e-08	-4.117037e+01	-7.743896e+02
4.100000e-07	-5.749364e-06	-1.297457e-08	-4.041600e+01	-7.698732e+02
4.200000e-07	-5.639997e-06	-1.289311e-08	-3.964719e+01	-7.652153e+02
4.300000e-07	-5.528630e-06	-1.280752e-08	-3.886432e+01	-7.604188e+02
4.400000e-07	-5.415207e-06	-1.272965e-08	-3.806700e+01	-7.554848e+02
4.500000e-07	-5.299587e-06	-1.265113e-08	-3.725423e+01	-7.504113e+02
4.600000e-07	-5.181876e-06	-1.255584e-08	-3.642676e+01	-7.451930e+02
4.700000e-07	-5.062309e-06	-1.245350e-08	-3.558624e+01	-7.398238e+02
4.800000e-07	-4.940900e-06	-1.236412e-08	-3.473278e+01	-7.342988e+02
4.900000e-07	-4.817637e-06	-1.227858e-08	-3.386629e+01	-7.286166e+02
5.000000e-07	-4.692643e-06	-1.218039e-08	-3.298763e+01	-7.227792e+02
5.100000e-07	-4.566013e-06	-1.207304e-08	-3.209746e+01	-7.167907e+02
5.200000e-07	-4.437797e-06	-1.197185e-08	-3.119615e+01	-7.106543e+02
5.300000e-07	-4.308051e-06	-1.187137e-08	-3.028408e+01	-7.043694e+02
5.400000e-07	-4.176678e-06	-1.175951e-08	-2.936058e+01	-6.979305e+02
5.500000e-07	-4.043723e-06	-1.163956e-08	-2.842595e+01	-6.913271e+02
5.600000e-07	-3.909312e-06	-1.152630e-08	-2.748108e+01	-6.845464e+02
5.700000e-07	-3.773494e-06	-1.141781e-08	-2.652633e+01	-6.775761e+02
5.800000e-07	-3.636269e-06	-1.129946e-08	-2.556169e+01	-6.704076e+02
5.900000e-07	-3.497698e-06	-1.116838e-08	-2.458759e+01	-6.630373e+02
6.000000e-07	-3.357755e-06	-1.103983e-08	-2.360384e+01	-6.554654e+02
6.100000e-07	-3.216443e-06	-1.091650e-08	-2.261046e+01	-6.476941e+02
6.200000e-07	-3.073881e-06	-1.078484e-08	-2.160830e+01	-6.397240e+02
6.300000e-07	-2.930180e-06	-1.064106e-08	-2.059813e+01	-6.315518e+02
6.400000e-07	-2.785490e-06	-1.049552e-08	-1.958101e+01	-6.231691e+02
6.500000e-07	-2.639694e-06	-1.035351e-08	-1.855612e+01	-6.145635e+02
6.600000e-07	-2.492884e-06	-1.020566e-08	-1.752409e+01	-6.057204e+02
6.700000e-07	-2.345273e-06	-1.004854e-08	-1.648644e+01	-5.966261e+02
6.800000e-07	-2.196794e-06	-9.890059e-09	-1.544269e+01	-5.872690e+02
6.900000e-07	-2.047530e-06	-9.732653e-09	-1.439342e+01	-5.776405e+02
7.000000e-07	-1.897662e-06	-9.569102e-09	-1.333990e+01	-5.677339e+02
7.100000e-07	-1.747174e-06	-9.395130e-09	-1.228202e+01	-5.575422e+02
7.200000e-07	-1.596040e-06	-9.213046e-09	-1.121960e+01	-5.470567e+02
7.300000e-07	-1.444336e-06	-9.031519e-09	-1.015318e+01	-5.362657e+02
7.400000e-07	-1.292120e-06	-8.847538e-09	-9.083149e+00	-5.251545e+02
7.500000e-07	-1.139397e-06	-8.654601e-09	-8.009559e+00	-5.137062e+02
7.600000e-07	-9.862707e-07	-8.452762e-09	-6.933135e+00	-5.019019e+02
7.700000e-07	-8.328193e-07	-8.247674e-09	-5.854426e+00	-4.897205e+02
7.800000e-07	-6.789721e-07	-8.039041e-09	-4.772934e+00	-4.771361e+02
7.900000e-07	-5.248493e-07	-7.819802e-09	-3.689505e+00	-4.641158e+02
8.000000e-07	-3.706660e-07	-7.590043e-09	-2.605652e+00	-4.506165e+02
8.100000e-07	-2.163915e-07	-7.352771e-09	-1.521156e+00	-4.365842e+02
8.200000e-07	-6.200485e-08	-7.109213e-09	-4.358722e-01	-4.219557e+02
8.300000e-07	9.242616e-08	-6.853829e-09	6.497233e-01	-4.066634e+02
8.400000e-07	2.468204e-07	-6.581881e-09	1.735061e+00	-3.906429e+02
8.500000e-07	4.011244e-07	-6.295197e-09	2.819763e+00	-3.738404e+02
8.600000e-07	5.553065e-07	-5.997770e-09	3.903609e+00	-3.562179e+02
8.700000e-07	7.092923e-07	-5.687990e-09	4.986074e+00	-3.377548e+02
8.800000e-07	8.630344e-07	-5.362686e-09	6.066827e+00	-3.184428e+02
8.900000e-07	1.016416e-06	-5.022156e-09	7.145045e+00	-2.982764e+02
9.000000e-07	1.169351e-06	-4.670302e-09	8.220129e+00	-2.772394e+02
9.100000e-07	1.321846e-06	-4.304947e-09	9.292109e+00	-2.552919e+02
9.200000e-07	1.473874e-06	-3.917092e-09	1.036081e+01	-2.323596e+02
9.300000e-07	1.625386e-06	-3.507179e-09	1.142589e+01	-2.083301e+02
9.400000e-07	1.776308e-06	-3.077463e-09	1.248682e+01	-1.830573e+02
9.500000e-07	1.926636e-06	-2.627948e-09	1.354357e+01	-1.563741e+02
9.600000e-07	2.076269e-06	-2.153214e-09	1.459544e+01	-1.281132e+02
9.700000e-07	2.225116e-06	-1.647257e-09	1.564178e+01	-9.813097e+01
9.800000e-07	2.373207e-06	-1.110248e-09	1.668281e+01	-6.633423e+01
9.900000e-07	2.520421e-06	-5.433539e-10	1.771767e+01	-3.270287e+01
1.000000e-06	2.666708e-06	5.323640e-11	1.874602e+01	2.692977e+00
1.010000e-06	2.812049e-06	6.803452e-10	1.976771e+01	3.968487e+01
1.020000e-06	2.956355e-06	1.330754e-09	2.078213e+01	7.800827e+01
1.030000e-06	3.099617e-06	1.995213e-09	2.178921e+01	1.173153e+02
1.040000e-06	3.241746e-06	2.667734e-09	2.278833e+01	1.571965e+02
1.050000e-06	3.382608e-06	3.344163e-09	2.377854e+01	1.972093e+02
1.060000e-06	3.522165e-06	4.015807e-09	2.475958e+01	2.369085e+02
1.070000e-06	3.660424e-06	4.672776e-09	2.573149e+01	2.758760e+02
1.080000e-06	3.797301e-06	5.307912e-09	2.669369e+01	3.137450e+02
1.090000e-06	3.932724e-06	5.919671e-09	2.764566e+01	3.502163e+02
1.100000e-06	4.066725e-06	6.506841e-09	2.858764e+01	3.850658e+02
1.110000e-06	4.199303e-06	7.064921e-09	2.951962e+01	4.181433e+02
1.120000e-06	4.330368e-06	7.593289e-09	3.044096e+01	4.493649e+02
1.130000e-06	4.459844e-06	8.091346e-09	3.135113e+01	4.787023e+02
1.140000e-06	4.587735e-06	8.556355e-09	3.225016e+01	5.061707e+02
1.150000e-06	4.714015e-06	8.985042e-09	3.313786e+01	5.318184e+02
1.160000e-06	4.838659e-06	9.381425e-09	3.401406e+01	5.557180e+02
1.170000e-06	4.961632e-06	9.752822e-09	3.487852e+01	5.779598e+02
1.180000e-06	5.082888e-06	1.009886e-08	3.573091e+01	5.986463e+02
1.190000e-06	5.202271e-06	1.041925e-08	3.657013e+01	6.178862e+02
1.200000e-06	5.319666e-06	1.071872e-08	3.739538e+01	6.357884e+02
1.210000e-06	5.435033e-06	1.100055e-08	3.820637e+01	6.524560e+02
1.220000e-06	5.548275e-06	1.126489e-08	3.900242e+01	6.679814e+02
1.230000e-06	5.659438e-06	1.150923e-08	3.978385e+01	6.824438e+02
1.240000e-06	5.768585e-06	1.173296e-08	4.055112e+01	6.959091e+02
1.250000e-06	5.875726e-06	1.194054e-08	4.130428e+01	7.084338e+02
1.260000e-06	5.980833e-06	1.213684e-08	4.204315e+01	7.200700e+02
1.270000e-06	6.083790e-06	1.231903e-08	4.276690e+01	7.308698e+02
1.280000e-06	6.184470e-06	1.248374e-08	4.347464e+01	7.408895e+02
1.290000e-06	6.282860e-06	1.263783e-08	4.416629e+01	7.501887e+02
1.300000e-06	6.378985e-06	1.278619e-08	4.484202e+01	7.588287e+02
1.310000e-06	6.472866e-06	1.292373e-08	4.550197e+01	7.668672e+02
1.320000e-06	6.564483e-06	1.304689e-08	4.614600e+01	7.743549e+02
1.330000e-06	6.653765e-06	1.315962e-08	4.677362e+01	7.813328e+02
1.340000e-06	6.740720e-06	1.326931e-08	4.738488e+01	7.878332e+02
1.350000e-06	6.825394e-06	1.337287e-08	4.798011e+01	7.938833e+02
1.360000e-06	6.907687e-06	1.346524e-08	4.855861e+01	7.995095e+02
1.370000e-06	6.987461e-06	1.354962e-08	4.911939e+01	8.047418e+02
1.380000e-06	7.064660e-06	1.363234e-08	4.966207e+01	8.096151e+02
1.390000e-06	7.139140e-06	1.371266e-08	5.018564e+01	8.141675e+02
1.400000e-06	7.210954e-06	1.378301e-08	5.069046e+01	8.184356e+02
1.410000e-06	7.280280e-06	1.384587e-08	5.117780e+01	8.224494e+02
1.420000e-06	7.347056e-06	1.390899e-08	5.164721e+01	8.262282e+02
1.430000e-06	7.411178e-06	1.397219e-08	5.209797e+01	8.297796e+02
1.440000e-06	7.472745e-06	1.402897e-08	5.253076e+01	8.331025e+02
1.450000e-06	7.531760e-06	1.407715e-08	5.294562e+01	8.361924e+02
1.460000e-06	7.588025e-06	1.412212e-08	5.334114e+01	8.390478e+02
1.470000e-06	7.641405e-06	1.416823e-08	5.371638e+01	8.416753e+02
1.480000e-06	7.691633e-06	1.420947e-08	5.406946e+01	8.440900e+02
1.490000e-06	7.738807e-06	1.424489e-08	5.440108e+01	8.463136e+02
1.500000e-06	7.783339e-06	1.427930e-08	5.471413e+01	8.483684e+02
1.510000e-06	7.825123e-06	1.431228e-08	5.500786e+01	8.502714e+02
1.520000e-06	7.864081e-06	1.434058e-08	5.528172e+01	8.520303e+02
1.530000e-06	7.900370e-06	1.436234e-08	5.553681e+01	8.536428e+02
1.540000e-06	7.933928e-06	1.438294e-08	5.577271e+01	8.551003e+02
1.550000e-06	7.964648e-06	1.440760e-08	5.598867e+01	8.563936e+02
1.560000e-06	7.992616e-06	1.443013e-08	5.618527e+01	8.575189e+02
1.570000e-06	8.017731e-06	1.444578e-08	5.636182e+01	8.584818e+02
1.580000e-06	8.039970e-06	1.445780e-08	5.651815e+01	8.592967e+02
1.590000e-06	8.059503e-06	1.446838e-08	5.665546e+01	8.599830e+02
1.600000e-06	8.076194e-06	1.447599e-08	5.677279e+01	8.605591e+02
1.610000e-06	8.089856e-06	1.448041e-08	5.686884e+01	8.610362e+02
1.620000e-06	8.100367e-06	1.448406e-08	5.694272e+01	8.614160e+02
1.630000e-06	8.107835e-06	1.449039e-08	5.699522e+01	8.616908e+02
1.640000e-06	8.112536e-06	1.449744e-08	5.702827e+01	8.618489e+02
1.650000e-06	8.114419e-06	1.449797e-08	5.704150e+01	8.618806e+02
1.660000e-06	8.113497e-06	1.449323e-08	5.703502e+01	8.617836e+02
1.670000e-06	8.109991e-06	1.448982e-08	5.701038e+01	8.615657e+02
1.680000e-06	8.103795e-06	1.448659e-08	5.696682e+01	8.612423e+02
1.690000e-06	8.094866e-06	1.447827e-08	5.690405e+01	8.608309e+02
1.700000e-06	8.083226e-06	1.446614e-08	5.682223e+01	8.603448e+02
1.710000e-06	8.068758e-06	1.445747e-08	5.672052e+01	8.597874e+02
1.720000e-06	8.051670e-06	1.445701e-08	5.660040e+01	8.591512e+02
1.730000e-06	8.032241e-06	1.444745e-08	5.646382e+01	8.584209e+02
1.740000e-06	8.010096e-06	1.444839e-08	5.630815e+01	8.575800e+02
1.750000e-06	7.984477e-06	1.443937e-08	5.612805e+01	8.566182e+02
1.760000e-06	7.955166e-06	1.440608e-08	5.592201e+01	8.555365e+02
1.770000e-06	7.922710e-06	1.437231e-08	5.569385e+01	8.543481e+02
1.780000e-06	7.887709e-06	1.435276e-08	5.544781e+01	8.530741e+02
1.790000e-06	7.850331e-06	1.431170e-08	5.518506e+01	8.517356e+02
1.800000e-06	7.810746e-06	1.428316e-08	5.490679e+01	8.503452e+02
1.810000e-06	7.768892e-06	1.429480e-08	5.461257e+01	8.489015e+02
1.820000e-06	7.724448e-06	1.425301e-08	5.430015e+01	8.473881e+02
1.830000e-06	7.677337e-06	1.425339e-08	5.396897e+01	8.457779e+02
1.840000e-06	7.627290e-06	1.422293e-08	5.361716e+01	8.440422e+02
1.850000e-06	7.574242e-06	1.417123e-08	5.324425e+01	8.421597e+02
1.860000e-06	7.518350e-06	1.414478e-08	5.285135e+01	8.401230e+02
1.870000e-06	7.459635e-06	1.408017e-08	5.243860e+01	8.379409e+02
1.880000e-06	7.398366e-06	1.407500e-08	5.200790e+01	8.356342e+02
1.890000e-06	7.334399e-06	1.403189e-08	5.155824e+01	8.332278e+02
1.900000e-06	7.267691e-06	1.399158e-08	5.108931e+01	8.307418e+02
1.910000e-06	7.198287e-06	1.396764e-08	5.060142e+01	8.281842e+02
1.920000e-06	7.126059e-06	1.389627e-08	5.009368e+01	8.255488e+02
1.930000e-06	7.051171e-06	1.384055e-08	4.956725e+01	8.228174e+02
1.940000e-06	6.973570e-06	1.378391e-08	4.902174e+01	8.199669e+02
1.950000e-06	6.893313e-06	1.375667e-08	4.845756e+01	8.169767e+02
1.960000e-06	6.810567e-06	1.370744e-08	4.787588e+01	8.138356e+02
1.970000e-06	6.725430e-06	1.365429e-08	4.727740e+01	8.105437e+02
1.980000e-06	6.637887e-06	1.361015e-08	4.666200e+01	8.071113e+02
1.990000e-06	6.547866e-06	1.353078e-08	4.602919e+01	8.035533e+02
2.000000e-06	6.455587e-06	1.346380e-08	4.538050e+01	7.998831e+02
2.010000e-06	6.361039e-06	1.338956e-08	4.471586e+01	7.961080e+02
2.020000e-06	6.264204e-06	1.333699e-08	4.403515e+01	7.922268e+02
2.030000e-06	6.165118e-06	1.327547e-08	4.333860e+01	7.882314e+02
2.040000e-06	6.063794e-06	1.321157e-08	4.262633e+01	7.841104e+02
2.050000e-06	5.960297e-06	1.314295e-08	4.189879e+01	7.798536e+02
2.060000e-06	5.854669e-06	1.305992e-08	4.115626e+01	7.754548e+02
2.070000e-06	5.746996e-06	1.297929e-08	4.039936e+01	7.709128e+02
2.080000e-06	5.637264e-06	1.289198e-08	3.962798e+01	7.662297e+02
2.090000e-06	5.525425e-06	1.281635e-08	3.884179e+01	7.614084e+02
2.100000e-06	5.411407e-06	1.273158e-08	3.804028e+01	7.564495e+02
2.110000e-06	5.295373e-06	1.265229e-08	3.722461e+01	7.513504e+02
2.120000e-06	5.177355e-06	1.256355e-08	3.639498e+01	7.461054e+02
2.130000e-06	5.057327e-06	1.247195e-08	3.555122e+01	7.407085e+02
2.140000e-06	4.935400e-06	1.237539e-08	3.469412e+01	7.351552e+02
2.150000e-06	4.811712e-06	1.227864e-08	3.382464e+01	7.294448e+02
2.160000e-06	4.686373e-06	1.217942e-08	3.294355e+01	7.235799e+02
2.170000e-06	4.559361e-06	1.208130e-08	3.205070e+01	7.175646e+02
2.180000e-06	4.430712e-06	1.198037e-08	3.114635e+01	7.114016e+02
2.190000e-06	4.300451e-06	1.187328e-08	3.023065e+01	7.050896e+02
2.200000e-06	4.168672e-06	1.176410e-08	2.930430e+01	6.986220e+02
2.210000e-06	4.035469e-06	1.164793e-08	2.836793e+01	6.919877e+02
2.220000e-06	3.900812e-06	1.153379e-08	2.742133e+01	6.851737e+02
2.230000e-06	3.764637e-06	1.141444e-08	2.646407e+01	6.781683e+02
2.240000e-06	3.627048e-06	1.129738e-08	2.549687e+01	6.709637e+02
2.250000e-06	3.488112e-06	1.117305e-08	2.452019e+01	6.635571e+02
2.260000e-06	3.347881e-06	1.104732e-08	2.353442e+01	6.559492e+02
2.270000e-06	3.206436e-06	1.091319e-08	2.254011e+01	6.481422e+02
2.280000e-06	3.063807e-06	1.077576e-08	2.153748e+01	6.401362e+02
2.290000e-06	2.919938e-06	1.063641e-08	2.052613e+01	6.319270e+02
2.300000e-06	2.774949e-06	1.049534e-08	1.950691e+01	6.235053e+02
2.310000e-06	2.629095e-06	1.035138e-08	1.848161e+01	6.148581e+02
2.320000e-06	2.482352e-06	1.020087e-08	1.745006e+01	6.059709e+02
2.330000e-06	2.334723e-06	1.004739e-08	1.641228e+01	5.968302e+02
2.340000e-06	2.186237e-06	9.889354e-09	1.536847e+01	5.874250e+02
2.350000e-06	2.037000e-06	9.726092e-09	1.431939e+01	5.777472e+02
2.360000e-06	1.887152e-06	9.555419e-09	1.326601e+01	5.677900e+02
2.370000e-06	1.736684e-06	9.383390e-09	1.220828e+01	5.575463e+02
2.380000e-06	1.585525e-06	9.207606e-09	1.114568e+01	5.470070e+02
2.390000e-06	1.433757e-06	9.026326e-09	1.007880e+01	5.361597e+02
2.400000e-06	1.281420e-06	8.836350e-09	9.007927e+00	5.249894e+02
2.410000e-06	1.128573e-06	8.641573e-09	7.933467e+00	5.134788e+02
2.420000e-06	9.753678e-07	8.440969e-09	6.856492e+00	5.016086e+02
2.430000e-06	8.218424e-07	8.237207e-09	5.777262e+00	4.893571e+02
2.440000e-06	6.680875e-07	8.026023e-09	4.696420e+00	4.766973e+02
2.450000e-06	5.141179e-07	7.804998e-09	3.614067e+00	4.635947e+02
2.460000e-06	3.598872e-07	7.575228e-09	2.529880e+00	4.500043e+02
2.470000e-06	2.055113e-07	7.337313e-09	1.444672e+00	4.358702e+02
2.480000e-06	5.110020e-08	7.088903e-09	3.592164e-01	4.211279e+02
2.490000e-06	-1.033205e-07	6.825866e-09	-7.263067e-01	4.057099e+02
2.500000e-06	-2.576788e-07	6.553782e-09	-1.811391e+00	3.895531e+02
2.510000e-06	-4.119296e-07	6.271927e-09	-2.895720e+00	3.726062e+02
2.520000e-06	-5.660332e-07	5.976879e-09	-3.979014e+00	3.548345e+02
2.530000e-06	-7.198940e-07	5.662612e-09	-5.060601e+00	3.362199e+02
2.540000e-06	-8.734096e-07	5.332068e-09	-6.139762e+00	3.167556e+02
2.550000e-06	-1.026593e-06	4.990019e-09	-7.216583e+00	2.964352e+02
2.560000e-06	-1.179447e-06	4.633911e-09	-8.291096e+00	2.752393e+02
2.570000e-06	-1.331845e-06	4.259661e-09	-9.362402e+00	2.531222e+02
2.580000e-06	-1.483726e-06	3.870449e-09	-1.043007e+01	2.300031e+02
2.590000e-06	-1.635061e-06	3.466435e-09	-1.149390e+01	2.057629e+02
2.600000e-06	-1.785758e-06	3.040525e-09	-1.255325e+01	1.802506e+02
2.610000e-06	-1.935775e-06	2.586852e-09	-1.360782e+01	1.532974e+02
2.620000e-06	-2.085161e-06	2.104741e-09	-1.465795e+01	1.247383e+02
2.630000e-06	-2.233826e-06	1.595318e-09	-1.570301e+01	9.443689e+01
2.640000e-06	-2.381677e-06	1.057175e-09	-1.674235e+01	6.231138e+01
2.650000e-06	-2.528725e-06	4.870124e-10	-1.777605e+01	2.835680e+01
2.660000e-06	-2.674911e-06	-1.122426e-10	-1.880368e+01	-7.339485e+00
2.670000e-06	-2.820074e-06	-7.341611e-10	-1.982412e+01	-4.459139e+01
2.680000e-06	-2.964160e-06	-1.378754e-09	-2.083700e+01	-8.311826e+01
2.690000e-06	-3.107142e-06	-2.042368e-09	-2.184211e+01	-1.225594e+02
2.700000e-06	-3.248946e-06	-2.716234e-09	-2.283894e+01	-1.624973e+02
2.710000e-06	-3.389539e-06	-3.385914e-09	-2.382727e+01	-2.024865e+02
2.720000e-06	-3.528852e-06	-4.045877e-09	-2.480659e+01	-2.420847e+02
2.730000e-06	-3.666813e-06	-4.697357e-09	-2.577640e+01	-2.808814e+02
2.740000e-06	-3.803420e-06	-5.335783e-09	-2.673670e+01	-3.185208e+02
2.750000e-06	-3.938684e-06	-5.947921e-09	-2.768756e+01	-3.547170e+02
2.760000e-06	-4.072539e-06	-6.528225e-09	-2.862851e+01	-3.892593e+02
2.770000e-06	-4.204900e-06	-7.079661e-09	-2.955896e+01	-4.220099e+02
2.780000e-06	-4.335755e-06	-7.601164e-09	-3.047883e+01	-4.528959e+02
2.790000e-06	-4.465098e-06	-8.088556e-09	-3.138806e+01	-4.818976e+02
2.800000e-06	-4.592853e-06	-8.540778e-09	-3.228613e+01	-5.090368e+02
2.810000e-06	-4.719017e-06	-8.964879e-09	-3.317302e+01	-5.343666e+02
2.820000e-06	-4.843491e-06	-9.366051e-09	-3.404803e+01	-5.579633e+02
2.830000e-06	-4.966201e-06	-9.741315e-09	-3.491064e+01	-5.799199e+02
2.840000e-06	-5.087172e-06	-1.008860e-08	-3.576102e+01	-6.003402e+02
2.850000e-06	-5.206279e-06	-1.041354e-08	-3.659831e+01	-6.193335e+02
2.860000e-06	-5.323287e-06	-1.071629e-08	-3.742083e+01	-6.370082e+02
2.870000e-06	-5.438065e-06	-1.099438e-08	-3.822768e+01	-6.534656e+02
2.880000e-06	-5.550663e-06	-1.124748e-08	-3.901920e+01	-6.687960e+02
2.890000e-06	-5.661140e-06	-1.148234e-08	-3.979582e+01	-6.830760e+02
2.900000e-06	-5.769582e-06	-1.170693e-08	-4.055813e+01	-6.963696e+02
2.910000e-06	-5.876129e-06	-1.191834e-08	-4.130711e+01	-7.087322e+02
2.920000e-06	-5.980679e-06	-1.211145e-08	-4.204207e+01	-7.202152e+02
2.930000e-06	-6.083045e-06	-1.229141e-08	-4.276166e+01	-7.308718e+02
2.940000e-06	-6.183212e-06	-1.246273e-08	-4.346580e+01	-7.407585e+02
2.950000e-06	-6.281193e-06	-1.262272e-08	-4.415457e+01	-7.499358e+02
2.960000e-06	-6.377011e-06	-1.276740e-08	-4.482814e+01	-7.584645e+02
2.970000e-06	-6.470578e-06	-1.289833e-08	-4.548588e+01	-7.664014e+02
2.980000e-06	-6.561837e-06	-1.302150e-08	-4.612740e+01	-7.737955e+02
2.990000e-06	-6.650821e-06	-1.313870e-08	-4.675293e+01	-7.806862e+02
3.000000e-06	-6.737468e-06	-1.324817e-08	-4.736202e+01	-7.871045e+02
3.010000e-06	-6.821696e-06	-1.334868e-08	-4.795412e+01	-7.930771e+02
3.020000e-06	-6.903486e-06	-1.344474e-08	-4.852907e+01	-7.986308e+02
3.030000e-06	-6.982792e-06	-1.353641e-08	-4.908656e+01	-8.037966e+02
3.040000e-06	-7.059412e-06	-1.361932e-08	-4.962518e+01	-8.086100e+02
3.050000e-06	-7.133332e-06	-1.369349e-08	-5.014481e+01	-8.131092e+02
3.060000e-06	-7.204711e-06	-1.376283e-08	-5.064658e+01	-8.173301e+02
3.070000e-06	-7.273468e-06	-1.382930e-08	-5.112991e+01	-8.213011e+02
3.080000e-06	-7.339635e-06	-1.389211e-08	-5.159505e+01	-8.250393e+02
3.090000e-06	-7.403288e-06	-1.395032e-08	-5.204250e+01	-8.285504e+02
3.100000e-06	-7.464318e-06	-1.400655e-08	-5.247152e+01	-8.318322e+02
3.110000e-06	-7.522649e-06	-1.406146e-08	-5.288157e+01	-8.348803e+02
3.120000e-06	-7.578196e-06	-1.410984e-08	-5.327205e+01	-8.376946e+02
3.130000e-06	-7.630900e-06	-1.415124e-08	-5.364253e+01	-8.402829e+02
3.140000e-06	-7.680569e-06	-1.419230e-08	-5.399169e+01	-8.426621e+02
3.150000e-06	-7.727145e-06	-1.423330e-08	-5.431910e+01	-8.448542e+02
3.160000e-06	-7.771082e-06	-1.426878e-08	-5.462796e+01	-8.468811e+02
3.170000e-06	-7.812629e-06	-1.429743e-08	-5.492003e+01	-8.487583e+02
3.180000e-06	-7.851503e-06	-1.432393e-08	-5.519330e+01	-8.504916e+02
3.190000e-06	-7.887565e-06	-1.435255e-08	-5.544680e+01	-8.520774e+02
3.200000e-06	-7.920916e-06	-1.438018e-08	-5.568125e+01	-8.535063e+02
3.210000e-06	-7.951377e-06	-1.440443e-08	-5.589537e+01	-8.547699e+02
3.220000e-06	-7.978942e-06	-1.442542e-08	-5.608915e+01	-8.558658e+02
3.230000e-06	-8.003808e-06	-1.444398e-08	-5.626395e+01	-8.568012e+02
3.240000e-06	-8.025790e-06	-1.445766e-08	-5.641847e+01	-8.575918e+02
3.250000e-06	-8.044880e-06	-1.446370e-08	-5.655267e+01	-8.582574e+02
3.260000e-06	-8.061195e-06	-1.446846e-08	-5.666736e+01	-8.588155e+02
3.270000e-06	-8.074422e-06	-1.447872e-08	-5.676034e+01	-8.592757e+02
3.280000e-06	-8.084577e-06	-1.449066e-08	-5.683173e+01	-8.596377e+02
3.290000e-06	-8.091832e-06	-1.449851e-08	-5.688273e+01	-8.598927e+02
3.300000e-06	-8.096136e-06	-1.450312e-08	-5.691298e+01	-8.600290e+02
3.310000e-06	-8.097650e-06	-1.450548e-08	-5.692363e+01	-8.600378e+02
