# Temperatura_=_26.84
# Concentracion g/m^3_=_11780.0
# C_Vs_to_Am_M_A/Vsm_=_59384043850.047264
# pendiente_HvsI_1/m_=_3716.3
# ordenada_HvsI_A/m_=_1297.0
# frecuencia_Hz_=_301542.01073095744

Tiempo_(s)	Campo_(V.s)	Magnetizacion_(V.s)	Campo_(kA/m)	Magnetizacion_(A/m)
0.000000e+00	-8.063431e-06	-1.395587e-08	-5.691554e+01	-8.279881e+02
1.000000e-08	-8.060570e-06	-1.394968e-08	-5.689535e+01	-8.278879e+02
2.000000e-08	-8.055012e-06	-1.394196e-08	-5.685611e+01	-8.276906e+02
3.000000e-08	-8.046859e-06	-1.393388e-08	-5.679857e+01	-8.273908e+02
4.000000e-08	-8.035874e-06	-1.392739e-08	-5.672103e+01	-8.269822e+02
5.000000e-08	-8.021946e-06	-1.392065e-08	-5.662271e+01	-8.264603e+02
6.000000e-08	-8.005125e-06	-1.391589e-08	-5.650399e+01	-8.258245e+02
7.000000e-08	-7.985735e-06	-1.391200e-08	-5.636713e+01	-8.250792e+02
8.000000e-08	-7.963817e-06	-1.387991e-08	-5.621241e+01	-8.242332e+02
9.000000e-08	-7.938764e-06	-1.384213e-08	-5.603558e+01	-8.232981e+02
1.000000e-07	-7.910436e-06	-1.383981e-08	-5.583563e+01	-8.222854e+02
1.100000e-07	-7.879248e-06	-1.384142e-08	-5.561549e+01	-8.212049e+02
1.200000e-07	-7.845312e-06	-1.381720e-08	-5.537595e+01	-8.200621e+02
1.300000e-07	-7.808838e-06	-1.378456e-08	-5.511850e+01	-8.188580e+02
1.400000e-07	-7.770312e-06	-1.379008e-08	-5.484657e+01	-8.175889e+02
1.500000e-07	-7.729538e-06	-1.377647e-08	-5.455876e+01	-8.162469e+02
1.600000e-07	-7.685902e-06	-1.374041e-08	-5.425076e+01	-8.148215e+02
1.700000e-07	-7.639502e-06	-1.371151e-08	-5.392325e+01	-8.133000e+02
1.800000e-07	-7.590296e-06	-1.364516e-08	-5.357593e+01	-8.116695e+02
1.900000e-07	-7.537892e-06	-1.362594e-08	-5.320603e+01	-8.099182e+02
2.000000e-07	-7.482656e-06	-1.359771e-08	-5.281615e+01	-8.080371e+02
2.100000e-07	-7.424721e-06	-1.355969e-08	-5.240722e+01	-8.060217e+02
2.200000e-07	-7.364115e-06	-1.354489e-08	-5.197943e+01	-8.038728e+02
2.300000e-07	-7.300963e-06	-1.349345e-08	-5.153368e+01	-8.015967e+02
2.400000e-07	-7.235017e-06	-1.347762e-08	-5.106820e+01	-7.992041e+02
2.500000e-07	-7.166353e-06	-1.343194e-08	-5.058353e+01	-7.967078e+02
2.600000e-07	-7.095112e-06	-1.335451e-08	-5.008068e+01	-7.941189e+02
2.700000e-07	-7.021160e-06	-1.329724e-08	-4.955869e+01	-7.914440e+02
2.800000e-07	-6.944439e-06	-1.327821e-08	-4.901716e+01	-7.886832e+02
2.900000e-07	-6.865001e-06	-1.324861e-08	-4.845645e+01	-7.858293e+02
3.000000e-07	-6.782968e-06	-1.317367e-08	-4.787742e+01	-7.828704e+02
3.100000e-07	-6.698638e-06	-1.313851e-08	-4.728218e+01	-7.797927e+02
3.200000e-07	-6.612082e-06	-1.308935e-08	-4.667122e+01	-7.765848e+02
3.300000e-07	-6.523176e-06	-1.302753e-08	-4.604369e+01	-7.732410e+02
3.400000e-07	-6.431922e-06	-1.295888e-08	-4.539957e+01	-7.697629e+02
3.500000e-07	-6.338392e-06	-1.288415e-08	-4.473939e+01	-7.661577e+02
3.600000e-07	-6.242615e-06	-1.283087e-08	-4.406335e+01	-7.624356e+02
3.700000e-07	-6.144491e-06	-1.278081e-08	-4.337074e+01	-7.586057e+02
3.800000e-07	-6.044091e-06	-1.271890e-08	-4.266208e+01	-7.546718e+02
3.900000e-07	-5.941566e-06	-1.263500e-08	-4.193841e+01	-7.506310e+02
4.000000e-07	-5.836873e-06	-1.257193e-08	-4.119943e+01	-7.464738e+02
4.100000e-07	-5.730027e-06	-1.250978e-08	-4.044526e+01	-7.421872e+02
4.200000e-07	-5.621203e-06	-1.242897e-08	-3.967713e+01	-7.377584e+02
4.300000e-07	-5.510437e-06	-1.233709e-08	-3.889529e+01	-7.331789e+02
4.400000e-07	-5.397609e-06	-1.225856e-08	-3.809890e+01	-7.284466e+02
4.500000e-07	-5.282555e-06	-1.219594e-08	-3.728679e+01	-7.235655e+02
4.600000e-07	-5.165382e-06	-1.211520e-08	-3.645972e+01	-7.185440e+02
4.700000e-07	-5.046386e-06	-1.201679e-08	-3.561980e+01	-7.133906e+02
4.800000e-07	-4.925603e-06	-1.192246e-08	-3.476726e+01	-7.081106e+02
4.900000e-07	-4.802931e-06	-1.184537e-08	-3.390137e+01	-7.027041e+02
5.000000e-07	-4.678481e-06	-1.175330e-08	-3.302295e+01	-6.971654e+02
5.100000e-07	-4.552463e-06	-1.164487e-08	-3.213345e+01	-6.914850e+02
5.200000e-07	-4.424903e-06	-1.154200e-08	-3.123308e+01	-6.856525e+02
5.300000e-07	-4.295731e-06	-1.145195e-08	-3.032131e+01	-6.796593e+02
5.400000e-07	-4.164860e-06	-1.135464e-08	-2.939757e+01	-6.735004e+02
5.500000e-07	-4.032475e-06	-1.123649e-08	-2.846313e+01	-6.671737e+02
5.600000e-07	-3.898722e-06	-1.111970e-08	-2.751904e+01	-6.606787e+02
5.700000e-07	-3.763608e-06	-1.101681e-08	-2.656534e+01	-6.540140e+02
5.800000e-07	-3.627158e-06	-1.091399e-08	-2.560221e+01	-6.471752e+02
5.900000e-07	-3.489363e-06	-1.079020e-08	-2.462959e+01	-6.401546e+02
6.000000e-07	-3.350136e-06	-1.066149e-08	-2.364686e+01	-6.329424e+02
6.100000e-07	-3.209452e-06	-1.053978e-08	-2.265384e+01	-6.255289e+02
6.200000e-07	-3.067488e-06	-1.041832e-08	-2.165180e+01	-6.179070e+02
6.300000e-07	-2.924369e-06	-1.028055e-08	-2.064159e+01	-6.100740e+02
6.400000e-07	-2.780128e-06	-1.013370e-08	-1.962347e+01	-6.020311e+02
6.500000e-07	-2.634809e-06	-9.998453e-09	-1.859774e+01	-5.937809e+02
6.600000e-07	-2.488551e-06	-9.868371e-09	-1.756538e+01	-5.853247e+02
6.700000e-07	-2.341495e-06	-9.724681e-09	-1.652739e+01	-5.766582e+02
6.800000e-07	-2.193676e-06	-9.565763e-09	-1.548401e+01	-5.677705e+02
6.900000e-07	-2.045146e-06	-9.412562e-09	-1.443562e+01	-5.586436e+02
7.000000e-07	-1.895965e-06	-9.262381e-09	-1.338263e+01	-5.492563e+02
7.100000e-07	-1.746156e-06	-9.100137e-09	-1.232520e+01	-5.395875e+02
7.200000e-07	-1.595731e-06	-8.921156e-09	-1.126343e+01	-5.296213e+02
7.300000e-07	-1.444705e-06	-8.746983e-09	-1.019741e+01	-5.193491e+02
7.400000e-07	-1.293172e-06	-8.580577e-09	-9.127821e+00	-5.087698e+02
7.500000e-07	-1.141212e-06	-8.401849e-09	-8.055221e+00	-4.978863e+02
7.600000e-07	-9.888106e-07	-8.204407e-09	-6.979496e+00	-4.866998e+02
7.700000e-07	-8.359886e-07	-8.004764e-09	-5.900806e+00	-4.752032e+02
7.800000e-07	-6.828265e-07	-7.813826e-09	-4.819715e+00	-4.633764e+02
7.900000e-07	-5.294748e-07	-7.613341e-09	-3.737286e+00	-4.511828e+02
8.000000e-07	-3.759965e-07	-7.394248e-09	-2.653962e+00	-4.385708e+02
8.100000e-07	-2.223808e-07	-7.168503e-09	-1.569670e+00	-4.254783e+02
8.200000e-07	-6.864638e-08	-6.946937e-09	-4.845389e-01	-4.118391e+02
8.300000e-07	8.513538e-08	-6.714277e-09	6.009261e-01	-3.975906e+02
8.400000e-07	2.389146e-07	-6.456422e-09	1.686373e+00	-3.826807e+02
8.500000e-07	3.926159e-07	-6.183143e-09	2.771270e+00	-3.670717e+02
8.600000e-07	5.461384e-07	-5.909011e-09	3.854905e+00	-3.507420e+02
8.700000e-07	6.994423e-07	-5.625782e-09	4.936997e+00	-3.336833e+02
8.800000e-07	8.524333e-07	-5.321896e-09	6.016880e+00	-3.158964e+02
8.900000e-07	1.005089e-06	-5.005472e-09	7.094400e+00	-2.973834e+02
9.000000e-07	1.157404e-06	-4.689068e-09	8.169508e+00	-2.781405e+02
9.100000e-07	1.309281e-06	-4.364502e-09	9.241531e+00	-2.581498e+02
9.200000e-07	1.460684e-06	-4.012755e-09	1.031020e+01	-2.373731e+02
9.300000e-07	1.611550e-06	-3.637081e-09	1.137509e+01	-2.157479e+02
9.400000e-07	1.761821e-06	-3.251674e-09	1.243577e+01	-1.931874e+02
9.500000e-07	1.911497e-06	-2.858548e-09	1.349226e+01	-1.695843e+02
9.600000e-07	2.060479e-06	-2.443281e-09	1.454384e+01	-1.448200e+02
9.700000e-07	2.208702e-06	-2.001458e-09	1.559007e+01	-1.187770e+02
9.800000e-07	2.356183e-06	-1.541986e-09	1.663106e+01	-9.135564e+01
9.900000e-07	2.502894e-06	-1.061812e-09	1.766662e+01	-6.249052e+01
1.000000e-06	2.648696e-06	-5.481363e-10	1.869576e+01	-3.216645e+01
1.010000e-06	2.793524e-06	-1.287807e-12	1.971802e+01	-4.301696e-01
1.020000e-06	2.937351e-06	5.616899e-10	2.073322e+01	3.260359e+01
1.030000e-06	3.080068e-06	1.132804e-09	2.174059e+01	6.675282e+01
1.040000e-06	3.221669e-06	1.720382e-09	2.274008e+01	1.017758e+02
1.050000e-06	3.362050e-06	2.326672e-09	2.373095e+01	1.373844e+02
1.060000e-06	3.501054e-06	2.936143e-09	2.471211e+01	1.732609e+02
1.070000e-06	3.638692e-06	3.536602e-09	2.568362e+01	2.090771e+02
1.080000e-06	3.774979e-06	4.129880e-09	2.664560e+01	2.445121e+02
1.090000e-06	3.909914e-06	4.719497e-09	2.759804e+01	2.792685e+02
1.100000e-06	4.043481e-06	5.293520e-09	2.854082e+01	3.130854e+02
1.110000e-06	4.175573e-06	5.840933e-09	2.947318e+01	3.457467e+02
1.120000e-06	4.306172e-06	6.366409e-09	3.039501e+01	3.770855e+02
1.130000e-06	4.435269e-06	6.876065e-09	3.130624e+01	4.069858e+02
1.140000e-06	4.562730e-06	7.361587e-09	3.220592e+01	4.353789e+02
1.150000e-06	4.688597e-06	7.811765e-09	3.309435e+01	4.622383e+02
1.160000e-06	4.812882e-06	8.229655e-09	3.397161e+01	4.875721e+02
1.170000e-06	4.935427e-06	8.629024e-09	3.483660e+01	5.114146e+02
1.180000e-06	5.056178e-06	9.008818e-09	3.568891e+01	5.338173e+02
1.190000e-06	5.175106e-06	9.359467e-09	3.652837e+01	5.548412e+02
1.200000e-06	5.292116e-06	9.685687e-09	3.735428e+01	5.745512e+02
1.210000e-06	5.407084e-06	9.997543e-09	3.816577e+01	5.930119e+02
1.220000e-06	5.519884e-06	1.029528e-08	3.896197e+01	6.102863e+02
1.230000e-06	5.630633e-06	1.056841e-08	3.974369e+01	6.264355e+02
1.240000e-06	5.739505e-06	1.081592e-08	4.051216e+01	6.415196e+02
1.250000e-06	5.846394e-06	1.104799e-08	4.126663e+01	6.555990e+02
1.260000e-06	5.951110e-06	1.127154e-08	4.200577e+01	6.687340e+02
1.270000e-06	6.053693e-06	1.147855e-08	4.272985e+01	6.809847e+02
1.280000e-06	6.154104e-06	1.166584e-08	4.343860e+01	6.924096e+02
1.290000e-06	6.252155e-06	1.184326e-08	4.413069e+01	7.030643e+02
1.300000e-06	6.347909e-06	1.201666e-08	4.480657e+01	7.129998e+02
1.310000e-06	6.441515e-06	1.217572e-08	4.546728e+01	7.222619e+02
1.320000e-06	6.532934e-06	1.231553e-08	4.611256e+01	7.308917e+02
1.330000e-06	6.622006e-06	1.244578e-08	4.674127e+01	7.389265e+02
1.340000e-06	6.708743e-06	1.257356e-08	4.735350e+01	7.464009e+02
1.350000e-06	6.793193e-06	1.269181e-08	4.794960e+01	7.533486e+02
1.360000e-06	6.875218e-06	1.279645e-08	4.852856e+01	7.598035e+02
1.370000e-06	6.954736e-06	1.289465e-08	4.908984e+01	7.658001e+02
1.380000e-06	7.031769e-06	1.299160e-08	4.963358e+01	7.713734e+02
1.390000e-06	7.106181e-06	1.308322e-08	5.015881e+01	7.765585e+02
1.400000e-06	7.177910e-06	1.316131e-08	5.066511e+01	7.813894e+02
1.410000e-06	7.247113e-06	1.323132e-08	5.115358e+01	7.858975e+02
1.420000e-06	7.313764e-06	1.330406e-08	5.162403e+01	7.901106e+02
1.430000e-06	7.377770e-06	1.337603e-08	5.207581e+01	7.940516e+02
1.440000e-06	7.439247e-06	1.343778e-08	5.250975e+01	7.977378e+02
1.450000e-06	7.498186e-06	1.349089e-08	5.292577e+01	8.011807e+02
1.460000e-06	7.554409e-06	1.354358e-08	5.332262e+01	8.043865e+02
1.470000e-06	7.607728e-06	1.359690e-08	5.369897e+01	8.073580e+02
1.480000e-06	7.657927e-06	1.364169e-08	5.405330e+01	8.100968e+02
1.490000e-06	7.705144e-06	1.368019e-08	5.438658e+01	8.126054e+02
1.500000e-06	7.749701e-06	1.371962e-08	5.470108e+01	8.148897e+02
1.510000e-06	7.791475e-06	1.375886e-08	5.499594e+01	8.169601e+02
1.520000e-06	7.830421e-06	1.379119e-08	5.527084e+01	8.188311e+02
1.530000e-06	7.866714e-06	1.381547e-08	5.552702e+01	8.205203e+02
1.540000e-06	7.900190e-06	1.383848e-08	5.576331e+01	8.220455e+02
1.550000e-06	7.930850e-06	1.386270e-08	5.597972e+01	8.234216e+02
1.560000e-06	7.958824e-06	1.388350e-08	5.617717e+01	8.246591e+02
1.570000e-06	7.983910e-06	1.389873e-08	5.635424e+01	8.257627e+02
1.580000e-06	8.006185e-06	1.391452e-08	5.651147e+01	8.267323e+02
1.590000e-06	8.025804e-06	1.393179e-08	5.664995e+01	8.275653e+02
1.600000e-06	8.042589e-06	1.394491e-08	5.676842e+01	8.282590e+02
1.610000e-06	8.056347e-06	1.395115e-08	5.686554e+01	8.288141e+02
1.620000e-06	8.066932e-06	1.395448e-08	5.694025e+01	8.292350e+02
1.630000e-06	8.074501e-06	1.395932e-08	5.699368e+01	8.295303e+02
1.640000e-06	8.079321e-06	1.396332e-08	5.702770e+01	8.297107e+02
1.650000e-06	8.081276e-06	1.396093e-08	5.704150e+01	8.297865e+02
1.660000e-06	8.080435e-06	1.395965e-08	5.703556e+01	8.297645e+02
1.670000e-06	8.077012e-06	1.396277e-08	5.701140e+01	8.296472e+02
1.680000e-06	8.070891e-06	1.396442e-08	5.696820e+01	8.294319e+02
1.690000e-06	8.062091e-06	1.395893e-08	5.690608e+01	8.291131e+02
1.700000e-06	8.050579e-06	1.394812e-08	5.682483e+01	8.286845e+02
1.710000e-06	8.036193e-06	1.393694e-08	5.672328e+01	8.281422e+02
1.720000e-06	8.019242e-06	1.391868e-08	5.660363e+01	8.274863e+02
1.730000e-06	8.000067e-06	1.391069e-08	5.646828e+01	8.267222e+02
1.740000e-06	7.978196e-06	1.392985e-08	5.631391e+01	8.258593e+02
1.750000e-06	7.952860e-06	1.390698e-08	5.613508e+01	8.249095e+02
1.760000e-06	7.923826e-06	1.386525e-08	5.593014e+01	8.238840e+02
1.770000e-06	7.891623e-06	1.385344e-08	5.570284e+01	8.227921e+02
1.780000e-06	7.856941e-06	1.384091e-08	5.545804e+01	8.216383e+02
1.790000e-06	7.819834e-06	1.378753e-08	5.519612e+01	8.204230e+02
1.800000e-06	7.780501e-06	1.377978e-08	5.491848e+01	8.191415e+02
1.810000e-06	7.738992e-06	1.374602e-08	5.462549e+01	8.177854e+02
1.820000e-06	7.694900e-06	1.370457e-08	5.431427e+01	8.163437e+02
1.830000e-06	7.648167e-06	1.374746e-08	5.398441e+01	8.148036e+02
1.840000e-06	7.598509e-06	1.370242e-08	5.363390e+01	8.131523e+02
1.850000e-06	7.545765e-06	1.369696e-08	5.326160e+01	8.113784e+02
1.860000e-06	7.490128e-06	1.363873e-08	5.286889e+01	8.094735e+02
1.870000e-06	7.431788e-06	1.357381e-08	5.245710e+01	8.074340e+02
1.880000e-06	7.370942e-06	1.356909e-08	5.202762e+01	8.052616e+02
1.890000e-06	7.307307e-06	1.348873e-08	5.157845e+01	8.029638e+02
1.900000e-06	7.240919e-06	1.347958e-08	5.110985e+01	8.005518e+02
1.910000e-06	7.171858e-06	1.345152e-08	5.062239e+01	7.980381e+02
1.920000e-06	7.099997e-06	1.342373e-08	5.011516e+01	7.954335e+02
1.930000e-06	7.025568e-06	1.336372e-08	4.958981e+01	7.927435e+02
1.940000e-06	6.948357e-06	1.328501e-08	4.904482e+01	7.899666e+02
1.950000e-06	6.868483e-06	1.325286e-08	4.848103e+01	7.870950e+02
1.960000e-06	6.786275e-06	1.317638e-08	4.790076e+01	7.841158e+02
1.970000e-06	6.701641e-06	1.315300e-08	4.730337e+01	7.810154e+02
1.980000e-06	6.614464e-06	1.309969e-08	4.668804e+01	7.777834e+02
1.990000e-06	6.524863e-06	1.305039e-08	4.605559e+01	7.744154e+02
2.000000e-06	6.433098e-06	1.299995e-08	4.540787e+01	7.709138e+02
2.010000e-06	6.339001e-06	1.292219e-08	4.474369e+01	7.672869e+02
2.020000e-06	6.242614e-06	1.285918e-08	4.406334e+01	7.635450e+02
2.030000e-06	6.144088e-06	1.277402e-08	4.336790e+01	7.596963e+02
2.040000e-06	6.043380e-06	1.272418e-08	4.265705e+01	7.557437e+02
2.050000e-06	5.940435e-06	1.265267e-08	4.193042e+01	7.516829e+02
2.060000e-06	5.835350e-06	1.259123e-08	4.118868e+01	7.475036e+02
2.070000e-06	5.728291e-06	1.251421e-08	4.043301e+01	7.431924e+02
2.080000e-06	5.619198e-06	1.244453e-08	3.966298e+01	7.387372e+02
2.090000e-06	5.507960e-06	1.237033e-08	3.887781e+01	7.341303e+02
2.100000e-06	5.394583e-06	1.227586e-08	3.807754e+01	7.293709e+02
2.110000e-06	5.279203e-06	1.219193e-08	3.726313e+01	7.244640e+02
2.120000e-06	5.161664e-06	1.210081e-08	3.643348e+01	7.194183e+02
2.130000e-06	5.042057e-06	1.202414e-08	3.558924e+01	7.142420e+02
2.140000e-06	4.920694e-06	1.192919e-08	3.473260e+01	7.089395e+02
2.150000e-06	4.797664e-06	1.184697e-08	3.386420e+01	7.035099e+02
2.160000e-06	4.672955e-06	1.175051e-08	3.298394e+01	6.979466e+02
2.170000e-06	4.546456e-06	1.166005e-08	3.209106e+01	6.922397e+02
2.180000e-06	4.418267e-06	1.155578e-08	3.118623e+01	6.863790e+02
2.190000e-06	4.288550e-06	1.145098e-08	3.027063e+01	6.803565e+02
2.200000e-06	4.157388e-06	1.134893e-08	2.934483e+01	6.741677e+02
2.210000e-06	4.024757e-06	1.124099e-08	2.840865e+01	6.678109e+02
2.220000e-06	3.890612e-06	1.113456e-08	2.746179e+01	6.612857e+02
2.230000e-06	3.754997e-06	1.101375e-08	2.650456e+01	6.545903e+02
2.240000e-06	3.618069e-06	1.090154e-08	2.553806e+01	6.477196e+02
2.250000e-06	3.479904e-06	1.077913e-08	2.456282e+01	6.406655e+02
2.260000e-06	3.340466e-06	1.066219e-08	2.357860e+01	6.334180e+02
2.270000e-06	3.199688e-06	1.053309e-08	2.258492e+01	6.259676e+02
2.280000e-06	3.057585e-06	1.040696e-08	2.158189e+01	6.183081e+02
2.290000e-06	2.914277e-06	1.027552e-08	2.057035e+01	6.104374e+02
2.300000e-06	2.769947e-06	1.013868e-08	1.955161e+01	6.023572e+02
2.310000e-06	2.624703e-06	9.994462e-09	1.852640e+01	5.940702e+02
2.320000e-06	2.478561e-06	9.847396e-09	1.749486e+01	5.855769e+02
2.330000e-06	2.331556e-06	9.705039e-09	1.645724e+01	5.768719e+02
2.340000e-06	2.183734e-06	9.556180e-09	1.541383e+01	5.679428e+02
2.350000e-06	2.035202e-06	9.403572e-09	1.436542e+01	5.587711e+02
2.360000e-06	1.886015e-06	9.239469e-09	1.331239e+01	5.493349e+02
2.370000e-06	1.736127e-06	9.076270e-09	1.225441e+01	5.396139e+02
2.380000e-06	1.585540e-06	8.906110e-09	1.119150e+01	5.295934e+02
2.390000e-06	1.434332e-06	8.729765e-09	1.012420e+01	5.192662e+02
2.400000e-06	1.282577e-06	8.546943e-09	9.053037e+00	5.086323e+02
2.410000e-06	1.130429e-06	8.364785e-09	7.979109e+00	4.976947e+02
2.420000e-06	9.779272e-07	8.179167e-09	6.902676e+00	4.864536e+02
2.430000e-06	8.250262e-07	7.987416e-09	5.823428e+00	4.749000e+02
2.440000e-06	6.718483e-07	7.787092e-09	4.742226e+00	4.630107e+02
2.450000e-06	5.184766e-07	7.578962e-09	3.659655e+00	4.507465e+02
2.460000e-06	3.649128e-07	7.363752e-09	2.575728e+00	4.380535e+02
2.470000e-06	2.112308e-07	7.139054e-09	1.490968e+00	4.248682e+02
2.480000e-06	5.750677e-08	6.905511e-09	4.059102e-01	4.111244e+02
2.490000e-06	-9.621083e-08	6.664125e-09	-6.791019e-01	3.967612e+02
2.500000e-06	-2.498821e-07	6.416012e-09	-1.763787e+00	3.817287e+02
2.510000e-06	-4.034802e-07	6.155558e-09	-2.847956e+00	3.659922e+02
2.520000e-06	-5.569317e-07	5.883481e-09	-3.931089e+00	3.495325e+02
2.530000e-06	-7.101551e-07	5.594209e-09	-5.012613e+00	3.323435e+02
2.540000e-06	-8.631154e-07	5.290219e-09	-6.092280e+00	3.144268e+02
2.550000e-06	-1.015735e-06	4.970283e-09	-7.169543e+00	2.957840e+02
2.560000e-06	-1.168008e-06	4.639776e-09	-8.244357e+00	2.764094e+02
2.570000e-06	-1.319895e-06	4.300607e-09	-9.316451e+00	2.562818e+02
2.580000e-06	-1.471301e-06	3.952657e-09	-1.038514e+01	2.353588e+02
2.590000e-06	-1.622158e-06	3.591682e-09	-1.144996e+01	2.135736e+02
2.600000e-06	-1.772312e-06	3.211415e-09	-1.250983e+01	1.908352e+02
2.610000e-06	-1.921755e-06	2.811398e-09	-1.356466e+01	1.670335e+02
2.620000e-06	-2.070543e-06	2.389934e-09	-1.461488e+01	1.420491e+02
2.630000e-06	-2.218649e-06	1.945097e-09	-1.566029e+01	1.157665e+02
2.640000e-06	-2.365964e-06	1.475804e-09	-1.670010e+01	8.809081e+01
2.650000e-06	-2.512349e-06	9.839956e-10	-1.773336e+01	5.896458e+01
2.660000e-06	-2.657811e-06	4.726559e-10	-1.876010e+01	2.838294e+01
2.670000e-06	-2.802442e-06	-5.674160e-11	-1.978097e+01	-3.595489e+00
2.680000e-06	-2.946095e-06	-6.086341e-10	-2.079494e+01	-3.684369e+01
2.690000e-06	-3.088561e-06	-1.183274e-09	-2.180053e+01	-7.116827e+01
2.700000e-06	-3.229821e-06	-1.775307e-09	-2.279761e+01	-1.063181e+02
2.710000e-06	-3.369821e-06	-2.374946e-09	-2.378580e+01	-1.419985e+02
2.720000e-06	-3.508508e-06	-2.978881e-09	-2.476472e+01	-1.778883e+02
2.730000e-06	-3.645903e-06	-3.582486e-09	-2.573452e+01	-2.136595e+02
2.740000e-06	-3.781992e-06	-4.179468e-09	-2.669510e+01	-2.489943e+02
2.750000e-06	-3.916687e-06	-4.759800e-09	-2.764584e+01	-2.836010e+02
2.760000e-06	-4.049927e-06	-5.320174e-09	-2.858632e+01	-3.172260e+02
2.770000e-06	-4.181717e-06	-5.863319e-09	-2.951655e+01	-3.496619e+02
2.780000e-06	-4.312072e-06	-6.386112e-09	-3.043666e+01	-3.807510e+02
2.790000e-06	-4.440961e-06	-6.885154e-09	-3.134642e+01	-4.103860e+02
2.800000e-06	-4.568271e-06	-7.358130e-09	-3.224503e+01	-4.385060e+02
2.810000e-06	-4.693927e-06	-7.807238e-09	-3.313198e+01	-4.650916e+02
2.820000e-06	-4.817942e-06	-8.231821e-09	-3.400733e+01	-4.901560e+02
2.830000e-06	-4.940242e-06	-8.629777e-09	-3.487058e+01	-5.137373e+02
2.840000e-06	-5.060707e-06	-9.003535e-09	-3.572088e+01	-5.358892e+02
2.850000e-06	-5.179334e-06	-9.356111e-09	-3.655821e+01	-5.566738e+02
2.860000e-06	-5.296011e-06	-9.685897e-09	-3.738177e+01	-5.761560e+02
2.870000e-06	-5.410479e-06	-9.994248e-09	-3.818974e+01	-5.944004e+02
2.880000e-06	-5.522739e-06	-1.028228e-08	-3.898212e+01	-6.114694e+02
2.890000e-06	-5.632893e-06	-1.055086e-08	-3.975964e+01	-6.274240e+02
2.900000e-06	-5.741037e-06	-1.080313e-08	-4.052297e+01	-6.423244e+02
2.910000e-06	-5.847286e-06	-1.103901e-08	-4.127293e+01	-6.562308e+02
2.920000e-06	-5.951556e-06	-1.125773e-08	-4.200892e+01	-6.692035e+02
2.930000e-06	-6.053635e-06	-1.146138e-08	-4.272944e+01	-6.813025e+02
2.940000e-06	-6.153474e-06	-1.165147e-08	-4.343415e+01	-6.925860e+02
2.950000e-06	-6.251184e-06	-1.182825e-08	-4.412384e+01	-7.031088e+02
2.960000e-06	-6.346706e-06	-1.199293e-08	-4.479808e+01	-7.129208e+02
2.970000e-06	-6.439896e-06	-1.214760e-08	-4.545585e+01	-7.220671e+02
2.980000e-06	-6.530835e-06	-1.229327e-08	-4.609775e+01	-7.305881e+02
2.990000e-06	-6.619575e-06	-1.242827e-08	-4.672412e+01	-7.385204e+02
3.000000e-06	-6.705924e-06	-1.255314e-08	-4.733360e+01	-7.458983e+02
3.010000e-06	-6.789785e-06	-1.266919e-08	-4.792553e+01	-7.527556e+02
3.020000e-06	-6.871315e-06	-1.277724e-08	-4.850102e+01	-7.591261e+02
3.030000e-06	-6.950454e-06	-1.287715e-08	-4.905962e+01	-7.650446e+02
3.040000e-06	-7.026906e-06	-1.296965e-08	-4.959925e+01	-7.705461e+02
3.050000e-06	-7.100701e-06	-1.305591e-08	-5.012013e+01	-7.756656e+02
3.060000e-06	-7.171936e-06	-1.313730e-08	-5.062294e+01	-7.804366e+02
3.070000e-06	-7.240553e-06	-1.321380e-08	-5.110727e+01	-7.848902e+02
3.080000e-06	-7.306612e-06	-1.328437e-08	-5.157355e+01	-7.890532e+02
3.090000e-06	-7.370087e-06	-1.334839e-08	-5.202159e+01	-7.929477e+02
3.100000e-06	-7.430903e-06	-1.340844e-08	-5.245085e+01	-7.965898e+02
3.110000e-06	-7.489110e-06	-1.346603e-08	-5.286171e+01	-7.999901e+02
3.120000e-06	-7.544629e-06	-1.351905e-08	-5.325359e+01	-8.031539e+02
3.130000e-06	-7.597274e-06	-1.356734e-08	-5.362518e+01	-8.060839e+02
3.140000e-06	-7.646879e-06	-1.361407e-08	-5.397532e+01	-8.087814e+02
3.150000e-06	-7.693460e-06	-1.365839e-08	-5.430411e+01	-8.112494e+02
3.160000e-06	-7.737390e-06	-1.369674e-08	-5.461418e+01	-8.134946e+02
3.170000e-06	-7.778885e-06	-1.372836e-08	-5.490708e+01	-8.155282e+02
3.180000e-06	-7.817659e-06	-1.375688e-08	-5.518076e+01	-8.173656e+02
3.190000e-06	-7.853629e-06	-1.378562e-08	-5.543466e+01	-8.190243e+02
3.200000e-06	-7.886934e-06	-1.381391e-08	-5.566974e+01	-8.205219e+02
3.210000e-06	-7.917368e-06	-1.383960e-08	-5.588455e+01	-8.218727e+02
3.220000e-06	-7.944879e-06	-1.386229e-08	-5.607874e+01	-8.230862e+02
3.230000e-06	-7.969672e-06	-1.388268e-08	-5.625374e+01	-8.241660e+02
3.240000e-06	-7.991639e-06	-1.389839e-08	-5.640879e+01	-8.251115e+02
3.250000e-06	-8.010748e-06	-1.390764e-08	-5.654368e+01	-8.259197e+02
3.260000e-06	-8.027099e-06	-1.391455e-08	-5.665909e+01	-8.265886e+02
3.270000e-06	-8.040381e-06	-1.392500e-08	-5.675284e+01	-8.271193e+02
3.280000e-06	-8.050560e-06	-1.393675e-08	-5.682469e+01	-8.275171e+02
3.290000e-06	-8.057853e-06	-1.394570e-08	-5.687617e+01	-8.277911e+02
3.300000e-06	-8.062269e-06	-1.395215e-08	-5.690734e+01	-8.279522e+02
3.310000e-06	-8.063950e-06	-1.395733e-08	-5.691920e+01	-8.280102e+02
