# Temperatura_=_66.41
# Concentracion g/m^3_=_11780.0
# C_Vs_to_Am_M_A/Vsm_=_59384043850.047264
# pendiente_HvsI_1/m_=_3716.3
# ordenada_HvsI_A/m_=_1297.0
# frecuencia_Hz_=_301543.72801979474

Tiempo_(s)	Campo_(V.s)	Magnetizacion_(V.s)	Campo_(kA/m)	Magnetizacion_(A/m)
0.000000e+00	-8.155672e-06	-1.466599e-08	-5.691143e+01	-8.692299e+02
1.000000e-08	-8.152222e-06	-1.465592e-08	-5.688736e+01	-8.690204e+02
2.000000e-08	-8.146128e-06	-1.464807e-08	-5.684484e+01	-8.687294e+02
3.000000e-08	-8.137383e-06	-1.463958e-08	-5.678381e+01	-8.683540e+02
4.000000e-08	-8.125723e-06	-1.463238e-08	-5.670245e+01	-8.678827e+02
5.000000e-08	-8.111064e-06	-1.462504e-08	-5.660015e+01	-8.672998e+02
6.000000e-08	-8.093537e-06	-1.462408e-08	-5.647785e+01	-8.665909e+02
7.000000e-08	-8.073497e-06	-1.461384e-08	-5.633800e+01	-8.657491e+02
8.000000e-08	-8.050802e-06	-1.452765e-08	-5.617964e+01	-8.647788e+02
9.000000e-08	-8.024852e-06	-1.448784e-08	-5.599856e+01	-8.636959e+02
1.000000e-07	-7.995609e-06	-1.453192e-08	-5.579449e+01	-8.625232e+02
1.100000e-07	-7.963545e-06	-1.454553e-08	-5.557074e+01	-8.612843e+02
1.200000e-07	-7.928780e-06	-1.450165e-08	-5.532815e+01	-8.599956e+02
1.300000e-07	-7.891492e-06	-1.446330e-08	-5.506795e+01	-8.586613e+02
1.400000e-07	-7.852065e-06	-1.451255e-08	-5.479282e+01	-8.572716e+02
1.500000e-07	-7.810283e-06	-1.444157e-08	-5.450126e+01	-8.558058e+02
1.600000e-07	-7.765613e-06	-1.441198e-08	-5.418954e+01	-8.542387e+02
1.700000e-07	-7.718093e-06	-1.435829e-08	-5.385795e+01	-8.525476e+02
1.800000e-07	-7.667643e-06	-1.426155e-08	-5.350590e+01	-8.507188e+02
1.900000e-07	-7.614061e-06	-1.433419e-08	-5.313200e+01	-8.487502e+02
2.000000e-07	-7.557706e-06	-1.428084e-08	-5.273874e+01	-8.466507e+02
2.100000e-07	-7.498660e-06	-1.422358e-08	-5.232671e+01	-8.444351e+02
2.200000e-07	-7.436942e-06	-1.417501e-08	-5.189603e+01	-8.421186e+02
2.300000e-07	-7.372484e-06	-1.414029e-08	-5.144624e+01	-8.397114e+02
2.400000e-07	-7.305184e-06	-1.414701e-08	-5.097661e+01	-8.372157e+02
2.500000e-07	-7.235257e-06	-1.403977e-08	-5.048865e+01	-8.346255e+02
2.600000e-07	-7.162618e-06	-1.397479e-08	-4.998176e+01	-8.319297e+02
2.700000e-07	-7.087165e-06	-1.395955e-08	-4.945524e+01	-8.291159e+02
2.800000e-07	-7.008965e-06	-1.396131e-08	-4.890955e+01	-8.261744e+02
2.900000e-07	-6.928086e-06	-1.387413e-08	-4.834516e+01	-8.231007e+02
3.000000e-07	-6.844751e-06	-1.376200e-08	-4.776364e+01	-8.198956e+02
3.100000e-07	-6.759169e-06	-1.375987e-08	-4.716644e+01	-8.165636e+02
3.200000e-07	-6.671270e-06	-1.371119e-08	-4.655307e+01	-8.131109e+02
3.300000e-07	-6.580930e-06	-1.363977e-08	-4.592266e+01	-8.095423e+02
3.400000e-07	-6.488263e-06	-1.355268e-08	-4.527602e+01	-8.058604e+02
3.500000e-07	-6.393332e-06	-1.349988e-08	-4.461357e+01	-8.020646e+02
3.600000e-07	-6.296021e-06	-1.346266e-08	-4.393452e+01	-7.981520e+02
3.700000e-07	-6.196339e-06	-1.337855e-08	-4.323893e+01	-7.941183e+02
3.800000e-07	-6.094402e-06	-1.328584e-08	-4.252760e+01	-7.899581e+02
3.900000e-07	-5.990239e-06	-1.320585e-08	-4.180074e+01	-7.856663e+02
4.000000e-07	-5.883880e-06	-1.317376e-08	-4.105854e+01	-7.812371e+02
4.100000e-07	-5.775479e-06	-1.309454e-08	-4.030211e+01	-7.766653e+02
4.200000e-07	-5.665079e-06	-1.299335e-08	-3.953172e+01	-7.719459e+02
4.300000e-07	-5.552608e-06	-1.290618e-08	-3.874688e+01	-7.670752e+02
4.400000e-07	-5.437982e-06	-1.284220e-08	-3.794701e+01	-7.620516e+02
4.500000e-07	-5.321155e-06	-1.276195e-08	-3.713177e+01	-7.568758e+02
4.600000e-07	-5.202271e-06	-1.264785e-08	-3.630218e+01	-7.515504e+02
4.700000e-07	-5.081493e-06	-1.255161e-08	-3.545938e+01	-7.460790e+02
4.800000e-07	-4.958926e-06	-1.247461e-08	-3.460409e+01	-7.404638e+02
4.900000e-07	-4.834578e-06	-1.239370e-08	-3.373637e+01	-7.347045e+02
5.000000e-07	-4.708447e-06	-1.227212e-08	-3.285621e+01	-7.287968e+02
5.100000e-07	-4.580693e-06	-1.215962e-08	-3.196473e+01	-7.227336e+02
5.200000e-07	-4.451348e-06	-1.206770e-08	-3.106213e+01	-7.165055e+02
5.300000e-07	-4.320360e-06	-1.197059e-08	-3.014808e+01	-7.101040e+02
5.400000e-07	-4.187747e-06	-1.184437e-08	-2.922269e+01	-7.035226e+02
5.500000e-07	-4.053608e-06	-1.171571e-08	-2.828665e+01	-6.967582e+02
5.600000e-07	-3.918032e-06	-1.161048e-08	-2.734058e+01	-6.898100e+02
5.700000e-07	-3.780996e-06	-1.150223e-08	-2.638433e+01	-6.826773e+02
5.800000e-07	-3.642547e-06	-1.137219e-08	-2.541821e+01	-6.753578e+02
5.900000e-07	-3.502674e-06	-1.123278e-08	-2.444215e+01	-6.678454e+02
6.000000e-07	-3.361346e-06	-1.111549e-08	-2.345595e+01	-6.601299e+02
6.100000e-07	-3.218629e-06	-1.099593e-08	-2.246005e+01	-6.521993e+02
6.200000e-07	-3.074649e-06	-1.085184e-08	-2.145534e+01	-6.440419e+02
6.300000e-07	-2.929613e-06	-1.069455e-08	-2.044325e+01	-6.356502e+02
6.400000e-07	-2.783593e-06	-1.054984e-08	-1.942430e+01	-6.270215e+02
6.500000e-07	-2.636574e-06	-1.040959e-08	-1.839838e+01	-6.181580e+02
6.600000e-07	-2.488671e-06	-1.025394e-08	-1.736630e+01	-6.090636e+02
6.700000e-07	-2.339965e-06	-1.009193e-08	-1.632861e+01	-5.997396e+02
6.800000e-07	-2.190452e-06	-9.936200e-09	-1.528528e+01	-5.901807e+02
6.900000e-07	-2.040148e-06	-9.783236e-09	-1.423644e+01	-5.803726e+02
7.000000e-07	-1.889125e-06	-9.610521e-09	-1.318258e+01	-5.702932e+02
7.100000e-07	-1.737447e-06	-9.422854e-09	-1.212415e+01	-5.599159e+02
7.200000e-07	-1.585164e-06	-9.237172e-09	-1.106150e+01	-5.492156e+02
7.300000e-07	-1.432321e-06	-9.056938e-09	-9.994938e+00	-5.381732e+02
7.400000e-07	-1.278847e-06	-8.867495e-09	-8.923976e+00	-5.267783e+02
7.500000e-07	-1.124795e-06	-8.665281e-09	-7.848980e+00	-5.150280e+02
7.600000e-07	-9.703108e-07	-8.462828e-09	-6.770966e+00	-5.029211e+02
7.700000e-07	-8.155200e-07	-8.259742e-09	-5.690814e+00	-4.904505e+02
7.800000e-07	-6.605086e-07	-8.044513e-09	-4.609123e+00	-4.775953e+02
7.900000e-07	-5.052788e-07	-7.813006e-09	-3.525907e+00	-4.643152e+02
8.000000e-07	-3.498587e-07	-7.577734e-09	-2.441363e+00	-4.505497e+02
8.100000e-07	-1.942941e-07	-7.340670e-09	-1.355812e+00	-4.362233e+02
8.200000e-07	-3.861994e-08	-7.091346e-09	-2.694954e-01	-4.212537e+02
8.300000e-07	1.170095e-07	-6.822764e-09	8.165088e-01	-4.055631e+02
8.400000e-07	2.724985e-07	-6.541473e-09	1.901533e+00	-3.890875e+02
8.500000e-07	4.279600e-07	-6.252891e-09	2.986366e+00	-3.717833e+02
8.600000e-07	5.832599e-07	-5.949056e-09	4.070070e+00	-3.536271e+02
8.700000e-07	7.382846e-07	-5.625531e-09	5.151855e+00	-3.346108e+02
8.800000e-07	8.930771e-07	-5.287789e-09	6.232018e+00	-3.147315e+02
8.900000e-07	1.047557e-06	-4.942063e-09	7.310004e+00	-2.939787e+02
9.000000e-07	1.201687e-06	-4.581941e-09	8.385539e+00	-2.723221e+02
9.100000e-07	1.355436e-06	-4.198633e-09	9.458423e+00	-2.497015e+02
9.200000e-07	1.508647e-06	-3.793964e-09	1.052755e+01	-2.260210e+02
9.300000e-07	1.661202e-06	-3.373479e-09	1.159210e+01	-2.011499e+02
9.400000e-07	1.813094e-06	-2.933012e-09	1.265203e+01	-1.749300e+02
9.500000e-07	1.964320e-06	-2.465066e-09	1.370730e+01	-1.471894e+02
9.600000e-07	2.114883e-06	-1.968766e-09	1.475795e+01	-1.177629e+02
9.700000e-07	2.264676e-06	-1.443886e-09	1.580323e+01	-8.651633e+01
9.800000e-07	2.413557e-06	-8.875072e-10	1.684214e+01	-5.337224e+01
9.900000e-07	2.561558e-06	-2.944852e-10	1.787491e+01	-1.833433e+01
1.000000e-06	2.708694e-06	3.313434e-10	1.890165e+01	1.849481e+01
1.010000e-06	2.854933e-06	9.812075e-10	1.992213e+01	5.690530e+01
1.020000e-06	3.000206e-06	1.649843e-09	2.093586e+01	9.658390e+01
1.030000e-06	3.144402e-06	2.333019e-09	2.194209e+01	1.371306e+02
1.040000e-06	3.287419e-06	3.025674e-09	2.294007e+01	1.780866e+02
1.050000e-06	3.429114e-06	3.716148e-09	2.392884e+01	2.189684e+02
1.060000e-06	3.569536e-06	4.396043e-09	2.490873e+01	2.593047e+02
1.070000e-06	3.708689e-06	5.058934e-09	2.587976e+01	2.986689e+02
1.080000e-06	3.846351e-06	5.698336e-09	2.684038e+01	3.367024e+02
1.090000e-06	3.982517e-06	6.310128e-09	2.779057e+01	3.731290e+02
1.100000e-06	4.117272e-06	6.891266e-09	2.873091e+01	4.077564e+02
1.110000e-06	4.250569e-06	7.442195e-09	2.966107e+01	4.404702e+02
1.120000e-06	4.382378e-06	7.962697e-09	3.058086e+01	4.712221e+02
1.130000e-06	4.512665e-06	8.450682e-09	3.149001e+01	5.000157e+02
1.140000e-06	4.641287e-06	8.903500e-09	3.238756e+01	5.268940e+02
1.150000e-06	4.768195e-06	9.322161e-09	3.327314e+01	5.519281e+02
1.160000e-06	4.893441e-06	9.708999e-09	3.414713e+01	5.752087e+02
1.170000e-06	5.016987e-06	1.006891e-08	3.500925e+01	5.968393e+02
1.180000e-06	5.138745e-06	1.040294e-08	3.585889e+01	6.169303e+02
1.190000e-06	5.258624e-06	1.071318e-08	3.669542e+01	6.355929e+02
1.200000e-06	5.376545e-06	1.100416e-08	3.751829e+01	6.529344e+02
1.210000e-06	5.492444e-06	1.127686e-08	3.832705e+01	6.690543e+02
1.220000e-06	5.606240e-06	1.153202e-08	3.912114e+01	6.840418e+02
1.230000e-06	5.717870e-06	1.176892e-08	3.990011e+01	6.979763e+02
1.240000e-06	5.827435e-06	1.198570e-08	4.066466e+01	7.109294e+02
1.250000e-06	5.935064e-06	1.218269e-08	4.141572e+01	7.229676e+02
1.260000e-06	6.040584e-06	1.236549e-08	4.215205e+01	7.341546e+02
1.270000e-06	6.143827e-06	1.253736e-08	4.287249e+01	7.445523e+02
1.280000e-06	6.244874e-06	1.269873e-08	4.357761e+01	7.542205e+02
1.290000e-06	6.343663e-06	1.284961e-08	4.426698e+01	7.632150e+02
1.300000e-06	6.440092e-06	1.299175e-08	4.493987e+01	7.715853e+02
1.310000e-06	6.534234e-06	1.312517e-08	4.559681e+01	7.793743e+02
1.320000e-06	6.626169e-06	1.324699e-08	4.623834e+01	7.866192e+02
1.330000e-06	6.715754e-06	1.335743e-08	4.686348e+01	7.933537e+02
1.340000e-06	6.802904e-06	1.346024e-08	4.747163e+01	7.996118e+02
1.350000e-06	6.887753e-06	1.355832e-08	4.806372e+01	8.054304e+02
1.360000e-06	6.970272e-06	1.364939e-08	4.863955e+01	8.108500e+02
1.370000e-06	7.050278e-06	1.373210e-08	4.919784e+01	8.159130e+02
1.380000e-06	7.127680e-06	1.380973e-08	4.973796e+01	8.206599e+02
1.390000e-06	7.202417e-06	1.388538e-08	5.025948e+01	8.251248e+02
1.400000e-06	7.274457e-06	1.395595e-08	5.076219e+01	8.293319e+02
1.410000e-06	7.343917e-06	1.402043e-08	5.124689e+01	8.332941e+02
1.420000e-06	7.410751e-06	1.408286e-08	5.171327e+01	8.370151e+02
1.430000e-06	7.474925e-06	1.414305e-08	5.216108e+01	8.404934e+02
1.440000e-06	7.536620e-06	1.419744e-08	5.259160e+01	8.437277e+02
1.450000e-06	7.595729e-06	1.424444e-08	5.300407e+01	8.467214e+02
1.460000e-06	7.652066e-06	1.428770e-08	5.339720e+01	8.494846e+02
1.470000e-06	7.705485e-06	1.433086e-08	5.376997e+01	8.520329e+02
1.480000e-06	7.755716e-06	1.437282e-08	5.412048e+01	8.543849e+02
1.490000e-06	7.802906e-06	1.441067e-08	5.444978e+01	8.565575e+02
1.500000e-06	7.847384e-06	1.444360e-08	5.476016e+01	8.585631e+02
1.510000e-06	7.889051e-06	1.447259e-08	5.505091e+01	8.604081e+02
1.520000e-06	7.927864e-06	1.449837e-08	5.532176e+01	8.620941e+02
1.530000e-06	7.963989e-06	1.452094e-08	5.557385e+01	8.636209e+02
1.540000e-06	7.997293e-06	1.454221e-08	5.580624e+01	8.649897e+02
1.550000e-06	8.027765e-06	1.456353e-08	5.601888e+01	8.662050e+02
1.560000e-06	8.055525e-06	1.458336e-08	5.621259e+01	8.672751e+02
1.570000e-06	8.080384e-06	1.459891e-08	5.638607e+01	8.682098e+02
1.580000e-06	8.102359e-06	1.460949e-08	5.653941e+01	8.690178e+02
1.590000e-06	8.121605e-06	1.461751e-08	5.667371e+01	8.697040e+02
1.600000e-06	8.137964e-06	1.462424e-08	5.678786e+01	8.702688e+02
1.610000e-06	8.151281e-06	1.462974e-08	5.688079e+01	8.707094e+02
1.620000e-06	8.161459e-06	1.463441e-08	5.695182e+01	8.710232e+02
1.630000e-06	8.168607e-06	1.463835e-08	5.700170e+01	8.712106e+02
1.640000e-06	8.172914e-06	1.464085e-08	5.703175e+01	8.712775e+02
1.650000e-06	8.174311e-06	1.463783e-08	5.704150e+01	8.712348e+02
1.660000e-06	8.172890e-06	1.463880e-08	5.703158e+01	8.710958e+02
1.670000e-06	8.168806e-06	1.463470e-08	5.700309e+01	8.708713e+02
1.680000e-06	8.162004e-06	1.462738e-08	5.695562e+01	8.705655e+02
1.690000e-06	8.152521e-06	1.461882e-08	5.688944e+01	8.701736e+02
1.700000e-06	8.140284e-06	1.460660e-08	5.680405e+01	8.696833e+02
1.710000e-06	8.125228e-06	1.459095e-08	5.669899e+01	8.690785e+02
1.720000e-06	8.107682e-06	1.456340e-08	5.657655e+01	8.683457e+02
1.730000e-06	8.087787e-06	1.461883e-08	5.643772e+01	8.674801e+02
1.740000e-06	8.064978e-06	1.465478e-08	5.627856e+01	8.664879e+02
1.750000e-06	8.038577e-06	1.457434e-08	5.609433e+01	8.653869e+02
1.760000e-06	8.008533e-06	1.451229e-08	5.588468e+01	8.642005e+02
1.770000e-06	7.975452e-06	1.450916e-08	5.565384e+01	8.629515e+02
1.780000e-06	7.939842e-06	1.445844e-08	5.540534e+01	8.616544e+02
1.790000e-06	7.901753e-06	1.440356e-08	5.513955e+01	8.603110e+02
1.800000e-06	7.861545e-06	1.447435e-08	5.485897e+01	8.589092e+02
1.810000e-06	7.819086e-06	1.436250e-08	5.456269e+01	8.574269e+02
1.820000e-06	7.773942e-06	1.439842e-08	5.424767e+01	8.558388e+02
1.830000e-06	7.726105e-06	1.443522e-08	5.391385e+01	8.541234e+02
1.840000e-06	7.675206e-06	1.430253e-08	5.355867e+01	8.522692e+02
1.850000e-06	7.621248e-06	1.433990e-08	5.318215e+01	8.502760e+02
1.860000e-06	7.564438e-06	1.421180e-08	5.278572e+01	8.481543e+02
1.870000e-06	7.504900e-06	1.424237e-08	5.237025e+01	8.459193e+02
1.880000e-06	7.442817e-06	1.420654e-08	5.193703e+01	8.435858e+02
1.890000e-06	7.378009e-06	1.411380e-08	5.148479e+01	8.411626e+02
1.900000e-06	7.310461e-06	1.416059e-08	5.101343e+01	8.386503e+02
1.910000e-06	7.240075e-06	1.406606e-08	5.052227e+01	8.360419e+02
1.920000e-06	7.166922e-06	1.404929e-08	5.001180e+01	8.333256e+02
1.930000e-06	7.091101e-06	1.392994e-08	4.948270e+01	8.304893e+02
1.940000e-06	7.012462e-06	1.390911e-08	4.893395e+01	8.275241e+02
1.950000e-06	6.931258e-06	1.389991e-08	4.836730e+01	8.244264e+02
1.960000e-06	6.847571e-06	1.380080e-08	4.778332e+01	8.211979e+02
1.970000e-06	6.761363e-06	1.379383e-08	4.718175e+01	8.178436e+02
1.980000e-06	6.672677e-06	1.369253e-08	4.656289e+01	8.143696e+02
1.990000e-06	6.581619e-06	1.366867e-08	4.592747e+01	8.107804e+02
2.000000e-06	6.488284e-06	1.357384e-08	4.527617e+01	8.070779e+02
2.010000e-06	6.392625e-06	1.350611e-08	4.460864e+01	8.032612e+02
2.020000e-06	6.294771e-06	1.345352e-08	4.392580e+01	7.993271e+02
2.030000e-06	6.194701e-06	1.338722e-08	4.322750e+01	7.952709e+02
2.040000e-06	6.092348e-06	1.334010e-08	4.251327e+01	7.910873e+02
2.050000e-06	5.987789e-06	1.323295e-08	4.178364e+01	7.867710e+02
2.060000e-06	5.881159e-06	1.317545e-08	4.103956e+01	7.823165e+02
2.070000e-06	5.772485e-06	1.308159e-08	4.028121e+01	7.777183e+02
2.080000e-06	5.661644e-06	1.301994e-08	3.950775e+01	7.729718e+02
2.090000e-06	5.548623e-06	1.292480e-08	3.871907e+01	7.680736e+02
2.100000e-06	5.433460e-06	1.284501e-08	3.791545e+01	7.630224e+02
2.110000e-06	5.316250e-06	1.276377e-08	3.709755e+01	7.578193e+02
2.120000e-06	5.196981e-06	1.267352e-08	3.626527e+01	7.524673e+02
2.130000e-06	5.075773e-06	1.257275e-08	3.541946e+01	7.469698e+02
2.140000e-06	4.952767e-06	1.246759e-08	3.456111e+01	7.413287e+02
2.150000e-06	4.827997e-06	1.238761e-08	3.369044e+01	7.355430e+02
2.160000e-06	4.701478e-06	1.228805e-08	3.280758e+01	7.296079e+02
2.170000e-06	4.573231e-06	1.219169e-08	3.191265e+01	7.235156e+02
2.180000e-06	4.443364e-06	1.207512e-08	3.100642e+01	7.172568e+02
2.190000e-06	4.311942e-06	1.197649e-08	3.008934e+01	7.108232e+02
2.200000e-06	4.178947e-06	1.185970e-08	2.916129e+01	7.042091e+02
2.210000e-06	4.044408e-06	1.174212e-08	2.822245e+01	6.974116e+02
2.220000e-06	3.908401e-06	1.161959e-08	2.727338e+01	6.904301e+02
2.230000e-06	3.770924e-06	1.150845e-08	2.631404e+01	6.832641e+02
2.240000e-06	3.632105e-06	1.139407e-08	2.534534e+01	6.759104e+02
2.250000e-06	3.491945e-06	1.126093e-08	2.436728e+01	6.683622e+02
2.260000e-06	3.350383e-06	1.112735e-08	2.337944e+01	6.606090e+02
2.270000e-06	3.207563e-06	1.099100e-08	2.238283e+01	6.526383e+02
2.280000e-06	3.063631e-06	1.085766e-08	2.137845e+01	6.444392e+02
2.290000e-06	2.918610e-06	1.070921e-08	2.036647e+01	6.360049e+02
2.300000e-06	2.772515e-06	1.056273e-08	1.934700e+01	6.273337e+02
2.310000e-06	2.625430e-06	1.041536e-08	1.832063e+01	6.184284e+02
2.320000e-06	2.477453e-06	1.026815e-08	1.728801e+01	6.092928e+02
2.330000e-06	2.328655e-06	1.010910e-08	1.624968e+01	5.999272e+02
2.340000e-06	2.178986e-06	9.942389e-09	1.520528e+01	5.903247e+02
2.350000e-06	2.028491e-06	9.775837e-09	1.415510e+01	5.804697e+02
2.360000e-06	1.877321e-06	9.608133e-09	1.310021e+01	5.703387e+02
2.370000e-06	1.725543e-06	9.433308e-09	1.204108e+01	5.599052e+02
2.380000e-06	1.573172e-06	9.249094e-09	1.097782e+01	5.491447e+02
2.390000e-06	1.420267e-06	9.062532e-09	9.910822e+00	5.380395e+02
2.400000e-06	1.266869e-06	8.873774e-09	8.840389e+00	5.265810e+02
2.410000e-06	1.112968e-06	8.675161e-09	7.766452e+00	5.147668e+02
2.420000e-06	9.585868e-07	8.465934e-09	6.689155e+00	5.025955e+02
2.430000e-06	8.038467e-07	8.255939e-09	5.609356e+00	4.900580e+02
2.440000e-06	6.488908e-07	8.042983e-09	4.528052e+00	4.771302e+02
2.450000e-06	4.937517e-07	7.820248e-09	3.445469e+00	4.637680e+02
2.460000e-06	3.384382e-07	7.582200e-09	2.361669e+00	4.499079e+02
2.470000e-06	1.830399e-07	7.337947e-09	1.277279e+00	4.354724e+02
2.480000e-06	2.761898e-08	7.084817e-09	1.927291e-01	4.203792e+02
2.490000e-06	-1.278000e-07	6.818020e-09	-8.918064e-01	4.045522e+02
2.500000e-06	-2.831381e-07	6.536723e-09	-1.975778e+00	3.879310e+02
2.510000e-06	-4.384108e-07	6.245206e-09	-3.059293e+00	3.704755e+02
2.520000e-06	-5.935650e-07	5.943276e-09	-4.141981e+00	3.521657e+02
2.530000e-06	-7.484744e-07	5.621471e-09	-5.222960e+00	3.329953e+02
2.540000e-06	-9.031024e-07	5.279117e-09	-6.301976e+00	3.129608e+02
2.550000e-06	-1.057410e-06	4.921539e-09	-7.378757e+00	2.920493e+02
2.560000e-06	-1.211333e-06	4.555578e-09	-8.452852e+00	2.702257e+02
2.570000e-06	-1.364737e-06	4.173628e-09	-9.523327e+00	2.474236e+02
2.580000e-06	-1.517574e-06	3.771488e-09	-1.058984e+01	2.235407e+02
2.590000e-06	-1.669843e-06	3.350799e-09	-1.165240e+01	1.984407e+02
2.600000e-06	-1.821543e-06	2.910187e-09	-1.271098e+01	1.719616e+02
2.610000e-06	-1.972631e-06	2.441668e-09	-1.376530e+01	1.439312e+02
2.620000e-06	-2.123016e-06	1.938789e-09	-1.481471e+01	1.141880e+02
2.630000e-06	-2.272641e-06	1.404858e-09	-1.585881e+01	8.260586e+01
2.640000e-06	-2.421388e-06	8.428510e-10	-1.689679e+01	4.912037e+01
2.650000e-06	-2.569224e-06	2.499863e-10	-1.792841e+01	1.375172e+01
2.660000e-06	-2.716223e-06	-3.735239e-10	-1.895419e+01	-2.337861e+01
2.670000e-06	-2.862315e-06	-1.020780e-09	-1.997364e+01	-6.204161e+01
2.680000e-06	-3.007352e-06	-1.684933e-09	-2.098573e+01	-1.019070e+02
2.690000e-06	-3.151238e-06	-2.364133e-09	-2.198979e+01	-1.425619e+02
2.700000e-06	-3.293946e-06	-3.053052e-09	-2.298562e+01	-1.835405e+02
2.710000e-06	-3.435477e-06	-3.741008e-09	-2.397324e+01	-2.243589e+02
2.720000e-06	-3.575667e-06	-4.417967e-09	-2.495151e+01	-2.645515e+02
2.730000e-06	-3.714463e-06	-5.077150e-09	-2.592005e+01	-3.037024e+02
2.740000e-06	-3.851835e-06	-5.716878e-09	-2.687865e+01	-3.414671e+02
2.750000e-06	-3.987741e-06	-6.326614e-09	-2.782702e+01	-3.775845e+02
2.760000e-06	-4.122295e-06	-6.900946e-09	-2.876596e+01	-4.118768e+02
2.770000e-06	-4.255420e-06	-7.441845e-09	-2.969493e+01	-4.442424e+02
2.780000e-06	-4.387032e-06	-7.951570e-09	-3.061333e+01	-4.746433e+02
2.790000e-06	-4.517065e-06	-8.432682e-09	-3.152072e+01	-5.030911e+02
2.800000e-06	-4.645479e-06	-8.882059e-09	-3.241681e+01	-5.296345e+02
2.810000e-06	-4.772309e-06	-9.299970e-09	-3.330184e+01	-5.543487e+02
2.820000e-06	-4.897419e-06	-9.690565e-09	-3.417489e+01	-5.773271e+02
2.830000e-06	-5.020749e-06	-1.005527e-08	-3.503549e+01	-5.986749e+02
2.840000e-06	-5.142340e-06	-1.039270e-08	-3.588398e+01	-6.185029e+02
2.850000e-06	-5.262076e-06	-1.070436e-08	-3.671951e+01	-6.369223e+02
2.860000e-06	-5.379744e-06	-1.099279e-08	-3.754062e+01	-6.540390e+02
2.870000e-06	-5.495152e-06	-1.126090e-08	-3.834595e+01	-6.699506e+02
2.880000e-06	-5.608316e-06	-1.150910e-08	-3.913562e+01	-6.847448e+02
2.890000e-06	-5.719304e-06	-1.174035e-08	-3.991012e+01	-6.984994e+02
2.900000e-06	-5.828228e-06	-1.195898e-08	-4.067020e+01	-7.112847e+02
2.910000e-06	-5.935234e-06	-1.216348e-08	-4.141690e+01	-7.231665e+02
2.920000e-06	-6.040227e-06	-1.235104e-08	-4.214956e+01	-7.342083e+02
2.930000e-06	-6.143012e-06	-1.252357e-08	-4.286680e+01	-7.444718e+02
2.940000e-06	-6.243469e-06	-1.268555e-08	-4.356781e+01	-7.540161e+02
2.950000e-06	-6.341679e-06	-1.283735e-08	-4.425314e+01	-7.628959e+02
2.960000e-06	-6.437760e-06	-1.297765e-08	-4.492360e+01	-7.711598e+02
2.970000e-06	-6.531602e-06	-1.310750e-08	-4.557844e+01	-7.788494e+02
2.980000e-06	-6.623129e-06	-1.322825e-08	-4.621713e+01	-7.860010e+02
2.990000e-06	-6.712396e-06	-1.334114e-08	-4.684005e+01	-7.926481e+02
3.000000e-06	-6.799329e-06	-1.344653e-08	-4.744668e+01	-7.988253e+02
3.010000e-06	-6.883778e-06	-1.354228e-08	-4.803597e+01	-8.045699e+02
3.020000e-06	-6.965749e-06	-1.363294e-08	-4.860798e+01	-8.099230e+02
3.030000e-06	-7.045267e-06	-1.372150e-08	-4.916287e+01	-8.149270e+02
3.040000e-06	-7.122116e-06	-1.380503e-08	-4.969914e+01	-8.196216e+02
3.050000e-06	-7.196240e-06	-1.387922e-08	-5.021638e+01	-8.240393e+02
3.060000e-06	-7.267746e-06	-1.394768e-08	-5.071536e+01	-8.282024e+02
3.070000e-06	-7.336613e-06	-1.401448e-08	-5.119592e+01	-8.321217e+02
3.080000e-06	-7.402921e-06	-1.407750e-08	-5.165863e+01	-8.357998e+02
3.090000e-06	-7.466699e-06	-1.413283e-08	-5.210368e+01	-8.392348e+02
3.100000e-06	-7.527756e-06	-1.418492e-08	-5.252975e+01	-8.424261e+02
3.110000e-06	-7.586061e-06	-1.423850e-08	-5.293661e+01	-8.453780e+02
3.120000e-06	-7.641647e-06	-1.428822e-08	-5.332449e+01	-8.481018e+02
3.130000e-06	-7.694327e-06	-1.433091e-08	-5.369210e+01	-8.506140e+02
3.140000e-06	-7.743936e-06	-1.437107e-08	-5.403828e+01	-8.529331e+02
3.150000e-06	-7.790526e-06	-1.440923e-08	-5.436339e+01	-8.550755e+02
3.160000e-06	-7.834462e-06	-1.444173e-08	-5.466998e+01	-8.570524e+02
3.170000e-06	-7.875922e-06	-1.446811e-08	-5.495930e+01	-8.588693e+02
3.180000e-06	-7.914647e-06	-1.449288e-08	-5.522953e+01	-8.605272e+02
3.190000e-06	-7.950535e-06	-1.452158e-08	-5.547996e+01	-8.620259e+02
3.200000e-06	-7.983653e-06	-1.455171e-08	-5.571106e+01	-8.633671e+02
3.210000e-06	-8.013872e-06	-1.457799e-08	-5.592193e+01	-8.645561e+02
3.220000e-06	-8.041195e-06	-1.459884e-08	-5.611260e+01	-8.656016e+02
3.230000e-06	-8.065710e-06	-1.461607e-08	-5.628366e+01	-8.665135e+02
3.240000e-06	-8.087339e-06	-1.462838e-08	-5.643460e+01	-8.672998e+02
3.250000e-06	-8.106139e-06	-1.463574e-08	-5.656578e+01	-8.679647e+02
3.260000e-06	-8.122114e-06	-1.464113e-08	-5.667726e+01	-8.685079e+02
3.270000e-06	-8.134964e-06	-1.465043e-08	-5.676693e+01	-8.689263e+02
3.280000e-06	-8.144711e-06	-1.466073e-08	-5.683495e+01	-8.692177e+02
3.290000e-06	-8.151535e-06	-1.466831e-08	-5.688257e+01	-8.693832e+02
3.300000e-06	-8.155492e-06	-1.467544e-08	-5.691018e+01	-8.694299e+02
3.310000e-06	-8.156732e-06	-1.467798e-08	-5.691883e+01	-8.693694e+02
