# Temperatura_=_68.77
# Concentracion g/m^3_=_11780.0
# C_Vs_to_Am_M_A/Vsm_=_59384043850.047264
# pendiente_HvsI_1/m_=_3716.3
# ordenada_HvsI_A/m_=_1297.0
# frecuencia_Hz_=_301542.90195674694

Tiempo_(s)	Campo_(V.s)	Magnetizacion_(V.s)	Campo_(kA/m)	Magnetizacion_(A/m)
0.000000e+00	-8.102387e-06	-1.471017e-08	-5.691538e+01	-8.729233e+02
1.000000e-08	-8.099487e-06	-1.470357e-08	-5.689502e+01	-8.727244e+02
2.000000e-08	-8.093922e-06	-1.469550e-08	-5.685592e+01	-8.724215e+02
3.000000e-08	-8.085705e-06	-1.468703e-08	-5.679820e+01	-8.720279e+02
4.000000e-08	-8.074658e-06	-1.467951e-08	-5.672060e+01	-8.715521e+02
5.000000e-08	-8.060664e-06	-1.467123e-08	-5.662230e+01	-8.709943e+02
6.000000e-08	-8.043749e-06	-1.466467e-08	-5.650348e+01	-8.703458e+02
7.000000e-08	-8.024261e-06	-1.465568e-08	-5.636659e+01	-8.695932e+02
8.000000e-08	-8.002278e-06	-1.461613e-08	-5.621217e+01	-8.687233e+02
9.000000e-08	-7.977131e-06	-1.458103e-08	-5.603552e+01	-8.677299e+02
1.000000e-07	-7.948628e-06	-1.458121e-08	-5.583530e+01	-8.666166e+02
1.100000e-07	-7.917228e-06	-1.458677e-08	-5.561473e+01	-8.653968e+02
1.200000e-07	-7.883096e-06	-1.457049e-08	-5.537497e+01	-8.640887e+02
1.300000e-07	-7.846431e-06	-1.453408e-08	-5.511742e+01	-8.627088e+02
1.400000e-07	-7.807714e-06	-1.452848e-08	-5.484545e+01	-8.612649e+02
1.500000e-07	-7.766722e-06	-1.451644e-08	-5.455750e+01	-8.597526e+02
1.600000e-07	-7.722838e-06	-1.447892e-08	-5.424923e+01	-8.581560e+02
1.700000e-07	-7.676163e-06	-1.442144e-08	-5.392136e+01	-8.564526e+02
1.800000e-07	-7.626657e-06	-1.436548e-08	-5.357361e+01	-8.546208e+02
1.900000e-07	-7.573958e-06	-1.436564e-08	-5.320342e+01	-8.526472e+02
2.000000e-07	-7.518405e-06	-1.434299e-08	-5.281319e+01	-8.505310e+02
2.100000e-07	-7.460197e-06	-1.429752e-08	-5.240430e+01	-8.482835e+02
2.200000e-07	-7.399292e-06	-1.425354e-08	-5.197648e+01	-8.459238e+02
2.300000e-07	-7.335794e-06	-1.420973e-08	-5.153044e+01	-8.434713e+02
2.400000e-07	-7.269531e-06	-1.419239e-08	-5.106497e+01	-8.409378e+02
2.500000e-07	-7.200551e-06	-1.413089e-08	-5.058042e+01	-8.383235e+02
2.600000e-07	-7.128933e-06	-1.405456e-08	-5.007734e+01	-8.356162e+02
2.700000e-07	-7.054537e-06	-1.401327e-08	-4.955474e+01	-8.327961e+02
2.800000e-07	-6.977390e-06	-1.400047e-08	-4.901282e+01	-8.298422e+02
2.900000e-07	-6.897487e-06	-1.394992e-08	-4.845154e+01	-8.267397e+02
3.000000e-07	-6.815054e-06	-1.385777e-08	-4.787249e+01	-8.234851e+02
3.100000e-07	-6.730401e-06	-1.381539e-08	-4.727784e+01	-8.200861e+02
3.200000e-07	-6.643466e-06	-1.377338e-08	-4.666716e+01	-8.165591e+02
3.300000e-07	-6.554130e-06	-1.370909e-08	-4.603962e+01	-8.129222e+02
3.400000e-07	-6.462493e-06	-1.362671e-08	-4.539592e+01	-8.091885e+02
3.500000e-07	-6.368624e-06	-1.355948e-08	-4.473653e+01	-8.053621e+02
3.600000e-07	-6.272357e-06	-1.351304e-08	-4.406030e+01	-8.014360e+02
3.700000e-07	-6.173710e-06	-1.344556e-08	-4.336736e+01	-7.973955e+02
3.800000e-07	-6.072894e-06	-1.336106e-08	-4.265917e+01	-7.932227e+02
3.900000e-07	-5.969938e-06	-1.327709e-08	-4.193595e+01	-7.889026e+02
4.000000e-07	-5.864759e-06	-1.322287e-08	-4.119712e+01	-7.844274e+02
4.100000e-07	-5.757425e-06	-1.315638e-08	-4.044315e+01	-7.797972e+02
4.200000e-07	-5.648151e-06	-1.306500e-08	-3.967555e+01	-7.750189e+02
4.300000e-07	-5.536948e-06	-1.297182e-08	-3.889441e+01	-7.701016e+02
4.400000e-07	-5.423549e-06	-1.289622e-08	-3.809783e+01	-7.650521e+02
4.500000e-07	-5.307899e-06	-1.282056e-08	-3.728545e+01	-7.598721e+02
4.600000e-07	-5.190200e-06	-1.272058e-08	-3.645867e+01	-7.545565e+02
4.700000e-07	-5.070634e-06	-1.261820e-08	-3.561877e+01	-7.490956e+02
4.800000e-07	-4.949209e-06	-1.253022e-08	-3.476582e+01	-7.434786e+02
4.900000e-07	-4.825938e-06	-1.244661e-08	-3.389990e+01	-7.376969e+02
5.000000e-07	-4.700967e-06	-1.233905e-08	-3.302204e+01	-7.317468e+02
5.100000e-07	-4.574476e-06	-1.222524e-08	-3.213350e+01	-7.256303e+02
5.200000e-07	-4.446399e-06	-1.212374e-08	-3.123382e+01	-7.193527e+02
5.300000e-07	-4.316599e-06	-1.202508e-08	-3.032204e+01	-7.129196e+02
5.400000e-07	-4.185130e-06	-1.190933e-08	-2.939853e+01	-7.063330e+02
5.500000e-07	-4.052157e-06	-1.178376e-08	-2.846446e+01	-6.995891e+02
5.600000e-07	-3.917813e-06	-1.167099e-08	-2.752076e+01	-6.926778e+02
5.700000e-07	-3.782024e-06	-1.156242e-08	-2.656690e+01	-6.855839e+02
5.800000e-07	-3.644796e-06	-1.143931e-08	-2.560294e+01	-6.782909e+02
5.900000e-07	-3.506171e-06	-1.130168e-08	-2.462917e+01	-6.707846e+02
6.000000e-07	-3.366147e-06	-1.117340e-08	-2.364557e+01	-6.630561e+02
6.100000e-07	-3.224687e-06	-1.104936e-08	-2.265188e+01	-6.551031e+02
6.200000e-07	-3.081871e-06	-1.091127e-08	-2.164866e+01	-6.469289e+02
6.300000e-07	-2.937906e-06	-1.075974e-08	-2.063738e+01	-6.385393e+02
6.400000e-07	-2.792922e-06	-1.061268e-08	-1.961894e+01	-6.299393e+02
6.500000e-07	-2.646938e-06	-1.047183e-08	-1.859347e+01	-6.211289e+02
6.600000e-07	-2.500092e-06	-1.032199e-08	-1.756195e+01	-6.121008e+02
6.700000e-07	-2.352486e-06	-1.016170e-08	-1.652509e+01	-6.028398e+02
6.800000e-07	-2.204083e-06	-1.000050e-08	-1.548263e+01	-5.933250e+02
6.900000e-07	-2.054921e-06	-9.842808e-09	-1.443484e+01	-5.835323e+02
7.000000e-07	-1.905091e-06	-9.674842e-09	-1.338235e+01	-5.734396e+02
7.100000e-07	-1.754679e-06	-9.492938e-09	-1.232578e+01	-5.630297e+02
7.200000e-07	-1.603634e-06	-9.306157e-09	-1.126476e+01	-5.522923e+02
7.300000e-07	-1.451921e-06	-9.124150e-09	-1.019905e+01	-5.412244e+02
7.400000e-07	-1.299612e-06	-8.936588e-09	-9.129154e+00	-5.298270e+02
7.500000e-07	-1.146742e-06	-8.735877e-09	-8.055312e+00	-5.181009e+02
7.600000e-07	-9.934178e-07	-8.529811e-09	-6.978284e+00	-5.060406e+02
7.700000e-07	-8.397544e-07	-8.324179e-09	-5.898872e+00	-4.936296e+02
7.800000e-07	-6.857662e-07	-8.113755e-09	-4.817179e+00	-4.808365e+02
7.900000e-07	-5.315411e-07	-7.887923e-09	-3.733822e+00	-4.676142e+02
8.000000e-07	-3.771144e-07	-7.653026e-09	-2.649048e+00	-4.539019e+02
8.100000e-07	-2.225163e-07	-7.414718e-09	-1.563071e+00	-4.396298e+02
8.200000e-07	-6.785052e-08	-7.168610e-09	-4.766174e-01	-4.247255e+02
8.300000e-07	8.679903e-08	-6.904834e-09	6.097215e-01	-4.091207e+02
8.400000e-07	2.413986e-07	-6.622844e-09	1.695709e+00	-3.927574e+02
8.500000e-07	3.958869e-07	-6.331397e-09	2.780915e+00	-3.755913e+02
8.600000e-07	5.502186e-07	-6.030371e-09	3.865022e+00	-3.575926e+02
8.700000e-07	7.043530e-07	-5.711773e-09	4.947742e+00	-3.387428e+02
8.800000e-07	8.582239e-07	-5.375203e-09	6.028612e+00	-3.190295e+02
8.900000e-07	1.011799e-06	-5.028444e-09	7.107403e+00	-2.984371e+02
9.000000e-07	1.164966e-06	-4.672181e-09	8.183328e+00	-2.769375e+02
9.100000e-07	1.317659e-06	-4.297683e-09	9.255924e+00	-2.544798e+02
9.200000e-07	1.469862e-06	-3.897961e-09	1.032507e+01	-2.309831e+02
9.300000e-07	1.621434e-06	-3.479014e-09	1.138980e+01	-2.063324e+02
9.400000e-07	1.772349e-06	-3.041393e-09	1.244990e+01	-1.803814e+02
9.500000e-07	1.922598e-06	-2.576722e-09	1.350533e+01	-1.529620e+02
9.600000e-07	2.072171e-06	-2.082120e-09	1.455601e+01	-1.239022e+02
9.700000e-07	2.221056e-06	-1.559336e-09	1.560185e+01	-9.305036e+01
9.800000e-07	2.369159e-06	-1.008580e-09	1.664221e+01	-6.030343e+01
9.900000e-07	2.516477e-06	-4.248221e-10	1.767704e+01	-2.563481e+01
1.000000e-06	2.662947e-06	1.933527e-10	1.870592e+01	1.088311e+01
1.010000e-06	2.808546e-06	8.400281e-10	1.972869e+01	4.906644e+01
1.020000e-06	2.953151e-06	1.507563e-09	2.074447e+01	8.862077e+01
1.030000e-06	3.096578e-06	2.191703e-09	2.175198e+01	1.291564e+02
1.040000e-06	3.238833e-06	2.888809e-09	2.275125e+01	1.702163e+02
1.050000e-06	3.379892e-06	3.587674e-09	2.374212e+01	2.113119e+02
1.060000e-06	3.519656e-06	4.273734e-09	2.472390e+01	2.519612e+02
1.070000e-06	3.658032e-06	4.940469e-09	2.569592e+01	2.917234e+02
1.080000e-06	3.794981e-06	5.585238e-09	2.665792e+01	3.302240e+02
1.090000e-06	3.930464e-06	6.206077e-09	2.760963e+01	3.671691e+02
1.100000e-06	4.064503e-06	6.797338e-09	2.855119e+01	4.023483e+02
1.110000e-06	4.197149e-06	7.357614e-09	2.948296e+01	4.356288e+02
1.120000e-06	4.328356e-06	7.891014e-09	3.040463e+01	4.669443e+02
1.130000e-06	4.458064e-06	8.393516e-09	3.131576e+01	4.962821e+02
1.140000e-06	4.586108e-06	8.857035e-09	3.221521e+01	5.236722e+02
1.150000e-06	4.712456e-06	9.282144e-09	3.310275e+01	5.491780e+02
1.160000e-06	4.837240e-06	9.674804e-09	3.397929e+01	5.728885e+02
1.170000e-06	4.960366e-06	1.004098e-08	3.484419e+01	5.949117e+02
1.180000e-06	5.081743e-06	1.038107e-08	3.569681e+01	6.153667e+02
1.190000e-06	5.201209e-06	1.069757e-08	3.653600e+01	6.343755e+02
1.200000e-06	5.318651e-06	1.099743e-08	3.736097e+01	6.520542e+02
1.210000e-06	5.434122e-06	1.128076e-08	3.817210e+01	6.685059e+02
1.220000e-06	5.547496e-06	1.154312e-08	3.896850e+01	6.838175e+02
1.230000e-06	5.658723e-06	1.178225e-08	3.974982e+01	6.980603e+02
1.240000e-06	5.768001e-06	1.200207e-08	4.051744e+01	7.112945e+02
1.250000e-06	5.875355e-06	1.220510e-08	4.127155e+01	7.235766e+02
1.260000e-06	5.980590e-06	1.239334e-08	4.201078e+01	7.349657e+02
1.270000e-06	6.083606e-06	1.256815e-08	4.273442e+01	7.455271e+02
1.280000e-06	6.184451e-06	1.273146e-08	4.344281e+01	7.553320e+02
1.290000e-06	6.283070e-06	1.288671e-08	4.413556e+01	7.644522e+02
1.300000e-06	6.379312e-06	1.303253e-08	4.481161e+01	7.729536e+02
1.310000e-06	6.473310e-06	1.316585e-08	4.547190e+01	7.808895e+02
1.320000e-06	6.565117e-06	1.328830e-08	4.611680e+01	7.882981e+02
1.330000e-06	6.654571e-06	1.340351e-08	4.674517e+01	7.952035e+02
1.340000e-06	6.741614e-06	1.351106e-08	4.735661e+01	8.016226e+02
1.350000e-06	6.826395e-06	1.360873e-08	4.795215e+01	8.075730e+02
1.360000e-06	6.908877e-06	1.369784e-08	4.853155e+01	8.130809e+02
1.370000e-06	6.988828e-06	1.378116e-08	4.909317e+01	8.181848e+02
1.380000e-06	7.066222e-06	1.386167e-08	4.963682e+01	8.229337e+02
1.390000e-06	7.140983e-06	1.393857e-08	5.016198e+01	8.273809e+02
1.400000e-06	7.213046e-06	1.400800e-08	5.066819e+01	8.315748e+02
1.410000e-06	7.282575e-06	1.407293e-08	5.115660e+01	8.355500e+02
1.420000e-06	7.349544e-06	1.413823e-08	5.162702e+01	8.393226e+02
1.430000e-06	7.413813e-06	1.419945e-08	5.207848e+01	8.428911e+02
1.440000e-06	7.475534e-06	1.425404e-08	5.251204e+01	8.462421e+02
1.450000e-06	7.534715e-06	1.430258e-08	5.292776e+01	8.493600e+02
1.460000e-06	7.591168e-06	1.434877e-08	5.332432e+01	8.522356e+02
1.470000e-06	7.644757e-06	1.439398e-08	5.370076e+01	8.548718e+02
1.480000e-06	7.695233e-06	1.443465e-08	5.405532e+01	8.572846e+02
1.490000e-06	7.742631e-06	1.447241e-08	5.438827e+01	8.594987e+02
1.500000e-06	7.787306e-06	1.450791e-08	5.470209e+01	8.615399e+02
1.510000e-06	7.829259e-06	1.453980e-08	5.499679e+01	8.634282e+02
1.520000e-06	7.868379e-06	1.456695e-08	5.527159e+01	8.651725e+02
1.530000e-06	7.904796e-06	1.458981e-08	5.552740e+01	8.667715e+02
1.540000e-06	7.938415e-06	1.461092e-08	5.576356e+01	8.682166e+02
1.550000e-06	7.969205e-06	1.463372e-08	5.597985e+01	8.694991e+02
1.560000e-06	7.997314e-06	1.465468e-08	5.617729e+01	8.706160e+02
1.570000e-06	8.022541e-06	1.467089e-08	5.635451e+01	8.715730e+02
1.580000e-06	8.044890e-06	1.468453e-08	5.651150e+01	8.723843e+02
1.590000e-06	8.064615e-06	1.469577e-08	5.665006e+01	8.730678e+02
1.600000e-06	8.081514e-06	1.470212e-08	5.676876e+01	8.736398e+02
1.610000e-06	8.095349e-06	1.470474e-08	5.686594e+01	8.741095e+02
1.620000e-06	8.105999e-06	1.470724e-08	5.694076e+01	8.744777e+02
1.630000e-06	8.113567e-06	1.471179e-08	5.699392e+01	8.747375e+02
1.640000e-06	8.118381e-06	1.471749e-08	5.702773e+01	8.748801e+02
1.650000e-06	8.120341e-06	1.471827e-08	5.704150e+01	8.748990e+02
1.660000e-06	8.119453e-06	1.471759e-08	5.703527e+01	8.747949e+02
1.670000e-06	8.115990e-06	1.471582e-08	5.701094e+01	8.745762e+02
1.680000e-06	8.109883e-06	1.471122e-08	5.696804e+01	8.742560e+02
1.690000e-06	8.101062e-06	1.470101e-08	5.690608e+01	8.738470e+02
1.700000e-06	8.089517e-06	1.468751e-08	5.682498e+01	8.733566e+02
1.710000e-06	8.075121e-06	1.467516e-08	5.672385e+01	8.727832e+02
1.720000e-06	8.058092e-06	1.466276e-08	5.660423e+01	8.721171e+02
1.730000e-06	8.038789e-06	1.467282e-08	5.646864e+01	8.713441e+02
1.740000e-06	8.016780e-06	1.469134e-08	5.631404e+01	8.704521e+02
1.750000e-06	7.991298e-06	1.465900e-08	5.613504e+01	8.694364e+02
1.760000e-06	7.962128e-06	1.460958e-08	5.593013e+01	8.683027e+02
1.770000e-06	7.929749e-06	1.458189e-08	5.570268e+01	8.670656e+02
1.780000e-06	7.894875e-06	1.455894e-08	5.545771e+01	8.657434e+02
1.790000e-06	7.857580e-06	1.451641e-08	5.519573e+01	8.643515e+02
1.800000e-06	7.818058e-06	1.450500e-08	5.491811e+01	8.628959e+02
1.810000e-06	7.776347e-06	1.447538e-08	5.462511e+01	8.613698e+02
1.820000e-06	7.731980e-06	1.445658e-08	5.431345e+01	8.597556e+02
1.830000e-06	7.684978e-06	1.446958e-08	5.398328e+01	8.580305e+02
1.840000e-06	7.635064e-06	1.441053e-08	5.363266e+01	8.561738e+02
1.850000e-06	7.582058e-06	1.438660e-08	5.326032e+01	8.541742e+02
1.860000e-06	7.526210e-06	1.432584e-08	5.286801e+01	8.520331e+02
1.870000e-06	7.467664e-06	1.428608e-08	5.245676e+01	8.497639e+02
1.880000e-06	7.406543e-06	1.426810e-08	5.202741e+01	8.473861e+02
1.890000e-06	7.342628e-06	1.419844e-08	5.157844e+01	8.449183e+02
1.900000e-06	7.275946e-06	1.418516e-08	5.111003e+01	8.423706e+02
1.910000e-06	7.206445e-06	1.414657e-08	5.062182e+01	8.397406e+02
1.920000e-06	7.134132e-06	1.410792e-08	5.011386e+01	8.370146e+02
1.930000e-06	7.059286e-06	1.402583e-08	4.958810e+01	8.341718e+02
1.940000e-06	6.981634e-06	1.396522e-08	4.904263e+01	8.311919e+02
1.950000e-06	6.901316e-06	1.394265e-08	4.847844e+01	8.280619e+02
1.960000e-06	6.818619e-06	1.386870e-08	4.789753e+01	8.247804e+02
1.970000e-06	6.733424e-06	1.382922e-08	4.729907e+01	8.213570e+02
1.980000e-06	6.645736e-06	1.376061e-08	4.668311e+01	8.178089e+02
1.990000e-06	6.555740e-06	1.370864e-08	4.605093e+01	8.141537e+02
2.000000e-06	6.463576e-06	1.363752e-08	4.540352e+01	8.104033e+02
2.010000e-06	6.369071e-06	1.355838e-08	4.473967e+01	8.065596e+02
2.020000e-06	6.272295e-06	1.350145e-08	4.405987e+01	8.026141e+02
2.030000e-06	6.173325e-06	1.343258e-08	4.336465e+01	7.985510e+02
2.040000e-06	6.072021e-06	1.337957e-08	4.265304e+01	7.943526e+02
2.050000e-06	5.968428e-06	1.329138e-08	4.192534e+01	7.900050e+02
2.060000e-06	5.862745e-06	1.321596e-08	4.118298e+01	7.855016e+02
2.070000e-06	5.755104e-06	1.312986e-08	4.042684e+01	7.808442e+02
2.080000e-06	5.645392e-06	1.305545e-08	3.965617e+01	7.760401e+02
2.090000e-06	5.533586e-06	1.297188e-08	3.887079e+01	7.710986e+02
2.100000e-06	5.419691e-06	1.288000e-08	3.807073e+01	7.660257e+02
2.110000e-06	5.303706e-06	1.279700e-08	3.725599e+01	7.608217e+02
2.120000e-06	5.185576e-06	1.270694e-08	3.642619e+01	7.554807e+02
2.130000e-06	5.065430e-06	1.261620e-08	3.558222e+01	7.499926e+02
2.140000e-06	4.943533e-06	1.251181e-08	3.472595e+01	7.443464e+02
2.150000e-06	4.819909e-06	1.242326e-08	3.385755e+01	7.385345e+02
2.160000e-06	4.694457e-06	1.232412e-08	3.297631e+01	7.325543e+02
2.170000e-06	4.567258e-06	1.222570e-08	3.208280e+01	7.264083e+02
2.180000e-06	4.438494e-06	1.211132e-08	3.117829e+01	7.201023e+02
2.190000e-06	4.308247e-06	1.200316e-08	3.026337e+01	7.136416e+02
2.200000e-06	4.176506e-06	1.189360e-08	2.933795e+01	7.070271e+02
2.210000e-06	4.043170e-06	1.177793e-08	2.840133e+01	7.002541e+02
2.220000e-06	3.908323e-06	1.165960e-08	2.745409e+01	6.933111e+02
2.230000e-06	3.772063e-06	1.153897e-08	2.649693e+01	6.861826e+02
2.240000e-06	3.634485e-06	1.142430e-08	2.553051e+01	6.788522e+02
2.250000e-06	3.495589e-06	1.129573e-08	2.455484e+01	6.713065e+02
2.260000e-06	3.355270e-06	1.116517e-08	2.356916e+01	6.635377e+02
2.270000e-06	3.213596e-06	1.102646e-08	2.257397e+01	6.555446e+02
2.280000e-06	3.070725e-06	1.089246e-08	2.157037e+01	6.473312e+02
2.290000e-06	2.926782e-06	1.074980e-08	2.055924e+01	6.389036e+02
2.300000e-06	2.781807e-06	1.060250e-08	1.954086e+01	6.302660e+02
2.310000e-06	2.635882e-06	1.045147e-08	1.851581e+01	6.214172e+02
2.320000e-06	2.489154e-06	1.030009e-08	1.748512e+01	6.123486e+02
2.330000e-06	2.341589e-06	1.014644e-08	1.644854e+01	6.030438e+02
2.340000e-06	2.193109e-06	9.985006e-09	1.540554e+01	5.934808e+02
2.350000e-06	2.043793e-06	9.818679e-09	1.435667e+01	5.836359e+02
2.360000e-06	1.893713e-06	9.646814e-09	1.330243e+01	5.734874e+02
2.370000e-06	1.742958e-06	9.472601e-09	1.224344e+01	5.630193e+02
2.380000e-06	1.591603e-06	9.288702e-09	1.118025e+01	5.522227e+02
2.390000e-06	1.439685e-06	9.100748e-09	1.011309e+01	5.410956e+02
2.400000e-06	1.287269e-06	8.908262e-09	9.042448e+00	5.296393e+02
2.410000e-06	1.134417e-06	8.712898e-09	7.968735e+00	5.178540e+02
2.420000e-06	9.811692e-07	8.509375e-09	6.892243e+00	5.057324e+02
2.430000e-06	8.275701e-07	8.300682e-09	5.813283e+00	4.932558e+02
2.440000e-06	6.737824e-07	8.085130e-09	4.732998e+00	4.803897e+02
2.450000e-06	5.198309e-07	7.860183e-09	3.651563e+00	4.670845e+02
2.460000e-06	3.656333e-07	7.623886e-09	2.568398e+00	4.532773e+02
2.470000e-06	2.112899e-07	7.379276e-09	1.484210e+00	4.388973e+02
2.480000e-06	5.692553e-08	7.126287e-09	3.998745e-01	4.238724e+02
2.490000e-06	-9.742688e-08	6.862544e-09	-6.843771e-01	4.081359e+02
2.500000e-06	-2.517492e-07	6.588637e-09	-1.768417e+00	3.916318e+02
2.510000e-06	-4.060038e-07	6.300616e-09	-2.851982e+00	3.743186e+02
2.520000e-06	-5.600947e-07	5.999203e-09	-3.934397e+00	3.561688e+02
2.530000e-06	-7.139431e-07	5.678817e-09	-5.015108e+00	3.371655e+02
2.540000e-06	-8.675554e-07	5.341310e-09	-6.094161e+00	3.172963e+02
2.550000e-06	-1.020877e-06	4.988356e-09	-7.171169e+00	2.965443e+02
2.560000e-06	-1.173864e-06	4.621989e-09	-8.245830e+00	2.748779e+02
2.570000e-06	-1.326443e-06	4.240660e-09	-9.317623e+00	2.522413e+02
2.580000e-06	-1.478513e-06	3.844158e-09	-1.038584e+01	2.285477e+02
2.590000e-06	-1.630066e-06	3.430129e-09	-1.145043e+01	2.036762e+02
2.600000e-06	-1.781038e-06	2.992205e-09	-1.251094e+01	1.774754e+02
2.610000e-06	-1.931324e-06	2.526525e-09	-1.356662e+01	1.497752e+02
2.620000e-06	-2.080901e-06	2.031679e-09	-1.461733e+01	1.204053e+02
2.630000e-06	-2.229754e-06	1.507652e-09	-1.566295e+01	8.922052e+01
2.640000e-06	-2.377785e-06	9.535576e-10	-1.670280e+01	5.612955e+01
2.650000e-06	-2.524851e-06	3.667231e-10	-1.773586e+01	2.112204e+01
2.660000e-06	-2.670996e-06	-2.504040e-10	-1.876247e+01	-1.571026e+01
2.670000e-06	-2.816304e-06	-8.917744e-10	-1.978318e+01	-5.416326e+01
2.680000e-06	-2.960635e-06	-1.555988e-09	-2.079704e+01	-9.392400e+01
2.690000e-06	-3.103888e-06	-2.238725e-09	-2.180332e+01	-1.345885e+02
2.700000e-06	-3.245969e-06	-2.930211e-09	-2.280137e+01	-1.756911e+02
2.710000e-06	-3.386766e-06	-3.618457e-09	-2.379041e+01	-2.167418e+02
2.720000e-06	-3.526200e-06	-4.297500e-09	-2.476987e+01	-2.572636e+02
2.730000e-06	-3.664261e-06	-4.963127e-09	-2.573967e+01	-2.968259e+02
2.740000e-06	-3.800989e-06	-5.610275e-09	-2.670012e+01	-3.350681e+02
2.750000e-06	-3.936348e-06	-6.227688e-09	-2.765096e+01	-3.717112e+02
2.760000e-06	-4.070312e-06	-6.810902e-09	-2.859199e+01	-4.065593e+02
2.770000e-06	-4.202815e-06	-7.362881e-09	-2.952276e+01	-4.394923e+02
2.780000e-06	-4.333769e-06	-7.882735e-09	-3.044265e+01	-4.704543e+02
2.790000e-06	-4.463236e-06	-8.370049e-09	-3.135209e+01	-4.994413e+02
2.800000e-06	-4.591221e-06	-8.824464e-09	-3.225113e+01	-5.264897e+02
2.810000e-06	-4.717587e-06	-9.249114e-09	-3.313878e+01	-5.516680e+02
2.820000e-06	-4.842202e-06	-9.647828e-09	-3.401415e+01	-5.750690e+02
2.830000e-06	-4.965036e-06	-1.001840e-08	-3.487700e+01	-5.968035e+02
2.840000e-06	-5.086133e-06	-1.035998e-08	-3.572765e+01	-6.169916e+02
2.850000e-06	-5.205368e-06	-1.067854e-08	-3.656521e+01	-6.357549e+02
2.860000e-06	-5.322487e-06	-1.097438e-08	-3.738792e+01	-6.532075e+02
2.870000e-06	-5.437428e-06	-1.124715e-08	-3.819533e+01	-6.694500e+02
2.880000e-06	-5.550220e-06	-1.149848e-08	-3.898764e+01	-6.845662e+02
2.890000e-06	-5.660806e-06	-1.173285e-08	-3.976445e+01	-6.986248e+02
2.900000e-06	-5.769357e-06	-1.195489e-08	-4.052697e+01	-7.116851e+02
2.910000e-06	-5.876071e-06	-1.216210e-08	-4.127658e+01	-7.238035e+02
2.920000e-06	-5.980754e-06	-1.235198e-08	-4.201193e+01	-7.350400e+02
2.930000e-06	-6.083249e-06	-1.252821e-08	-4.273190e+01	-7.454613e+02
2.940000e-06	-6.183501e-06	-1.269473e-08	-4.343613e+01	-7.551389e+02
2.950000e-06	-6.281607e-06	-1.284912e-08	-4.412527e+01	-7.641443e+02
2.960000e-06	-6.377632e-06	-1.298911e-08	-4.479981e+01	-7.725414e+02
2.970000e-06	-6.471335e-06	-1.311851e-08	-4.545802e+01	-7.803811e+02
2.980000e-06	-6.562679e-06	-1.324250e-08	-4.609967e+01	-7.876986e+02
2.990000e-06	-6.651828e-06	-1.335991e-08	-4.672590e+01	-7.945162e+02
3.000000e-06	-6.738661e-06	-1.346827e-08	-4.733586e+01	-8.008504e+02
3.010000e-06	-6.823010e-06	-1.356825e-08	-4.792837e+01	-8.067198e+02
3.020000e-06	-6.904969e-06	-1.366269e-08	-4.850410e+01	-8.121526e+02
3.030000e-06	-6.984529e-06	-1.375006e-08	-4.906297e+01	-8.171894e+02
3.040000e-06	-7.061395e-06	-1.382813e-08	-4.960291e+01	-8.218808e+02
3.050000e-06	-7.135487e-06	-1.390003e-08	-5.012337e+01	-8.262798e+02
3.060000e-06	-7.206965e-06	-1.397026e-08	-5.062547e+01	-8.304328e+02
3.070000e-06	-7.275879e-06	-1.403913e-08	-5.110956e+01	-8.343714e+02
3.080000e-06	-7.342264e-06	-1.410343e-08	-5.157589e+01	-8.381084e+02
3.090000e-06	-7.406118e-06	-1.416204e-08	-5.202443e+01	-8.416394e+02
3.100000e-06	-7.467291e-06	-1.421797e-08	-5.245414e+01	-8.449501e+02
3.110000e-06	-7.525752e-06	-1.427203e-08	-5.286480e+01	-8.480254e+02
3.120000e-06	-7.581519e-06	-1.431868e-08	-5.325653e+01	-8.508578e+02
3.130000e-06	-7.634372e-06	-1.435920e-08	-5.362780e+01	-8.534528e+02
3.140000e-06	-7.684116e-06	-1.439958e-08	-5.397723e+01	-8.558284e+02
3.150000e-06	-7.730872e-06	-1.444137e-08	-5.430567e+01	-8.580101e+02
3.160000e-06	-7.775032e-06	-1.447843e-08	-5.461587e+01	-8.600230e+02
3.170000e-06	-7.816721e-06	-1.450830e-08	-5.490872e+01	-8.618854e+02
3.180000e-06	-7.855687e-06	-1.453561e-08	-5.518243e+01	-8.636045e+02
3.190000e-06	-7.891797e-06	-1.456335e-08	-5.543609e+01	-8.651769e+02
3.200000e-06	-7.925185e-06	-1.458752e-08	-5.567063e+01	-8.665937e+02
3.210000e-06	-7.955783e-06	-1.460725e-08	-5.588556e+01	-8.678469e+02
3.220000e-06	-7.983469e-06	-1.462650e-08	-5.608004e+01	-8.689347e+02
3.230000e-06	-8.008383e-06	-1.464664e-08	-5.625505e+01	-8.698648e+02
3.240000e-06	-8.030467e-06	-1.466473e-08	-5.641018e+01	-8.706521e+02
3.250000e-06	-8.049661e-06	-1.467494e-08	-5.654501e+01	-8.713149e+02
3.260000e-06	-8.066034e-06	-1.468199e-08	-5.666002e+01	-8.718684e+02
3.270000e-06	-8.079335e-06	-1.469180e-08	-5.675345e+01	-8.723205e+02
3.280000e-06	-8.089551e-06	-1.470118e-08	-5.682522e+01	-8.726701e+02
3.290000e-06	-8.096892e-06	-1.470442e-08	-5.687678e+01	-8.729099e+02
3.300000e-06	-8.101347e-06	-1.470657e-08	-5.690808e+01	-8.730309e+02
3.310000e-06	-8.103006e-06	-1.471182e-08	-5.691973e+01	-8.730278e+02
