# Temperatura_=_54.48
# Concentracion g/m^3_=_11780.0
# C_Vs_to_Am_M_A/Vsm_=_59384043850.047264
# pendiente_HvsI_1/m_=_3716.3
# ordenada_HvsI_A/m_=_1297.0
# frecuencia_Hz_=_301542.49034432275

Tiempo_(s)	Campo_(V.s)	Magnetizacion_(V.s)	Campo_(kA/m)	Magnetizacion_(A/m)
0.000000e+00	-8.113542e-06	-1.430683e-08	-5.691706e+01	-8.481250e+02
1.000000e-08	-8.110715e-06	-1.430077e-08	-5.689723e+01	-8.479880e+02
2.000000e-08	-8.105156e-06	-1.429540e-08	-5.685823e+01	-8.477685e+02
3.000000e-08	-8.096991e-06	-1.428940e-08	-5.680096e+01	-8.474574e+02
4.000000e-08	-8.085975e-06	-1.428030e-08	-5.672368e+01	-8.470403e+02
5.000000e-08	-8.072015e-06	-1.426748e-08	-5.662575e+01	-8.465035e+02
6.000000e-08	-8.055174e-06	-1.425968e-08	-5.650761e+01	-8.458387e+02
7.000000e-08	-8.035783e-06	-1.425568e-08	-5.637158e+01	-8.450477e+02
8.000000e-08	-8.013919e-06	-1.421453e-08	-5.621820e+01	-8.441430e+02
9.000000e-08	-7.988865e-06	-1.416737e-08	-5.604245e+01	-8.431447e+02
1.000000e-07	-7.960432e-06	-1.416982e-08	-5.584299e+01	-8.420745e+02
1.100000e-07	-7.929096e-06	-1.418656e-08	-5.562316e+01	-8.409489e+02
1.200000e-07	-7.895020e-06	-1.417256e-08	-5.538412e+01	-8.397739e+02
1.300000e-07	-7.858421e-06	-1.412934e-08	-5.512737e+01	-8.385432e+02
1.400000e-07	-7.819680e-06	-1.413107e-08	-5.485560e+01	-8.372403e+02
1.500000e-07	-7.778636e-06	-1.412745e-08	-5.456768e+01	-8.358440e+02
1.600000e-07	-7.734777e-06	-1.407375e-08	-5.426000e+01	-8.343353e+02
1.700000e-07	-7.688119e-06	-1.402948e-08	-5.393269e+01	-8.327030e+02
1.800000e-07	-7.638585e-06	-1.395917e-08	-5.358521e+01	-8.309462e+02
1.900000e-07	-7.585871e-06	-1.396277e-08	-5.321541e+01	-8.290726e+02
2.000000e-07	-7.530285e-06	-1.396540e-08	-5.282548e+01	-8.270951e+02
2.100000e-07	-7.471985e-06	-1.390206e-08	-5.241649e+01	-8.250251e+02
2.200000e-07	-7.411030e-06	-1.386296e-08	-5.198889e+01	-8.228686e+02
2.300000e-07	-7.347506e-06	-1.381861e-08	-5.154327e+01	-8.206238e+02
2.400000e-07	-7.281197e-06	-1.381015e-08	-5.107810e+01	-8.182826e+02
2.500000e-07	-7.212146e-06	-1.374626e-08	-5.059371e+01	-8.158336e+02
2.600000e-07	-7.140444e-06	-1.366605e-08	-5.009071e+01	-8.132671e+02
2.700000e-07	-7.066004e-06	-1.363719e-08	-4.956851e+01	-8.105782e+02
2.800000e-07	-6.988769e-06	-1.363409e-08	-4.902670e+01	-8.077677e+02
2.900000e-07	-6.908804e-06	-1.358674e-08	-4.846574e+01	-8.048407e+02
3.000000e-07	-6.826359e-06	-1.347941e-08	-4.788739e+01	-8.018031e+02
3.100000e-07	-6.741644e-06	-1.344356e-08	-4.729310e+01	-7.986585e+02
3.200000e-07	-6.654608e-06	-1.341195e-08	-4.668254e+01	-7.954055e+02
3.300000e-07	-6.565242e-06	-1.334689e-08	-4.605563e+01	-7.920386e+02
3.400000e-07	-6.473586e-06	-1.326886e-08	-4.541266e+01	-7.885502e+02
3.500000e-07	-6.379580e-06	-1.321077e-08	-4.475320e+01	-7.849337e+02
3.600000e-07	-6.283262e-06	-1.317557e-08	-4.407752e+01	-7.811862e+02
3.700000e-07	-6.184599e-06	-1.311049e-08	-4.338540e+01	-7.773096e+02
3.800000e-07	-6.083683e-06	-1.302118e-08	-4.267746e+01	-7.733091e+02
3.900000e-07	-5.980638e-06	-1.293412e-08	-4.195460e+01	-7.691897e+02
4.000000e-07	-5.875415e-06	-1.288647e-08	-4.121645e+01	-7.649530e+02
4.100000e-07	-5.768051e-06	-1.282556e-08	-4.046328e+01	-7.605949e+02
4.200000e-07	-5.658672e-06	-1.273282e-08	-3.969598e+01	-7.561055e+02
4.300000e-07	-5.547286e-06	-1.264616e-08	-3.891460e+01	-7.514722e+02
4.400000e-07	-5.433749e-06	-1.258466e-08	-3.811813e+01	-7.466835e+02
4.500000e-07	-5.317955e-06	-1.251833e-08	-3.730583e+01	-7.417334e+02
4.600000e-07	-5.200118e-06	-1.241502e-08	-3.647919e+01	-7.366235e+02
4.700000e-07	-5.080470e-06	-1.230894e-08	-3.563985e+01	-7.313629e+02
4.800000e-07	-4.958959e-06	-1.222556e-08	-3.478744e+01	-7.259643e+02
4.900000e-07	-4.835542e-06	-1.214850e-08	-3.392167e+01	-7.204393e+02
5.000000e-07	-4.710390e-06	-1.204382e-08	-3.304372e+01	-7.147936e+02
5.100000e-07	-4.583632e-06	-1.193581e-08	-3.215450e+01	-7.090235e+02
5.200000e-07	-4.455289e-06	-1.184727e-08	-3.125416e+01	-7.031166e+02
5.300000e-07	-4.325307e-06	-1.175991e-08	-3.034233e+01	-6.970545e+02
5.400000e-07	-4.193715e-06	-1.164465e-08	-2.941920e+01	-6.908178e+02
5.500000e-07	-4.060666e-06	-1.151696e-08	-2.848586e+01	-6.843905e+02
5.600000e-07	-3.926129e-06	-1.140887e-08	-2.754207e+01	-6.777634e+02
5.700000e-07	-3.790110e-06	-1.130814e-08	-2.658788e+01	-6.709345e+02
5.800000e-07	-3.652686e-06	-1.119043e-08	-2.562385e+01	-6.639064e+02
5.900000e-07	-3.513906e-06	-1.105696e-08	-2.465030e+01	-6.566830e+02
6.000000e-07	-3.373680e-06	-1.093666e-08	-2.366660e+01	-6.492660e+02
6.100000e-07	-3.232068e-06	-1.081982e-08	-2.267318e+01	-6.416525e+02
6.200000e-07	-3.089256e-06	-1.068523e-08	-2.167135e+01	-6.338354e+02
6.300000e-07	-2.945274e-06	-1.053500e-08	-2.066130e+01	-6.258052e+02
6.400000e-07	-2.800198e-06	-1.039465e-08	-1.964359e+01	-6.175529e+02
6.500000e-07	-2.654092e-06	-1.026392e-08	-1.861864e+01	-6.090722e+02
6.600000e-07	-2.507033e-06	-1.012010e-08	-1.758701e+01	-6.003595e+02
6.700000e-07	-2.359224e-06	-9.961829e-09	-1.655012e+01	-5.914130e+02
6.800000e-07	-2.210643e-06	-9.805200e-09	-1.550781e+01	-5.822294e+02
6.900000e-07	-2.061195e-06	-9.654722e-09	-1.445942e+01	-5.728013e+02
7.000000e-07	-1.911041e-06	-9.492035e-09	-1.340609e+01	-5.631156e+02
7.100000e-07	-1.760278e-06	-9.315975e-09	-1.234847e+01	-5.531543e+02
7.200000e-07	-1.608879e-06	-9.138101e-09	-1.128640e+01	-5.428972e+02
7.300000e-07	-1.456891e-06	-8.967689e-09	-1.022019e+01	-5.323254e+02
7.400000e-07	-1.304392e-06	-8.789387e-09	-9.150403e+00	-5.214245e+02
7.500000e-07	-1.151445e-06	-8.594229e-09	-8.077466e+00	-5.101851e+02
7.600000e-07	-9.980496e-07	-8.393186e-09	-7.001388e+00	-4.986006e+02
7.700000e-07	-8.442323e-07	-8.194922e-09	-5.922348e+00	-4.866627e+02
7.800000e-07	-6.900925e-07	-7.992097e-09	-4.841047e+00	-4.743543e+02
7.900000e-07	-5.356846e-07	-7.774351e-09	-3.757865e+00	-4.616444e+02
8.000000e-07	-3.811207e-07	-7.549780e-09	-2.673588e+00	-4.484850e+02
8.100000e-07	-2.264978e-07	-7.323405e-09	-1.588898e+00	-4.348127e+02
8.200000e-07	-7.178517e-08	-7.089010e-09	-5.035780e-01	-4.205538e+02
8.300000e-07	8.300281e-08	-6.836139e-09	5.822705e-01	-4.056331e+02
8.400000e-07	2.377865e-07	-6.565817e-09	1.668089e+00	-3.899838e+02
8.500000e-07	3.925082e-07	-6.285869e-09	2.753473e+00	-3.735548e+02
8.600000e-07	5.470542e-07	-5.996451e-09	3.837623e+00	-3.563156e+02
8.700000e-07	7.013497e-07	-5.690010e-09	4.920017e+00	-3.382545e+02
8.800000e-07	8.553912e-07	-5.368682e-09	6.000629e+00	-3.193720e+02
8.900000e-07	1.009067e-06	-5.039900e-09	7.078676e+00	-2.996702e+02
9.000000e-07	1.162319e-06	-4.701940e-09	8.153746e+00	-2.791394e+02
9.100000e-07	1.315142e-06	-4.345265e-09	9.225815e+00	-2.577456e+02
9.200000e-07	1.467485e-06	-3.964032e-09	1.029451e+01	-2.354217e+02
9.300000e-07	1.619311e-06	-3.565219e-09	1.135958e+01	-2.120637e+02
9.400000e-07	1.770584e-06	-3.149880e-09	1.242077e+01	-1.875347e+02
9.500000e-07	1.921244e-06	-2.712507e-09	1.347766e+01	-1.616759e+02
9.600000e-07	2.071224e-06	-2.248447e-09	1.452978e+01	-1.343249e+02
9.700000e-07	2.220433e-06	-1.759575e-09	1.557649e+01	-1.053383e+02
9.800000e-07	2.368743e-06	-1.246377e-09	1.661690e+01	-7.461611e+01
9.900000e-07	2.516220e-06	-7.001297e-10	1.765146e+01	-4.212374e+01
1.000000e-06	2.662901e-06	-1.190051e-10	1.868044e+01	-7.909365e+00
1.010000e-06	2.808612e-06	4.894316e-10	1.970261e+01	2.788748e+01
1.020000e-06	2.953274e-06	1.115625e-09	2.071742e+01	6.503687e+01
1.030000e-06	3.096875e-06	1.759115e-09	2.172480e+01	1.032292e+02
1.040000e-06	3.239326e-06	2.418433e-09	2.272409e+01	1.420943e+02
1.050000e-06	3.380506e-06	3.083216e-09	2.371449e+01	1.812253e+02
1.060000e-06	3.520419e-06	3.740396e-09	2.469598e+01	2.202054e+02
1.070000e-06	3.659089e-06	4.384438e-09	2.566876e+01	2.586329e+02
1.080000e-06	3.796327e-06	5.015365e-09	2.663150e+01	2.961423e+02
1.090000e-06	3.932090e-06	5.627339e-09	2.758389e+01	3.324205e+02
1.100000e-06	4.066507e-06	6.212421e-09	2.852683e+01	3.672166e+02
1.110000e-06	4.199397e-06	6.768187e-09	2.945906e+01	4.003470e+02
1.120000e-06	4.330686e-06	7.298921e-09	3.038006e+01	4.316948e+02
1.130000e-06	4.460443e-06	7.802124e-09	3.129032e+01	4.612058e+02
1.140000e-06	4.588646e-06	8.269980e-09	3.218967e+01	4.888804e+02
1.150000e-06	4.715334e-06	8.701835e-09	3.307840e+01	5.147635e+02
1.160000e-06	4.840389e-06	9.102235e-09	3.395567e+01	5.389321e+02
1.170000e-06	4.963709e-06	9.477681e-09	3.482076e+01	5.614818e+02
1.180000e-06	5.085248e-06	9.827891e-09	3.567337e+01	5.825151e+02
1.190000e-06	5.204938e-06	1.015348e-08	3.651300e+01	6.021308e+02
1.200000e-06	5.322702e-06	1.046210e-08	3.733912e+01	6.204185e+02
1.210000e-06	5.438381e-06	1.075395e-08	3.815062e+01	6.374564e+02
1.220000e-06	5.551943e-06	1.102402e-08	3.894727e+01	6.533139e+02
1.230000e-06	5.663455e-06	1.127069e-08	3.972953e+01	6.680560e+02
1.240000e-06	5.772987e-06	1.149702e-08	4.049791e+01	6.817486e+02
1.250000e-06	5.880498e-06	1.170644e-08	4.125211e+01	6.944613e+02
1.260000e-06	5.985888e-06	1.190154e-08	4.199142e+01	7.062685e+02
1.270000e-06	6.089144e-06	1.208300e-08	4.271577e+01	7.172455e+02
1.280000e-06	6.190213e-06	1.225312e-08	4.342477e+01	7.274641e+02
1.290000e-06	6.288995e-06	1.241549e-08	4.411774e+01	7.369871e+02
1.300000e-06	6.385411e-06	1.256838e-08	4.479411e+01	7.458648e+02
1.310000e-06	6.479583e-06	1.270632e-08	4.545473e+01	7.541354e+02
1.320000e-06	6.571544e-06	1.283166e-08	4.609984e+01	7.618282e+02
1.330000e-06	6.661179e-06	1.294929e-08	4.672864e+01	7.689696e+02
1.340000e-06	6.748501e-06	1.306009e-08	4.734120e+01	7.755887e+02
1.350000e-06	6.833509e-06	1.316150e-08	4.793754e+01	7.817218e+02
1.360000e-06	6.916135e-06	1.325479e-08	4.851717e+01	7.874127e+02
1.370000e-06	6.996294e-06	1.334399e-08	4.907949e+01	7.927100e+02
1.380000e-06	7.073915e-06	1.343001e-08	4.962401e+01	7.976610e+02
1.390000e-06	7.148860e-06	1.351071e-08	5.014975e+01	8.023061e+02
1.400000e-06	7.221074e-06	1.358178e-08	5.065634e+01	8.066740e+02
1.410000e-06	7.290724e-06	1.364621e-08	5.114494e+01	8.107809e+02
1.420000e-06	7.357782e-06	1.370989e-08	5.161536e+01	8.146326e+02
1.430000e-06	7.422167e-06	1.377142e-08	5.206702e+01	8.182296e+02
1.440000e-06	7.484040e-06	1.382737e-08	5.250106e+01	8.215728e+02
1.450000e-06	7.543341e-06	1.387879e-08	5.291707e+01	8.246672e+02
1.460000e-06	7.599936e-06	1.392773e-08	5.331408e+01	8.275246e+02
1.470000e-06	7.653728e-06	1.397334e-08	5.369143e+01	8.301610e+02
1.480000e-06	7.704416e-06	1.401389e-08	5.404702e+01	8.325943e+02
1.490000e-06	7.752017e-06	1.405175e-08	5.438094e+01	8.348402e+02
1.500000e-06	7.796849e-06	1.408740e-08	5.469544e+01	8.369094e+02
1.510000e-06	7.838873e-06	1.411880e-08	5.499024e+01	8.388076e+02
1.520000e-06	7.878037e-06	1.414449e-08	5.526498e+01	8.405369e+02
1.530000e-06	7.914569e-06	1.416622e-08	5.552125e+01	8.420988e+02
1.540000e-06	7.948393e-06	1.418739e-08	5.575853e+01	8.434967e+02
1.550000e-06	7.979376e-06	1.420869e-08	5.597588e+01	8.447376e+02
1.560000e-06	8.007633e-06	1.422791e-08	5.617410e+01	8.458306e+02
1.570000e-06	8.033064e-06	1.424411e-08	5.635251e+01	8.467859e+02
1.580000e-06	8.055595e-06	1.425785e-08	5.651056e+01	8.476116e+02
1.590000e-06	8.075304e-06	1.426807e-08	5.664882e+01	8.483123e+02
1.600000e-06	8.092146e-06	1.427304e-08	5.676697e+01	8.488896e+02
1.610000e-06	8.106036e-06	1.427578e-08	5.686441e+01	8.493437e+02
1.620000e-06	8.116800e-06	1.428115e-08	5.693992e+01	8.496763e+02
1.630000e-06	8.124479e-06	1.428786e-08	5.699379e+01	8.498928e+02
1.640000e-06	8.129328e-06	1.429136e-08	5.702780e+01	8.500025e+02
1.650000e-06	8.131280e-06	1.428850e-08	5.704150e+01	8.500169e+02
1.660000e-06	8.130417e-06	1.428688e-08	5.703544e+01	8.499459e+02
1.670000e-06	8.126996e-06	1.428722e-08	5.701144e+01	8.497944e+02
1.680000e-06	8.120920e-06	1.428403e-08	5.696882e+01	8.495592e+02
1.690000e-06	8.112138e-06	1.427535e-08	5.690721e+01	8.492301e+02
1.700000e-06	8.100610e-06	1.426487e-08	5.682634e+01	8.487925e+02
1.710000e-06	8.086242e-06	1.425499e-08	5.672555e+01	8.482329e+02
1.720000e-06	8.069266e-06	1.423928e-08	5.660647e+01	8.475450e+02
1.730000e-06	8.050007e-06	1.424131e-08	5.647136e+01	8.467324e+02
1.740000e-06	8.028086e-06	1.427178e-08	5.631758e+01	8.458093e+02
1.750000e-06	8.002691e-06	1.424525e-08	5.613943e+01	8.447964e+02
1.760000e-06	7.973547e-06	1.419063e-08	5.593499e+01	8.437152e+02
1.770000e-06	7.941236e-06	1.416392e-08	5.570832e+01	8.425805e+02
1.780000e-06	7.906403e-06	1.414884e-08	5.546397e+01	8.413962e+02
1.790000e-06	7.869054e-06	1.409141e-08	5.520196e+01	8.401539e+02
1.800000e-06	7.829495e-06	1.409869e-08	5.492446e+01	8.388357e+02
1.810000e-06	7.787829e-06	1.407793e-08	5.463217e+01	8.374204e+02
1.820000e-06	7.743497e-06	1.402940e-08	5.432117e+01	8.358901e+02
1.830000e-06	7.696458e-06	1.408060e-08	5.399119e+01	8.342352e+02
1.840000e-06	7.646451e-06	1.400214e-08	5.364039e+01	8.324565e+02
1.850000e-06	7.593367e-06	1.397408e-08	5.326800e+01	8.305633e+02
1.860000e-06	7.537509e-06	1.392449e-08	5.287615e+01	8.285683e+02
1.870000e-06	7.478898e-06	1.387284e-08	5.246499e+01	8.264825e+02
1.880000e-06	7.417690e-06	1.388402e-08	5.203561e+01	8.243105e+02
1.890000e-06	7.353737e-06	1.380374e-08	5.158698e+01	8.220491e+02
1.900000e-06	7.287042e-06	1.380480e-08	5.111911e+01	8.196893e+02
1.910000e-06	7.217563e-06	1.376738e-08	5.063171e+01	8.172198e+02
1.920000e-06	7.145230e-06	1.371983e-08	5.012429e+01	8.146315e+02
1.930000e-06	7.070292e-06	1.364723e-08	4.959859e+01	8.119205e+02
1.940000e-06	6.992621e-06	1.357796e-08	4.905372e+01	8.090886e+02
1.950000e-06	6.912356e-06	1.357755e-08	4.849066e+01	8.061413e+02
1.960000e-06	6.829642e-06	1.350409e-08	4.791042e+01	8.030843e+02
1.970000e-06	6.744490e-06	1.347008e-08	4.731307e+01	7.999203e+02
1.980000e-06	6.656920e-06	1.340911e-08	4.669876e+01	7.966474e+02
1.990000e-06	6.566917e-06	1.335560e-08	4.606738e+01	7.932592e+02
2.000000e-06	6.474661e-06	1.329271e-08	4.542020e+01	7.897482e+02
2.010000e-06	6.380026e-06	1.320730e-08	4.475633e+01	7.861082e+02
2.020000e-06	6.283107e-06	1.315902e-08	4.407643e+01	7.823372e+02
2.030000e-06	6.184024e-06	1.309445e-08	4.338136e+01	7.784379e+02
2.040000e-06	6.082785e-06	1.305069e-08	4.267116e+01	7.744157e+02
2.050000e-06	5.979290e-06	1.296542e-08	4.194514e+01	7.702753e+02
2.060000e-06	5.873541e-06	1.289419e-08	4.120330e+01	7.660172e+02
2.070000e-06	5.765798e-06	1.281527e-08	4.044748e+01	7.616363e+02
2.080000e-06	5.656000e-06	1.274252e-08	3.967724e+01	7.571221e+02
2.090000e-06	5.544110e-06	1.266150e-08	3.889232e+01	7.524616e+02
2.100000e-06	5.430066e-06	1.257229e-08	3.809229e+01	7.476442e+02
2.110000e-06	5.313935e-06	1.249882e-08	3.727762e+01	7.426650e+02
2.120000e-06	5.195758e-06	1.241582e-08	3.644860e+01	7.375272e+02
2.130000e-06	5.075605e-06	1.232871e-08	3.560572e+01	7.322408e+02
2.140000e-06	4.953578e-06	1.222574e-08	3.474970e+01	7.268188e+02
2.150000e-06	4.829769e-06	1.214215e-08	3.388116e+01	7.212719e+02
2.160000e-06	4.704224e-06	1.204590e-08	3.300046e+01	7.156043e+02
2.170000e-06	4.576925e-06	1.195173e-08	3.210745e+01	7.098108e+02
2.180000e-06	4.448044e-06	1.184269e-08	3.120334e+01	7.038775e+02
2.190000e-06	4.317565e-06	1.174578e-08	3.028802e+01	6.977855e+02
2.200000e-06	4.185627e-06	1.164519e-08	2.936246e+01	6.915156e+02
2.210000e-06	4.052335e-06	1.153467e-08	2.842741e+01	6.850529e+02
2.220000e-06	3.917534e-06	1.141794e-08	2.748178e+01	6.783896e+02
2.230000e-06	3.781172e-06	1.130018e-08	2.652518e+01	6.715246e+02
2.240000e-06	3.643352e-06	1.119083e-08	2.555837e+01	6.644612e+02
2.250000e-06	3.504186e-06	1.106592e-08	2.458211e+01	6.572032e+02
2.260000e-06	3.363816e-06	1.094024e-08	2.359740e+01	6.497513e+02
2.270000e-06	3.222201e-06	1.080744e-08	2.260396e+01	6.421019e+02
2.280000e-06	3.079297e-06	1.068190e-08	2.160148e+01	6.342473e+02
2.290000e-06	2.935239e-06	1.054418e-08	2.059091e+01	6.261779e+02
2.300000e-06	2.790146e-06	1.040108e-08	1.957307e+01	6.178850e+02
2.310000e-06	2.644071e-06	1.025616e-08	1.854834e+01	6.093629e+02
2.320000e-06	2.497025e-06	1.011428e-08	1.751680e+01	6.006085e+02
2.330000e-06	2.349136e-06	9.968021e-09	1.647936e+01	5.916198e+02
2.340000e-06	2.200480e-06	9.811088e-09	1.543652e+01	5.823931e+02
2.350000e-06	2.050993e-06	9.648675e-09	1.438786e+01	5.729199e+02
2.360000e-06	1.900698e-06	9.482704e-09	1.333353e+01	5.631862e+02
2.370000e-06	1.749782e-06	9.315835e-09	1.227485e+01	5.531735e+02
2.380000e-06	1.598328e-06	9.139230e-09	1.121238e+01	5.428613e+02
2.390000e-06	1.446320e-06	8.959158e-09	1.014604e+01	5.322315e+02
2.400000e-06	1.293776e-06	8.777983e-09	9.075928e+00	5.212706e+02
2.410000e-06	1.140708e-06	8.593557e-09	8.002149e+00	5.099698e+02
2.420000e-06	9.871710e-07	8.396458e-09	6.925073e+00	4.983229e+02
2.430000e-06	8.332661e-07	8.193059e-09	5.845420e+00	4.863202e+02
2.440000e-06	6.791286e-07	7.984957e-09	4.764134e+00	4.739427e+02
2.450000e-06	5.248182e-07	7.770654e-09	3.681636e+00	4.611564e+02
2.460000e-06	3.703143e-07	7.542724e-09	2.597781e+00	4.479104e+02
2.470000e-06	2.156592e-07	7.305932e-09	1.512864e+00	4.341387e+02
2.480000e-06	6.094294e-08	7.064823e-09	4.275190e-01	4.197669e+02
2.490000e-06	-9.375392e-08	6.816711e-09	-6.576903e-01	4.047204e+02
2.500000e-06	-2.484265e-07	6.555196e-09	-1.742729e+00	3.889349e+02
2.510000e-06	-4.030112e-07	6.277078e-09	-2.827151e+00	3.723627e+02
2.520000e-06	-5.574421e-07	5.987572e-09	-3.910495e+00	3.549770e+02
2.530000e-06	-7.116552e-07	5.681069e-09	-4.992311e+00	3.367688e+02
2.540000e-06	-8.656509e-07	5.356066e-09	-6.072602e+00	3.177399e+02
2.550000e-06	-1.019369e-06	5.014971e-09	-7.150948e+00	2.978911e+02
2.560000e-06	-1.172653e-06	4.665447e-09	-8.226242e+00	2.772094e+02
2.570000e-06	-1.325359e-06	4.305772e-09	-9.297486e+00	2.556554e+02
2.580000e-06	-1.477440e-06	3.931556e-09	-1.036435e+01	2.331553e+02
2.590000e-06	-1.629022e-06	3.538560e-09	-1.142770e+01	2.095989e+02
2.600000e-06	-1.780075e-06	3.124044e-09	-1.248735e+01	1.848443e+02
2.610000e-06	-1.930511e-06	2.686153e-09	-1.354267e+01	1.587305e+02
2.620000e-06	-2.080246e-06	2.220385e-09	-1.459307e+01	1.310969e+02
2.630000e-06	-2.229208e-06	1.724503e-09	-1.563805e+01	1.018060e+02
2.640000e-06	-2.377425e-06	1.202357e-09	-1.667781e+01	7.076786e+01
2.650000e-06	-2.524837e-06	6.549434e-10	-1.771191e+01	3.796173e+01
2.660000e-06	-2.671351e-06	7.990617e-11	-1.873972e+01	3.451709e+00
2.670000e-06	-2.816911e-06	-5.233118e-10	-1.976083e+01	-3.260617e+01
2.680000e-06	-2.961361e-06	-1.150731e-09	-2.077415e+01	-6.996670e+01
2.690000e-06	-3.104693e-06	-1.793215e-09	-2.177964e+01	-1.083079e+02
2.700000e-06	-3.246842e-06	-2.445814e-09	-2.277682e+01	-1.472510e+02
2.710000e-06	-3.387735e-06	-3.103219e-09	-2.376520e+01	-1.863857e+02
2.720000e-06	-3.527390e-06	-3.758802e-09	-2.474488e+01	-2.252960e+02
2.730000e-06	-3.665743e-06	-4.402772e-09	-2.571544e+01	-2.635852e+02
2.740000e-06	-3.802763e-06	-5.029730e-09	-2.667665e+01	-3.008961e+02
2.750000e-06	-3.938338e-06	-5.636074e-09	-2.762772e+01	-3.369263e+02
2.760000e-06	-4.072498e-06	-6.217572e-09	-2.856886e+01	-3.714366e+02
2.770000e-06	-4.205223e-06	-6.769309e-09	-2.949994e+01	-4.042555e+02
2.780000e-06	-4.336422e-06	-7.288706e-09	-3.042030e+01	-4.352778e+02
2.790000e-06	-4.466146e-06	-7.779836e-09	-3.133033e+01	-4.644595e+02
2.800000e-06	-4.594309e-06	-8.242926e-09	-3.222940e+01	-4.918100e+02
2.810000e-06	-4.720773e-06	-8.674774e-09	-3.311655e+01	-5.173808e+02
2.820000e-06	-4.845577e-06	-9.076162e-09	-3.399206e+01	-5.412530e+02
2.830000e-06	-4.968659e-06	-9.453006e-09	-3.485549e+01	-5.635246e+02
2.840000e-06	-5.089926e-06	-9.807285e-09	-3.570619e+01	-5.842979e+02
2.850000e-06	-5.209342e-06	-1.013808e-08	-3.654390e+01	-6.036704e+02
2.860000e-06	-5.326737e-06	-1.044409e-08	-3.736743e+01	-6.217296e+02
2.870000e-06	-5.441961e-06	-1.072833e-08	-3.817573e+01	-6.385520e+02
2.880000e-06	-5.554996e-06	-1.099212e-08	-3.896868e+01	-6.542057e+02
2.890000e-06	-5.665915e-06	-1.123628e-08	-3.974679e+01	-6.687557e+02
2.900000e-06	-5.774807e-06	-1.146386e-08	-4.051067e+01	-6.822681e+02
2.910000e-06	-5.881738e-06	-1.167741e-08	-4.126080e+01	-6.948138e+02
2.920000e-06	-5.986662e-06	-1.187609e-08	-4.199685e+01	-7.064674e+02
2.930000e-06	-6.089392e-06	-1.205981e-08	-4.271751e+01	-7.173040e+02
2.940000e-06	-6.189813e-06	-1.223110e-08	-4.342197e+01	-7.273943e+02
2.950000e-06	-6.288077e-06	-1.239075e-08	-4.411130e+01	-7.367989e+02
2.960000e-06	-6.384209e-06	-1.254117e-08	-4.478567e+01	-7.455658e+02
2.970000e-06	-6.478039e-06	-1.268102e-08	-4.544390e+01	-7.537314e+02
2.980000e-06	-6.569551e-06	-1.280985e-08	-4.608586e+01	-7.613240e+02
2.990000e-06	-6.658818e-06	-1.292914e-08	-4.671207e+01	-7.683700e+02
3.000000e-06	-6.745771e-06	-1.304074e-08	-4.732205e+01	-7.748995e+02
3.010000e-06	-6.830251e-06	-1.314277e-08	-4.791469e+01	-7.809504e+02
3.020000e-06	-6.912354e-06	-1.323573e-08	-4.849065e+01	-7.865676e+02
3.030000e-06	-6.992027e-06	-1.332349e-08	-4.904956e+01	-7.917999e+02
3.040000e-06	-7.068965e-06	-1.340924e-08	-4.958928e+01	-7.966938e+02
3.050000e-06	-7.143204e-06	-1.349174e-08	-5.011008e+01	-8.012878e+02
3.060000e-06	-7.214837e-06	-1.356679e-08	-5.061258e+01	-8.056084e+02
3.070000e-06	-7.283848e-06	-1.363392e-08	-5.109670e+01	-8.096696e+02
3.080000e-06	-7.350329e-06	-1.369687e-08	-5.156307e+01	-8.134761e+02
3.090000e-06	-7.414299e-06	-1.375664e-08	-5.201182e+01	-8.170278e+02
3.100000e-06	-7.475636e-06	-1.381246e-08	-5.244211e+01	-8.203261e+02
3.110000e-06	-7.534298e-06	-1.386428e-08	-5.285362e+01	-8.233773e+02
3.120000e-06	-7.590252e-06	-1.391103e-08	-5.324615e+01	-8.261941e+02
3.130000e-06	-7.643289e-06	-1.395590e-08	-5.361821e+01	-8.287931e+02
3.140000e-06	-7.693201e-06	-1.399921e-08	-5.396834e+01	-8.311921e+02
3.150000e-06	-7.740074e-06	-1.403757e-08	-5.429716e+01	-8.334059e+02
3.160000e-06	-7.784339e-06	-1.407125e-08	-5.460768e+01	-8.354445e+02
3.170000e-06	-7.826140e-06	-1.410355e-08	-5.490092e+01	-8.373126e+02
3.180000e-06	-7.865215e-06	-1.413383e-08	-5.517503e+01	-8.390120e+02
3.190000e-06	-7.901493e-06	-1.416008e-08	-5.542952e+01	-8.405444e+02
3.200000e-06	-7.935046e-06	-1.418371e-08	-5.566490e+01	-8.419139e+02
3.210000e-06	-7.965726e-06	-1.420698e-08	-5.588013e+01	-8.431277e+02
3.220000e-06	-7.993489e-06	-1.422879e-08	-5.607489e+01	-8.441956e+02
3.230000e-06	-8.018530e-06	-1.424676e-08	-5.625054e+01	-8.451274e+02
3.240000e-06	-8.040691e-06	-1.426114e-08	-5.640601e+01	-8.459307e+02
3.250000e-06	-8.059957e-06	-1.427249e-08	-5.654116e+01	-8.466095e+02
3.260000e-06	-8.076443e-06	-1.428232e-08	-5.665681e+01	-8.471649e+02
3.270000e-06	-8.089827e-06	-1.428997e-08	-5.675070e+01	-8.475972e+02
3.280000e-06	-8.100168e-06	-1.429485e-08	-5.682324e+01	-8.479088e+02
3.290000e-06	-8.107664e-06	-1.429859e-08	-5.687583e+01	-8.481056e+02
3.300000e-06	-8.112238e-06	-1.430328e-08	-5.690792e+01	-8.481976e+02
3.310000e-06	-8.114009e-06	-1.430876e-08	-5.692034e+01	-8.481962e+02
