# Temperatura_=_30.34
# Concentracion g/m^3_=_11780.0
# C_Vs_to_Am_M_A/Vsm_=_59384043850.047264
# pendiente_HvsI_1/m_=_3716.3
# ordenada_HvsI_A/m_=_1297.0
# frecuencia_Hz_=_301543.47012344404

Tiempo_(s)	Campo_(V.s)	Magnetizacion_(V.s)	Campo_(kA/m)	Magnetizacion_(A/m)
0.000000e+00	-8.124357e-06	-1.404128e-08	-5.691134e+01	-8.330918e+02
1.000000e-08	-8.120927e-06	-1.403490e-08	-5.688731e+01	-8.329779e+02
2.000000e-08	-8.114888e-06	-1.403082e-08	-5.684501e+01	-8.328041e+02
3.000000e-08	-8.106098e-06	-1.402560e-08	-5.678344e+01	-8.325525e+02
4.000000e-08	-8.094391e-06	-1.402060e-08	-5.670143e+01	-8.321956e+02
5.000000e-08	-8.079814e-06	-1.401392e-08	-5.659932e+01	-8.317085e+02
6.000000e-08	-8.062397e-06	-1.401575e-08	-5.647731e+01	-8.310788e+02
7.000000e-08	-8.042448e-06	-1.401415e-08	-5.633757e+01	-8.303123e+02
8.000000e-08	-8.019860e-06	-1.391709e-08	-5.617933e+01	-8.294320e+02
9.000000e-08	-7.993980e-06	-1.387407e-08	-5.599805e+01	-8.284690e+02
1.000000e-07	-7.964777e-06	-1.393810e-08	-5.579348e+01	-8.274516e+02
1.100000e-07	-7.932727e-06	-1.395844e-08	-5.556897e+01	-8.263948e+02
1.200000e-07	-7.898009e-06	-1.390607e-08	-5.532577e+01	-8.252942e+02
1.300000e-07	-7.860879e-06	-1.386613e-08	-5.506567e+01	-8.241284e+02
1.400000e-07	-7.821697e-06	-1.393412e-08	-5.479120e+01	-8.228671e+02
1.500000e-07	-7.780112e-06	-1.384125e-08	-5.449990e+01	-8.214819e+02
1.600000e-07	-7.735637e-06	-1.382179e-08	-5.418834e+01	-8.199569e+02
1.700000e-07	-7.688337e-06	-1.378882e-08	-5.385701e+01	-8.182934e+02
1.800000e-07	-7.638023e-06	-1.366237e-08	-5.350456e+01	-8.165080e+02
1.900000e-07	-7.584577e-06	-1.375550e-08	-5.313017e+01	-8.146253e+02
2.000000e-07	-7.528333e-06	-1.370037e-08	-5.273618e+01	-8.126676e+02
2.100000e-07	-7.469383e-06	-1.364188e-08	-5.232323e+01	-8.106461e+02
2.200000e-07	-7.407822e-06	-1.360879e-08	-5.189199e+01	-8.085573e+02
2.300000e-07	-7.343562e-06	-1.356815e-08	-5.144185e+01	-8.063843e+02
2.400000e-07	-7.276506e-06	-1.359015e-08	-5.097212e+01	-8.041042e+02
2.500000e-07	-7.206836e-06	-1.347752e-08	-5.048408e+01	-8.016964e+02
2.600000e-07	-7.134459e-06	-1.342041e-08	-4.997708e+01	-7.991498e+02
2.700000e-07	-7.059269e-06	-1.340587e-08	-4.945037e+01	-7.964653e+02
2.800000e-07	-6.981284e-06	-1.340615e-08	-4.890408e+01	-7.936535e+02
2.900000e-07	-6.900588e-06	-1.332678e-08	-4.833880e+01	-7.907284e+02
3.000000e-07	-6.817464e-06	-1.321345e-08	-4.775652e+01	-7.877012e+02
3.100000e-07	-6.732097e-06	-1.322874e-08	-4.715852e+01	-7.845751e+02
3.200000e-07	-6.644431e-06	-1.317292e-08	-4.654442e+01	-7.813444e+02
3.300000e-07	-6.554379e-06	-1.310393e-08	-4.591360e+01	-7.779983e+02
3.400000e-07	-6.462011e-06	-1.302039e-08	-4.526656e+01	-7.745256e+02
3.500000e-07	-6.367364e-06	-1.296750e-08	-4.460356e+01	-7.709207e+02
3.600000e-07	-6.270351e-06	-1.293672e-08	-4.392398e+01	-7.671852e+02
3.700000e-07	-6.170994e-06	-1.285568e-08	-4.322798e+01	-7.633269e+02
3.800000e-07	-6.069467e-06	-1.277270e-08	-4.251678e+01	-7.593554e+02
3.900000e-07	-5.965768e-06	-1.269272e-08	-4.179037e+01	-7.552765e+02
4.000000e-07	-5.859868e-06	-1.266724e-08	-4.104853e+01	-7.510882e+02
4.100000e-07	-5.751890e-06	-1.258755e-08	-4.029215e+01	-7.467800e+02
4.200000e-07	-5.641923e-06	-1.249046e-08	-3.952182e+01	-7.423367e+02
4.300000e-07	-5.529927e-06	-1.240896e-08	-3.873729e+01	-7.377433e+02
4.400000e-07	-5.415699e-06	-1.235157e-08	-3.793712e+01	-7.329908e+02
4.500000e-07	-5.299226e-06	-1.227801e-08	-3.712122e+01	-7.280801e+02
4.600000e-07	-5.180751e-06	-1.216774e-08	-3.629130e+01	-7.230202e+02
4.700000e-07	-5.060444e-06	-1.207629e-08	-3.544855e+01	-7.178252e+02
4.800000e-07	-4.938322e-06	-1.199914e-08	-3.459308e+01	-7.125067e+02
4.900000e-07	-4.814383e-06	-1.192352e-08	-3.372488e+01	-7.070693e+02
5.000000e-07	-4.688721e-06	-1.180795e-08	-3.284462e+01	-7.015072e+02
5.100000e-07	-4.561453e-06	-1.170598e-08	-3.195310e+01	-6.958060e+02
5.200000e-07	-4.432587e-06	-1.162121e-08	-3.105039e+01	-6.899475e+02
5.300000e-07	-4.302097e-06	-1.153023e-08	-3.013631e+01	-6.839159e+02
5.400000e-07	-4.169959e-06	-1.140927e-08	-2.921067e+01	-6.777026e+02
5.500000e-07	-4.036334e-06	-1.128672e-08	-2.827463e+01	-6.713081e+02
5.600000e-07	-3.901299e-06	-1.118746e-08	-2.732871e+01	-6.647399e+02
5.700000e-07	-3.764756e-06	-1.108396e-08	-2.637222e+01	-6.580066e+02
5.800000e-07	-3.626804e-06	-1.096268e-08	-2.540586e+01	-6.511128e+02
5.900000e-07	-3.487527e-06	-1.083256e-08	-2.443022e+01	-6.440544e+02
6.000000e-07	-3.346815e-06	-1.072353e-08	-2.344453e+01	-6.368183e+02
6.100000e-07	-3.204653e-06	-1.061036e-08	-2.244868e+01	-6.293856e+02
6.200000e-07	-3.061274e-06	-1.047544e-08	-2.144430e+01	-6.217372e+02
6.300000e-07	-2.916751e-06	-1.032714e-08	-2.043192e+01	-6.138595e+02
6.400000e-07	-2.771174e-06	-1.019066e-08	-1.941215e+01	-6.057475e+02
6.500000e-07	-2.624678e-06	-1.005958e-08	-1.838594e+01	-5.974044e+02
6.600000e-07	-2.477298e-06	-9.912893e-09	-1.735354e+01	-5.888375e+02
6.700000e-07	-2.329101e-06	-9.758267e-09	-1.631541e+01	-5.800522e+02
6.800000e-07	-2.180131e-06	-9.609420e-09	-1.527188e+01	-5.710467e+02
6.900000e-07	-2.030427e-06	-9.466808e-09	-1.422320e+01	-5.618091e+02
7.000000e-07	-1.880033e-06	-9.306379e-09	-1.316968e+01	-5.523193e+02
7.100000e-07	-1.728989e-06	-9.131961e-09	-1.211162e+01	-5.425528e+02
7.200000e-07	-1.577301e-06	-8.958597e-09	-1.104904e+01	-5.324870e+02
7.300000e-07	-1.424973e-06	-8.791647e-09	-9.981972e+00	-5.221062e+02
7.400000e-07	-1.272119e-06	-8.614017e-09	-8.911228e+00	-5.114033e+02
7.500000e-07	-1.118840e-06	-8.420358e-09	-7.837507e+00	-5.003775e+02
7.600000e-07	-9.651080e-07	-8.227215e-09	-6.760608e+00	-4.890285e+02
7.700000e-07	-8.109923e-07	-8.036561e-09	-5.681023e+00	-4.773494e+02
7.800000e-07	-6.565810e-07	-7.838188e-09	-4.599368e+00	-4.653206e+02
7.900000e-07	-5.019708e-07	-7.623986e-09	-3.516319e+00	-4.529065e+02
8.000000e-07	-3.471982e-07	-7.406122e-09	-2.432133e+00	-4.400560e+02
8.100000e-07	-1.922685e-07	-7.186941e-09	-1.346846e+00	-4.267067e+02
8.200000e-07	-3.726626e-08	-6.956517e-09	-2.610512e-01	-4.127923e+02
8.300000e-07	1.177671e-07	-6.706499e-09	8.249614e-01	-3.982488e+02
8.400000e-07	2.727594e-07	-6.443145e-09	1.910687e+00	-3.830217e+02
8.500000e-07	4.276362e-07	-6.175523e-09	2.995603e+00	-3.670691e+02
8.600000e-07	5.823477e-07	-5.896851e-09	4.079361e+00	-3.503639e+02
8.700000e-07	7.368625e-07	-5.599221e-09	5.161742e+00	-3.328917e+02
8.800000e-07	8.911540e-07	-5.288759e-09	6.242558e+00	-3.146478e+02
8.900000e-07	1.045101e-06	-4.974207e-09	7.320961e+00	-2.956311e+02
9.000000e-07	1.198603e-06	-4.647571e-09	8.396245e+00	-2.758363e+02
9.100000e-07	1.351644e-06	-4.299247e-09	9.468302e+00	-2.552455e+02
9.200000e-07	1.504164e-06	-3.931674e-09	1.053671e+01	-2.338189e+02
9.300000e-07	1.656109e-06	-3.553239e-09	1.160109e+01	-2.114885e+02
9.400000e-07	1.807449e-06	-3.162806e-09	1.266123e+01	-1.881558e+02
9.500000e-07	1.958137e-06	-2.750602e-09	1.371680e+01	-1.636961e+02
9.600000e-07	2.108121e-06	-2.316932e-09	1.476744e+01	-1.379708e+02
9.700000e-07	2.257336e-06	-1.864682e-09	1.581270e+01	-1.108460e+02
9.800000e-07	2.405753e-06	-1.387678e-09	1.685237e+01	-8.221549e+01
9.900000e-07	2.553313e-06	-8.755944e-10	1.788603e+01	-5.202392e+01
1.000000e-06	2.699943e-06	-3.302170e-10	1.891317e+01	-2.028492e+01
1.010000e-06	2.845683e-06	2.342500e-10	1.993409e+01	1.290886e+01
1.020000e-06	2.990416e-06	8.142864e-10	2.094794e+01	4.738597e+01
1.030000e-06	3.133979e-06	1.411657e-09	2.195361e+01	8.290599e+01
1.040000e-06	3.276351e-06	2.024639e-09	2.295093e+01	1.191761e+02
1.050000e-06	3.417487e-06	2.642485e-09	2.393959e+01	1.558711e+02
1.060000e-06	3.557325e-06	3.259822e-09	2.491916e+01	1.926526e+02
1.070000e-06	3.695798e-06	3.876160e-09	2.588916e+01	2.291854e+02
1.080000e-06	3.832882e-06	4.484929e-09	2.684944e+01	2.651508e+02
1.090000e-06	3.968565e-06	5.077395e-09	2.779991e+01	3.002567e+02
1.100000e-06	4.102815e-06	5.647013e-09	2.874033e+01	3.342464e+02
1.110000e-06	4.235603e-06	6.196531e-09	2.967052e+01	3.669071e+02
1.120000e-06	4.366838e-06	6.725998e-09	3.058982e+01	3.980776e+02
1.130000e-06	4.496505e-06	7.228780e-09	3.149814e+01	4.276536e+02
1.140000e-06	4.624579e-06	7.698464e-09	3.239530e+01	4.555884e+02
1.150000e-06	4.751010e-06	8.138424e-09	3.328095e+01	4.818881e+02
1.160000e-06	4.875791e-06	8.552113e-09	3.415505e+01	5.065999e+02
1.170000e-06	4.998871e-06	8.940965e-09	3.501722e+01	5.297964e+02
1.180000e-06	5.120235e-06	9.302408e-09	3.586738e+01	5.515589e+02
1.190000e-06	5.239744e-06	9.642120e-09	3.670455e+01	5.719639e+02
1.200000e-06	5.357254e-06	9.966517e-09	3.752771e+01	5.910762e+02
1.210000e-06	5.472691e-06	1.027069e-08	3.833635e+01	6.089485e+02
1.220000e-06	5.585978e-06	1.055161e-08	3.912993e+01	6.256288e+02
1.230000e-06	5.697161e-06	1.081125e-08	3.990877e+01	6.411685e+02
1.240000e-06	5.806391e-06	1.105339e-08	4.067393e+01	6.556299e+02
1.250000e-06	5.913633e-06	1.127764e-08	4.142516e+01	6.690882e+02
1.260000e-06	6.018682e-06	1.148575e-08	4.216103e+01	6.816274e+02
1.270000e-06	6.121539e-06	1.167999e-08	4.288155e+01	6.933308e+02
1.280000e-06	6.222233e-06	1.186492e-08	4.358691e+01	7.042707e+02
1.290000e-06	6.320632e-06	1.203996e-08	4.427620e+01	7.145009e+02
1.300000e-06	6.416683e-06	1.220169e-08	4.494904e+01	7.240554e+02
1.310000e-06	6.510515e-06	1.235034e-08	4.560634e+01	7.329533e+02
1.320000e-06	6.602143e-06	1.248689e-08	4.624819e+01	7.412096e+02
1.330000e-06	6.691408e-06	1.261311e-08	4.687350e+01	7.488459e+02
1.340000e-06	6.778292e-06	1.272893e-08	4.748212e+01	7.558987e+02
1.350000e-06	6.862841e-06	1.283444e-08	4.807439e+01	7.624203e+02
1.360000e-06	6.944966e-06	1.293209e-08	4.864967e+01	7.684739e+02
1.370000e-06	7.024590e-06	1.302610e-08	4.920744e+01	7.741230e+02
1.380000e-06	7.101669e-06	1.311800e-08	4.974738e+01	7.794202e+02
1.390000e-06	7.176052e-06	1.320504e-08	5.026844e+01	7.844006e+02
1.400000e-06	7.247747e-06	1.328322e-08	5.077067e+01	7.890797e+02
1.410000e-06	7.316890e-06	1.335460e-08	5.125502e+01	7.934595e+02
1.420000e-06	7.383420e-06	1.342317e-08	5.172106e+01	7.975373e+02
1.430000e-06	7.447294e-06	1.348684e-08	5.216849e+01	8.013159e+02
1.440000e-06	7.508657e-06	1.354283e-08	5.259834e+01	8.048093e+02
1.450000e-06	7.567449e-06	1.359370e-08	5.301019e+01	8.080424e+02
1.460000e-06	7.623527e-06	1.364467e-08	5.340301e+01	8.110454e+02
1.470000e-06	7.676704e-06	1.369453e-08	5.377552e+01	8.138452e+02
1.480000e-06	7.726685e-06	1.374072e-08	5.412564e+01	8.164578e+02
1.490000e-06	7.773642e-06	1.378355e-08	5.445457e+01	8.188851e+02
1.500000e-06	7.817913e-06	1.382107e-08	5.476469e+01	8.211177e+02
1.510000e-06	7.859379e-06	1.385255e-08	5.505516e+01	8.231424e+02
1.520000e-06	7.898010e-06	1.387881e-08	5.532577e+01	8.249518e+02
1.530000e-06	7.933973e-06	1.390252e-08	5.557770e+01	8.265512e+02
1.540000e-06	7.967123e-06	1.392652e-08	5.580991e+01	8.279603e+02
1.550000e-06	7.997424e-06	1.394999e-08	5.602217e+01	8.292088e+02
1.560000e-06	8.024994e-06	1.397088e-08	5.621530e+01	8.303276e+02
1.570000e-06	8.049683e-06	1.398947e-08	5.638825e+01	8.313386e+02
1.580000e-06	8.071550e-06	1.400555e-08	5.654143e+01	8.322488e+02
1.590000e-06	8.090667e-06	1.401654e-08	5.667534e+01	8.330495e+02
1.600000e-06	8.106881e-06	1.402234e-08	5.678892e+01	8.337223e+02
1.610000e-06	8.120129e-06	1.402633e-08	5.688173e+01	8.342491e+02
1.620000e-06	8.130187e-06	1.403089e-08	5.695218e+01	8.346213e+02
1.630000e-06	8.137196e-06	1.403516e-08	5.700128e+01	8.348463e+02
1.640000e-06	8.141490e-06	1.403738e-08	5.703136e+01	8.349458e+02
1.650000e-06	8.142938e-06	1.403499e-08	5.704150e+01	8.349491e+02
1.660000e-06	8.141590e-06	1.404384e-08	5.703206e+01	8.348821e+02
1.670000e-06	8.137609e-06	1.404700e-08	5.700417e+01	8.347580e+02
1.680000e-06	8.130856e-06	1.404064e-08	5.695687e+01	8.345720e+02
1.690000e-06	8.121369e-06	1.403109e-08	5.689041e+01	8.343035e+02
1.700000e-06	8.109148e-06	1.401935e-08	5.680480e+01	8.339248e+02
1.710000e-06	8.094151e-06	1.400181e-08	5.669975e+01	8.334125e+02
1.720000e-06	8.076653e-06	1.396203e-08	5.657718e+01	8.327572e+02
1.730000e-06	8.056834e-06	1.402343e-08	5.643834e+01	8.319682e+02
1.740000e-06	8.034167e-06	1.408323e-08	5.627956e+01	8.310706e+02
1.750000e-06	8.007912e-06	1.399743e-08	5.609564e+01	8.300959e+02
1.760000e-06	7.977964e-06	1.392856e-08	5.588586e+01	8.290708e+02
1.770000e-06	7.944955e-06	1.393637e-08	5.565462e+01	8.280069e+02
1.780000e-06	7.909449e-06	1.388416e-08	5.540591e+01	8.268964e+02
1.790000e-06	7.871542e-06	1.381716e-08	5.514037e+01	8.257158e+02
1.800000e-06	7.831522e-06	1.392476e-08	5.486003e+01	8.244340e+02
1.810000e-06	7.789178e-06	1.377905e-08	5.456341e+01	8.230244e+02
1.820000e-06	7.744115e-06	1.381256e-08	5.424773e+01	8.214740e+02
1.830000e-06	7.696345e-06	1.388994e-08	5.391311e+01	8.197870e+02
1.840000e-06	7.645509e-06	1.371913e-08	5.355700e+01	8.179822e+02
1.850000e-06	7.591654e-06	1.379429e-08	5.317974e+01	8.160845e+02
1.860000e-06	7.535027e-06	1.364010e-08	5.278307e+01	8.141148e+02
1.870000e-06	7.475700e-06	1.367226e-08	5.236748e+01	8.120819e+02
1.880000e-06	7.413774e-06	1.365386e-08	5.193369e+01	8.099794e+02
1.890000e-06	7.349052e-06	1.353658e-08	5.148031e+01	8.077889e+02
1.900000e-06	7.281591e-06	1.361427e-08	5.100774e+01	8.054871e+02
1.910000e-06	7.211316e-06	1.350167e-08	5.051546e+01	8.030549e+02
1.920000e-06	7.138312e-06	1.351683e-08	5.000407e+01	8.004832e+02
1.930000e-06	7.062670e-06	1.339637e-08	4.947420e+01	7.977748e+02
1.940000e-06	6.984235e-06	1.335855e-08	4.892476e+01	7.949415e+02
1.950000e-06	6.903304e-06	1.335814e-08	4.835783e+01	7.919975e+02
1.960000e-06	6.819948e-06	1.323777e-08	4.777392e+01	7.889525e+02
1.970000e-06	6.734115e-06	1.325975e-08	4.717266e+01	7.858081e+02
1.980000e-06	6.645825e-06	1.314705e-08	4.655419e+01	7.825576e+02
1.990000e-06	6.555177e-06	1.314129e-08	4.591919e+01	7.791894e+02
2.000000e-06	6.462280e-06	1.305988e-08	4.526845e+01	7.756932e+02
2.010000e-06	6.367039e-06	1.299384e-08	4.460128e+01	7.720645e+02
2.020000e-06	6.269563e-06	1.294043e-08	4.391846e+01	7.683062e+02
2.030000e-06	6.169849e-06	1.285629e-08	4.321996e+01	7.644269e+02
2.040000e-06	6.067840e-06	1.282273e-08	4.250538e+01	7.604359e+02
2.050000e-06	5.963600e-06	1.271178e-08	4.177518e+01	7.563377e+02
2.060000e-06	5.857311e-06	1.266976e-08	4.103062e+01	7.521287e+02
2.070000e-06	5.749009e-06	1.257493e-08	4.027197e+01	7.477975e+02
2.080000e-06	5.638586e-06	1.252587e-08	3.949845e+01	7.433282e+02
2.090000e-06	5.526051e-06	1.243256e-08	3.871013e+01	7.387066e+02
2.100000e-06	5.411298e-06	1.235026e-08	3.790629e+01	7.339255e+02
2.110000e-06	5.294412e-06	1.227019e-08	3.708750e+01	7.289870e+02
2.120000e-06	5.175504e-06	1.218313e-08	3.625455e+01	7.239019e+02
2.130000e-06	5.054711e-06	1.209631e-08	3.540839e+01	7.186839e+02
2.140000e-06	4.932131e-06	1.199205e-08	3.454971e+01	7.133440e+02
2.150000e-06	4.807736e-06	1.191947e-08	3.367832e+01	7.078848e+02
2.160000e-06	4.681607e-06	1.182076e-08	3.279479e+01	7.022990e+02
2.170000e-06	4.553809e-06	1.173379e-08	3.189955e+01	6.965710e+02
2.180000e-06	4.424430e-06	1.162005e-08	3.099325e+01	6.906824e+02
2.190000e-06	4.293549e-06	1.152749e-08	3.007643e+01	6.846185e+02
2.200000e-06	4.161169e-06	1.141871e-08	2.914910e+01	6.783724e+02
2.210000e-06	4.027235e-06	1.131042e-08	2.821089e+01	6.719462e+02
2.220000e-06	3.891775e-06	1.119321e-08	2.726199e+01	6.653477e+02
2.230000e-06	3.754862e-06	1.108180e-08	2.630291e+01	6.585855e+02
2.240000e-06	3.616539e-06	1.097321e-08	2.533395e+01	6.516627e+02
2.250000e-06	3.476870e-06	1.085016e-08	2.435557e+01	6.445737e+02
2.260000e-06	3.335926e-06	1.072771e-08	2.336825e+01	6.373038e+02
2.270000e-06	3.193693e-06	1.059826e-08	2.237190e+01	6.298337e+02
2.280000e-06	3.050255e-06	1.047591e-08	2.136712e+01	6.221450e+02
2.290000e-06	2.905681e-06	1.033812e-08	2.035438e+01	6.142254e+02
2.300000e-06	2.760104e-06	1.019964e-08	1.933460e+01	6.060716e+02
2.310000e-06	2.613652e-06	1.005572e-08	1.830871e+01	5.976878e+02
2.320000e-06	2.466287e-06	9.915126e-09	1.727641e+01	5.890815e+02
2.330000e-06	2.317991e-06	9.768518e-09	1.623759e+01	5.802571e+02
2.340000e-06	2.168838e-06	9.614534e-09	1.519277e+01	5.712111e+02
2.350000e-06	2.018976e-06	9.459153e-09	1.414298e+01	5.619301e+02
2.360000e-06	1.868451e-06	9.299428e-09	1.308855e+01	5.523925e+02
2.370000e-06	1.717295e-06	9.135491e-09	1.202970e+01	5.425739e+02
2.380000e-06	1.565488e-06	8.961283e-09	1.096629e+01	5.324526e+02
2.390000e-06	1.413053e-06	8.782645e-09	9.898477e+00	5.220145e+02
2.400000e-06	1.260112e-06	8.601603e-09	8.827116e+00	5.112537e+02
2.410000e-06	1.106757e-06	8.415433e-09	7.752864e+00	5.001702e+02
2.420000e-06	9.530555e-07	8.224942e-09	6.676180e+00	4.887628e+02
2.430000e-06	7.990758e-07	8.030511e-09	5.597548e+00	4.770230e+02
2.440000e-06	6.448222e-07	7.829815e-09	4.516997e+00	4.649284e+02
2.450000e-06	4.902869e-07	7.619591e-09	3.434473e+00	4.524404e+02
2.460000e-06	3.355572e-07	7.396969e-09	2.350587e+00	4.395054e+02
2.470000e-06	1.807190e-07	7.166948e-09	1.265941e+00	4.260600e+02
2.480000e-06	2.578884e-08	6.928585e-09	1.806515e-01	4.120375e+02
2.490000e-06	-1.291667e-07	6.683049e-09	-9.048160e-01	3.973755e+02
2.500000e-06	-2.840245e-07	6.427262e-09	-1.989600e+00	3.820213e+02
2.510000e-06	-4.387367e-07	6.160229e-09	-3.073362e+00	3.659358e+02
2.520000e-06	-5.932805e-07	5.882170e-09	-4.155946e+00	3.490942e+02
2.530000e-06	-7.475714e-07	5.585746e-09	-5.236758e+00	3.314842e+02
2.540000e-06	-9.015388e-07	5.272778e-09	-6.315304e+00	3.131022e+02
2.550000e-06	-1.055173e-06	4.945647e-09	-7.391518e+00	2.939470e+02
2.560000e-06	-1.208428e-06	4.608610e-09	-8.465073e+00	2.740118e+02
2.570000e-06	-1.361241e-06	4.260798e-09	-9.535532e+00	2.532753e+02
2.580000e-06	-1.513565e-06	3.899831e-09	-1.060257e+01	2.316930e+02
2.590000e-06	-1.665325e-06	3.523276e-09	-1.166565e+01	2.091916e+02
2.600000e-06	-1.816428e-06	3.128422e-09	-1.272413e+01	1.856672e+02
2.610000e-06	-1.966861e-06	2.713142e-09	-1.377792e+01	1.609917e+02
2.620000e-06	-2.116651e-06	2.274125e-09	-1.482720e+01	1.350257e+02
2.630000e-06	-2.265742e-06	1.811389e-09	-1.587159e+01	1.076384e+02
2.640000e-06	-2.413993e-06	1.325402e-09	-1.691009e+01	7.873129e+01
2.650000e-06	-2.561313e-06	8.145892e-10	-1.794207e+01	4.826004e+01
2.660000e-06	-2.707731e-06	2.789422e-10	-1.896773e+01	1.625198e+01
2.670000e-06	-2.853264e-06	-2.797889e-10	-1.998719e+01	-1.718585e+01
2.680000e-06	-2.997783e-06	-8.591222e-10	-2.099955e+01	-5.186874e+01
2.690000e-06	-3.141136e-06	-1.455988e-09	-2.200374e+01	-8.754552e+01
2.700000e-06	-3.283292e-06	-2.065565e-09	-2.299955e+01	-1.239162e+02
2.710000e-06	-3.424183e-06	-2.681714e-09	-2.398649e+01	-1.606517e+02
2.720000e-06	-3.563722e-06	-3.300871e-09	-2.496397e+01	-1.974131e+02
2.730000e-06	-3.701894e-06	-3.916424e-09	-2.593187e+01	-2.338675e+02
2.740000e-06	-3.838732e-06	-4.522661e-09	-2.689042e+01	-2.697001e+02
2.750000e-06	-3.974209e-06	-5.111807e-09	-2.783944e+01	-3.046245e+02
2.760000e-06	-4.108174e-06	-5.679234e-09	-2.877787e+01	-3.383912e+02
2.770000e-06	-4.240667e-06	-6.222237e-09	-2.970599e+01	-3.707962e+02
2.780000e-06	-4.371714e-06	-6.737674e-09	-3.062398e+01	-4.016881e+02
2.790000e-06	-4.501216e-06	-7.226770e-09	-3.153114e+01	-4.309730e+02
2.800000e-06	-4.629114e-06	-7.691316e-09	-3.242707e+01	-4.586141e+02
2.810000e-06	-4.755342e-06	-8.132050e-09	-3.331130e+01	-4.846260e+02
2.820000e-06	-4.879881e-06	-8.547668e-09	-3.418370e+01	-5.090616e+02
2.830000e-06	-5.002693e-06	-8.939016e-09	-3.504400e+01	-5.319961e+02
2.840000e-06	-5.123743e-06	-9.306516e-09	-3.589196e+01	-5.535111e+02
2.850000e-06	-5.242862e-06	-9.649857e-09	-3.672639e+01	-5.736811e+02
2.860000e-06	-5.359916e-06	-9.967425e-09	-3.754636e+01	-5.925684e+02
2.870000e-06	-5.474838e-06	-1.026108e-08	-3.835139e+01	-6.102246e+02
2.880000e-06	-5.587560e-06	-1.053529e-08	-3.914101e+01	-6.266973e+02
2.890000e-06	-5.698138e-06	-1.079305e-08	-3.991561e+01	-6.420396e+02
2.900000e-06	-5.806682e-06	-1.103662e-08	-4.067596e+01	-6.563162e+02
2.910000e-06	-5.913346e-06	-1.126483e-08	-4.142315e+01	-6.696043e+02
2.920000e-06	-6.018007e-06	-1.147587e-08	-4.215630e+01	-6.819884e+02
2.930000e-06	-6.120414e-06	-1.167193e-08	-4.287366e+01	-6.935508e+02
2.940000e-06	-6.220539e-06	-1.185403e-08	-4.357504e+01	-7.043607e+02
2.950000e-06	-6.318488e-06	-1.202202e-08	-4.426118e+01	-7.144685e+02
2.960000e-06	-6.414269e-06	-1.217864e-08	-4.493213e+01	-7.239047e+02
2.970000e-06	-6.507707e-06	-1.232728e-08	-4.558666e+01	-7.326871e+02
2.980000e-06	-6.598826e-06	-1.246717e-08	-4.622496e+01	-7.408309e+02
2.990000e-06	-6.687749e-06	-1.259735e-08	-4.684786e+01	-7.483600e+02
3.000000e-06	-6.774300e-06	-1.271837e-08	-4.745415e+01	-7.553138e+02
3.010000e-06	-6.858340e-06	-1.283000e-08	-4.804286e+01	-7.617472e+02
3.020000e-06	-6.939989e-06	-1.293224e-08	-4.861481e+01	-7.677242e+02
3.030000e-06	-7.019189e-06	-1.302491e-08	-4.916961e+01	-7.733072e+02
3.040000e-06	-7.095689e-06	-1.311049e-08	-4.970550e+01	-7.785460e+02
3.050000e-06	-7.169471e-06	-1.319070e-08	-5.022234e+01	-7.834721e+02
3.060000e-06	-7.240675e-06	-1.326783e-08	-5.072113e+01	-7.880981e+02
3.070000e-06	-7.309283e-06	-1.334257e-08	-5.120172e+01	-7.924242e+02
3.080000e-06	-7.375306e-06	-1.341372e-08	-5.166422e+01	-7.964482e+02
3.090000e-06	-7.438782e-06	-1.347800e-08	-5.210887e+01	-8.001747e+02
3.100000e-06	-7.499608e-06	-1.353732e-08	-5.253496e+01	-8.036197e+02
3.110000e-06	-7.557735e-06	-1.359144e-08	-5.294214e+01	-8.068096e+02
3.120000e-06	-7.613073e-06	-1.363988e-08	-5.332978e+01	-8.097747e+02
3.130000e-06	-7.665505e-06	-1.368305e-08	-5.369707e+01	-8.125405e+02
3.140000e-06	-7.714857e-06	-1.372592e-08	-5.404279e+01	-8.151204e+02
3.150000e-06	-7.761142e-06	-1.376776e-08	-5.436701e+01	-8.175140e+02
3.160000e-06	-7.804822e-06	-1.380603e-08	-5.467299e+01	-8.197105e+02
3.170000e-06	-7.846060e-06	-1.384040e-08	-5.496186e+01	-8.216972e+02
3.180000e-06	-7.884570e-06	-1.387137e-08	-5.523162e+01	-8.234684e+02
3.190000e-06	-7.920292e-06	-1.390001e-08	-5.548186e+01	-8.250321e+02
3.200000e-06	-7.953291e-06	-1.392445e-08	-5.571302e+01	-8.264103e+02
3.210000e-06	-7.983413e-06	-1.394461e-08	-5.592402e+01	-8.276337e+02
3.220000e-06	-8.010651e-06	-1.396127e-08	-5.611483e+01	-8.287321e+02
3.230000e-06	-8.035104e-06	-1.397861e-08	-5.628612e+01	-8.297253e+02
3.240000e-06	-8.056629e-06	-1.399537e-08	-5.643691e+01	-8.306171e+02
3.250000e-06	-8.075290e-06	-1.400918e-08	-5.656763e+01	-8.313966e+02
3.260000e-06	-8.091077e-06	-1.401977e-08	-5.667821e+01	-8.320447e+02
3.270000e-06	-8.103781e-06	-1.403026e-08	-5.676721e+01	-8.325442e+02
3.280000e-06	-8.113547e-06	-1.403917e-08	-5.683562e+01	-8.328893e+02
3.290000e-06	-8.120402e-06	-1.404443e-08	-5.688364e+01	-8.330901e+02
3.300000e-06	-8.124331e-06	-1.404903e-08	-5.691116e+01	-8.331703e+02
3.310000e-06	-8.125490e-06	-1.405210e-08	-5.691928e+01	-8.331596e+02
