# Temperatura_=_57.22
# Concentracion g/m^3_=_11780.0
# C_Vs_to_Am_M_A/Vsm_=_59384043850.047264
# pendiente_HvsI_1/m_=_3716.3
# ordenada_HvsI_A/m_=_1297.0
# frecuencia_Hz_=_301541.8162604223

Tiempo_(s)	Campo_(V.s)	Magnetizacion_(V.s)	Campo_(kA/m)	Magnetizacion_(A/m)
0.000000e+00	-8.098690e-06	-1.438810e-08	-5.691492e+01	-8.538105e+02
1.000000e-08	-8.095228e-06	-1.438446e-08	-5.689059e+01	-8.536528e+02
2.000000e-08	-8.089132e-06	-1.438031e-08	-5.684775e+01	-8.534011e+02
3.000000e-08	-8.080340e-06	-1.437298e-08	-5.678597e+01	-8.530514e+02
4.000000e-08	-8.068728e-06	-1.436490e-08	-5.670436e+01	-8.525973e+02
5.000000e-08	-8.054239e-06	-1.435714e-08	-5.660253e+01	-8.520324e+02
6.000000e-08	-8.036877e-06	-1.435618e-08	-5.648052e+01	-8.513519e+02
7.000000e-08	-8.016937e-06	-1.434609e-08	-5.634039e+01	-8.505548e+02
8.000000e-08	-7.994350e-06	-1.426845e-08	-5.618165e+01	-8.496451e+02
9.000000e-08	-7.968526e-06	-1.423493e-08	-5.600017e+01	-8.486323e+02
1.000000e-07	-7.939437e-06	-1.427452e-08	-5.579575e+01	-8.475294e+02
1.100000e-07	-7.907538e-06	-1.428433e-08	-5.557157e+01	-8.463506e+02
1.200000e-07	-7.872963e-06	-1.424582e-08	-5.532859e+01	-8.451065e+02
1.300000e-07	-7.835950e-06	-1.421569e-08	-5.506847e+01	-8.438011e+02
1.400000e-07	-7.796868e-06	-1.424631e-08	-5.479382e+01	-8.424292e+02
1.500000e-07	-7.755372e-06	-1.418000e-08	-5.450220e+01	-8.409769e+02
1.600000e-07	-7.711003e-06	-1.416328e-08	-5.419039e+01	-8.394248e+02
1.700000e-07	-7.663877e-06	-1.410102e-08	-5.385920e+01	-8.377533e+02
1.800000e-07	-7.613784e-06	-1.401989e-08	-5.350716e+01	-8.359487e+02
1.900000e-07	-7.560548e-06	-1.408227e-08	-5.313304e+01	-8.340078e+02
2.000000e-07	-7.504533e-06	-1.402974e-08	-5.273938e+01	-8.319390e+02
2.100000e-07	-7.445802e-06	-1.398372e-08	-5.232664e+01	-8.297600e+02
2.200000e-07	-7.384420e-06	-1.393453e-08	-5.189527e+01	-8.274916e+02
2.300000e-07	-7.320422e-06	-1.390557e-08	-5.144551e+01	-8.251505e+02
2.400000e-07	-7.253652e-06	-1.389788e-08	-5.097628e+01	-8.227425e+02
2.500000e-07	-7.184225e-06	-1.379728e-08	-5.048836e+01	-8.202596e+02
2.600000e-07	-7.112133e-06	-1.374634e-08	-4.998173e+01	-8.176822e+02
2.700000e-07	-7.037256e-06	-1.373035e-08	-4.945552e+01	-8.149844e+02
2.800000e-07	-6.959582e-06	-1.372257e-08	-4.890965e+01	-8.121433e+02
2.900000e-07	-6.879209e-06	-1.364071e-08	-4.834481e+01	-8.091462e+02
3.000000e-07	-6.796419e-06	-1.354891e-08	-4.776299e+01	-8.059950e+02
3.100000e-07	-6.711382e-06	-1.353621e-08	-4.716538e+01	-8.027049e+02
3.200000e-07	-6.624039e-06	-1.347813e-08	-4.655156e+01	-7.992988e+02
3.300000e-07	-6.534309e-06	-1.341337e-08	-4.592097e+01	-7.957984e+02
3.400000e-07	-6.442251e-06	-1.333485e-08	-4.527402e+01	-7.922155e+02
3.500000e-07	-6.347941e-06	-1.328410e-08	-4.461124e+01	-7.885476e+02
3.600000e-07	-6.251310e-06	-1.324383e-08	-4.393214e+01	-7.847781e+02
3.700000e-07	-6.152350e-06	-1.316324e-08	-4.323669e+01	-7.808825e+02
3.800000e-07	-6.051188e-06	-1.307493e-08	-4.252576e+01	-7.768369e+02
3.900000e-07	-5.947864e-06	-1.299923e-08	-4.179963e+01	-7.726266e+02
4.000000e-07	-5.842325e-06	-1.296216e-08	-4.105793e+01	-7.682506e+02
4.100000e-07	-5.734641e-06	-1.288243e-08	-4.030116e+01	-7.637210e+02
4.200000e-07	-5.624993e-06	-1.278549e-08	-3.953060e+01	-7.590569e+02
4.300000e-07	-5.513319e-06	-1.270254e-08	-3.874579e+01	-7.542757e+02
4.400000e-07	-5.399486e-06	-1.263861e-08	-3.794581e+01	-7.493851e+02
4.500000e-07	-5.283507e-06	-1.255761e-08	-3.713075e+01	-7.443795e+02
4.600000e-07	-5.165478e-06	-1.244993e-08	-3.630127e+01	-7.392408e+02
4.700000e-07	-5.045591e-06	-1.235912e-08	-3.545875e+01	-7.339460e+02
4.800000e-07	-4.923938e-06	-1.228210e-08	-3.460381e+01	-7.284758e+02
4.900000e-07	-4.800445e-06	-1.219829e-08	-3.373594e+01	-7.228220e+02
5.000000e-07	-4.675237e-06	-1.208188e-08	-3.285603e+01	-7.169913e+02
5.100000e-07	-4.548429e-06	-1.197417e-08	-3.196486e+01	-7.110014e+02
5.200000e-07	-4.419994e-06	-1.188229e-08	-3.106226e+01	-7.048741e+02
5.300000e-07	-4.289933e-06	-1.178339e-08	-3.014824e+01	-6.986244e+02
5.400000e-07	-4.158166e-06	-1.166270e-08	-2.922222e+01	-6.922530e+02
5.500000e-07	-4.024910e-06	-1.154509e-08	-2.828574e+01	-6.857435e+02
5.600000e-07	-3.890248e-06	-1.144565e-08	-2.733938e+01	-6.790660e+02
5.700000e-07	-3.754157e-06	-1.133793e-08	-2.638298e+01	-6.721861e+02
5.800000e-07	-3.616747e-06	-1.121088e-08	-2.541730e+01	-6.650758e+02
5.900000e-07	-3.477932e-06	-1.107667e-08	-2.444176e+01	-6.577219e+02
6.000000e-07	-3.337678e-06	-1.095760e-08	-2.345610e+01	-6.501290e+02
6.100000e-07	-3.196039e-06	-1.083332e-08	-2.246071e+01	-6.423159e+02
6.200000e-07	-3.053141e-06	-1.069103e-08	-2.145647e+01	-6.343063e+02
6.300000e-07	-2.909119e-06	-1.054420e-08	-2.044433e+01	-6.261180e+02
6.400000e-07	-2.764044e-06	-1.040782e-08	-1.942479e+01	-6.177544e+02
6.500000e-07	-2.617975e-06	-1.027176e-08	-1.839826e+01	-6.092016e+02
6.600000e-07	-2.471019e-06	-1.011894e-08	-1.736550e+01	-6.004319e+02
6.700000e-07	-2.323238e-06	-9.961385e-09	-1.632695e+01	-5.914118e+02
6.800000e-07	-2.174668e-06	-9.809853e-09	-1.528285e+01	-5.821125e+02
6.900000e-07	-2.025424e-06	-9.657125e-09	-1.423401e+01	-5.725169e+02
7.000000e-07	-1.875518e-06	-9.486337e-09	-1.318052e+01	-5.626219e+02
7.100000e-07	-1.724901e-06	-9.306254e-09	-1.212203e+01	-5.524346e+02
7.200000e-07	-1.573612e-06	-9.129794e-09	-1.105882e+01	-5.419648e+02
7.300000e-07	-1.421784e-06	-8.954626e-09	-9.991827e+00	-5.312158e+02
7.400000e-07	-1.269474e-06	-8.768302e-09	-8.921444e+00	-5.201788e+02
7.500000e-07	-1.116646e-06	-8.571502e-09	-7.847418e+00	-5.088310e+02
7.600000e-07	-9.633725e-07	-8.376137e-09	-6.770264e+00	-4.971393e+02
7.700000e-07	-8.097572e-07	-8.177899e-09	-5.690706e+00	-4.850660e+02
7.800000e-07	-6.558087e-07	-7.967798e-09	-4.608807e+00	-4.725747e+02
7.900000e-07	-5.015839e-07	-7.744499e-09	-3.524966e+00	-4.596317e+02
8.000000e-07	-3.472620e-07	-7.517811e-09	-2.440443e+00	-4.462042e+02
8.100000e-07	-1.928631e-07	-7.287469e-09	-1.355378e+00	-4.322547e+02
8.200000e-07	-3.838084e-08	-7.044383e-09	-2.697279e-01	-4.177353e+02
8.300000e-07	1.160944e-07	-6.785755e-09	8.158729e-01	-4.025854e+02
8.400000e-07	2.705539e-07	-6.515746e-09	1.901364e+00	-3.867351e+02
8.500000e-07	4.249604e-07	-6.236289e-09	2.986481e+00	-3.701140e+02
8.600000e-07	5.792336e-07	-5.940297e-09	4.070663e+00	-3.526635e+02
8.700000e-07	7.333201e-07	-5.626422e-09	5.153532e+00	-3.343464e+02
8.800000e-07	8.871579e-07	-5.302055e-09	6.234653e+00	-3.151506e+02
8.900000e-07	1.040617e-06	-4.969528e-09	7.313113e+00	-2.950822e+02
9.000000e-07	1.193551e-06	-4.620951e-09	8.387880e+00	-2.741501e+02
9.100000e-07	1.345992e-06	-4.251662e-09	9.459185e+00	-2.523439e+02
9.200000e-07	1.497992e-06	-3.864347e-09	1.052739e+01	-2.296138e+02
9.300000e-07	1.649438e-06	-3.462546e-09	1.159171e+01	-2.058577e+02
9.400000e-07	1.800293e-06	-3.041580e-09	1.265186e+01	-1.809229e+02
9.500000e-07	1.950511e-06	-2.594409e-09	1.370755e+01	-1.546219e+02
9.600000e-07	2.100016e-06	-2.122522e-09	1.475822e+01	-1.267623e+02
9.700000e-07	2.248756e-06	-1.626160e-09	1.580351e+01	-9.718147e+01
9.800000e-07	2.396672e-06	-1.098203e-09	1.684302e+01	-6.578146e+01
9.900000e-07	2.543755e-06	-5.338881e-10	1.787667e+01	-3.255356e+01
1.000000e-06	2.689974e-06	6.009528e-11	1.890425e+01	2.409565e+00
1.010000e-06	2.835211e-06	6.755012e-10	1.992493e+01	3.891633e+01
1.020000e-06	2.979368e-06	1.312897e-09	2.093802e+01	7.669026e+01
1.030000e-06	3.122432e-06	1.969121e-09	2.194342e+01	1.153910e+02
1.040000e-06	3.264287e-06	2.635084e-09	2.294033e+01	1.546373e+02
1.050000e-06	3.404878e-06	3.301108e-09	2.392836e+01	1.940287e+02
1.060000e-06	3.544233e-06	3.962598e-09	2.490770e+01	2.331639e+02
1.070000e-06	3.682299e-06	4.612051e-09	2.587798e+01	2.716567e+02
1.080000e-06	3.818983e-06	5.240349e-09	2.683856e+01	3.091510e+02
1.090000e-06	3.954253e-06	5.844829e-09	2.778918e+01	3.453351e+02
1.100000e-06	4.088091e-06	6.425319e-09	2.872975e+01	3.799554e+02
1.110000e-06	4.220454e-06	6.981754e-09	2.965996e+01	4.128279e+02
1.120000e-06	4.351333e-06	7.509270e-09	3.057974e+01	4.438443e+02
1.130000e-06	4.480622e-06	8.004107e-09	3.148833e+01	4.729695e+02
1.140000e-06	4.608278e-06	8.464998e-09	3.238546e+01	5.002324e+02
1.150000e-06	4.734344e-06	8.893772e-09	3.327140e+01	5.257077e+02
1.160000e-06	4.858743e-06	9.290177e-09	3.414564e+01	5.494957e+02
1.170000e-06	4.981434e-06	9.658917e-09	3.500787e+01	5.717027e+02
1.180000e-06	5.102366e-06	1.000245e-08	3.585775e+01	5.924269e+02
1.190000e-06	5.221414e-06	1.032462e-08	3.669437e+01	6.117521e+02
1.200000e-06	5.338498e-06	1.062983e-08	3.751720e+01	6.297497e+02
1.210000e-06	5.453590e-06	1.091421e-08	3.832603e+01	6.464851e+02
1.220000e-06	5.566603e-06	1.117811e-08	3.912025e+01	6.620267e+02
1.230000e-06	5.677554e-06	1.142209e-08	3.989998e+01	6.764507e+02
1.240000e-06	5.786493e-06	1.164690e-08	4.066556e+01	6.898429e+02
1.250000e-06	5.893377e-06	1.185293e-08	4.141671e+01	7.022931e+02
1.260000e-06	5.998150e-06	1.204332e-08	4.215302e+01	7.138883e+02
1.270000e-06	6.100763e-06	1.222314e-08	4.287415e+01	7.247035e+02
1.280000e-06	6.201145e-06	1.239224e-08	4.357960e+01	7.347974e+02
1.290000e-06	6.299199e-06	1.255025e-08	4.426869e+01	7.442118e+02
1.300000e-06	6.394993e-06	1.269802e-08	4.494190e+01	7.529757e+02
1.310000e-06	6.488593e-06	1.283581e-08	4.559969e+01	7.611135e+02
1.320000e-06	6.579928e-06	1.296242e-08	4.624157e+01	7.686528e+02
1.330000e-06	6.668864e-06	1.307712e-08	4.686657e+01	7.756296e+02
1.340000e-06	6.755421e-06	1.318337e-08	4.747487e+01	7.820900e+02
1.350000e-06	6.839674e-06	1.328348e-08	4.806697e+01	7.880868e+02
1.360000e-06	6.921528e-06	1.337626e-08	4.864222e+01	7.936740e+02
1.370000e-06	7.000939e-06	1.346194e-08	4.920029e+01	7.989000e+02
1.380000e-06	7.077796e-06	1.354289e-08	4.974041e+01	8.038032e+02
1.390000e-06	7.151964e-06	1.362196e-08	5.026164e+01	8.084097e+02
1.400000e-06	7.223474e-06	1.369534e-08	5.076419e+01	8.127352e+02
1.410000e-06	7.292430e-06	1.376127e-08	5.124879e+01	8.167886e+02
1.420000e-06	7.358806e-06	1.382428e-08	5.171526e+01	8.205765e+02
1.430000e-06	7.422533e-06	1.388393e-08	5.216312e+01	8.241066e+02
1.440000e-06	7.483725e-06	1.393876e-08	5.259315e+01	8.273895e+02
1.450000e-06	7.542360e-06	1.398779e-08	5.300522e+01	8.304385e+02
1.460000e-06	7.598276e-06	1.403402e-08	5.339818e+01	8.332677e+02
1.470000e-06	7.651246e-06	1.407885e-08	5.377043e+01	8.358903e+02
1.480000e-06	7.701088e-06	1.411969e-08	5.412071e+01	8.383172e+02
1.490000e-06	7.747952e-06	1.415732e-08	5.445005e+01	8.405566e+02
1.500000e-06	7.792064e-06	1.419201e-08	5.476005e+01	8.426151e+02
1.510000e-06	7.833380e-06	1.422279e-08	5.505041e+01	8.444984e+02
1.520000e-06	7.871919e-06	1.424878e-08	5.532125e+01	8.462128e+02
1.530000e-06	7.907817e-06	1.427127e-08	5.557353e+01	8.477653e+02
1.540000e-06	7.940943e-06	1.429260e-08	5.580633e+01	8.491634e+02
1.550000e-06	7.971289e-06	1.431386e-08	5.601959e+01	8.504138e+02
1.560000e-06	7.998830e-06	1.433283e-08	5.621314e+01	8.515223e+02
1.570000e-06	8.023437e-06	1.434750e-08	5.638607e+01	8.524932e+02
1.580000e-06	8.045292e-06	1.436016e-08	5.653966e+01	8.533293e+02
1.590000e-06	8.064446e-06	1.437084e-08	5.667427e+01	8.540328e+02
1.600000e-06	8.080676e-06	1.437755e-08	5.678833e+01	8.546068e+02
1.610000e-06	8.093831e-06	1.438150e-08	5.688077e+01	8.550554e+02
1.620000e-06	8.103845e-06	1.438535e-08	5.695115e+01	8.553843e+02
1.630000e-06	8.110902e-06	1.439128e-08	5.700075e+01	8.556007e+02
1.640000e-06	8.115221e-06	1.439516e-08	5.703109e+01	8.557119e+02
1.650000e-06	8.116701e-06	1.439243e-08	5.704150e+01	8.557245e+02
1.660000e-06	8.115380e-06	1.439323e-08	5.703221e+01	8.556427e+02
1.670000e-06	8.111458e-06	1.439136e-08	5.700465e+01	8.554682e+02
1.680000e-06	8.104822e-06	1.438550e-08	5.695802e+01	8.551992e+02
1.690000e-06	8.095480e-06	1.437550e-08	5.689236e+01	8.548311e+02
1.700000e-06	8.083372e-06	1.436141e-08	5.680727e+01	8.543576e+02
1.710000e-06	8.068404e-06	1.434463e-08	5.670208e+01	8.537721e+02
1.720000e-06	8.050931e-06	1.431796e-08	5.657928e+01	8.530706e+02
1.730000e-06	8.031156e-06	1.436704e-08	5.644032e+01	8.522527e+02
1.740000e-06	8.008541e-06	1.439572e-08	5.628138e+01	8.513236e+02
1.750000e-06	7.982400e-06	1.432708e-08	5.609768e+01	8.502935e+02
1.760000e-06	7.952627e-06	1.427304e-08	5.588844e+01	8.491759e+02
1.770000e-06	7.919784e-06	1.425948e-08	5.565763e+01	8.479846e+02
1.780000e-06	7.884489e-06	1.420692e-08	5.540959e+01	8.467293e+02
1.790000e-06	7.846802e-06	1.417412e-08	5.514473e+01	8.454125e+02
1.800000e-06	7.806910e-06	1.421942e-08	5.486439e+01	8.440274e+02
1.810000e-06	7.764723e-06	1.411437e-08	5.456791e+01	8.425586e+02
1.820000e-06	7.719888e-06	1.416154e-08	5.425282e+01	8.409863e+02
1.830000e-06	7.672353e-06	1.417124e-08	5.391877e+01	8.392916e+02
1.840000e-06	7.621838e-06	1.406378e-08	5.356376e+01	8.374624e+02
1.850000e-06	7.568319e-06	1.407983e-08	5.318765e+01	8.354975e+02
1.860000e-06	7.511948e-06	1.395937e-08	5.279149e+01	8.334074e+02
1.870000e-06	7.452852e-06	1.399412e-08	5.237618e+01	8.312107e+02
1.880000e-06	7.391176e-06	1.394521e-08	5.194274e+01	8.289283e+02
1.890000e-06	7.326687e-06	1.387232e-08	5.148954e+01	8.265750e+02
1.900000e-06	7.259480e-06	1.390147e-08	5.101723e+01	8.241544e+02
1.910000e-06	7.189572e-06	1.381249e-08	5.052594e+01	8.216562e+02
1.920000e-06	7.116897e-06	1.380192e-08	5.001521e+01	8.190590e+02
1.930000e-06	7.041528e-06	1.368891e-08	4.948553e+01	8.163369e+02
1.940000e-06	6.963400e-06	1.366571e-08	4.893648e+01	8.134683e+02
1.950000e-06	6.882756e-06	1.364127e-08	4.836974e+01	8.104429e+02
1.960000e-06	6.799637e-06	1.356106e-08	4.778560e+01	8.072653e+02
1.970000e-06	6.714045e-06	1.354872e-08	4.718409e+01	8.039526e+02
1.980000e-06	6.626018e-06	1.344233e-08	4.656547e+01	8.005281e+02
1.990000e-06	6.535651e-06	1.341965e-08	4.593040e+01	7.970123e+02
2.000000e-06	6.443038e-06	1.333168e-08	4.527954e+01	7.934147e+02
2.010000e-06	6.348054e-06	1.327187e-08	4.461203e+01	7.897299e+02
2.020000e-06	6.250851e-06	1.321225e-08	4.392892e+01	7.859396e+02
2.030000e-06	6.151487e-06	1.314976e-08	4.323062e+01	7.820186e+02
2.040000e-06	6.049904e-06	1.310539e-08	4.251673e+01	7.779442e+02
2.050000e-06	5.946049e-06	1.300334e-08	4.178687e+01	7.737038e+02
2.060000e-06	5.840075e-06	1.293918e-08	4.104212e+01	7.692990e+02
2.070000e-06	5.732111e-06	1.284345e-08	4.028338e+01	7.647437e+02
2.080000e-06	5.622080e-06	1.278555e-08	3.951013e+01	7.600574e+02
2.090000e-06	5.509919e-06	1.269566e-08	3.872190e+01	7.552563e+02
2.100000e-06	5.395569e-06	1.261826e-08	3.791828e+01	7.503459e+02
2.110000e-06	5.279184e-06	1.253655e-08	3.710037e+01	7.453179e+02
2.120000e-06	5.160709e-06	1.245064e-08	3.626776e+01	7.401529e+02
2.130000e-06	5.040267e-06	1.235298e-08	3.542134e+01	7.348278e+02
2.140000e-06	4.918094e-06	1.224858e-08	3.456274e+01	7.293247e+02
2.150000e-06	4.794159e-06	1.216578e-08	3.369177e+01	7.236383e+02
2.160000e-06	4.668440e-06	1.207068e-08	3.280826e+01	7.177774e+02
2.170000e-06	4.541003e-06	1.198034e-08	3.191267e+01	7.117613e+02
2.180000e-06	4.412015e-06	1.186746e-08	3.100619e+01	7.056112e+02
2.190000e-06	4.281534e-06	1.176763e-08	3.008921e+01	6.993400e+02
2.200000e-06	4.149493e-06	1.165381e-08	2.916127e+01	6.929455e+02
2.210000e-06	4.015961e-06	1.154039e-08	2.822285e+01	6.864083e+02
2.220000e-06	3.881025e-06	1.141889e-08	2.727456e+01	6.796969e+02
2.230000e-06	3.744626e-06	1.130782e-08	2.631600e+01	6.727774e+02
2.240000e-06	3.606786e-06	1.119912e-08	2.534730e+01	6.656239e+02
2.250000e-06	3.467583e-06	1.107599e-08	2.436903e+01	6.582263e+02
2.260000e-06	3.327102e-06	1.094678e-08	2.338178e+01	6.505923e+02
2.270000e-06	3.185359e-06	1.080885e-08	2.238565e+01	6.427422e+02
2.280000e-06	3.042396e-06	1.067699e-08	2.138096e+01	6.346995e+02
2.290000e-06	2.898290e-06	1.053476e-08	2.036822e+01	6.264800e+02
2.300000e-06	2.753191e-06	1.038978e-08	1.934852e+01	6.180839e+02
2.310000e-06	2.607203e-06	1.024304e-08	1.832256e+01	6.094945e+02
2.320000e-06	2.460270e-06	1.010141e-08	1.728997e+01	6.006824e+02
2.330000e-06	2.312442e-06	9.954612e-09	1.625108e+01	5.916141e+02
2.340000e-06	2.163780e-06	9.795295e-09	1.520633e+01	5.822626e+02
2.350000e-06	2.014387e-06	9.629728e-09	1.415645e+01	5.726132e+02
2.360000e-06	1.864344e-06	9.461355e-09	1.310200e+01	5.626650e+02
2.370000e-06	1.713669e-06	9.290344e-09	1.204310e+01	5.524265e+02
2.380000e-06	1.562365e-06	9.109322e-09	1.097978e+01	5.419067e+02
2.390000e-06	1.410466e-06	8.924777e-09	9.912292e+00	5.311072e+02
2.400000e-06	1.258036e-06	8.741822e-09	8.841064e+00	5.200166e+02
2.410000e-06	1.105169e-06	8.553690e-09	7.766760e+00	5.086098e+02
2.420000e-06	9.519297e-07	8.355478e-09	6.689848e+00	4.968525e+02
2.430000e-06	7.983786e-07	8.150817e-09	5.610741e+00	4.847071e+02
2.440000e-06	6.445739e-07	7.941328e-09	4.529852e+00	4.721373e+02
2.450000e-06	4.905077e-07	7.723455e-09	3.447126e+00	4.591101e+02
2.460000e-06	3.362562e-07	7.492542e-09	2.363097e+00	4.455921e+02
2.470000e-06	1.819263e-07	7.252735e-09	1.278518e+00	4.315446e+02
2.480000e-06	2.755495e-08	7.006854e-09	1.936471e-01	4.169172e+02
2.490000e-06	-1.268275e-07	6.752275e-09	-8.913016e-01	4.016474e+02
2.500000e-06	-2.811856e-07	6.484622e-09	-1.976079e+00	3.856642e+02
2.510000e-06	-4.354395e-07	6.205240e-09	-3.060125e+00	3.688987e+02
2.520000e-06	-5.895327e-07	5.914651e-09	-4.143042e+00	3.512952e+02
2.530000e-06	-7.434011e-07	5.606961e-09	-5.224378e+00	3.328213e+02
2.540000e-06	-8.969543e-07	5.279397e-09	-6.303499e+00	3.134686e+02
2.550000e-06	-1.050158e-06	4.933657e-09	-7.380165e+00	2.932454e+02
2.560000e-06	-1.202980e-06	4.575151e-09	-8.454146e+00	2.721587e+02
2.570000e-06	-1.355363e-06	4.204349e-09	-9.525045e+00	2.501925e+02
2.580000e-06	-1.507178e-06	3.820554e-09	-1.059195e+01	2.272880e+02
2.590000e-06	-1.658394e-06	3.421491e-09	-1.165465e+01	2.033338e+02
2.600000e-06	-1.809022e-06	3.004620e-09	-1.271321e+01	1.781691e+02
2.610000e-06	-1.959064e-06	2.563963e-09	-1.376766e+01	1.516034e+02
2.620000e-06	-2.108498e-06	2.091188e-09	-1.481783e+01	1.234467e+02
2.630000e-06	-2.257107e-06	1.583959e-09	-1.586220e+01	9.354573e+01
2.640000e-06	-2.404822e-06	1.046807e-09	-1.690030e+01	6.181693e+01
2.650000e-06	-2.551706e-06	4.830149e-10	-1.793255e+01	2.826924e+01
2.660000e-06	-2.697668e-06	-1.069229e-10	-1.895832e+01	-6.986451e+00
2.670000e-06	-2.842702e-06	-7.202130e-10	-1.997758e+01	-4.374209e+01
2.680000e-06	-2.986741e-06	-1.351434e-09	-2.098983e+01	-8.170814e+01
2.690000e-06	-3.129623e-06	-1.997187e-09	-2.199396e+01	-1.205352e+02
2.700000e-06	-3.271338e-06	-2.654897e-09	-2.298989e+01	-1.598373e+02
2.710000e-06	-3.411779e-06	-3.318748e-09	-2.397685e+01	-1.992123e+02
2.720000e-06	-3.550823e-06	-3.979420e-09	-2.495401e+01	-2.382606e+02
2.730000e-06	-3.688513e-06	-4.627049e-09	-2.592165e+01	-2.766003e+02
2.740000e-06	-3.824890e-06	-5.257339e-09	-2.688006e+01	-3.138822e+02
2.750000e-06	-3.959930e-06	-5.862756e-09	-2.782908e+01	-3.498039e+02
2.760000e-06	-4.093587e-06	-6.437336e-09	-2.876838e+01	-3.841236e+02
2.770000e-06	-4.225744e-06	-6.979777e-09	-2.969714e+01	-4.166706e+02
2.780000e-06	-4.356329e-06	-7.491824e-09	-3.061484e+01	-4.473500e+02
2.790000e-06	-4.485413e-06	-7.976282e-09	-3.152200e+01	-4.761392e+02
2.800000e-06	-4.613004e-06	-8.431086e-09	-3.241867e+01	-5.030765e+02
2.810000e-06	-4.739005e-06	-8.856733e-09	-3.330416e+01	-5.282429e+02
2.820000e-06	-4.863263e-06	-9.256780e-09	-3.417741e+01	-5.517411e+02
2.830000e-06	-4.985735e-06	-9.630354e-09	-3.503810e+01	-5.736767e+02
2.840000e-06	-5.106436e-06	-9.976620e-09	-3.588635e+01	-5.941455e+02
2.850000e-06	-5.225251e-06	-1.029818e-08	-3.672134e+01	-6.132289e+02
2.860000e-06	-5.341996e-06	-1.059683e-08	-3.754179e+01	-6.309964e+02
2.870000e-06	-5.456519e-06	-1.087463e-08	-3.834662e+01	-6.475137e+02
2.880000e-06	-5.568879e-06	-1.113114e-08	-3.913624e+01	-6.628499e+02
2.890000e-06	-5.679136e-06	-1.136922e-08	-3.991109e+01	-6.770834e+02
2.900000e-06	-5.787338e-06	-1.159411e-08	-4.067150e+01	-6.903009e+02
2.910000e-06	-5.893644e-06	-1.180549e-08	-4.141859e+01	-7.025925e+02
2.920000e-06	-5.997929e-06	-1.199982e-08	-4.215147e+01	-7.140435e+02
2.930000e-06	-6.100005e-06	-1.217883e-08	-4.286882e+01	-7.247263e+02
2.940000e-06	-6.199856e-06	-1.234645e-08	-4.357055e+01	-7.346964e+02
2.950000e-06	-6.297522e-06	-1.250379e-08	-4.425691e+01	-7.439929e+02
2.960000e-06	-6.393011e-06	-1.265014e-08	-4.492798e+01	-7.526434e+02
2.970000e-06	-6.486230e-06	-1.278638e-08	-4.558309e+01	-7.606723e+02
2.980000e-06	-6.577154e-06	-1.291364e-08	-4.622207e+01	-7.681084e+02
2.990000e-06	-6.665797e-06	-1.303336e-08	-4.684502e+01	-7.749896e+02
3.000000e-06	-6.752069e-06	-1.314391e-08	-4.745132e+01	-7.813633e+02
3.010000e-06	-6.835911e-06	-1.324229e-08	-4.804053e+01	-7.872833e+02
3.020000e-06	-6.917376e-06	-1.333344e-08	-4.861304e+01	-7.928028e+02
3.030000e-06	-6.996341e-06	-1.342141e-08	-4.916797e+01	-7.979689e+02
3.040000e-06	-7.072600e-06	-1.350630e-08	-4.970390e+01	-8.028177e+02
3.050000e-06	-7.146214e-06	-1.358463e-08	-5.022123e+01	-8.073734e+02
3.060000e-06	-7.217248e-06	-1.365760e-08	-5.072044e+01	-8.116499e+02
3.070000e-06	-7.285655e-06	-1.372693e-08	-5.120118e+01	-8.156556e+02
3.080000e-06	-7.351513e-06	-1.379122e-08	-5.166401e+01	-8.193970e+02
3.090000e-06	-7.414814e-06	-1.384833e-08	-5.210887e+01	-8.228822e+02
3.100000e-06	-7.475437e-06	-1.390030e-08	-5.253490e+01	-8.261225e+02
3.110000e-06	-7.533416e-06	-1.395058e-08	-5.294236e+01	-8.291314e+02
3.120000e-06	-7.588651e-06	-1.399907e-08	-5.333054e+01	-8.319230e+02
3.130000e-06	-7.640891e-06	-1.404430e-08	-5.369766e+01	-8.345101e+02
3.140000e-06	-7.690060e-06	-1.408609e-08	-5.404321e+01	-8.369032e+02
3.150000e-06	-7.736333e-06	-1.412469e-08	-5.436839e+01	-8.391100e+02
3.160000e-06	-7.780040e-06	-1.415940e-08	-5.467555e+01	-8.411369e+02
3.170000e-06	-7.821197e-06	-1.418981e-08	-5.496479e+01	-8.429898e+02
3.180000e-06	-7.859568e-06	-1.421673e-08	-5.523445e+01	-8.446750e+02
3.190000e-06	-7.895166e-06	-1.424307e-08	-5.548462e+01	-8.461995e+02
3.200000e-06	-7.928064e-06	-1.427010e-08	-5.571582e+01	-8.475709e+02
3.210000e-06	-7.958097e-06	-1.429477e-08	-5.592688e+01	-8.487958e+02
3.220000e-06	-7.985192e-06	-1.431510e-08	-5.611730e+01	-8.498797e+02
3.230000e-06	-8.009512e-06	-1.433247e-08	-5.628821e+01	-8.508265e+02
3.240000e-06	-8.030981e-06	-1.434711e-08	-5.643909e+01	-8.516388e+02
3.250000e-06	-8.049626e-06	-1.435790e-08	-5.657011e+01	-8.523192e+02
3.260000e-06	-8.065433e-06	-1.436590e-08	-5.668120e+01	-8.528706e+02
3.270000e-06	-8.078128e-06	-1.437370e-08	-5.677042e+01	-8.532975e+02
3.280000e-06	-8.087843e-06	-1.438216e-08	-5.683869e+01	-8.536060e+02
3.290000e-06	-8.094678e-06	-1.438833e-08	-5.688672e+01	-8.538033e+02
3.300000e-06	-8.098632e-06	-1.439328e-08	-5.691451e+01	-8.538966e+02
3.310000e-06	-8.099829e-06	-1.439591e-08	-5.692293e+01	-8.538922e+02
