# Configuracion:
# Concentracion g/m^3_=_11780.0
# C_Vs_to_Am_M_A/Vsm_=_59384043850.047264
# pendiente_HvsI_1/m_=_3716.3
# ordenada_HvsI_A/m_=_1297.0
# frecuencia_ref_Hz_=_301540.8268495278
# 
Resultados:
# tau_ns_=_(1.34+/-0.04)e+02
# dphi_rad_=_6.53+/-0.01
# SAR_W/g_=_1285.20+/-24.58
# Hc_kA/m_=_18.26+/-0.36
# Mr_A/m_=_398.13+/-0.80
# Magnetizacion_max_=_804.45+/-7.72
# Suceptibilidad_a_M=0_=_(3.413+/-0.076)e-02

Nombre_archivo	Time_m_(s)	Temperatura_(ºC)	Mr_(A/m)	Hc_(kA/m)	Campo_max_(A/m)	Mag_max_(A/m)	f0	mag0	dphi0	SAR_(W/g)	Tau_(ns)	N	xi_M_0
300kHz_150dA_100Mss_bobN1M17EG-0011.txt	10.47	27.34	399.93	18.73	57041.50	800.54	3.015292e+05	6.679437e+01	6.540955e+00	1325.19	139.149186	4643	3.325e-02
300kHz_150dA_100Mss_bobN1M17EG-0012.txt	10.93	29.04	398.00	18.90	57041.50	798.27	3.015292e+05	6.650521e+01	6.543279e+00	1331.08	140.463859	4643	3.324e-02
300kHz_150dA_100Mss_bobN1M17EG-0013.txt	11.4	30.82	399.26	18.68	57041.50	797.23	3.015292e+05	6.658599e+01	6.539820e+00	1315.37	138.508746	4643	3.342e-02
300kHz_150dA_100Mss_bobN1M17EG-0014.txt	11.85	32.53	398.89	18.59	57041.50	798.68	3.015292e+05	6.671665e+01	6.538104e+00	1309.33	137.541641	4643	3.320e-02
300kHz_150dA_100Mss_bobN1M17EG-0015.txt	12.31	34.22	399.24	18.57	57041.50	799.58	3.015292e+05	6.679361e+01	6.537827e+00	1309.44	137.384196	4643	3.306e-02
300kHz_150dA_100Mss_bobN1M17EG-0016.txt	12.77	35.87	399.75	18.54	57041.50	797.67	3.015292e+05	6.669698e+01	6.537667e+00	1306.75	137.294600	4643	3.331e-02
300kHz_150dA_100Mss_bobN1M17EG-0017.txt	13.23	37.53	398.84	18.62	57041.50	798.85	3.015292e+05	6.671712e+01	6.538248e+00	1310.06	137.623674	4643	3.293e-02
300kHz_150dA_100Mss_bobN1M17EG-0018.txt	13.67	39.11	398.12	18.48	57041.50	799.36	3.015292e+05	6.679648e+01	6.535694e+00	1298.77	136.184320	4643	3.353e-02
300kHz_150dA_100Mss_bobN1M17EG-0019.txt	14.59	42.42	398.10	18.32	57041.50	801.97	3.015292e+05	6.699699e+01	6.532969e+00	1288.91	134.651149	4643	3.418e-02
300kHz_150dA_100Mss_bobN1M17EG-0020.txt	15.04	44.04	397.58	18.33	57041.50	800.14	3.015292e+05	6.689207e+01	6.532648e+00	1285.26	134.471028	4643	3.396e-02
300kHz_150dA_100Mss_bobN1M17EG-0021.txt	15.53	45.70	397.53	18.34	57041.50	802.69	3.015292e+05	6.708087e+01	6.532605e+00	1288.67	134.447215	4643	3.393e-02
300kHz_150dA_100Mss_bobN1M17EG-0022.txt	15.98	47.23	397.78	18.25	57041.50	799.33	3.015292e+05	6.689114e+01	6.531755e+00	1280.74	133.968915	4643	3.433e-02
300kHz_150dA_100Mss_bobN1M17EG-0023.txt	16.43	48.68	397.89	18.24	57041.50	798.10	3.015292e+05	6.681057e+01	6.531642e+00	1278.63	133.905832	4643	3.433e-02
300kHz_150dA_100Mss_bobN1M17EG-0024.txt	16.89	50.15	397.42	18.16	57041.50	798.64	3.015292e+05	6.686257e+01	6.530219e+00	1272.45	133.106538	4643	3.438e-02
300kHz_150dA_100Mss_bobN1M17EG-0025.txt	17.35	51.59	397.77	18.00	57041.50	807.55	3.015292e+05	6.756127e+01	6.526639e+00	1267.48	131.098290	4643	3.502e-02
300kHz_150dA_100Mss_bobN1M17EG-0026.txt	17.81	53.01	397.39	18.06	57041.50	806.42	3.015292e+05	6.742593e+01	6.527697e+00	1270.33	131.690917	4643	3.484e-02
300kHz_150dA_100Mss_bobN1M17EG-0027.txt	18.25	54.35	397.14	17.97	57041.50	813.63	3.015292e+05	6.794824e+01	6.525034e+00	1266.50	130.199325	4643	3.494e-02
300kHz_150dA_100Mss_bobN1M17EG-0028.txt	18.69	55.67	397.34	17.94	57041.50	810.13	3.015292e+05	6.774304e+01	6.525083e+00	1262.93	130.226698	4643	3.529e-02
300kHz_150dA_100Mss_bobN1M17EG-0029.txt	19.15	57.04	397.49	17.87	57041.50	812.81	3.015292e+05	6.794705e+01	6.523673e+00	1259.49	129.436796	4643	3.473e-02
300kHz_150dA_100Mss_bobN1M17EG-0030.txt	19.6	58.34	397.67	17.81	57041.50	810.73	3.015292e+05	6.785118e+01	6.522766e+00	1253.06	128.929608	4643	3.497e-02
300kHz_150dA_100Mss_bobN1M17EG-0031.txt	20.06	59.67	397.71	17.58	57041.50	823.63	3.015292e+05	6.886670e+01	6.517783e+00	1245.86	126.145050	4643	3.498e-02
300kHz_150dA_100Mss_bobN1M17EG-0032.txt	20.53	60.98	398.05	17.64	57041.50	822.02	3.015292e+05	6.872572e+01	6.518719e+00	1248.18	126.668151	4643	3.513e-02
