# Temperatura_=_45.24227272727273
# Concentracion g/m^3_=_11780.0
# C_Vs_to_Am_M_A/Vsm_=_59384043850.047264
# pendiente_HvsI_1/m_=_3716.3
# ordenada_HvsI_A/m_=_1297.0
# frecuencia_Hz_=_301540.8268495278
# Promedio de 22 ciclos

Tiempo_(s)	Campo_(V.s)	Magnetizacion_(V.s)	Campo_(kA/m)	Magnetizacion_(A/m)
0.000000e+00	-8.135087e-09	-1.352101e-08	-5.689516e+01	-8.026925e+02
1.000000e-08	-8.131920e-09	-1.351818e-08	-5.687301e+01	-8.026030e+02
2.000000e-08	-8.126090e-09	-1.351467e-08	-5.683224e+01	-8.024382e+02
3.000000e-08	-8.117631e-09	-1.351098e-08	-5.677309e+01	-8.021850e+02
4.000000e-08	-8.106323e-09	-1.350670e-08	-5.669400e+01	-8.018311e+02
5.000000e-08	-8.092047e-09	-1.350065e-08	-5.659416e+01	-8.013682e+02
6.000000e-08	-8.074887e-09	-1.349341e-08	-5.647415e+01	-8.007942e+02
7.000000e-08	-8.055234e-09	-1.348662e-08	-5.633670e+01	-8.001129e+02
8.000000e-08	-8.033105e-09	-1.346621e-08	-5.618194e+01	-7.993329e+02
9.000000e-08	-8.007848e-09	-1.342246e-08	-5.600530e+01	-7.984643e+02
1.000000e-07	-7.979247e-09	-1.339738e-08	-5.580528e+01	-7.975163e+02
1.100000e-07	-7.947666e-09	-1.340677e-08	-5.558440e+01	-7.964941e+02
1.200000e-07	-7.913289e-09	-1.341524e-08	-5.534398e+01	-7.953977e+02
1.300000e-07	-7.876338e-09	-1.339472e-08	-5.508556e+01	-7.942221e+02
1.400000e-07	-7.837183e-09	-1.337332e-08	-5.481172e+01	-7.929594e+02
1.500000e-07	-7.795685e-09	-1.335915e-08	-5.452149e+01	-7.916011e+02
1.600000e-07	-7.751402e-09	-1.332315e-08	-5.421179e+01	-7.901419e+02
1.700000e-07	-7.704360e-09	-1.328949e-08	-5.388279e+01	-7.885815e+02
1.800000e-07	-7.654457e-09	-1.323242e-08	-5.353378e+01	-7.869254e+02
1.900000e-07	-7.601401e-09	-1.321425e-08	-5.316273e+01	-7.851834e+02
2.000000e-07	-7.545493e-09	-1.322356e-08	-5.277172e+01	-7.833663e+02
2.100000e-07	-7.486903e-09	-1.317982e-08	-5.236195e+01	-7.814816e+02
2.200000e-07	-7.425663e-09	-1.313936e-08	-5.193365e+01	-7.795306e+02
2.300000e-07	-7.361785e-09	-1.310456e-08	-5.148691e+01	-7.775065e+02
2.400000e-07	-7.295092e-09	-1.308127e-08	-5.102047e+01	-7.753957e+02
2.500000e-07	-7.225692e-09	-1.303352e-08	-5.053510e+01	-7.731822e+02
2.600000e-07	-7.153622e-09	-1.296913e-08	-5.003107e+01	-7.708520e+02
2.700000e-07	-7.078770e-09	-1.294189e-08	-4.950757e+01	-7.683982e+02
2.800000e-07	-7.001115e-09	-1.292254e-08	-4.896447e+01	-7.658231e+02
2.900000e-07	-6.920716e-09	-1.287677e-08	-4.840218e+01	-7.631369e+02
3.000000e-07	-6.837859e-09	-1.280563e-08	-4.782269e+01	-7.603540e+02
3.100000e-07	-6.752768e-09	-1.276141e-08	-4.722759e+01	-7.574866e+02
3.200000e-07	-6.665368e-09	-1.272947e-08	-4.661633e+01	-7.545394e+02
3.300000e-07	-6.575579e-09	-1.266994e-08	-4.598836e+01	-7.515075e+02
3.400000e-07	-6.483456e-09	-1.260465e-08	-4.534408e+01	-7.483768e+02
3.500000e-07	-6.389040e-09	-1.254950e-08	-4.468375e+01	-7.451299e+02
3.600000e-07	-6.292246e-09	-1.250693e-08	-4.400680e+01	-7.417518e+02
3.700000e-07	-6.193090e-09	-1.244871e-08	-4.331333e+01	-7.382364e+02
3.800000e-07	-6.091736e-09	-1.237414e-08	-4.260448e+01	-7.345886e+02
3.900000e-07	-5.988221e-09	-1.230952e-08	-4.188052e+01	-7.308221e+02
4.000000e-07	-5.882509e-09	-1.225859e-08	-4.114119e+01	-7.269536e+02
4.100000e-07	-5.774667e-09	-1.220027e-08	-4.038696e+01	-7.229949e+02
4.200000e-07	-5.664806e-09	-1.211730e-08	-3.961862e+01	-7.189463e+02
4.300000e-07	-5.552911e-09	-1.203926e-08	-3.883605e+01	-7.147945e+02
4.400000e-07	-5.438841e-09	-1.197545e-08	-3.803828e+01	-7.105158e+02
4.500000e-07	-5.322585e-09	-1.190657e-08	-3.722521e+01	-7.060839e+02
4.600000e-07	-5.204280e-09	-1.182049e-08	-3.639781e+01	-7.014790e+02
4.700000e-07	-5.084096e-09	-1.173616e-08	-3.555727e+01	-6.966953e+02
4.800000e-07	-4.962094e-09	-1.166512e-08	-3.470402e+01	-6.917435e+02
4.900000e-07	-4.838266e-09	-1.158666e-08	-3.383798e+01	-6.866460e+02
5.000000e-07	-4.712702e-09	-1.148872e-08	-3.295982e+01	-6.814285e+02
5.100000e-07	-4.585511e-09	-1.138714e-08	-3.207027e+01	-6.761087e+02
5.200000e-07	-4.456698e-09	-1.129981e-08	-3.116938e+01	-6.706882e+02
5.300000e-07	-4.326235e-09	-1.121302e-08	-3.025695e+01	-6.651497e+02
5.400000e-07	-4.194140e-09	-1.111262e-08	-2.933310e+01	-6.594617e+02
5.500000e-07	-4.060535e-09	-1.100795e-08	-2.839870e+01	-6.535889e+02
5.600000e-07	-3.925496e-09	-1.091325e-08	-2.745427e+01	-6.475035e+02
5.700000e-07	-3.789000e-09	-1.081588e-08	-2.649964e+01	-6.411946e+02
5.800000e-07	-3.651070e-09	-1.069993e-08	-2.553499e+01	-6.346700e+02
5.900000e-07	-3.511723e-09	-1.057619e-08	-2.456043e+01	-6.279515e+02
6.000000e-07	-3.370949e-09	-1.046403e-08	-2.357589e+01	-6.210636e+02
6.100000e-07	-3.228777e-09	-1.035611e-08	-2.258157e+01	-6.140215e+02
6.200000e-07	-3.085324e-09	-1.023261e-08	-2.157829e+01	-6.068222e+02
6.300000e-07	-2.940752e-09	-1.009873e-08	-2.056718e+01	-5.994430e+02
6.400000e-07	-2.795156e-09	-9.970770e-09	-1.954892e+01	-5.918472e+02
6.500000e-07	-2.648558e-09	-9.845050e-09	-1.852364e+01	-5.839965e+02
6.600000e-07	-2.501050e-09	-9.705189e-09	-1.749200e+01	-5.758628e+02
6.700000e-07	-2.352765e-09	-9.555382e-09	-1.645492e+01	-5.674368e+02
6.800000e-07	-2.203714e-09	-9.411730e-09	-1.541249e+01	-5.587284e+02
6.900000e-07	-2.053873e-09	-9.271286e-09	-1.436453e+01	-5.497591e+02
7.000000e-07	-1.903299e-09	-9.116962e-09	-1.331144e+01	-5.405489e+02
7.100000e-07	-1.752061e-09	-8.949977e-09	-1.225371e+01	-5.311036e+02
7.200000e-07	-1.600202e-09	-8.783915e-09	-1.119165e+01	-5.214071e+02
7.300000e-07	-1.447754e-09	-8.620497e-09	-1.012546e+01	-5.114226e+02
7.400000e-07	-1.294765e-09	-8.447839e-09	-9.055485e+00	-5.011013e+02
7.500000e-07	-1.141292e-09	-8.263451e-09	-7.982129e+00	-4.903965e+02
7.600000e-07	-9.873890e-10	-8.078143e-09	-6.905765e+00	-4.792761e+02
7.700000e-07	-8.331189e-10	-7.892151e-09	-5.826832e+00	-4.677275e+02
7.800000e-07	-6.785443e-10	-7.691952e-09	-4.745769e+00	-4.557538e+02
7.900000e-07	-5.237414e-10	-7.474935e-09	-3.663109e+00	-4.433600e+02
8.000000e-07	-3.687768e-10	-7.255081e-09	-2.579318e+00	-4.305360e+02
8.100000e-07	-2.136802e-10	-7.035400e-09	-1.494605e+00	-4.172416e+02
8.200000e-07	-5.847885e-11	-6.804430e-09	-4.091584e-01	-4.034014e+02
8.300000e-07	9.673776e-11	-6.557521e-09	6.763947e-01	-3.889122e+02
8.400000e-07	2.518934e-10	-6.300710e-09	1.761522e+00	-3.736608e+02
8.500000e-07	4.069651e-10	-6.033782e-09	2.846062e+00	-3.575474e+02
8.600000e-07	5.619020e-10	-5.746190e-09	3.929660e+00	-3.405054e+02
8.700000e-07	7.166313e-10	-5.433819e-09	5.011805e+00	-3.225110e+02
8.800000e-07	8.710897e-10	-5.107483e-09	6.092056e+00	-3.035760e+02
8.900000e-07	1.025231e-09	-4.775968e-09	7.170091e+00	-2.837278e+02
9.000000e-07	1.178972e-09	-4.431315e-09	8.245324e+00	-2.629799e+02
9.100000e-07	1.332263e-09	-4.065191e-09	9.317409e+00	-2.413042e+02
9.200000e-07	1.485071e-09	-3.682124e-09	1.038612e+01	-2.186138e+02
9.300000e-07	1.637326e-09	-3.284476e-09	1.145096e+01	-1.947627e+02
9.400000e-07	1.788984e-09	-2.859772e-09	1.251162e+01	-1.695644e+02
9.500000e-07	1.939999e-09	-2.399879e-09	1.356779e+01	-1.428247e+02
9.600000e-07	2.090307e-09	-1.912321e-09	1.461901e+01	-1.143810e+02
9.700000e-07	2.239850e-09	-1.403559e-09	1.566489e+01	-8.413821e+01
9.800000e-07	2.388574e-09	-8.665688e-10	1.670503e+01	-5.209360e+01
9.900000e-07	2.536446e-09	-2.937907e-10	1.773923e+01	-1.834690e+01
1.000000e-06	2.683443e-09	3.058361e-10	1.876729e+01	1.690462e+01
1.010000e-06	2.829499e-09	9.202225e-10	1.978879e+01	5.338189e+01
1.020000e-06	2.974544e-09	1.547992e-09	2.080320e+01	9.074523e+01
1.030000e-06	3.118503e-09	2.191146e-09	2.181002e+01	1.286163e+02
1.040000e-06	3.261319e-09	2.837640e-09	2.280885e+01	1.665979e+02
1.050000e-06	3.402908e-09	3.472583e-09	2.379909e+01	2.042920e+02
1.060000e-06	3.543165e-09	4.092918e-09	2.478003e+01	2.413157e+02
1.070000e-06	3.682059e-09	4.700811e-09	2.575142e+01	2.773189e+02
1.080000e-06	3.819584e-09	5.288608e-09	2.671324e+01	3.120011e+02
1.090000e-06	3.955686e-09	5.845156e-09	2.766511e+01	3.451280e+02
1.100000e-06	4.090318e-09	6.369998e-09	2.860670e+01	3.765418e+02
1.110000e-06	4.223472e-09	6.869146e-09	2.953796e+01	4.061653e+02
1.120000e-06	4.355095e-09	7.341782e-09	3.045851e+01	4.339938e+02
1.130000e-06	4.485157e-09	7.780860e-09	3.136813e+01	4.600789e+02
1.140000e-06	4.613638e-09	8.187877e-09	3.226671e+01	4.845053e+02
1.150000e-06	4.740499e-09	8.571318e-09	3.315395e+01	5.073683e+02
1.160000e-06	4.865723e-09	8.933444e-09	3.402974e+01	5.287555e+02
1.170000e-06	4.989242e-09	9.267776e-09	3.489361e+01	5.487382e+02
1.180000e-06	5.110987e-09	9.574965e-09	3.574508e+01	5.673731e+02
1.190000e-06	5.230878e-09	9.863884e-09	3.658356e+01	5.847107e+02
1.200000e-06	5.348827e-09	1.013812e-08	3.740848e+01	6.008075e+02
1.210000e-06	5.464745e-09	1.039096e-08	3.821919e+01	6.157344e+02
1.220000e-06	5.578536e-09	1.062112e-08	3.901502e+01	6.295796e+02
1.230000e-06	5.690209e-09	1.083604e-08	3.979605e+01	6.424429e+02
1.240000e-06	5.799883e-09	1.104042e-08	4.056308e+01	6.544251e+02
1.250000e-06	5.907556e-09	1.123020e-08	4.131613e+01	6.656160e+02
1.260000e-06	6.013098e-09	1.140288e-08	4.205427e+01	6.760844e+02
1.270000e-06	6.116440e-09	1.156416e-08	4.277703e+01	6.858762e+02
1.280000e-06	6.217585e-09	1.171880e-08	4.348442e+01	6.950179e+02
1.290000e-06	6.316469e-09	1.186389e-08	4.417599e+01	7.035269e+02
1.300000e-06	6.412994e-09	1.199505e-08	4.485107e+01	7.114220e+02
1.310000e-06	6.507249e-09	1.211511e-08	4.551028e+01	7.187319e+02
1.320000e-06	6.599288e-09	1.222783e-08	4.615398e+01	7.254982e+02
1.330000e-06	6.688992e-09	1.233227e-08	4.678136e+01	7.317730e+02
1.340000e-06	6.776318e-09	1.242754e-08	4.739210e+01	7.376109e+02
1.350000e-06	6.861336e-09	1.251801e-08	4.798670e+01	7.430616e+02
1.360000e-06	6.943992e-09	1.260602e-08	4.856479e+01	7.481638e+02
1.370000e-06	7.024133e-09	1.268853e-08	4.912528e+01	7.529432e+02
1.380000e-06	7.101700e-09	1.276267e-08	4.966777e+01	7.574157e+02
1.390000e-06	7.176592e-09	1.283098e-08	5.019156e+01	7.615930e+02
1.400000e-06	7.248788e-09	1.289650e-08	5.069648e+01	7.654882e+02
1.410000e-06	7.318435e-09	1.295757e-08	5.118358e+01	7.691191e+02
1.420000e-06	7.385494e-09	1.301221e-08	5.165258e+01	7.725085e+02
1.430000e-06	7.449876e-09	1.306264e-08	5.210286e+01	7.756800e+02
1.440000e-06	7.511713e-09	1.311321e-08	5.253533e+01	7.786533e+02
1.450000e-06	7.571005e-09	1.316400e-08	5.295002e+01	7.814402e+02
1.460000e-06	7.627584e-09	1.321071e-08	5.334572e+01	7.840432e+02
1.470000e-06	7.681317e-09	1.325040e-08	5.372152e+01	7.864580e+02
1.480000e-06	7.731911e-09	1.328655e-08	5.407537e+01	7.886786e+02
1.490000e-06	7.779386e-09	1.332110e-08	5.440740e+01	7.907029e+02
1.500000e-06	7.824106e-09	1.335120e-08	5.472017e+01	7.925371e+02
1.510000e-06	7.866046e-09	1.337639e-08	5.501349e+01	7.941965e+02
1.520000e-06	7.905137e-09	1.340097e-08	5.528689e+01	7.957030e+02
1.530000e-06	7.941529e-09	1.342628e-08	5.554141e+01	7.970790e+02
1.540000e-06	7.975143e-09	1.344989e-08	5.577650e+01	7.983423e+02
1.550000e-06	8.005931e-09	1.346844e-08	5.599183e+01	7.995012e+02
1.560000e-06	8.033990e-09	1.348380e-08	5.618807e+01	8.005534e+02
1.570000e-06	8.059165e-09	1.349841e-08	5.636415e+01	8.014890e+02
1.580000e-06	8.081477e-09	1.351137e-08	5.652020e+01	8.022951e+02
1.590000e-06	8.101090e-09	1.352111e-08	5.665736e+01	8.029620e+02
1.600000e-06	8.117830e-09	1.352754e-08	5.677444e+01	8.034877e+02
1.610000e-06	8.131525e-09	1.353438e-08	5.687023e+01	8.038797e+02
1.620000e-06	8.142061e-09	1.354007e-08	5.694392e+01	8.041534e+02
1.630000e-06	8.149527e-09	1.354227e-08	5.699614e+01	8.043286e+02
1.640000e-06	8.154197e-09	1.354083e-08	5.702880e+01	8.044237e+02
1.650000e-06	8.156012e-09	1.354024e-08	5.704150e+01	8.044515e+02
1.660000e-06	8.154997e-09	1.354077e-08	5.703440e+01	8.044165e+02
1.670000e-06	8.151350e-09	1.354051e-08	5.700890e+01	8.043143e+02
1.680000e-06	8.144989e-09	1.353680e-08	5.696441e+01	8.041346e+02
1.690000e-06	8.135902e-09	1.353106e-08	5.690087e+01	8.038642e+02
1.700000e-06	8.124034e-09	1.352463e-08	5.681787e+01	8.034912e+02
1.710000e-06	8.109306e-09	1.351341e-08	5.671486e+01	8.030084e+02
1.720000e-06	8.092024e-09	1.349537e-08	5.659400e+01	8.024147e+02
1.730000e-06	8.072413e-09	1.348371e-08	5.645685e+01	8.017150e+02
1.740000e-06	8.050023e-09	1.350355e-08	5.630026e+01	8.009183e+02
1.750000e-06	8.024091e-09	1.351052e-08	5.611890e+01	8.000349e+02
1.760000e-06	7.994390e-09	1.347399e-08	5.591118e+01	7.990734e+02
1.770000e-06	7.961535e-09	1.342531e-08	5.568141e+01	7.980380e+02
1.780000e-06	7.926214e-09	1.339498e-08	5.543438e+01	7.969278e+02
1.790000e-06	7.888510e-09	1.336870e-08	5.517068e+01	7.957373e+02
1.800000e-06	7.848694e-09	1.336162e-08	5.489222e+01	7.944580e+02
1.810000e-06	7.806731e-09	1.334593e-08	5.459875e+01	7.930819e+02
1.820000e-06	7.762061e-09	1.330441e-08	5.428634e+01	7.916044e+02
1.830000e-06	7.714681e-09	1.331647e-08	5.395497e+01	7.900262e+02
1.840000e-06	7.664290e-09	1.328218e-08	5.360255e+01	7.883539e+02
1.850000e-06	7.610717e-09	1.323274e-08	5.322788e+01	7.865977e+02
1.860000e-06	7.554355e-09	1.319608e-08	5.283370e+01	7.847680e+02
1.870000e-06	7.495282e-09	1.314996e-08	5.242056e+01	7.828716e+02
1.880000e-06	7.433633e-09	1.314653e-08	5.198940e+01	7.809082e+02
1.890000e-06	7.369251e-09	1.309848e-08	5.153913e+01	7.788696e+02
1.900000e-06	7.302093e-09	1.307142e-08	5.106944e+01	7.767416e+02
1.910000e-06	7.232163e-09	1.304863e-08	5.058037e+01	7.745081e+02
1.920000e-06	7.159382e-09	1.299060e-08	5.007136e+01	7.721560e+02
1.930000e-06	7.083939e-09	1.294612e-08	4.954373e+01	7.696800e+02
1.940000e-06	7.005734e-09	1.288981e-08	4.899678e+01	7.670840e+02
1.950000e-06	6.924949e-09	1.285955e-08	4.843179e+01	7.643795e+02
1.960000e-06	6.841740e-09	1.281538e-08	4.784985e+01	7.615806e+02
1.970000e-06	6.756013e-09	1.277112e-08	4.725029e+01	7.586988e+02
1.980000e-06	6.667849e-09	1.272541e-08	4.663370e+01	7.557371e+02
1.990000e-06	6.577329e-09	1.265973e-08	4.600061e+01	7.526887e+02
2.000000e-06	6.484538e-09	1.261351e-08	4.535166e+01	7.495385e+02
2.010000e-06	6.389405e-09	1.255033e-08	4.468632e+01	7.462690e+02
2.020000e-06	6.292021e-09	1.249853e-08	4.400524e+01	7.428665e+02
2.030000e-06	6.192411e-09	1.243995e-08	4.330858e+01	7.393267e+02
2.040000e-06	6.090514e-09	1.238241e-08	4.259595e+01	7.356563e+02
2.050000e-06	5.986412e-09	1.231655e-08	4.186788e+01	7.318704e+02
2.060000e-06	5.880207e-09	1.224010e-08	4.112510e+01	7.279852e+02
2.070000e-06	5.771975e-09	1.217734e-08	4.036815e+01	7.240107e+02
2.080000e-06	5.661635e-09	1.210914e-08	3.959646e+01	7.199449e+02
2.090000e-06	5.549188e-09	1.204432e-08	3.881003e+01	7.157723e+02
2.100000e-06	5.434575e-09	1.196763e-08	3.800845e+01	7.114680e+02
2.110000e-06	5.317843e-09	1.189510e-08	3.719206e+01	7.070063e+02
2.120000e-06	5.199057e-09	1.181406e-08	3.636129e+01	7.023693e+02
2.130000e-06	5.078316e-09	1.172828e-08	3.551685e+01	6.975544e+02
2.140000e-06	4.955769e-09	1.164044e-08	3.465979e+01	6.925745e+02
2.150000e-06	4.831427e-09	1.156079e-08	3.379017e+01	6.874537e+02
2.160000e-06	4.705335e-09	1.148327e-08	3.290831e+01	6.822170e+02
2.170000e-06	4.577556e-09	1.139419e-08	3.201465e+01	6.768796e+02
2.180000e-06	4.448177e-09	1.129745e-08	3.110980e+01	6.714397e+02
2.190000e-06	4.317226e-09	1.120003e-08	3.019396e+01	6.658770e+02
2.200000e-06	4.184730e-09	1.110583e-08	2.926731e+01	6.601585e+02
2.210000e-06	4.050734e-09	1.100272e-08	2.833017e+01	6.542492e+02
2.220000e-06	3.915277e-09	1.089831e-08	2.738282e+01	6.481241e+02
2.230000e-06	3.778346e-09	1.079373e-08	2.642515e+01	6.417756e+02
2.240000e-06	3.640007e-09	1.069249e-08	2.545763e+01	6.352144e+02
2.250000e-06	3.500322e-09	1.057832e-08	2.448071e+01	6.284639e+02
2.260000e-06	3.359325e-09	1.045560e-08	2.349461e+01	6.215477e+02
2.270000e-06	3.217069e-09	1.033130e-08	2.249970e+01	6.144783e+02
2.280000e-06	3.073590e-09	1.021142e-08	2.149624e+01	6.072490e+02
2.290000e-06	2.928977e-09	1.008922e-08	2.048485e+01	5.998339e+02
2.300000e-06	2.783318e-09	9.960158e-09	1.946614e+01	5.921952e+02
2.310000e-06	2.636717e-09	9.829530e-09	1.844083e+01	5.842955e+02
2.320000e-06	2.489211e-09	9.694695e-09	1.740921e+01	5.761096e+02
2.330000e-06	2.340830e-09	9.552605e-09	1.637147e+01	5.676319e+02
2.340000e-06	2.191615e-09	9.398414e-09	1.532788e+01	5.588752e+02
2.350000e-06	2.041612e-09	9.243156e-09	1.427880e+01	5.498615e+02
2.360000e-06	1.890892e-09	9.089632e-09	1.322470e+01	5.406094e+02
2.370000e-06	1.739545e-09	8.932773e-09	1.216621e+01	5.311210e+02
2.380000e-06	1.587615e-09	8.767203e-09	1.110364e+01	5.213763e+02
2.390000e-06	1.435094e-09	8.596539e-09	1.003694e+01	5.113352e+02
2.400000e-06	1.282021e-09	8.422265e-09	8.966380e+00	5.009485e+02
2.410000e-06	1.128483e-09	8.241235e-09	7.892564e+00	4.901713e+02
2.420000e-06	9.745445e-10	8.049432e-09	6.815946e+00	4.789746e+02
2.430000e-06	8.202716e-10	7.851817e-09	5.736992e+00	4.673496e+02
2.440000e-06	6.657306e-10	7.652397e-09	4.656161e+00	4.553006e+02
2.450000e-06	5.109735e-10	7.446558e-09	3.573820e+00	4.428314e+02
2.460000e-06	3.560361e-10	7.227573e-09	2.490218e+00	4.299272e+02
2.470000e-06	2.009515e-10	6.998600e-09	1.405587e+00	4.165418e+02
2.480000e-06	4.578854e-11	6.764835e-09	3.204078e-01	4.025938e+02
2.490000e-06	-1.093747e-10	6.520848e-09	-7.647729e-01	3.879767e+02
2.500000e-06	-2.644734e-10	6.261738e-09	-1.849503e+00	3.725778e+02
2.510000e-06	-4.194381e-10	5.987111e-09	-2.933296e+00	3.563022e+02
2.520000e-06	-5.742206e-10	5.700790e-09	-4.015814e+00	3.390906e+02
2.530000e-06	-7.287875e-10	5.398649e-09	-5.096825e+00	3.209265e+02
2.540000e-06	-8.830880e-10	5.075494e-09	-6.175974e+00	3.018264e+02
2.550000e-06	-1.037054e-09	4.735627e-09	-7.252779e+00	2.818173e+02
2.560000e-06	-1.190635e-09	4.385441e-09	-8.326897e+00	2.609073e+02
2.570000e-06	-1.343766e-09	4.021401e-09	-9.397870e+00	2.390585e+02
2.580000e-06	-1.496372e-09	3.636754e-09	-1.046516e+01	2.161730e+02
2.590000e-06	-1.648398e-09	3.229361e-09	-1.152840e+01	1.920956e+02
2.600000e-06	-1.799806e-09	2.801530e-09	-1.258732e+01	1.666358e+02
2.610000e-06	-1.950572e-09	2.350537e-09	-1.364175e+01	1.396022e+02
2.620000e-06	-2.100656e-09	1.868897e-09	-1.469141e+01	1.108417e+02
2.630000e-06	-2.249994e-09	1.354228e-09	-1.573585e+01	8.027438e+01
2.640000e-06	-2.398530e-09	8.115967e-10	-1.677468e+01	4.791549e+01
2.650000e-06	-2.546214e-09	2.451716e-10	-1.780755e+01	1.388292e+01
2.660000e-06	-2.692993e-09	-3.465244e-10	-1.883410e+01	-2.161007e+01
2.670000e-06	-2.838839e-09	-9.620408e-10	-1.985412e+01	-5.827195e+01
2.680000e-06	-2.983661e-09	-1.592388e-09	-2.086698e+01	-9.575455e+01
2.690000e-06	-3.127348e-09	-2.228279e-09	-2.187189e+01	-1.336748e+02
2.700000e-06	-3.269842e-09	-2.865375e-09	-2.286847e+01	-1.716341e+02
2.710000e-06	-3.411084e-09	-3.498593e-09	-2.385629e+01	-2.092359e+02
2.720000e-06	-3.551033e-09	-4.119043e-09	-2.483506e+01	-2.461020e+02
2.730000e-06	-3.689653e-09	-4.718291e-09	-2.580454e+01	-2.818897e+02
2.740000e-06	-3.826901e-09	-5.295532e-09	-2.676443e+01	-3.163093e+02
2.750000e-06	-3.962714e-09	-5.849803e-09	-2.771428e+01	-3.491396e+02
2.760000e-06	-4.097076e-09	-6.375903e-09	-2.865398e+01	-3.802372e+02
2.770000e-06	-4.229991e-09	-6.870402e-09	-2.958356e+01	-4.095387e+02
2.780000e-06	-4.361392e-09	-7.333647e-09	-3.050256e+01	-4.370509e+02
2.790000e-06	-4.491262e-09	-7.768726e-09	-3.141084e+01	-4.628330e+02
2.800000e-06	-4.619575e-09	-8.176001e-09	-3.230825e+01	-4.869734e+02
2.810000e-06	-4.746254e-09	-8.555965e-09	-3.319421e+01	-5.095670e+02
2.820000e-06	-4.871256e-09	-8.911930e-09	-3.406845e+01	-5.306987e+02
2.830000e-06	-4.994524e-09	-9.248002e-09	-3.493057e+01	-5.504370e+02
2.840000e-06	-5.116012e-09	-9.563289e-09	-3.578023e+01	-5.688365e+02
2.850000e-06	-5.235616e-09	-9.853577e-09	-3.661672e+01	-5.859481e+02
2.860000e-06	-5.353190e-09	-1.012029e-08	-3.743901e+01	-6.018304e+02
2.870000e-06	-5.468600e-09	-1.036714e-08	-3.824617e+01	-6.165573e+02
2.880000e-06	-5.581756e-09	-1.059602e-08	-3.903755e+01	-6.302197e+02
2.890000e-06	-5.692727e-09	-1.080835e-08	-3.981366e+01	-6.429185e+02
2.900000e-06	-5.801659e-09	-1.100714e-08	-4.057552e+01	-6.547535e+02
2.910000e-06	-5.908652e-09	-1.119515e-08	-4.132380e+01	-6.658110e+02
2.920000e-06	-6.013632e-09	-1.137177e-08	-4.205802e+01	-6.761559e+02
2.930000e-06	-6.116412e-09	-1.153553e-08	-4.277684e+01	-6.858301e+02
2.940000e-06	-6.216920e-09	-1.168780e-08	-4.347977e+01	-6.948578e+02
2.950000e-06	-6.315250e-09	-1.183041e-08	-4.416748e+01	-7.032557e+02
2.960000e-06	-6.411428e-09	-1.196410e-08	-4.484013e+01	-7.110439e+02
2.970000e-06	-6.505324e-09	-1.208624e-08	-4.549682e+01	-7.182533e+02
2.980000e-06	-6.596893e-09	-1.219709e-08	-4.613724e+01	-7.249280e+02
2.990000e-06	-6.686201e-09	-1.230103e-08	-4.676184e+01	-7.311208e+02
3.000000e-06	-6.773169e-09	-1.240038e-08	-4.737009e+01	-7.368863e+02
3.010000e-06	-6.857663e-09	-1.249336e-08	-4.796102e+01	-7.422724e+02
3.020000e-06	-6.939748e-09	-1.257809e-08	-4.853512e+01	-7.473154e+02
3.030000e-06	-7.019392e-09	-1.265739e-08	-4.909213e+01	-7.520391e+02
3.040000e-06	-7.096324e-09	-1.273255e-08	-4.963018e+01	-7.564582e+02
3.050000e-06	-7.170528e-09	-1.280219e-08	-5.014915e+01	-7.605841e+02
3.060000e-06	-7.242124e-09	-1.286588e-08	-5.064988e+01	-7.644307e+02
3.070000e-06	-7.311082e-09	-1.292530e-08	-5.113216e+01	-7.680169e+02
3.080000e-06	-7.377460e-09	-1.298209e-08	-5.159640e+01	-7.713657e+02
3.090000e-06	-7.441300e-09	-1.303584e-08	-5.204289e+01	-7.745006e+02
3.100000e-06	-7.502470e-09	-1.308552e-08	-5.247070e+01	-7.774401e+02
3.110000e-06	-7.560943e-09	-1.313233e-08	-5.287965e+01	-7.801943e+02
3.120000e-06	-7.616703e-09	-1.317609e-08	-5.326963e+01	-7.827643e+02
3.130000e-06	-7.669560e-09	-1.321683e-08	-5.363930e+01	-7.851449e+02
3.140000e-06	-7.719323e-09	-1.325265e-08	-5.398733e+01	-7.873304e+02
3.150000e-06	-7.766035e-09	-1.328338e-08	-5.431403e+01	-7.893201e+02
3.160000e-06	-7.810107e-09	-1.331206e-08	-5.462227e+01	-7.911218e+02
3.170000e-06	-7.851717e-09	-1.334012e-08	-5.491328e+01	-7.927523e+02
3.180000e-06	-7.890595e-09	-1.336710e-08	-5.518519e+01	-7.942339e+02
3.190000e-06	-7.926668e-09	-1.339254e-08	-5.543748e+01	-7.955888e+02
3.200000e-06	-7.960021e-09	-1.341538e-08	-5.567075e+01	-7.968333e+02
3.210000e-06	-7.990491e-09	-1.343518e-08	-5.588385e+01	-7.979736e+02
3.220000e-06	-8.018040e-09	-1.345230e-08	-5.607653e+01	-7.990059e+02
3.230000e-06	-8.042808e-09	-1.346577e-08	-5.624975e+01	-7.999194e+02
3.240000e-06	-8.064691e-09	-1.347764e-08	-5.640280e+01	-8.007013e+02
3.250000e-06	-8.083720e-09	-1.348945e-08	-5.653589e+01	-8.013429e+02
3.260000e-06	-8.099950e-09	-1.350023e-08	-5.664940e+01	-8.018440e+02
3.270000e-06	-8.113069e-09	-1.350861e-08	-5.674115e+01	-8.022136e+02
3.280000e-06	-8.123104e-09	-1.351482e-08	-5.681134e+01	-8.024684e+02
3.290000e-06	-8.130234e-09	-1.351925e-08	-5.686121e+01	-8.026281e+02
3.300000e-06	-8.134462e-09	-1.352172e-08	-5.689078e+01	-8.027105e+02
3.310000e-06	-8.135916e-09	-1.352212e-08	-5.690095e+01	-8.027271e+02
